00000110001100110100110011011001100000001100011000011110011001100111100100110000011000111111001101110000011000011001100111100000100001101110011100011111001100110001110000000011100111000111011100111000111111000111100011100000100001110000110011000110000111100110010000011000111000110110001111010011100110111111000011100110001100110011111000100101100000
01111001111000001111100000011100001110011111100011100101110001100100110000111101000111111001110001001111100100110110110110011001100000111111100001110011110010001101100011111100110011000111110010010010010110000011011111100011000110010001110010011011000011110000001110110110000000001100111111000100011001110110111000111100110001001111111000000011011001
00000111111110000011101001101100111111111000100101100001000000001111000011101001111000111110001110100011100100011110100100000111001000111110001101110000011100100001111011100011000010000101110011011011001100001101111001100111001101011100001110000111110011100101101001110000001110011100001110110011100111110011100111111000000010001111110011110001110000
10011100001110010000110001100111110011110011001111110011100011100111000000110111110000110000100001100100110100111110011001110000111110001110011001111111001001100011110010001000011110010011001100111100111001110001111110001101000001100111001110001101101111000011110001100111100100011110001111000001111000010000011111110011100111110110001110100011000111
00010000001111100000011000011100010011110011100000010011111000111001000011000111111110011100111001001110000001000111110111110000001101110010001110111001010011111001110001100010010110000011100110011011111001110111111000010011000111110011000011000111011111100001101001011001011001101110000111000100111111000110001110000010011101100000100111110011011011
00001110001100111110010011111000011101110011100001101101111010010100110000001100000111011001100111100101111100100100011101100110011110110001110100111000011011011001110001100011101100111001100110111110110000000010001100111110001111001011000111110011100100110000111010001101100001111100110000011000111110000111100011101001100011001111110000110011001101
00001110000111110010011011000111110100100110001100011000110011011110001110010001111111000111100011101000001100000111011101001111011010011001100110001111100100000001110011011110001100110011100010001000001111111001110110010011100001111000111000110001000111110010001110100000100001100011111001111100111001101110000110000001111100100001110001100100111110
10011000011001110011110000010011011000010110010001000111001100111110000010011001111111000110000011001001100000000111110011111100001100111111001100100110011110011100111110001110110011100111110001000110011110010000111110000001111001101100001110001111101100001110000011110110011101100111110010000110110111111000110111001000011100110011100001001101001101
11001111011001110000011001101110011000111111000111011100111000001110011011100110011111100111000000111100001110011001100101001100100111011001111000100000011111000001011100010001011001100000110010011100110111110000000111000111000110011111001110000011111001001100100111001110011100001111001101100100011100011111100000011001110001110001001100110100001111
11101100110001111111001110001101000000000111100110110011100000110011000011110000001110011111011000001110011100111110110011110001110010001111101001100110000000011001110011001111000001100000111000011111100111010001001111000011000000100110110111100111000110110011001101011100001100011000000111001001011111001100111100100111000011110011111001111001111100
01011000000010111110001111100011000100110010001111001011011100001100100111101100100110100100000100111111000001100110000000110110011000111100111001111100110001110011100011001100000001100010010001001110001100111100111001100000110100011110110001000001110011101111011100011001100110011011000100111100111000110110010010001100110000011111100100111110001010
11100010111001100111100111001111100110000011011001001011100111001110011100100111110000011110000000011100011111011001100001011100000111000011110111010011111000110000110010011001100101100011101100110111000011000111000111000001111001000000000001110000011000011001111001111101110010010000110010011001101001100001111011001111001111100111111100001100000011
10111100111000110011111110011011110011100110001100001101100110010001111100111100110001100011000110011100111111100001111100111110001101111000111000111001110000111000101111000111111000101100111001111100000011100111001110110010110011000001111000000011100010011111101000100110001101110001110001110011000101100011110011011100111000111001110001111000000011
01111001111000010011101111000011111100100110000111000010001111000000111000000100110011000111000001110111110111000100110110011011000001111100001100001111101110011100111100100100111000011100100110111110000000111110001111100100111111111111100000100001111100010100110011110000001100110111000001110010010011110000111011110011010011111110011110100111110001
11111110011000011011011000011100011001000111001000011111001100111001111000001111100000110001100001111001111000111011001110001111001001100110011000001110000000111001001100011011001110011100000000001110010001100110000011111100011101100110110000110111001110111100001000110001111111101111101000011010010011100111100111100001100111111000110100001000011100
00000110111110010011001101000011100111000110011000110000001111000000111001100011011001100011101000111111100110011001111000110110100110111101100111000101100000011100000111000111100000111100100110111100001101111001000111100000110100011110010011000000111111110001110100111100010011000111111000111000011111110110011000010111000111000001100001100110100111
11100011110010000001100011101110000110011011000001111100000111001011100100110110100110010011111100010011110011100111011000001100110010001110000111100100110011001100000100110011011100111011000110011111110001100011010001110001111000010011110011100100111000001100001100110000110011111100011011110011000011000000011100011100100011110001111100011111110011
11010001111100110011110000110001001100001111100001111111000100100011111000000011001100011101111100111001100110100001110110010111100100001000011100001110010010110110011100111110000100011110010011001111111110011011001110110010000100011100110000100000111011101111100011001100011100110001111100011111110011100011000110001111000111100011001100011001100000
11000110000110010111001001111100100001111100000111100000111110001110011001111011110100110111110001000011100011001110010000111110011011000111111111001100011111001111100111000011110100010111001011000111100100110100100110110011111001100000110011001111000011001111000000111000011110000111110011011000011111011100110100011101100111000000111100100110011100
11101100011100010111100110011000011010001111001110001110111011000111100011100010001110110011111110011100011001000000111110001110111110000110011110010001110010011101100001111101110000111011100000111001111001101101100111111001111110000110000001111000001011100001100110010000110111000001100101001110011110010011111000011011001100001000101100100011111100
11001100001000011111110011100110001101101001100001100000110110001100111111111101100111100001101111000100110010011000111111000110011001110111000111000110110000111101000110011000111000011111001100101101100011111110001110010000111001000111100001110001100110010001110001000110110111000100011001100011001100111001110111000111000000110001100111100001111100
10000000011101100111110011101111100011000011100000011100110011111001111111100011111001110000110001000011100000111111111000111001101101110110000100100001110000111110001111110011111000111110000001111000111100000100000100110111011100000110001000001110111100000011000111111001000111000001001100001110011110000011001100101110011001100011100011000011011001
10100001110010001110011011100110100001001100110000110111000110110000011111001111001110110001101110000110001100001111101111000111110000111110011111000011001110001111110001000110001111011011100111001000111100111000000011100100001111011111101100110010000110101100001100001110001111000110010011001100111001000110001100011001100111111000100111100111001100
01110000011001001110110010011001001110111001100100111100001110100000111101111000011000111001110001110100000000111100101100110000110011011000111100110000111111101110000011111100000001100110000011100001110000001100110111110011001111100011001011101100111011001111100001111110010010011110010001111000000110111000110010001111001001100111011111110000011111
01111100100111110000110011011001001110000000100111011100110011000100111100011110000011001000111111001001100011001100111000011100110011000110000001110010001100011101110001111000011101101100110000111001100110011111110001111100110000111001111100000111000111100110011111011101100000111011011101000011101100110000011101100011100011111000100001000110111111
00011100001111011001001111001110001110001001111100100110000001100111001111011111001110001100000110010000111000111011001100100001111001110010011111000100011000000001011011100001111100111100110011110010011110001101100011110010000111001001110001110001100001110000110100000011001101011000011011001101110111111100011111011100001111011111000001110011100110
00001101111110001100100011110111100111000101111000110001100011100110000010100011110110110011011101111001101110000011110001000011111000011000110001110011001100110001110001100111100011111110000000111100111100001110111001101101111110110000110000011100011001100010011100011100011011110000011110000010000110101100111100110110011110000111001011110001110011
10011001100000001110011100001110110011001100011101100011001100000001111100000111100110001100011001111100011100001110110011000100011101100111011100100100111100001011100110110010011111000011001001100000011001111111111000110110011100000110001111100110110000110000110110011110110000111100000110010011101100111100011011000000111110001110011110011100001110
00110001101111110011110011011101111001110001101100011100000011011110001110011010100001110000001110001110111001101111100110001101111001101110110100111110001111001100000001101100110001110001100001100110011111001011001000110110110010110100000000111110001100000110111110000001111001110010011101000010011001100001110110111001100011001101101111000111110110
00000011111110000111000111001100100011001100111000111111000110000110011100000100110011000111101110001101110000011001000111100000111000000111001101100001100011001110001001101100001100000110001100111001110011010011101100010110001110011000111110011001111110010010011100111000110000111100011000011001001111111000110011100011001100101001100111110000110001
01110010011001110011110010001111100001111100001110100110111001011110001110000001000111000110011001000111010000111000110010110011001110100011000111111000111000111000110011110011000010010001111010011100000110100111110000110111001101100000000101000111101100011101001110001011001001000110110000011100001111100011011001000001111001110011100011100111100110
00110001110010000011100010111110011011000011010000110110001111100111001100110010000011100110111110001101100100111000001100011100000110010001111000110111011000001100110011000011111001001101100111000010111000001110111000110000011100000000110001111100110000110011111001101101100000111110011100110101111100111000001111100111111000011000110011001101001111
11110001101100001110000111110110011101110110010011001100011001111000101001111100111010000001110000011100010001111100111000001001111100011110100011001100110111001111000111000111000110001111110000111000100011001001111100011000011111100011011000111000001011100011111111001111100011101100000010000110001011110011100000001101111100110011001101110001111000
11100110001111001111001100111110001110001000111100011001111110011100011000111110110111011001100000010111001001110001101110001100110000100110001110011100000110011111000111110000011100011011110001101111000000110011111000011111011111110011100001100000110110011101001100001001001111100000001100000110100111111000111011001110011110011010001011100111111000
00111100011100010001100001110001111011100110011100000110000011100000110111000111111110011000011100110111000011000110111000000111100011110011110001101100110100010011000110110110000011100000100111001100111000111000110011001010001100110000110010111000100001100110011100000000111001100001101100111110110001111100101110111110010011100110011000011101110000
00011101101100000110011000111100010010111011110010011101100111000011001100000111000001110110000011001111100011001100000111000110111001101100000111110011011001101100000001101101100110000011110001111001111110001101100011001000011011000110111000011001100011110011111110011101000011111001001110000001111011000111001000000111000110011111001100011001100110
00111110011111000111011000111000000111100011100011011111011110000100011001111000001110000010011111101111000110000011001100000011110001111110001011110001111100001111100000110001001110111011101001101001100110000001100011100000111001100111111111000111100111100011000000001111001000000100111000100011000001101111100000011000110011100011001110110011111000
00110001001101100000000100011000001110000110011001101110000111000101110111011101001101110001101101100001110111000001110001111001100111001110000100111100100110011100010111000000110000010111110111100000001110000011100011110111001100110001100000011000111111011000111100001100110011000011011110000011001100101110111100011001111100010010011111100011001011
00101100110111000111110110011011100011100000111001111111011100110001011100100001110011100111110001101110110011101110011100000011110000011110001111100111100110000001111001100101100100001110001101100111001111001000100000011101100111100110001100111011000001111001111001100110000011111111010001100111101111110100100111001111111001111110110011001001111100
10011011000011001100110010110010001110010011100011011000011011000010011001111001000111000011111001100110111010000100000111111001100111110110110001100111100111011001110001000111110010010011000000000111100100101110110011000111010010100000111001000110001011001111001100001101111010011000110000011000110000111110001110010011001100111011000111100011110011
00111000010010111100111000011011000110100110000011111000011110001101111111001111100011001100011000010011001001011000111000100110001111001100100110000111000111111100010011000001111111000111000110110000111110110000111000100111110001111101100100000111100101001100011100011110001100111111111000110011001100111001011001001100110011111101000011100000111000
00011011110000111000111000011000110011110011111000011100000100111100111000111101001111011001111100011101110001100000110011000110100001001011001100011110001000001111001110001100000111011111110010000110001011000011101111100111011100000010011011001110011100001101111000011111110000010010001100011100000111111100110110011001100001101100011100000111110000
10001100011100000100001110011100011000100011110011000111001111100110111110000110000011110010010011000000011001110010011011001111000000100110011001101000110111111100011011100001110001001110000011100100011001001101110000101110011101011001101111000110000011001101111011000100111110110001100000011110001000111111100011001100000111001001101110001000101101
11100001101100100011101111111001100100110011101100011101011100011001100111110101110011111010001111001101101000111001011001100111100001100011010011011000111100011101101100101100110110011110011011100000011111100111100001111000100110001110001100001100001100101101100011111100001110001111100110011011101100111100011011001100011110011100001110011000111000
11011000011000001111001001100111000011000111100110011010011101110011000001110001110110011001111000111001100111001000001100111000100010111000001100111101111010001100110001111110001111000111100110010000111100011111000011100011000011110011101111000110000101100011001100011111100100111000111110001100010011010000000110010011110011100001011011001100110011
00111110001001100110110011011100011001100111000001111111001110100110000110001110000011001100000011000111000011000011111000001111001000011110000110000001110010111001101100010100011000111110111011000011111111001100011000011001111001110100110000111110011001110011011100011001000110000110111000011000001100110110110011100110000110111001110001100011011001
01111100110111000111110000111000111011000111100010011111011100110011111110011011100100011100111100110011001111110001100111000001100100011010010011000111101100111100100010011111100110001001100111110011000001111110000011011011111100011011000110011100110000111100100110011010111111001000001100110000011100110011000110110001111000000110000111100111000111
00011100000111000011110011111000011101101100011000100000110010001100011100001101000100110000001111000110000001110011001100011110011001100000010010011110011000011100001110001110011000111001100000011111100110111001100111111000111110000111100010011001100010111001100110011110010111100110111100111000111011001110001100100011111000011100001100111001111000
10011100001111000001100111110001101110010001001110110011111111000000111100000111001111110001111000111000110001111001100001101101100001001100001100110011100110011101100011101101101100111001100111111000111111100010000011001000111100001100111000000010111111000111100010011111000111011001110110000110000001101100111001111001101111000110001110000011001100
10011001100110011001110001110000001110110001111001100110011000000111111100111100011011100011101000100011101000111011111101111110100111100100000101100001101111100100101001100111001110111001100111000011011100011001001001110011110111000111110001000110000110011101100111001000011000001110001110000011100110110000011111000111111001100100111100000110000000
11110010011011000110010001100010011001100011100011110011111110011100001101001101100010011011000110000110110000100001101110011000111111001101101111001100111100111000001001001110010011001111111111100000111000011000001111100011001111000001100000001111100100111100011000110001101111001101110000011011001111010001101110000011001011011000100111100011000011
10001000011000111100100011110001001110010011001100100100011111110001101100001100011001100111110001001111110011000000011001001111000110110000011111111000110110001110111000010000111000011110001110011011011110011000100110111110011110010001111000001001101100110011000000011000011111011001100000011001110001111001001100111100011111111100100111100110011001
01110011111100110111000110100011100000011110001001000011000111000010001111100011101011111001000110001110000001110001111100001000111111011000100110011010010000001100011001111001110110010001001110010011110000000011001101110001110011110110000111100110011001101000101101110000000110010011001101000110110001110011001111100111111100111000110100100111110000
00111011100011100001111011001001001100111001101001101100011111111000111010011110000111100001111110001110111000100100011000100111111001100110011000011100111100010011000011000001111111000110000110010111110011011000010000011000101100000110011001100111110011111001000111000111001001100100011111000100111100000110011000001001111110011100001110111001111100
01111011000111000100011000011000110011100110001101101101000011101110011000111011110011100111001100110010011110111011000110000010011010011000011101111000111011011000000111001111001100000111111000100010011101001101100111011011001100000110001100100111110001100010001111100011110001111110001001100110001011111100110000110011111001100111100000011011110011
00100100100111111000001100111011100011100001111000110110001000110110110011111011010000000111100110001111011110110010000110011110011110010110010011110001111111000110110011111000111110000111001001101110011111100000100000001110000111111001101000001110011000111000011000111001100110100001111100110001001100110110011100110011111100010011100011001111001100
11011110001100000000011001001110001110000110011000110011100001101100011110001111100010011000000011100111100000011110011011100011111111100011100001110011100010110011111000110011111111100110001100111110000110000100110110000110011001110101101100001100000100110001110011111001100111110000111111000001101001100100000100111011100110111110000101111011000011
01110110011001111000111011001110001001000001111100111001110001100011011100110001111000000110011100001111100001111101110000110011011100100001110011111001101100011100111100001110011000110011100100010010000011100011100100010011001101100110100011000111100110011100110001111011110001011000001001000111011001100110011001111000111100001100111000101011100011
11100100110011100111010000000110000001100100100111100111101110011110100110111100000110011110011111110001110100000110110001110000001111011110110011111000110010000111101000001100001001000001110001101110011000011011111110010011100010110000011011000110011000111000000111100011111000110111000011001111100110010011111001111001100010000111100111100100110001
00111000100100111000111110000100110011111110011101000001100100001100011100000000110110001110011111111111110000111001100001101100110001111100111001111111001101000000011000001000001000110011101100111111100111111110011000110000100110011101000000001111001100111001111001111110011100000100110011001000111100100110011001100111011100111000010001100011111111
10011111100111100100111011000001011000111100001110110011000011101110001111100100011011111000110011000100110001100111100111100011001100110011100100111001111111100011110001111100001100000011010011011100111110000111000110000011100110111110011110001110011110110000111001100110011000011100100011111001100011000111001111001110001100110011100011111110011111
10011011011001111100100110001100011100011100001011111111110001100110011001001111111001001100011100000011110000100111001000111000001111100110011000111011001100001100110011001100111001100110000000111011001101101111111001100100000111101000111000001000110111110001110011100111111001100011001101100011110011000111000011110011111000100011110001100011001101
10010111000111011000001101001001001100101111111001111110111000010011011000110011001000110110011000011111000111110001100000111000001100110000011111000011100110110110011000001110000000101110011110000110110000110110111110001101100000011100001100010101111000100111011110001111010010000111100011100111001110110110011110001100110000110011100111001111100011
10010001100110011011001100101111101100001111000111000100111100100100110101111000111100110001000110011100000011001111100111001110000001111000111110001101001100111000111110000001111011111001111000100011100111110000001101100111110001100011010000011111101001110011001001101100111100001110000100110110011001110111000111000001001100000111011100111110001111
11000100000011100011001100011000110011101111011000011000110110001110110011111110011100010011001001110011110010000011010011111000100111111001111001101110111001111000001111001111100110000011000111111000111110010100011000110111001111110110011001111011000110110011000000111100011110011101110011100111100111100110111111000000011110000011101111011011100011
11001101001110000100110110110011011000111110001111000001100110010011000110011001101100001100010011100110001111111000110100011111111100111000111000010111000011001001110011100001110100011110000001000001001100011000110011100110000111111011010110011000111100001110011001110011110011001110000111111100001100000011111110011110011100000100111000100110111001
10001100001110001100001011101101100110000111000111110001111000110011011100111000011000001100011000111000000111000011101100000110001100001000101111100110100110111110111100011001100010111000111110010011100111011000100111001000001101100100011111000111100101110011001100011001101111001111110011101110010011001111001110011001100000110111000110010011110001
01110001101110000000111100110111001110001110110000110110000000000011110001001100110011000110011100111010011001100010010011100101000111110001110110011000110110111100010110011001100111100110011101110111011001000111100111010001111001111100001101111000110001100111100111000100110011111001100100001111100111100000011110001111110011001100110011100110000110
00110010000011011011001100100011111000010001111001100001100011001100101000110011100100110011100011100011110011011111101100001100000111110010010011001110011001000001111101100100111000100011001100001100110010001100110001100111111000010010011000111000011011000011111000110001001110001111010001000000000111001100111110011110111111100011110000010000010010
11000000101100001110111001001101111100111111110001001100111110011011011100111011000011011100010011111100011111100100001110011111000100111000111010001110001110110110000001100010000011111100100011000110011000111101100100001111100110011001000100110100111100000110011000111100011111001100110011100111000111100000011101110011100001100111110000111101101100
11101110011001111011000001110100011001101110110011100001101111000000010011111000000011111111000101001001100110110110011001110000001100001101101110110001000011111010000011001000000001111100110011100110011110011010001000011110011110011111100010010010110110011000111110100110000111100011111001001101100011110001100010011111000110111111100111110010011000
01111000110010111001111110011000110010010011100111001100110111000110110011110011001111110001101100011111110001111110001111110001011100111100111001100110000011001111110011100100001000011001110111001100111001111111000111010011000011000110011001000010011100010111111001101110000111010000111011001100111111111100110011100100110011100000001100111111100111
10111001110111110000100110111110000011000011000001110000111101101101110001101110011000111111110001100110100001001101101100100011001001100011001110001001111000011101101111100110110011001011001111001000110110000001111000111001100110011000110011111001100000011001110001111100000111001110111100011011011001111000011000000110000111011110011110001111110011
00111000011110011011110000110001101011001100010000111100011001100000101110001100100100111001111000111000000000111100010111000011110010111000111001100100100111111001010011100011111110000110011101111011000110011001100111011100110011100110011000111110011111001101100001000011110001101001111000011111000011100100001000110011010111110000110010011000100011
00110000110011000011100110011001110011000100011100100011000111011111110000000111001001101101111001000110111111001000011101101001100011111100100011111111111000000011110011001100011101100110001110011001111100010011110001111110011110001111100001100100011001111001101110011001111111001001110110010011110000000111001110011011111000011000110000110001100011
11111001110011000011001100011000001101100110111001111100011110111001101111001110000000011111000100100111110010000101101111011001100101110110011111100000100101111111100110110110000011100111000011001100011111011001100001110001101110100110111100000001001001100000111110011000001001111000011111001100110011001100100011101110011001100001101001100111011111
00110000111000110011111000111011000011100010100001111111000111100111000101110011101100010001101110010011110001101100000111111000011010011001001110111110111000111001001100111000011111000001101000111110011001001111001110010000011111110001101110001100011000111100111000111011000000110011101110000011000100111111000000111011000000100111001101100110010111
00010000011110011000111000011101100111100111000100111001101101111101110000101110000110111001110011100110111001100010001110111001110111001111101010001111001100000111000101110001100001101100111001110001111111100000111000111110011111100010011110001000111001100111111100001100110000011000111011100110110111001100010111001111000011100011000111000011011101
11100011111111001011101100011100110011001111110011001111000011100100110000111111111001110011000110110011011000110000011110011001000001100100110001100010001100010011100000111001111111000011110001111110110011000111100110110110000111110000111000110000001111000100111001100001110001111111001000110110001110000011000111001000110110011111110011001100001101
10000011101100110011100000111101100100110110010001110000010010110011000110010010000110001111001101000100111000110110000111101100001110010000001100111001100111111000111001110000011110001111110111111100100110000001001111100111000110110000011100110011111111100000100110111000111000011110001100001100110011111000000011001111000110011110010111100101111100
10110111000011000110101100110011010001011000101011001011101110000011001100111000011100010110011111001100010011011100111001100110110001111110001011111001101100010001110011100101001011100100110110011110100000110100011100011100111100111110011110001110001101100010011001100111101110110001001111100111001001100011000111100010011100011100110000110110001110
10011111001000011101001110001110010100110001111001001111000010001100110001111000111001000111000110010011001101101110001100011110011001110001111000110010000110001111111110000110011110010011111100010011100111110011001100110000110000111100001100010001100011001100110011100000111100000011110001100011111101110011101111000001001110011000110011111000111000
01100110001110011000000111001001011010010111100111000011100000011000111011111100110001110001101000110001110011110110000011110001001100110001110110000011110111011001100011110110011100001110011001111000011110000110011011100110011110111110001100110010011000110001011101100001001101101110000011101110001101100101100011110011111000110010011100100110001111
01110011000110001111001110111000001110011000111000100100100110011111110010001110001111100000001110011111000111100000111111100111110000011001100001101101100001100110011001110001111100011111011100100010011011000010011110011100011111001001110001110000111010011001100111000111001110010011011100011111111100110011100110010011001111001110110011001101100001
10010010010010010011111001011111001101100111011000011110010011001101100110001111001100000011011000111110110011100111000100001101110011110011110010001111101110111011000100110011100100110001110011000100100011000011000000110011100110010000110110011000111100111100100111100010011101110001111101110001100101111001111110001001110011011100011101110011000111
11001100110110011001100001110001100111100011111110011111000000110010011100100010110011100111110110000111110001011101000000111001111110011000110111001100111100100110011011100011100010001110010011100000100110111000100011001110010011000110111110011001001100111100111100001110011100111110001100111110100110011000110111000111101100001100001111111100111001
00110001111110011100110001100110011100001111110001111111011100111001100010001100110100111101111001100111111101110011000011000000000110011100110000111011001110000101111000101100110111110011000111110001110011011001101100011110011110110001110110000110011010011110110011001101100011011100101110000111000001000110110011110011100110011011100111100110011100
11111000110100001100100011001100011000100110011000110110110011111000001111110011100000110010001110000110101110101110011110010011111100110011001001100010011110000011110011110011001110111000011000111111110011000001110010011100100000000111011000000110010001110100111110001110110000110010001100001111110010011000011100011110000001101000100101100110001001
11000110100111111000110000000110110001101100110100111100000110011001110111000001110011110001001111101101100110110010100011000100111110100000111001111101100100000011001100000110011000100101100000110010001001111011111110010110011000111100110000000110001111110000010001110111110100011111000100100001110001111100001001100111100110001110011100110110001110
01101100100011001100011001110001110011111101111110011100110110001100001110011000111000000111011100110001111000011011001100110110011100011001100110011100110100111101100001110110000111100011100111011001100100001101101100110110000111001110111000011110011011000111111001100000011100011110110001100111001101111100000001110010011110111001100111110010011101
00000011001110000010101100100100000000001111000110011100101100011000111101100111111010011000100000100100110011000110101100110000011110001100001111110001001110001100111100011101111100010111001001001111001011000011001000111110011010001000011101101100100011001100001100111001100011011100001110010011001100111110011011001100000111001111000001011100011100
11001100011000011110011001100100010011000110011100100111001000011011001111000011111000001110000111000010011001110011110011001101100111111111000110010000011111010001100110011111110011110001100010111110011001110001100100101100110011001000110111000001111011000111111001110011000111000110001001111100001110011100000111111000011100111100011100100110011000
00000110110011100110011011000011100111001100110001101100110111100011000110111000111100000111000110110000110110000000110000100011110011001101100011110001100111011001110110001110011001100001100100110010010011000011011001101110000011011011001110001111100111001101100010011100110001111100000111001100011100011111000011011000000000110011111100011000001111
11000111000011111000000111101110111000100110000011000110001110011101100010011001111001100111000100011000111000011000111101100110001101001100100111111000011111000110011110001001011110110000111001001110000011000111111100000111001100110011111001000011001001110000111011001100001011001111101110011000111100111011100100001110001110000111110000111000110000
01101111101100110000100111100010001101110011111000110110000011011100000111101111100111000101111110011110011010011011001001110011001111001011001000110111000110110011000111001100000011111011001101110011000111000011000111111100110001110000111001000000111001001100001100100011100110011001001110001001100001111100000111001100011001110010011111001100111011
11000100000011101100111000000111011100110011111110011000011100110010000111111001101100001111000000110110000110000111011011110001110001110001100111001100000011000101111100110011000111111000110000111001000111100111000110001001111000101100110000010011001001100100011100011011110000111001110001111100011110010010011101001110000000100110000001110001101101
00111110000110010011001100011000111001111100011110000110110110110011001111110001110011011001000111100000111000001100001100001100100101100110011001111000110001100011110000110000100100111100011111100011111011000011101110011011100011110110000111000001100001111001001101001100111000011111000100110011110001100110011100111011111100011001001110011100110001
10011000111111001100110011111000110000011101001111001100000010011111100111110011100110000111011001110001100011101110001100110110011101000100110110011111100011100111001001111110010011001001100100010001111001110100011111011011001110000110001110011001001011100100011001100110111100001100110011010001111110011000110000001110001000111110010001111111101100
10011000011100111111110010011011110001111001110110011110000001110001111111100011100010001100011111010011001110000001110101110001100111100111101000100010011100011100110001111001100111100001101100111110110000011100100011000100111001001110110001111110011000011011001111000110011001100011001100100110101110000001100010011011111001011100001110000110011001
01111100010110011000001110010000110001111100001111100000011011101100011100011101110011001110001111010111001110011001111001100011001111110001111100001110001111110010011001100011000000010110011100100111100011011000001111100011100011001100101110000011001111000110011011100011100110110010000110011111100110000111110001100110011001110010000100111100011110
00011011000000111111001111000111110011100011100110011101101100011111001100110000011100110100110011100011001110110000111100111110001101100110110010111000111001110100011011001110010001100011100111010111011000011001011111001100110010011100010010111001110011101110100000110001110110000010000110011001101100011001110000111000110011110110011100101110001111
00000101111100001001110110001100110001111000001011001101101101100011000011011101011001001101110001100011011110001111011001100110001111100110010011100010011100100111000110110011111000110000110011011110110011100000111101100111100011011010010011001101001101101110000111000011001110001001100011111110011001111001100011000100100010000011000001011000111110
11100100011111000010011000111100100110011101100111101100011000111111100010011100001101111000011100100011001110011100110000110000011101110001100010000001100110111101110001100100100001111101111100001100110011111001111000000011100001110011000111000100111100001100011011100011011100010001100101100011100101110000111100011110001100000011101100011111001101
01111001101101111000110111011000111110011100010001111000011111100011111001100011100111000111001101100111110010011000001100001100000110110011110001001111111011100100000111001000100010110001000001110000110110011000011101110001111001001111001100000111110011001101111001111110000011001101110000100111011011100001111100111101111011001000011001110010001000
01101011011100000010001110111111000100001100110011011100100011010001100011111000001111101101100011011000111111000110011100001001101101101100000111000111110001100110001111110011100001101100111100000001111100011111110000110001111000110001001110010000001111001110110000111100111111101100110001101111100110000010011001111111000011110001110011001111100011
11000111110011101111011011100001101100110011100011101000110100100100011101110000100011110011110001110110001100110000111000011001100111100110001100101100111001100011001100111100110011000100110011100011110011100011000101110001111000011100111001100111100001101110111001111001111001100001100001111100011100000101111011001000111001111001110011110011011000
11001110010011111011100001100011100100011110111000000011000011110011000111110000100100110111011001110011001100001101000111100100011001100111100100001110001101101100001001111001000011001101100111110001110001101110011110010000001110110000010001000110011100011111001100011011011000011100001001001111100100110111000000110011001110000111000000100110000111
00000110000001110000000100111011111110011000110000000111001000011111110010011000111100011110001110100011001001011100010110100110111110001011100010001100110111110011001111111110001001011000011110000011100011001100011011100001110011100010000100111001100111001110110011000110001100000011001001101111001101011111100010001111001000011001100011011001000000
10011011110000111100110111110011001100111000001110001011011100111111111100001000001100110111100110111011101000100111001001110011100110000000111100110011100011111010011100001111100010111110011100001101100110100110111000011000011011110011001110001000111111011011000010110111001100001110011001100011111000010011011100011001100000011001011100111100000111
10011110011011000011100111100100100111000000011000110000111001101100110011100110011000011111001001100110011001101111101100111110001100110110110000111011001001110001111100010010011001101100000011000011111100100001001110001100011011001110110011001111111111110010000011000000111000111100000011100111100111011100010001011100100101001110011110001110001011
11001001100100011111001101000111110000111110011111100100001000111001001101100000111100110011001110001100001110000110111000000111100111100000111100001100000011100001111001001101110110111000011110001111011001100111100100111100011000110001111001100110011100011100100001111100010001100111011001100111001100111111111000110010011100111100011000111001100011
11000101110000011011000000011001110001000111001101110000011010011110000111111000111111100001100011011011100000000111001100001100001111001111101110001111001100000111011001100110010001111101100000010011011001111100011001100111100111001011111000100100111000001111110001111000011110001110110001111110101110110010111000011011001111001100110110000111010011
00011111100001100011100011011011111011000100111001101100011000001001111011100011100011001011100110010001111111100001110001011110111111000110001100000110111111000100110011100001100110001111111101100011110011001000011111000011110000111000110001110110011100001100000001111100100011000111110000110110011111100101100110110000111100110010001101101100110001
10000001001100100111000110000110011011001011100110110011001110110011011101100100010110000011100110011000001111001000110001111111001001101110110000110001110110111000111011000011110011111011000000111001100011101101110111110001111101000111100011000000111110011001110011100100111001101100011011000110111000001101110100000110011111011100111100000110000011
00110110011011001001111101100101111000010110000011010001101100100011000110011101111101001011000000110001100000111101111100010111110110101100100110000010001111001110001100011100001110011001001011001010011100110001110001000001001110001111111000011110001110000011110000011110110011110000110111110000111001110000000011110001100110000110111111000110111001
10001100111000000111000000111110110111110001000100111110011001111101110111010011100110010011000100001111000011111011001111100111111010001100011101110010011000111111000011110011110001101000000100110011111111101101100001100110011110000011011011111001111001110011000000111110001110110000111100001110011001111000010011000110011011100111110111110111000011
01100000111110001100011100001100111110011000111100010110110011011000011001100110011111100110011110000011100110100000011100001111000011011110110011001001100111110001011001110011110110111110011001001000110011100001100011111000111101100111110010011001101100100111001101001101110001100111011000011001111000111100010001100111000011110000101111000100011000
01110001111010000111100100011000110110100110010000110010010011110111100011111111000100110001110000000011000001111110100110000111110000011100110000011001111011001110100011100000110001100111000011001111110000101111100001101110001001111000010000110001110011001101100011011110011000111011100000001001111111101100100000100111100000110111100111100101101110
11000111110001111100011100011010010011000111111110001110001100010110110110010011100011001110011110010011110010011000110011000100111110011000111000110110001100101110110011000011101000111101111100110100100111001101110011110011101100001100111000111100011001100111100000001111001111000010001011001001110000110111000110100011100011001110000001110110000110
00011001110000011111000001111100001110001001100001110000000111100100111111001100011001111000110001001000100000011100111000011100000001111001110001100011011110001011110111011100000110001110110001111000001100011101100111000111000110000110100000111100000110001100011011111011000011000100011110001100001111110001101100111010000011110000000111000111111001
00111000011101110101100110011110011001001110010000000100000111001101111111001100110000100000001001100001111100001111011011110010001001111100010011110001111110001100110011100111001001110010010001110111111100011100111000111011000011100000111000100111100111101001000110001110000110011110011101100001101111110011101100110001111011101111000100111000110011
11011110011110011000110111001101100100100011011000110000111000001111110011110011000011011110011111000000110011011100001100111001111000111100001101100111111110000011000110011001111000001100010001111111101100010111111000111111000110110001111001100111000000111100010011001111100000110000111110000110110011001100000111000111011101100000111100110001100110
00001100110110010010011110110011010011000001100011011100110010011100011110000110110010011111001111000110001100111000110010011001111000001100111001100111100000110011001101111000000111000110010010110011001111000001110000111111001001110000000111001110000001100011001111110001110110001110011111000011111000011111100011100000111110000111000011111011100110
11001100011001100011110111011001001100110011011001001111100011111100100110110001110011001111000001111111101100001110011101111111100001111100100110010100011110110110011001001000011111000111100110000110111100000010010011100011000111100111001110001101110000000010010111100011111110000110010001001110011100100110111001011001101110001111100110100011110001
01100001101111110000011000110111001111001000011101001001100110011110011100100001111001111111000011011111110110011111010011001100011000101110111100110000111100110011000011110011010001001001110000001111111000100110111111100001001111000100111000011100011001111110011000010111111011100010110001000111111100011100100111111000111001100100111001100110001111
10001100110000111001111100000110100011100000111011001101110001101001100100010001110010011101110011111111100111000110010010011000110111001110001100110001000110011100111000111100111110000011111001101111100110011001100000011101111001111100001110001110111001101100100110001111001111001101001100110110001011101100111100011011110001110110001110001100001100
10100111110011001100011000110111100011011001110000100110001100011100011011100111111001101100010001100001111100010011001101001100111001101100000111100110000100100000111000001101100011011000111000010010001001100011011111001000110111111100100100110000111001100111100011101100100011100111000110110011100010111001111001100110111111100001100011011000111101
00011101110011000111111100001110001110010011111011001100110001100110001000110001011101100101111100111000011100100011100100100011001101100110111001100011100010100111110001001101110011110111110010011011100100110011100000110110111000111110001110110010111000110000100011011100011000011111100011000001111000001111110010111100110011110011111100001101110000
00010110111000110110011110010011001110010011111011110001111101111100001100001011111001101100111000110011011100010111001100111000100011110001101111100011111111111000001000110111100001110001100010011110100001110000001100000111000111001100100110101111000011101100001101100110110111001111110011110000001100001100000100110000111110010000100110011011000111
11011101100010001100000110011110011011000011111011111000111111001110011011000110011110010000110111001001110011000111000100111101110001100110111100001111110011101100011001001101100000100111110111000100011011001011100100110011100110011001111001000100100011100111001110001110001011001100111101000111100110000011100001100011111001100001100011100000001111
00100001110110001101100111000001111000100110000011110001110001111100110111100001110111001101100110001100011011111110011000110000000011100011110011101111000111001000011001110100110011001110001110011111000001110001100001100111011001111100001111000000001100110001100001111111101101100011100010111000000110111111001100110010000111111001110001101100100111
11010010011110111000011110000011110011011000001111100001111110001111000010011110000111001101000111011001100111001110011111100110001100100111001100111100011000011000110011000111000011100001110011011001100001111111001101100111100000111111011100010001110011100110001101111000011100101111001100000100011101001100011001111110011111100011101110000011001001
11000110010000111100110110110111000110001111000001101100011101110110011101100100011100110011111001110100011111010001110011001110000011000110111110011001110011000001110001111110000011001110000111111101110011011010011101110001111000000111110111000000111000000011110111001110011100110001000101110011011111100011110011111000100100010011001001101110001100
11110011100001101101100001100000011101110011001001111101100010001110110000011000111001011110011111001110001000110001011111000011111111110001111011001110000011110110011000011101100110000100111110000001111000011111001101100110001100111100011001011000001110001100110011110011000110011000100000011100011101100111001111101100011110110111100011000011100111
11000110000011001100111100011001110110000110010110000010110011001110000001011000110011100001100100011110011000011100111111100111000010110001111001100111111001100010111000011110110000111000110000110011110011100000110110110001111001100111110001110000011110011111000111000001001111110011100000010001100110011000110001101110010011100011101100100111111110
01100011110001111000011001110000011000110010001111111000111001100001110011001000011100010001100000011111000111011100001110000110001111000001100011100011110101100011001100011111110011001000111001100001001100110110001100011000001101110001111100011011110011011000111001101100000011011100011000111100000111011000011001011110001100010111111000011110000111
00110011110011100111110001111100110001100111101100110100000110000100111100110001111111011000111001000100100010110000011111110000011011101000110110001111100011111010011111000111111100000111001100010011100011001100100101110100110010000001101100010011001100000110010011111100111111000110100110000111011010001111101011001001101101100001110011100111000111
00111111111000001100000000100011000100100011110100011100110011000011011001110110010011111000111001111001110101100100110011111001001101010001100011110110011001111001110110001111111000111100110001000111111001001110001111110011001100000001100111000110011000000111000011101110101100110011110001100111000111001011001111000100111111101000001100010001111110
00011001101101001100000111110001110001110001011110111000011111001101110000010001100111001101100011100010110001111100011101110110111000000110010011000000110010011000001101101111100110011001111100011100011111001001101110011110001101000110011110111000001000011001001100011011001001101110000000000001101110110000110010011100010001111001000001111111000110
10011011110011011100110010001110001111001111011110000110011000000000100110011001100111110111000111111001110000011000110110011000011110000000110111111111011111001100110001110001001111111100111100000111111011111000010001111001100001101000011110000011100011110111000111011111111000011101100110011001100000100111000111101110111001100111000110110000111000
10011100001100011111100011000011000011100001111111100110011011001010011100010011001100110010011001111110001110100111011000110010001101100110011100110011011101110011101100011011000111011111100010001100001100111000110010001100110111000001011000011011100000011110010011001100111111110111000000110010011011011110000001111100111100111100000111111001110011
00110100110111011100000111100011110000011110011011111001111001100001100001100110001111000111000100110100011110001101100000110111111000111001111000010011101100110001111100000000111111000111011100110111100000111101001111001011100110011100010011100111110000111001001001100011111000000111001101111000000110110001100011001110011011001111001111111001001101
11000111100110111100111110000011001001110011011111100111001111000011011001111000001111110011100001101100111110011110001110011000111000111100111100111110011110000111000111100111001100001100011100011011100011111100011001111111000110010001000110011111001111000111001100111000110000111111100010010000111011001110011001100001101101111011000111101100111011
00011001000001101100110011100011110011011100000000111001000110011000011100110000011110000111000000001110111011000111001000111100010010111001100000111011100001100100110110001110111011000001111011000011111000010100001111110111000010111100111011000011000110011001011111100111110000110001100011001111011000111001100111110000000111100010011000001111111001
10010111000110011000111001110001101000011111111111100001110000110011100110111010010011100011101000110000111111010011001001101111100011100111000001100000110011110000011000001111000111011100011000100011000110011110011100011100110001110110011000010011111110001111100001100101111101000111101100111001110011001110000110111000110111100110001110011000001110
10000110001000011001111110100001100110011000010011110000111100000111000111001101100111000111000010111100111111000000001111100111011011001111000100110000111111100111110000011110001100110011111000001111000011110001111111011001111100001110000001100000111100111011100011110011001100000110001101111001111011001110001110111000000110011110000111001110011001
11000110011001000110110111110001100011001100001100011011011000000111100011100100111011000110011001111110100110000101100001100100110011100111111011110000011001111001100110000011001100111101100111100010011000111000110011100110001101100000011100101110111011100011100011001111111000001101100001110000011111100001100000111100100111100110011100011011101111
11000111111000011000000111000110011011100111100011111010011001101110011000110001101111011000111100101111000110000000111000111100011111110000000010000011111100110111011111001101110001111011001100010001111000011100111110001111100100000110000100000111111110000111110001001111001100010111000000000100111111110001111101111100000110111000110001100110000011
11001111100110001100011101110000011101000110001111110000011100000111111000011100111101100011100111001001000011000001100111001001100011111000111111000111111000111111001111000000110000011001110110000111111010001100000011001101001110011001000111110000110011100110000110000011100011111000000111001100100110000110111001111000001111000011110010111000011101
11111100111100001111001100000011101110000100100001111100011110011111111111001100000111000100100001110001001111110011011110111111000100011100111000000110110011111100011111001110000100111000001110011001101100001111000111011100011001110001001101111100000110001101111100011010000011110011001001001100110001111100011100000111100011011011011110000010011100
01001110001100011110001101100100000111000111010000111100010011110010011000111110011000110000011001000000000111011001111000001111001100110001101100111000101110001110001110000011111001111110000110010001101100101100110000110110011110000110000000111111001100110011110110011100001110111001100100011000111110010011000110001101110011011011011000111100001000
11001101111110011100110000111101111110001100011011111100100111000011100100110001101100011100111100011000111111001110011110001100110011100110001110000011100110111011000011100011111000110110011101110011111110011110000001111111000100011011100001111111110011111001011100011100110000110010000110011100000001111111110000110001110010111001111100001111111000
01111000110100110011001100111100001100011111100110001100000111100110001100011110011101100011001110011000110011100011001100111001111100011001110011000110001110000111100110001100111001110011000111001110001101100110010011111001111001011100110110001001100111001001110001111110011100100111001101000110000011110011000111011100100011100110011100011011111001
00011011000111011001100001110111001110010011111001110011000110010000110110011000001001110011110011000010111011100011111000001100011111000111000111001100011000111100111011100010011000111101110001000110011100011001100111101110001011001111100110000111100110011001111110010110111000110011000100111010001011011011001000011111000110110011011111100001100000
10111111101101000011111000011000011110010011100110011110011000011001110011001001100001000111111110000111000110011110001001001100011000001110001101100101111100111110011001110011001100001111100010110001011110001100110011111100110011100011101100110010011001111001100110011000111000110111001110000111111001000011111111000001101110111100001100100000011111
10001101110001110001111011000011111110011111000111001110011011110001001111100111110111000111011110001100111001110000111111001111001100111100110011000100001101110001110100110001110001101111111100010001110001011100011100111011100111000011011000110011000001111110001110001111111110001001101110000011001110011011011100110010011110001100110001110000110011
00111110010110110011111110001101110011100111111000111011001111111001110010011000110001100111110111010011100111001100111111110011011100011111000011111100100111110011001001110001110011100110110011001100011111101001101100111110000111001000111101000111010000111100011101100111001001000100110111001001100011111100011111001101001111111110000110011111000001
00100111100111100001111001001101111011001000011001110011000110100111000111110001110011001111001110000010011101100011111100111000110111000000111001100011011001001111000110011100111000110001110011001111100010110000111000001110111110011111001101100110000101111000111001110011100110111100011000000110001110000111100110111100110010111100110001100110011001
11000111110100011000110001100110001100110011110110011110000000110010011000110100001111100110010011000110011111100011011110001101101110011001011100000111111110000011001111100111100010100100111111110110111000011100111100000110010011001111000111100001100011111110011011111000110011100110011100001110001000011010111001100111010001110001111110011100011000
00001111101111111000111000001111111111100001001110011011001110110001111110000111001101100110000111000011100110001100000110001110011100011100000011100011100010011000111000110001110000001100011001111100011111001100110101111100110110000001111000011001101110011000011111011100000111100111100111000110011000110011110001100011011000011100010011001110001000
01100111100011011110000110010001000111110001111100111100011110001100011111110001100011100111100011011110001110001100011111100011111111100011000111100011000110000110111001110000011000111000001100001100111100001111011001100010011111100000111110001101110001111001100011110001111111100110111001001101111000110111000111111100110000101111000111000001110011
11100100110011110011111100011101001100000011100011001111001111110011001001111001110000011000011110010011110011011011111001000110000110011111001110010001001100110011001001110010110000110110100111111100111011100010010001100110001111000101001100100100111111000011110011100000111111110000110011000110011110001100110011000111110000110011001110001101100000
00111100001111000001111001100111110001100001100111011000110011111001100110011001110000111110000011100110110111001111001001110001111001100111100011100110111111001110010000011100110011111111100011001100110011001110011011011001110001110000110010010001101111000110001110011001100010011111100000000111111001001101100110001100011111001110000011100000011111
00111110110011001100011110010111111000111000111100110001111001101110110000110111111110000001110011110011001110000001111100011000100011000111110000001100111001110011000011011001100001111000110001100100001100111000110011001101101110111000011001100001100011000110011100110000110110110011100011100001110001110110001110000001101111100000011001101100110011
11100010011001110011100110011001110000110111100111000110111110011101000100001100001110001001100010111001110001100001100000011011100111111001111111100111000011000111111100011000001110110000011001101011011100111010011100100111000011011100111000000110011011100011011111011100011100100110111110000110111110011111111010001110110011001110011110011100001110
10001111110001100011111011000111001101111100001100001011100110001101100111000110101110001111100110011100111001111111000111001000110111100011110001111110011111100010011011100111111111001110001101000111110000011000011111001110011100110011001111001000111000011111000011101111110001111100010010011100101111100110010011100111100010000111110011001110001100
00111100011011001001110011000100111001111100011100110001111101100010110001100111100001111100001110111100001111100101100001101000010011000110110010100111000110000011111100011000100100011110111100011001001001100111110001100000001101110011001100011110000111011110011100110001110111001111001100001001011001100111001111000110110010011000110011111110011111
00111001100111111100110000100111110000100011000111001100111110001110110011011110000000011110000111001110110000111100011001101100011110110011110001111100111010000111100000010011000001000110001100001001111011000011100001000011100011001100111000111111100110110011100110110011110001111111000000111001111111010001001110100000000110111011000110000011001111
10011001111101000101111001001000111110001110001110011100111000011111001110011100110001101110110011111001110001101110001100110011001111101100110010001111100011000001110001111001111101110011010011100100000111111101011001100111100011000110001111110011111001100111111100111000111100001110000111001111100111001100110011001100001001100111110001000110111111
11000111110001001111111110010011101001111100111000110101110001111110100111110110011000011110010011000011111111100011000111001111001100011111110000001110001110010001110100000111000011001111000100110001101111000000111110111000001100011100011001100111110001101001101110011001100111001110011111001100001111000111001100011010111001110010011011100010011001
00011011001111001011101110011110000001110110001110100110000110011101110001100111000110001111110001100111001100011000111000100011001100001101001101111100010011100111111110001001110001100110011000011000110000011110001110011011000110101111100111000110000011111011111001110001101011000000011001100000110001111100000110011000111010001111011000000011101110
00110011100011111100100110000110110011010001001111001111110001111111010001100110111000011001111000110001110011011000111000111100100011101100110000111001100100001100100010011100001101001101100111001111100100011000110111001110011011111000111111100000011000010011100011000011111111001101100110011011000001110001111100100011011001100011110001111110001100
11100011000000111000111110000111011000111001100000011001101100110111000011011001101110001001100101000111100011111101100001100110011101100100011000111011001111001001110000010011100011110100001100111111110001101101100001011100011011001000011001111000111011100011001000110011110011001110001101001100111110000110011001100111000111100111100011000011101110
00100000011011100110001101111100000001100110011111100110011100110010011001101100110011000001111100111111000001100001100000110011101010011110000011001111101001100011001110000010000111001100011111110001111100111001110001100000000001100001100001110011100110010110011000110011110110001100011000111100110111001001101110010011110000011000111100110111000011
10110010011001100001100001111101100001110001111100000111110011100000110110001001101100110110110001100111100011001100110001001101110000111011100001100110010111111111001101001110001110011000000110011111100110011000111000100111001111100101100001110111000011100110001010001100010011100000111000001111111000111000111110001110001100011000001111001111111100
01111100011111101100011001001111000110001110100011111100000011100110000100010001110000111100011110000111101001110010000011110110100011111110011011011000000111100110011111101110000011100011110011110001001011000111110001100001100011100011111100110001100110111000011001110000110110111011000001110001000100011101100111110011000010111110000010000110000110
11000000001100110011110001001110001100111111110000100111000110011100110000001111000001111111001100110000111001111001100111100001111000001111001101100001100110001111000010011100110000001110110001111100110011000001111110001100100110110110010011111100000001111100011100000111100110001001111101100110011100011110000110011111100001110001100010010011110100
01111110010000111101110000110101011011000011111100110111000111110001100011101100110110011100000110011001111000000001000110100111100110011000000111110100110001110001101111100001111000011001111100010011000110001111111000111100010011110000111011000110101111001111100111100001011111001111111111100001111001111110001110000001110100010011001100111001111000
01100001110001111100001111111000010011111101111101110001100011011001111001100110010011111001011110000101111000001101110011011001111000111001001101101111110000111100100001100001110000111011001000100110110011110000111100111111100000011001110000110111000011011100001111011000111100110010001001111000111001111000010011111001101100011110011110010111111000
00011011001100011000111100011000011011110000111011100010001100011001101111001111111000011000011001100111110001001110110001100011111001000110111001111001101100011100110000110111110000110110000011011111000111110000110011000111011011001111101101100111000110011100111000011001111001100100111100001111000010111110000011011000001100000111110011100010111100
11110000001110011000111000001111100001110011110001111000001001111101101100001110001100111000111001111000111100100011110011111011000100011111000110011011001110010001111000011111001110011000110100111001100011100010001111100111000111111100000101100011100001100011011011000111110011001100111100000110000111101110100111100110000000011001000110011011001000
01001111110011111100011111100011100111011001100110011001100100000100111110010011100000111000101100001111001100111100100111110000111110001111000001111001000111001101100111010111000111000011101100111111001111000110001110001110110001100000111100000110000011110011000001110000110110001101101110001100110001101100110010001100110001001111111100001001011100
00111100111001000010011000110110011101111001100000111110110000010001100111100111100011110000011111000110001100111111100011010011111110000001100111111000000100001011011000000011001110011011001101110001111000001001100111001100110011100110111110001001100101100100110001101100110010011100011111100011110100001111001101100000111111000011100001000001111001
11111000000111110001001100000111100001101110000110000110010001111000011011100110011000011011100100111001101110000011001100011001110011000110110100001100100011001101111001000011111100111101111000110010001111110000000011011000000111111100000110010011110011011110011101110001100011111110001100110100000100111110000000110110001100011100110001101100111101
11001111001111000000011000110001100101111000001001110011010001111001001110100110001011111000111110010011110001111000011001110110011000001111011001001001111100110001111110011111001110110110010011110110110001001111111001100000011011100001110010000110111100011011101100111100011111001100000100001101100110001110000111101101011001001110110000011011011000
00100011100000111100000000011110011000111110001111100000110011000011000111110000011100011110010011011100011100001110000011110010010011001100111000111100000011111000111101111111001100111001111111011111110000000110011011001101100111001111011000000111001110011100011111100011110011111000000111100010001110000111101000111000110011110000011001000001111000
10000111100100111001000110000001110001111100110011000001101111111000010010110011000011011100111101000100011000011011110010111000001100111110001110001101100000110011111110011110000000110000111001001111101001110000011111000111001110111001110100001100001100111111110000100111000011101100111111100110111100100010110111111000100010000001101110011001110011
00100110011001100011110011111001100000011100001101100001111000001111100011001111001100011100000110111100110010011000111010011100111011000001100000111111100010011100011110001110001001100000110111000111100001111000110000111000010011011100011100111000111000111111001100100111110011111000110000011000110000011110001000011100000111100110111110011100000111
10000000110110001000100111110000110001100000111001100111100011000100011011111001101101100011100001111001001101110000110001100100000111100011100010111010000110110011101000111111011101100000111100110110000111001011100001100111110011001001111101100011001100111001110010011000111111001101100100111001110011110000011111000100011000111001100111111001111111
10000111001100110000011001100110011111101001111110000011111001101111000011100011100000111011000001110010011110001100111001001011000111001011001000011110011001111000111100011110010011110000001000111000110011011100000111000001111100110110011011000101100100011001010001100000111110001110110000110000111000011001001111100001101110001101100000000111101100
11100000100101101101110000011100011001101110000110011111000000111111110011011000111100000111000011111100000001101110011000111000010001010011001110011001100011001100110001100011010001000111011110000011001100110011001111000010000000101111111100000111100011001000001100101110111110000011001111001110001110001110011000111010000111000110110001111000111100
00111000111000000011001111110011001100111001110011011010110011100011100001100000111011000111001001110011100001111111100100111000111111101100110011111100011000110000011110111110000111100011100110000111000100111111000001111100110010111100001111100011011110111001100100100011001111001100000111110011000011110000100111011001100111110011001001110110100100
01100011100110110000111111000011101110001001100011001100111001110111000001100111111110011001101100110011100001101111000111111000011100110001110000111100110001000110000110001111100011110011100111000111011100000111100110011111001000111000111100001111000001100111100011110011000011100011100000001000001110001101100010111011001111100000110010110110000111
10011111000110001111001111100001000000111100100111001100001100110110000111111100010011100001111001101100100111100010011101100111011001100010001110011000111111101100011000011110001111000100011100000001111000011011001111000111011111000111100011001101110001111100111110011111100010000011000110010011101110001100111110011000011011001100111111011111000000
11100110111100011001111011001101100100110011000110111000110000101110100011111110011001110011100001100000111101100011001001100111101111110011001100111110001000000111011000111110010011111000110011101100110011100011101100110001111110001110011100110010011110011001111110011100000111110000111001111100111110000001111000110001100111001100110011000011000000
11000110000110011110001101100100000001111001100111001100100111111000011000111100000110001100110111011111001100011101111100001111001001111100110001110111000011001011000111100101110000100110100110000001111000011111001111111000110001100110011011100000111100011111000111011011010011100110001100000100101110001111001110011100011111010001011100001111111000
00000110011111101100110100111110001111110000001000001111110001100111110001110011100110010001101111100111000100111000011111111000000001110000111111100100110000011001101101110001110110010001100111100001110011110011110000100100000110011001001110010001111001100100111100100011111011100011011000011100001101110110011001101111111010010000010001000111100100
01100110111100100111111001100101100001100001101101100011001000110111110011111001001001110110011000000111100010001110011001100001110001000010001111111011001000110011001111000111011000001111000000011101001110000011000011110001110110001101100110001111000110111000110110000010110001110011100101110000110001011000111111001110011110000011110010010000111001
10001100001111110111000110000000111100110000000000111100100110000000011111111110000011111001100000011110000011111110011001100001101100000011000111000111110011111010000001011100111110011011000011100100001101100011111000110000011000000111110001000110011111111001100101110110011001110011001001001011100011001111110001111001111001111000000011110011110001
00111001111100000110111001001111001001011100110011111001100111100011001101100111100010010011111100110001001100111100011111000011100011110010001111100011110110001111011100110000111100110110000001100110000111110001100111111000100011110001001100010001101001101100110110011000111001110000111000000001110011110100011100011100011000110011000111110011110011
01100001100111011000110011001110000111000001110100111101100011011100001111110110000001110001111101000001110001001100111111000001100011000100110111110000000011001100011111110000011110110111000010001101110001101110011000111001001111110000111100111111000011110000110010001111001111001100010110010001000011011001000110011000001110111100011110011110000100
00011000111000111101110001111011011001101110000100100111110001101101101110011000011101100000000100110011100000111100011111000110000011110011001100111110010010001100100011100001101000000111000011110110010111000001101100110000011100100100111100000111000011000010011110001111100111110001001100011000001000111110000111100000111000111001111001110001100001
11110110000001110011011110000110011011000011011100101110010001100110000011000110001101110001111110111001111000000111100011100001111000111100111111110001100000011111000010011000011001100011001101111100111001110111000001110110001111100001101100101100000010110000010010111110001101111100111100011111011111000100110011001100110100111100000000011111111001
00111011000001100011110111000110001011100001111000011100110001111100110001000011100111100111000111100001110001111000001100100000110110110011101111111000100110100111111100111100001111111010011001110100000110011100011110011001111111100111111100000000111000001001011110001111101100111100110011111001100000011110000011100111001101100000011001110001111110
01110000111000000011110001100111001110001100011000101101110110000111000100110010110011111000011110000100110000011011011111100110011000001011100000111001101111001111110010011100011110011100110000110100110111000111110001001100000110011000111100001001111000000110001110011000100111000100111110100111001100110111000000011001101101100011000111100110111110
00000010011000111100011000100001101110111001111110010011110001111000011001110011111001110000110011110001111000110011000010001011001100110011100011100011100100011100111000111001100111000111100000011001001100011011001110001111000110001001100001100011111001000011111100100111110001001100111101100011100001100111001100111000110000010001100011101000111001
00000110011111110000001100011110001111000001110010010100110010000111110111110111011000111110010011100000001100011100010011111000111110110011010011111001110000100011001100110100011111000001100111100110001110110011100000000000001111000000111000111011111001110001101100110011000110110011001111001100011001111111000110010110011000001110010011100010011100
10011001111000010000100100001111000110000111001101111111100110101100100000111100111000001110011000110011111110001111010000001100111000110011110011110001111011001111001000011100011000110100111001001110001111110000011001100011011111111000011000001111011001110000110011100111001111111011000110010011001000011110001101110001101110011111100110001100001111
01111000011111100001100100011100100011001100011000111111100011111000001110001100011111001100000110110011000011100011001111101001001100001101101110001101000011000011001001110110000011110011010011001111100000010110011110100011001101100011101110001110100110011000110110000000110011111101101110001001100011011110001111100001110111110000000110110000011110
11011001101101110001110110011100000011100010111111001111011000011101100110110000111100001110001110110011001100011001111111110011110010011001110011110000111011001100110010000110011111100110011110011101111100011100011100001110000100000010011111011000000010111100110001101011011001001100001101100100011110100110000111100000111000001111000010011011111110
00110001100111000111001110011000110000111000111001110000111001100111110111001110000010011000111011111001111110001101011100010011111101000011100011010000111111000100100000110010011011111100000100101100110011010011001100011001110011011110001111100001111000001110000110000011101110001111000110011001101100111001111111000011001110110000111110110001100001
01100010011001111000011001100011101100111001000001110011100100111100111000110011100001100011011111000111011011001110111110011111000110111100000110011100001110011001111001110010000011100001110010111111110001100000000111001110100011001110000011111001101100110011001001110110011001100111111011100010111100100011101100110110111100001111100111110110001111
10110011111001001001111110000111000100011000011111000011000110011000100011100111000110011111101001111100001110000000110011001100011111100110110001111000000110001001110011110011001111101101111000001110001110000011011011001011100110011000001111000001100011111111000111001110111100001100011011001001110001110011000100110011001111001011100110011100001101
