State number: 0
00011101
00001101
00111101
00101101
01111101
01101101
01011101
01001101
11101101
11111101
11001101
11011101
10001101
10011101
10111101
10101101
000111101
000101101
000011101
000001101
001111101
001101101
001011101
001001101
011101101
011111101
011001101
011011101
010111101
010001101
010011101
111001101
111011101
111111101
111101101
110001101
110011101
110111101
110101101
100001101
100011101
100111101
100101101
101111101
101101101
101001101
101011101
distribution: P(0) = 0.154973	P(1) = 0.845027	
transitions: T(0) = 2	T(1) = 1	
P(state): 0.0332471

State number: 1
00011011
00001011
00111011
00101011
01111011
01101011
01011011
01001011
11101011
11111011
11001011
11011011
10001011
10011011
10111011
000111011
000101011
000011011
000001011
001111011
001101011
001011011
001001011
011101011
011111011
011001011
011011011
010111011
010001011
010011011
111001011
111011011
111111011
111101011
110001011
110011011
110111011
100001011
100011011
100111011
100101011
101111011
101101011
101001011
101011011
distribution: P(0) = 0.500408	P(1) = 0.499592	
transitions: T(0) = 13	T(1) = 22	
P(state): 0.0336851

State number: 2
00011010
00010010
00001010
00111010
00110010
01110010
01111010
01101010
01011010
01010010
11101010
11111010
11110010
11001010
11011010
11010010
10001010
10011010
10010010
10111010
10110010
000111010
000110010
000011010
000010010
000001010
001110010
001111010
001101010
001011010
001010010
011101010
011111010
011110010
011001010
011011010
011010010
010111010
010110010
010001010
010011010
010010010
111001010
111011010
111010010
111110010
111111010
111101010
110001010
110011010
110010010
110111010
110110010
100001010
100011010
100010010
100110010
100111010
101110010
101111010
distribution: P(0) = 0.839003	P(1) = 0.160997	
transitions: T(0) = 15	T(1) = 5	
P(state): 0.0203534

State number: 3
00011000
00001000
00111000
00101000
01111000
01101000
01011000
01001000
11101000
11111000
11001000
11011000
10001000
10011000
10111000
10101000
000111000
000101000
000011000
000001000
001111000
001101000
001011000
001001000
011101000
011111000
011001000
011011000
010111000
010001000
010011000
111001000
111011000
111111000
111101000
110001000
110011000
110111000
110101000
100001000
100011000
100111000
100101000
101111000
101101000
101001000
101011000
distribution: P(0) = 0.386645	P(1) = 0.613355	
transitions: T(0) = 7	T(1) = 10	
P(state): 0.0750079

State number: 4
00000110
00100110
01100110
01000110
11100110
11000110
10000110
10100110
000100110
000000110
001100110
001000110
011100110
011000110
010100110
010000110
111000110
111100110
110000110
110100110
100000110
100100110
101100110
101000110
distribution: P(0) = 0.725064	P(1) = 0.274936	
transitions: T(0) = 18	T(1) = 0	
P(state): 0.0589113

State number: 5
00010101
00000101
00110101
00100101
01110101
01100101
01000101
11100101
11110101
11000101
10000101
10010101
10110101
10100101
000110101
000100101
000010101
000000101
001110101
001100101
001000101
011100101
011110101
011000101
010110101
010000101
111000101
111110101
111100101
110000101
110010101
110110101
110100101
100000101
100010101
100110101
100100101
101110101
101100101
101000101
distribution: P(0) = 0.0753711	P(1) = 0.924629	
transitions: T(0) = 2	T(1) = 1	
P(state): 0.00595409

State number: 6
00011001
00001001
00111001
00101001
01111001
01101001
01011001
01001001
11101001
11111001
11001001
11011001
10001001
10011001
10111001
000111001
000101001
000011001
000001001
001111001
001101001
001011001
001001001
011101001
011111001
011001001
011011001
010111001
010001001
010011001
111001001
111011001
111111001
111101001
110001001
110011001
110111001
100001001
100011001
100111001
100101001
101111001
101101001
101001001
101011001
distribution: P(0) = 0.188563	P(1) = 0.811437	
transitions: T(0) = 2	T(1) = 11	
P(state): 0.078553

State number: 7
00010000
00110000
01110000
01010000
11110000
11010000
10010000
10110000
000110000
000010000
001110000
001010000
011110000
011010000
010110000
010010000
111010000
111110000
110010000
110110000
100010000
100110000
101110000
101010000
distribution: P(0) = 0.439441	P(1) = 0.560559	
transitions: T(0) = 25	T(1) = 10	
P(state): 0.0290861

State number: 8
00011100
00111100
01111100
01011100
11111100
11011100
10011100
10111100
000111100
000011100
001111100
001011100
011111100
011011100
010111100
010011100
111011100
111111100
110011100
110111100
100011100
100111100
101111100
101011100
distribution: P(0) = 0.553657	P(1) = 0.446343	
transitions: T(0) = 3	T(1) = 6	
P(state): 0.0715312

State number: 9
00011110
00111110
01111110
01011110
11111110
11011110
10011110
10111110
000111110
000011110
001111110
001011110
011111110
011011110
010111110
010011110
111011110
111111110
110011110
110111110
100011110
100111110
101111110
101011110
distribution: P(0) = 0.860674	P(1) = 0.139326	
transitions: T(0) = 8	T(1) = 0	
P(state): 0.0448952

State number: 10
00010001
00000001
00110001
00100001
01110001
01100001
01010001
11100001
11110001
11010001
10000001
10010001
10110001
10100001
000110001
000100001
000010001
000000001
001110001
001100001
001010001
011100001
011110001
011010001
010110001
010100001
010000001
010010001
111010001
111110001
111100001
110000001
110010001
110110001
110100001
100000001
100010001
100110001
100100001
101110001
101100001
101010001
distribution: P(0) = 0.150755	P(1) = 0.849245	
transitions: T(0) = 17	T(1) = 20	
P(state): 0.0668775

State number: 11
00010011
00110011
01110011
01010011
11110011
11010011
10010011
10110011
000110011
000010011
001110011
001010011
011110011
011010011
010110011
010010011
111010011
111110011
110010011
110110011
100010011
100110011
101110011
distribution: P(0) = 0.496383	P(1) = 0.503617	
transitions: T(0) = 4	T(1) = 19	
P(state): 0.0637019

State number: 12
00001111
00101111
01101111
01001111
11101111
11001111
10001111
10101111
000101111
000001111
001101111
001001111
011101111
011001111
010001111
111001111
111101111
110001111
110101111
100001111
100101111
101101111
101001111
distribution: P(0) = 0.466177	P(1) = 0.533823	
transitions: T(0) = 9	T(1) = 21	
P(state): 0.0449089

State number: 13
00010110
00110110
01110110
01010110
11110110
11010110
10010110
10110110
000110110
000010110
001110110
001010110
011110110
011010110
010110110
010010110
111010110
111110110
110010110
110110110
100010110
100110110
101110110
distribution: P(0) = 0.809951	P(1) = 0.190049	
transitions: T(0) = 18	T(1) = 0	
P(state): 0.0168631

State number: 14
00001110
00101110
01101110
01001110
11101110
11001110
10001110
10101110
000101110
000001110
001101110
001001110
011101110
011001110
010101110
010001110
111001110
111101110
110001110
110101110
100001110
100101110
101101110
101001110
distribution: P(0) = 0.810825	P(1) = 0.189175	
transitions: T(0) = 8	T(1) = 0	
P(state): 0.0405289

State number: 15
00010100
00000100
00110100
00100100
01110100
01100100
01000100
11100100
11110100
11000100
11010100
10000100
10010100
10110100
10100100
000110100
000100100
000010100
000000100
001110100
001100100
001000100
011100100
011110100
011000100
011010100
010110100
010100100
010000100
111000100
111010100
111110100
111100100
110000100
110010100
110110100
110100100
100000100
100010100
100110100
100100100
101110100
101100100
101000100
distribution: P(0) = 0.39231	P(1) = 0.60769	
transitions: T(0) = 3	T(1) = 6	
P(state): 0.0256231

State number: 16
10000011
010000011
110000011
distribution: P(0) = 0.357977	P(1) = 0.642023	
transitions: T(0) = 4	T(1) = 19	
P(state): 0.00706278

State number: 17
00000010
00100010
01100010
01000010
11100010
11000010
10000010
10100010
000100010
000000010
001100010
001000010
011100010
011000010
010100010
010000010
111000010
111100010
110000010
110100010
100000010
100100010
101100010
101000010
distribution: P(0) = 0.758472	P(1) = 0.241528	
transitions: T(0) = 15	T(1) = 5	
P(state): 0.0111417

State number: 18
00001100
00101100
01101100
01001100
11101100
11001100
10001100
10101100
000101100
000001100
001101100
001001100
011101100
011001100
010101100
010001100
111001100
111101100
110001100
110101100
100001100
100101100
101101100
101001100
distribution: P(0) = 0.450256	P(1) = 0.549744	
transitions: T(0) = 3	T(1) = 6	
P(state): 0.0563107

State number: 19
00000111
00100111
01100111
01000111
11100111
11000111
10000111
10100111
000100111
000000111
001100111
001000111
011100111
011000111
010100111
010000111
111000111
111100111
110000111
110100111
100000111
100100111
101100111
101000111
distribution: P(0) = 0.454591	P(1) = 0.545409	
transitions: T(0) = 14	T(1) = 12	
P(state): 0.0686295

State number: 20
00000011
00100011
01100011
01000011
11100011
11000011
10100011
000100011
000000011
001100011
001000011
011100011
011000011
010100011
111000011
111100011
110100011
100000011
100100011
101100011
101000011
distribution: P(0) = 0.435829	P(1) = 0.564171	
transitions: T(0) = 4	T(1) = 19	
P(state): 0.0568308

State number: 21
00011111
00111111
01111111
01011111
11111111
11011111
10011111
10111111
000111111
000011111
001111111
001011111
011111111
011011111
010111111
010011111
111011111
111111111
110011111
110111111
100011111
100111111
101111111
101011111
distribution: P(0) = 0.531694	P(1) = 0.468306	
transitions: T(0) = 9	T(1) = 21	
P(state): 0.044991

State number: 22
00010111
00110111
01110111
01010111
11110111
11010111
10010111
10110111
000110111
000010111
001110111
001010111
011110111
011010111
010110111
010010111
111010111
111110111
110010111
110110111
100010111
100110111
101110111
distribution: P(0) = 0.552385	P(1) = 0.447615	
transitions: T(0) = 14	T(1) = 12	
P(state): 0.0168357

State number: 23
01000001
11000001
001000001
011000001
111000001
101000001
distribution: P(0) = 0.128814	P(1) = 0.871186	
transitions: T(0) = 17	T(1) = 16	
P(state): 0.00813042

State number: 24
00000000
01000000
11000000
10000000
000000000
001000000
011000000
010000000
111000000
110000000
100000000
101000000
distribution: P(0) = 0.398734	P(1) = 0.601266	
transitions: T(0) = 24	T(1) = 10	
P(state): 0.0075966

State number: 25
00100000
01100000
11100000
10100000
000100000
001100000
011100000
010100000
111100000
110100000
100100000
101100000
distribution: P(0) = 0.358919	P(1) = 0.641081	
transitions: T(0) = 24	T(1) = 23	
P(state): 0.0127431

