01101101000110000011110010000110001101110000111000111111100000111100110000011100101000110110011000011001111101111000100100001110001101000110010001110000111000000011010011111100011001000111111001100101100110000001111000001110001100100000111100011111000111100101100111001100011111111100111111100000011100011010001001110000011000010010001111000001111100
00101100000011100011100000000110110101111000011100001111111111100001101100001100111100011100111001100001110001111101100111011001110001100011000110110000001001011011001100111100001111100110010001101001011100010001111000100110001100011100001100011011000110110011011011111001100001111000100110011100000110111000110010001001110010001111000011111000001100
11100100000110011001111000011100011000001111111011001111100111110011100111100011110000111111000011000100111000001111100011110000011001110000110010011000110110010111000000011111001101100010111100111000000111100011100000001111010001100101111100011101100000111000011000110111001000111111110110010010010010111111000111100100111100011111000001110001100110
00011100100111000000111110000011111011110000001110111101100001111111001111000000111100001101100001100111111001100111100001111001101100001110000011110000011101100011100100001100011101100001100100110011000011111001111100001111000001100110011100001000111100011001001100110001110001101100001111100010011110011111000101000001110001000011110001111000001100
01111110001101100111010110001110110011011100011001100111101111100000001111000011001110111000011100100000111000001111001001110001101100001111100001111000011111000101111001000100011111000000110000001101100011000011001111100110100011111000111100100111000001001110001110000111010001001110011111110000011111110000001001100001101101001110010001111001110000
10000011000001100000000110000111110000011000001111000110110000111110000011001100001100011100000110100001100110001111000011100011011100000001101001111000111011001111110000001101110000111000111111001111010110001100110011011011000110111000110000100101110000011001101110000001110000111110011011000001101100100011000011110000110000011101110100100000110110
00001111100011110011001111000001110001110010001111110001111000111100000111100011100010011111100011001100111011001111110001001100111110000111100101110110001101100000011001100110000011011001001100111110000010011000100111110011100011111000110110000110010001101111000111000011111000011001000111100111110110011001100001110110011001100100000001000100001111
00000001100001110000010111011001000100011100000000000000111000100111111111110111111100001111100001111100110110000011110000011101001100110111100100110111100111001000110001111000000011101101110110000111101100111000000010001111100000001001101101100011111010001110011100111100111000011100000001100100011001100100110011010011100011000010100000011111011100
00101100111001001111011100100111011000000100011111100001111000011100000011100001111000100001110011110010011110000111100000011001111111100001110001111100011101100000011100101110110010110011100111100001111000001100011000000111000110001101111111100110011100001110110011110010001000101110000011001100111100100110111010001100111110011000110011010010011111
01110111000011000000000111011000000011110010001101011000011100011110000110000100001101111011000011011001111101000111111000011100011111000011110011001101110110010011011011001100001111001001011001100001100001111010011001100110110001111000110011100001100011001100001001100011100000011111000011110000111110001100111110011100011111010000110001110100011101
00110011001110011001001100011110000100111110000111110000111101111111000011111110011111000111111000111011001111000011011100011100100111000001110000011111000110110011111110001101100110010011110110000111100011001000011011010001110001001100001101100101110001000111110011010001110100000100100111011110110011100110110000011111100001000011010001111000000111
01101100010001110010000101110001111110001111111001110000111100001111110001011011100011000011100001101001001011100100111011000000000011111001111001100110010001110001111111000011100110011110001110000000110010011111000011000011111100001111100110001110001100001111000100111100011110001111000000111010011111100011000000100000001111110001111000100011100111
11100001111100110011100111101000101110000111000011110000111110011001101001101100011011110001110000011111001101110001111000000111000001111000001110000111011001101101110110100011110000110001000111001111011000000011001101100111100100000111001011011000110000111111100000011000001111000010110001101100110011000010111100011111000011101110001111100001100011
11001100111001110000000000111000011000111111001001100100110111100110011000111101100111000010011000011001000001110000111100110011011100110000111111000111110000011000011100010011111000011001100000110001111110000100110000000101111100110000011000111110001101101110000100011100010011000110011000011111000001100011011100011111000001111100110000100100101001
00100100111110000111111001110010110111000001100011001001011000000001101100011110011111000100111110001100010011100011111100000011110011110011000110010001110000110110011100100011100000110011000100110110000111011011000011110011011001100111000001110001100111110111000011001100001101100000111110011111000111000111101100011111000011100000011100011111100001
11111100111001100011011001110000011100000001111001110000001111111001111000110011100001100011101101100111001001100000111111100011011000100011111110000011110011100011000111000001111110011011000111010001100101100111000010000111111000100001110000001100111000001110110001111100111111001001100110011011001110000001100100011011100011111100001110100011100001
00110000111001001110001000110010111100100001111110001111001101100100010011111111000001100000111001110011100010010011100111000111101001111000001100000001100100011110001111100011001100011100001111110000010011001101101111000000110110000110111111001000111010001100011110110001100111000011111000001110000101110100100110110011100100011000001100000011100001
11111000011100111001110001111110010010001101100000001111000110000010110000011111100001000011111000111111100000111100111100000110110001111000110010100011000111000100110111110001111100111100011001100111111000010011000111001100111001110011110001111000001111000011110001001100101101001111001111111110011000110111101100011000111001100001100110001001110000
11000001011100011110110010011000111111100111111000011100000011000110011000110111000111111000000011001110000110110010111100000111000001111001011100110011101111000111000111110001110010001110000110000000011110001011100000111000111100110011111001100010010110000001111000001100001111110000001100011011001111100001111011000011100001111000011100111111100000
11100100011110001110000000110110011111000011001100001100010011000011111100011000001110000011001100010011000111110011111100001111001000111000111000100000100111111001100010110001110011110011000111100110011011001111000011000110111100011100100010011001101111000000110100111000001110111000110000110000010001100011110000011111110000010100011000111111011100
11110011100000001110110001011100011111000000110011101101001100111000011001001101100100111001111101001111100011111100001110000011100000111001011001010001111000001100100011110001111100011011000001111000011111001111100000111100011110010011100000111000111111000111111000110111000001110011110000010011000111000011000011100000001110001100111111000011110000
01111101111100000111100010011101100110000111100011100001101110011000011100011110001001110000111101000111001100111001111110000011011000001100011111000110111000011001100111011000111000110110011000111001111000001100011001100011110111001100000100110110000110011001100110110110011001100000001011001111010011100000011101101111000110011001111100000111111000
11001100001100110111100011001111001011001111001001101110100011100000011100011000000110010000011100000111100001110011000110000111110000110010011100110001100110011000100111010000011101100011100001100100000111010011111001111000001111000011111100100000001011111100011110000011000001100110111100001111001110000010011111100001110001111001110000110001110110
01110110011110100100110001001110010001100001111000011000011111000011110000111110001110011100110110000110011011100110110010000111011100001111000011100001101100011000000110110000110110000110011111100100011111100011001111001100011000011100110000111100000110011001100110010000100110110001111111000111100010011100111100000111110000010011011100010100111000
01011100000001100011100100011110000011111000011001100110010001100010001100100000111000110011011110110001110111100100001110011011001001100110111111000011111100001100000000111001110100000111100001110000011110000110100100101100011001100001111011111110110110011000000110111111100110110110000111100100111001100100011110110001100100010110001001101000111000
01111000011111001100110011001110001101100101111110000110010000011100111100000111100011000110011111100111100101100101111111100011011110001110110011100110001100001101100100111001111100000001110110000100000010010111100000110110100011100001111110011111000110011100110001011111110011011100111011000011101100111100001111100011000110110110001001001101101110
11011100011111100001100110011100111001101100111000011111000100110000111110001111110001110001111100000011100011111101100001110000111100111110001110011011011000001111000011110000001111010011101100000010001100111011001100100110000011110011111000001100110011110000101110001111110011000000010100111110010011011001001011000011000001111110001110000000011110
01111001001111011001010110001100110011100000111100001000011000011100011111000010010000110100110111010001110001110100000011111000001000011110000111110000111100110111000000110010000110000111110000011001011101100000110011101100100011101100111100011111010011110110000111000111110001101000000111001100110000111111001111111001110011000110000111100000111001
00011110000000110011111000011101100011111011001111011110011001100100111010001111111100011100011001100100111101111100001111000001011000011110001101001100110110000111110001110000011111011000110000111001111010000111100001011110000111000001111100011000010111110000011101100111100011110000111001100001110001111111000111110000001100011111110100000001101110
01111100000110110010011000000111000000100110010110001100110000011000011110000001111110011000000110000011110000011100010001100110110011100111001101110000111100001111111000111000110111000011100000011000001111001000111000101101100011001101111100000111111110000011001110000111000011011100011111000011111110011110001101100111010001111101100111111001001100
00110110000100110001110110000011100011011110001110011001100000111100000111010010111100000110001110110000011000111011100000110110011100000111100000111100001111000011100100111111000111001001111000000110011000011000011010001111101100110000001111100011100011100010001111100011110000001110001100111010010010011110110011110000001100011011000010011110011100
10011000011111100111100000111000011110010111001100011110000111001101110011001101110010111000111000101001100011011100011111011011100111110111001100011000011100011111100111100100111100000111001000111010000111000111111000111000111011000001100100011110001111001100111000001110001100111110000001011101110001110010000110110001100000111110011110010011111000
00111000111110000011100100011111110000001000111100110111001111100001111001001110000011000001111100000011100000111100011111000011000011110110001110011000011110001011000111100001100100110011011001111100111110000011110001111000010011110011111000010111110000100000011000111101100110111100110011011000110100001001100001111111011001100011000001100011011000
00001110001111100110011001101100110111000111001000010110011100110010110001001111100010111100100110001101100000110000111000000110111100001101100011100001101110001100000111110000111001000001000101111000111111111001110001101100011100010110001011000001001111101001111000000111001110011000011110000011100001100000111000011100110100101110110011110001110111
11110000111111100100110000011100001111001110011000001111100111001100011111001111000111100001111100100011011001110010011110001100100110011100100110000000111100011110110001100111110000000111110011111100011111100011101100110111000111011001101100001111001111000011100001101110111111100000101100011111100001100000110110100011111001111000000111110011111110
00111011001110000011110000010110001101100110011100001110100110111001100000001111100001011001100110001000100000111111100111000010000010011110000111100101111100011011000001111100011100000101110001011000010011001100011001111000011101110001000010011011101110001000111100000111110011011111001110000011001000111100110011000110110000100110001111100011100010
01101000111000111111111000111100011011110010011100011100000111001001111100011111001111100011100000001100100111011010011111100011110100111110000000000111100001110100100111100001111000001111000011011000001001101111000111111100000111000100111000111011000011000011100000110110011101100110111100110011000011000111110010000001110000111110000111000000110000
11111011011111000111110100111100000111110011011010010110000111110000111000011111100000110100001110001110011001111000011011000011001000110011001111100011011001001111001100010000111000011011001100110000001110001111111001100001110001100010011000111011100011110001100000001100100100110100111111101100000011110011011011000011110000000011100010011000110001
00111000011111000000110001110110000011010010011010011100010011100011011000000001000011111100111100001111100000111010010110000111011101110110000111111011001000001110000011011100011011000100110000111000010011000111100100111110000111100010111000000110000100110011110001100111000000111100111001001100000001100111100011001100110000000011100010011011111000
10111000001111010110011111000100001110001110110010011100111100111000001111110010000000110111100011000001100000011111100010010011100100011101000111100001100011111100100110000110011111001100000111111100001100100110111001110000011111011010000110011000011111000000111000101110000100110001111011001101110000111100011110000001101001111001000110000011111100
11101100001111101101001001111000100111000111111000111100000111001101101100110001100011111100011100011110000011110001001100000100111111100100110011110011100010010001100100001111111100011110000000110011100110000011100001110001111100110001100000110000001111100111110000000111001111100001101110001111100111000100011100001111100011000110011011110001110000
10011000011001000111100011110010011111000011110110011110000011001100011111011000110111100000111111100111000110110000111111000000111000011001100011111011000011111100001111000011001000010011100010001001110110110111001101111000100111000111110100011000100011011000011000000111000111111101101100100011000000111010010000011001100001100100011111001101101101
11110111100100110110011000110011001100011111111000000010001111100000111000001111000011001100111011000111000110110001011110000111100001111100001110011011110000000111100001011100011100001111001000011111111100011000011000111100110111110011110000001110000011110000110000000011000111100001111001001001100110111000110100100010011100011001101010000111011000
00111001111100111110000010111010011110001001100001111000100111000011111100011110100011100001011100001100010011110000011111001101110001110100000111110000110010100100011001011101001001101110000111001000111100001111000000111000101100001110011000110011011111010001011001101111100001000000100100011110000111100000000111111111100010000010000111011000111100
11000011111100011000111100011010000111001111110110001100001110001000111110000000001110000011111110011100001101110000011000100001100001111000010011001110110011000111000011000100111110001111000111110101111100100011100000111000110011100001110110010010001110000011111000111110011001100000111100011001100001110011100110010011101100110011011100000000011100
11111111000011100011100001111100111001110011110000111100000011000011110110011011001011111100011000011011010011011000111110000011100001101100111110000011011100011001001111100001100010011110000111111000011001111111110011110111000100110010011000111100011011100100011111100101100110001001110011011011000011100100111111001111001011000011110011000001011100
10011100001100001111100001111000011001110001111111110000111110001001111000001110000111111110000110001111000000011110111000011100110011011001111001100001110110011111100101110001100111110111001001110001101111000011000100000100111000000111100000110110100010000001100111110010001111100011111100001111001001110001001110000111111001110100001111010001111000
11101111001100100110010111111100001111000100011111000000111111100000110000011110000010111000101101110011000011001100001111100011010001011000011111100000111000111110000100111100010110000111100011010100110011100100001001101110001100010011110000111111001011011001111100011100000111100001111001011000111001110010100011100011110011001100001110000001111000
01100011111011001110110011111001000001001100110110100100000111100000110001001100001100110001000111100111001001110110011100000111100000111001100111000010000011110000000111000001110001110000001111110001100110011011001100111000001110000111111000111110011001100001110000111001001111000000011110011010000011110000111100100001101101111000001111110011011001
11011000011000001100111011011000111111101101100001111110011011000111100001101100100111000111110000111100000011100100110000110111100000111100111110000100110010001000010111100001111100111001100011111000101110110000011001110000001110000100000110011100011011001100111001001100011111100000111011011111000100111100011100001111001000001100111000001111001100
10010110100111001100001001111000011111000100110000110011001011000101110000011111000001111000100110001000110001110011110011100011110001101100000001110000100000011101101100110011011000011110000010110000011100100011110011110011000100110111001001111000000111000011011100011110001101100001110001111001111001100100110001100001100011111100011111000111110110
11110001111100110000110011000110011110000011111001111100001111000001110010010011111001110001111000011110001100111001101100001111100001111001100111110000111000001100011111000011111000001100010011110001111000111101100001110001111111100001110001110011111111000111000000001100111001111000111001000100011111110000011110001101100011000010001001100011001001
01110011000111000110011000111110011111000000111000101111000100110000011100001111110000011100111110001001000011111110011000000011111000101111100011000000100110011100000100111000100100011110000111101100011100000111101100111110000111000111110001111100000011001101111000110010001100111110011110000011000000011100011100001001110011001011001011101100101100
01101010000111001100100100110000100111001101100011011100000011001001111100001111100001110110100010000111101100110110001111110011001000110110000011110001111000100110011100110010001110000011100011111110000010000011111100111110001111110000001111111100000111001111101111001111100111100001111100000111100000111001001100000011100000110100000110010011000110
00101110000011100000111000110110100011111000011111001111111001101100011110110011000001111000011110001111001111100110011111011001011110001000110011100000111100001111100000111000111110000011110000100000001111110001100110011100010011110011111110001001100111011000011100100111000011100110001111100000111000001110000011001111110001000110010011111000011000
10001001110111100100110000011100000011000011111011000111110001100110011000001110110011001101111110000110011000111100001101100110011011000011000110000000100001001110000001111101001110000100110011100110011110001010111000011110001000110110011011001111010000011110001110001001100001111000001110000011110000011100001111000110011110110000110011011000110110
11110100111001110000110000011110010000011001111100001110001011001000110110001010110001100110001111010001111001001100010110001001101100001100000111110100010000001110000000111100011111000011110000111111000111100001111100111110000011111001001100001111000001110000011110000111110001111011000011100110111100011000011100110001001100111100000100100001100110
00011011100110001001101111001101100011001110001100000011101001011100001011000111100111111111000111000011101010011100010010111000111100100011011001100000001111000100111000111000110000011001100000110111100100111111001100010111000010010001111110000100110001100011001100011001110011001110001001110011111000001111101100110110100000010011000011110110000011
00100111001111111000111110010011100010001110011111000011111000001100001111110011111000100110000011001100111110000111110011111110001100010011100000111000001110001111100110011001100011110000110011010011010010100000111011001110010011000110011110000111100010001100000111110010100110001110001100011000011001011000110011110000111110001101111000011000001100
11000111000111111000011100001101101000111000010111100011101100100001110111001001110011011001111000111001111001001001101100110011100011100111100110000110001110100011111110011110001111001100111001100011110100011111111000011011111011011000110000110011111100011110001101100011110010011110000111100001111110001110000111011000011000000001110110110011000110
00111110001110011000010011100111100000111100011111011001110011111000001111000001111110000110000011000000000111011100001111011010001100001111110010111000001111100001111100111111100011100000111100100110000010100011111110001111000110011010011011110001111101101110000110110011100011001100000111111011111000101001110011011000000111000011111001110000010110
11100111001110000011111111000001100011001111011110001110111001001101001101000001111100011111100011110000111011000111110011100011111111110010010001110110000011000010111100011100010011001100111010001110010011111000011100100011100001110001100111110001110001111100000011110000111011000011001101100101111001100110000111100000111100001101001001110001001111
11011000110111001101101100000011011100110011000001111000111100001111000111111100011011000011001000111100000110000111111011100110000011100001110001001100110111100001001100001111100011001001100111100011110001110000011001110011100000011110000111001000111000111100110011100000111110001111001110011001001100100011100100110000011101100011111001001111001111
10001011100110011110001011001100110110011110111001101100101100001001100111110011011011000110110001111001001111000110011000111000101111000100111100010111010001100100111110001101110001001111000111000111100001111110000011111000111110110110000011111011001011011110000001110010011100110110010001101110001111111000111100111100000011100000111000000110100001
00110011110000001110011001011100111000011110011011110011110000111110000011110000110000001111100000110110001111000110000111110010001111110011001001000110000011100010000111100111110001110010001111100011101111101110001111000000011000111110000111101100011001001111000000111110001110001110010000111100001110001110111000001110011011000000110000000110110011
11100011110010001100001110000110111000001111110110000001111000011011100111000110010001100100111001001110001110010011111010001100111000000001110000111011110001100110010010001111110001110010011110011101101000110110001111111011001100011100001111110000011000001111001000011111001100111110011000111110001011000111111000000110011100100111111000110011000111
11001011001100001100000011110001110000111111010011100001111001001110010010110000011100011100110011001000000111000011110001101111000011000001101000001110010010011000101110011111000111001111000100001111110000011001001111100111011000111001000111101000111000011100001101110110011110001111100000011000111111001101110100111001100111110000110000111100000111
11000001111100110000011001100001100111001101100011100110010000110011110000111111001111000111111000111100001111110010001100111110110011100000110001001111000001110110011111001111111000011000011110011100110010000111111000100000011001000111000001100110011000000111000001110001000110110011100101101110000111001001101100010011100011100001111100001111100011
11100001011110011110000001111111111000010111100011100110011110000110100110001110000011000000011011101100000111100000111100001111000001111110011110001101100000111100011111000011100001111000001111000011011000000110001110111100011000011001110001110010111110000001101000110011011111000001111100011100100111111100001111001110000001111100011100000110100001
11110110110010110011000011100001101111001100100001110110001100110011100000011010011111110011100110001100000111101100110000001001110111110000000111000110000100110011001111100100110011111100000111100001000110011100001111100001110000100011111111100000010011100010111001001001111110110011110001001110001011011001100100011001101100110000101100001100001111
00111001111100000110000111001000011100000111000001011001111111000111100011111100000011001000000011011111110011110001101100110110000011011000100011101100111100110101001011111101100100011110001111110010001111000011001111111000011110011110010001011000110111110011011100111000001111010011111000000111100111000110110000011101100001110000100110110111111111
00111001000101100001110000101100111110011111100011000010001110000110110000111000111100000000111100110110000011101000111100110110000010111110110011000110011100010011001111000111101110011110010001100001111000100110000111100100111011100111001101100110001110110001101000111111000011100011111100001110000000111000011100011011000111110011110011100110000101
11110011011000111111001000111000110111101111100010001100000111110001110010011110010001100000111110001111000001110000010011110111010001000110011110000011100000100110001111111001111000011100000011101100011011000111000001011111010011010010011000111111000011100011111100001000100111000001100111101110000000111110001110000001110001110001001010000111111000
10101100111110100010100111111001001100011001110001110000001100100001110000111111000110110000111100011100000011110000011110000110110001110010001110011011000000001111100001101100011000001110010000110000011101000111110001110001001001101100110001111100001111110010110001011111000011001100110011001110000011111001111110001111100011100010011001110011110000
01110011001111001100111100111100001111110001100000011100000000111001000010001111010000100011111100000010110000111001100110000011110010011110001100100001111001100110000111011001111110001001000000111000100111110011110100011001000110111100110000111100000111100000111000001101100111100011110010001111000100011110001111001000111100000011100111000000111000
00011001101110000011110001111101100111011001111000001100000111111001111000111111100000110011001100101110100001001100011110110001101100110010000111100011111000100100100111001100111100111000011001110000011111100100111000110001011100110010110001111100110001101011101001110111000000110000111001110001001001100110000111100011100100111100000111000001110000
01101100000111000001110000110111001111110001001111000111110000110001101110100011000011111110010011000011100100110011001111111001100000110110000111100100011001100111100001110000000111000111000111111000011110000111110000001111000000001111110000001110000111100000111100100001100111110000000111100011100101111100000010010011110010000011101111101001011001
11111011001111111000110011110011000111110110111100011111100011011001000111110001001101100011001000111100111010111100000110011001111001001011001110111000111001000111100001110011001110000001110000111110000011110011111000111100000111111000011001000111100000011100000110011101110000111111001111110001111000110000100110001100110000000110010001110000111001
00110001101111110001101111111100000100110000110000011110001100110110011110001111100111000000011011100001100010001110000111110011100011111110000011111111000000001100110001101110011010010000111100110100000011111100110000000001100110111001110100001111100001110000001100000111000111000010001111010000111000111111000110001100111000000010110111100000001100
00111111001110011000000001100011000000110000011101100111100000111111000110010010110000011100100111000011011100011101100110000110011001100111001001110010001100001110000111001100011111001101110100001101001000110011111001111000001000110000011101001001111100110000011111100011111001001100100110001011111110011111110011111001110011100011001101100100001100
00110111000001100001111111100111011100100000110010110000110000101111001111100011010000011001100110100000110010011110000011111100100110000011111001111000011000110001111000110011000110000011011000110111100011100000100100011100010011011000111000111010001101111100001111000110111100111000010011100011110011001110001100111010011001001110010011011001000110
01100110110001111000111110001110001000111000001111100011111000011111001100110001111000011010011100111100111001001111000111110010011011100011111100111000000111100111110000111110000011110011111010011000100101110001001110001001100011110000011110011001110000001110000111000011110010000111010010011001100111011011000000011100010010010011100011001100100111
00110011111001111000110011100011110000001110111100001001111000011110011100001101101110001101100001100001111100011111001000001110001100100000110011111100011110001100111100111110000110000001111000110011000110001100101110111100100001101100000111000111110000011100001110001110111000111111100100100010011111001100100111000000011110000000010011011100001111
00100001111111001100100000111001100111010011110000011001100111110000011110001100100111110000111100100111100011110110000011000111001100111111100100110011111000011100100011111110000000011000000011011100011001000011111100111100001110000011011000111000001100100001111000001110010010000111100110001101110011011100011111001110010000011101100011001110010011
01110001001111000011110011001100000111101101100111010100110011100000111110001111000111010000011111000110111001011001001100101110011000110100000111001111001111001111000011111000000111100011001100111000110011100011110001111100001111000010111000011111001111100000010001101001001101100001111100110110011000011110000010011100111001011000100111100100111011
00111100011001101100111100001110000110111000111011000011000101110001001100000100110000001110000110010010110010111110001110010000011100011100000011011111101110001111010001011011110000001111100000001100011110011001111000000000110011110000011010001110010000110000111100100111001101111000011110010111010000111011000011010011111000011111100011000000111100
11111100001100011010011010011110000111100100001110010011111010010000000110010000100100110011000111100011100110110001110000110011001101100110000001100110111100111111100000011111001111000101111001100110001011000001111111001110000101110001111001111000110011110000011111000111001100111001111011100001110000110000111111100000011100001110010001000000011100
00111110001110000011101000011100100111011000111000110111001000111000001100100000111000111001000110010011110000011110010011111001100110000111110011011100111000000111100001111001101110010011110001001110001110010000010000111110000110011100110011100111100111110110110011001100100011101110001011100001110110110011001011000001111001000011000001111000111100
00111000011111110001111001110111100111110001101001100110110000111000111100011100111000110110011100110001110000001001001111110010011011000011011011001001101111001100001110111000100011100000001001111000001100110110011000101100000111000001111011001001000110110100001101101100001001111100011100001111110001100000111111100001100000001100001111000000111111
00101111000111111001111001001111001001110011111001000100010000011100011110010011111000001110010011110011100000001100000011111001111000011000111011001001111101001101100000001100001111001001111000100110001111100000110000001111000011110111100110000111110001111100001100000111100000111000001100000110011100000111000111111000111110000110000011100100011100
11001110110011100001111001000111001101100100001100011110000001011110010000111000001001111000001111001101110000111010000011110000111100000111000001110000001111100011111100011100011110000111011100111000000111001100011100011110000001001110001110000111111011011000001111000110110011001110011100000111110001100111100010100001001100011110001110100110110000
00110110000011110000111111100011100110111000011111000011100110011111001111100011000010011110000011000111111110000011000111100000000110011101110000111000000011000011111100000110000111000011111000001010110111110000111101100001100111111000001111100001100100011101001110001111111100110000100111100001001110000110110011111000001111100011000001111000000110
01111101110111110000011111100111000001111000000110000011100000011011110111100000111001111110001111110000011100010011100101111000100111111000100001001100111110000001110110001110000101101100111100001110001100111000111101001111000001011000001100001011000001101100001101100100110000111101101111100000111100011111010000010110110011000111111000011000000011
00011111010011000011110000000111001001011000001110001111111001100000101111000001000100111110000110101000001001101111111000110000001110000111110000111111000011100000111000110110001110110011000101111011000111111001110000111001100110010000011111100111100000001110100011001100110100111110000111100001111100110010011011110010001001100011100100001001001111
00001111000111011100101100110011100111011000101110001001110011001000000011101000011000111110000111100100111110000011110000111000001100100111111000011000111101100011110000111100011100011111001100000111001111101100011111001100011011111001101100100110011001111100100111000011100000001110000111101000111001110011001100110110011110001101110011111000011110
11100011100111110001100011000110110000110001110011000000011100111101100011101111010001011110001011111000011110000001100000111000000110000110111011001110001111111100111000111110010011110000110000111001000110111001100111101101100010011100011101000111100000111000000111100000011100000111000111110001101110001011100111110000111011000011011100100110000110
10000011001001100100011110000111000110001101111110010011111000111100001110001111100000011011110001100100111100011001001111111000000110000111001001101100011011000011111000111111000100111001110011111000000011110001101100100111001100011100000100110011100100011100011001110001110000011110001111110001110001001110110011000110001000000011100000111111000011
00011011101110011100010111100101100110110110001011111001001000111100001111000001111000001111100110000000111100000111111000111000001110000101100110111100010110010011011100000111000011001001111011000011010011111001101110000110110001111100011111000001110000011111100111111001111101111101100011001110001100100111011001110000100111100011100010011100000110
00000111100001110000000111100001111100110110000111100000001100011110001111110011111110000001101100011100011111000001111001111000001111100011110000111111101001101000011101001111000001101000110000011111000001111001111101000011111001110110011011100010110110011111101100110011011000001111100001111100011100000000001011100011001111000001110000111100011011
11000000111001111000011110000111111000001101110001000000111000110000111110111001101100011000110011011110011011101011001101111100011110100000110110011100001111001000011010000111011110000001111011001111000001110000111101100111011100111000010111000110111110001110000011001110011110011110011001110001100111111100001000011000110110010011100000111011000110
11000111100111011001100111000011110000100110000110011100101111001111000100111011111100000111100000001100011001100011111000011100110011100011011001100110000110011100011000110011000001110111110110001111100000011111101100110001110000111110000100110011010010011111100001110001111100000011111000111001001111000000111100111001000111000011101100111000000101
00001111100001111001001110001101100100111000000111110001111111011000001001111000100111001110000111100110001110010001100000011110011001100110010110010001000111110000111000011111110011110001110011100011110011110100011011000110011000111101100011100011110000001111001100101100101100111001100111110000011110001111001001111110011011000000011100001100100111
11000111100000111000001101101100001100001111001111000001011100001111100000110100001111001001100010111001101011000011111001011100001101100001111000011100000000111110011100100011011011100000111110100111110000001111001100100001110001111101101111100100011001010011001110111000101100100001100011111000110110001100101000111000001111110011110010001110110010
01100011110110011100010011101011100000011011001000100000101100101001100011001110001001111011100011101100110011000011110000011111000111000000111001110000100011110001111100111110110000110010011000000111100110011110001000000111110100011011001100011100001100100111100110011100011111001111100001101000001101000110111110001100001100011000011100111101100111
11000001111001111000110001110001100000001111000001111100111111100111000000100011001110000010110100110101100110001100110000011011110111000000111100001111110011111000011111000011000110100110001111001001110011000100100111100001111000011110000110110000110100000111100001100000110110011111110011101111010000011111110000110110110000100001111000000111000011
11100001111000111100100111001110110000011011100011111000011101001111111000011100000110000011110000011100001111000001111100001000001101100000011100011000100011000100001100111111101101000110011111100101110000010111000011000001110000011001000011110000011100000111100001110010000110000111100000111001001111000001110000111011100110010011011100000100010011
11100011110001110011001111100001110000110110001111100011011000011111100110010001111111000111100011101100011100000001111100111110111001000110110111001110001111110001111000110011100011111000110010011111011001111100001110010011001000100111100111100001110100001100100111000001111001001111110011111100101101100001100001011000111110110111000000110110000110
11000111111100000110011011000110000110011000001111001100110000011011011010100100111000001111100010110000011110000010010011011100001001001110010000111110000111110011111011001111100011111001111100001101000001111000011110011111100100011011001111111001100000110111000111100001111001011011100011110000111100001101100001100011000001111011100100010011000110
10000011101100111110011001101100110000011100001111111000011000001110010000111000001111100111110011100001100001100001111000001110011001100001110010011110000111111100011001001111110011111000011111000000011000111100011111100110011001101100001111110001000010001110110011000111111110010010001011001111110011000011101000001100001111100010001000011101100011
10000111100000001000100110110011110100011100100111111001111100000011100000011111000111001110110001100100011110000110111000111000000111000111111000000000000001110011100100111000110000111100111000000011000011011100011111001100110000011110000111100001110110001111000011100000001111000111110000000000111111000011101100011010010000010001111000011110000011
10001111110000111100000111100001111100011111000100000000111011111111100001100000011110000001111011001110011001100010100010111000100011110001001101101110000011100000011101100110111001101000011100111011110000001100111011000011110011011101000000011101101100001101100001111011011100111001100001101000001111001001000110001100001111101100011000011110011111
11110000110000011110111111001110111110001011100110111000111000001111100001110110001111000011111000011110000111001110111000010011000110011000001111001111000010011110001100000011110011011001001111110010011100011111000110011101111011001010000111110110110011001111100011011011001111001011001100110011000111100011100000011011111001100000001110001111000011
11000001111000111110000111101100011100011111000000111000001100000111110001111000100111000001111001111111001111100000110011001110011011100000011101000111110001111000110101000111000100111000111111010011001100111110001111100000001100011110000100100000011100111111100110110110011011000100110001110110011001001111110000011000110111111001100100011010010011
11001001111100111000110011111000100111001001100110011110011110010011110000100001100111100010011100001111110000011000111110111010000001101100111100110111100000111101000110001110111000011001100111100111000000110001110000110001111101101111000000011011100110011001100001101111001111100100110011011111000111101100110001001110000011110001101101100111111000
11001011011100100011110011011000011110000110001000111100000111001001111000111100000110001111100100100000111111110000000110000111110001111000011110000111110000011110000111000000111111010111000011111110000111001011101011111000001110110110110011101000111011000001111100001100100111001000111100001110110010011111111100100011100011111100011110000111100001
00011000000001101111110000111100000011111000000110011110001100100000011100001110010110111100001100110011111001100000101111000000111010001110011100100011111000001111001111100011101100001111110000110000110110000111101101111100000011100111111110011100000111110001100111010011000110110001111110000111000001111001000110000110110100011100000111011001011100
01100000111110001101110001001100011110000110110011011100111101110100011011001110001110100000111000001111110000011001110011000110000001001111100011100011011001100111000111100000111100011100000110010010001111001110001101001110011110000110111010011100001111110001011000011101100001110011111000001110101100111011001110001001100010111000001110011100010000
10000001111111000000111001001100011111100110011000111110000110100001111100110000100110011000101100011001010011011011001111000011111010011001101100011100110000011110101110110000100100101110111100110010111110010011101001110001100111010001110000011100001100000001111001100100000011110000111110000110110010011100001110010011101100000000001111100110011000
00111001001100000011111001011110001001111000110110001111000110011100110100000011100001111100111001110000110001111100100011100001100100011011000111110001110111100011001011011000011100000111100001100111000111000001110011111100000111111000010000111111100001100011011100000111010011011110001111000011100110001110011110110000010010011110011110011000111000
10111010011100011111110001111001100111000010001000111100010001001100011100000110000001111100001100001101111011011000011001100111010001100111000110010011100010010001001001100000101100111110000111111000111111100111000011111111011110000000111000011110001001100011100001101111110011011001111000001111000011100000011011000111110000101110011001110001110000
10011100001111110001100010011110011111100000100110001111000001111001110000110000111001111000011100000110111000110110001101100001111111000011100011001000111110000110110011111100111111000110110001110001001001100110110000011110001110011001111111001111111000010010000110001000111000011100001110110011100000111001100101100101110010001110000001110001111000
01111100100110001100011100110000110011100001000110011101101111110000000000010011011001111000100111100110110000100001001101110000111010010011000000110001111000000111000000110001111100000111100001111110001110000001110010001110000111100110111110111110000001110000011111000110000000011100011111000110001000111110001111000101100100111011000011100100111110
10011101000011110001001000001000010001110000111111000110000001011100111100000111000001000011011111000000110010011001100111100001111100010111000011111000110010011111100001101100111111000001111000111011111011100011001100001110000111111100001110000111100111011100011110000010010011011110011111000011111001110100100111100100110000111111001101100000011100
10011110010110011011100111000011101001110000001111001111110000011001001111100011000010001100100111100000111100001111000011110100100110000011011001111000110011100011110000011111000011000011111010011011000011110010001111100111000011101100111110000100100001111000001110110110110000110011000111100101100000000011001111100011111100001101100001111010011110
00001111000011110001101110001011000100100110001110010011100001100110000110000111110010011000000111100111001100110111000010011001100010001001101001111000110000100111100000111100011111000001111001000011100011110000110110011011010011011011101110000011100000011100111011110001110000001110000001101001110000010110010001110000111110001101100000111000001001
00001111001111100000101110001111000111100110011110110000111100001110001111100011110011100010100101000001111111001100000011110000011100100110011011111000001110000100011000011110000111000000110010011100000011101100000000001111100001110000110011010011101001110011000011001100011000011000000011100110001111001110100011110000111000011111000001111000011011
00010011110001111100001110000111100100110001111110000100110011001111000111110000011010001110000111111000011001001100111001101110001010000111110001111110000111000010110010001111100001100101101100110011000011000010111001000111101001111100011001110011101100110000111111110011011000111011000110000010111111001110000000011101111001001001110000001100011110
11000011100001111111001100010010110011111100001101100001111011110010000001110000111001001001100111101000011100011001110010011000000111111100110010001110011111110000011001000110010001100010011110001111100011110000110000100011100101100000000111100111011000001111000011110011001111001011000011111110011000001111110011110011001110100000011000011100000111
10101100000101110000001111010001101100011100001111100001101100010011000001111110110000001111000001100011110010001111101011111000011100000001011000001110110011001100110001001110100011110000111111001110000011111000011111100011011000001100001011001001111001000111011111100011000100001111100011011000000010001111001001111000011100000011110000111100000100
00001100110001001100001111011001000000111110001110100010001000001111100011100100011111000110001000111011001111000011110010111100011111000001111100110110000011100001100101001110100001110010000011000110110000111001100011110011110000011110100001110000111000011000000011110000011100000011000011011110000111100001110001111100001110011001111000000111000011
10001101110001101110011101110011011111000111100111110000110010011111000011100110011101000111100010011100000110000011110001110100000110110001110000111110001111011001101100011110000000100111100111000110000001111111000111000011100100011110000001100111000111010111100011001001001111000011100011001100011011000010011001111110000111100001000110011011000111
11000011100000100111101001100011110000011101100100110001111000001111100100110000011011001100100011011000001111000111111001111100000011111111000011000111100000111101111000001001110001111000000011000011111000011100001100111010010000011000010011100001101100011100001011111110011011001101100111011001111000000111110100111100000011100001011000100101100111
10000011101000110011111000001111100000000110101111110001011000110011100111110000011110000111000011111110011111000011000100111101100111100001100110011111000010001101110111001111100001110000011011001110001000011111001100111001111100001111001111000011111110001111000001100001100011000111001011111110000111000111110000011100001110000111110010111000100111
11001001100110000110001111101100011010011000011001100011111110001111100000111101100110000000110001100001101110000001100111001101100111111000110011100100000111110000001110000110111001111000011110000001100010011110000001000011111100001111000011110100011110000010011100111001001111000011011000011001101100110000111000110110000111101000001110011011000001
11101001110000110011001101110110111000001011011111111100000110011001100100111100001100000101110001111000100111100000011110001110100011100001101100011111000001100000100111110011110001101100001111100000010000111100001100110011111001100111000111110000111110000000110011001000111111000001100000111001001100001100111000001100000000011110000001001100110111
10000111110011111100011100011001101000001100010001111000111001100111000001110000011110010110110000011000111111000001111000111111000111100000111100011011000000011000011100000011001100111100011111110001111100111000011111000001010000011100000011110001111110000011010011111100000111100111110001110110011010001111110000011101100011110000111110011100000110
11110001001000001110110011100000110000111111100001111111001111011000111100001111000111100001101110011100011111100010111100001111000111110000011111011111000011111110011111100000110000111001100111111001111000011011000011100000111001101001110011110000110011110000110100011000001011110001110100111110110110110001100001001111100011100100011100011100001011
11100001111100011110110000110100000110001101110011100011111101000011110011100100001110011000111100011011100011100000111110000011100001111000001101100111100001011100001111100111100000011011100011100000111010011111100010100011100110001111011000111011001100000011111001111000000000110001111000111110000111100010011100001101100011110000111100001101011001
01110001100110010011000111001100111110001111101101110011001011000111110001100101100100110111010000001100111000001000111000000011110000110010001110011111000001101110011100001001100100001100111110000011000000011110000111100000001111100110000001100110000111000111100000011100001110011011111001111100001101110001100001100110000100111100001111101110000001
00011110000011111000000110000110110110010000010111000000011100010011100001000110011100011100100111001100111000011001100111010000011110000101100110001110000010100011110000011110000110001000111111001000100011111001111100011101110000011011011110000011100000001100111001000011110000001110011001100000001101100111000000110000011100000101110011111000001111
00010111100001111000001111100001110001100001100110100111000100111101100011100001111000001111000110110011110011100111110011110010001110011011111100001100001111000011011000110010001111001000111100001110011000011000110110011001000001111110011011110000110000110010001111001100011000100010011111100000111101101110100000111110001110000011111000111110001111
11001111111000110000011110000011100000101110000111000011001111001110011000111100011100000011000001111000010010000011110000001100000111000011110000101110110001100000011100001111100011110000101111000001100000111010011100001111010000011111000110001001101100011110000110000001110000001011100011110110011100001111110000111000010010001011011000111110011001
10100111111000111001110011000110011000111100010011110011001100011001111001100000110111100001110000011110001110110110110000011110000011010001011000111110000000110000110011001111000111110010011110000111100000011001001100011001110001101100001111000100111000001111110010001100011110000011001110011000110111100010000001111001100010000011111001111100010001
10011110000001111000011111100011001101100110110111100000110000011111011011001000110011100101100110000110001111110011111000100001111110110001110100010011110010000100111100110001000000111010011100000110000110111111100011011000110110011110001111001100001110010011000001110001111100100011100000111000011111000010000100111000001110000000111000111110000100
00100011111001111100100111000001110011001110000111100101101100111001000111111000111100001111110011111100001111100110110000011100000001100001011100001100010111100001101110001100100111001110111100000111001001101001001111000000110011001101100110011000001001001110000111100000001100000011110011100110001100110001100010111111001111100000001100011101100000
11000110011101111100000011001111111110001110011000111000111000001011000001111001001111110011110000001111100111011011110000100111001110010001110011000011000111100001101101000111100110011000110010000111100001100011001100110001100011011111011001111100110010001111000011000010011110000011100001110000011111100000011110111000001111111001001100001110111001
11001001100100011100000111000001110001111110000011110000011100100001100011100111010001110011100010001001001111000011011000011000011111100000011100001111100001101100111100000111100001111010001110010011111000111110000001100011011100001110000111100000001100111111100001100000011110010000001101111011011001100000110010000110000011110001101100011110000000
01100000110111110000000011110010111000011111001001110000011110000111100000101100001111100011111000110110000110110000111000011101010011110000111100110001100000111000000110110011110001111010001111100011111110000110000111111100111100010011000011111100000110000110111100001110011100001111110000111001010011110000011001001101000100100011111001100111100101
11111100000110001101100000100100011101001110011111011100110111000000111000111100001110000011111100100110001111011001001100001111110001100010001110001111110000011111100011100011111100100110011001100001111000001111100111111000110110000111000001100110010111001001101001110000001111100111111100011110001100111101001101001100010100011000100110000001100001
11011001111111110111000000111001111110000001100110110000001110010011110000001101101001101100111000011000000011110010011110000111000010111000011110000011110001100100001100001111000000111110001111011000111100011110000011110001000011000111101000001001110010011111110000001100011111000000110011111110000111100111001001111001001001110000111100001111101100
01110001111100011111000000111100011100000001101001101100000110000011100000111111100111000101110110000001100011001100001110000111000010111000000110011111001101001100000111110000000001100100110010011000111110001111100011100000111101000111000001111100000100011110011000110100001111100001111100011100001001100000111110000110000011000110011110001001100001
11110010001110000111111000111000000110110010110000000001100111100000111000111101100111110001111100011001011111000000100111100111100001111100001000000111111000111001110001100111100000011111010001100100111100000111001001110100110110000111111001101000111110000111110110000110000000100011001110011110000100110000011111100011100000111000011100000111000110
11110000001111001111100011111000001100011110000011001101101101100010111100000010001101110010010010011100001011000110110010011111110000111110011111100000001100001110010011100110011000011110000111110000111100000011100010011100111111000111101000111100011110010011110000011011000111100011111000111011001010011000001110000101000011111001001111000011110011
01111000111110110001110000011100100111000011011000011110010011000011110000001100100111110000000111100110010000111100001100000011110100011011000110011111001101111000011101110001111100000000011011100110110010110011100001100111001110001111101100001111010110011001001100011111000001100000011111001001110000111010011001100110111110100011001111000001111110
00011100011100011011100000001110001110000001111100011111000000111100111000000110011110001110010011100111001000111100011001111011001100111101100011100011111000000111000110110000110110000111100001111010011000010000110011111100000111111001111000001110000110010110011001100111110001110001100001001101111001111001100011000111110000111100011111100000011100
00001110001111000011100100011111101100110111111100011111000100110001111100000111100001100011111110000100010001111110001111000110011100010010000001100000011101001011100001110001111110011001100011110000011011110111111100001110000011011011111000100111000011100000101100110111000101111000111110001110001100010000011110000111111000000011111000001001111100
00011110001101111000011010011111110011110000111000111111110011000000100110001111110011100100001100111110000000111110001111000011110000001111111111110000111000001111000011110010011110001001111001111100001111000001110000011100110000011001101101000111100001101100011000001100110001110110001100100111100001101101101001100111011000111000100001110010011001
10001011000111111000000111000111100100111100110111000111100010000111100001111001111100010111000011111000001110000000100001111000100110011111111000101110000110100100111000011100110001110001100110000111000001110010110110001111100011011101001100110001011001111100000111101100001011011111000000110000011100100111000001111100001110100001100000111000100111
11100000110111001111000000110010011110010111000001100110001011100011111110011000000011100011110000011000001111100110001000100110110010111010011110000111111000011111000011001001111000111110001011100110001110001111110001110011000001110111100001110110011001100110001101111000011100111001111100011000000001100011011001001000110011100000000011100111100000
00011110011101100011110000100100101110011000111100110111000011111000011100000111110001100001111110000100111000111100100111000001011110011011000001101101111000111000110000111000011001001111100001100000011011001001100100011100111011100011111011001100000100110110110010011111001011111000110001001101101001100000011110010011011000011000111001000101110011
00011111001111001001110000110011001101100001001110001100011000011110111000001111100001011001111110001110000110011111000111100011100000001111110100110000011111001000100010110000011111100011100001101100110011100011111100011011001101110000010000000110111101110000011100001101110000111100001110110011001100111100001111100100011000111110010001110001101100
00111110011011000001110001011110010011110010011100001110000011111000001110011100000001111100000110100001100110101110001111001001011100011001100011100001111001111100011111001100011110000001100001111000001111001101110011000100001111110000111000011110000110100000110011111010001001111100000111000001111000001110001011000111110000011011001111100010110011
01111110110001101101100111001111001001111110001110000111000011111000100110011001000110111000010011100000100000111110000011100001100100011001110000011100011110011001110000011101110001000011010010011111100011101100100100011111100100110000101110001011100000011100111100110000110110011100001100111001111000011110011001110011001100000111000011000000011011
11000111100010011000011001100011110101110011000111110001101100111110000111001001110000111111110111100001110100001101110011000011011110000011111001111000111111000010011100010010000111011000001100011110000111111000101110000001100001111000010111000011100100000110000011111000110000011000001110011001101001001110000011011100111100001100100011111000001110
00010011000011000000111110011111100001111000011110000001110000111110000110011001110000011011100111110010011001001110000111110100011100000111000011010011111001100001110000001110011110001001111001001110000000110011011001000111111000110000011110001101000001111011100111000110011110110011000111100001110001100100011111110000011100000111001101110000100110
00011001110011110000111100000011111001111001101111001001111011001100001111110001111000001110010100111000111100000011101001111001110110000001100000111111001011000011111000000110000111100001111000011110000001111000001100011100110001110011001111100011100001110110001111101001010000110010011011100000111000111011000010011000111101100011111000001100111011
10001110000011001110010110000111001001111000011100010001111000011101001111000000111000011110100110011000110010001111001001100101111100111100010001110011001111001110100010011100010011011011001100011111100100001111001110001000001101111000111100010001100001111100011101000011111000111101100111001001111000000011100010101100111100011111000001101001000111
00011111010011011000110100100111001100100100111111000001011100111111100111100010110000111000010100111000101110011111100001111000011110010001000110011001000111000001110000101111000010110001111000000011101100110000111110001111100011110010011010001100110011100100011111001001111000111100000111111000111000011001100001110000111111000111100011110010011001
10000011011011010010011111100011100011111100011100000011111000001110000011101100001100000111101111100000011100000111001011011000111110000010000011111000001111000001111111001110011001111110001110000011111001111000011110110000010001111001001110001001111010011001000111110011011000001100110001110011011110000011100111110000001110110000110000111100011101
11000111111001001100010011110001110001111110000101110001111000100011100001110000111100000111000011111000110111000001111000111000000111100001110000111110000011100001111100011111110000001001000011100011000100110000010011100011110000111100011101100011011001111110000110011100000110001111000011100110011110010000000000111110010011000101100100111100000001
01011011001100110000011111000111100100111110110011001101110000011100100111000100111100100100100110000100001110001110110000011100000111000011101100110110000011100011001110011100000111110001111100010011011011110000110110001100001110001001001010000111110011001110000111011000101110000010011011010010111100111100011110011000111110000011111000110011001111
10000001100000001100011001100011111000111100000111001100011101110110011001101100011011001111000011111010011001100111100011110011100011100011011110010000111101100001100001111000000001111100011100010011100001111000011110110011000100111100000110001011111110010110011011100000111100001100000001110100011100000110010001111000001111111000010000011111001111
00110001100000111101000110000011111010011110000111100111001100000111000011110001110111001001111000111010001110000001111000011100111011000001101100110000110011111000110011000111000111110000011100111101111100001000001111011011110000011000000111111000111000000111100110011110011000011001001100111100001110000011010001100110010010011100010100011110001101
00011110111000001110000111110011000111111100010000001110000011001001100100110010000011110001111000110001111000111001011110000001110000011010011001100001110000001111110001110001111100001111110000110011011011101100111100111000001111110000110001111001100011100001110010001011001111100110011110001101101001101000110110000111111001100110011111001011111111
01101100011110011000111100100110000111000011111000111110110100100111101110001111100000100100111110001111100111110001101100110011001010001111100011000011110011111100001001100110101110000111000000011111001100000111010010001100001011000000011100110010001111001100111110001111010001111000001111100111000001111100001111000001100111100100001001001110000010
00111110000111100010110110000111100011100011101110001110010001111010011111011111100011001100011011000100110000111110000011100010001000001000010010011000111111001111100001111100110110000110110001111110000011101010001100111001100110000001111100001111001001101100101110100111100001111000001111000001111000111111000011000011000000001111000011110000011111
00111111100110000011011001000011100111101100101110000011001111110010001100001111110001111100111111001001100000110000111100110000110010011100100000110001111000001111000010011000110110000000110000101100110011100001110000001110011100001111111110001101100011110001110110000001110001101100011011100110011100101001101111000001110000001111000001100100111111
11101100011011100000111000011001011001100111111100000110011000111100011000100011101000011101001111000011011100111110001100000000111000011111000001100001111001100111000001111100011111110011110001110011001111001111111100000011000110011001111100110111000001101000111110000110111000011000110111000011001110001100100111100110001111001111100011100001111100
00011000101111110011111100011000000011100100011110001100011001011000011111100101100000001100001111011000011001111000101110100100011100000011011011100001111111000111000001101100011110000100111000111100011111100011111000000110000111110000111100011010000000111110001111001001100010011101001111110011100000110110001111000011011100011011000011111000111001
00011111001110110000011000001001110000111000111111001111100011111001001101100111011001110110001111100001111100111000001111110011011100011111000001011100111000000111000110011001100111110011100110011000010110100001111000111011000011110000011100111111110011101100011110001101111001001101100111000001111000011110000011110011011100000111000001101100011100
11011100000111000001111101001100011000011001000011000111101001101100001111010000110011000110000111001110011000001100110001110000001110001111000011111000000011000111100110111000011001001111000110011100001110010001011000001111100001111000111110000111100001111110001110010001100000001000011111001100001000111001110011111100110011001111001000011000011100
00011111000001100000110001011111110011001000001110000011100100111001001111100010011000110111001111100001110001011111000101101100011110000011100011000001110011000110110000110011001111100001001000111111000100110000111110001110110100111000111011001111100000111011001111100011011000000110110011000001111111001000110010110000011111100011000110011000111110
00001111101001100100001100000111000011111001001110000011111100011110001111001001110000111010000011110000111000000111000011001100000011100011110000111100000111000110011100011111000110011001001110001111100011010000001110011001000010111000011100110111010000011001101110011001101100011110000111111000101101001100000011100100110001111101110001111000011001
00011111100010111000111100011111000001100000100000000000011100001110000111111110011001001111110101111110011100011011001001101001111000000100110111110001000111100110110001111001100111100001111000001110000111110000100001100111000110011111000110000110110000011110000101100011011100001110010011100001111000001111001110001000110011100011011001111001011100
00001110000011101100111011001111100000011001100110011110011001100000001111110001111000110111000111100001111110001110000010000100111100000011000010001110011111000001110000110011001111000110111000000111000011100000111110011111000101100111001100100111100001111100001111000101101100001111001111000011011000011111100000111000111110011001100100011110011011
01011111000011110110001111001111000111101100011111000011011001111110000111111000011100011100000111110001110110011001100000111000010011100011111000101110000011110001111000011111000101110000001101111111000001110011110011000111100001100000011111000111110011100100000011111000111100001000000111100000111001100111101100110011111111000011100000001111010011
10001111000011110000110110001100110000011100000011100111000100011000000111101001100110001110000111110000100110011111000010111000001110011110011010011100100011000001100011001110011011110000111001100111000100110000001100001011001000111011000000000110110111000110001101100111111000001011000001100011110011001100011001111000000000000011100100011111000110
11111111000001100000011110000011000001011000011110000010111000111110001101110001111000011011010001001100111100111111001100111001001111100011110100110100110001100011110000110110001111100001110110011001100000111110011111000111110011111000001100011110000000011100000011100011111000111011000000110000111100110001110001111001001100000011110000110000110011
11100111000001100011001111110011100101100100001110011001100110101110110111110000001101100011000001110000110001100011111100001000000100111111101100110100000111100000111101100110000010011000011110011111000000011100001111001101110001111100111001110011100000111111000110110000011110010111000001111111001110010001110000001100011111100000010001101100000111
10000110000100111011000000010111011000111100000111000011001100011111000100110001101011011110000001100000001101100011100001101110011011011000111110001111100011000111111000011011000111000001111110011111100011111000100110000111111000110000101111000001111000001100000101110001111100000000110011110000011100100110000110011111000111100000111101101100001001
11000111110001111000001011100000010011110001100111000000111111001110000011110000111100011111001001101110010100000010110000111100000000011110000110001111100011011011001110001111000111110000111100000001100011110000000110010011101100111110000111100111100011011100110011000111111000011100111000110011100111100111100000111000011011001100011100110010001111
11100001100101100110000011110010010000011110000111100100110000011100110011110010111011100111100011110000010110000011101100000111100111000111111010011100111111000001111011001111000001100000111100010011100000111011000111010010001100111000001100011100111100011110000111110011100100011011000011111000111110001111000000111100010011100011110011000111100111
11000001100101111110001111001001110000110010011001100011110001001110110110010001111110001101110010011110001111000110000001111100010111001001110010011010001111111101100110001110000001111000011111001011100101111111001011000011111100011100011100111100111000011111001111001000111000110011110010011010001111000110001001111100011110001011110000100111001100
11100001110000011011000111100100110011001111000011110100111100100011111001110000111011000000110110011110001110000111011100111110000111100011001110011111001111110000011001100111100010011001110010110001110000111110001111100011111000110110000100110011111000000111100111000010011110001111100111000000001111000111111001011000110011000000111000011111000110
10000110110000011110011111000001100100011100100111110000111110000010011001100000110110000110000011011110001110010011011001100110000011110001101100000110000111001111001100101001100011111000011111001110000001111000100110001011011100000110000001100011011100000110000110110110011110000111000100011100110010000111111101000011101101100011000011011110001111
10011001110000001111001101100001100111000110110001011100011110100111100001110110000110110001111000010000100111111000011101000111110011111100001110001111100000100000011110000011111000001110001110110011111000100111000011111001111101100001110001111000001100011101110000011100110011110000111010011101000111100110011111000111000001100110011100001110001111
01110001111010000111100110011000001110000110011000011110000011000111111100011011010011111000011100000111000101111000001111100111110000011110001110001111011001100110010001110000111000011011110011010010011100011111100011111000011101100111110000011001000111100011111000000011000111111000111000000011001001110011101110000111000001110011001111100111010000
01100111001110001111110001111000001111000001110001011100000001110000111000001111001111110010001100000011100001110110000111011001111001101110000001110011101100011100000110110001101100011111001001110000101100001100000111111000001111110010011000110000000111111000001101001110000110001100111000000111100001111000001110001001100001101100001001100110111000
00011100001111110001110001111100110011100000110000011010011001110001100110001101100001111001111000010000001100111011011111000000110000101110000111100001110000001111000010010000011111000110111001110000011111100110110011001100000110000001111000011111000001100011111000011011000111110000111101100001101110011000110001100110010000001111001001100000111000
10011111100111010111110001111110000111100001111000011100100011110001101001000111110011000010011100100110111000100111001100001101111000000001100110000001111011001111000011111000111100001100100001110010011100011110000000111111001011000011110000011110010001101100001100001111100000111001000111000111110001110111000011100110011100111001000001111011001000
00111100001001100111111000011111000011111011001100001111100011111000011000001111110001110000011111110011100000111111001101100011011000110110011111100001111000001111100000110000011001101110000011001100000111001001100111100110000011111000111000001111110000110010111100000111100001110000011100110001000011100110110011110001111001001011000111100001100100
00111000110111000011111000011111110011100001111100100011100011110011011001100011111000011001001111100010110001100110011001110001111101100110011001101100011100100110000001111010011000100001110000111001001001100001111010011110000110110001111000100111001101110001101100000011100001011010011110000011100001100010000110010011110000011110000010110011001100
00111100100011001001110000011100000111110001111000000111111000111100011110001111100100011100001111110110010001110100001110000111110110001110010011100011011001001011100000010010111100000111110011011110001111000011110000110111100001100001001000110011100110100100001100001111110001100100010011110011100001111000011011100011011100111111000111010000110000
00111101100111100011100000111111000111000000111001001111100001110110001110010111100010001100111001100001110010011110000111110001110001001111000011100011110000110110111100011100000011100011100000011100111111000001011100111000100011110000011100011111001100110011111110001101100001111111001001100001110110111111000001110000111110011110010010000110011110
01111100110101111111111000111001100110110110011110000111000011111001101100100111011000111100000011000111110001101100101111000011001100110110011110010000111000100011100010110110010110001111100001111101000100110001111000111100000111001100001101011001111011100000000110001001111100111100011110000011111110001100001100111000100011000011000110110000111010
10011100001111101000011110011011000011001001110011000111110011011000001100111111100100001100000110010011011000001111001100111001111000110111100000110011100110111110010001111000011111111001100001111100100101111001001110011110000011111011001110000011100111100010011010000111100100111000111111100110110000011110000101100001100010011011000011111000011100
00011100000011100011001100011011000011111000011110001111100010011000011110000111000001110000001111111000111100101101100001100101100110000110001001111001111100100010111001101100011011011000011000111111000011000001111000001110011111111000101100000011001000110010000110111111110001111100001111011000111000111100011111100000011000011111001101110011100110
11000111000011110000001110001001111001110010011111000011110110111001101110000011011000011001100111100000111000011011001111100000011001100011110011001001111011000000110011001110000111000000011100110100010011100100110011001001000001110010011000110001100000111001101111100001100010110011111001001011001111001111000111000000011110100111000101110010010011
11110111000111011000001111000011100001110000111110000111101001011000001111000111100001111100001110110111011010001110000000110010111110001111000011011001111110010011110001100011101111000111111000000001001111000100111001110011100110011000110011111100010001111000001111000011010000111111000111000011111010011111000011100001111011011001110011111000001110
10000110010011100000101110011111100001000000001111111111100100111000001100000000011000011111000111111000011011111110010011110000110111001110000001100001001111100010110110011110001100110000111001011100001110111000111111001111100111100110001100001001100011101100100111100010111000001111001100101100011110001111001110110100111000100111110011111000100110
11000111011001100000111100001111011000001110011100000110010000111000011111111001110011000011000101100100011010001111000001110000111101100001101100111010011111011001110000001110000110000011001100001110110001110001111111100011000010111000110011100000001100011110001110000101111100011111100011100100011001001111000011100011111100100111000000110001111110
01110111000011100000110010001111000011100011011110000001100100111100011111000011110000010010100001110000111000001111000011110000011100010011000111000000110011100000111000111001000111110011111001100110000000110011111100000011100111111100111110001011000000110000011011001111111100010011001111100011110001000011000110011100111100001111100000111011001100
11011111000110111000011100110001110011111100000011100011111000011010000011101000011100011110000010111101110110000111111000111000001100010001110000111101000000011001110000011111100111110000101110000111001011110110001110001111001100110011110011001000111000011100001111110001001100111110000111110000011100001111100011001000111001100111100100011101111001
