00000110010000111100111110010001100011111110011101111000000011101001110001110011011110000111110000110001110110001011100001111011110110001100011100011111000110011000110011000101110001110001110000011010000001111100000111110001111100011100011011100010111100001111000001110001001100000111110000110000000111110011000001111110000011001111100000111000001111
01100011110001111010000110100110110000011101100011100000111000111101100111001000111101000001100001111000001101001111101001101110011111100011111100011110000111111000111100000111101100111100000110010011110011111100100111100111100011000001000111000001111100001111000111100000111100010111000100100000111110011001001001100110010111001000100000111110000111
11000110100110011011000111000111011000111111100011000000111000001100110001111000111111000011110001110011001111001110100000001110100011100001100000111111100111111111110110000011110000001100011101100011100000011100110011100001100110011111001111110011000000000111100011111000011000011001100000111100000110110001100000011110010011000011001100111111100011
01101111111000111100110011011000111000001111100000111011000011000011100100011000011110000100111000011000111111100011001000100110010011100001111000011111100000110001110011000011100011111110011110110011111100110110000011110011100011001110000011100001110010010011000111100000011100001001111000011110000100111000111000111011000111100001100000000111001100
00110000101100011001000111001000110000110011100110101100111110001110100001100100110110000011011000111100010111100001110100011000001110111001111100011111110000111010011100001111100011011100000111100111110111001100001110010011001000011111011001110010011000001110011110011001001110001110100110011110001111001001110000011100011110000000011000011100110011
10010011011110001011001101110001011100111111100001111100111110000010011100011000111011100011001000000110001110100100110110001111001110011001111111000111001000011100011100100110011000110110000111000001111000011110000011110001001100010001100111100011110001111110010001100011101110000011111000011110001111000111100111001100101111100000000011001100110001
11110110011100011011100001110011001111010001100011110000001100000001110001111110011110001111101100011111000011100011111100011111000000011000011101000011110001111100001100000111110000011110000001001111111100110000001100110011011110001111000001110011011100010001110000001100001110000111110001011100001111100000111000000111100110111101110010011000000000
11000011111000011111000010001101111100000011110001111100011111100010111010011111001011110000111100011111100011110010010011001001101111111110001101100011000000111011110110011000110011011001100011001000111100001111011011001100011001100011110011011000000111100001111000011001001111100000011000111111100000111001100000111111000000111100111111000011011001
11100011000110100100110011110001101110100110111000111001111111000111111000001101111100110000011100000110000001100000111000001111110010011010001100100001100100011111000110010000111100000111100101100000110011110110110010001100011101000001100110011110001100100111110100011110110111100100111000011111001001110011011110000011010001111000011110000111000001
00011101001110011011000111100101001101000011011100011100001111111000111001101110000111000000110100000001101111111000111001000111110000111000100110001111000000111100011111100000011100100110000001111111111000011110001001101110111100100011001000111000011001000111100100011010001110010011100000000010001111100000011101100111110011011001101110000111100000
11011100111110000111110011111000111100110001111000101111010110010001111100010011000001110000011110110111000011011000001100000111111001011101100111100001100001001111001111110001111110001100000000111110011011000111110000111000110101111011000001111011001001100011110001001111000110011001111100010001111001000000111011000011100000011000110000010111111000
01001100111001101111100000111101100101100001111000011110011111101110011110001110000011011001000001100111000110111101100111110001111000011100110110110100000110001111000111100010001110100011110011111100001110110011111001111000000111000011100001111111111001110100111011000111000001111000001111001111110011011010001110100111110011001101001110001100100001
01110000111110110010011000011111110011000000011010011110011000111100011010001001101000110000001110000111110001011110000011100001100011011110001000011001100100000111100011110001111110000011110011111011101001100011111100110000000011100011100001110110000111110000011111000011111101100110011000110011110001111110001110001100111000110000111100111000111000
00011011011011100111100111001111001001111000011001100111100111111000001111001001110000110110011111100011100000111110010011111100110011011100001101100000001110010001110110110001001111000000110000010011111111100110000110011110000111110000011000011111000011111000111100000011100011011100001100100000111001011110010110011000111100011100010001111000110011
00001111010000011000011001100001100101111000011100000001111000111110000011000110011010001001110011000001111000011111000111111000011010011110000110110000111100001111100010111000000110000110111110011100110011110001111100011101001101110001100100111111000100110000101110000011110011011110000011100001111001011110001011000001111110000110101100000100111100
00000110000001100001111010011001100100110000011100011110110000110000001111000001100100110010000011101100101000111001000011111100111110100011110011111000001100111111100110111000000011000001100110011110011011000110001100001100000111000011001000011111100110111001100011001001110001111110011011100000111000011010000111100010011111001110000011111001110011
00001100000110000111000100110111000001111001111111100011111000001111000110100011101000001100010011100010111000011111000011000001110110011111100101101001100011100011000011100000010010001101110011001110000011100000011001001111100111101101111100011011100011011100000110000011011100010010011111100101100000011000110011110001111110000111000011111000011111
10001111000111110000110000101101110011100100111111000111000111100000001110000101110000011110011100100011101111100110000011000100011100001111100001111000001100110011011000111000011111001100011100011100000111100000111000011000000111110001001000110011111011001100111001000001001001111010110000000011111101101110011000011111110110110110111011111110001100
00011100010110010001111100001111000011111000011111001111111001111000111111000100110010011000011101100111100001001111000001110011111000000111000111111001001111000011001000101100111111100110110011001110001110111100110000111001000011000000111110001100100000111100111110000011011000110010000110110011111011100011101111110011101100001111100011001001111100
00100110001011111010110010001100100111110110011110001111100010111100011110001000011000111010000011100000111000001110011111110000000011001111100011110011001101100100110011100100110111000111111001101000011011100000110001011101001001111000111001100110010011011100111100000001110110000110001110100010011100111111001111110001110000000011100001101000111000
10100110110011111000011111110011001000110100001001000011111000001100110110000011011111001101100011000000001110001100111001111010011000001111100100111110011101100000111100011110001011110000011011110001001111101000001100001111100011101100100111001111100000111100001111110001111000001001001110000011110000000110010001111000000011100110110001110110110001
10001110001011011100000100011111000111101001100110110011100000111110001100110111110000011110000001100011110000110001111001110011011110000100100011100001000110000011011000111100001110001111110001110110000110110010110100110110110001100000011111000111100110110011001100000011001001101100011111001110111110011110011001111000111111001110001111100100011001
11000111000001111000011001001011010011100100011111001100110000011110000011001011111000110111000011000000110000011111100000111000011111100111111000111110000111000001111001111001001111110001101100100111000011001100011110011111110011111100001110000011110001110000110001000011111001111011111100011000011110001100000011111100111110000110010001111100100111
10000101100111101110001110000111101101110000001110000111100110011100111000011001100001111011011101100000011111100111000111000011011001110110001100111100001111000001111000011100011111100111001101001100110011111110011010001001110000111100001101000110111001001100111100100011111000011100010011111011111100000011001001100000011111000011100000110100011111
00110011101100001100011100100001100010111110000111100000111001001110000110000001101110000111100001111100111110001101000000110010001101100011110110011100000111000001111100001100000011100011000110000111000000011001001110000111100110100110111111001000111011001100111100100100110000110111000001001001000110001100011001100110110111100011111000111111011010
01001111100000011100001111110000110001111110010011110011111000001111101100011100111100011101100000111000011001001001110010110010011001100100110001011100001100100110111111011110001110011001111001000111100011111100011011000001111001000011000111110011111000001100100110100000111000100110110000011110001001100111000100011100001110100100111000111110001111
00001111100010111000111100100001110000110011000110000001111000111001001111110001110010011001111001111111001000000011110000111000000110010011111001111110011111000000100100011111000111110000011110000011100111001100001101000111100100111000110011000001111100111100000110110000111100000111100011111001101100011111110000111111100001100001100111111110000011
11000111100000101100001111001100001100011110110011110001111110000111000011101100010111001111010011001000111000001011001100011100011100110011110010011000001001110000011111110011100001110000111011000011100110011000001111100111100000001110110010110000000111001101100101100000011001100111110011111001111111000011100001111110001111000101101100011000010001
00000111110000111000011111001001111001110111000010000110110000011000000001110110011000000111000101111000111110000001110000110000001100110000010000111110000011110000100111000111100011110100110000011110110011111101100111100011000110011100010011000001111100101111000111100011100000011101100001110000011111000111100000111100100110100011110000011110001100
10011001110001000011101111000011111001001100010001100000111100001111100011001100000011001110000001001100111111000000000000111100111111100101111001001101100011110001111000000111010001000000001100001111001100111110100111000000111000000110010111111001110000001111100001111000111100111111100011110010011100011111100000111110000111100000111000001111111001
11100011100100011111001000111100111000001111110000011100110110010001110011100110011100001110011001011111000111001001001111001110000011110000011110010011111000010010001110000000110000111001101110000100111110011111000011101111111100011111000001100000011110110011001100110000001101000110110000111100011111100101110011001100100011111111101100011110000000
10010110000001111000001100100011110010001110001100110011110000111000000011110011111100100011001111011000001111001100100011110000111100001111100001111100001111000011111001001100011001110001111000001110000011110001100110001111100010011100011110000111000011110111000011100000111000000110000111111100000100011101101101110000111000100011011011111000111111
10001111100001101100001111000011110000011100010110110000001100001100011111011001111000100011100111011000111110001110111001101110001110000111111001111110001111000110111001111100011111100000111100000100110011111000011100000011110000111001111111100000001100111111001101100011111100001100110001100100011110000111110001111001000100000111100100111111000111
10001111000111111001111111110011100001101000011111000111100000001100110011111000111010001001100110111001110000010001100101111100111101100001110010001111111111100011111001001100001100000011101100011110001011011000011000110000000110111101000110000011111001111000001100101100101100001111000001111000111110001111100100111011111000011111010110000000011111
00011100001101110000011110001110100100101100001111100011100100011100010011011000111000000110110011110001110100011110000111001100001100000011110001111100100011000100010000011101001011010000110111100110100111100100011000110010000000110110010110011011000001111110000000000001110000001110010011011001110011100110000111110000011111000111001111110110001111
11101111100011011110001110011111110000011001100111000100111011010111000010001000110010000110100111110000101111100011000000011100010111000111011000111000001111000000111000011101100011000011011000001111100110001100111110000001110000111100111001100000111100001111000110001101110100001111100001110001111000011110000011100011011111000001111001111100000110
00001111110011100011011000011001100000111000001111100111110011111100010010000011001000011001100111011110111111110010000000111000001100100111100111111001101111000110000000001101001110110110111111111110001000000001001100011001100001111101001111000111100001001100000111000110011110001111001001100011111111001001100111001000010111000111001001111100011100
00001111101100001100011101100111000111001100001101110001100000000111001101100000011000001111000001111001111000000111000011111011100110000011100000111000001111111001110000011110011000011100100110010010011111110110011101000111110000100101001100011011110000111100010011000011111000101111000010110000011110000111001000011100001011000111110001100000001110
00000111100011011110001101001111000011101100010011110011110000011110001111110000111001111101011001001001111000000011111000100100011100000111110010100101101111111100001001001111000011110001110000011011100001111000011000001100100110110001001101100011101110011111000110011000011110011000110110000001111000001111101110010000111011100101111111111000000010
10001111100010001101101110000111010110110001101111101001110000111011000011100100111110011111000001100110011000000110000100111001001100110110010001111110011101100011110000001111000011110011101000111110001001110000011100111111100010111001101110000001100110011100001111000001111000111100000011001101110000011001000011100100111000000111110011111000001001
10001001000011001000011011000011100011100000000110000011101000111010001111100000110011001100110001110011100010001111111011010001111100000010010011111110011111000011011011001000110011100001111100011111110111110000011100001111100001111000001100100110010000111000001110000100001000111110011111000001111100011011000001111001111100100110001011100110011100
10011111000111010001111010001111000000111000011001001011100001111100011111100000110110011000011011000001111100000111110011000000011100000011100000111000110111000111001100011000110011100110011110011100001001110011010010000100110100100110011111001111100010011110000010010011010000000011001110010000110010001100110001110000011100011001100110110000011100
00000011000011100110111100010011000111011000011111001001101001111000010011100011101100000110000110000011001100110011001011001100010110010011100000110110011110001001110011011100000111100001111001001111011011000000011100010110000101101111100001100011111000111110011011000110100000111001001001100011110000011100001111100001111110000111100011101100001100
00001111000111011000001100001111100011000000011100010011111000011011010110011001110001101111000111110011110000110011110011110001011100100111011001111000001110010011001001111100000111100111000000011100010011101100010011001111000101100001111100111110100100111110010011000111111000111100010110001111100011001111001111111000111100001111010001111110001000
10011101000111100010011110000110010011111000110011100011110011110100010111000011111000011110000010010011001100111101100011100000110010001111100000111000111000001101110110110110000110010000100000011111100001110001011110001111000001111011001000000111100001110111000111000000110011111000000110011100110001001110001111111001110100001111100000110011101101
00011001000111110100011111100110000001110000011000100111001110110110001111100100111011100000001111100011100000110011000011111100110110010011001000111000110011100011100000011110001100100011111001001111001111000010111000011110100110000011100010010011100110111100111000000001101100010011111010011110011000001100010011100000000111100111111001111000001111
00100110001100111000001110001111100010000110010011011101101000111010001110011000100000001111100011001101111100100111100000011000111111000111110000111100011100100111110001111100000011101110011001001110000011110011011100000111100000111111100010000111011110011010010011001110001000111110000011110011011110011110000011111100011110001111110001111000100110
00001111101001100011110000011111100100001100001111001101100011111110010011111100011100001110000011001100111100000111100111111001011100111111110001110000001111111111000001111001100110100110111000001111000011111000011110011111000001100110011010011011110011010000001101100111110001100011111111100011110000001111001100110110011100011001110001111110111100
11001111000011100000101100000111110011011001011111000011110001001110001111100100110001001100110001110000111000100111000011111001001100001111110011110001100111000100110000001111000011110001100110001101100011100010011110100111000111000110011000000011110011100110011100110001111001101100000111100100110000011110001001111000011000000111100110111000101110
00011110000011111000011100011111001100011100011001000111100000111000111110011000000001101100001111000001111100111111001100110110011100000011000111000001111111000111100001111000101111100001110000010000000110001001111110111111001111100011100100001000110011001100001111001111110001001101000000000000110000001110111011001110111011001110011011100110011110
00011001100111000000110000110111100001110110011100110011100100111100011111100011011100011001000011001111111100001101100111011000111111000011100011101100101111000001100000101100011111100000111000001111001001111001111100110010001111001101100011100011001101111000111100000001111111110000000111100000110000011110000111110011111000001110100011110010011100
00001100001100010011011110000111000011111001111110011011100000000000101100100111010001001110000011000001110000111111000011010000011100011111100011000000011100000111000100011110001101110000111000011001110001110100111110110111000101111001100000100111000011111001111011000111111011011000000100000111000011001111001101110000111110000110110001000001111111
01001111100001111000001110011101110001111011001110000011001100011110010110001000111100111111000111111100111000011011100000011000011110011011100110001100000110001100111001100100110011001001100010011100000110011000011000011111110000110001100110000010111011011000000110110001100001111001001001110000011101111111010001110000011100011111000011111000001111
10100001110001111100001111000011001000011100000111000111111000111100100110000010000110010011100011101100111010000011011000110110000111000111111001111100110011000001100001101111000111111110011110011110000001110000001001000111000000111100000010001110000010001100111111110000011100101111100011100100011100000110000000111000111111000011110010011000000111
00110000111011011110001111000000111000011111000001110010000101100111010001111000111101000011110000111100011111000111110001100110011100000011110010001100111001111011111110000000000100110000011001100111001100111000000101100001110011111100000011000010011000111111001100110001011110110010011001101100001111100111110000110110000111100110001000011100000111
10001010010000111110001110110011101100000111000011110001110000001100110011101000111000011001000011111000011110000001110000111110000111100011001101111111000001010000011001111111000011110000001110000111100100001100111101100111101100001110000100110110110010011111000011100001001100000110110011110010011001000000111000111100100111100001110000101111001110
10010111000000111110000011000100111100000110001011100000110100001110110001111000001110001111100000001110001111001001100110011100000111100111100000111111000011011001111000011110000010110110011001100000011001111000010111100011111100111000000111111001101100001101100000111001111011001100111000110001001111000011000001111110000110110111111000011001000011
00110011111000111100000111011000111001100100000011100001000110001111100000110000011111000001110000101100110011111001100011001111000011111000011000101110011000001100011100001110110000001111001000100111100000111110000110110011101100111110100001011000011110010001100011101110001001001111100001001100000111000001110001111110000001100010111100111111000111
10010000111000100011000001110010011000011011000011111100001111000110010000100110001111100011111000001110000011110000011000000011001100011100111001101110011001111100011100000011110011000000001111110001111001111111000011111101100010001110001111111001111100000111001100011100000110001101100001101100011011010001111100001111000111110000011000010111100001
10110001101100010011000110110000111000001111110001110000111100001000001011111110001111001101110000011010000011110010000000001101111111111001110110011111000101110100001001011011011001011111000101000111110110011100000001110000110010001111000001111100000111001111110011111000011110000001100011001100110000110000111110000110110111100111111000000111011001
10011001001100100110001101001001111100000100000011111001001111111111111000110110011111100001110000000111001110011111101100110010010000110000011001100111110011001100001100111000011100011100001111101001110110000111000010111001100110011011000000111000111111001011001001110000010011110001111000011110000001100000111001111000001101110001000110001110110000
00110001110011001100000011110001001100001111010011001100011011000111100000110000111111100010011000111111001101001001111000010011000011100000011001100101100101111111101100000001100001111100001111100001100001111110000011001000001100000111000111111000011100000110011001111100001110100011111001111110001110000011111000010011000111000000111110011111111000
00100111000100010011101001111001001111001101110000011110010000110000011000111111100011110010011100001111100000110100011001100011101100011110010011000110110000111111010010111001011100000110000001101100100010011011011000101101100111000100001001111111100011011100110000001110100001100011100000000111000011110001001100001111111000011011100110000000100111
11100000011101101101001100111110011001100001111110011000100011000000111110000110001101110000000110011111100011001110111111001100111000000111000011001011111100001101110011010000111000011101100111100110000011011001101100111110011100100011110000111000000110110110011000111000110000000011000110011011100000110110011100001111111000111110000011111001110000
01011000011101000011100000011100011011100000011001001100011011100000111100000110011001100110011000011001100110010111001111100100110011011000110011100100110010111111011001100011001100001101100111111100001101100011110011111100001111100111111000011000001101101111111100110110001100111001111000000111011000000110011111000011001110111000101111100001110111
10011001100110000111000011111000111011000001111100011111000001100100111110000111100001110000011111000110010011110000100111001001111110011111000111100001110000000111000011100001101110011111100011000000001110100011110110111100000111000011000000011110000111011001100000011000101100111100011110000100001110111001001111100011110110011100000100000101110000
11111000110011000110111000011000111000010011100001110111000100110010001110111110110001101000001110000011110000111000001001100011111000011100000111101100111110001100110010011000111110001011100011111000111111000110010001001001011111100000111001100100000111110001101100111100000011001100111000001110010011011100001100000111110000111100000110110011011001
01111101001000111001110100011001000111001001110000011101000000111000011001000101000111111100111110001111110011001110000111100011001001001101100011101100001100000111001101110001001110000111000000111110011011000111001001101111001011100011111001011001000011100111100100000111100110000111001111001011110011001110011100011111101000011100001111110001100110
00010011100110001101101100100100110011110000011000010001001111100001100001110011100100111100110011100011111000001101100111000011001100001110010011100001110111001100010001111100001100000111110100011100110110000001111001100111100000110000111001101111000001110000001111000011100000011101000111100001110001111111000110001101111100100000000111011110001110
10111100001100000100101110011101100100111000111000000110110000011101111110001111000001111000001110001000011111001111000111110000100100001011100001111000111110000110000011111100000110001111110010110111000100110001111000001001000111000001100100011101000100110010011000000000011110111000011111000001100000011100000111100001111101101100110111001001111000
11001100000011100000110010011111100111101000111110000011100001100000111000000110011001111011001111000010110001101110011001100000111001100110011001110001000111000110110001110110011111000111110011100110000011100001001111111000001110011011111110000110000000011000011001100111100100110101100111001100001100010011000011110011011100011111011111001111001100
00011100000111100000110000001110011011110001111000001110110011111000111100010011111000011000111100000011111011010011000111010001001110000011110001111000000110000111110011100000000100001011100110011111000111101100101100111110000011110000111001100111110000111000110011100000100001111100110001000100111111110110010011000000111111111011000011110011100111
10001001100011100010011011000111000111100110011001110011110000111100011100111000110000000110000110110000111100001100100000011001011100000001100100011100011110010001111100001111000111100011101100010011001101110010111110011101100011001000111101000111110011011000001001100011111100111100000001100000111100011110010000011000001111001111100011111100111100
00110011010000010001110000011111000000100110011100000011000000110000001101100101111100001100010110111100011100011100010011001001001100000000111000111101100111000111111000110110011111110000111110001011100011010000111110001100110001110000010011001110010011111110001001000011000001101110000011111011001100100111100100011001101100001100011011111100011111
11000110110011111000000110001101110001100110000111110001000100111110010001110010000100001101110001111000001111100110011001100110011111000100111100110010001011100001110111001110001101110011110011000011011100101100111011100111111001111000001101000110011000111100001110000011111000101110000011111000110010000110110010110110011001001001111110001110110011
11000001101001100011101001000111111000101111100110110011100000111000001111110000001100001110001001110000011100001110000100111011000111110001110000111000000011000001111101011110011000110001011110001110000111111001110111000110000001111111001001101001111100011100010001100010011000001100000011000000110110011111100011100000111001001011111001100110111001
00000010010000111000111001100011111011000010001110111000110110111111000101100000111100001111100000111100000110001111110010110001001011001001110010110000001111110000111000011100100011101100001100000110000000110000001111000000111100010000010111100110110010011100100000111001011110100011100000110000011110110011100000110011001110001101111000111110000111
11000000111110011110001111100011100100001100001111111001111000111101100001111110000111001011001000111110011110000111110000111100000111100011111000011110000001110001100100110001100000110001111111001000111000100110111100110111110000011100000110011110011110001101000111100001111110001111111011000100000111000110010001011100110010000100100100000111011001
01110001100001011110011000110011111000101110001001000110000110000100100001100100011011100011001100110110011001100111111000000110000111001100110010001101100101110000011000111011011001111000111100001101110001011100000111000100110001111010010011000010011100011001110110011001111010001111100000110010001111000001010001111111000110011110111000111100001110
11000101110000011111000110111001111100011111000111100000110110010011100011110000001110000011011000011000000111100111000100011110000111010001001100111100110001110001100110000111100110110001111001001111100110111010000011000111100110001111000111001110011100011100110011101111101100011111110000011010011001000001111110001100100111100000110001101101001100
11100001011100100001100011000010010110000110001100001111000010010111001100101100001110001001110000111100010011000000111001100100011011110010111000010011110000111000000111000011000011100110000100010110111000101100110110001000111100101110000011100110011001001111000001001100100111000111000000011110011001110011111001100111001100110000101110001110000011
01111001101000110110000100111011011001000011000111100000001111001100110011111110001110001000100100011110011101100000011010000111100000111001011100100011111010011000110111000011001100011000001111000011111100011001100111110011111100000111011000111000101111000111110001100110010111100000110110001111000001100011100110011111100110001100011011001101100001
10011110011100001111000100111001011011000110010000110110000111101111111001111001000001100001110010110101100001100111001110000111001100111000100100000011100011001110011001111100110010001111000011110000110110000110010011100100011111001111000001111000100101100001110100001110001110000001100000011100110111100011100100110111000000111000011110000111110001
10010111000100001100001110001011100110111001100110000101100010001111000111100110011100001111000001111000011111000000110010011000111110010011111000111000110011000001100001100111110011011000111110000100000011000011001100110011000111111100001111000100110000001110001111100011111110011011000100110000110110010111100111110001101100001100110111011111100111
10001101111100110000110011001110001100011100011100010000111000001100001111000011111111001001100110111101100101100011100001111110000111100011101100011110000111100011100001110011001100111000110110001111000110010111111110000011100010110110000110011000100100111000001011000011111000011110100011111000000111011100010110011101100110011011011000011111001011
10000111001110011110001100100100110000110110011011100110111100000000000100111000111110001111110011000011100111100011100011111111000110000011100000001101111001110001111100011111100111111110011111001111011000111010001110000011111100011000011011011001110001100010001111111000011100000001100111110011000110000111110001111000100110110001011100011000011011
01100001111110011100011100101100011100001110001101111110011110011101100000001000111110000011100011011100000111100011110000111001000110110000111100111111001000000110110001100001100011110110000110001111100100111000000111011011111000001101100111110000000110011111100011110000011110011111100000011100001100001111111110011100000110010011001111101110000001
00000001100011001110010011100111110001101111001101110010111100101111100000110000110001100111001001100111100111000001101100001110010011100011011000100111111001110011111001000111000110110010011100000111111100111011001100000100111000111100000110000000111000001111100110011100011100000111000001110110001111001001110010011110010111100011100100111011001111
10000011100000011001000111100001111001001110000111100000111010011000000011110000111010010111001100111000100100000011110000111110011100100000111000001101100011111011111110001111000100110001101100000011001100111100111110000011111001111100010000000110011001001100111111011001111000000111000001111000111001000111100011110111101110000110001000111111000110
01110011100001011100011001110001110010011001110111110000011110000111000110111000011100000111111100011000011011000001101000111110000011110001111100011000100011111000111001000111000110011001110111000001100000111101100101110000111000011110010000011000011110001111001101100010111001000001111000111111100110001001111000111000010001110001100110000111100011
10100111001101101100011001100001111100001111111100111000111011001110000001111000111111001100111001111111000111100011111000011110100011011001011110001111000011001001111111011011100000110100011100011101000000110110011001001100111100100000001111110000111110000110000000111000011011100111000001110010011011001111111000011100001100000000110110011100000111
11110011111000110110001101100100011111010111010001110011001111010011000000111110001110000110010000001110011011100110111100001110000011110001011100000111110000111000100110011001110001111111000111110001111100111001000011110001100011001101100010111100111011001011011000111000000111000010011000011101000010111000011111100001000101110011011100110011110011
01100000110011011111100111110001100110001101001001011000111111000111100000111100001110000011100000111001100011100011011000110011100111111000110011001001100011011001101100100011111000100111001111100001110111000111000011100111000000001111100000111001100100110011000110000000011101100000111000111111000110000011100100101110000011111000111100011110010001
11000000111010001101100111011000011000110000110001111100011111001111110000001110011001100001100100011110011011001100110010000111111001111000001110110011000000111000000111100011111000111100111001100011111000000110001111100001111110000111100110111000011100111111110000111000001111000011101000011100000111001110111100100110000110110000111001000111110000
01110000110110000011100011010000011110000111000000111000001110011011100000111100100111100000110001101111011011010011001110010011000111011100000110010110011000111001000111000000011001011011101110110000100110001110011100110000001110000111100011011100011110001110011111001000111110011001100100111000001111100110011000001100100011100000011100001110011011
00110010011110001100000100110000011100000011110001111100000110001011110010011111100111000011111100001101100011110000010010011111100100110111000110001111100110001100001001100011001000111000110001110001111100000111110011000000111000000110110001000111001000001111110010011111000110001100110000110000011110011100011000001111001000110000001100011011110001
10100110011000000011001111100100111000011111000011100000111111100011000000110100110011100001101100001110111011100000111000110001100011100100001110001001110011100100100110000111110000011101001110110011111100001110100111110001100110011111100110111000111111000111000000011110000011111001010001101100000111100110011001111111100110011000011100001101110001
10010000111110011110000011110100100111000011011000111000001100000100111000111110011011110000111000010011000011100000001110001111000000111000110110000001110011111111000111100001111000111100000011100010011000111110000011100111001110000110010011111110010001100110111001100110000110100100111000011001110001001000011110011010011001111100011001100011111001
01111100001100110111100011111100011100100000110010111100000111000001111000011001000111000111111001100111100001110001110000001111001000111100111110000011100001101000001111001001101000101100111001111000111000011101110001101100110111000100010110011101110010011001111100011110000011110000110000001111001100110001100010000111000000111000001101100011111001
11000001111010001110001100101000110011100001111001110000001110110111111001011011000111000000001001100110001111000001111011001100000110110000001111000111110000110110001100100011111001100111001110100010011100000011001110110001100011000010010001100100001100110111001011011011100110000001110000110011000011100010011100010011110001110000111110011011100011
01110000111001100110111001101110000011100011000110011110000110011000111110001111100011110000011000000110100100111000111111000011000011111110010011110001111100010110100110011000011001100111100000111001001110000011001000001110011110000111111000011100000111001001110000011111000111100011001100001001101000111000001101100100110010110110011101111110100000
11110001111100011111110001100100111000000110011011001100000110110011110000011111100001100011011010011111011000111000111111000111000000101110001111000011100100011100011011001110111100001100011001111111000001000011001101111001000111000001111000001101100001100111110010011110000111010000110000000111101110111001111110001100001100111000001110100011110100
01111100001100110011111000111000010001100001100001101100011001110000110000011111100111111001110110000111000000011100111100100011110100110001111111000011101100011101001011100100011000000111110011111000111110000100110011111100001101000011011001100110001111100011111100010111011110100000111100000011100011110010000011001011000001110111110001100111100000
11111101001101100011100100011000001111001001110110001111110011111100111100001111000001110000101100100111111100111000010011000001110000011010011001110110110000100110000011111000011000000001100001110000100110000110110000110000011111000111001000101111000110001101110000110111000000111000011000011010011001110000001100110011100000111000000111110001110001
00111000100111000011101100111100010011001100111001001110000001001000001100011011010011011001100011001001111000000111000111011101110000011011000011001000011101001100111001110000111111000011100001000110111111110011001100001100100110110001001100011100000011111110011000010001100100110110001001101111100000111100001111100110011000111011001111100110011010
00110110011110001001111011001110011101111000011100011001000011110000111110000110100011110001110010001111100000111100111110000011111110011111000011000100100111001111100000110000011001110011100111100110100011110110000001101110000001100001111100001111000111110000101100000011100011110010011100110000110011011100000111001111110011001110010011100010011010
11100000111010001111000011111001001101001111110001110011001110000011111000001110011100110001001110011111001110000001111100000011100100111100001110000111100010011000011011001101100000001110000000011001111100110111100011110000111110000111000001011100001111000011111000011100000111100110011000001110010001111000011001100011100100011100001101100011100001
11110001111110000110100111110000001110001111010011010011000111110001111001111100011111100010011100011110000011111001110011001111000110110000110110000111100000111011001110011000100001101111100010000001111110001111100111111000011101000011001000111101000111000011100000011100001100110001111100000111000011101000111110011100000011110001101100001101000001
01101110011100001100110000000110011100100111111001110000010111011001000001011100001110110001111100110110000011111001011100000001110000110110001110110011110010011011001100100001100100111111000001111100011110000011000101110000001111000011100010011100000110111101110000101100000011100000111000100010100000110011001110000111000000011101000110110001110000
11110000011111001110001111111110010111001001110000111000111100110000100111101001000111111000111000011011100010111000001111000011111100001100010100110001111000111011001000000100111111011101100011101110011000001111101101100100111100011101010001100110111111100001111100001100011111110001111000000110111110011100001110000011110110110011001111000001110000
11110000001100010011100010000111000111001101101100100111000011110001111000000110011111100111001110001101100010011110011100000111001001110100110111000001110000111111000001110011111000001111010011101100010011100111001000111000001100000111110000111111000111100101110110000110000011110001001100110110001000111000111111000011101000001100001110110000011100
00111100011011100001111000011100000011110000011100011111100011100010011111000011110011001000111110001111100000111100000111000101111100011110100011000011111100111110000100110000011001001110011001111010011110000001100111110010010011000010111100011001100001110000111100011111000011111000111100001011110000111100010011000111111100011100110011110001111000
00111000011001110011100000011100001100011100110001111111001001110000011000011101100011001100111100011011110000001110111011000011111000011110001101111000011000100100100111100000011110000110010000011100100110000111011000111001100110110001101000111110010011100001111100001110100010110000001110000011000011110010001100010011111000001110000111000100110011
00000110000111110000111000100111001111111000111110000100100101111100011010000111110000110000011110001000111001001111001101110001111000011110000011110001111111001110001000110100001011100011100001111101001111001100011000111110001111111000111000000001110011111101111110010011110000001100011110000001111001110110001111110000111110111111001011000110011110
00100110001111101011111000011111111001000100001100000111110000111000001110000101111000010001000011110011011000001100100101110000111110000011100000111100011101100001110000111111000011100001110000011111001100111010111001100111000110010001100110001111110000111100000111000001111001111110000111100010110100111110000111110001100110000011000011001000111111
00001100100110001110001110000011100000111100111110001000111000011111000011000000111110100001100100111000111100000111100000111100001100010000110111110110111111100111101110001011001111100100111100111111001111111000110000011110000000111100011111100011100000001111101110000011110111111110000011000000001000011110000001111000011110001111000000010100101110
00101101100011111000011000000111001100111110001110000111000000011000011001100111111110011111000110011001110010100100000011101100111110110011110000000100000111110001000100110000001110110010011100101100100111101100111011011011010011100000001101000110110000110011001111100011100000111100011011100111111110111110010001110000111000000001100000100110011111
00000100111111111000111100000011100111000011101000110111000001001111000011111001100110011001100011110000111011000111110111100000000011101100110011111110011111010001110000011110001000111100111110000101000001100100111010001110000011111100000111000011100010011000001111100111100100011110001011110001110000000111000011110001111100011011011001100110001110
11100011110010011000001111100011100001111100110111100111101100011111000110111001010011001110000100110000100111001110010011011110000110101110010000011000001111110000011110001111100011111000111100010000001111001100001111110011110000011100000011110010011100011001100011010000111000001110000011001000111110000111011000001100111110000001110011011101000111
00000110010001111001011110001110001100011001101110000111110010011100010111100000011000001101100011001111000100101101100000110000000111000011111010000110011110000011111000011100001110000100011100001111001111111001111110010011000010111100000011000011000000111101101100100011100100011100111111000001110000001111001001110001011100000111100001110110011011
11000011111000111100100111000000110001111101100011000000011100001101101111110010011100000110000000111000011110011100111000111110001111100000111100111011100011010001111001000110110001110010011001000111100000111000011001100110110011100110011111100000110110001111100011110000111001000111110000111001001101100011110000111001110011100001111000111110001000
10010011100000011100001111000111110000110110011000110011011100001110000011111001110010001111100001101100011001110011100001001100001110110001011100001110001101100111011110110110100111111000011110000111111000111000001110000001101000111000000111110011111100011000100010011000001000110111100011100000101111001111100001011000001111100011110000111100111111
00011101111000001110001011100110011100001111100011100000111110000110110011110010001100000011100011011010001101000101111110011001100011000011111110000001100011110000111110000011100110111100111011000011110001100010001111000011100000011111000011100000111111000111000011101000000100010011110000110001111110001100100100011101000011000110111110001110000111
01100111011001101111101111110001101100001100000001111100110011000011011000111000011111000111110100011101001100110011101100111100110011110000111000000111101001111100001001100001110001101110001111000000111000011110000000110011110010000111100111111000100101100111110000111010001111000111111001111000001110001111110011000000001111001000011110011111100011
11100111111000011000001101110001101100000111100111011000001111000111100000111100011111001001111001111000000111100111111000011000000011111001111000011110010001110000011110010011110010011001011110001100001000111110011001100011111010001111000001001100110110011110000000110110001111000001110001111100001100111000111000011100001111000000011100111101100110
11100100110100111111100001100111000011000100110001101100111011011100110000110000100111100101100000011011100111100001111100011000011011001001101110001111100011110101001100001011100000011100011110000100111000001111000010011100111110001110110001111000110000011111000001111100001111110011001000011110000111100111101100001100011011011000111110011001110001
01100011100010001110000111111001111111000011110001111000001101100100011001101100000111100000110011001100111111110001111101100111100101111100001111000011100000110011101100011000110010011100000011100000111000001111000011111000011110000111000000010001110100100011100110010000001111100111100100101111110011001101110000111110000111000000110110010011100110
01111001100110011111100010111000001100110011110011111100011111000000111000011101000111111001101100001111000010011100001100100111111001111001100111100011011000011100001111000111001100111110000011111000001100110011100000111111001110000111111100001100100111100010001100011100000011110001111110001100010010011110001110001110110100110000110110011011100000
11100000111000000111011001111000001110001101000001110000111111110000011000111100100001101100110110011111000110011000110110100011100101111100001101100000111000110011000111001110110001101111000001100011100010000111110001111110011011001111110000111010010000100001101100001011001111110001100110000011000000110001001100100100110100111000001110000011110011
00110000110001001111100000011101100001100110011011001100000011000011110000000111001110110011011110011100100011111100011100000111100001100010011100111011011000011110010011110000110001101100100111101111001110001100110001110011101111001011110000111110100110000011111000111100001110010000111110001111100011011100010111000011000000111100001111000011010111
11110001111100101111000001110000000110000011100000111111000001100001110010001000000010111000111111000110110000111000111111000011000001101001101100110011111100111001100011110001111111011111100111110000111000000000011000111001111111000111001100000010000111010001100100101110000011100001111111000011100000110000011111000011110011111000000001100011111000
10011001111100001001100000111000001101110011111000011011000111110001100101100100110011100001110110011111000011001100010110011001100000111110011100001101100010011100010010110000001110001101100001110001111110000111001100110111011011100011100100111100110110000000011000011111010011110011100111001100000001100100011110000011110010011111001110000011100001
11100000011010001000111000100010001110001111001111001100100111000011011000101100000111111001111100000110000001000001001110011101110001111001101110000000110000011100000111100000110110011111100001110000111111001111110000110111001100000011111000110010100011001001100000001111011011100110011110000100100010011100001101111100110001110000011110000111001101
00011000000111111001111001001100000111000011101110100111000101110000011000000111100000110000011110001111100011111100110011001001111001111001001111000001111000000110110001111000111010000111110001101101101100100000011001111100100110100001111000111110010011011100111000000011100000011100011111000111000000111100011111000100011000111111000011100011011110
01000010001110001001111000011001000011111000111000100111000110011000011110001110000001100110011100110011111000011111100111000001100110011001000001111010011100001111000001110000011111001101110001111100010011000001111100011100000111100000001110111010000011100000111100000011111111100100011110010001110000011001100110100000011001111100100111100111110000
01111100011100100011000000111001000111000011100100010111011011100001111110001111100011101000011101100110110011011001100110000100110000011100011111100111111110001110000011111001101110011111100001111000000100000111110000111001000101100011110110111001100011110001011000001111100111011000011110000011110010110010011101110000010000111100000011100011101100
00111100000111000011110001111110011111110011001000011110000001111000111001000011100011011100011101100000110001111111000111000000111000001000000110011000110010000111010001111100111100100001110000011111000001110000111000011011100011110000111000011111100100111111001100000011100000111111000011100011110000111100110111100110011001000111000111100000011110
01111110000011100110111100011011000111110010111110011100100000011111011111001001110000111000001100100001101000011100000011100110111100001111100011110000000010000111000100011110011110011111111000111010000001110101111100001110000011111001110010000111100001111000111011000111100011111001100111000001111001111111100000110011111000001111100001111000111110
00011000000110000100111000000110001011110001111000000111101101101111111110000011001100101110001110000011100000111011100011100001111100110111000011001110011100001111100001111000100111100111001000001100111100000101111100011110000011110011111000011111000011110001101110000001100011111000011111000111011000111100110110011001111000001001000011100011111000
00000100011000111110110111111000011111000111100010010000000100000111111000111011000110010011001100011000100001110000111010001111100001110000111111001111110000110010011111100111100001001110001100100100111011001100110001111001011100101111100000111000000110001111000111111110000111100011111000001100000011110011101100001110000111111000011100010110110001
01110001111000001111100001100000111110000011110001110110001111110111111000011001000011000011100101101111000011110000011100000110100011111000011110000011100000111110000111100011100111101110000011000001101100000111001111111000001101100011110000110100001100110111011001110001100100000001111000000011001101111000111111000111000011111100001100001111100010
01101100110000011011100000011001111111000001111000011100011100000110110000001111000101110001110010000110000001110000011100100111000100111110000000000001101100111111100110010011101100110110001111111000011111100011100111111000111100000110110001001110000110000111101000001101000111110000011001001101101100111000101110000011000111111100000111001101100000
11100001111101000110010000100110000111000011011000111100000111110001111100111110000001100000100001001110100000111000011111000111100000011000011110000000110001111110000111001000110110001111000011100001111101100111000111110100000111111011001100011000000101100101111000011100000011110011001100100011100001100100011100011001100011001111110000010011100000
01111100001110000000111011100110011111100001100100001111000011100000111000000110000001110001111111001111100100110001001100100011111000001110001111100000110001111100000111111001111000000011100111111001001100000011110011111100100111110000110000011111100001100111111001101011100011110000100110001111000111100100111101100001111001100011100100100011111001
11110001001001111110010000011110011001100111001001111100000110000011011000111101000011110000011000000111100001111100001110000001110011111010000111000001100000111100111011100001110000001111000001100110000110011111001001111000011111000111000000011111001111110001110000001111000111110000110010011111100011111100000110011011011100111100011111000001111000
00111110000110001111111100111100001111100100110000001100100111110001100000001101110000110011011011000001110011111001011111000110011001110011001111000000111100100111110011110011001110000110111011001000011100001001111001111100111110110000001110011001000000110011001100001111000011001001111011000111110001100110001100100001100011001111011111110010011001
10000110011111100110011000011111100111100100111000011111011011111000000110001111000001100000111110000001111000111100100111100011111100011000100110001000111001001110000001100000011110000011110100111100011111000011001000111110000111100110111000011110010011111001100111111101100001110000111000001100011001100111000011100001111100011000000011000111100111
00110011001110011001110000001111100011011011001111000111010001100000110010011111100000110000000111100000011001101110000111111000111100111011000001100001111010001110010011101100111001100011110000111100100111100000111000001110001011110001111110011111000011111100111000011000110000111000011110001011110000111001001100110001100110001110000011100000011001
01111010001111000001110000011100011011100000111100001111011001110000010011001111110011100100110111010001111100111111000110010010010000111110000011001100011000001110000001111110011111011111110011011110001110001101001101001110001011111001111100110011010011110000111110001111100001110010011100001100110110011000000111000101111100011100110011100001111100
11001100011110010000000110011111000011101100011000100110100011111000011111100111011000011000000111000011110100111011001100111100100000000011000110010000011100100011111000110100110111100011100100001110000111100111111100101100000111110001111100001110010011001100001111000111111001000111001111000000110001001111000011100011111000001111000101100000111110
00010011000011001001111000101111001001100000001100001111100110011010001110001111110000111110011110000000110001101100000111110010110000001111100011110011011100001110010011111001100111001111000010011101001111100111111100110001100011100000111000110001000111111001001101000111011000110000110011100001011000111111001111100001110110001110100011101000110010
00101111100011000011111110001001111100110000101101100111110000110110001110010001111100011110001111111000111001100111100011110001111110000111100000100001100111000011111001001110001100100110011100001110000011100100111000001111100100111001011101000011110011111000011000001100110000110110000111110100001001001111000111001001111001110110110011101000011100
10111100000001100110001100111111001100011100011101001111011000111000011110010000111100011110000011110000110100110011000111101000111100110111100011000011100110000111100010011000101110111011011000111110000001110000111100111101100011100000011110001111100011111000111000000011011001111100001111110011110000011111001111110000101000000110010011111000111101
00011011100110010000110011000011100011011100100111100111111000011100000110011000011101100111000011110000111111000011000100111000111111000111010010000100001100100000111000111111000011111000111100000100000111001001111111100110000001111000111111000100001100111100001111110000111000001100000010110010111110000111000110110000001110000110110001111000000110
10000111100001111000001100110011111110011011100111000001101100011111000001110000010000011110000001111000011110001100110000110110000111100110001100111010000111110000111001100111000001111000111111000111100110111000111111010011000000111010110110100111111000001100011011110000111100011111000111111000011000000110010011110001111100000001110001110011101110
00001111110110110000111111000011100011111001100100000100110000111110000011010010111111001110011001000000101111000011110000111110001101100100110001111111000001100000111100000111001111100010001100100011100011111000011101100111100100100110111011100011110001001110000110011000111100011111100001110001101000011111110000111000011110001111010011001110011100
00001111100000110010000111000110011000100110011110111011001100001101100011111000111110000010000001100011000110001111110000110011101111110000101100011011001101111000011101101111000011110010011110001111110010110100011101100001011000001100100110110001100000111100100011100000011100001110100110011000001111000011111110110000011110000001111000011100000111
11101000101100011011100001100100111000000011000000111000111111000111110000011011111000000110000100010111001111110001110010001110100011111000111100100111000000011110001110100100000001111100000011001100101100001101100001111001100110000111100001100110001110000011101111001111000110110000111001011100110001110001111100001110100011111000011101100110111011
11001100100011110011110010001110001110111000111110001111100100001110001110000010010000111110000111000110011000011110000111111001011001001111000001110000011100000011001011001100001110001101110000011111100110010001110111001110001111100000111110000011100011111100011100010001111100000110011111000111111000011101110001100011111000011111001101111000011110
00000011100000111000110011100011110001101110000011110000110011111111001111110010011100010110000111110010000111001001110110110010001111101101100000011010000011110000111100010011001000110000111111000110011011100000111111000011000001110011100011000001111000111011000111001000110110001111101001111100001000000011100110110001011111101101111000001110001101
01101111110000110000000010000001100000111000011011100110111110011111100011111000001110000111000011100010001111000011111001100110011111100010111000000011000111000001110011000111101100111100011100000111110011111100101110010011111001111110000011100111111100111110110011001001111101000111000001111000001100100011100000111000111111000011101110000000000011
11000111110010111010011111100111001110000110001111101001100100111111000110110001011110001111110011011110011110000111010001110011100111001101110000011111100111010000011110011111100001100000100110000111011101110110000100000001111001001111000100100100111000001101100011110001011110001111110011111000111111001111000001110110001111100001111100111100001110
11100001100011000000000111110110011111001111000011111011011100001111110000011000111111001001110000001110011110010000110000001000000011110000111110000110110001110010011001000111110000011100011110000000111000001111000001110000110000011111000001110000011000000110000111111000111110000011110000111100010011000001110000111100001111001001100001101111000101
10110001110011111100110011010001111100000111100000111001101111000110011000111110001100110001011001100110001110110010011100000111100011111001111000111111000100110001001110010011111000111100000111100000110000011100001011100011111010001110000101101100000111000111110000111111001110100000110001101100010000000110110000010111100011001000011000000110000011
11000110011011000011000111001011101100111111100011111101001110000011100001111100000111000001111001111100111111100011011100011110000111100000111110000111000100011100000110000011100011111100000111100001111000001111000111000000111111100011110001101100011111100011000000110010011011000011101000001110010110011000111000011111000110010001111110001111100011
00110000111100100111100011100001111100001111100001111000011101110011000000011100000111000000110000011101111011110010001100100111100000110100111100011011110000110000111110000110011000101110001110110011111100011010011111010000111100011110000001111100001111000011100100110000110011100011110010001110000111100010011100011111100110011001011110000011110000
11100001111001001110110011000000011000000111000111100001101100000011100110111001100011100001001100111101001111000001111001011000001101100000111100000001001001111000111110010001111100011110000111000000111100011111000011100011011001000111000110011100110111000111010000111000001111000000000000111100011011110111111110001110000011000011111111101110000100
01100011101110001110110001011000001110000011000000111100111100001111111001100000000100100011100010011111001111010000110000001110000011111001111000111111110011100110011111000100100010011111001110110001110001001101100001000001011110001110110001111100011110001111100011011110001100001001101001011000110011000001110000011110000001111001001100000111100101
11010011111110011111100001111100001110001111000011111110001110000011101110111100110011100000111010001111100001100100111011000001001101110100001110100011101100011000000011110001111001000010010011100000111110000111100110011000011011001111000110110000011101100111110000011000000111110000110001101100100011100001111110000011101100111000111111000111000001
01110011011110001011000010011100001111110001111000111110110001001111100100011110000111110010010011011010010011111000111110001001100100111110000011001100110110110001100111000000110110011111000111110001001100011111100000101000011100100011001001111111001111001001111011001100011111110011111110001111000001100111001100011111110001111000011011000011001001
10110000011111000111100011100100011011001111001000011110010011000011101100111110000111100111111110000110000011111000111000000010000011111000001101101001111000111110000111000001111000011100000001110001110100011111010010001001101101110011100100011100101111000011100011011001000111100110110010000111001100000000111100000111100011110000111111011001000001
01110000111010010011100001100101100010001001110001111110010011010001110000001111001111011000111000001110000011011000111110011001100010101100001111100001100000011100011111100100001100011111100111111000110000001111100011111000011011000111111001111100000001000011110000001111100011100100111100000111110011111001111100001111100001110011001011100011001001
10010011001110010010110001101100011100110001101000111110010100111101111000001100110010011000011111101101100011111000101100110011000001110000000111100001111110011110000110100011110000111111001110011100111011111110000011100110011000001111110000111000100110010011001000011110000110011001111000010011100001110001011100001110000011111000001111000111111000
00000110010001101100001111010011100001111010001111000011111100011100000111000001111100111100100001110000011000110011100111101101001001100111000011011110001111100011100001100110001011110001111100000111100110111001011100011001110001110011011111000011110000110110010001110001010000011111001111110100110001001110001001111000011001110011111000110000011110
00000111010000111000011101100011001011011101101111000001100000111001001111110000011100001110000101111001001100000111100001111000111001001001111000011100001111100011111000011110010111010011000100000100110010111000001100000011111101101100001100110011100000011111001101110001111101101101100001110001111000000111000000111100011111000001110000011100111011
01100011110000001110000111101101101100011100000111100000110100010110000001111100110010011011010010011110001101100011100001111100000111110000111000001111000001100010011100011111000011111000001110100000101110111011100111000001100000000111100011110010000100011111110000111000011011100111100000011000001100011011001000001110011111110011111100101100000011
10000010010000011000010110000101100001111010001111100000111100100110110001110000001100011110000110011100011111100111100110001110000011000000111100101110010011001001111110001111110001111000111110000011011001111100001110000001110000111111011011101000111100011111001001100000011110011001110000011110011101110011100011011000001111000110111001111111000111
11000110010000011100011111101101110000001111001011110000010100111111100011110000111111100011110001101100111000000111101000111110001111100000111110011100010011100100111000000110010001101101101100000111110000111111001111100100111001001110001011100001111100100011000001111000011100001111110000011110000010000011001100011110001111001000111000011111001101
00001101110000011000110010010001110010011111000011111000110011110110000001110010011110001111100000101100011111000011100001011000100111111000011000100110110011000000011110011101100010111000011110110110110000111110011000110001110100111001000001110000110010011111000011111000011110000111110001111011011111000110010000111100001111100001111000111011001001
11100011001000111100001111100110111110011000100111101100011000001111100101111100001100001111001000111110000101101111101100111010000111110001111100000001100011101100001100100111110001111100010111000001111000011100001111110011100000001100110111100000110110001111000011011000011110010011110000111110000111001111100000101110011011000011110011000111001001
00100011011000111111000111110001110000111111100011110000011001110011000001101110001111001101100000011100100111110001110100010010000011110010111100011111100000011000011111001011000000111000000110001111100110011101000111100100110000001110000110011011001100000111001001110001001111001101110000111110001111100110111000011111000011110010011110010111000011
11000100111000111111000111100001111100001111000111111001101100000111110000111000001111000111101000000011000011110011111001001100001011110000011100101111100000111001111111001101100111110000011101100001110011101111000110011001111100001111100001110000111001110111000011100000111111001000011000111110000110011100100110011100001111110000111100010000100110
10110011101001001110011011110011001111011000111000111100001110011011100000110011110011000001100000001110001111100001111100000111100111011000011110000011000100100100111000000011001111111000000111000001110110011110000011110001111000001110000000111100011001000111000001101100001111101000111000111110010011000001100100011110001011110000110110001101100100
10110011111000001100000111111001100010001110100001111100011100000011100000110010011111010111101001001111000011110011111100010011110001110001100110000111001001111100011011100011110011110111000111100011111100001100000011111001101100011011100001111100000101001111100001110001001111001111000000111100001101110001101100110011100101111000111011001111100000
11100100111101100111000001111000111100001111110001110011001011001001111000111000011111001001100011011100001110110000110011001111000001100000011100000111100000111000111100000001110001011100000111110011100101011100011111000001111001000011000011011000011100000111110001110000011111000111100000111100001110110110001100000011000011101110011000010111011001
11100011111101101100110001100001111001110010010001100110011111000011000010001110000001110011110011001111000011111111111111001111100011100100011110110011110011001100111111100111110000111110001110010011111000001110011001110001011100001111100011110100001110000011100000101110001110000001100110000111001000111001110000110110010001110000111111000111100100
11101000111100000111100111101000111110001111110000111000011111000011010011001110011000110001111110001110000011100000111110000110000001110001001111000111011110011100001101001111110000111110000111110000110000001101100001111100011100010111110001111100011001100110111000110111001110000010110100011111100001110000111110001100110000111111011100011011111101
11110000011011001110110001111101111100001111000000110110011011100011111001011100110111000001100110001111000000111000011010011110110011110000111111100110000000110110000110000011110111001111001011000000111100100111100011111000111000000111111001111100001101100111110001111100001111001111100000111110001011100010010110010011100000011100111110010011110110
11001000011000010011100011111000111100000101100001110000001111000001111011011011001110010000111001100111100010100100111000010111110001111000011110000011011000111110111001110001111001101111000011000000111111001111100001110001011100000011100110111010011111000011011100001111010001110000110100001111001001110000111000000010110011001100001110000011111000
11011001011101110000110001110110011110000111111000011100000110000001111000011110000110110001100000011110111101101000111011000001100000011011001110010001111000111111001110100110100010001111000111111000111000100110100011111100001001001110110000011110000111001001111001001110001111000000111000001111000111101100111110011100010001111110011100100001111000
01100100011011001111110011111000011101000001110011011100001111101000110000101111000111110000011000100110000011111000011100011010010010011000011101001101111000111100010011010011100100001100000011000010011011101110110011111001001001111011101100111110000111001101111000110110011001110001001110011011000001100100011110001111000001110100001100110010011001
11110001001100000111100001111001111100001111110001011001000111100011011000011110000111000001111100001101100001111100011111000011000000111000111110000100111000011100001110001001111100111111000001110011011110000111000001111000101111000111000000011100000111100011100110011110000011000000110000001111100011100000111110001101110001111001001101100111100011
11100000100111100010010001110011001111001111000011011100000011001111110100001110000111111100011100111100100011011111001100001101110000011100001111001000111000011110000110111001111100111110000111100001011100000111000100111100111110010011110000011110001111000111100110001100100111000011110011111111100100111000001111000011100010011100000111100110011100
11111000101110011110000001110111000111000101101000011000000111010010011110000110000111100110011011000011110010011000001110000011011000111100000110000011111001101100001110010000111100000111000001111001101111000011100010110110001001100111111000011100010011100000111000011001000001111000111111011011000001100100100111000001100011001111111110000111111100
11100000011100000011010011000100000111110001100000111010011011100000111111000111000011110001111110001110000000110010001111000011100011001100000111001110010000010110000011110000111000001111100111111001111000001110010001110000111111000001100000011100001110011001111100001000000010011001110100001111000111011001111001000111011000111000001110000011111000
00111000000111100001100111100011000011111001110110011100110011110000111111000011100000111100110110001101100110011100000011111001011100011111010011100000011011000111110000110110001101000100110010011100000110010001110001101101100011010010011111000110011001100111001111000111000010110010000110000000100000011111001111100010111100111101100110011001111011
10011100100011111001101111000011110001110000011111110011101100011110001110000101110110011110000001100001111000000111100001110001111111000111100000110011011111100100011100011100001111110000011101001101000100111000111100110111100011111011001100100110110000011100001111000001111000001100000110000001110100100111011101111110011100000110110000011100011111
00001110010001111000001100001101100000110110011100111011100100111110001001100100111110010111000011111100011100000111100011111000001111000011110000111000001111100000110000011111101110111000111100001111011100000000011110000111000011111110001101100011110011111111000111100001100100001110110001011000011111001111100110111100001110000111000100110010011001
00000011100000111100111100000111100000011000011111100011111000011100010011111001000110000111000001111000011100001111100000111001101100110011111000011111000011100011101100001100000000110000111000000111000101111001111000111011000001111000100110000001101101111111001011001001110000100111000001100001100110011100010111111000000111000011110000011011001101
10001101100011111100011100001011111000011100001110100011110000011111000011111100110110011111000000111001001110000011010011111101001111100110011000011111000111110000111100111100001111100000011100110011101100110001001111100001110011001100001111000111100101100111001001100000111100000111111001111000111111000111100001111000001110010011111000111110100111
00011111110001110001100111000001100100010000011111100000111100011110001101110100110110000001111001111000010110010011110001110000100110110011110000011101100111110000111100011111001100111000011111000100110000111100011100000001110010011110011110100011110010001110000011110000001100110111110001111000011010001100110011110110011101001101000011111100001111
01001001110001111110010111100101111100111000000111000001111100101111100001111100011110000110000011111000111110000111100000111100000110000001111000100111111111000000100011001110010001111100001111000111000011110000001111100110111100011100000110110011100000011111000011111000111100011111000100111000011111000011100000111000000111001001111000011011000111
10000111010001110001011110100111101000111110001111000000111100111110000011100000111100000111100001111100011110001111100100011100000001000111001100101111000001110011111100101110001001111000011000011111110000110000001111000011100001011100001001111000111000111011001011100000011100010011111110011000111000000011001000011100001111000001111000001111001111
11100001100001111011000111100011100100011101000111001001100110011001110011010001111001100111000111111000000111110001011000011100000110010001100110011100011001111000100111100011111101110000010100000010010000011111001111000011110000001111001000000001000100000111000011111000011100011011001000011001110110011001101100011110000111100011011000001110000111
11000000010000111110000111100001111000001100001100111000011100001111100111100011001110011111110001111000000111001011111000011100010011011001111100001111100111010001111000010110110001100100101111000111000011111111001111100011001110011110000100001100111000010100111111000001111100000110110000011110001100000110110011011111000110100111110000110000000111
00100110011000110011111001111000011100000001101101111000111100000011100001111110001111000110110001100100011111100111111100000010000011100001111110001111001001111000111100000011100001111001101100000111110000011110011011000100111100001111000110011100110010011101110001100101001101111111110000110000010111100111100000111100000011100000110011011100000001
11000011111001111001011111000011110000000110000111111000111100000111000011111101101100111001100001100110010011000001111001111100000011100100111000100110000001101100001100000011100001111001101101000111101000111000000011110001100100111110001001110001111011011111100100110001101100000011110000111000001110100001101110011110000011100000111001000111110011
10000000110100011100001111111000111110000111000001111000011110000111100100111000101111100001101000111100110011100010111100000110101101100000110110011001110011111100011110001111110000111100000111100011111100011110001111110000111000000011000001111000100111000001100001110111111111001001110001111110001111110001111000011001110001110011110010011011110011
11000011111000110011010011010001110010001111000101110001111110001111110001111000111100000011100010011110011110110001111100011111000000110010111111000011000011111000001110001111100000110000101111000110110000011000000111000000110000111111000011100000110010011011100000110100011101111011100000001110010111011001111000111001001110011000111100010111000111
11100001111100011011110001111001101110000101100110111000101101000111111000111100011001100111100100011110001111000001100000011111000011100110111111110011000011111100011111000011110000001111000111011001110010011110000111110000111110000110000011111000110010001011100001111100101100000101110000011100011010011100110001101111000001111000011110011110000011
00100010111011111111000111110000111110000100001001111100001100100111110011111100000111100001111000111111000111000000111000000110000111111000111001000111100101100100101110001111110000111110010011100100110001111001000011110000101100000111110001100000011100111001001100110000011111000111110000011100000110000011111000001111000111110011111111000111000001
11100011011000011100000101110000111110011111000011111000001111001001111001001110000111100011111000011110010001110011110000001111100011110010011000000110010000011000001111000111110000011011011111100011110001111100000111110000011001100001100001111001001110100011110001100100110011100011111000111011010010010000110100001111100011111100111110000111100011
11110001111110011110000011101001001110000111110001011000001111100011111001101110000111100000111100111111000111100000110011000111100100111100011110001100110000111100011111100011101100001101000011000001110110011111000011111000011111000111000000110000000111100111110000110010000111011100111000111100001111100000111010001111100001111001000111000001110001
