State number: 0
00011101
00001101
00111101
00101101
01101101
01111101
01001101
01011101
11011101
11001101
11101101
11111101
10101101
10111101
10011101
10001101
000111101
000101101
000001101
000011101
001101101
001111101
001001101
001011101
011011101
011001101
011101101
011111101
010011101
010001101
010111101
010101101
110101101
110111101
110001101
110011101
111001101
111011101
111111101
111101101
101001101
101011101
101111101
101101101
100111101
100101101
100011101
100001101
distribution: P(0) = 0.173902	P(1) = 0.826098	
transitions: T(0) = 9	T(1) = 10	
P(state): 0.0369075

State number: 1
00011100
000011100
100011100
distribution: P(0) = 0.489072	P(1) = 0.510928	
transitions: T(0) = 3	T(1) = 28	
P(state): 0.0113226

State number: 2
00010010
00000010
00110010
00100010
01100010
01110010
01000010
01010010
11010010
11000010
11100010
11110010
10100010
10110010
10010010
10000010
000110010
000100010
000000010
000010010
001100010
001110010
001000010
001010010
011010010
011000010
011100010
011110010
010010010
010000010
010110010
010100010
110100010
110110010
110000010
110010010
111000010
111010010
111110010
111100010
101000010
101010010
101110010
101100010
100110010
100100010
100010010
100000010
distribution: P(0) = 0.779967	P(1) = 0.220033	
transitions: T(0) = 7	T(1) = 8	
P(state): 0.029841

State number: 3
00010000
00000000
00001000
00110000
00111000
00100000
00101000
01101000
01100000
01110000
01001000
01000000
01010000
11010000
11000000
11001000
11100000
11101000
11110000
10100000
10101000
10111000
10110000
10010000
10001000
10000000
000110000
000111000
000100000
000101000
000001000
000000000
000010000
001101000
001100000
001110000
001001000
001000000
001010000
011010000
011000000
011001000
011100000
011101000
011110000
010010000
010000000
010001000
010110000
010111000
010100000
110100000
110101000
110111000
110110000
110001000
110000000
110010000
111000000
111001000
111010000
111110000
111100000
111101000
101001000
101000000
101010000
101110000
101101000
101100000
100111000
100110000
100100000
100101000
100010000
100000000
100001000
distribution: P(0) = 0.417545	P(1) = 0.582455	
transitions: T(0) = 3	T(1) = 4	
P(state): 0.0777481

State number: 4
00010001
00000001
00110001
00100001
01100001
01110001
01000001
01010001
11010001
11000001
11100001
11110001
10100001
10110001
10010001
10000001
000110001
000100001
000000001
000010001
001100001
001110001
001000001
001010001
011010001
011000001
011100001
011110001
010010001
010000001
010110001
010100001
110100001
110110001
110000001
110010001
111000001
111010001
111110001
111100001
101000001
101010001
101110001
101100001
100110001
100100001
100010001
100000001
distribution: P(0) = 0.165917	P(1) = 0.834083	
transitions: T(0) = 2	T(1) = 21	
P(state): 0.0729509

State number: 5
00011000
01011000
11011000
10011000
000011000
001011000
011011000
010011000
110011000
111011000
101011000
100011000
distribution: P(0) = 0.452039	P(1) = 0.547961	
transitions: T(0) = 3	T(1) = 4	
P(state): 0.0251407

State number: 6
00000110
00100110
01100110
01000110
11000110
11100110
10100110
10000110
000100110
000000110
001100110
001000110
011000110
011100110
010000110
010100110
110100110
110000110
111000110
111100110
101000110
101100110
100100110
100000110
distribution: P(0) = 0.710596	P(1) = 0.289404	
transitions: T(0) = 19	T(1) = 0	
P(state): 0.0616364

State number: 7
00000100
00100100
01100100
01000100
11000100
11100100
10100100
10000100
000100100
000000100
001100100
001000100
011000100
011100100
010000100
010100100
110100100
110000100
111000100
111100100
101000100
101100100
100100100
100000100
distribution: P(0) = 0.351752	P(1) = 0.648248	
transitions: T(0) = 3	T(1) = 11	
P(state): 0.023259

State number: 8
00010101
00000101
00110101
00100101
01100101
01110101
01000101
01010101
11000101
11100101
11110101
10100101
10110101
10010101
10000101
000110101
000100101
000000101
000010101
001100101
001110101
001000101
001010101
011000101
011100101
011110101
010010101
010000101
010110101
010100101
110100101
110110101
110000101
110010101
111000101
111110101
111100101
101000101
101110101
101100101
100110101
100100101
100010101
100000101
distribution: P(0) = 0.0998589	P(1) = 0.900141	
transitions: T(0) = 9	T(1) = 10	
P(state): 0.00763186

State number: 9
00011010
00001010
00111010
00101010
01101010
01111010
01001010
01011010
11011010
11001010
11101010
11111010
10111010
10011010
10001010
000111010
000101010
000001010
000011010
001101010
001111010
001001010
001011010
011011010
011001010
011101010
011111010
010011010
010001010
010111010
110111010
110001010
110011010
111001010
111011010
111111010
111101010
101011010
101111010
101101010
100111010
100011010
100001010
distribution: P(0) = 0.849014	P(1) = 0.150986	
transitions: T(0) = 29	T(1) = 8	
P(state): 0.00717153

State number: 10
00011011
00001011
00111011
00101011
01101011
01111011
01001011
01011011
11011011
11001011
11101011
11111011
10101011
10111011
10011011
10001011
000111011
000101011
000001011
000011011
001101011
001111011
001001011
001011011
011011011
011001011
011101011
011111011
010011011
010001011
010111011
010101011
110111011
110001011
110011011
111001011
111011011
111111011
111101011
101001011
101011011
101111011
101101011
100111011
100101011
100011011
100001011
distribution: P(0) = 0.546008	P(1) = 0.453992	
transitions: T(0) = 16	T(1) = 14	
P(state): 0.0373194

State number: 11
00011001
00001001
00101001
01101001
01001001
01011001
11011001
11001001
11101001
10101001
10011001
10001001
000101001
000001001
000011001
001101001
001001001
001011001
011011001
011001001
011101001
010011001
010001001
010101001
110101001
110001001
110011001
111001001
111011001
111101001
101001001
101011001
101101001
100101001
100011001
100001001
distribution: P(0) = 0.225664	P(1) = 0.774336	
transitions: T(0) = 2	T(1) = 13	
P(state): 0.0522601

State number: 12
00111100
01111100
11111100
10111100
000111100
001111100
011111100
010111100
110111100
111111100
101111100
100111100
distribution: P(0) = 0.572076	P(1) = 0.427924	
transitions: T(0) = 23	T(1) = 28	
P(state): 0.0360353

State number: 13
00010011
00110011
01010011
11010011
10110011
10010011
000110011
000010011
001010011
011010011
010010011
010110011
110110011
110010011
111010011
101010011
100110011
100010011
distribution: P(0) = 0.502906	P(1) = 0.497094	
transitions: T(0) = 6	T(1) = 22	
P(state): 0.0405337

State number: 14
00010111
00110111
01110111
01010111
11010111
11110111
10110111
10010111
000110111
000010111
001110111
001010111
011010111
011110111
010010111
010110111
110110111
110010111
111010111
111110111
101010111
101110111
100110111
100010111
distribution: P(0) = 0.525976	P(1) = 0.474024	
transitions: T(0) = 18	T(1) = 15	
P(state): 0.0169435

State number: 15
00001111
00101111
01101111
01001111
11001111
11101111
10101111
10001111
000101111
000001111
001101111
001001111
011001111
011101111
010001111
010101111
110101111
110001111
111001111
111101111
101001111
101101111
100101111
100001111
distribution: P(0) = 0.499422	P(1) = 0.500578	
transitions: T(0) = 24	T(1) = 25	
P(state): 0.0420923

State number: 16
00010110
00110110
01110110
01010110
11010110
11110110
10110110
10010110
000110110
000010110
001110110
001010110
011010110
011110110
010010110
010110110
110110110
110010110
111010110
111110110
101110110
100110110
100010110
distribution: P(0) = 0.760909	P(1) = 0.239091	
transitions: T(0) = 19	T(1) = 0	
P(state): 0.0203597

State number: 17
00001110
10001110
000001110
010001110
110001110
100001110
distribution: P(0) = 0.77592	P(1) = 0.22408	
transitions: T(0) = 1	T(1) = 0	
P(state): 0.014553

State number: 18
00101110
01101110
01001110
11001110
11101110
10101110
000101110
001101110
001001110
011001110
011101110
010101110
110101110
111001110
111101110
101001110
101101110
100101110
distribution: P(0) = 0.798759	P(1) = 0.201241	
transitions: T(0) = 27	T(1) = 0	
P(state): 0.0235497

State number: 19
00001100
00101100
01101100
01001100
11001100
11101100
10101100
10001100
000101100
000001100
001101100
001001100
011001100
011101100
010001100
010101100
110101100
110001100
111001100
111101100
101001100
101101100
100101100
100001100
distribution: P(0) = 0.426001	P(1) = 0.573999	
transitions: T(0) = 5	T(1) = 11	
P(state): 0.0590924

State number: 20
00000111
01000111
11000111
10000111
000000111
001000111
011000111
010000111
110000111
111000111
101000111
100000111
distribution: P(0) = 0.45221	P(1) = 0.54779	
transitions: T(0) = 17	T(1) = 15	
P(state): 0.0322476

State number: 21
00000011
00100011
01100011
01000011
11000011
11100011
10100011
10000011
000100011
000000011
001100011
001000011
011000011
011100011
010000011
010100011
110100011
110000011
111000011
111100011
101000011
101100011
100100011
100000011
distribution: P(0) = 0.469408	P(1) = 0.530592	
transitions: T(0) = 6	T(1) = 20	
P(state): 0.0608772

State number: 22
00100111
01100111
11100111
10100111
000100111
001100111
011100111
010100111
110100111
111100111
101100111
100100111
distribution: P(0) = 0.470327	P(1) = 0.529673	
transitions: T(0) = 18	T(1) = 15	
P(state): 0.0311089

State number: 23
01111000
11111000
001111000
011111000
111111000
101111000
distribution: P(0) = 0.329278	P(1) = 0.670722	
transitions: T(0) = 3	T(1) = 4	
P(state): 0.0206827

State number: 24
00011110
00111110
01111110
01011110
11011110
11111110
10111110
10011110
000111110
000011110
001111110
001011110
011011110
011111110
010011110
010111110
110111110
110011110
111011110
111111110
101011110
101111110
100111110
100011110
distribution: P(0) = 0.856042	P(1) = 0.143958	
transitions: T(0) = 12	T(1) = 0	
P(state): 0.0421327

State number: 25
00011111
00111111
01111111
01011111
11011111
11111111
10111111
10011111
000111111
000011111
001111111
001011111
011011111
011111111
010011111
010111111
110111111
110011111
111011111
111111111
101011111
101111111
100111111
100011111
distribution: P(0) = 0.548581	P(1) = 0.451419	
transitions: T(0) = 24	T(1) = 25	
P(state): 0.0384177

State number: 26
01110011
11110011
001110011
011110011
111110011
101110011
distribution: P(0) = 0.535922	P(1) = 0.464078	
transitions: T(0) = 6	T(1) = 22	
P(state): 0.0237032

State number: 27
01011100
11011100
10011100
001011100
011011100
010011100
110011100
111011100
101011100
distribution: P(0) = 0.557423	P(1) = 0.442577	
transitions: T(0) = 3	T(1) = 28	
P(state): 0.0187849

State number: 28
00111001
01111001
11111001
10111001
000111001
001111001
011111001
010111001
110111001
111111001
101111001
100111001
distribution: P(0) = 0.200904	P(1) = 0.799096	
transitions: T(0) = 2	T(1) = 26	
P(state): 0.0296068

State number: 29
00010100
00110100
01110100
01010100
11010100
11110100
10110100
10010100
000110100
000010100
001110100
001010100
011010100
011110100
010010100
010110100
110110100
110010100
111010100
111110100
101110100
100110100
100010100
distribution: P(0) = 0.466755	P(1) = 0.533245	
transitions: T(0) = 3	T(1) = 11	
P(state): 0.00608934

