State number: 0
000000
000010
000110
000100
001110
001100
001000
011110
011100
011000
010000
111110
111100
111000
110000
100000
0000000
0000010
0000110
0000100
0001110
0001100
0001000
0011110
0011100
0011000
0010000
0111110
0111100
0111000
0110000
0100000
1111110
1111100
1111000
1110000
1100000
1000000
distribution: P(0) = 0.968468	P(1) = 0.0315323	
transitions: T(0) = 0	T(1) = 1	
P(state): 0.510376

State number: 1
000001
000011
000111
001111
011111
011101
111111
111101
111001
111011
110011
110001
110111
100111
100001
100011
101111
0000001
0000011
0000111
0001111
0011111
0011101
0111111
0111011
1111111
1111101
1111001
1111011
1110011
1110001
1110111
1100111
1100001
1100011
1101111
1001111
1000001
1000011
1000111
1011111
distribution: P(0) = 0.0328841	P(1) = 0.967116	
transitions: T(0) = 0	T(1) = 1	
P(state): 0.489624

