State number: 0
1111111111111111
1111111111111101
1111111111111001
1111111111111011
1111111111110001
1111111111110011
1111111111110111
1111111111100001
1111111111100011
1111111111100111
1111111111101111
1111111111000001
1111111111000011
1111111111000111
1111111111001111
1111111111011111
1111111110000001
1111111110000011
1111111110000111
1111111110001111
1111111110011111
1111111110111111
1111111100000001
1111111100000011
1111111100000111
1111111100001111
1111111100011111
1111111100111111
1111111101111111
1111111000000001
1111111000000011
1111111000000111
1111111000001111
1111111000011111
1111111000111111
1111111001111111
1111111011111111
1111110000000001
1111110000000011
1111110000000111
1111110000001111
1111110000011111
1111110000111111
1111110001111111
1111110011111111
1111110111111111
1111100000000001
1111100000000011
1111100000000111
1111100000001111
1111100000011111
1111100000111111
1111100001111111
1111100011111111
1111100111111111
1111101111111111
1111000000000001
1111000000000011
1111000000000111
1111000000001111
1111000000011111
1111000000111111
1111000001111111
1111000011111111
1111000111111111
1111001111111111
1111011111111111
1110000000000001
1110000000000011
1110000000000111
1110000000001111
1110000000011111
1110000000111111
1110000001111111
1110000011111111
1110000111111111
1110001111111111
1110011111111111
1110111111111111
1100000000000001
1100000000000011
1100000000000111
1100000000001111
1100000000011111
1100000000111111
1100000001111111
1100000011111111
1100000111111111
1100001111111111
1100011111111111
1100111111111111
1101111111111111
1000000000000001
1000000000000011
1000000000000111
1000000000001111
1000000000011111
1000000000111111
1000000001111111
1000000011111111
1000000111111111
1000001111111101
1000001111111111
1000011111111111
1000111111111111
1001111111111111
1011111111111111
0000000000000001
0000000000000011
0000000000000111
0000000000001111
0000000000011111
0000000000111111
0000000001111111
0000000011111111
0000000011111101
0000000111111111
0000000111111101
0000000111111011
0000000111110001
0000001111111111
0000001111111101
0000001111111011
0000001111110111
0000001111100011
0000011111111111
0000011111111011
0000011111110111
0000011111100001
0000011111101111
0000011111000001
0000011111000111
0000011100000001
0000111111111111
0000111111111101
0000111111110111
0000111111110001
0000111111100001
0000111111101111
0000111111000001
0000111111000011
0000111111011111
0000111110000001
0000111110000011
0000111110001111
0000111000000001
0000111000000011
0000110000000001
0001111111111111
0001111111111101
0001111111111011
0001111111101111
0001111111100001
0001111111100011
0001111111000011
0001111111011111
0001111110000001
0001111110000011
0001111110000111
0001111110111111
0001111100000001
0001111100000011
0001111100000111
0001111100011111
0001110000000011
0001110000000111
0001100000000011
0001000000000001
0011111111111111
0011111111111001
0011111111111011
0011111111110111
0011111111011111
0011111111000011
0011111111000001
0011111111000111
0011111110000001
0011111110000111
0011111110111111
0011111100000011
0011111100000111
0011111100001111
0011111101111111
0011111000000001
0011111000000011
0011111000000111
0011111000001111
0011111000111111
0011100000000001
0011100000000111
0011100000001111
0011000000000111
0010000000000011
0111111111111111
0111111111111001
0111111111110001
0111111111110011
0111111111110111
0111111111101111
0111111111000001
0111111110111111
0111111110000111
0111111110000001
0111111110000011
0111111110001111
0111111100000011
0111111100000001
0111111100001111
0111111101111111
0111111000000001
0111111000000111
0111111000001111
0111111000011111
0111111011111111
0111110000000001
0111110000000011
0111110000000111
0111110000001111
0111110000011111
0111110001111111
0111000000000011
0111000000000001
0111000000001111
0111000000011111
0110000000001111
0100000000000111
11111111111111111
11111111111111101
11111111111111001
11111111111111011
11111111111110001
11111111111110011
11111111111110111
11111111111100001
11111111111100011
11111111111100111
11111111111101111
11111111111000001
11111111111000011
11111111111000111
11111111111001111
11111111111011111
11111111110000001
11111111110000011
11111111110000111
11111111110001111
11111111110011111
11111111110111111
11111111100000001
11111111100000011
11111111100000111
11111111100001111
11111111100011111
11111111100111111
11111111101111111
11111111000000001
11111111000000011
11111111000000111
11111111000001111
11111111000011111
11111111000111111
11111111001111111
11111111011111111
11111110000000001
11111110000000011
11111110000000111
11111110000001111
11111110000011111
11111110000111111
11111110001111111
11111110011111111
11111110111111111
11111100000000001
11111100000000011
11111100000000111
11111100000001111
11111100000011111
11111100000111111
11111100001111111
11111100011111111
11111100111111111
11111101111111111
11111000000000001
11111000000000011
11111000000000111
11111000000001111
11111000000011111
11111000000111111
11111000001111111
11111000011111111
11111000111111111
11111001111111111
11111011111111111
11110000000000001
11110000000000011
11110000000000111
11110000000001111
11110000000011111
11110000000111111
11110000001111111
11110000011111111
11110000111111111
11110001111111111
11110011111111111
11110111111111111
11100000000000001
11100000000000011
11100000000000111
11100000000001111
11100000000011111
11100000000111111
11100000001111111
11100000011111111
11100000111111111
11100001111111111
11100011111111111
11100111111111111
11101111111111111
11000000000000001
11000000000000011
11000000000000111
11000000000001111
11000000000011111
11000000000111111
11000000001111111
11000000011111111
11000000111111111
11000001111111101
11000001111111111
11000011111111111
11000111111111111
11001111111111111
11011111111111111
10000000000000001
10000000000000011
10000000000000111
10000000000001111
10000000000011111
10000000000111111
10000000001111111
10000000011111111
10000000111111111
10000001111111111
10000011111111011
10000011111111111
10000111111111111
10001111111111111
10011111111111111
10111111111111111
10111111111000001
00000000000000001
00000000000000011
00000000000000111
00000000000001111
00000000000011111
00000000000111111
00000000001111111
00000000011111111
00000000011111101
00000000111111111
00000000111111101
00000000111111011
00000000111110001
00000001111111111
00000001111111101
00000001111111011
00000001111110111
00000001111100011
00000011111111111
00000011111111011
00000011111110111
00000011111100001
00000011111101111
00000011111000001
00000011111000111
00000011100000001
00000111111111111
00000111111111101
00000111111110111
00000111111110001
00000111111100001
00000111111101111
00000111111000001
00000111111000011
00000111111011111
00000111110000001
00000111110000011
00000111110001111
00000111000000001
00000111000000011
00000110000000001
00001111111111111
00001111111111101
00001111111111011
00001111111101111
00001111111100001
00001111111100011
00001111111000011
00001111111011111
00001111110000001
00001111110000011
00001111110000111
00001111110111111
00001111100000001
00001111100000011
00001111100000111
00001111100011111
00001110000000011
00001110000000111
00001100000000011
00001000000000001
00011111111111111
00011111111111001
00011111111111011
00011111111110111
00011111111011111
00011111111000011
00011111111000001
00011111111000111
00011111110000001
00011111110000111
00011111110111111
00011111100000011
00011111100000111
00011111100001111
00011111101111111
00011111000000001
00011111000000011
00011111000000111
00011111000001111
00011111000111111
00011100000000001
00011100000000111
00011100000001111
00011000000000111
00010000000000011
00111111111111111
00111111111111001
00111111111110001
00111111111110011
00111111111110111
00111111111101111
00111111110111111
00111111110000111
00111111110000001
00111111110000011
00111111110001111
00111111100000011
00111111100000001
00111111100001111
00111111101111111
00111111000000001
00111111000000111
00111111000001111
00111111000011111
00111111011111111
00111110000000001
00111110000000011
00111110000000111
00111110000001111
00111110000011111
00111110001111111
00111000000000011
00111000000000001
00111000000001111
00111000000011111
00110000000001111
00100000000000111
01111111111111111
01111111111110011
01111111111100011
01111111111100111
01111111111101111
01111111111011111
01111111110000011
01111111101111111
01111111100001111
01111111100000011
01111111100000111
01111111100011111
01111111000000111
01111111000000001
01111111000000011
01111111000011111
01111111011111111
01111110000000001
01111110000000011
01111110000001111
01111110000011111
01111110000111111
01111110111111111
01111100000000011
01111100000000111
01111100000001111
01111100000011111
01111100000111111
01111100011111111
01111000000000001
01110000000000111
01110000000000011
01110000000011111
01110000000111111
01100000000011111
01000000000000001
01000000000001111
distribution: P(0) = 0.0284057	P(1) = 0.971594	
transitions: T(0) = 1	T(1) = 0	
P(state): 0.533458

State number: 1
1111111111111110
1111111111111100
1111111111111000
1111111111110000
1111111111100000
1111111111000000
1111111110000000
1111111100000000
1111111000000000
1111111001111110
1111110000000000
1111110000000110
1111110000001110
1111110000111110
1111110001111110
1111110011111110
1111110011111100
1111110111111110
1111100000000000
1111100000001110
1111100000001100
1111100000011100
1111100001111110
1111100001111100
1111100011111100
1111100111111100
1111100111111000
1111101111111110
1111101111111100
1111000000000000
1111000000000110
1111000000001110
1111000000011110
1111000000011100
1111000000011000
1111000000111000
1111000001111110
1111000011111100
1111000011111000
1111000111111000
1111001111111000
1111001111110000
1111011111111100
1111011111111000
1110000000000000
1110000000000110
1110000000001110
1110000000001100
1110000000011110
1110000000011100
1110000000111110
1110000000111100
1110000000111000
1110000000110000
1110000001111110
1110000001110000
1110000011111110
1110000011111100
1110000111111110
1110000111111000
1110000111110000
1110001111110000
1110011111111110
1110011111110000
1110011111100000
1110111111111000
1110111111110000
1100000000000000
1100000000001100
1100000000011100
1100000000011000
1100000000111110
1100000000111100
1100000000111000
1100000001111100
1100000001111000
1100000001110000
1100000001100000
1100000011111100
1100000011100000
1100000111111110
1100000111111100
1100000111111000
1100001111111100
1100001111110000
1100001111100000
1100011111100000
1100111111111100
1100111111100000
1100111111000000
1101111111110000
1101111111100000
1000000000000000
1000000000011000
1000000000111110
1000000000111000
1000000000110000
1000000001111110
1000000001111100
1000000001111000
1000000001110000
1000000011111000
1000000011110000
1000000011100000
1000000011000000
1000000111111000
1000000111000000
1000001111111100
1000001111111110
1000001111111000
1000001111110000
1000011111111000
1000011111100000
1000011111000000
1000111111111110
1000111111000000
1001111111111110
1001111111111000
1001111111000000
1001111110000000
1011111111111110
1011111111100000
1011111111000000
0000000000000000
0000000000000010
0000000000000110
0000000000000100
0000000000001110
0000000000001100
0000000000001000
0000000000011110
0000000000011100
0000000000011000
0000000000010000
0000000000111110
0000000000111100
0000000000111000
0000000000110000
0000000000100000
0000000001111110
0000000001111100
0000000001111000
0000000001110000
0000000001100000
0000000001000000
0000000011111110
0000000011111100
0000000011111000
0000000011110000
0000000011100000
0000000011000000
0000000010000000
0000000111111110
0000000111111100
0000000111111000
0000000111110000
0000000111100000
0000000111000000
0000000110000000
0000000100000000
0000001111111110
0000001111111100
0000001111111000
0000001111110000
0000001111100000
0000001111000000
0000001110000000
0000001100000000
0000001000000000
0000011111111110
0000011111111100
0000011111111000
0000011111110000
0000011111100000
0000011111000000
0000011110000000
0000011100000000
0000011000000000
0000010000000000
0000111111111110
0000111111111100
0000111111111000
0000111111110000
0000111111100000
0000111111000000
0000111110000000
0000111100000000
0000111000000000
0000110000000000
0000100000000000
0001111111111110
0001111111111100
0001111111111000
0001111111110000
0001111111100000
0001111111000000
0001111110000000
0001111100000000
0001111000000000
0001110000000000
0001100000000000
0001000000000000
0011111111111110
0011111111111100
0011111111111000
0011111111110000
0011111111100000
0011111111000000
0011111110000000
0011111100000000
0011111000000000
0011110000000000
0011100000000000
0011000000000000
0010000000000000
0111111111111100
0111111111111110
0111111111111000
0111111111110000
0111111111100000
0111111111000000
0111111110000000
0111111100000000
0111111000000000
0111110000000000
0111100000000000
0111000000000000
0110000000000000
0100000000000000
11111111111111110
11111111111111100
11111111111111000
11111111111110000
11111111111100000
11111111111000000
11111111110000000
11111111100000000
11111111000000000
11111111001111110
11111110000000000
11111110000000110
11111110000001110
11111110000111110
11111110001111110
11111110011111110
11111110011111100
11111110111111110
11111100000000000
11111100000001110
11111100000001100
11111100000011100
11111100001111110
11111100001111100
11111100011111100
11111100111111100
11111100111111000
11111101111111110
11111101111111100
11111000000000000
11111000000000110
11111000000001110
11111000000011110
11111000000011100
11111000000011000
11111000000111000
11111000001111110
11111000011111100
11111000011111000
11111000111111000
11111001111111000
11111001111110000
11111011111111100
11111011111111000
11110000000000000
11110000000000110
11110000000001110
11110000000001100
11110000000011110
11110000000011100
11110000000111110
11110000000111100
11110000000111000
11110000000110000
11110000001111110
11110000001110000
11110000011111110
11110000011111100
11110000111111110
11110000111111000
11110000111110000
11110001111110000
11110011111111110
11110011111110000
11110011111100000
11110111111111000
11110111111110000
11100000000000000
11100000000001100
11100000000011100
11100000000011000
11100000000111110
11100000000111100
11100000000111000
11100000001111100
11100000001111000
11100000001110000
11100000001100000
11100000011111100
11100000011100000
11100000111111110
11100000111111100
11100000111111000
11100001111111100
11100001111110000
11100001111100000
11100011111100000
11100111111111100
11100111111100000
11100111111000000
11101111111110000
11101111111100000
11000000000000000
11000000000011000
11000000000111110
11000000000111000
11000000000110000
11000000001111110
11000000001111100
11000000001111000
11000000001110000
11000000011111000
11000000011110000
11000000011100000
11000000011000000
11000000111111000
11000000111000000
11000001111111100
11000001111111110
11000001111111000
11000001111110000
11000011111111000
11000011111100000
11000011111000000
11000111111111110
11000111111000000
11001111111111110
11001111111111000
11001111111000000
11001111110000000
11011111111111110
11011111111100000
11011111111000000
10000000000000000
10000000000111110
10000000000110000
10000000001111110
10000000001111100
10000000001110000
10000000001100000
10000000011111110
10000000011111100
10000000011111000
10000000011110000
10000000011100000
10000000111111110
10000000111110000
10000000111100000
10000000111000000
10000000110000000
10000001111110000
10000001110000000
10000011111111000
10000011111111110
10000011111111100
10000011111110000
10000011111100000
10000111111110000
10000111111000000
10000111110000000
10001111111111110
10001111111111100
10001111110000000
10011111111111100
10011111111110000
10011111110000000
10011111100000000
10111111111111110
10111111111111100
10111111110000000
00000000000000000
00000000000000010
00000000000000110
00000000000000100
00000000000001110
00000000000001100
00000000000001000
00000000000011110
00000000000011100
00000000000011000
00000000000010000
00000000000111110
00000000000111100
00000000000111000
00000000000110000
00000000000100000
00000000001111110
00000000001111100
00000000001111000
00000000001110000
00000000001100000
00000000001000000
00000000011111110
00000000011111100
00000000011111000
00000000011110000
00000000011100000
00000000011000000
00000000010000000
00000000111111110
00000000111111100
00000000111111000
00000000111110000
00000000111100000
00000000111000000
00000000110000000
00000000100000000
00000001111111110
00000001111111100
00000001111111000
00000001111110000
00000001111100000
00000001111000000
00000001110000000
00000001100000000
00000001000000000
00000011111111110
00000011111111100
00000011111111000
00000011111110000
00000011111100000
00000011111000000
00000011110000000
00000011100000000
00000011000000000
00000010000000000
00000111111111110
00000111111111100
00000111111111000
00000111111110000
00000111111100000
00000111111000000
00000111110000000
00000111100000000
00000111000000000
00000110000000000
00000100000000000
00001111111111110
00001111111111100
00001111111111000
00001111111110000
00001111111100000
00001111111000000
00001111110000000
00001111100000000
00001111000000000
00001110000000000
00001100000000000
00001000000000000
00011111111111110
00011111111111100
00011111111111000
00011111111110000
00011111111100000
00011111111000000
00011111110000000
00011111100000000
00011111000000000
00011110000000000
00011100000000000
00011000000000000
00010000000000000
00111111111111100
00111111111111110
00111111111111000
00111111111110000
00111111111100000
00111111111000000
00111111110000000
00111111100000000
00111111000000000
00111110000000000
00111100000000000
00111000000000000
00110000000000000
00100000000000000
01111111111111000
01111111111111110
01111111111111100
01111111111110000
01111111111100000
01111111111000000
01111111110000000
01111111100000000
01111111000000000
01111110000000000
01111100000000000
01111000000000000
01110000000000000
01100000000000000
01000000000000000
distribution: P(0) = 0.967276	P(1) = 0.0327237	
transitions: T(0) = 1	T(1) = 0	
P(state): 0.466542

