State number: 0
0000011111000
0000000001000
0000000011000
0000000111000
0000001111000
0000111111000
0001111111000
0011111111000
0111111111000
1111101111000
1111111111000
1111110001000
1111000001000
1111000011000
1111000111000
1111011111000
1110000001000
1110000011000
1110000111000
1110001111000
1110111111000
1100000001000
1100000011000
1100000111000
1100001111000
1100011111000
1100111111000
1101111111000
1000000001000
1000000011000
1000000111000
1000001111000
1000011111000
1000111111000
1001111111000
1011111111000
00000111111000
00000000001000
00000000011000
00000000111000
00000001111000
00000011111000
00001111111000
00011111111000
00111111111000
01111111111000
11111000001000
11111000011000
11111000111000
11111011111000
11111111111000
11111101111000
11110000001000
11110000011000
11110000111000
11110001111000
11110111111000
11100000001000
11100000011000
11100000111000
11100001111000
11100011111000
11100111111000
11101111111000
11000000001000
11000000011000
11000000111000
11000001111000
11000011111000
11000111111000
11001111111000
11011111111000
10000000001000
10000000011000
10000000111000
10000001111000
10000011111000
10000111111000
10001111111000
10011111111000
10111111111000
distribution: P(0) = 0.961476	P(1) = 0.0385243	
transitions: T(0) = 6	T(1) = 17	
P(state): 0.0239071

State number: 1
0000011111001
0000111110011
0001111100111
0011111001111
00000111110011
00000011111001
00001111100111
00011111001111
distribution: P(0) = 0.25	P(1) = 0.75	
transitions: T(0) = 35	T(1) = 1	
P(state): 6.20964e-05

State number: 2
0000011111111
0000001111111
0000111111111
0001111111111
0001100111111
0011111111111
0011001111111
0111111111111
0111000111111
0110000111111
0110011111111
1111100111111
1111101111111
1111111111111
1111110111111
1111000111111
1111001111111
1111011111111
1110000111111
1110001111111
1110011111111
1110111111111
1100001111111
1100011111111
1100111111111
1101111111111
1000001111111
1000011111111
1000111111111
1001111111111
1011111111111
00000111111111
00000001111111
00000011111111
00001111111111
00001100111111
00011111111111
00011001111111
00111111111111
00111000111111
00110000111111
00110011111111
01111111111111
01111000111111
01110000111111
01110001111111
01100001111111
01100111111111
11111000111111
11111001111111
11111011111111
11111111111111
11111110111111
11111100111111
11111101111111
11110000111111
11110001111111
11110011111111
11110111111111
11100001111111
11100011111111
11100111111111
11101111111111
11000001111111
11000011111111
11000111111111
11001111111111
11011111111111
10000001111111
10000011111111
10000111111111
10001111111111
10011111111111
10111111111111
distribution: P(0) = 0.159957	P(1) = 0.840043	
transitions: T(0) = 7	T(1) = 2	
P(state): 0.114599

State number: 3
0000011100000
0000000100000
0000001100000
0000111100000
0001111100000
0011111100000
0111111100000
1111111100000
1111000100000
1110111100000
1100000100000
1100001100000
1100011100000
1101111100000
1000000100000
1000001100000
1000011100000
1000111100000
1011111100000
00000111100000
00000000100000
00000001100000
00000011100000
00001111100000
00011111100000
00111111100000
01111111100000
11111000100000
11111111100000
11110111100000
11100000100000
11100001100000
11100011100000
11101111100000
11000000100000
11000001100000
11000011100000
11000111100000
11011111100000
10000000100000
10000001100000
10000011100000
10000111100000
10001111100000
10011111100000
10111111100000
distribution: P(0) = 0.916189	P(1) = 0.0838109	
transitions: T(0) = 20	T(1) = 18	
P(state): 0.0218424

State number: 4
0000100000000
0001100000000
0011100000000
0111100000000
1111100000000
1000100000000
00000100000000
00001100000000
00011100000000
00111100000000
01111100000000
11111100000000
11000100000000
10111100000000
distribution: P(0) = 0.835399	P(1) = 0.164601	
transitions: T(0) = 26	T(1) = 12	
P(state): 0.0156638

State number: 5
0000000111111
1000000111111
00000000111111
01000000111111
11000000111111
10000000111111
distribution: P(0) = 0.0916031	P(1) = 0.908397	
transitions: T(0) = 7	T(1) = 2	
P(state): 0.0162692

State number: 6
0000011110000
0000000010000
0000000110000
0000001110000
0000111110000
0001111110000
0011111110000
0111111110000
1111100010000
1111111110000
1111011110000
1110000010000
1110000110000
1110001110000
1110111110000
1100000010000
1100000110000
1100001110000
1100011110000
1101111110000
1000000010000
1000000110000
1000001110000
1000011110000
1000111110000
1001111110000
1011111110000
00000111110000
00000000010000
00000000110000
00000001110000
00000011110000
00001111110000
00011111110000
00111111110000
01111111110000
11111011110000
11111111110000
11111100010000
11110000010000
11110000110000
11110001110000
11110111110000
11100000010000
11100000110000
11100001110000
11100011110000
11101111110000
11000000010000
11000000110000
11000001110000
11000011110000
11000111110000
11001111110000
11011111110000
10000000010000
10000000110000
10000001110000
10000011110000
10000111110000
10001111110000
10011111110000
10111111110000
distribution: P(0) = 0.954793	P(1) = 0.0452073	
transitions: T(0) = 3	T(1) = 17	
P(state): 0.0230533

State number: 7
0000011111110
0000000000010
0000000000110
0000000001110
0000000011110
0000001111110
0000111111110
0001111111110
0011111111110
0111111111110
1111100000010
1111100000110
1111100001110
1111100011110
1111101111110
1111111111110
1111111011110
1111110000010
1111110000110
1111110001110
1111110111110
1111000000010
1111000000110
1111000001110
1111000011110
1111000111110
1111001111110
1111011111110
1110000000010
1110000000110
1110000001110
1110000011110
1110000111110
1110001111110
1110011111110
1110111111110
1100000000010
1100000000110
1100000001110
1100000011110
1100000111110
1100001111110
1100011111110
1100111111110
1101111111110
1000000000010
1000000000110
1000000001110
1000000011110
1000001111110
1000011111110
1000111111110
1001111111110
1011111111110
00000111111110
00000000000110
00000000000010
00000000001110
00000000011110
00000001111110
00000011111110
00001111111110
00011111111110
00111111111110
01111111111110
01111110000010
01110000000010
01110000001110
01100000000110
01100000111110
01000000000010
11111000000010
11111000000110
11111000001110
11111000011110
11111000111110
11111001111110
11111011111110
11111111011110
11111111111110
11111110000010
11111110000110
11111110001110
11111110111110
11111100000010
11111100000110
11111100001110
11111100011110
11111101111110
11110000000010
11110000000110
11110000001110
11110000011110
11110000111110
11110001111110
11110011111110
11110111111110
11100000000010
11100000001110
11100000011110
11100000111110
11100001111110
11100011111110
11100111111110
11101111111110
11000000000010
11000000000110
11000000001110
11000000011110
11000001111110
11000011111110
11000111111110
11001111111110
11011111111110
10000000000010
10000000000110
10000000001110
10000000011110
10000001111110
10000011111110
10000111111110
10001111111110
10011111111110
distribution: P(0) = 0.990626	P(1) = 0.00937395	
transitions: T(0) = 28	T(1) = 17	
P(state): 0.023224

State number: 8
0000000011111
0100000011111
1100000011111
1000000011111
00000000011111
00100000011111
01100000011111
01000000011111
11100000011111
11000000011111
10000000011111
distribution: P(0) = 0.0659537	P(1) = 0.934046	
transitions: T(0) = 33	T(1) = 5	
P(state): 0.0174336

State number: 9
0000000001111
0010000001111
0110000001111
0100000001111
1110000001111
1100000001111
1000000001111
00000000001111
00010000001111
00110000001111
00100000001111
01110000001111
01100000001111
01000000001111
11110000001111
11100000001111
11000000001111
10000000001111
distribution: P(0) = 0.0458989	P(1) = 0.954101	
transitions: T(0) = 7	T(1) = 8	
P(state): 0.0183184

State number: 10
0000000000111
0001000000111
0011000000111
0010000000111
0111000000111
0110000000111
0100000000111
1111000000111
1110000000111
1100000000111
1000000000111
00000000000111
00001000000111
00011000000111
00010000000111
00111000000111
00110000000111
00100000000111
01111000000111
01110000000111
01100000000111
01000000000111
11111000000111
11110000000111
11100000000111
11000000000111
10000000000111
distribution: P(0) = 0.0395434	P(1) = 0.960457	
transitions: T(0) = 7	T(1) = 9	
P(state): 0.0190946

State number: 11
0000000000011
0000100000011
0001100000011
0001000000011
0011100000011
0011000000011
0010000000011
0111100000011
0111000000011
0110000000011
0100000000011
1111100000011
1111000000011
1110000000011
1100000000011
1000000000011
00000100000011
00000000000011
00001100000011
00001000000011
00011100000011
00011000000011
00010000000011
00111100000011
00111000000011
00110000000011
00100000000011
01111100000011
01111000000011
01110000000011
01100000000011
01000000000011
11111000000011
11111100000011
11110000000011
11100000000011
11000000000011
10000000000011
distribution: P(0) = 0.0184221	P(1) = 0.981578	
transitions: T(0) = 7	T(1) = 10	
P(state): 0.0194362

State number: 12
0000010000001
0000000000001
0000110000001
0000100000001
0001110000001
0001100000001
0001000000001
0011110000001
0011100000001
0011000000001
0010000000001
0111110000001
0111100000001
0111000000001
0110000000001
0100000000001
1111100000001
1111110000001
1111000000001
1110000000001
1100000000001
1000000000001
00000110000001
00000100000001
00000000000001
00000010000001
00001110000001
00001100000001
00001000000001
00011110000001
00011100000001
00011000000001
00010000000001
00111110000001
00111100000001
00111000000001
00110000000001
00100000000001
01111100000001
01111110000001
01111000000001
01110000000001
01100000000001
01000000000001
11111000000001
11111110000001
11111100000001
11110000000001
11100000000001
11000000000001
10000000000001
10001000000001
10011110000001
distribution: P(0) = 0.0207762	P(1) = 0.979224	
transitions: T(0) = 7	T(1) = 11	
P(state): 0.0198087

State number: 13
0000110011111
0011100011111
0011000011111
0111100011111
0111000011111
1111100011111
1111111011111
1111110011111
1111000011111
1100000111111
00000110011111
00011100011111
00011000011111
00111100011111
00111000011111
01111100011111
01111111011111
01111110011111
01111000011111
01100000111111
11111000011111
11111111011111
11111110011111
11111100011111
11100000111111
distribution: P(0) = 0.101961	P(1) = 0.898039	
transitions: T(0) = 7	T(1) = 2	
P(state): 0.00405179

State number: 14
0000011001111
0001110001111
0001100001111
0011110001111
0011100001111
0111110001111
0111111101111
0111111001111
0111100001111
0110000011111
1111100001111
1111111101111
1111111001111
1111110001111
1110000011111
00000011001111
00001110001111
00001100001111
00011110001111
00011100001111
00111110001111
00111111101111
00111111001111
00111100001111
00110000011111
01111100001111
01111111101111
01111111001111
01111110001111
11111111001111
11111111101111
11111110001111
11111100001111
11110000011111
distribution: P(0) = 0.0618182	P(1) = 0.938182	
transitions: T(0) = 7	T(1) = 13	
P(state): 0.00439332

State number: 15
0000001100111
0000111000111
0000110000111
0001111000111
0001110000111
0011111000111
0011111110111
0011111100111
0011110000111
0011000001111
0111110000111
0111111110111
0111111100111
0111111000111
1111111100111
1111111110111
1111111000111
1111110000111
1111000001111
00000111000111
00000110000111
00000001100111
00001111000111
00001110000111
00011111000111
00011111110111
00011111100111
00011110000111
00011000001111
00111110000111
00111111110111
00111111100111
00111111000111
01111111100111
01111111110111
01111111000111
01111110000111
01111000001111
11111000001111
11111111000111
11111111110111
11111111100111
11111110000111
distribution: P(0) = 0.0429553	P(1) = 0.957045	
transitions: T(0) = 7	T(1) = 14	
P(state): 0.00454856

State number: 16
0000011100011
0000011000011
0000000110011
0000111100011
0000111000011
0001111100011
0001111111011
0001111110011
0001111000011
0001100000111
0011111000011
0011111111011
0011111110011
0011111100011
0111111110011
0111111111011
0111111100011
0111111000011
0111100000111
1111100000111
1111111100011
1111111111011
1111111110011
1111111000011
00000111100011
00000111000011
00000000110011
00000011100011
00000011000011
00001111100011
00001111111011
00001111110011
00001111000011
00001100000111
00011111000011
00011111111011
00011111110011
00011111100011
00111111110011
00111111111011
00111111100011
00111111000011
00111100000111
01111100000111
01111111100011
01111111000011
11111111000011
11111111111011
11111111110011
11111111100011
11111100000111
distribution: P(0) = 0.0137931	P(1) = 0.986207	
transitions: T(0) = 7	T(1) = 15	
P(state): 0.00457961

State number: 17
0000011110001
0000011100001
0000000011001
0000001110001
0000001100001
0000111110001
0000111111101
0000111111001
0000111100001
0000110000011
0001111100001
0001111111101
0001111111001
0001111110001
0011111111001
0011111111101
0011111110001
0011111100001
0011110000011
0111110000011
0111111110001
0111111100001
1111111100001
1111111111101
1111111111001
1111111110001
1111110000011
00000111110001
00000111111101
00000111111001
00000111100001
00000110000011
00000000011001
00000001110001
00000001100001
00000011110001
00000011100001
00001111100001
00001111111101
00001111111001
00001111110001
00011111111001
00011111111101
00011111110001
00011111100001
00011110000011
00111110000011
00111111110001
00111111100001
01111111100001
01111111111101
01111111111001
01111111110001
01111110000011
11111111111001
11111111111101
11111111110001
11111111100001
11111110000011
10011111110001
10011111100001
distribution: P(0) = 0.0069808	P(1) = 0.993019	
transitions: T(0) = 7	T(1) = 16	
P(state): 0.00445541

State number: 18
0000011000001
0001111000001
0011111000001
0111111000001
1111111000001
00000011000001
00001111000001
00011111000001
00111111000001
01111111000001
11111111000001
distribution: P(0) = 0.017094	P(1) = 0.982906	
transitions: T(0) = 7	T(1) = 17	
P(state): 0.00181632

State number: 19
0000010000000
0000110000000
0001110000000
0011110000000
0111110000000
1111110000000
1100010000000
1011110000000
00000110000000
00000010000000
00001110000000
00011110000000
00111110000000
01111110000000
11111110000000
11100010000000
11011110000000
10000010000000
10000110000000
10001110000000
10111110000000
distribution: P(0) = 0.864123	P(1) = 0.135877	
transitions: T(0) = 4	T(1) = 12	
P(state): 0.0181166

State number: 20
0000011000000
0000001000000
0000111000000
0001111000000
0011111000000
0111111000000
1111111000000
1110001000000
1101111000000
1000001000000
1000011000000
1000111000000
1011111000000
00000111000000
00000001000000
00000011000000
00001111000000
00011111000000
00111111000000
01111111000000
11111111000000
11110001000000
11101111000000
11000001000000
11000011000000
11000111000000
11011111000000
10000001000000
10000011000000
10000111000000
10001111000000
10111111000000
distribution: P(0) = 0.914443	P(1) = 0.0855573	
transitions: T(0) = 19	T(1) = 12	
P(state): 0.0198864

State number: 21
1100111100000
11100111100000
distribution: P(0) = 1	P(1) = 0	
transitions: T(0) = 23	T(1) = NULL	
P(state): 1.55241e-05

State number: 22
10000000000000
distribution: P(0) = 0.880829	P(1) = 0.119171	
transitions: T(0) = 29	T(1) = 12	
P(state): 0.0059923

State number: 23
1001111000000
11001111000000
distribution: P(0) = 0	P(1) = 1	
transitions: T(0) = NULL	T(1) = 12	
P(state): 1.55241e-05

State number: 24
0100000000000
1100000000000
00100000000000
01100000000000
11100000000000
distribution: P(0) = 0.811388	P(1) = 0.188612	
transitions: T(0) = 30	T(1) = 12	
P(state): 0.00872454

State number: 25
0010000000000
0110000000000
1110000000000
00010000000000
00110000000000
01110000000000
11110000000000
distribution: P(0) = 0.809798	P(1) = 0.190202	
transitions: T(0) = 24	T(1) = 12	
P(state): 0.0107737

State number: 26
0001000000000
0011000000000
0111000000000
1111000000000
00001000000000
00011000000000
00111000000000
01111000000000
11111000000000
distribution: P(0) = 0.82217	P(1) = 0.17783	
transitions: T(0) = 25	T(1) = 12	
P(state): 0.0131023

State number: 27
1110011110000
11110011110000
distribution: P(0) = 1	P(1) = 0	
transitions: T(0) = 21	T(1) = NULL	
P(state): 1.55241e-05

State number: 28
0000011111100
0000000000100
0000000001100
0000000011100
0000000111100
0000111111100
0001111111100
0011111111100
0111111111100
1111100000100
1111100001100
1111100011100
1111101111100
1111111111100
1111110111100
1111000000100
1111000001100
1111000011100
1111000111100
1111011111100
1110000000100
1110000001100
1110000011100
1110000111100
1110001111100
1110011111100
1110111111100
1100000000100
1100000001100
1100000011100
1100000111100
1100001111100
1100011111100
1100111111100
1101111111100
1000000000100
1000000001100
1000000011100
1000000111100
1000001111100
1000011111100
1000111111100
1001111111100
1011111111100
00000111111100
00000000000100
00000000001100
00000000011100
00000000111100
00000011111100
00001111111100
00011111111100
00111111111100
01111111111100
11111000000100
11111000001100
11111000011100
11111000111100
11111011111100
11111111111100
11111110111100
11111100000100
11111100001100
11111100011100
11111101111100
11110000000100
11110000001100
11110000011100
11110000111100
11110001111100
11110011111100
11110111111100
11100000000100
11100000001100
11100000011100
11100000111100
11100001111100
11100011111100
11100111111100
11101111111100
11000000000100
11000000001100
11000000011100
11000000111100
11000001111100
11000011111100
11000111111100
11001111111100
11011111111100
10000000000100
10000000001100
10000000011100
10000000111100
10000011111100
10000111111100
10001111111100
10011111111100
10111111111100
distribution: P(0) = 0.979441	P(1) = 0.0205595	
transitions: T(0) = 0	T(1) = 17	
P(state): 0.0230533

State number: 29
0000000000000
00000000000000
distribution: P(0) = 0.989568	P(1) = 0.0104321	
transitions: T(0) = 29	T(1) = 12	
P(state): 0.534324

State number: 30
1000000000000
01000000000000
11000000000000
distribution: P(0) = 0.848352	P(1) = 0.151648	
transitions: T(0) = 22	T(1) = 12	
P(state): 0.00707899

State number: 31
0000001111100
00000001111100
10000001111100
distribution: P(0) = 0.986486	P(1) = 0.0135135	
transitions: T(0) = 0	T(1) = 1	
P(state): 0.00114878

State number: 32
1111001111000
11111001111000
distribution: P(0) = 1	P(1) = 0	
transitions: T(0) = 27	T(1) = NULL	
P(state): 1.55241e-05

State number: 33
0000000111110
1000000111110
00000000111110
11000000111110
10000000111110
distribution: P(0) = 1	P(1) = 0	
transitions: T(0) = 31	T(1) = NULL	
P(state): 0.00114878

State number: 34
1111100111100
01111100111100
distribution: P(0) = 1	P(1) = 0	
transitions: T(0) = 32	T(1) = NULL	
P(state): 1.55241e-05

State number: 35
0111110011110
00111110011110
distribution: P(0) = 1	P(1) = 0	
transitions: T(0) = 34	T(1) = NULL	
P(state): 1.55241e-05

