00000000111111111100000000011111111111110000000000000000000000111111111110000000000000111111100000011111111111100000000000000000000111111110000000011111111000000000000000000011111111111111000000000000000001111111111111111111111100000000000000000000000000100000000111111111111110000011111111111111111100000000000011111111110000000001111111111000000000000000000111000000001111100000000000111111111111001111111110000000001111111111111110000000000001111111100000000000000000000000000000000000000010000000
11111000111110000000001111000000111111111110000000011111111111100000000111111111111111000000000000001111111111111100000000000011100000000000011111111111111111111111111111110000000000001111111111111111111110000000111111000000000000000111000000011111111000000011111111000000111111100000000000000000000000011111111100000000000000111111111111100000000011111111110000001111111111111111111111000000000000000000000011111111111110000000111111111000000011111111000000000000000000001100000000000000000111100000
11111100111111000000001111111000000000000000000000000111111111111111111111111110000011111111111111111111111111100000011111100000000011111111111110000000011111111100000000000000000011111111100111111111100001111111111000000000001111110000011111111111111111000000000001111111111111111100000000111111110000000011111111000000011111111000000001111111111100000000001111111111000000001111111110000000000011111111000000000000000001111111000000000000111110000000000000000000001100000001100000000001000000001111
00000111110000011110000001111111111111000000001111111111111111000000011111111111000000000111111111111111111111111111111100000000000000000001111111100000001111110000011111111110000000011111100000000111111111110000011111111000000000000000000111111100000011111111000000001111111111111000000000011111110000000011111100000000001111111000000000000000000000000000000000011111111110000000011111110000110000000001111111110000000011111111000000000000000000111111100011111111000001111000000001111111111111000000
11100001111111110001111111111100000000001111111110000001111111111000000111111000000000000001111111111100000000001111111111111111000000000000111111000000000000000111111111111100000111111111111111111111111111110000000000000000001111100000001110000000000000000001111111111111111111111111111100000000000000001110000000011111111111100000000000001111111111110000000000000001111111100000000000000000000000000000000000011111111111111111111111111111111101111111111111000111111110000011111111000011100000011111
00001111100000011111100000000000000000011111111111000000000000000111111110000000000000011111111111111111100000000111111111000001111110000011111111111100000000000111111111100000000000001111111111111111000000000111111111110000000000111111111111111100000000000000000000111111111111111110000000000000111111111110001111111111111111111000000000000000000000000000000000011111111000000000000000011111100000000011111100000001111111111100001111111111111111111111111111111111111111111111111111111111111111110000
11111000000110000000111111000001111111111111111111111000000000011111111111111100001111111111111111000000000011111100000000000000000000000000000001111111111110000000011111000000000000111111111000000011111111111111111000000000000000011000000000011111111110000011110000000000000000000000000001111111111100000111110000000111111000000000011000000000000111111111100000001111111111000000000000111111111111100000000000000000001111111111111000111111000000001111110000000000000111110000000111110000000001000000
00000111100000011111111111111110000001111111111111000000001111111111111111111111100000111111111100001111111111000000001111111000000000000111111100000000111111110000000111111111111000000000111111110000011111100000000111111111000000000000011111111000000000000001111111000000001111111111110000000000001111111111000000000000000011111111000000000000111111111100000000000000000000000000000000011111111111110000111110000000000000000001111111111111111111111100000001111111111111111111111000001111111000001111
11111000001111000000111111111111111000011111111111111111100000000001111111110000000000000000000000000000000011110000000000011111111111111110000000000000000011111111111111111000001111111111111111111100000011110000000000000000111111111111111111111111111111111100000000111110000000001111111100000000000000000111111110000000011111111000000011100000000000011111111111101111111111111100000000001111111000000000111111111111111111111100000000000111111111111111111111111111000000000001111111111100000011111111
00000000000011111111111111111111100000001111111111111111111111110000001111100000000011110000000000000000000111100000000001111100000000111111000001111111111110000111111111000000001111111110000000000000000000000000111111111000000011111111110001111110000000011111100000000111111111111111000000001111111110000000000000000000110000000000111111111111111100000000000000000111111111110000000000000001111111111100000000000011111110000000000000000001111111100000000000001111111000000000000000000000000000001111
11111000001111100000000111111111110000000000000000000000000011111110000000000000000000111111110000011111111111111111110000000000011111100000001111111110000000000001111111111111111111111111111110000000111111100000001111110000000111110000000111111111111111000000000011111111110000000000000111111111111100000000000011111111000011111111111100000001111100000000111111111111111111110000000000011111111100000000011111111111111111110000000011111111111000000011111000000000000000000000000000000000000011100000
11110000001111111111111100000011111110000000000001111111111111111100001111111100000000000000111111100000000001111000000000000000000111111111111111111000000000000011111111111111111111111110000000000000000000000010000000001111110000000000000000000100000000000000111111111111111111000000000000000000000001111111100000000111111111000000000111111111100000000000111111100000011111111111111111111000000011111111110000001111111111000000000111111111110000000000011111111111111111111111111111111111111111100000
00000100000000000000000111111111111110000000111111111100000000011111111111111100000000000111111111111111001111111111110000000000000000000000011110000000001111110000000000000011111111111111111111111111000000000000000000111110000000011111111111111000000000001111111100000000000111111111111111100000000000111111111111111111101111111111000000000011111110000000000000000001111111111111100000000000001111111111000000000000000011111111110000000000011111110000000001111111111100000111111111111111110001111111
11110000001111100000000000011111111111111111100000001111100011111111100011111111100000001111111000000000001111111111110000011111000000000011111100011100000000011111111100000000111110000000111111111111111111111111111000000000000000000011111111111100000000001111111111111111100000000000011111111111000000000000011111111000000000011111111000000001111111110000000000000111111111100000000111100000000000011111100000111111111111111111111111111111111000000011111111111111111111111100000000000000000111100000
00000111110000011111100000000000111111111111111111111111111111000000000000111111111100001111111111111110000000000000000000000000000000000111111100000001111111000000000000000001111111111111111111111111111110000000000000000000000111100000111111111110001111000011111111110000000000111111111100000000000000000000000111111111111111100000001111111111100000000000000000001111111100000000000000011111111000000000011111111110000000000000111111111111110000000001111111111111111111111100000011111000111111100000
00000111100000011111110000001111111100000000111111111110000000000111111110000000000000111111111111111111111000000000000011111111100000011111110000000111110000000000000111111111111110000111111111110000001111111110000000111111110000000011000000000001100000000111111100001111111111100000000100000000001111100000111111111111111100000000000000000000001111111111100000001111111000000011111111111011111111100000000000000000000000000000000000000000000000011111111111100000000000011111111111111100001111110000
11110000000000000001111111111111111111100000000000000000011111111000000011111111111000000000111111111111100000000000111111100000000000000000000000000000000111111111111111111111111111111000000111100000000001111100000001111111000000011111111000011111100000000001111000000000000001111111110000000011111111100011111111100000000111111000000000000011111111000000000000000000001111111110000001111111111111111111111001111111110000001111111111111101111111111111111111111111111111111111111000000001100000011111
00000111110000001111111111111100000001111111111111000000001111111111111000000000111111100000000011111000000000111000000111111110011111111000000001111111110000000111111111111111111111110000000001111111111000000000111111111000000000000001111110000000001111111000000001111110000000000011111111111111110000000111111100000000001111111000000000000001111111110000000000000000111111111000111111111111111111111100000000000000000000111111000001111111111111000000000000111111111111111000001111111000000111100000
00000111110000011110000000111111111111111111111111111000111111111111111111111111111000000000011111110000000011111111100000111110000000011111111111111111100000000000000000000000000000111111100001111111111111111111111000001111111111111111100000000011111111110111111100000000011000000000000111111111111111110000000000111110000000000000000000000011111111111000000111111111100000011110000011111111111100000000111111111111111000000000000000000000001111111110000000000000111111111111111111111111000000000000
11111111111111100000000000000000000000000001111111111111111110000000000000000000000011111111000000011111111111111111100000000000000000000000000000011111111111111111111111111111110000000000000000000111111111000000111111111111111111111111111111111000000000000000000011111111111111111000000000011111000000011111100011111111111000000001111110000000000000000000001111111111111000000000000000001111111000000011111100000011111100000011111110000000011111111111111111000000000001110000000001111100011111000000
11111111111111000000000000000000000000011111000000000001111111111111111110000000000000000011111111111111111111111110000000011110000000111111110000000000111111111000011111111111000000001111111000011111111100000000011000000000000000000000000000011111111110011111111111000000001111111000000000000001111111111111111111000000000111111111000000000011111111111001111111100000000001111111111110000000001111111111111111111111111111111111111111111111111111110000001111111111000011111111111111111111111111110000
00001111000000011111111111111000000000000000001111111000000111111111111000000000111100000001111111111000000011111111100000000000000000000000000001111111000111111111000000001111100000001111111000001111111100000000000000000000011111111100000000000111111111110000000000111111111111110000011111111000000111111111000001111111100000000001111111111000000000111111000000000011111110000111111110000011000000000000000011111111111111111110000000000000001111111111111000000000111111100000000000001111110000011111
11111000001110000000111111111111110000000111000000111111000000001111111110000000111111000000000111111111111111110000000011111111111000000001111100000001111110000000001111111100000000001111111000111111111111110001111111111100000000000000111111110000001111111000000000111111111111000000000000000111111111111100000000000000000000000000011111111111111000000011111110000000001111100000000000000001111111111110000000000011111111111000000000011111111100000000000001111111111000000000000111110000000111100000
00000111111111111100000000000000000011000011111111111111100000000000011111111111111111111100000000111111111000000000000001111111111000000000111111000000000000000000000001111111111111111111111100000000000000111111111111100000011111000000000000000111111111111111100000000111100000001111100000000011111111100000011111110000001111000000011111111111111111111111111111100000000001111000000111111110000001111111100000000000000111111110000000010000111111111110000000000000000111111111111100000000111110111111
00000111100000000110000001111111111111111111000000000001111111111110000000111111000000000001111110000000000001111111111110000000000011111111100000000000011111111100000111111111111000000000000011111110000001111111110000011111111111000000000000111111111111101111111100000000000000000000000000011111111100011111110000000000111111110000000000011111111110000000000011111000001111111100000111111111110000000000000111111111100000000011111000011111111100001111111100000000000011111110000001110000000111100000
00001111110000011100000001111111111100000000000000000000011111111111000001111111000000001111000000000000000011111111111000011111111110000000000000111111110000000000000000000111111111100000001111111111000000111111000000000111111000001111111000000011111111111111100000001111111110000000000000000000000000111111110000000000111111111111111100000011111111000000000000000111111110000000000000000011111111111111111100000011111111110000111111111111000000001111111111111000011111111111111111111111111111111111
00000000000011111111111110000000011111111111111111111111111110000000011111110000000011111111111111100000000001111111111111111111110000011111111111110000000000111111111111111111100000000011111000000000000111111111111100000000111111111000000000011111111111100000000000000000011111111111110000000000000011111111111110000000000000000000000111111111101111111110000000111111111000000000000000001111110000000000111111111111111111111111111111000000000111111110000000000001111110000000000000000000000000001111
00000011111111110001111111111111100000000001111110000000011111000000001111111111111111100000000000000111111000000000011111111000000011111100000000000000000000011111111111111111111110000000000000000000111111111111111111110000000000111111000000001111111111111000000000000000111110000000000111111000000001111111100111111111110000000000000001111100000000000000001111111111110000011111110000000011111111111111111111111111000001111111110000000001111111100000111111111110000001111111111111111111111111111000
00000111100000000000000001111111111111111111111100000000000000001111111110000000011111111110000000000111111111100000000000000111111110000000000000000000000000011111111111000000011111111111111111111111100000000000000011111111110000000001111111111100000000111111111111000000000011110000000000001111111000000001111110000000011111000000011111111111111000000000111111110000000001111111111111111111110000000001111100000001111100000000111111111111111111111111100000111111110000000111111111100000001111100000
11110000001111110011111110000001100000000011111111111111111111100000111111111111111110000000000001100000001111111111000000111111111110000000000000000000000011111111111110011111111110000000111000000000011111111100111111111111111111100000000001111000000001111111100000000011111111100000000000000000001111111111111110000001111111000000000000000000011111111111110000000011000000001111111111100000000111111111111111111110000000000001111111111111100000000000011111111110000000011111100000000000011111100000
00000111100000011111000000111110000111111100000000000011111111111110000000001111100000000011111110000000001111111100000000001111110000000000000000000011111111111110000000001111111111111111000000000001111111111000000000000011111110000000011000001111111111100000000000001111111111111111111100000000111110000000000000000011111111111111110000000001111111100000000000000000000111111111111100111111110000111111111100000111111111111100000011111111111111110000111111100001111110000011111111000011110000011111
11111000001111110000000000000011111111000000011111111110000001111111111111111111000000000000000000000011111111000000011111111000000000000000000011111111110000111111111000000000111111100001111111111000001111111110000000000000000111111111000000001110000000000000000001111111111111100000000111111111110000000011111110000011111111111000000000000000011111111100000000011111111100000000000000000000111111111000001111111111111000000000000000000111111110000000001111111111111111100000000000001111000000001111
00000001111000111111111111111000011111100000000001111111111111111111111110001111111000000000000111111111111111111111100000000000000000000111110000000111111111100000000000000000001111111111111111111111111111111000000000000000000011111111111111111111000000000000000000011111100000000000111111110000000000111111111101111111111111100000011111100000000000001111111111000000001111111111111000000000000000001111111111111111100000000000001111110000011111111100000111111111000000000000000000000000111111110000
10000000000011111111100000001111111111111111111000000000111111111000000001111100000000001111111111111111000000011111111000000000000000000000011000000011111110000000000000000000011111111111111111111111111110000000000000000000000000000000001111111111100000000000000011111111111100000000000000000000000000000000111111111111111000001111111111111111111100000000011111111111100111111111111111111111111111000000001111111000000000011111111111110000000001111111111111111111111111111111111111101111111111111111
11111000001111110000000000001111111000000111111111111111100000011111111111100000111111111111111110000000011111111000000111111100000000000000000111111110000111111000000000000000011100011111111100001111111111100000000000011111000000000011111100000001111111111111111100000000000000000111111110000000000111111111000000111111110000000000000000111111111000011111111000000000111111111110011100000000001111111111000000000111111000000001111111100000111111111100000001111111111000011111111111111111111111100000
11111100001111111111000000000000011100000000010000000001111000000000000000000000001100000000000011111111111000000000000000011100000000000000000000001111111100000001111111100000000011111111110011111111110000000000001111111111111111111111111110000000000011111111000000000111100000001111100000000000011111111111111100000000000111111111110000000000000000011111111111111100000111111111000000111111111110000000000000000011111111100000000011111111111000000011111111110001111111111111111111111111111111111111
11111000011111100000001111000011111110000000001111100000000001111111110000000000000111111111111111111000000000111100000000000111111111111100000011111111000000000111111110000000111111111100000011110000000000111111000000000000000011111111110000000011111111110000000001111110000000000000000000011111111111111111000000001111111110000000000111111100000000111111110000000000111111111111111111111111110000001111110000000001110011111111110000011111111111110000000000000000111111111111111000000111110000001111
11110000001111111111000000000001111111111111111100000000011111111111111111111111100000000001110000000011111111000000001111111000000000000001111111000000111111111111111111111111011111111100000000011111000000000111111000001111111111111110000001000000011111111111100000000000001111111111111111111110001111111111000000000000011111111100000001111111111000000000000000011111111110000000000111111111110000111111111111111001111111111111111111111100000000001111111100000001111111110000000000001111111110000000
11111000001111111111111110000000000000000111111111100000000011111100000001111110000000000000000000011111111111110000011111111000000011111110000011111111100000000000000000000000111110000000001111111111100000011111111111100000000000000000000000111000000000111111111111111110000000000111111100000000001111110000011111000000000011111111111111100000011111111111111111110000011111111111000000000001111111111111111111100000000111111111110000000000001111111111111000000000011111000000000000000111110000011111
11110000001111111000000000000111111111111111111000000111111111111000000001111111000000000000000000000000000111111111111111111110000000000000111111000000001111111000000000011111111000000111111111111111110000000111100000000001111111000000001111111110001111111000000001111111110000000000011100000000111111100000011111100000001111111110000000000000111111111000000000011111111000111111111111110000000111111111111111111111111111111111110000011111111111111111111111111111111111111111111111111111111111111111
00000011111111111110000011111100000000000111111111100000000011110000000000000000111111100000011111111000000000011111000000001111110000000000011111110000000000000000011111111111111111111111111111100000000000000000001111111111000001111000000001111111000000001111111100000001111111111000000000000000000111111100000000111111100000000001110000000000011111111111110000001111111110000000011111000000001111111111111111111000001111110000000011111111111111111111111111111100000011111111111110011111111111111111
00000111111111111111100000000000111111111100000000000000001111111100000001111111111111111111111111000000111111100000000111111100000000111111000000000011111100000000000011111111111000000000000001111111111111111110001111111111000000011110000000000001111111111111100000000000000000000111111111110000000000000000011111111100000001111111000000001111110000000011111111111000000000000000000000000000011111111111111111111111100000000000000111111111111111111111111110000000000111111100000000111111111000000000
00000111000000001111111111111111110000000000001111111111111111110000000000000000111111000000001111111111000000000000000111111000000000011111111100000000000000001111111111111101111111100001111111110000000000000000011111110000000000000000000011111111111111111110000000000000111111111000000011111000000011111111111110000000000000000000111111111111000000000000111111110000001111100000000000111111111111000000111111110000000000011111111111111110111111111111111111111111111111000000111111011111110000011111
11111111111111000000000000000000111111111111000000001111111111011111111111111111110000000000111000001111000000000111111111111000000000001111000000000000000000000011111111111111111000000111100000000001111111111111111111111111111111110000000000000000000000111111111000000000011111111111000000000000000000111110000011111100000000011111111111000000000111110000000000000000000111111111111111111111110000011111111000000000000000000000011111100000000000111111111111111111111111111100000000001111000000000111
00000111110000111111100000000000000000000000000111111111111111111111111100000000111000000000111111111000000011111111100000000000000000000000011111111111111110000000001111111111000000000001111111110000000011111110000011111111110001111111000000000011111111100000000000011111100000110000000111111110000000001111000111111111111111111111111111100000000000000000001111111110000001111111100000011000000000000000000000000011111111110000000000000000000000000000000111111111111111111111000000000000000000000000
11110000000111100001111111111111111110000000000000000000000000000000001111110000000111111110000001111111111111000000000000000011000000000000000011111000000001111110000111111100000000011111111111111111111111111000111111000000000001111110000001111111100000001111111111000000111111100000011111111110000000000000000011111111100000001111000000001111100000000000111100000000111111110000000000001111111111000000000000111111111100001111111111111000001111111111111111111111111111111111111110000111110000011111
11111000000011111111000000111111110000000000000011111110000000000111111111110000000000111111111111111110011111111111111111111111000000000000000000000011111111100000000000000000011111111111100000001111111100000111111100000000000111111110000000001111111111110000001111111111000000000001111110000000011111110000000001111111111111111111000000000000001111110000000001111111111000000111111110000111111111111111111111111111000001111111110001111111100000001111111111110000000000000011111100001111110000011111
00000111110000001100000011111110000000000000011111111110000000000111111111110000000000000000000011111111000000011111111000001111100000000000000011000000000000111111111111111111111111111100000011111111100000000001111111000000111111100000000011111111110000000111111111000000111111111111111111000000000001111111100000111111100000001111100000000001111111111000000000011111110000011111000000000111111111100000111111111000000000111100000000001111111111111111111111000011111111100000111111111111111111111111
11111100000000000000000000011100000001111111110001111111111111111111111100000000011111000000111111111100000001111111111111100000000001111100000001111111111000000000001111111100000001111111111111111100000111100000000000011111111111100000111111100000000000000000000000000000000111111110000000111111000000111111110000000011111111111100000000000000000011111111111111111111111111110000000001100000000000111111111000000000111110000000000111110000111111110000000000000110000000111110000001111000001111100000
11110000001111000000111111100000000011111111110000000111110000000000011111111111111000000001111111000000011111111111111111111111100000000000111111100000011110000011111111110000000000111111111111000000000001111110000000011111100000111111100000011111110000000000111111000000011100000000001111000000000111100011111111111000000011111111000000000000000001111111110000000111111000000011111111111111111111110000000000000011111000000000001111111111110000000111111111000000000000000001111000000111111000011111
11100000000111100000111111111110000000001111111110000000000000111111110000000001111111110000000000111111111111111100000000001000000000000000000000001111111000000000000000000001111111111110000011111111111110000000000000111111110000000001111111110000011111000000000011111111000011111100000011111111000000001111111000111111111100000000000011111111111110000000000000000000011110000000000111111111111111000000000000000111111111111111100001111111111111111110000000000001111111111111111111111100001111111100
11111100111100000000001111111111111100000000000000000000000001111111100000000111111000000000011110000001111110000001111111110000000000000000111111100000111111111000000001111110000000000111111111111100000000001111111111000000001111111000000111110000000011111000000011111111100000000000000000111111100000000011111111110000000011111111000000000111111111111111111100001111111110000000000011111111100011111111110000000000000001111100000000011111111100000011111111100000000011111111111000000000001111100000
11111111111111000000000001111000000000111111111110000001111111111000000000000000000000001111111000001111111110000000000000000000000000111111000000111110000000000001111111111111111111111111111111110000000000001111110000000000000000000000000001111111111111000000011111111110000000000000000000111111110000000011111100000000000011111111110000000111000000111111111111110000000000011111111000000000011111111100000001111000000011111111110000011111111111100000000000000000000000111111100000000000000000000000
11111000011111100000011111110000000000000111111111100000000001111111000000000011111111100000000011111111111000000000000001111111111111110000000011100000000011111111111111111100000111100000111111111000000001111111111111111111110000000000000011111111100000001111111000001111110000000111111000000000111111111111111111000000011111110000000000000000000001111111111111111111110000001111111110000000000111111110000000001111111111111111111100000000000000111111111111111111111111111111111100000000011111110000
11110000001111111111110000000000000000011111111100001111111111000000000111111100000000000000000111111110000000011111000000000111111110000001111110000000000000001111111111100001111111111000000000000000000000000111111111110000001111100000000111111111000000001111111111111000000000000000000000011111111111111111111111111111110000000001111111100000000001111111110000000000000111111111111111111000000000000000000000001111111111111111111111111111111111111100000000011111111111100000001111111111111111100000
00000111110000001111100000111110000111100000111111111100000000000000000001111111111111100000000111111111000000000000000111111111100000000000000000111111111110000000011111000000000000000000111111111111111110000000000000000000111111111111111111111111100000000001111111111100000000000000000000000000000011100000001111111111000000000111111100000000111111111111110000000000001111111111111100000000011111111111111111111100000000111100000011111111000000001111000000000111110111111111111111111000000111100000
00001111111000000000001111111000000000000000000000000000000000011111111111111111100000001111111111111000000011111111110111111111100000111111111000000000000000010000000011111111111000011111111000000000000110000000111111111111111000000000000000000000111111101111111111111111111000000000000000000011111111111110000000011111110000000001111111111111111110000000000000000001111111111110000001111111111111111111111100000000000111111100000000000000000000000000000000111111110000000000000000000000000000000000
11111000011111100000001110000000111111111111111111110000000000001111111100000000011111111111111100000001111111111111100000011111100000011111110000000011111110000000011110000000001111110000001111111111100000000000000001111111111100000001111111000000001111111000000001111111111110000000000011111111110001111100000000111111111000000000000001111111111111111000011111111111111100000000000011100000001111111111111111100000000111111100000000001111000000000000000000111111110000000000000000000000000000000000
00000111111000000000000001111111110000000001111111111111110000000000011111111111000000001111111111110000000011111111111100000000000000000000000000000000000000000000000111111111111000000000001111111111111111111111111111110000000000000001111111111111111111111111111000000000000000011111111100000000011111111111000000000000000001111111111000000011111111111110000011111111111111111000000111111111111110001111111110000111111111110000001111111111111110000000000111110000000000000111111111000000000000011111
11111110000000001111111111111111000000000000000000000000000000000001111111111000000000001000000000000000000000011111111111111111100000000000000000111111100000000000000000011111111000011111111111000000011111111111100000000000000000000000000111111111111111111100011111111111111111000000000000111111110001111111000011111111100000000011111111111111111111111110000000000111111111111011111111111110000001111111000000000011111000000001111111000011111000000111111100000000000001111111111111111100011111110000
00000111111111111000000000000000000000011111111111110000111111100011111111111111111110000000000001111111110000001111111000000000000000000000000000011111110000000001111111111100000000000000000111111111111000000000000000011111100000001111110000000001110000000001111111111100000000111111111111111111111100000000000000001111111111110000000111111111000000000000000001111111000001111111100000000000000000001111111110000000000000001111111000000000000111111111000000000000000111111111100000000011110000001111
11111000001111100000011111000000111111011111111111111111111111111100000001111111100111111111111111111111111100000000011111110000000000000111111111100000000000111111111111111111111100000011100000111111110000000011111000000000111111111000000000000000000111111100000001111111111100000001111111100000001111111111100000000000111111111100000000000000000000111111111000000000111110000000111100000000000000011100000000111111110000000011111111100000000001111000000000000000000000111111111100000000000000001111
11111000001111100000111110000001111111000111111111011111110000001111111111111111111100000000001111111000000000000011111110000000000000001111111100000001111111000000000011111111111111111111111111111110000000000000000000001111111100111111110000000000000001111111111111111111111110000000000000000000000000000111111111111000000000000001111111111100000000111111111100000000000011111111110000000000111111111111100000000000000001111111111111111111111111110000000000000000011111111111111000111111110000001111
11110000001111100000011111111111100000000111111111111111100111111111100000001111111111111111111111110000000000000000000000011111000000000011111111110000000000111100000000001111100000000111111111000011111111000000000011111110011111111111100001111100000000001111110000000011111111100000000011111111111111000000000011111111111111111100000000011111111111000000001111111111111111100000000001111111111111111000000000111111111000000001111111111111111110000000000000000000000000000111111100000001111000011111
00000110000001111111100000001111111000000011111110000000011111111111000000111111100000000111100000011111111100000000000111111111110000000000001111111000000000000011111111000000000111111111111111000000011111110000011111100000000011111111100111111111100001111111000000000111111111100000000000001111111110000000000111111111000000000000000111111110000001111111111111110000000000111111111100000000001100000000111111111110000000000000111111111100000000001111111100000000001111111110000001111000000111110000
00000000000000011111111100001111111111100000000011111110000000000000000000111110000000000011111111000000111111111111111110000000000000000000000000000000000111111111111111110000000000000000111111111111111111111110000000111111111000000000000001111111111110000000000011111110000000000111111111100000000000000000000011111111111000001111111111000000000111111100000001111111110000000111111111111111111111111111111111111100000000001111111110000000011111111100000000111111000000000000000000011100000001100000
00000000000000000000000000000000000000000000000000000000000000000000000000000000000000000000000000000000000000000000000000000000000000000000000000000000000000000000000000000000000000000000000000000000000000000000000000000000000000000000000000000000000000000000000000000000000000000000000000000000000000000000000000000000000000000000000000000000000000000000000000000000000000000000000000000000000000000000000000000000000000000000000000000000000000000000000000000000000000000000000000000000000000000000
00000000000000000000000000000000000000000000000000000000000000000000000000000000000000000000000000000000000000000000000000000000000000000000000000000000000000000000000000000000000000000000000000000000000000000000000000000000000000000000000000000000000000000000000000000000000000000000000000000000000000000000000000000000000000000000000000000000000000000000000000000000000000000000000000000000000000000000000000000000000000000000000000000000000000000000000000000000000000000000000000000000000000000000
00000000000000000000000000000000000000000000000000000000000000000000000000000000000000000000000000000000000000000000000000000000000000000000000000000000000000000000000000000000000000000000000000000000000000000000000000000000000000000000000000000000000000000000000000000000000000000000000000000000000000000000000000000000000000000000000000000000000000000000000000000000000000000000000000000000000000000000000000000000000000000000000000000000000000000000000000000000000000000000000000000000000000000000
00000000000000000000000000000000000000000000000000000000000000000000000000000000000000000000000000000000000000000000000000000000000000000000000000000000000000000000000000000000000000000000000000000000000000000000000000000000000000000000000000000000000000000000000000000000000000000000000000000000000000000000000000000000000000000000000000000000000000000000000000000000000000000000000000000000000000000000000000000000000000000000000000000000000000000000000000000000000000000000000000000000000000000000
00000000000000000000000000000000000000000000000000000000000000000000000000000000000000000000000000000000000000000000000000000000000000000000000000000000000000000000000000000000000000000000000000000000000000000000000000000000000000000000000000000000000000000000000000000000000000000000000000000000000000000000000000000000000000000000000000000000000000000000000000000000000000000000000000000000000000000000000000000000000000000000000000000000000000000000000000000000000000000000000000000000000000000000
00000000000000000000000000000000000000000000000000000000000000000000000000000000000000000000000000000000000000000000000000000000000000000000000000000000000000000000000000000000000000000000000000000000000000000000000000000000000000000000000000000000000000000000000000000000000000000000000000000000000000000000000000000000000000000000000000000000000000000000000000000000000000000000000000000000000000000000000000000000000000000000000000000000000000000000000000000000000000000000000000000000000000000000
00000000000000000000000000000000000000000000000000000000000000000000000000000000000000000000000000000000000000000000000000000000000000000000000000000000000000000000000000000000000000000000000000000000000000000000000000000000000000000000000000000000000000000000000000000000000000000000000000000000000000000000000000000000000000000000000000000000000000000000000000000000000000000000000000000000000000000000000000000000000000000000000000000000000000000000000000000000000000000000000000000000000000000000
00000000000000000000000000000000000000000000000000000000000000000000000000000000000000000000000000000000000000000000000000000000000000000000000000000000000000000000000000000000000000000000000000000000000000000000000000000000000000000000000000000000000000000000000000000000000000000000000000000000000000000000000000000000000000000000000000000000000000000000000000000000000000000000000000000000000000000000000000000000000000000000000000000000000000000000000000000000000000000000000000000000000000000000
00000000000000000000000000000000000000000000000000000000000000000000000000000000000000000000000000000000000000000000000000000000000000000000000000000000000000000000000000000000000000000000000000000000000000000000000000000000000000000000000000000000000000000000000000000000000000000000000000000000000000000000000000000000000000000000000000000000000000000000000000000000000000000000000000000000000000000000000000000000000000000000000000000000000000000000000000000000000000000000000000000000000000000000
00000000000000000000000000000000000000000000000000000000000000000000000000000000000000000000000000000000000000000000000000000000000000000000000000000000000000000000000000000000000000000000000000000000000000000000000000000000000000000000000000000000000000000000000000000000000000000000000000000000000000000000000000000000000000000000000000000000000000000000000000000000000000000000000000000000000000000000000000000000000000000000000000000000000000000000000000000000000000000000000000000000000000000000
00000000000000000000000000000000000000000000000000000000000000000000000000000000000000000000000000000000000000000000000000000000000000000000000000000000000000000000000000000000000000000000000000000000000000000000000000000000000000000000000000000000000000000000000000000000000000000000000000000000000000000000000000000000000000000000000000000000000000000000000000000000000000000000000000000000000000000000000000000000000000000000000000000000000000000000000000000000000000000000000000000000000000000000
00000000000000000000000000000000000000000000000000000000000000000000000000000000000000000000000000000000000000000000000000000000000000000000000000000000000000000000000000000000000000000000000000000000000000000000000000000000000000000000000000000000000000000000000000000000000000000000000000000000000000000000000000000000000000000000000000000000000000000000000000000000000000000000000000000000000000000000000000000000000000000000000000000000000000000000000000000000000000000000000000000000000000000000
00000000000000000000000000000000000000000000000000000000000000000000000000000000000000000000000000000000000000000000000000000000000000000000000000000000000000000000000000000000000000000000000000000000000000000000000000000000000000000000000000000000000000000000000000000000000000000000000000000000000000000000000000000000000000000000000000000000000000000000000000000000000000000000000000000000000000000000000000000000000000000000000000000000000000000000000000000000000000000000000000000000000000000000
00000000000000000000000000000000000000000000000000000000000000000000000000000000000000000000000000000000000000000000000000000000000000000000000000000000000000000000000000000000000000000000000000000000000000000000000000000000000000000000000000000000000000000000000000000000000000000000000000000000000000000000000000000000000000000000000000000000000000000000000000000000000000000000000000000000000000000000000000000000000000000000000000000000000000000000000000000000000000000000000000000000000000000000
00000000000000000000000000000000000000000000000000000000000000000000000000000000000000000000000000000000000000000000000000000000000000000000000000000000000000000000000000000000000000000000000000000000000000000000000000000000000000000000000000000000000000000000000000000000000000000000000000000000000000000000000000000000000000000000000000000000000000000000000000000000000000000000000000000000000000000000000000000000000000000000000000000000000000000000000000000000000000000000000000000000000000000000
00000000000000000000000000000000000000000000000000000000000000000000000000000000000000000000000000000000000000000000000000000000000000000000000000000000000000000000000000000000000000000000000000000000000000000000000000000000000000000000000000000000000000000000000000000000000000000000000000000000000000000000000000000000000000000000000000000000000000000000000000000000000000000000000000000000000000000000000000000000000000000000000000000000000000000000000000000000000000000000000000000000000000000000
00000000000000000000000000000000000000000000000000000000000000000000000000000000000000000000000000000000000000000000000000000000000000000000000000000000000000000000000000000000000000000000000000000000000000000000000000000000000000000000000000000000000000000000000000000000000000000000000000000000000000000000000000000000000000000000000000000000000000000000000000000000000000000000000000000000000000000000000000000000000000000000000000000000000000000000000000000000000000000000000000000000000000000000
00000000000000000000000000000000000000000000000000000000000000000000000000000000000000000000000000000000000000000000000000000000000000000000000000000000000000000000000000000000000000000000000000000000000000000000000000000000000000000000000000000000000000000000000000000000000000000000000000000000000000000000000000000000000000000000000000000000000000000000000000000000000000000000000000000000000000000000000000000000000000000000000000000000000000000000000000000000000000000000000000000000000000000000
00000000000000000000000000000000000000000000000000000000000000000000000000000000000000000000000000000000000000000000000000000000000000000000000000000000000000000000000000000000000000000000000000000000000000000000000000000000000000000000000000000000000000000000000000000000000000000000000000000000000000000000000000000000000000000000000000000000000000000000000000000000000000000000000000000000000000000000000000000000000000000000000000000000000000000000000000000000000000000000000000000000000000000000
00000000000000000000000000000000000000000000000000000000000000000000000000000000000000000000000000000000000000000000000000000000000000000000000000000000000000000000000000000000000000000000000000000000000000000000000000000000000000000000000000000000000000000000000000000000000000000000000000000000000000000000000000000000000000000000000000000000000000000000000000000000000000000000000000000000000000000000000000000000000000000000000000000000000000000000000000000000000000000000000000000000000000000000
00000000000000000000000000000000000000000000000000000000000000000000000000000000000000000000000000000000000000000000000000000000000000000000000000000000000000000000000000000000000000000000000000000000000000000000000000000000000000000000000000000000000000000000000000000000000000000000000000000000000000000000000000000000000000000000000000000000000000000000000000000000000000000000000000000000000000000000000000000000000000000000000000000000000000000000000000000000000000000000000000000000000000000000
00000000000000000000000000000000000000000000000000000000000000000000000000000000000000000000000000000000000000000000000000000000000000000000000000000000000000000000000000000000000000000000000000000000000000000000000000000000000000000000000000000000000000000000000000000000000000000000000000000000000000000000000000000000000000000000000000000000000000000000000000000000000000000000000000000000000000000000000000000000000000000000000000000000000000000000000000000000000000000000000000000000000000000000
00000000000000000000000000000000000000000000000000000000000000000000000000000000000000000000000000000000000000000000000000000000000000000000000000000000000000000000000000000000000000000000000000000000000000000000000000000000000000000000000000000000000000000000000000000000000000000000000000000000000000000000000000000000000000000000000000000000000000000000000000000000000000000000000000000000000000000000000000000000000000000000000000000000000000000000000000000000000000000000000000000000000000000000
00000000000000000000000000000000000000000000000000000000000000000000000000000000000000000000000000000000000000000000000000000000000000000000000000000000000000000000000000000000000000000000000000000000000000000000000000000000000000000000000000000000000000000000000000000000000000000000000000000000000000000000000000000000000000000000000000000000000000000000000000000000000000000000000000000000000000000000000000000000000000000000000000000000000000000000000000000000000000000000000000000000000000000000
00000000000000000000000000000000000000000000000000000000000000000000000000000000000000000000000000000000000000000000000000000000000000000000000000000000000000000000000000000000000000000000000000000000000000000000000000000000000000000000000000000000000000000000000000000000000000000000000000000000000000000000000000000000000000000000000000000000000000000000000000000000000000000000000000000000000000000000000000000000000000000000000000000000000000000000000000000000000000000000000000000000000000000000
00000000000000000000000000000000000000000000000000000000000000000000000000000000000000000000000000000000000000000000000000000000000000000000000000000000000000000000000000000000000000000000000000000000000000000000000000000000000000000000000000000000000000000000000000000000000000000000000000000000000000000000000000000000000000000000000000000000000000000000000000000000000000000000000000000000000000000000000000000000000000000000000000000000000000000000000000000000000000000000000000000000000000000000
00000000000000000000000000000000000000000000000000000000000000000000000000000000000000000000000000000000000000000000000000000000000000000000000000000000000000000000000000000000000000000000000000000000000000000000000000000000000000000000000000000000000000000000000000000000000000000000000000000000000000000000000000000000000000000000000000000000000000000000000000000000000000000000000000000000000000000000000000000000000000000000000000000000000000000000000000000000000000000000000000000000000000000000
00000000000000000000000000000000000000000000000000000000000000000000000000000000000000000000000000000000000000000000000000000000000000000000000000000000000000000000000000000000000000000000000000000000000000000000000000000000000000000000000000000000000000000000000000000000000000000000000000000000000000000000000000000000000000000000000000000000000000000000000000000000000000000000000000000000000000000000000000000000000000000000000000000000000000000000000000000000000000000000000000000000000000000000
00000000000000000000000000000000000000000000000000000000000000000000000000000000000000000000000000000000000000000000000000000000000000000000000000000000000000000000000000000000000000000000000000000000000000000000000000000000000000000000000000000000000000000000000000000000000000000000000000000000000000000000000000000000000000000000000000000000000000000000000000000000000000000000000000000000000000000000000000000000000000000000000000000000000000000000000000000000000000000000000000000000000000000000
00000000000000000000000000000000000000000000000000000000000000000000000000000000000000000000000000000000000000000000000000000000000000000000000000000000000000000000000000000000000000000000000000000000000000000000000000000000000000000000000000000000000000000000000000000000000000000000000000000000000000000000000000000000000000000000000000000000000000000000000000000000000000000000000000000000000000000000000000000000000000000000000000000000000000000000000000000000000000000000000000000000000000000000
00000000000000000000000000000000000000000000000000000000000000000000000000000000000000000000000000000000000000000000000000000000000000000000000000000000000000000000000000000000000000000000000000000000000000000000000000000000000000000000000000000000000000000000000000000000000000000000000000000000000000000000000000000000000000000000000000000000000000000000000000000000000000000000000000000000000000000000000000000000000000000000000000000000000000000000000000000000000000000000000000000000000000000000
00000000000000000000000000000000000000000000000000000000000000000000000000000000000000000000000000000000000000000000000000000000000000000000000000000000000000000000000000000000000000000000000000000000000000000000000000000000000000000000000000000000000000000000000000000000000000000000000000000000000000000000000000000000000000000000000000000000000000000000000000000000000000000000000000000000000000000000000000000000000000000000000000000000000000000000000000000000000000000000000000000000000000000000
00000000000000000000000000000000000000000000000000000000000000000000000000000000000000000000000000000000000000000000000000000000000000000000000000000000000000000000000000000000000000000000000000000000000000000000000000000000000000000000000000000000000000000000000000000000000000000000000000000000000000000000000000000000000000000000000000000000000000000000000000000000000000000000000000000000000000000000000000000000000000000000000000000000000000000000000000000000000000000000000000000000000000000000
00000000000000000000000000000000000000000000000000000000000000000000000000000000000000000000000000000000000000000000000000000000000000000000000000000000000000000000000000000000000000000000000000000000000000000000000000000000000000000000000000000000000000000000000000000000000000000000000000000000000000000000000000000000000000000000000000000000000000000000000000000000000000000000000000000000000000000000000000000000000000000000000000000000000000000000000000000000000000000000000000000000000000000000
00000000000000000000000000000000000000000000000000000000000000000000000000000000000000000000000000000000000000000000000000000000000000000000000000000000000000000000000000000000000000000000000000000000000000000000000000000000000000000000000000000000000000000000000000000000000000000000000000000000000000000000000000000000000000000000000000000000000000000000000000000000000000000000000000000000000000000000000000000000000000000000000000000000000000000000000000000000000000000000000000000000000000000000
00000000000000000000000000000000000000000000000000000000000000000000000000000000000000000000000000000000000000000000000000000000000000000000000000000000000000000000000000000000000000000000000000000000000000000000000000000000000000000000000000000000000000000000000000000000000000000000000000000000000000000000000000000000000000000000000000000000000000000000000000000000000000000000000000000000000000000000000000000000000000000000000000000000000000000000000000000000000000000000000000000000000000000000
00000000000000000000000000000000000000000000000000000000000000000000000000000000000000000000000000000000000000000000000000000000000000000000000000000000000000000000000000000000000000000000000000000000000000000000000000000000000000000000000000000000000000000000000000000000000000000000000000000000000000000000000000000000000000000000000000000000000000000000000000000000000000000000000000000000000000000000000000000000000000000000000000000000000000000000000000000000000000000000000000000000000000000000
00000000000000000000000000000000000000000000000000000000000000000000000000000000000000000000000000000000000000000000000000000000000000000000000000000000000000000000000000000000000000000000000000000000000000000000000000000000000000000000000000000000000000000000000000000000000000000000000000000000000000000000000000000000000000000000000000000000000000000000000000000000000000000000000000000000000000000000000000000000000000000000000000000000000000000000000000000000000000000000000000000000000000000000
00000000000000000000000000000000000000000000000000000000000000000000000000000000000000000000000000000000000000000000000000000000000000000000000000000000000000000000000000000000000000000000000000000000000000000000000000000000000000000000000000000000000000000000000000000000000000000000000000000000000000000000000000000000000000000000000000000000000000000000000000000000000000000000000000000000000000000000000000000000000000000000000000000000000000000000000000000000000000000000000000000000000000000000
00000000000000000000000000000000000000000000000000000000000000000000000000000000000000000000000000000000000000000000000000000000000000000000000000000000000000000000000000000000000000000000000000000000000000000000000000000000000000000000000000000000000000000000000000000000000000000000000000000000000000000000000000000000000000000000000000000000000000000000000000000000000000000000000000000000000000000000000000000000000000000000000000000000000000000000000000000000000000000000000000000000000000000000
00000000000000000000000000000000000000000000000000000000000000000000000000000000000000000000000000000000000000000000000000000000000000000000000000000000000000000000000000000000000000000000000000000000000000000000000000000000000000000000000000000000000000000000000000000000000000000000000000000000000000000000000000000000000000000000000000000000000000000000000000000000000000000000000000000000000000000000000000000000000000000000000000000000000000000000000000000000000000000000000000000000000000000000
00000000000000000000000000000000000000000000000000000000000000000000000000000000000000000000000000000000000000000000000000000000000000000000000000000000000000000000000000000000000000000000000000000000000000000000000000000000000000000000000000000000000000000000000000000000000000000000000000000000000000000000000000000000000000000000000000000000000000000000000000000000000000000000000000000000000000000000000000000000000000000000000000000000000000000000000000000000000000000000000000000000000000000000
00000000000000000000000000000000000000000000000000000000000000000000000000000000000000000000000000000000000000000000000000000000000000000000000000000000000000000000000000000000000000000000000000000000000000000000000000000000000000000000000000000000000000000000000000000000000000000000000000000000000000000000000000000000000000000000000000000000000000000000000000000000000000000000000000000000000000000000000000000000000000000000000000000000000000000000000000000000000000000000000000000000000000000000
00000000000000000000000000000000000000000000000000000000000000000000000000000000000000000000000000000000000000000000000000000000000000000000000000000000000000000000000000000000000000000000000000000000000000000000000000000000000000000000000000000000000000000000000000000000000000000000000000000000000000000000000000000000000000000000000000000000000000000000000000000000000000000000000000000000000000000000000000000000000000000000000000000000000000000000000000000000000000000000000000000000000000000000
00000000000000000000000000000000000000000000000000000000000000000000000000000000000000000000000000000000000000000000000000000000000000000000000000000000000000000000000000000000000000000000000000000000000000000000000000000000000000000000000000000000000000000000000000000000000000000000000000000000000000000000000000000000000000000000000000000000000000000000000000000000000000000000000000000000000000000000000000000000000000000000000000000000000000000000000000000000000000000000000000000000000000000000
00000000000000000000000000000000000000000000000000000000000000000000000000000000000000000000000000000000000000000000000000000000000000000000000000000000000000000000000000000000000000000000000000000000000000000000000000000000000000000000000000000000000000000000000000000000000000000000000000000000000000000000000000000000000000000000000000000000000000000000000000000000000000000000000000000000000000000000000000000000000000000000000000000000000000000000000000000000000000000000000000000000000000000000
00000000000000000000000000000000000000000000000000000000000000000000000000000000000000000000000000000000000000000000000000000000000000000000000000000000000000000000000000000000000000000000000000000000000000000000000000000000000000000000000000000000000000000000000000000000000000000000000000000000000000000000000000000000000000000000000000000000000000000000000000000000000000000000000000000000000000000000000000000000000000000000000000000000000000000000000000000000000000000000000000000000000000000000
00000000000000000000000000000000000000000000000000000000000000000000000000000000000000000000000000000000000000000000000000000000000000000000000000000000000000000000000000000000000000000000000000000000000000000000000000000000000000000000000000000000000000000000000000000000000000000000000000000000000000000000000000000000000000000000000000000000000000000000000000000000000000000000000000000000000000000000000000000000000000000000000000000000000000000000000000000000000000000000000000000000000000000000
00000000000000000000000000000000000000000000000000000000000000000000000000000000000000000000000000000000000000000000000000000000000000000000000000000000000000000000000000000000000000000000000000000000000000000000000000000000000000000000000000000000000000000000000000000000000000000000000000000000000000000000000000000000000000000000000000000000000000000000000000000000000000000000000000000000000000000000000000000000000000000000000000000000000000000000000000000000000000000000000000000000000000000000
00000000000000000000000000000000000000000000000000000000000000000000000000000000000000000000000000000000000000000000000000000000000000000000000000000000000000000000000000000000000000000000000000000000000000000000000000000000000000000000000000000000000000000000000000000000000000000000000000000000000000000000000000000000000000000000000000000000000000000000000000000000000000000000000000000000000000000000000000000000000000000000000000000000000000000000000000000000000000000000000000000000000000000000
00000000000000000000000000000000000000000000000000000000000000000000000000000000000000000000000000000000000000000000000000000000000000000000000000000000000000000000000000000000000000000000000000000000000000000000000000000000000000000000000000000000000000000000000000000000000000000000000000000000000000000000000000000000000000000000000000000000000000000000000000000000000000000000000000000000000000000000000000000000000000000000000000000000000000000000000000000000000000000000000000000000000000000000
00000000000000000000000000000000000000000000000000000000000000000000000000000000000000000000000000000000000000000000000000000000000000000000000000000000000000000000000000000000000000000000000000000000000000000000000000000000000000000000000000000000000000000000000000000000000000000000000000000000000000000000000000000000000000000000000000000000000000000000000000000000000000000000000000000000000000000000000000000000000000000000000000000000000000000000000000000000000000000000000000000000000000000000
00000000000000000000000000000000000000000000000000000000000000000000000000000000000000000000000000000000000000000000000000000000000000000000000000000000000000000000000000000000000000000000000000000000000000000000000000000000000000000000000000000000000000000000000000000000000000000000000000000000000000000000000000000000000000000000000000000000000000000000000000000000000000000000000000000000000000000000000000000000000000000000000000000000000000000000000000000000000000000000000000000000000000000000
00000000000000000000000000000000000000000000000000000000000000000000000000000000000000000000000000000000000000000000000000000000000000000000000000000000000000000000000000000000000000000000000000000000000000000000000000000000000000000000000000000000000000000000000000000000000000000000000000000000000000000000000000000000000000000000000000000000000000000000000000000000000000000000000000000000000000000000000000000000000000000000000000000000000000000000000000000000000000000000000000000000000000000000
00000000000000000000000000000000000000000000000000000000000000000000000000000000000000000000000000000000000000000000000000000000000000000000000000000000000000000000000000000000000000000000000000000000000000000000000000000000000000000000000000000000000000000000000000000000000000000000000000000000000000000000000000000000000000000000000000000000000000000000000000000000000000000000000000000000000000000000000000000000000000000000000000000000000000000000000000000000000000000000000000000000000000000000
00000000000000000000000000000000000000000000000000000000000000000000000000000000000000000000000000000000000000000000000000000000000000000000000000000000000000000000000000000000000000000000000000000000000000000000000000000000000000000000000000000000000000000000000000000000000000000000000000000000000000000000000000000000000000000000000000000000000000000000000000000000000000000000000000000000000000000000000000000000000000000000000000000000000000000000000000000000000000000000000000000000000000000000
00000000000000000000000000000000000000000000000000000000000000000000000000000000000000000000000000000000000000000000000000000000000000000000000000000000000000000000000000000000000000000000000000000000000000000000000000000000000000000000000000000000000000000000000000000000000000000000000000000000000000000000000000000000000000000000000000000000000000000000000000000000000000000000000000000000000000000000000000000000000000000000000000000000000000000000000000000000000000000000000000000000000000000000
00000000000000000000000000000000000000000000000000000000000000000000000000000000000000000000000000000000000000000000000000000000000000000000000000000000000000000000000000000000000000000000000000000000000000000000000000000000000000000000000000000000000000000000000000000000000000000000000000000000000000000000000000000000000000000000000000000000000000000000000000000000000000000000000000000000000000000000000000000000000000000000000000000000000000000000000000000000000000000000000000000000000000000000
00000000000000000000000000000000000000000000000000000000000000000000000000000000000000000000000000000000000000000000000000000000000000000000000000000000000000000000000000000000000000000000000000000000000000000000000000000000000000000000000000000000000000000000000000000000000000000000000000000000000000000000000000000000000000000000000000000000000000000000000000000000000000000000000000000000000000000000000000000000000000000000000000000000000000000000000000000000000000000000000000000000000000000000
00000000000000000000000000000000000000000000000000000000000000000000000000000000000000000000000000000000000000000000000000000000000000000000000000000000000000000000000000000000000000000000000000000000000000000000000000000000000000000000000000000000000000000000000000000000000000000000000000000000000000000000000000000000000000000000000000000000000000000000000000000000000000000000000000000000000000000000000000000000000000000000000000000000000000000000000000000000000000000000000000000000000000000000
00000000000000000000000000000000000000000000000000000000000000000000000000000000000000000000000000000000000000000000000000000000000000000000000000000000000000000000000000000000000000000000000000000000000000000000000000000000000000000000000000000000000000000000000000000000000000000000000000000000000000000000000000000000000000000000000000000000000000000000000000000000000000000000000000000000000000000000000000000000000000000000000000000000000000000000000000000000000000000000000000000000000000000000
00000000000000000000000000000000000000000000000000000000000000000000000000000000000000000000000000000000000000000000000000000000000000000000000000000000000000000000000000000000000000000000000000000000000000000000000000000000000000000000000000000000000000000000000000000000000000000000000000000000000000000000000000000000000000000000000000000000000000000000000000000000000000000000000000000000000000000000000000000000000000000000000000000000000000000000000000000000000000000000000000000000000000000000
00000000000000000000000000000000000000000000000000000000000000000000000000000000000000000000000000000000000000000000000000000000000000000000000000000000000000000000000000000000000000000000000000000000000000000000000000000000000000000000000000000000000000000000000000000000000000000000000000000000000000000000000000000000000000000000000000000000000000000000000000000000000000000000000000000000000000000000000000000000000000000000000000000000000000000000000000000000000000000000000000000000000000000000
00000000000000000000000000000000000000000000000000000000000000000000000000000000000000000000000000000000000000000000000000000000000000000000000000000000000000000000000000000000000000000000000000000000000000000000000000000000000000000000000000000000000000000000000000000000000000000000000000000000000000000000000000000000000000000000000000000000000000000000000000000000000000000000000000000000000000000000000000000000000000000000000000000000000000000000000000000000000000000000000000000000000000000000
00000000000000000000000000000000000000000000000000000000000000000000000000000000000000000000000000000000000000000000000000000000000000000000000000000000000000000000000000000000000000000000000000000000000000000000000000000000000000000000000000000000000000000000000000000000000000000000000000000000000000000000000000000000000000000000000000000000000000000000000000000000000000000000000000000000000000000000000000000000000000000000000000000000000000000000000000000000000000000000000000000000000000000000
00000000000000000000000000000000000000000000000000000000000000000000000000000000000000000000000000000000000000000000000000000000000000000000000000000000000000000000000000000000000000000000000000000000000000000000000000000000000000000000000000000000000000000000000000000000000000000000000000000000000000000000000000000000000000000000000000000000000000000000000000000000000000000000000000000000000000000000000000000000000000000000000000000000000000000000000000000000000000000000000000000000000000000000
