State number: 0
11010111
11110111
10110111
10010111
01010111
01110111
00010111
00110111
110110111
110010111
111010111
111110111
101110111
100010111
100110111
010110111
010010111
011110111
011010111
000010111
000110111
001110111
001010111
distribution: P(0) = 0.500218	P(1) = 0.499782	
transitions: T(0) = 17	T(1) = 19	
P(state): 0.0158091

State number: 1
11011101
11001101
10001101
10011101
01011101
01001101
00001101
00011101
110001101
110011101
111001101
111011101
101011101
101001101
100001101
100011101
010001101
010011101
011001101
011011101
000011101
000001101
001001101
001011101
distribution: P(0) = 0.189443	P(1) = 0.810557	
transitions: T(0) = 21	T(1) = 13	
P(state): 0.0226187

State number: 2
11010000
11011000
11011100
11000000
11100000
11111100
11111000
11110000
10100000
10111000
10111100
10110000
10000000
10011000
10011100
10010000
01011100
01011000
01010000
01000000
01110000
01111100
01111000
01100000
00000000
00011000
00011100
00010000
00110000
00111100
00111000
00100000
110100000
110110000
110111000
110111100
110000000
110011000
110011100
110010000
111000000
111011000
111011100
111010000
111111000
111111100
111110000
111100000
101011100
101011000
101000000
101110000
101111000
101111100
101100000
100000000
100011000
100011100
100010000
100110000
100111100
100111000
100100000
010111000
010111100
010110000
010100000
010000000
010010000
010011000
010011100
011100000
011111100
011111000
011110000
011000000
011011000
011011100
011010000
000011000
000011100
000010000
000000000
000110000
000111100
000111000
000100000
001100000
001111100
001111000
001110000
001000000
001011000
001011100
001010000
distribution: P(0) = 0.536202	P(1) = 0.463798	
transitions: T(0) = 2	T(1) = 3	
P(state): 0.204143

State number: 3
11010001
11011001
11000001
11001001
11100001
11101001
11111001
11110001
10101001
10100001
10111001
10110001
10000001
10001001
10011001
10010001
01011001
01010001
01000001
01001001
01110001
01111001
01100001
01101001
00001001
00000001
00011001
00010001
00110001
00111001
00100001
00101001
110101001
110100001
110110001
110111001
110000001
110001001
110011001
110010001
111000001
111001001
111011001
111010001
111111001
111110001
111100001
111101001
101011001
101000001
101001001
101110001
101111001
101100001
101101001
100001001
100000001
100011001
100010001
100110001
100111001
100100001
100101001
010111001
010110001
010100001
010000001
010001001
010010001
010011001
011100001
011101001
011111001
011110001
011001001
011000001
011011001
011010001
000011001
000010001
000000001
000001001
000110001
000111001
000100001
000101001
001100001
001101001
001111001
001110001
001001001
001000001
001011001
001010001
distribution: P(0) = 0.235526	P(1) = 0.764474	
transitions: T(0) = 4	T(1) = 20	
P(state): 0.149667

State number: 4
11010010
11000010
11100010
11110010
10100010
10110010
10000010
10010010
01010010
01000010
01110010
01100010
00000010
00010010
00110010
00100010
110100010
110110010
110000010
110010010
111000010
111010010
111110010
111100010
101000010
101110010
101100010
100000010
100010010
100110010
100100010
010110010
010100010
010000010
010010010
011100010
011110010
011000010
011010010
000010010
000000010
000110010
000100010
001100010
001110010
001000010
001010010
distribution: P(0) = 0.816624	P(1) = 0.183376	
transitions: T(0) = 18	T(1) = 6	
P(state): 0.0352729

State number: 5
11011010
11001010
11111010
10001010
01011010
01001010
01111010
00001010
110001010
111001010
111011010
111111010
101011010
101001010
101111010
100001010
010001010
011111010
011001010
011011010
000001010
001111010
001001010
001011010
distribution: P(0) = 0.900807	P(1) = 0.0991926	
transitions: T(0) = 11	T(1) = 6	
P(state): 0.00299073

State number: 6
11000101
11100101
11110101
10100101
10110101
10000101
10010101
01000101
01100101
00000101
00010101
00100101
110100101
110110101
110000101
110010101
111000101
111110101
111100101
101000101
101100101
100000101
100010101
100100101
010110101
010100101
010000101
010010101
011100101
011110101
011000101
000010101
000000101
000100101
001100101
001000101
distribution: P(0) = 0.118006	P(1) = 0.881994	
transitions: T(0) = 5	T(1) = 13	
P(state): 0.00674797

State number: 7
11010110
11110110
10110110
10010110
01010110
01110110
00010110
00110110
110110110
110010110
111010110
111110110
101110110
100010110
100110110
010110110
010010110
011110110
011010110
000010110
000110110
001110110
001010110
distribution: P(0) = 0.779085	P(1) = 0.220915	
transitions: T(0) = 10	T(1) = 22	
P(state): 0.0184029

State number: 8
11000111
11100111
10100111
10000111
01000111
01100111
00000111
00100111
110100111
110000111
111000111
111100111
101000111
101100111
100000111
100100111
010100111
010000111
011100111
011000111
000000111
000100111
001100111
001000111
distribution: P(0) = 0.461225	P(1) = 0.538775	
transitions: T(0) = 17	T(1) = 19	
P(state): 0.0590345

State number: 9
11011111
11111111
10111111
10011111
01011111
01111111
00011111
00111111
110111111
110011111
111011111
111111111
101011111
101111111
100011111
100111111
010111111
010011111
011111111
011011111
000011111
000111111
001111111
001011111
distribution: P(0) = 0.496769	P(1) = 0.503231	
transitions: T(0) = 14	T(1) = 9	
P(state): 0.0436907

State number: 10
11001100
11001000
11101100
11101000
10101100
10001100
10001000
01001000
01001100
01101100
01101000
00001100
00001000
00101100
00101000
110101100
110001100
110001000
111001100
111001000
111101100
111101000
101001000
101001100
101101000
101101100
100001100
100001000
100101100
100101000
010101100
010001000
010001100
011101100
011101000
011001100
011001000
000001100
000001000
000101000
000101100
001101100
001101000
001001100
001001000
distribution: P(0) = 0.498918	P(1) = 0.501082	
transitions: T(0) = 2	T(1) = 3	
P(state): 0.0714354

State number: 11
11110100
10110100
10010100
01110100
00010100
00110100
110110100
110010100
111110100
101110100
100010100
100110100
010110100
010010100
011110100
000010100
000110100
001110100
distribution: P(0) = 0.50528	P(1) = 0.49472	
transitions: T(0) = 10	T(1) = 3	
P(state): 0.00649475

State number: 12
11010100
111010100
011010100
distribution: P(0) = 0	P(1) = 1	
transitions: T(0) = NULL	T(1) = 3	
P(state): 2.05314e-05

State number: 13
11011011
11001011
11101011
11111011
10111011
10001011
10011011
01011011
01001011
01111011
01101011
00001011
00011011
00111011
00101011
110111011
110001011
110011011
111001011
111011011
111111011
111101011
101011011
101001011
101111011
101101011
100001011
100011011
100111011
100101011
010111011
010001011
010011011
011101011
011111011
011001011
011011011
000011011
000001011
000111011
000101011
001101011
001111011
001001011
001011011
distribution: P(0) = 0.538045	P(1) = 0.461955	
transitions: T(0) = 7	T(1) = 0	
P(state): 0.0342326

State number: 14
11011110
11111110
10111110
10011110
01011110
01111110
00011110
00111110
110111110
110011110
111011110
111111110
101011110
101111110
100011110
100111110
010111110
010011110
011111110
011011110
000011110
000111110
001111110
001011110
distribution: P(0) = 0.8082	P(1) = 0.1918	
transitions: T(0) = 2	T(1) = 22	
P(state): 0.0395844

State number: 15
11101010
01101010
011101010
001101010
distribution: P(0) = 1	P(1) = 0	
transitions: T(0) = 12	T(1) = NULL	
P(state): 2.05314e-05

State number: 16
01110101
00110101
101110101
100110101
000110101
001110101
distribution: P(0) = 0.0434783	P(1) = 0.956522	
transitions: T(0) = 15	T(1) = 13	
P(state): 0.000479065

State number: 17
11001110
11101110
10101110
10001110
01001110
01101110
00001110
00101110
110101110
110001110
111001110
111101110
101001110
101101110
100001110
100101110
010101110
010001110
011101110
011001110
000001110
000101110
001101110
001001110
distribution: P(0) = 0.770656	P(1) = 0.229344	
transitions: T(0) = 2	T(1) = 1	
P(state): 0.0350744

State number: 18
11000100
11100100
10100100
10000100
01000100
01100100
00000100
00100100
110100100
110000100
111000100
111100100
101000100
101100100
100000100
100100100
010100100
010000100
011100100
011000100
000000100
000100100
001100100
001000100
distribution: P(0) = 0.451947	P(1) = 0.548053	
transitions: T(0) = 10	T(1) = 3	
P(state): 0.0288329

State number: 19
11001111
11101111
10101111
10001111
01001111
01101111
00001111
00101111
110101111
110001111
111001111
111101111
101001111
101101111
100001111
100101111
010101111
010001111
011101111
011001111
000001111
000101111
001101111
001001111
distribution: P(0) = 0.450936	P(1) = 0.549064	
transitions: T(0) = 14	T(1) = 9	
P(state): 0.0397145

State number: 20
11010011
11000011
11100011
11110011
10100011
10110011
10000011
10010011
01010011
01000011
01110011
01100011
00000011
00010011
00110011
00100011
110100011
110110011
110000011
110010011
111000011
111010011
111110011
111100011
101010011
101000011
101110011
101100011
100000011
100010011
100110011
100100011
010110011
010100011
010000011
010010011
011100011
011110011
011000011
011010011
000010011
000000011
000110011
000100011
001100011
001110011
001000011
001010011
distribution: P(0) = 0.484021	P(1) = 0.515979	
transitions: T(0) = 23	T(1) = 8	
P(state): 0.114421

State number: 21
10111010
10011010
00011010
00111010
110111010
110011010
100011010
100111010
010111010
010011010
000011010
000111010
distribution: P(0) = 0.887731	P(1) = 0.112269	
transitions: T(0) = 11	T(1) = 16	
P(state): 0.00429105

State number: 22
11101101
11111101
10101101
10111101
01111101
01101101
00111101
00101101
110101101
110111101
111111101
111101101
101111101
101101101
100111101
100101101
010111101
010101101
011101101
011111101
000111101
000101101
001101101
001111101
distribution: P(0) = 0.186576	P(1) = 0.813424	
transitions: T(0) = 5	T(1) = 13	
P(state): 0.0116207

State number: 23
11000110
11100110
10100110
10000110
01000110
01100110
00000110
00100110
110100110
110000110
111000110
111100110
101000110
101100110
100000110
100100110
010100110
010000110
011100110
011000110
000000110
000100110
001100110
001000110
distribution: P(0) = 0.736541	P(1) = 0.263459	
transitions: T(0) = 10	T(1) = 1	
P(state): 0.0554004

