State number: 0
00111001
01111001
11111001
10111001
001111001
000111001
011111001
010111001
110111001
111111001
100111001
101111001
distribution: P(0) = 0.218197	P(1) = 0.781803	
transitions: T(0) = 3	T(1) = 13	
P(state): 0.032508

State number: 1
00110011
00100011
00000011
01100011
01000011
11000011
11100011
10000011
10110011
10100011
001100011
001000011
000000011
000110011
000100011
011000011
011100011
010000011
010110011
010100011
110000011
110110011
110100011
111100011
111000011
100000011
100110011
100100011
101100011
101000011
distribution: P(0) = 0.489206	P(1) = 0.510794	
transitions: T(0) = 4	T(1) = 23	
P(state): 0.0767257

State number: 2
00110000
00010000
01110000
01010000
11010000
11110000
10010000
10110000
001110000
001010000
000010000
000110000
011010000
011110000
010010000
010110000
110010000
110110000
111110000
111010000
100010000
100110000
101110000
101010000
distribution: P(0) = 0.525794	P(1) = 0.474206	
transitions: T(0) = 18	T(1) = 25	
P(state): 0.0322616

State number: 3
00110010
00100010
00000010
00010010
01100010
01110010
01000010
01010010
11000010
11010010
11110010
11100010
10000010
10010010
10110010
10100010
001100010
001110010
001000010
001010010
000000010
000010010
000110010
000100010
011000010
011010010
011110010
011100010
010000010
010010010
010110010
010100010
110000010
110010010
110110010
110100010
111110010
111100010
111000010
111010010
100000010
100010010
100110010
100100010
101100010
101110010
101000010
101010010
distribution: P(0) = 0.783976	P(1) = 0.216024	
transitions: T(0) = 6	T(1) = 7	
P(state): 0.0338767

State number: 4
00100110
00000110
01100110
01000110
11000110
11100110
10000110
10100110
001100110
001000110
000000110
000100110
011000110
011100110
010000110
010100110
110000110
110100110
111100110
111000110
100000110
100100110
101100110
101000110
distribution: P(0) = 0.685758	P(1) = 0.314242	
transitions: T(0) = 24	T(1) = 8	
P(state): 0.061115

State number: 5
00111100
00011100
01111100
01011100
11011100
11111100
10011100
10111100
001111100
001011100
000011100
000111100
011011100
011111100
010011100
010111100
110011100
110111100
111111100
111011100
100011100
100111100
101111100
101011100
distribution: P(0) = 0.461508	P(1) = 0.538492	
transitions: T(0) = 17	T(1) = 0	
P(state): 0.0604101

State number: 6
00110100
00100100
00000100
00010100
01100100
01110100
01000100
01010100
11000100
11010100
11110100
11100100
10000100
10010100
10110100
10100100
001100100
001110100
001000100
001010100
000000100
000010100
000110100
000100100
011000100
011010100
011110100
011100100
010000100
010010100
010110100
010100100
110000100
110010100
110110100
110100100
111110100
111100100
111000100
111010100
100000100
100010100
100110100
100100100
101100100
101110100
101000100
distribution: P(0) = 0.396511	P(1) = 0.603489	
transitions: T(0) = 17	T(1) = 14	
P(state): 0.0335688

State number: 7
00110101
00100101
00000101
00010101
01100101
01110101
01000101
11000101
11010101
11110101
11100101
10000101
10010101
10110101
10100101
001100101
001110101
001000101
000000101
000010101
000110101
000100101
011000101
011110101
011100101
010000101
010010101
010110101
010100101
110000101
110010101
110110101
110100101
111110101
111100101
111000101
111010101
100000101
100010101
100110101
100100101
101100101
101110101
101000101
distribution: P(0) = 0.102743	P(1) = 0.897257	
transitions: T(0) = 9	T(1) = 21	
P(state): 0.0083152

State number: 8
00111101
00101101
00001101
00011101
01101101
01111101
01001101
01011101
11001101
11011101
11111101
11101101
10001101
10011101
10111101
10101101
001101101
001111101
001001101
001011101
000001101
000011101
000111101
000101101
011001101
011011101
011111101
011101101
010001101
010011101
010111101
110001101
110011101
110111101
110101101
111111101
111101101
111001101
111011101
100001101
100011101
100111101
100101101
101101101
101111101
101001101
101011101
distribution: P(0) = 0.176786	P(1) = 0.823214	
transitions: T(0) = 9	T(1) = 21	
P(state): 0.0403509

State number: 9
00111010
00101010
00001010
00011010
01101010
01111010
01001010
01011010
11001010
11011010
11111010
11101010
10001010
10011010
10111010
001101010
001111010
001001010
001011010
000001010
000011010
000111010
000101010
011001010
011011010
011111010
011101010
010001010
010011010
010111010
110001010
110011010
110111010
111111010
111101010
111001010
111011010
100001010
100011010
100111010
100101010
101111010
101001010
101011010
distribution: P(0) = 0.872495	P(1) = 0.127505	
transitions: T(0) = 6	T(1) = 7	
P(state): 0.00800038

State number: 10
00111110
00011110
01111110
01011110
11011110
11111110
10011110
10111110
001111110
001011110
000011110
000111110
011011110
011111110
010011110
010111110
110011110
110111110
111111110
111011110
100011110
100111110
101111110
101011110
distribution: P(0) = 0.813566	P(1) = 0.186434	
transitions: T(0) = 5	T(1) = 8	
P(state): 0.04096

State number: 11
00110001
00010001
01110001
01010001
11010001
11110001
10010001
10110001
001110001
001010001
000010001
000110001
011010001
011110001
010010001
010110001
110010001
110110001
111110001
111010001
100010001
100110001
101110001
101010001
distribution: P(0) = 0.255397	P(1) = 0.744603	
transitions: T(0) = 3	T(1) = 1	
P(state): 0.0338494

State number: 12
00010011
01010011
11010011
10010011
001010011
000010011
011010011
010010011
110010011
111010011
100010011
101010011
distribution: P(0) = 0.52338	P(1) = 0.47662	
transitions: T(0) = 4	T(1) = 23	
P(state): 0.0157407

State number: 13
01110011
11110011
001110011
011110011
111110011
101110011
distribution: P(0) = 0.599585	P(1) = 0.400415	
transitions: T(0) = 4	T(1) = 23	
P(state): 0.0253494

State number: 14
00101001
00001001
01101001
01001001
11001001
11101001
10001001
10101001
001101001
001001001
000001001
000101001
011001001
011101001
010001001
010101001
110001001
110101001
111101001
111001001
100001001
100101001
101101001
101001001
distribution: P(0) = 0.221769	P(1) = 0.778231	
transitions: T(0) = 3	T(1) = 12	
P(state): 0.0202918

State number: 15
00011001
01011001
11011001
10011001
001011001
000011001
011011001
010011001
110011001
111011001
100011001
101011001
distribution: P(0) = 0.234705	P(1) = 0.765295	
transitions: T(0) = 3	T(1) = 1	
P(state): 0.0329049

State number: 16
00110111
00010111
01110111
01010111
11010111
11110111
10010111
10110111
001110111
001010111
000010111
000110111
011010111
011110111
010010111
010110111
110010111
110110111
111110111
111010111
100010111
100110111
101110111
distribution: P(0) = 0.497597	P(1) = 0.502403	
transitions: T(0) = 26	T(1) = 19	
P(state): 0.0193063

State number: 17
00111000
00101000
00001000
00011000
01101000
01111000
01001000
01011000
11001000
11011000
11111000
11101000
10001000
10011000
10111000
10101000
001101000
001111000
001001000
001011000
000001000
000011000
000111000
000101000
011001000
011011000
011111000
011101000
010001000
010011000
010111000
110001000
110011000
110111000
110101000
111111000
111101000
111001000
111011000
100001000
100011000
100111000
100101000
101101000
101111000
101001000
101011000
distribution: P(0) = 0.487749	P(1) = 0.512251	
transitions: T(0) = 2	T(1) = 11	
P(state): 0.0660904

State number: 18
00100000
00000000
01100000
01000000
11000000
11100000
10000000
10100000
001100000
001000000
000000000
000100000
011000000
011100000
010000000
010100000
110000000
110100000
111100000
111000000
100000000
100100000
101100000
101000000
distribution: P(0) = 0.479329	P(1) = 0.520671	
transitions: T(0) = 18	T(1) = 25	
P(state): 0.0325764

State number: 19
00101111
00001111
01101111
01001111
11001111
11101111
10001111
10101111
001101111
001001111
000001111
000101111
011001111
011101111
010001111
010101111
110001111
110101111
111101111
111001111
100001111
100101111
101101111
101001111
distribution: P(0) = 0.47523	P(1) = 0.52477	
transitions: T(0) = 10	T(1) = 20	
P(state): 0.0410559

State number: 20
00111111
00011111
01111111
01011111
11011111
11111111
10011111
10111111
001111111
001011111
000011111
000111111
011011111
011111111
010011111
010111111
110011111
110111111
111111111
111011111
100011111
100111111
101111111
101011111
distribution: P(0) = 0.526745	P(1) = 0.473255	
transitions: T(0) = 10	T(1) = 20	
P(state): 0.0408232

State number: 21
00111011
00101011
00001011
00011011
01101011
01111011
01001011
01011011
11001011
11011011
11111011
11101011
10001011
10011011
10111011
10101011
001101011
001111011
001001011
001011011
000001011
000011011
000111011
000101011
011001011
011011011
011111011
011101011
010001011
010011011
010111011
110001011
110011011
110111011
110101011
111111011
111101011
111001011
111011011
100001011
100011011
100111011
100101011
101101011
101111011
101001011
101011011
distribution: P(0) = 0.523894	P(1) = 0.476106	
transitions: T(0) = 22	T(1) = 16	
P(state): 0.0406452

State number: 22
00110110
00010110
01110110
01010110
11010110
11110110
10010110
10110110
001110110
001010110
000010110
000110110
011010110
011110110
010010110
010110110
110010110
110110110
111110110
111010110
100010110
100110110
101110110
101010110
distribution: P(0) = 0.755728	P(1) = 0.244272	
transitions: T(0) = 24	T(1) = 8	
P(state): 0.0212842

State number: 23
00100111
00000111
01100111
01000111
11000111
11100111
10000111
10100111
001100111
001000111
000000111
000100111
011000111
011100111
010000111
010100111
110000111
110100111
111100111
111000111
100000111
100100111
101100111
101000111
distribution: P(0) = 0.448336	P(1) = 0.551664	
transitions: T(0) = 26	T(1) = 19	
P(state): 0.0568924

State number: 24
00101100
00001100
01101100
01001100
11001100
11101100
10001100
10101100
001101100
001001100
000001100
000101100
011001100
011101100
010001100
010101100
110001100
110101100
111101100
111001100
100001100
100101100
101101100
101001100
distribution: P(0) = 0.430627	P(1) = 0.569373	
transitions: T(0) = 17	T(1) = 15	
P(state): 0.0577958

State number: 25
00100001
00000001
01100001
01000001
11000001
11100001
10000001
10100001
001100001
001000001
000000001
000100001
011000001
011100001
010000001
010100001
110000001
110100001
111100001
111000001
100000001
100100001
101100001
101000001
distribution: P(0) = 0.184297	P(1) = 0.815703	
transitions: T(0) = 3	T(1) = 1	
P(state): 0.0322342

State number: 26
00101110
00001110
01101110
01001110
11001110
11101110
10001110
10101110
001101110
001001110
000001110
000101110
011001110
011101110
010001110
010101110
110001110
110101110
111101110
111001110
100001110
100101110
101101110
101001110
distribution: P(0) = 0.771023	P(1) = 0.228977	
transitions: T(0) = 5	T(1) = 8	
P(state): 0.0350675

