State number: 0
00010000
00001000
00000000
00100000
00101000
00110000
01000000
01001000
01010000
01100000
01101000
01110000
10000000
10001000
10010000
10100000
10101000
10110000
11000000
11001000
11010000
11110000
11100000
11101000
000100000
000101000
000110000
000010000
000001000
000000000
001000000
001001000
001010000
001100000
001101000
001110000
010000000
010001000
010010000
010110000
010100000
010101000
011000000
011001000
011010000
011110000
011101000
011100000
100001000
100000000
100010000
100110000
100100000
100101000
101001000
101000000
101010000
101110000
101100000
101101000
110000000
110001000
110010000
110100000
110101000
110110000
111100000
111101000
111110000
111001000
111000000
111010000
distribution: P(0) = 0.410118	P(1) = 0.589882	
transitions: T(0) = 0	T(1) = 2	
P(state): 0.0680751

State number: 1
00010010
00000010
00100010
00110010
01000010
01010010
01100010
01110010
10000010
10010010
10100010
10110010
11000010
11010010
11110010
11100010
000100010
000110010
000010010
000000010
001000010
001010010
001100010
001110010
010000010
010010010
010110010
010100010
011000010
011010010
011110010
011100010
100000010
100010010
100110010
100100010
101000010
101010010
101110010
101100010
110000010
110010010
110100010
110110010
111100010
111110010
111000010
111010010
distribution: P(0) = 0.808572	P(1) = 0.191428	
transitions: T(0) = 4	T(1) = 5	
P(state): 0.0383252

State number: 2
00010001
00000001
00100001
00110001
01000001
01010001
01100001
01110001
10000001
10010001
10100001
10110001
11000001
11010001
11110001
11100001
000100001
000110001
000010001
000000001
001000001
001010001
001100001
001110001
010000001
010010001
010110001
010100001
011000001
011010001
011110001
011100001
100000001
100010001
100110001
100100001
101000001
101010001
101110001
101100001
110000001
110010001
110100001
110110001
111100001
111110001
111000001
111010001
distribution: P(0) = 0.18319	P(1) = 0.81681	
transitions: T(0) = 1	T(1) = 24	
P(state): 0.0706415

State number: 3
00010111
00110111
01010111
01110111
10010111
10110111
11010111
11110111
000110111
000010111
001010111
001110111
010010111
010110111
011010111
011110111
100010111
100110111
101110111
110010111
110110111
111110111
111010111
distribution: P(0) = 0.612866	P(1) = 0.387134	
transitions: T(0) = 19	T(1) = 22	
P(state): 0.0120656

State number: 4
00010100
00000100
00100100
01000100
01010100
01100100
10000100
10010100
10100100
11000100
11010100
11100100
000100100
000010100
000000100
001000100
001010100
001100100
010000100
010010100
010100100
011000100
011010100
011100100
100000100
100010100
100100100
101000100
101100100
110000100
110010100
110100100
111100100
111000100
111010100
distribution: P(0) = 0.344017	P(1) = 0.655983	
transitions: T(0) = 0	T(1) = 25	
P(state): 0.0318647

State number: 5
00010101
00000101
00100101
00110101
01000101
01100101
01110101
10000101
10010101
10100101
10110101
11000101
11010101
11110101
11100101
000100101
000110101
000010101
000000101
001000101
001100101
001110101
010000101
010010101
010110101
010100101
011000101
011010101
011110101
011100101
100000101
100010101
100110101
100100101
101000101
101110101
101100101
110000101
110010101
110100101
110110101
111100101
111110101
111000101
distribution: P(0) = 0.111421	P(1) = 0.888579	
transitions: T(0) = 23	T(1) = 21	
P(state): 0.00815779

State number: 6
00000110
00100110
01000110
01100110
10000110
10100110
11000110
11100110
000100110
000000110
001000110
001100110
010000110
010100110
011000110
011100110
100000110
100100110
101000110
101100110
110000110
110100110
111100110
111000110
distribution: P(0) = 0.745754	P(1) = 0.254246	
transitions: T(0) = 16	T(1) = 20	
P(state): 0.0756307

State number: 7
00011000
00111000
01011000
01111000
10011000
10111000
11011000
11111000
000111000
000011000
001011000
001111000
010011000
010111000
011011000
011111000
100011000
100111000
101011000
101111000
110011000
110111000
111111000
111011000
distribution: P(0) = 0.462989	P(1) = 0.537011	
transitions: T(0) = 0	T(1) = 2	
P(state): 0.0570224

State number: 8
00011010
00111010
01011010
01111010
10011010
10111010
11011010
11111010
000111010
000011010
001011010
001111010
010011010
010111010
011011010
011111010
100011010
100111010
101011010
101111010
110011010
110111010
111111010
111011010
distribution: P(0) = 0.902548	P(1) = 0.0974519	
transitions: T(0) = 17	T(1) = 5	
P(state): 0.00769241

State number: 9
00011011
00111011
01011011
01111011
10011011
10111011
11011011
11111011
000111011
000011011
001011011
001111011
010011011
010111011
011011011
011111011
100011011
100111011
101011011
101111011
110011011
110111011
111111011
111011011
distribution: P(0) = 0.682797	P(1) = 0.317203	
transitions: T(0) = 18	T(1) = 3	
P(state): 0.029483

State number: 10
00000111
00100111
01000111
01100111
10000111
10100111
11000111
11100111
000100111
000000111
001000111
001100111
010000111
010100111
011000111
011100111
100000111
100100111
101000111
101100111
110000111
110100111
111100111
111000111
distribution: P(0) = 0.549604	P(1) = 0.450396	
transitions: T(0) = 19	T(1) = 22	
P(state): 0.053888

State number: 11
00011101
01011101
10011101
11011101
000011101
001011101
010011101
011011101
100011101
101011101
110011101
111011101
distribution: P(0) = 0.255958	P(1) = 0.744042	
transitions: T(0) = 8	T(1) = 9	
P(state): 0.00780191

State number: 12
00010011
00110011
01010011
01110011
10010011
10110011
11010011
11110011
000110011
000010011
001010011
001110011
010010011
010110011
011010011
011110011
100010011
100110011
101010011
101110011
110010011
110110011
111110011
111010011
distribution: P(0) = 0.610198	P(1) = 0.389802	
transitions: T(0) = 6	T(1) = 10	
P(state): 0.0717229

State number: 13
00011001
00111001
01011001
01111001
10011001
10111001
11011001
11111001
000111001
000011001
001011001
001111001
010011001
010111001
011011001
011111001
100011001
100111001
101011001
101111001
110011001
110111001
111111001
111011001
distribution: P(0) = 0.274977	P(1) = 0.725023	
transitions: T(0) = 1	T(1) = 12	
P(state): 0.0719145

State number: 14
00011110
00111110
01011110
01111110
10011110
10111110
11011110
11111110
000111110
000011110
001011110
001111110
010011110
010111110
011011110
011111110
100011110
100111110
101011110
101111110
110011110
110111110
111111110
111011110
distribution: P(0) = 0.838251	P(1) = 0.161749	
transitions: T(0) = 15	T(1) = 20	
P(state): 0.0287576

State number: 15
00011100
00111100
01011100
01111100
10011100
10111100
11011100
11111100
000111100
000011100
001011100
001111100
010011100
010111100
011011100
011111100
100011100
100111100
101011100
101111100
110011100
110111100
111111100
111011100
distribution: P(0) = 0.479751	P(1) = 0.520249	
transitions: T(0) = 7	T(1) = 13	
P(state): 0.0533541

State number: 16
00001100
00101100
01001100
01101100
10001100
10101100
11001100
11101100
000101100
000001100
001001100
001101100
010001100
010101100
011001100
011101100
100001100
100101100
101001100
101101100
110001100
110101100
111101100
111001100
distribution: P(0) = 0.415246	P(1) = 0.584754	
transitions: T(0) = 7	T(1) = 13	
P(state): 0.0755691

State number: 17
00110100
01110100
10110100
11110100
000110100
001110100
010110100
011110100
100110100
101110100
110110100
111110100
distribution: P(0) = 0.407206	P(1) = 0.592794	
transitions: T(0) = 0	T(1) = 25	
P(state): 0.00696697

State number: 18
00010110
00110110
01010110
01110110
10010110
10110110
11010110
11110110
000110110
000010110
001010110
001110110
010010110
010110110
011010110
011110110
100010110
100110110
101010110
101110110
110010110
110110110
111110110
111010110
distribution: P(0) = 0.782348	P(1) = 0.217652	
transitions: T(0) = 16	T(1) = 20	
P(state): 0.0246445

State number: 19
00001110
00101110
01001110
01101110
10001110
10101110
11001110
11101110
000101110
000001110
001001110
001101110
010001110
010101110
011001110
011101110
100001110
100101110
101001110
101101110
110001110
110101110
111101110
111001110
distribution: P(0) = 0.789034	P(1) = 0.210966	
transitions: T(0) = 15	T(1) = 11	
P(state): 0.037018

State number: 20
00001101
00101101
00111101
01001101
01101101
01111101
10001101
10101101
10111101
11001101
11111101
11101101
000101101
000111101
000001101
001001101
001101101
001111101
010001101
010111101
011001101
011111101
011101101
100001101
100111101
100101101
101001101
101111101
101101101
110001101
110101101
110111101
111101101
111111101
111001101
distribution: P(0) = 0.193243	P(1) = 0.806757	
transitions: T(0) = 8	T(1) = 9	
P(state): 0.0294009

State number: 21
00001011
00101011
01001011
01101011
10001011
10101011
11001011
11101011
000101011
000001011
001001011
001101011
010001011
011001011
011101011
100001011
100101011
101001011
101101011
110001011
110101011
111101011
111001011
distribution: P(0) = 0.611453	P(1) = 0.388547	
transitions: T(0) = 18	T(1) = 3	
P(state): 0.0072681

State number: 22
00001111
00101111
01001111
01101111
10001111
10101111
11001111
11101111
000101111
000001111
001001111
001101111
010001111
010101111
011001111
011101111
100001111
100101111
101001111
101101111
110001111
110101111
111101111
111001111
distribution: P(0) = 0.572807	P(1) = 0.427193	
transitions: T(0) = 14	T(1) = 26	
P(state): 0.0288808

State number: 23
00001010
00101010
01001010
01101010
10001010
11001010
11101010
000101010
000001010
001001010
001101010
010001010
011001010
011101010
100001010
101001010
101101010
110001010
111001010
distribution: P(0) = 0.932331	P(1) = 0.0676692	
transitions: T(0) = 4	T(1) = 5	
P(state): 0.000910223

State number: 24
00000011
00100011
01000011
01100011
10000011
10100011
11000011
11100011
000100011
000000011
001000011
001100011
010000011
010100011
011000011
011100011
100000011
100100011
101000011
101100011
110000011
110100011
111100011
111000011
distribution: P(0) = 0.552321	P(1) = 0.447679	
transitions: T(0) = 6	T(1) = 10	
P(state): 0.0577615

State number: 25
00001001
00101001
01001001
01101001
10001001
10101001
11001001
11101001
000101001
000001001
001001001
001101001
010001001
011001001
011101001
100001001
100101001
101001001
101101001
110001001
110101001
111101001
111001001
distribution: P(0) = 0.222981	P(1) = 0.777019	
transitions: T(0) = 1	T(1) = 12	
P(state): 0.0251783

State number: 26
00011111
00111111
01011111
01111111
10011111
10111111
11011111
11111111
000111111
000011111
001011111
001111111
010011111
010111111
011011111
011111111
100011111
100111111
101011111
101111111
110011111
110111111
111111111
111011111
distribution: P(0) = 0.614259	P(1) = 0.385741	
transitions: T(0) = 14	T(1) = 26	
P(state): 0.0200044

