000000001000000111100000000000000000011111000000000000111100001100001111111111111000011111111100001111000011011111111111111111111111111100100111111110000000001111111111111111111111110111111111111111111111111011111111111111111111111111111111111111000111111111111111100000011001111111001110111111110000111000111111110000000110000000011111110011111111111
111111111111101111111111111111111111101111111100111111111111101100111111111111111111111111111111111111111111111111111111011111111111110011111111110011111111001011001111100000001101101111001111100001111111111110111100000000001111110001111011110001111111111110011111001111111111110000000000000001001111100000000000010000000000111000000000000000000001111
000001111000000111110000000000000001000111111111110001110000000000000000011110000000000000000001100011110001001111000000000001111000010011000000000000001111011001110011111001111111100000001100011100111111000111111111111111111111111111111111111111100010000000111110000110000000000000000000011100000000000000000000000111000000000000000000001111000100001
000000000111000000000000111110000000000111111111111111111111111110001111111000111111111111111111111111100111111000001000000000001111110000000011001001111000000000000000000111000000000000000000011100000000000110000000011100011000000110001110000111111100000110000110010011111001110000000000000000000000000000000000110111100000011100011110111111101111111
111100010000000111111111111111101111111111111111111111110011111111111111111111111111000111111111111111101111100000000000000000000000011100000000001100000000010000111100000000000111111111001111000000000000000000000001111100000000000000011000111110000000000000000000011100000000000000110001111110000011111111111111111111000001111111011001110000111111000
000000111100100000111111000110000011101100001111111000000111111100111111111100011100111111100000110000011111000010000111111110000000011100000000000000000000000000111100000000000000011111000111110000000011111111111111111100111000011110001111000000000000001111111111100000000000111110000111000000000000000010000111111000000000010000000111100000000010000
011100000000110111100000000000000011000111100000011111111111111111111111111111111111111111111111110010111111111111111111111111111100010011111100011110011111111111111000001100100100010000011100011111100000000000000000000001110000000000000000000111111111000000000000001111111111110001111111111111111111111111111111111111111111111100111001111111111111111
000000000000000111000000000000000000000000011000000000000000000000000011011000001111000000011111111000000000110001111111111000000000001111011111100000000000000001111111000000000111100000000011110000000010011001100111111001100111111111111111111100001111111111111101001111111111100111110000011000111111101111000000000001001111100111000000111111111110010
000000000011000000001111100000000001111111111110000000100001000011000111111111111111111100000010000001110001111000000000000000000000111110011100000001101011111110000111111000001111111100011110111111100011111110111111111111101111111111111000111111111110011111111001111111111001110011000011111100000000111100111111111101111111110001111110111111111101111
000000000111100011110000000001000000001111000000001111111111111111110110011111101110001111010000110000111011111110000000000000000000111111100010000000011111111000001111000000110001110011001111110000000011000100011111111000000001111100111111111000000000011110000000000111111111111111101011111111111111111111111111111111111111111100111111111111111111111
000000111111111111111111111111111111111101111111111110110011111100111001000111110000000000000000000000001111111101111000000110000000000001111000000000000000000110011110000000000000001011110011111100000000110011110011111111110000000000011111111111110001001100000111000000000000111111111111111111111111111111111111110011001111000011001110000000001111111
000000011100000000000000001111100000000000000000000000000000000000000110000000011000111110010000000000000111000000001100000001111000000000000000001111100000000000000010000011110000000000001111000000000111100111110000000000111110000110000001111111000000011111111111000000000000011111000000000100111100000000000000001111000000000000111001110000000000000
000001100111111100000000000000111100000000000011100000111111000001000000111111110000001111111111110000111111111111111111110111111111000000101100000000000000000000010111000000000111000001111111000000100000100110000000000011100000001100011001111111110000111111111111111111111111111111111111011111111110011111111001100000011111110000000000111110000001100
000000000000000000000000011110000001001111111111100011111111111110000111111100000000000000000000000011000011111000000000000000000000000000000011100000000000000000000000000111100000000000000000000110000000000011111110000011111111000000100011111110011110000000001111110111111110001111100110000111000011111111111011111111111111111111000000000001110111111
000000000111000000000000011111111000111111111111111111111111111000000001100001111100000000000111110000000000011110000001111111000000100000101100111111000110010001111111111111111111111111111111110111100000000000000011100000000000000000000011100000000000000000011111000000000000000111000000000000000000000111100000010000000001111111110001111001111111111
000011000111100000000000000000000001110000000000000000000011110000000000011111111000111000000000111011111100111111111111100000000011000011110000000000000000000111110000011000000000011100000000000000000011110000000000000111111101111111000100001111000000100000000001110000000000001110000111000000000111100111111001111000001000000111100000000000000111001
000000000000000000001100011110011001111011111011111111000111111100000000000000000000110111110000000000000011111100000000000000111111000000000000000000000000000000000000001111100000000001100000000000000111100010011111011111111100100111111000000000000011111111111111111111111111111111110111111111000000111100000000000000011100000000000000000000000011111
111011111111000001111111111111111111001111111111111111111111111110111111111111111111111111111111111111111111111110010000000111111111100011110111111111000111100000001000111111111000100000111111111110000000100000110001111000000001111100111111111100111110011111111000110111111111111111111111111111100000111111111000000000000011110000000000001111000000000
100111111110001100110000000100001110000011011000000000000111110000000000000000110000000011110000000000000000000001100000000000000000000000011100000000000000001111110000111110111111110011111111111111000111111000111111000000010011111110011111110000001101100111111111111000000000010010111111111000110010000000001111100000000000001111000000011111111111000
000111100000000000000000001000111111001100011000001111111100011111000001111111111111000000000000000000000100000111110000110000001110001111111100111000000000000111110111111000011111111000001000100000000111111101100100111111111111111111111111111111111111111011111111111111101111111111111111111111111111111111111111111111111111111111111111111111111111111
000100000001111110011111000011101111111111111111111111111111111111111111101111111000011001000000000000001000000000111110000000000000011111111111111011111100000000000011000011110011111111100111101111111100000000111111111111111111111111111111111111111111111111111111111111111111100100000000011111111111111111111111110011111111111111111100111111111111111
000000000001000100001111011110011001001100010000000011111000000000001100111101111111100010011110000111111111011110011111111000111111011111111001111111100011111110000000110000111010000110011110000000000000000000000000001111111000000000011101111111000000001000100111000100000000000000000111100000000011111111111100111111111111111111111111111111111111111
001100011111111111011111100000110000000000000000000011100000000000000010000001110000111000000000000000011000000111100000000111111111100001111111100000000000000000110011110000000000000000000000011111100010010000111111111111111111111000000110011111111111111110001000111111111111111111100011111111111011111111100000000000000001000110011111000000000000000
100111111000011111110011111110000010011100111111001100111100111100000000111100111111110000000000000011111000000111111000011111000011000011100001111000000000001011111100001000000111000000000000011100000000001000111000000000000001110000000000000111000000000000000000111111000000000000100011100000000000000000011100000000000000011110000000100100001111100
110000100000111000001111100010011111110011001111011100011111011111111111000111111111111111111111111111110000000111111111110111111111111111111111100001111111000111111111111110000111111111001111111011111111111111111111111111111111101111000111100000011110011111111111111001110111111111111110110011111111110011111111111001111100000111110000011000000011111
111111100000111110110010001111101111111000001111111101111111111111111110001100000000001110000000000000001110000000000000000000000000000001110000000000000000000000000000011111100000000000000000001110000000000001111000000000000000000000000000001111000000000000000000000000001111000000000000000000000000011100000000000000000000110011111111011111111111111
000000000011010001111111111100000001000111111111001111111111100100010011000000011111111101111001111000111111101111110000111011000111111111111000000000000000001111100001000010000011111111100000000000001111111011111111110100000111111111111111111111111011111111111111100111110011110011111110011111111111000011111111111111001111111111111001111111111111111
100001110000000110111111111111111111111111111111111111111111111111111111111111000011000000000000000000000010001111000000000000000000000000001110000000000000010000000000000011110010000000001000000000000111110011111111000011111111111111111000000100000000000011111000100000000000000000000111100000000000011111000111111111111111111111111111111001111111110
000000000000000000001100011100000000000000000100100011111111111111111111111111111111111111111111111110000011110111111111111111111111111111111111111111111111011111111111111111111111000000000000000000000000011011111100000000000000110011110001111000000000001110000000001110000000000000000000000000100000000000000000000000000111000000000000000000100111100
000000110000000000001101111111110000001100000000000000000111001100111111001110011110000000000000100000010000110000011100000000000000000000000001110000010000001110010011110000000000000000000011110000000000000000000000000111100000000000000000011111000000000001111010001110111001111111111111111111111111100001100001111000000000000000011000000001111100000
000000000110111000011110000000000000000000011100001111111000001110001100000001111100000100001101111111111111100000000000011111000000111100011110001100111100001110010011111111111111111111111111111111111111100111101111111111111111111111111111110000011111111111111111111111111001000100111110011111111110111111111111101111111111111000111110011011111111000
010000111100001000111111110000000110010000111111111111101111111000000001111111000000000000000000011111111000000000000000011011011111110000100011011000111111111111111111111100001111101111111111110111100001111111111111111111111111111111111111111111111110011111111011101101111110000000000000000111111110000000000011111111111000000000001111111000111110000
100000000000000000000011100000000000111001000111101111000000000001111111111111111111000000111100000000010000111111110000000000111111111111111111001111111111111100111101111111111111111111111111101110111111011100101111111111100000010000011100000000000011111111000000000000000001110000000000000000011110000000000000011111100000000010000111110001111111111
000000000000000000000111100000000000000000110000000000000000000000001111110000000000111111111100111110000001111111111110111100000000000000000000111011111000000011110000111011111110000000000000000001100111100000000000000011111110000000000000000000011000000000001111001111000000000000111000000000000000000111000000000000000001111000000000110001110000111
000111011111111000000000000111111111011001111100001110000000000111000000000000000000000111000000000000000001111111110000000000000000000111000000000000000000000111000000000000000000000000011111000000001100000100000001111000000000000000000000000000000000001111111000001111111110111110001111111111111111111100000111111111111111111111111111111111110011111
000000011100011111000000011111011111111111111111111111111111111111000111111111111111101111110000011000011111111000001111101100000000000000000011100000000000000000001110000000000000000000001111100000011111111111111111111111110010001111000000000011100000000000000000011100000000111100001111111101110111111100000000000111111111111111111111111111111110010
000000000000000000000000010001001111100111111111110000000000000000111000000000000000111111111000000001100000111111101110000000000110001110000000111000111111111101111111111111111111111111111111111111111111111111111110100111111111111100111000001111101110111100000000110000000000001111000000000110011000000000001000111100000000000000000110000010011101110
100000000000000000000011000011100000000001000000000000001100111100000000001001100111001111110000001111100000000100000000000110000000000000000000001110000000010001111111111111111100000000110111111110111111111111000000011100001000111111000001100000000111111100000001110000111111000000000111111111111111111111110111111111111111111111111111111111011101111
000000011110000000000000000001111111111100011111111111111111111111111111111111111111111111111100100000011011111111110111111111001111000111111001100111100000000000000000001100011011100000000001110001110111100000001111111111111111111110001111000001111111100000111000001111111111111100000000011000001001111000000000000110011111110000000000111111000001111
000000011100111111000011110000001000000000111111000010000000011001111111111000001111001111111111101110001100000111100000100100110000000111000000000000011111111110000000000000000000001111000000000000000011110000000000000000000111000000000000000000111100000000000000111111110000100110111110011000111111000111011111111111111001111011111111111111111001111
111111111111111000111111111111111111111111111111111111111111111111011111111111110000000000000000000011100000000011100000000001100000000000000111110000011000011110011110111110000011111111011111111111110000000001110001111011111110001110111100000111111000000111110000000001110011001111000000000000000100011111111000000000000000000001110000000000000000000
000000000001110000000000000000000000111000000000000000000000001110000000001111000001100001111110000000000000000000000001111000000000000000000000001111100000000000000011111111000000000000000001111000000000000000000000111100001000000000000011110000000000000111111000000000000000111110000011100000000110011111101111110000001111111110011110000000000001111
001100000000000000000000000000000000001111000000000000000011000000000000000000111000000000000000000000000000000000000000000011111100000000110001111000000000000000111111000000000000000000111100000000000000000000000000011110000000000000000011111111100000000000000110011111111101100000111011111111111001100000111111111111110000111111111111111111110011011
111111100111101110100111111111111111111111111111111111111111111111111111100011111000111011111000000000111100111100000100111111111111000100000111000000001111111111111000010001111111111100001111111111111111111111111111111111111111111111111111111011111111111111111111111111110011111111111111111111111111111111111100110000111111111111111111111111111111111
000000111000000000000000000011100000000000000000000011111100000000001001111111111110001000001110011111111111111111100000111111111111101110111111111110011111111110000000111000011110111111111100110000000000011101111100010001001100111111111000000000011100111000000000010000111111111110000000000110111000000011000000000000000011100000000000111111111111111
111100000000000000000110000000000000000000110000111110000011111111001011111110001111111111111100111111101111111111111111111111110011111101111111111111110001111111100100011111111111001001111111111000111111000000000000000001111000000000000000011110000000000000001111000000000000011111110000000000000011110000000011111100111111111111111111111111111111111
000000000000111100001100100011001000000100000000000000110000000000000000000000000000000000000000000000000000011100000000000000000000000000000000000111100000000000000000000000000000000000000000000000000000000000111111000001110111000000111111111111111111111111111111111111111111111111110000011111111111111110000010011100111111111111000000000000000110011
111111110111111111111111111111011110111111111111111111111111110001111111111111111001011111100011100111111100000000011111111110111111111111111001110111111111100111111111111100111110011111111111111111111111111111111111111111111111111101111111111111111111111111000001111011111111111111111111111111111111111111111111111111111111111111110000000110000000111
111111111110000111111111111111111111111111110001111001000100000011111100011101011111111111111111111001111111110111100111100000000000111111101100111111000000000000000110011110111000000000001100000000001100001111100000000000000011000000110000111110001001111111111111111000111111111111111111111111111111111101110001111111111101110111111111100111111111100
000000000000000000000111000000000000000000000000011110000000000000000100000000000000000001111000000000000000000011000000000000000000000000011100000000000000000111000000000000000000010000111100000000000000000110000111100000000000000000000000110000000000000000000000011111000000011001110000111110010000001110000000000111000000100000111110011000011110000
000000000010000001111100000000000000000111000001000101111111111110000001110011000000011111000000000000000001110000000000001011110000011000001111111111111000000000000000000001110000000000000000000000000000000000000000000000000000000000000000001101111111110000000000000000110011110001111111111111110000001000001100000111111101111100011100000111111111110
111111111111111111111111111111001111111111111111111111111111111111111111111111111111111111111111111111111111111110111111111111100001100011101111111111111111100000000110001000000110000111111000000000000001111011100111111100111000000011100000111111111111111111111011000111111111111101111111111111111000011110000000000111111000000011110111111110011111111
111100000111001111111111111111111011100011110011111111110001000001110000000111000000000000000111110000001100111110100001000001111110000100000000000110000011111001001111111000000000000001110111111100111001111111100001111001001100000111000010000001110011111100000000000000011111111111100000000000000000000000011110000000000000000000000000000000000011000
000000000000000000000000000000011100000000000000000000000000000000011111000010000110000000000100011110000100000110000000000011111111000001001111001110000011111111000010000000010111111111111111111111110011111111111111111111111111111111111111111111111111111111111111111111111111111111111111011100111110011110011111111111101000001111001100111111111111100
011111110110000000000011110000000000000000000000000000000000000000000000000000000001100000000000000000000000000001110000000000000000000000000000111000000000000000000000000000111000000000000000000000000000111100000000000000000011000011111100000000011111111111111100001110000111111110111110011111111100000110011111001100000011111111111111111110000111000
111111011111110111011110001111100110111101111100000000000000000110000110011111000000000111110001111101111111101100000111100000110001111000000000000000000000000001111000000000111000111111111110000011111100111110001111111110110011001111101111111111111100111101111111111111111100011010001000111111111111111111111111111111111110111111100011000111111111101
111111111011111111111101100000110111111111111111111111111111111111111111111111100111111111110111001111111111110000000000000000000000000000110000000000000000000010000000111000000000000000000010000111110000000000000000100011000110111100000000000000001111100111100000000000000000000000111110000000000000000001111000111101111110100000001110000011100000000
111111111111111111100001111111111111111111110110011001110000000001111000001111000000111111111001111000001000100000001000000001110000000000000000000000000000011110000000000001111110100011100000000000000000001111111000000000000000001111000011000011110000000001111000000000000000001110000000000000011110111110000011111100110000001111110000000011000001110
110011011111111111000000001111111011100111100011000001000000110000011111110000011001111000111111111111110000000011110000000000000001111111111111111111111111000000111110011100111111111111100011111110100011000100011110111100000000000000000000000011100001000000001110000111100000000111000011111111110010000001110011111001110000000000000111100011100111111
000000001100000000111101100011111111001111110011111011111111100111111111100000000000000000000000001100010010001111000000000000000000000000000000000000000000000000001111000000000000000000000000000111001110000011000011000001111111100011111111110111000001111111011111100000111111111001111100100001111111111111111110001111111100000000001111100000001111101
001110001111100100111110000000001011110000111111000000111111111111111100111111111111111111111111111111111111111111000111111111111111001111111111111000000010000001100000110110001111000000000000111110000000000000111000000000000100000000000000111100000000000000000000011100000000001000000100111110000001100000000000111100000000000000000000000110000000000
111111111111000000000001111111111111111111111111110001111111110001100000111000000001111100000000000000000000000000000000000000011000000000000000000000000000111000000000000100110000000000001000000000000000000000000000000011100000000000000000000000000111100000000000000000000000011100000000010000000000000011110000000110000000111111111111111111111111111
111111110000010000000011111111111111111111111000001000011110000000000000000111110000000000100111111111111111111100000100001000111101100011111111111000001000011111111111111111111001011111111111111111110011111100001000111001111111111101111000000000000000100001111111111001101111111111111111000000111000000000000000001100000011100000000000000000000000000
111110110110111111111111111111111100000001111111111111111111111111111111111111111111111111111111111111110011001111110000000000100000000000000001111110000000000000000000001111111000000000001111000011001100000111110000000001000111111011111111111110000000000111111000001111111100000001100001111111111111111111111111111111111100111111111111100111111000110
000000111111111111111111111111000001111111111111111111111111111111110001111111111111111111111111110111111100111111111111111111111100000000110001101111000111111111111000111111111111111111111011111111111111100000111100000011011110011101111000000011000000001111001111000000000000110011000001111110000001111001111111111110011111100111111111101111111111111
111111111111111000110000000000000000000001111000000000000000000000000000000000000000011100011100001111111001111111111111111111111110111101110011110000000011110000000000000000000000110000000000000000000111111100000000010000100001111111100000111111101111111011000000111000011110000000000000000000000000000110011000001111100011100111111111111111100000000
111000000000000000000000000000000000000000000000000000000111100111111111111111100000011000000000011001111000111111111111111111100000000000001100001110000110001000000000000000001111000000000000000000000000000110000000000000000001101101111000111000000000000001100011111100000000111111111111111111111111111111111111111100001111111001111000000000000000000
011111111111111111111111111111111111111111111111111111111111111111111111111111111111111111111110111111000111111111110110000111000000000000000111100000000000111100111111110111111111111111000000000110111100111111111111111110111111111111111100000011111011111111111000000000111111001111111111110000000010111111011111111111111111101111111111111111111000111
001111110111110000110000001111110000111110001110000000011111111110000001110111111100111111111111110000111001111111111111111111111111111111111111111111111111111111111111111111111111111111111111111110110000111111111111111111111110011111111000110011001111100000000111011000011110000000000011100001111100111110000011000000011011111001100011111000011110000
000110000000001100000000000111001100111100111000000000001111100000000000000111111111111111111111111111111100000001111100111111111101111110000000011110000001111111111111010011001100000000000000000001110000011100001000001111000000001011110001100011111111100000001100000111001111111000000000000000000000000011111111110000111111111111111111110000111111111
001100111111111111111111111110000000111111111111110111111111111111111001000111000000011111110111111111111111100000000111111111111111111111001111111111000000000100000110011110111001111111111111111111101111111110011111111000111111111011111111111111000000000011100111111111111111101111110111110111111000001001000000011111111111000011111111111111111111100
000000000000111111001110000111111011111111111110100011100011111100111110111111111111111111000111110000000000000001111111111111111111111111111111111111000000000000000000000000111111111000001111100000000000111000000000000011111011111111111100111111110010000111000000000000110111111111111111000111011111111000111100000000000000000110000100011110000000000
011111111111110011100111111111111111111111000000000111111111111111111111100111111011111111111111111101100111111111100111111111100000000000000000000000000011111000000000000111001111101111000000000011111111111110001111111100000011100001100001101111011000011111111111100011111000100000110010000000011110000000011110000000111111001000000001101111110111011
110000000001111001111011110011111011111111111111111011111111100111100111111100000110111110000000000000000001110000000000000000000000000111000000000000000111100000000100000011100001111000000000000000000000000001111100000000000111111100010111110000000000100110010001100001111100001110000100000011111110000000000000000000001111110000000000000000000000000
001111111111111111111100111001111111111100000000110111111111111111111100001111111111111111111111101110111111111111111111111111111010000111100111111111111111111111111000000000011111100000001100000000110000111100000000001111111111111111110000000011011110011111000100000000011110111000000000000011001000000111110000000000011000011111111111111100000000000
000000000011110000000000000001000011111000010111001101111100001111110000011101111000000000000000000001111000000000000000011100000000000000000011110000000000000000000110000000000000000000000111000000000000000011100000000000001111111100000001011110111111000000000001110000000000000000111000000000011110001111111111111111100110011111111110000000000000000
111010001111100000000011110111110001110001110001111111111111110000011001111000000000001111100000000000000000001000010000000000000000001110000000000000000000000000111100000000100000000000000000000000111110000000000001110000100000001110000000000000000000011111101111100000000001100111111111111111111000000000010000001110001111111111111100001111111111111
000000110000000100111110000000000001100111100000000000000000000000000111100001110000000111111111111100000110011111111111011111111111111000000010001111011111111110010000011111111111110000000110000111111111111100000000011110111100000000111110111110000000011111111111111111111111111111111111111111000000011111111111111011111111111111111111111111111111111
001101111111111111110111111111111111111111000011101111111111110000111111111111111111100000000001100011110110000000000000110000000000011100000000000000000000000000000000000110011111111100001111111111111111111111111111111111111111111111111111111111111111111111111111111111111111111111111111111111111111111111111111111111111111111111111111111111111111111
111111011000000000000000000000000011100000000000000000000000000111111000000000000000000011010011111100111100000011001111000111111111111111110011000001111111111101111111101111111111000000000001111000000000000000000000110011110001000011000000111100000000000000001110000011111111111110000010000001111000110000000000000000000000111001111000000000000000000
000011111001111111111111111111111111101111111111111111111111111111111111111111111111000110001110111111110000110011111111111001111111111000000001110000011110000011111110000100000000011001000000000000000000011011111111111101110001111111000000110011111111111111100000001100000110000010111110000000000000000001000000100111111010000011000111010011111111111
000000000000001111000011111100111111001110110000000001110111111111111111111111111111111111111111111111111111111111101111111111111110011111111001111101111011111100000001100111000100000000011111110000000000000000000000000100011110000000000000000011110000000100010000001101110000000001111111111111111110000000011111110000111111110000111111111111111111111
000000000111111111100000111000000001111011000011111111111111111111000000000001100011111100111100000000000000000000000110111100111000000010000000111111110000000000100000001100111100000000111000110010001111000000000000000011111111110011111111111001111111111111111111110010000000000111100000000000000000000001111000011111110111111111000000000110111111111
000011100000000000000011100000000001000111111110000000010111111000000011111000000000000111111000000000011000000000000000000000000000000000001110000000000000000000000000001110000000000000000000000000111000101111100000000000100010011100001111111111110011111111111111111111100000000000010000000000001111111100110011111111111111001100000000000001101100111
111111111111111110000111111111100001111011111111111111111111111111111111111111000100011100000000000000000000000000000000001110011001100110000001110111110000000000001111001111111111000000001111111111111110001111111111101111111111111000000000001111000001111000110111111110000000000000000000000011000011100000000000110110000000100001110000000000000001000
011111000111111100000001111000000001100000000000001111110001111100000001111111111110111111111111111001111111111111111111111111111111111111111111111111100010001110111111111111111110001111000011111000000000000110001111111000011100000000000000000001000011110010001110000000000000000000000100001110001100000110010011011110011111110011001111110111000001110
110001100111110000000000111111111111111111111111000001100000010011111111111111111111111111111111111111111111001111000011111111110011111110111111100000000011111111101110011111111111111111111111111111111110000111111111111001111111111111101111111111111111111111000000000000010000011110011110000110000000111111111111111111110000000111100000011110011110000
100000000000000000000000111110000001000111111111111111111111111111111111110010011111110001100111111111111000111110000000000110000000111111000000110001111111011111111111111100011111111111100111111111111111001000100011001111111111111111111111110011111111111111000011001111111111111100110011111100111001111110011101111110000111111110000000000001111111111
000000000000100000000111000000000000000000000000111000000000000000000000000111110000000000000000000000000110011111000100000000000011001110001111110111000010011000000000000000111100000000000000000000000000011111111110000000010000000111000000111110000000010011111000000000101111100000000001110111111101111111111111111000000000000000000000001100111100000
000000000000000000000000000000000000000011100000000000000000000000000000000011100000000000000000111000011001111000000000000000000000100000001110000000000000000000000000000000001110000000000000000000000000011100000000011111000000000000000011100001111111011111000100000000001001110011111111111111100001100001111111111111111111111111111111111100011111111
111100001111111111111110100011111111111111111111101110001110000000011111111111000110011111111111111111111111111111111011110000110000000011111111111111000011111110010011000011001111100000011111111111111111111111111000000111000110111110000000000000000001111000000000000110000001110000000000000111110000000000000010001111111100000000000000000001110000000
011100000000000000000111000000000000000001110000000000000000001110000000000001111000000000000000001110000000000001100000000111111111111111011110011111000000111100000000001111100000000110000000000100001110011111001110000111111100000000000000011000111110000000000000011000000001111000000000001111000111011000010001100110011111100011110000000000011000001
111000000011000000000001110000001000110000000000000001110000000000000000110000000000000000111000000000000000000000111011110000010000000000111111000101110000000000000000011100000000000000000000000000000000111100000000000000000011000110000001111000000000011000001111000000000000000000000000111000000000000000000011100000000011111001111110000001111111000
000000000000000000000000000000111000000000000010000000000000100000000000000000100011100001111111100110011110001111001111100001001111111111111111111111111111111111111111111111000001110111111111000111111111111101111101110000000111111111000001111111111111111111111111111111111111111111111111111111111111111111111111111110011100011110000000000000011111000
000000001111111111100000110111000100000111111111111111000010011000001111111111111110011111111011111011100000001001111111111101111000001111111110000111111111111100000110111111111111100000000011111111111111111111111111111000111111111111110001100100011110001011111100000000100001100000000011111111111111111111111111111111110011111111111111100011111111111
000110000000000000000000000111111000000111111000001111110011110000000000000001000011000111111111100011110000000000000000000110011110000001000011000011001011111100000010001111111111111111111111100111100111111111111110000001110111111000111111111100000001100111111111111111000000000000000011110000000000100000011111111000000000000000011000011110000000011
000000000000111111101110011111000000000000000001111100111111111110000000010010010010111100011110000000111111111111111111111111110000000010000000000011111001111111000110000111000001111000011111001100100000110000111110111111100000000001111111100000111100000000000000000000000000011110000000011111111111100011111000111111110001111111111111111111110011111
000011101111111001100111100000000000000000000000001110011110110000000000000000000000111100000001100001110000000000111111100111110000000000000000001111111111110110000000000000000000000000000000000001111001111001111000000000000000111111111110000000000000000000100000000000000011100000011111111111111101111111111111111111111111111111111100001111111110000
100001000000111111111111101111111111100000001101000111110011111111111111111111111111111111000000000011111001111000011111111100010001111100000110000100010011001111100001111111111111111111111111111111111111111111111111111111111111111111111111111111111111111111111111101100111111111111111111111111111111000011111111111111111111111111111111111111111111111
001111010000111111111000010000001111100000011110011111111111100011111111111111111111001001111100011111111111000111111111111111111111100000001111110011111100000110000000000000011100000000000000001100000000111111000001000001110000100000111111111111000000111000000001000001111100000000111111000011100000111110000000000000000000000001111100000000001111110
011110001111111000001100111111111111111100011001111111111111111110000000111100111111111111001000011001100011100011111000011111101100010011110001000000000000000000000011100000000000000000011001111100000000011111111111111100111110000001100000111111111111111111111111111111111110000011111111100000001110000000000000000011100000000000000000000111000001001
000111110000000000100111000000000000111111111111111100111001111110000111111111100000000001100000001111111111111111000000111101111111001100111110000000000000000000000000011111000000000000011100000000001111110000000000111000111001110111100000000000000000111110000001100111111111111111111110110001110000011111111111000001001111001110011111100111111111111
000001111110000000000000000000111100000110011111111001111110000100001111111111111110011111000011100000000000111111111000111001111111110111000111110000000000000000111111101111000000000001111110000011111110111111111111111111111111111111111000000000000111111111111110000000000011100000000000111000000000000000000000000000000011100000000000000000000000000
111111000000011100000000000000000000111000001111110000000000000000000000000000000000000000111101111100000000000000000000011000000011111111110000000111000000100011001000000111111000010011111111111111111110001111100000000000001111111001111111111000000000000001000111111111110000111111111111111111111111111110000000000001111111110011100011111111111111111
111111100000111100111111111111100111111111111111111100000111111111110011111111111111100000000000000011000001111111111110011100000111111100001111111111100011111101111111111111111111111111111111111111111111111111111111111111111111111111111111111110111111111111110100000111111111111111000000000000011100000001100000000000000001110000111000000000011011111
111100111111111111111111111111111111111111111111111101111111100000011100111111000000000010000000001111110001111111110111110111100000000111111111000000011111111111001111011110011110000000000000011100000000000010000111111000010000000000110111100000000001100001111111111111000000011111111000100111111110001111111111111000000001111110011111111111111110011
111000001110011101110001111100000000111111111101111110111100010001111111111111111000000000000011111111110000000000000000000000010011110000000000000000000000000000001110000000000000011111000000000011111000000000001100000111111111111000111110001110011111111100000111100000110000000000011111001111110111101111111111110111101111111100000000111110011111000
111110000011111111111111100111111111111101111111111111000111111111111000000100000011000001111111100001111111111111111111111110000001000111100000000100000111001111111100000000100111110110001111111111110000000000000111111111111111001111111000000000000001110000000000000001100011110000000000000010111111000011100000111111111110000001100001111111100001000
000001110011110000000110000000000000111100011111111111111111100011000011111110001001111111111111111111100000000011000001111111111111111100010000000110000000011110000000011011110111111111101100010011110001110001111110000110001110011100111111000000000000000000000111111101100001110000000010011111110000001101111111111001000011111000000000000111001100001
000000000000110000111100000000000000000001111000000001001111111100011111111100011100111111111111111110000111000000010000011111111111111000000011111111111111111111111111111111111100111100111111111111111111100001110110000111111111110011100000000011011111000000000000000001111001111000000000000000000000011100000000000000000000111100000010001111100000110
000000000010011111001111111111110000000000011110000000001111111111000000000000000000001111111111110000000000000000000001110011111110000011111001110001100001111111100000011111111111110000111111100000000000010111111011111111111100000000000111111111111111111111110000000001111100000000000011111111110010111101110000111000001111111111111001100111111100001
111111111111111111111111111111111001111111111111110011111111111111111111111111111111111111111111110111111111111111110111111111111111111111111111111100000000011111100011110001111100000001101111111111000111111111111000000011100111111110011111011111111110001111111111000110011111011111111111100000000011101111111111110000000001111111000000011111100000011
001111111111111111011111111011100001111111111111111111111111111100111110011100111111001111111111111111011000111110011000000011000111000111111111111100000000011100000000000000111111100000000000000000000000000000001110000000000000100000000000011111111111110000000000000000000101111000000001111111111111111110000001111111111111111011100111111111111111111
111100011111000111111011111111111111000000001111111111111111111111111111111111111111111111001101110111111110011111100011111111111111110000000001000100001111111111110001111111001111111110111111111111101111000111111100001100111100000000000000000100111100000000000000001111000000000000011000000000000000111100000000000111110000111011100011110001100111111
001110000000000000000110000000000000000000000011100000000000000000000000000000000001100000000011001111100000000000000000110011110000000000000000000001110000000000000000000000001111100000111111110011100111111110000000000000110000000011100011011111000000000011100000000001110000000000000111011111110010000000000011111011111100001111111001111000000000001
110000000000000000000001111100000000000000000000111100000000000001101111111111111110000000000011011111100000011111110111100111111111101111111111111111111111100110011111111111111001100111111110111100111111111111111111111111111111111111111111111111111111111111111111111111111100111111111111111111111111111111111111111111111111111111111111111110000000000
000110111111111100000000000001100000000011100000000000000001111111111100000000000000000001101111100000011011111111111110000000111110000000111111000001111111111111111000000000000000110110110111110000000000000000000000000110000000000000000000011000000000000000001100000000000000000100000000000000000000011000000000110000001110000000000000001111111000000
111100000011111001111100001111111111111111111111111111111111111111111111111111100111111110000000011111111111000011100000000000000000000000111111100000000000000000000011100111110000000000000011111111110000000000000011111110011110000001111000000010001110000000000000000000011100000000000000011110000000001100000000000000111000000000000000000000000011111
000011000000000000000000000001110000000010001100000010001111110000000110111101111110011111111011111111111111111111000000001111111111111111111111111111111111111111111111111100000011111111111011111011111100000000000110000100011110011000111110000000000000011111111110000000000111111111000001111100011011101111000111111111111000000010000011001111001111000
000000000011000000000000000000000111100000000000110000111111111110000011100000111111111100001111111111111111111001111100010001111001111111111111111001111101111110000001111000011111111111111101111111011100000001111001001111000000000000000001100111110000000000000000110111000000000000000000000001111000000000000100000000000000111100000000000000000000111
111100001111111111100111111111111111110000001111111110001100111000001101111111111111111111110111111111111111100000000100001100000011111000000001000000000000000000000000000000000000000000110000000000000111000000000000000000000000000000000011000000000000000000000000001000000011110000000000000000000000000000000000000000000000000000000001111000000000011
000111000000000000001100000000001111111111001111000000000001110111000000000000001100000001100001111110000000000011101111110000011110000000001111110111100111111110001111000000111100000000000000000000011100011000001111100000000111111111110000001111110000000111111111000001111000000000000000000000001111111111000000000000011111001111111100000000000000000
000000000000000000000011100000000000000000000000000000000000001111000000000000000000000110000000111111000000000000001001111100111111111111111111111111111111111011111111111111111111111111111111111111111111111111111111111111111111111111111111111111111111111111111111111111111111111111111111000111111111111111111111111111111110011111111111111011111111111
111101111111100011111111111111111111111111111111111110001111111110001111111111111111111111111111111111111111111111111111111111111101111111111111111111100010000100001111111111111111111111000011111111111111111111111111111001111111111110000011011111111111111111111111110001000001111111100011100000011111000000000000111110000001111111110011000111000000001
000000001111100011111000111111111111000000000111100000000001111111111111100000100010000000000000001110000000000111100000000000111000000000000111001111111111111000000000000000000000000111111111110111100000000000001110000000001111110011111000111100000000000000000000111000000000000100111111111111000100001000111111111111111111111111111111111111111111000
000000000001100000000000000000111111000000001000110011001101111111100111111111011110001111100000000111001111110001111100000000000100000011111110000100100011000001111000000000000000011111111100011101111111110000000000000000001111111000001111111111110000000000011110000000000000000011110000000000000111110000001111111111011111111111111101011111001111001
000000011000000000000000000000000000000000000000000111000000011111001111111100000011101111111111111111111111111111111111111111111111111111000000000111100000000000000000011001111000000000000000000110111110000000001111001110000001111100000000000100011111110001101110000000000011111111000000011111111111111100000000000110000001111111111111111111111111111
000000000000000100111111110011111111111111111111000100011111100000000011111000111100111111111110000000000000000000000000001111100000000000000000000000000111110000000000000000000000011110000000000000000011000111100000000000000000000001100111110000000000000000000000111000000000000000001000000001111000000111111111111111111111111111111111111111111111111
010011111101111111000000001111111111111111111100011111111111111111111111111111110001111111111000011000000001111100000100000011100011011000000011110000111011111111111111111111111000000011111001111111111111101100011111111111111001110111111001111111111111111111111111111111100001100111111111111111001000000110111111111111110000000000000000000010000111100
001100011110000000000000000000110111100000000000111111111111111111111111111000001111111111111111111111111111000011111011110000000001100011111110000111110000000000000000000000000111110000000111000000100001110000000000000000000000111111000010000000011001111000011111111111111111111111000000011111101111111110111111111111111111111000000111001110000111110
000000110110111111111111000011111111111111111011110000010011111110001011111100011111110000000000000000000111000000000000000000001110000000000000000011100000000000000000000000001111000000000011111111111111000000000001100011111110011100000000000000000000000011111111111111111010011111000000111111111111111111111110111111000100000111111111111111100000000
110000001111110111111111100000011000110001111100000000000000011001111111110000110000000001111111100111111111111111111111111000001111111111111110001111111111111111111110000000001111011111111111111111111111000011001100000001111111111111111110001111111111111110000000000000001111000000000111100001111111111111000000000000011111100000000000000000000011111
111111100000000001110001101111101111111100111111111111111111111111111111111111111111111111111111111110111111111111111111000000011000111110000011111111000000011111111111111011100000000000000000001111000000000000111111111111111100000000000011000011110000000000001101111111111111011111111111111111100111111111111111111111111000000011111100111111111111111
001001000000001110000000000000000000011111011110000001111111111111111111111111001111111111111111111111111111111100000000000111110000011011100111011111111110000100000000111111110000001000000001111000000000000001111101101111000000000000000000000011110000000000110001110000000000000000000000000000000111000000000000000000000001110000000000000000000000111
000001111111110000000100000000000000000000000001110000000001110000000000011110011100000011100000000111100000000000000000011110000000000000000011100111111111111111110011110000001000000000011111111000000000001111111111111111111110000110111111111111111111111111111111111111111111111100000111111111111111111000000001111111001100000011110000000000000001101
111111111111111111111111111111111111111111111111111111111111111111111111111111111111111111111111111111111111111111111111100000011001111111111111111111011111000000011111111110111111111111111111000111000000111100000000000000011001111100000100000011111111111111110000000000000011111110000001111111111111111111111111111100011101111111111111111111111000010
000000000000000000001101110000000000000000000000011100000000000000000000111000100111111100101111111111101110001111111111111001100010001111111111111111111111111111111111111111111000001100000001111000110111110001111111011001111111110000000000000000000000000111111000000000000000010000000111100000101111100001111111111111111100000100000000000000000000000
100000001100010000010000111111000000011111111111100000000000000000000000000001111000000000000000000000000000000000000000111000000000000000000000000000000000000000000011000000000000000000000001110000000000000000000000000001111000000000011111111110111111100111111111111111011111111100011111111111000000000011111111101111111000000001111100000000110011111
011111111111100000101110000000001100110011100011001000111100000000000000000000000000000000011000000000000000000000000000000000000000000000000001111111110001111111111111111111111111110001111111111111100011111111000110000011110111111111000000011110000000000000001111000000000000000000000011110000000000000000011111100000001000000111111100000001111111100
001100001111000000000000001100000000011111111000000000001110011111111111111111111111111111111111111111111111000111111111111111111111111110011111111111000111111000110111111111111111111000001111111111111000001111111111111111111111111111111111100100111111110000000000000111111101111111110011111111011111111111111111111111111111111111111111111111111111111
000111110111111111110000000000000000000000000111000000000000000010000011110000100000000111111111111111111111001111000000111110011110000000000000000000001111000000111011111111111111000011100000000000000111011110111111110001111000000110000000000110011111111100001100100000000000011001111000011111111111100111111111111111111111111111111111100000000001000
010010000100000000000000000000111110000000000000000000000011100000000001111001111110000000000001111111111111111111111111111111111111111100000111111111111111111111111111111111111111111111111111111110010001111011111101111111111111111000000000001100111101101111000000111111111111111111111111111111111111111111111111111111111111111111111111111111111111110
111000000011111111100111111111110011100111111111111001111110000000000000111110111100111111000000000000000000000000000000000001110000000000000000000000000000000000000000000000000111100000000000000000000000000000000011100000000000000000000000000001111100000000000000000000000111111100000000111110111111111011111111111111111111111111111111111111111111111
000000011111111111000000100001100110010000000000110001111100110000011111001111111111111110011111111111111111111111110000000001100000000110000000000000001110000000000000000000000000000000000000111000000000000000000000000000000001100011110000000000000000000001111110000000000100000000111000000000000000001110000011111111111111111111000111111111100001111
110000011111110000001000000001000000011111000000000001111110000000000101111110000000000000000000001111000000000000000000000001110000000000000000000000000000111100000000000000000000000010000111110000000000000000000011101111000000000000000000000001111000000000000000000000000001110000000000000000000000001111000001111111111111111111110111111110000001111
000000000000000000001100000000000000000000110000001111111110000111110000000000000000000000000000000000000000000000000000000000000000000000111000000000011000000000011111110000000000000000000000000001110011110000000000011111111111111111111111111101101111111110111111111111100001111111000011101111111111111111111111111111111111111111111111111111111111111
000000000001110000000000001100100000000000001110000111111111111111001111111100111111111110000000000000000000000000000111000000000000000000000000000111000000000000000000000000000011000000000000000000000000001111100000000000000011110011111111100000110000010011111111111100111111111111111111011111111111111111111111111101111111000000000000000000000000011
000000000000001110000000000000000000000011100000000000000111111111111111111110000000000000000000000000000001111100000000001111111111000111111111111111111100111111111001111001000001110000000000001111000000000000001111110000111111111111100000111111111000000000000110001110000000011100011000011000000000001110110011111111111000000000000000100000000111100
000001111111111111111001111100010001111111111111111111111111111001011111111111111111111111111111111111111111111110111100000000111111111111111111111111111111111111110000011000011111110000000011000000000011110000000000000000000000111110000000000000000000000000000001111111100000000110011111111111100010000011111111111111111101111111111111111111111111111
111100000000000000000011100000000000001000010111111101000000011001110000011100000000000000000000000001110000001100011000001000000011111100000000000000000000000111100000000000000000000000001110000000000000110111111111110111111111111111111111111000000011111111111111111111111111111111110110000000000100000000000001110001111111111100000000011111111111110
000111110000111101001111111111111111111111111111111111111111111100110000111110000111100000000000001000000001000000000000111111000000000000000000000001110000001111111000000011000000111100000000000000000000000011100000000000000000011111110000111100000001110111111011111111111110011101111111111000111001111110001000000000000011110000000000000000000100111
000111111111111111000111111111111111100000010000000001111111111000100001100100001100000000111110000000000011100000000000000001111000000000000000000000000000000000000000000000000000000011111111110000000000000000111111111111111111110011111000000111111111111111011111111111111110001111111111111111111111111111111110011111100011100000110011000000000011001
100001111111110000011110000011111111111111111111101111111111111111111111111111111000001111110000111100011110111110000000000000000011000011111100000001111111111111111001111111000111111111111111111111111111110011000000010001111111111111111111111111111111111111111110100011001111111110000000011111111000000001111100111110010011011110000000000000111111111
000000000110000001110000000000001110000000000111111111111111111000000000000001100111111111111111110001111000000011111111111111111111111111111110000111000000000111111111111111111111000001100011110000000000000000000000011111111111111100000000000000001100000000000111111111111111110000000000000000000000000111000000000000000000000111110001100000011100000
000000000000000000000000000001100000000000000000000000011110000001100011110000000011100000000000000001101111001111000000000000000000000011110000000000000010000000011111111000000001111111111111111100000000000000000111000000000000000000000111000000000000011100000000001111000000001111100111111110000011111111111111111111111100011111111111111111111111111
000011100000000000000000000000000000000111110000000000000000000000000000000000111100000000000000000000000001111000000000000000000001011001111111110000000000000111111001111111100000110000011000111110000000000000000100000001111111111111111100000000000011101111110110010001110011101111111100000000000000000111100111000000000000000000000111001000111110000
000000000000000000000000111111111110000110000000000000000011111010000001111111111111011111111111111100000000001100110011111111111100000011100111001111111111111111011111111111111001111111111111111101111111111111111111110001111111111000011000000000000000000111111000000011001111011100000000000000000000011100000000111111000000011111100000000011111000000
000000000000000000011111000111110000000011001100011111111100111111111111111111111111111100011111111110011000111100000000110000111100000000000000000000000011110000000000000000000000100001111000000000000001111111111001111110001000111000000001111110000000000000000000000000001110000000000000000000001111111100000000001100000111111111110111111111111111111
000000000000011111100000000000000000000000001110000000000000000000000000000000000000011000000000000000000011100000000000001111111111111001110000000000011111111111111111111100000001111110000100000011011111111111111110000101111111111111111111111101100011000111100111000111111100000111011111111111111110001111000000111111101111111111111111111111111110001
111111111111000111111100000111100000000000000010001110000000110000001111100000000000000111111111000001111111111111111111100000001110000001000000000000000000000000000000000000000000000000000000000000001110000000000000000000000000110111111111100111011111000000000000001111000000000000000000000000000111000000000011111000001111111111011000011111111111111
111111111111111111111110000000111011110111111110111111111110000000000000000000000000000000000000000000000000111100000000000000000000000000000111111100000000000000000000110111111111111000000011100000000001111110111111111111111111111111111111111111111111111111100000000000000000011110011111111111000111111111111111111111111111111111000000111111111111000
000000000000000001110000000000000000000010000011000000000000000000000000001111111000000000000000000000000000000111000000000000000000000000111000000000000000000000001110000000000000000011110000000000000000001001111000000000000011111111011111110100011111111111100000000000000111111111000000001100111111111111111110111111111111111111111111111111111111111
000000000000000000000111000000000000000000000111011111111111000000000111100111111111111111111111111111111111111111111100000000000010001100000000111111111110000110000000000001100011100111111100000000000000000000111011111111100000001100011000111111111101100011011111111111111111111110000000001110000110000000000111111000001111111111111111111111111111111
111100000000011100000000000110000000000000000000011100000000000001110001111110000110001111110000000000000110000100001111000000011000110000111111111110000001101110111111111111111111111100000000000001000000000011111000011111000000000000000011110000011000011111111111111111111011000000000000011110000111000111100000000000000000000111110000001001111111111
000000111100000000000000000000000000000000000000011000000000011110000000000110000000111000011111101111111100000000000000110000111111000000000001110000000111110000000000000000100000000001111100000000000111111000100000001110111111111000000000000111000000000000001111000000000110011111111111111111110000000111111111111110111000001111111110000111000111000
111100000110111111111100000111111100000011111000000000000000111111111111111111111100000000000000000011100000000010000001110111111110000000000000111111111111111111111111111111111001000001110000111110000001111100111110110011111011111000001111111111111111111111111111111111111011111000011111111111110010000011111111111111100000011111111000011000011111000
111111111111111111111111111111111110111111111111111111111111111111111111111111111111111111111111111111111111111111101111001111111111111111111111111111110001111111110000000000000000001111111000000111111110011111000000000001001111111111111100000111111110011111111111000100111111111111111111100000000000000011110000000111111111111111111111111111111111111
100111111111110000000000001111001100111111111111111110111111110000111111111000000111011111111111111111111111111111111111111100001111110011111111111111111111111111100010000001000001000000000000000000000000011110000000000000000000000000000001110000000000000000000011100000000000000000100110000000111110000000010000001111111111111100000000000000000011111
000000000000111110111111000000110000000000001111111111111111111111111111111111111110111111111111110000001111111111001111111111111111001111111111111111111111111111111111111111111111111111111001110000001111111111110000000111111111111111111111100011110000000111111001100111111111111110000000011111000011111000000111111111111111111000000100001111111111110
000000000000000000111000000000000011110110011000001111100100000000001100001111110001100000000000000000000000001100011100000000011111111111111111111110000100001111111111111110000001101111111100011001111110000000111000111110111100111000000000000000000000000000111000000000000000000000000000000000000000000000000111000000000000000000001111000000000000000
111101000011111100011111111110011111111111111111000000000000000000111111111111000000000000000001100111100000000011100111111000111100000000000000000000000000000011000000000000000011100000000000000000000011000000000000000010000011100000000000000110011110000000000000111111000000000000000000000000000001110000000000000111110001000011100000000000000000000
000000000111110000000000011111011111111101111111101110111111111111111111111111110000011110000000000001111111000001101100000000011000000000000000000000000000000000000000000100000011100000000000000000110000011110000000000000000000000111100111000000000000000000111111111111111111111001100000001000000000000000000000111111000100100001111000000000001111001
111000000000110000000000100111100001101000110000000111111000000110000001111111100000000000111111110000111100010001111111111111111111111111101000111100000000011111011111111101111111111111111111111111111111111100000111111111111111111111111111111111111111111111111111011111111111111111111111110111111111111111111111111110111000000111011111000111110000000
000000111000000000111111111111111000000100000001111111111111111111111111111111111000110001111101111111110000000111000111111111000000000010011001111110000000000110110000000000010001000000111100100011111001111111111111111111111111111111111111111111111111111111111110001110000000000100000011111111111011000001101111111000111111000111111111111000111111100
000000001111100011110000000000000000000000000001110000000000000000111100000000000000000000111001100011111111111111110001111111100000000000000000000000000111001000000111110011000000000001111111000000000000000001110000000000000000000111000000000000000011001111111110000000011111000000000000000000000000000000001100000000000000011000000000011100000000000
111111111111111111111111111111111111101111111111111111111111111111111111111111111111001111111111111111100000001111111000001111111111111111111001111111111111111111110011000111100000000000111100011000001110000000000111110000000000110111100000000000000000000000111100000000000001100000000001111000000000100000000000100011111111000000000000000000000110000
110111111111100000000110011110111110001110001111000000000000000000000111000000000011000000111011100111110000000000011101111110000011111100011110000000011000111100011111111110111011111111111111111111111011111110001110011111111111111100011111000000000011000011111000000011111000000000000000001111111111100001111011111111111111111000011111100000000110001
000000010011000001111000000000000000000111000000000000000000000111110000000000011000001100111101110000111111011111111111111111111111111111101111111111111111111111111111111111111111110111111111111111011111111110111111111111111100000000000000001000011101111100000000000000000011000111110000000110000000000001111111110000000000000000000000000001111000000
000000000000000011000000000000000000000000110000000000000000001100000000001111110000000111110011111111000111110000000001000000110010000000011100000110000010010000001111111000111011011111111111111111000000000011011100111000111111111111100111001111110111100110111111100000001000000000011110000000000000000000000000001100000000000000000000000001110000000
001100000000000000000000000011000011111111111000000000000001000000110000000110000000000000000000000000000111000000000110000110000100000111000000000000000000000000000000000000000000000000000000000000111000000000000000000000000000000110000000000000000000001110000000000000000000000011111000000000000000000000000000000000000000001000000000000000111100000
000000000111000000001110000000000000000011111110000111111000010000111111100011111000001111110000001111111111111111111111111110010000000111111111111111111110010001111000000011111110000000001001111111111111110000110000111100111111001110000110011111111110011111100110000010011100111111111110000000001100111100011111000000000011111111011111111111111111111
000000000000000000000011001111000000111111111111111111111111111111111111111000001111100000011111111111110110001111111111111111110000000001111000000000000000000011111100111000000001000000001100111100111001111000111100000000011111111111111111011111111111110011111111101111100011111111111111111111111111111110111111111111111111111111111111111111110111111
110000000000000000000000011100001111110111111111100000110000000000000000111100000000000000000000000000000111000000000000000000000000001100111100111111000000000000110000000111000000000000000000000000000111000000000000000000110000111111110000000000000000000000011100000000000000000000000000000001111000000000000011011101111111110011000000000000000100011
000000000000000000001110001111000000000000000110001111100000000000000011111111100000011111100000000000001111000111111000000000000000001111100000000000001111110000000000001111100000011111011000000000000000000000111000000000000000000000000000000111110000000000000000000110011000110000111111100000000000000000000000000000000000110001100000010000000000111
000010000000110000001101111111100000111100000000001111011111111111100100111101110000000111111000100000000000111111111111111111100111100000110001110010011111110000000000000110111110000111111111111111011100111111001111111111111111111111111100000010011111000000000000000000000000100111111011000000000000000000000000011110000000001000000000111100110000001
000000000111000000010000111011011011111111111111101110111111111111111111111111111111111111111111111111111111111111111111111111110011111111111111110011111111101100010000111110000000000000000000000000000000111111110000000001100010000000000111000000001111111111111111000000000000000000000000000000000001111000111111111000000111111111111111111111111001100
000000000000000000000011100000000000000000000000000000011111000000000000001110000110011111100000001100011101111100000000111000011111111000000000000000000000011110000000000000000000010001111100000000000000000000011000011110000000000000000000000011000000000000000000010011110000000000110000000000110000000001110001111111111111111011111111111111111111111
000000000000000011110111111111110000011111100011100011111000000010000001111111111000111001111101111111111100111111111111111011111100000000000000000000011100000000000000000000001000111000000000000100001100001111100000000000011000111111000000000001111111111100001100111111111111111111100011111000000111100000000010011111100111111111111111111111111110011
111110000000000000000011110000000000000001111111100000000000000000000111000000000010011111111111100010000000000000000011100000000000000001111111111111100111111111000000000011110000000011111111111111110000001111111111111000111111111111111000111111111111100000011000000000000011110000000000111000011111100001111111111111111111111011111000000000001110000
111101100111000000111111000111100011111110111111111111101110000111100001111111111111111111111000000000000000011000000011110000000001110000111111111110000000111111111111111111111100010011111111111000001000011110000000000000001100111000000000000000000011000000000000000000000000001110000000000000000000000000011000000000000000000000000000000000000000000
000000011001111111100000000000010000111111111111110000111000011111001111111110000000011111111111111111111111110000000011100000010000111111111001100000000000001111100000100110001101111000000001111100100011111110000000000111100011111100100111111111111110001111110000000000000001111110000001111111111111101111111111111111110110111011111111000000011111101
110000111111111111000000000110011001101111111111111111111111101100000000001110011110111111000000001001100010111000011111000000000000001111111110011110000000000000000100001100111000000000011110000000000000000011110000000000000000000000000111000000000000000000000011100000000011110110000011000000111000000010111110110100110000110001111000001000011111000
000000000000000000000000111000000000000000011000000011111000011111000000000011000000101111100000000000000000000000001111111111001111101111111110000000001000000110001111000001000000000000000000000001110000000000001110000000001111111111100000000000000000001111111111111111000000111111111001101111101111111111100111111100100110011111001111100111111111111
111111100111111110111111111000001110011111111111100000011111111100011111111111111111111110000001111111111111111111111011001110000000001111111111111111111111111110000011111100000100000111111111111111111111111000001111111111111111000000000000111110000001111110000000000000000000000000111100000000000000000000000000000000000000000000000111100000000000000
100000011000000000000000000001111110000000111111111111111111000001101111111111111100000111001111111111110011111111100000000000000000000000000001111000000000000000000000000000110000000000000000000111100000000000001111111100011111111111111111001111111111111111111100011110000000000001110010001100000001100100000000000000011111111111111100000111011111110
000000011111111111111000000000111111111111111111111101111110111111111000111111111111100111011000000011111111111111100000000000000000000000011011100111100000000000000000000000011110000000000000111000000000111000010000000000011111100000000000001110000000111100000000000000000000000011100000000000000000001101000011111000000010011111111111111111111111100
000000000000111111000000000000000010000000000011110000111000001110000110110111110000000000000000000000000001111111111111111111111111111111111110000111100001111000000000000000111100000000000000000000000001111100000000000111100000000000000011110000000000000011110010011111110000000000111101111111110000000111111110001111110111111111111111011111111111111
000000000000011000000011100000000000000000000000000000001111100000000000000000111100000000111110110000011001111100001100000000000011111111111111111110000000000000011110011011110111111000000000000000000001011101101111110000001100011111100000111111110000111101111011111000000000000001111111111111111000000000010000000111100011110000000000000000000000000
111100001111111111111111110001001111111111111110000000000111110011111111110000111100000000000000111110000000000000000000000000110000000000000000000000111000000000100000000000001111110000000000111111001111111111000000100001111111110111100000100110111000111111111111111111111111111111111111111111111111111111111111111111111111111111111111111111111111111
000000000000000000011111000000000011000000110100000000000100111111111111111111111111111111111100110000000111111000001111110000000000000000000000000000000000000000000000000000010000001111100000000000000000000000000000111100000000000000000000000000111000000001000000000011110000000000000000000000000000111100000000000000100000011111000001101111110111110
001000111111111100110001111000000001000000000000000000010011111001111110001100111010000000000100001111110001100000001111100011111111111100000000001111111111111111111111100000111111111111111111111100111111110111110111111000011000101110011111110011000000000000000000001110000000000000000000000000011110000000000000000000000000011100000000000000000100000
000000000011110000000000000000000000000000000001001100000001100000001000001111110000001000000000000001000111000000000000001100000011111100000000000000000000001111111111000000000100000111111100111111111111111111111110000001111110100001111111110000000001000000111100000000000000000011110000111000000000001000000000001110000000000000010000001111000000000
110000000010000001111111111111111111000010000011111001100110011111111111111111110001111110010111111111111111111000000000000000111011111000000000000000001111111111110111100111111111000000000000000000000011111000000011001100111111111111100000011001111111111111111000000000000001111111110000111111100000011000011000100111111010010000000101111110000111111
111111111111111111111111111111111111111111111111111111111111111111111111111111111111111111111111111111111111111111111111111110011111101111000000000010001111111100011100000000000000000000000000000000000000000110010000000000001111100000000000000000000000011111000000000000000000011100000000011111111111111110010110011000000011000111100011111111110111011
000000001100011110000000000011111100110000111111111110000011001111111111111011111111110000000000000000000011000001111001111100000001100000000000000001111100001000000000011001000100000000111100000000000000000110100000000000000000000000000000011100000000000000000000000000011100000000000000000000111011111100000000000111111111111111000000000010001111111
000000000000000001110000100000000000001111100000111110000111111001111111111111111111111111111111111111111111111111111111111111111111111111111111111000111111111111111111111111110000000000000001111000000000000000000111000000000000000000000001110000000000000000000000001100000000000010000011111000000000000000000000111100000000000000011000111111110000000
111111111111111111111111111111111111111111111111111000111111111111111111111111100000000000011100001100011111110001001110011000100011110000001110011000000000000001111000000000000000000000000000111111110000000000000000011000111100000001111111111111111100111000111000000001001110111110000000000000101111000111101110111111111111111111111111111011111110000
000000000000000000000000000001100000000000000000000011110000000000000000111111100010000111111000000111110011100111111100001111001000000001111000000000000000000000000000001000000000000000000000000000000011000000000000000000000000000000000001100000000000000000000000000000000000011100000000000000000000000000001000011110000000000111111111111111111111111
111111111111111110001111111111101111111111110000000111111111111111111111111111111111111101111110111111111111111111111111111000000000011111111111111110011101111111111110111110000000011000000000000000000000000000000000000000000000000000011100000000000000000011000110011111100000000011111001001100000001110001111111111111111111111111111111111111111111111
111111111111110011111111111111000100100011111111111100111111111000011111111111111111101111111111111111111111111111111111111111111111111111100001111111111111111111111111111111111100000000000000000000000000011111100011100000000000000000000011100000000010000111111111111111111110000001100000000000001111111110000001000000111110011000001100001111100000010
000000000000000111100000001100000000000000001110000000000000000000001000111111111100000110000000001111000000000000111000000100000000000011111111000000000011111111100111111111111111111111111100000000000001111111111111111000000001111111111111111111000000000000111000000000000000000001111000011111111111110000111111110000011000000010001110001111000000011
011000011111111111111111111111111101111111111111110000000000111111111001111111100100110000111100011111110001111111110011111111110000111111100000000000111111111110011100000111110000000111100111111001000011111100000110001111111111111111111111111000010011111110011111111111011111111110111111111111100000001100111111111111111111111000000000001101111000000
000000011111111111000111111000000000000111111111110111111001100000111111100001111100110011101111100010011100000000000000000000000111100000000001111000000000000000000111100000000010000000000000100000000111100000000111111111111011111111111111111000000011011111111111111111111111111111111111111111111000000000000111111111111111111110011100111111111110001
111000000000000000001000000000011111100000000100000000000111111000000000000000010001111111111111111100111111111111111111111111111111111111111111111111111111111111111111111111111111111111111111111111111111111111111111111111111111110000000001000010000001111100000000011100011111111110000011111111110001111111110000000000111111100111111000001111111111111
