State number: 0
100000000010
100000000110
100000001110
100000011110
100001111110
100011111110
100111111110
101111111110
111111111110
111111000110
111111001110
111111011110
111110000010
111110000110
111110001110
111110011110
111100000010
111100000110
111100001110
111100011110
111101111110
111000000010
111000000110
111000001110
111000011110
111001111110
111011111110
110000000110
110000000010
110000001110
110000011110
110001111110
110011111110
110111111110
000000000010
000000000110
000000001110
000000011110
000001111110
000011111110
000111111110
001111111110
011111111110
011110000110
1000000000010
1000000000110
1000000001110
1000000011110
1000001111110
1000011111110
1000111111110
1001111111110
1011111111110
1111111111110
1111111000110
1111111001110
1111111011110
1111110000010
1111110000110
1111110001110
1111110011110
1111100000010
1111100000110
1111100001110
1111100011110
1111101111110
1111000000010
1111000000110
1111000001110
1111000011110
1111001111110
1111011111110
1110000000110
1110000000010
1110000001110
1110000011110
1110001111110
1110011111110
1110111111110
1100000001110
1100000000010
1100000000110
1100000011110
1100001111110
1100011111110
1100111111110
1101111111110
0000000000010
0000000000110
0000000001110
0000000011110
0000001111110
0000011111110
0000111111110
0001111111110
0011111111110
0011110000110
0111111111110
0111100001110
0100000000110
distribution: P(0) = 0.99148	P(1) = 0.00852018	
transitions: T(0) = 10	T(1) = 1	
P(state): 0.0456953

State number: 1
100000000001
111111111101
111111111001
111111110001
111111100001
111111000001
111110000001
111100000001
111000000001
111001111101
110000000001
000000000001
000000001001
000000011101
000000111101
000000111001
000000110001
000001111101
000001111001
000001110001
000001100001
000001000001
000011111101
000011111001
000011110001
000011100001
000011000001
000010000001
000111111101
000111111001
000111110001
000111100001
000111000001
000110000001
000100000001
001111111101
001111111001
001111110001
001111100001
001111000001
001110000001
001100000001
001000000001
011111111101
011111111001
011111110001
011111100001
011111000001
011110000001
011100000001
011000000001
010000000001
1000000000001
1000000111001
1000011100001
1011111111001
1011110000001
1111111111101
1111111111001
1111111110001
1111111100001
1111111000001
1111110000001
1111100000001
1111000000001
1111001111101
1110000000001
1100000000001
0000000000001
0000000001001
0000000011101
0000000111101
0000000111001
0000000110001
0000001111101
0000001111001
0000001110001
0000001100001
0000001000001
0000011111101
0000011111001
0000011110001
0000011100001
0000011000001
0000010000001
0000111111101
0000111111001
0000111110001
0000111100001
0000111000001
0000110000001
0000100000001
0001111111101
0001111111001
0001111110001
0001111100001
0001111000001
0001110000001
0001100000001
0001000000001
0011111111101
0011111111001
0011111110001
0011111100001
0011111000001
0011110000001
0011100000001
0011000000001
0010000000001
0111111111101
0111111111001
0111111110001
0111111100001
0111111000001
0111110000001
0111100000001
0111000000001
0110000000001
0100000000001
distribution: P(0) = 0.00635549	P(1) = 0.993645	
transitions: T(0) = 0	T(1) = 12	
P(state): 0.0491411

State number: 2
100001111111
100011111111
100111111111
101111111111
111111111111
111101111111
111001111111
111011111111
110001111111
110011111111
110111111111
000001111111
000011111111
000111111111
001111111111
001001111111
011111111111
011101111111
010011111111
1000001111111
1000011111111
1000111111111
1001111111111
1011111111111
1111111111111
1111101111111
1111001111111
1111011111111
1110001111111
1110011111111
1110111111111
1100001111111
1100011111111
1100111111111
1101111111111
0000001111111
0000011111111
0000111111111
0001111111111
0001001111111
0011111111111
0011101111111
0010011111111
0111111111111
0111101111111
0111001111111
0111011111111
0110001111111
0100111111111
distribution: P(0) = 0.165885	P(1) = 0.834115	
transitions: T(0) = 0	T(1) = 2	
P(state): 0.215041

State number: 3
100000010000
100000110000
100001110000
100011110000
101111110000
111111110000
111000110000
111001110000
111011110000
110000010000
110000110000
110001110000
110011110000
000000010000
000000110000
000001110000
000011110000
001111110000
011111110000
1000000010000
1000000110000
1000001110000
1000011110000
1001111110000
1011111110000
1111111110000
1111000110000
1111001110000
1111011110000
1110000010000
1110000110000
1110001110000
1110011110000
1100000010000
1100000110000
1100001110000
1100011110000
1101111110000
0000000010000
0000000110000
0000001110000
0000011110000
0001111110000
0011111110000
0111111110000
distribution: P(0) = 0.946294	P(1) = 0.0537057	
transitions: T(0) = 13	T(1) = 1	
P(state): 0.0431391

State number: 4
100011000000
100111000000
101111000000
111111000000
000001000000
000011000000
000111000000
001111000000
011111000000
1000001000000
1000011000000
1000111000000
1001111000000
1011111000000
1111111000000
1100011000000
1100111000000
1101111000000
0000001000000
0000011000000
0000111000000
0001111000000
0011111000000
0111111000000
distribution: P(0) = 0.884062	P(1) = 0.115938	
transitions: T(0) = 14	T(1) = 1	
P(state): 0.0402147

State number: 5
100000001111
111111101111
111111001111
111110001111
111100001111
111000001111
110000001111
000000001111
000001001111
000011101111
000111101111
000111001111
000110001111
001111101111
001111001111
001110001111
001100001111
001000001111
011111101111
011111001111
011110001111
011100001111
011000001111
010000001111
1000000001111
1001111101111
1111111101111
1111111001111
1111110001111
1111100001111
1111000001111
1110000001111
1100000001111
0000000001111
0000001001111
0000011101111
0000111101111
0000111001111
0000110001111
0001111101111
0001111001111
0001110001111
0001100001111
0001000001111
0011111101111
0011111001111
0011110001111
0011100001111
0011000001111
0010000001111
0111111101111
0111111001111
0111110001111
0111100001111
0111000001111
0110000001111
0100000001111
distribution: P(0) = 0.0553281	P(1) = 0.944672	
transitions: T(0) = 0	T(1) = 16	
P(state): 0.046636

State number: 6
100000111111
111110111111
111100111111
111000111111
110000111111
000000111111
000100111111
001110111111
011110111111
011100111111
011000111111
1000000111111
1111110111111
1111100111111
1111000111111
1110000111111
1100000111111
0000000111111
0000100111111
0001110111111
0011110111111
0011100111111
0011000111111
0111110111111
0111100111111
0111000111111
0110000111111
0100000111111
distribution: P(0) = 0.112437	P(1) = 0.887563	
transitions: T(0) = 0	T(1) = 2	
P(state): 0.0399796

State number: 7
111100000000
000100000000
001100000000
011100000000
1111100000000
0000100000000
0001100000000
0011100000000
0111100000000
distribution: P(0) = 0.807873	P(1) = 0.192127	
transitions: T(0) = 18	T(1) = 1	
P(state): 0.0303988

State number: 8
100000000000
000000000000
1000000000000
1100000000000
0000000000000
0100000000000
distribution: P(0) = 0.860768	P(1) = 0.139232	
transitions: T(0) = 8	T(1) = 1	
P(state): 0.120174

State number: 9
100000001000
100000011000
100000111000
100001111000
100111111000
101111111000
111111111000
111100011000
111100111000
111101111000
111000001000
111000011000
111000111000
111001111000
110000001000
110000011000
110000111000
110001111000
110111111000
000000001000
000000011000
000000111000
000001111000
000111111000
001111111000
011111111000
1000000001000
1000000011000
1000000111000
1000001111000
1000111111000
1001111111000
1011111111000
1111111111000
1111100011000
1111100111000
1111101111000
1111000001000
1111000011000
1111000111000
1111001111000
1110000001000
1110000011000
1110000111000
1110001111000
1110111111000
1100000001000
1100000011000
1100000111000
1100001111000
1100111111000
1101111111000
0000000001000
0000000011000
0000000111000
0000001111000
0000111111000
0001111111000
0011111111000
0111111111000
distribution: P(0) = 0.966199	P(1) = 0.0338009	
transitions: T(0) = 3	T(1) = 1	
P(state): 0.0445808

State number: 10
100000000100
100000001100
100000011100
100000111100
100011111100
100111111100
101111111100
111111111100
111110001100
111110011100
111110111100
111100000100
111100001100
111100011100
111100111100
111000000100
111000001100
111000011100
111000111100
111011111100
110000000100
110000001100
110000011100
110000111100
110011111100
110111111100
000000000100
000000001100
000000011100
000000111100
000011111100
000111111100
001111111100
011111111100
1000000000100
1000000001100
1000000011100
1000000111100
1000011111100
1000111111100
1001111111100
1011111111100
1111111111100
1111110001100
1111110011100
1111110111100
1111100000100
1111100001100
1111100011100
1111100111100
1111000000100
1111000001100
1111000011100
1111000111100
1111011111100
1110000000100
1110000001100
1110000011100
1110000111100
1110011111100
1110111111100
1100000001100
1100000000100
1100000011100
1100000111100
1100011111100
1100111111100
1101111111100
0000000000100
0000000001100
0000000011100
0000000111100
0000011111100
0000111111100
0001111111100
0011111111100
0111111111100
0111100001100
distribution: P(0) = 0.979684	P(1) = 0.020316	
transitions: T(0) = 9	T(1) = 1	
P(state): 0.0453681

State number: 11
100000000111
100111110111
111111110111
111111100111
111111000111
111110000111
111100000111
111000000111
110000000111
000000000111
000000100111
000001110111
000011110111
000011100111
000011000111
000111110111
000111100111
000111000111
000110000111
000100000111
001111110111
001111100111
001111000111
001110000111
001100000111
001000000111
011111110111
011111100111
011111000111
011110000111
011100000111
011000000111
010000000111
1000000000111
1111111110111
1111111100111
1111111000111
1111110000111
1111100000111
1111000000111
1110000000111
1100000000111
1100111110111
0000000000111
0000000100111
0000001110111
0000011110111
0000011100111
0000011000111
0000111110111
0000111100111
0000111000111
0000110000111
0000100000111
0001111110111
0001111100111
0001111000111
0001110000111
0001100000111
0001000000111
0011111110111
0011111100111
0011111000111
0011110000111
0011100000111
0011000000111
0010000000111
0111111110111
0111111100111
0111111000111
0111110000111
0111100000111
0111000000111
0110000000111
0100000000111
distribution: P(0) = 0.0355325	P(1) = 0.964468	
transitions: T(0) = 0	T(1) = 5	
P(state): 0.0483538

State number: 12
100000000011
111111111011
111111110011
111111100011
111111000011
111110000011
111100000011
111000000011
110000000011
110011111011
000000000011
000000010011
000000111011
000001111011
000001110011
000001100011
000011111011
000011110011
000011100011
000011000011
000010000011
000111111011
000111110011
000111100011
000111000011
000110000011
000100000011
001111111011
001111110011
001111100011
001111000011
001110000011
001100000011
001000000011
011111111011
011111110011
011111100011
011111000011
011110000011
011100000011
011000000011
010000000011
1000000000011
1111111111011
1111111110011
1111111100011
1111111000011
1111110000011
1111100000011
1111000000011
1110000000011
1110011111011
1100000000011
0000000000011
0000000010011
0000000111011
0000001111011
0000001110011
0000001100011
0000011111011
0000011110011
0000011100011
0000011000011
0000010000011
0000111111011
0000111110011
0000111100011
0000111000011
0000110000011
0000100000011
0001111111011
0001111110011
0001111100011
0001111000011
0001110000011
0001100000011
0001000000011
0011111111011
0011111110011
0011111100011
0011111000011
0011110000011
0011100000011
0011000000011
0010000000011
0111111111011
0111111110011
0111111100011
0111111000011
0111110000011
0111100000011
0111000000011
0110000000011
0100000000011
distribution: P(0) = 0.0183812	P(1) = 0.981619	
transitions: T(0) = 0	T(1) = 11	
P(state): 0.04909

State number: 13
100000100000
100001100000
100011100000
100111100000
111111100000
110001100000
110011100000
110111100000
000000100000
000001100000
000011100000
000111100000
011111100000
1000000100000
1000001100000
1000011100000
1000111100000
1011111100000
1111111100000
1110001100000
1110011100000
1110111100000
1100000100000
1100001100000
1100011100000
1100111100000
0000000100000
0000001100000
0000011100000
0000111100000
0011111100000
0111111100000
distribution: P(0) = 0.931305	P(1) = 0.0686946	
transitions: T(0) = 4	T(1) = 1	
P(state): 0.0406033

State number: 14
111110000000
000010000000
000110000000
001110000000
011110000000
1000110000000
1001110000000
1111110000000
0000010000000
0000110000000
0001110000000
0011110000000
0111110000000
distribution: P(0) = 0.854614	P(1) = 0.145386	
transitions: T(0) = 7	T(1) = 1	
P(state): 0.0355624

State number: 15
101111100000
001111100000
1001111100000
1101111100000
0001111100000
distribution: P(0) = 0.814103	P(1) = 0.185897	
transitions: T(0) = 4	T(1) = 1	
P(state): 0.00342536

State number: 16
100000011111
111111011111
111110011111
111100011111
111000011111
110000011111
000000011111
000010011111
000111011111
001111011111
001110011111
001100011111
011111011111
011110011111
011100011111
011000011111
010000011111
1000000011111
1111111011111
1111110011111
1111100011111
1111000011111
1110000011111
1100000011111
0000000011111
0000010011111
0000111011111
0001111011111
0001110011111
0001100011111
0011111011111
0011110011111
0011100011111
0011000011111
0010000011111
0111111011111
0111110011111
0111100011111
0111000011111
0110000011111
0100000011111
distribution: P(0) = 0.0785563	P(1) = 0.921444	
transitions: T(0) = 22	T(1) = 6	
P(state): 0.0437014

State number: 17
110000000000
010000000000
1110000000000
0010000000000
0110000000000
distribution: P(0) = 0.812146	P(1) = 0.187854	
transitions: T(0) = 8	T(1) = 1	
P(state): 0.0198671

State number: 18
111000000000
001000000000
011000000000
1111000000000
0001000000000
0011000000000
0111000000000
distribution: P(0) = 0.808869	P(1) = 0.191131	
transitions: T(0) = 17	T(1) = 1	
P(state): 0.0245706

State number: 19
100011111000
111011111000
110011111000
000011111000
1000011111000
1111011111000
1110011111000
1100011111000
0000011111000
distribution: P(0) = 0.986092	P(1) = 0.0139082	
transitions: T(0) = 21	T(1) = 1	
P(state): 0.00370143

State number: 20
100001111100
111101111100
111001111100
110001111100
000001111100
1000001111100
1111101111100
1111001111100
1110001111100
1100001111100
0000001111100
distribution: P(0) = 0.986975	P(1) = 0.0130246	
transitions: T(0) = 19	T(1) = 1	
P(state): 0.00370143

State number: 21
100111110000
110111110000
000111110000
1000111110000
1110111110000
1100111110000
0000111110000
distribution: P(0) = 0.941011	P(1) = 0.0589888	
transitions: T(0) = 15	T(1) = 1	
P(state): 0.00365031

State number: 22
100000111110
111110111110
111100111110
111000111110
110000111110
000000111110
1000000111110
1111110111110
1111100111110
1111000111110
1110000111110
1100000111110
0000000111110
distribution: P(0) = 0.987988	P(1) = 0.012012	
transitions: T(0) = 20	T(1) = 1	
P(state): 0.00340491

