Determinisation Log 
 

State 0:  0, 00
State 1:  2, 02, 22, 42, 002, 202, 022, 222, 422, 042, 242, 442
State 2:  4, 04, 24, 44, 004, 404, 024, 224, 424, 044, 244, 444
State 3:  20, 200, 020, 220, 420
State 4:  40, 000, 400, 040, 240, 440
______________________________________________________________________ 

String: 00 

String Destinations:   4 	-1 	1 	-1 	2 	
State Destinations:    0 	-1 	1 	-1 	2 	

State 0:  0
State 1:  2, 02, 22, 42, 002, 202, 022, 222, 422, 042, 242, 442
State 2:  4, 04, 24, 44, 004, 404, 024, 224, 424, 044, 244, 444
State 3:  20, 200, 020, 220, 420
State 4:  40, 000, 400, 040, 240, 440
State 5:  00
______________________________________________________________________ 

