11100100111001000011001111110001100110011000010000011111110011111001110001100110110110111011000001110000011111011100001100011011000010010001110000111010010000011011001101110000111100000001110111000100000110000111011111100000111110001100011110011110010011100011110011110011111000110110000001110011001100100011011100111111010010011010001000111100001001
11111000000110011000100000010011001111100100000011111001100000000110000000011101100011001111011000001001110011000100011111000001111000110110000111100001111000100110001111100111100000011011011100110011000110011111000011001100110100011100111110000011000100111000111100110001001111000011110001111000111111000000111100000111110001000110000111001110001000
00111100111100000111111000100001110011111100110010011110001100111000111100000111000011101100111101111100110011000111111000111110000111000011001110010001001001100011111000100111000011001011100011001011001110000011110011100011000110001000111010000111001100011101100110000001000111000010000010110111100010000010011111001101100011111110110001110011111100
11011000001110110110000011111110001110000011110011100100001100100011001101100111001110011100010000111000100000111110001100110000110000011110011000110000000111100001100011001110011000001110010011110001100111100010011111001100100011110000011100011000000011111001100100111010001110111000010110001111100001100001111101111000111000001110000001000111000110
11111000011100011101110011000000110111011111100111001001110010011100000011000111100111100001100001100011110011001100000101001100000111110011000011111100011100011011011001001100001110010000111100011001110110000001100011101100100001100000110000011100011001100000110011111100001111110100110001100011111000100100100011010011001110001100011001100001111000
10011001110011101100011100110000001111001110010001111000111100111100001110000110011110000001001001111101100011000110110011001111100011000111100001110000111111001100110001110100100100110010100110001100001110110001011100000111111110000111110110000010000001110110011100110111001000000110010001110011100111100110000110011111011100000100111000111011000011
10111100000011100001110001000001000001100111100000010010010011111010111000100011100111100011110011001100111100001111111000111100010001111000011101100110011100100111000111011101110011000111110011101100011100011100011001110001100011000001111001100011111000100110110001111110000111100000111011001100001100000111100000100110110100011110010000111011100001
01111000001101100010011111111101100110011000011001100111100000111101001110010011001111000111011001111110011100011110000001110001100110110011110011101100000011111000000001100011100111111000110011100000000111110110001100010111100110011111111000001100110011001100011100011011011011011101000111101110000011011110000111001100111100000110111100001111001001
00011111110010001100111100011000000111111001000011100001001111000011000001111110011100011100001111100011110001110011101110000001001110011100011110000011000111011011000111000110011000001100100111100001110000000011111011000110000001110111000100011000111000001111000001100111100111000011111001000000111000001111001111000111100110011100010001001111001100
01101000001100111000101100001111001111100110011000110001110001110110011011110000001111000000011111000110001000010111001100011000111100011000111001100111001110001110001001110001110000010011000011111000111011001100111110001110110001111110010110010000111000011011000111101110011100000000111011011100011000111101001110000111100000011111000110011100110011
11011100100010111001001111001111001000111100011101011000000000011001110001001110000111000111001011000011000100011000011001110001111000111101100111111100011100010000110000011110000001100110001110001111100110010001111110001110001000111000111111000110010011111110000011001101100110011000000111110000001111001101110011110110010001001110000100011100110110
10011001110011000011001111110001101100000110011001100000111100001110000011111101000011100000110011100001111111001100110010000000000111011110000110001001100000111100100110001111110010110001111110000011100110001100011000011100001100011001110110011001001000111000011100000011100110000010000011110001111001100111110001110110110111110000111000000110000111
10001001100010110000011110011100001111111000111000001110001001100111111100110011110001111111000110010011000001101100001111100110011001001111000001001100111010000110000110111011001100001111100000111000011100010011101100100000011000101110011110111001110010111000110010000011110011110110000110111100010001100011111001000001111000011000111000110000010111
11100110001100111000111000001110000110000001110110011100010110011001100001001100110001100001100110001111111000000011001101111000111000001100011111100110011100011100110000001111011100111000110000111001111110011000110000000111000000000111000110000111001111000001100111000001111100000010011001101100111110000001101100110000111100000010011100000001110001
00000000110000110001000111000011111010110011100011110011001100001101001110000100100000111110001100011111100000110001000000000000000000000001111111111111111111111111111101111110011111111011100111011111001111110001100011011001000001111111000011100000111110001101111000011100011001101110011000011001100011110001100111000011001110000011111100011000110010
00100000111000001111000111001100111110001111111011011000011100111000011000111011000110001111001100001000011000111100011100101101101100110011001111000011100110011000011001110000011110001110110011000110110000000011100110011110001111000011100000111000011100111001101110111110010000110001110001011000110011001000011000011111110111000111001111100000001111
11100110001001110011100001110001000110011000110001110000111000010011110011000100110111011001001110010011100001111100000111101001100000110000001110011110000010110011000110011000111001101100111001110011100110011001101100011000001010000011110011000011110110110011011001111001000000011001111000111110000011100011001111000011001110011000010001100110011100
10001110010000111001001101110001110000110000110001110100011000000111011001111000111001111000111110000110011111100100010011110001111011101000111000111000110010011111110000001111110001100111001110001110001101011101001100011111001111001100000001100111100000110011000011111100100011101101111001110010000011101100011111100000011111100111100001100111100100
00111100011110010011100000111000011100000111011000011000010011100011110001110001000000111111000000010011100111001100111000011100111000111000011100000111001001110000111110011100001001100111111100000001111001110011000001111001111110110010001101100110011100011001100001001110011000110001111101111100000110000011111100001111111110001111000011110000110110
00000111111100000111111000111011001101111111000101110010011100011000011001110001100011000000011000111001100001110011000110011110000001000111011110010000011110110011001100000011100110111000000111101110000110001110011110001100000111100000100011110100110000100011000000011000111000000000110001100111100110000111100111111011100111000110001110011110000010
00011001100011111100011100111001100001101111000001111000000010000011100111100011100111000010011111001011000111111000011111000110100000010001111111000100110010011000110001111100111000110110010011010110000001101001110011001110000110011111001111101100111001110011110000111000011000000100110011000010011001100110011101000111000101100011001110001100000111
10111100011100000010011100111000111110011000111011000110011100011001100000011000111101111000111001000110010011000000111011000011001100011100001111001001111110111000011101111000011001110000000001111100110110001111001001100001111001100111010000011001111100001101001100011011001111000001101111001111001110000111010011010000000011110001111000111110010011
11001011011001101110001101110100011111000000111110110001100011000110001111001000000011100100110111000111001111001101111001110011101100100111100011101100000000111110011001100000111110011111000100110001111100111000011111110001101110000011001110000001110011000111110010110001100011111000000100111100001111100011100001000011011111100110000010011110000110
11100011100100110001100110000010010111001100110001111000000111000011100111100001111101110001111000011001110011110001110000011001000011111100110001111110000011001100100000111100010000110111001110001111100011001001110000100111100001111000100100111110011110000111100011000110001001100011110000110001100001100011111110000110110011111110110010001100111100
01000110111000000011111011011000111001110001100111000011011000110001001001101111100000000011101000110110000111001111100000110000100001110111100111000111110010000011110111000101111100011100111110110001100111011100111100100110011110001001111100000010011001000000010011011100011100000011111000111001001001110110010100111100001111110010011110000011110001
01100000111010011101100011001111100110010001111000111000000111011111100011000101100011100001110010011001101111111011000011100011011011110011001111001000111111001000011100011111111001100001100001100011100001111000111011001000011111001111110001000111100011110010011000100001111000110101100110001110000111110000111011000111100011000000111000001110000111
11100011100001100110110111100011111111000011110000001111100010011110001111100001100000111000011010001111000111001000111111110111001000000011000001001000111000110001100011001110011001100111000011111000010000010010000011001110011100000001110011001111100011000110001110000110011110000111001100111001100001110110001111110011001110001110011100000100000111
11011110001100111000111000110011011000011101111000001001110011000001100111001111001100110011100101101100000111100011000000110000011101110010001111001111001100011100011100001100100000111001011100100000111101100011100011110111010001001111000011111100110011000111100110000001111001110001100110011100011110110001111100010010011111100011110011001111100000
01011000011111111001101100110011000111001110000111111000001100001100111100001111100110011001110110001110011000100001111100000010001110011100011000010011100011001100011110010000000000000000000000000011110111111111111111111111111110111111110110111001111100111100000111111111001100110110001111111100100011100111110011001100111110001100101100000011110010
11100110011110011110110011111000011001001001100011110011100011111011100000111001111001001001110011111110011000000111000100000110000010000011111100001100001100011111100001101000111001111101101001111000011011111100011001100111100111100100110011001100111100111100111110010011111000110011001111100011110100111000010001100111111100000110001100011001100000
00110011100100111100111100110001000111111000011001000011100000111001100111000011100111100000110000001111110000111100000111110000011011000111011110010110000111000110001110001111011001110000001011110000110111110000100110001100000010011110011100001111100010010001011111100000100000111001001000111011000100100110001100110001111001000000111001100111110000
00011110000110001100111101100111111100001110001101001110100000111000001001110011100001110100011101100000110110010011110000011011000111100011111100110011000000100011110001000010001110001111100100011110000011111000000001111111110000001101110000100111100011000100011110011001110011001101100001110011000110111000011000111100001110011101100000111001111110
00000111000110011001110000111111000011100011001101110000011100000111001100100010010011111101111000011110001000111100011100110000110001000111101000001001000111111000001001100011110001110011110000111110111111110001111101111000001100100111001100001111100111110010010001100011000001111100000111001100110000110000001111110011101100001111100110110100000110
11011110001111110001011100000011000111001100111011110000111110100111000001000110001100111100011111110011100000011110001000111110110001111001001101000100011100110110011001110011110001100100111000000001111000110000110010001111110011101100110001111000100001110000011110000000000111000111110011100110011101111110000000011111000110000011001101110111000011
01111001110011011000011000001100010100010011000011000100000111100111100111110011100001000000000000000000001011111111111111111111111111001111111110011111101110011111010011011101100011101100111000001110011100111011001100000000111100111000000111100101111001110011001110011111001000000011100000111100111001001101001110000111100111011011100111000011001101
00111100011001101100011001100000011101111000111000111000111000000110011001111001101111001100000100101100111100011100000011101000110010001111111000110111000100110011000011110110011100001111111000101100011001111000010001111000000000111011110010011000110011000110001100111100000110111000001110000001110011110000011110011001111011000111100001101101110010
11100001000100011101100000111111000110111001111110001001100111100000001110011101100011000100111011111001110000011111000110111000111110001011000001111011000110001001110000110001111000000101111111110110011001001110100000111000100001110000111110000011111001110001111001111100100110011001100010010011110011110011000000001100111011001111000001110001101100
00111110000100111100011101111111000101111011110111001100001111111011001110001100010011100000001101100111000110011110000011100011000011100111000111000111001110001011000010011001100111100010111001110010000011100000111100111100010111010001100011100010001100111101001100000011111100011000111111011001011100011111001100101100110001000011101100001100101110
11000011101111001100000000110011000110001100010000011101100011001100110000011000011101001000000111110001100111110000011110001000011011001110100111100100010000001110000110011111000101110110011001110100011111100000011100000001110011100000001110111001100111000100010001111111000111011000110100110111111000111111100111000000011101001111000100100000011111
01110000110000010000111001111111000111000001110000011101000110011111001001101100010001111000111000111000111101110011000100001111100100000110011000100110111011100111111000111000111110011100000110011000000110011111000010010001111000111011100110001111011110011000111100111100011001110010001111000011100111110110011000011001100111000001111110000001001000
00100111100011000100111001110110000111111000111000011001111011111000011111100000111111100011000001110011001001000000111000110001110000000000111001111100011000000110000111000110000000011111110011110001110110010000111110001001101101110111001100001100111101110011110011001101101110001100011001111000100000111100011101100000111000011011000011100000111100
00001100111100110000100000011111111000110011110001111011001111001100001111001101100011100111111000100111111000111000001101101100111100110001100011001111100001110110001011001110011110001011101100100011001000111110010011100110011110001110111000100110001000011001110110001111110011110011000011100001110001111000110011000111110001111100011001100100000111
10011110001111111001000110000110011111000000010010011011000001111100011100010000111000011100011100111011101011000100001111011001100001100000111010001100001111110001100000110000011000110011000011110011110010001110011100001111100110011000100111100010000111001000011000111111000001110000011110000100111000110000111100111001100111001100111000101101100110
00001111100111111111100011110000011100101100001100001110010001000000111110001100100111110011100000011111001111001110011110001110011100001111110011111000011011111000001100011100011000110100011111000001100111000110110011001000111010110001100001100111100110110001000111110010111001100001100111001001100100100110111100010100100000001111100111100001011100
00111110001001101110001100110001110110010011011110001111001001100111000110000001100000111110001000111001110001100011000110001111110001001110000011101100011000001110001011100001111000110011100110000111000110001100111100011001110001100111000011000010001100100111001010001110111000110000111100000011001001100000111101110001100100111000000111110000111110
01100011110010001111100100011100011110001100011001110000000011101001111100011001100111100001111000011100001100111111000000110001111000011101101000011111100000111111001110000000111000001110011000110000111110110010011001110011000111000001110001111000001001111000110010000001111000010000100011101111000111001100001111111000011001110000000000011110011000
01000111100111000000111110100011100011000011111111110000111001110000111111000110001001111111100011111000110000110000111100010011100111001010001000011111100011100100011100110000110001000101111000001100011000111000110001110001111110111001100100011100111001010001110011001100111111000001111100111111100110111001011000011100000100001100001111000110001100
00010110011111000111100001111001001100001100100011111011001111100001111000110001001111000110110110011111000001110111100111000001111100000111100011110000011011011000001110111110000110011010010011100110000001100110111100111001100011111000110011110001101111100001100000011001000111011100110001111111000011110001100111100111100011000111111001000111000001
11000110111110001111111100000011100110000111111000100100110011110000100100011111001011111001110011111101100110001011001100010001111001001111000011100101100011111000000011000011111100110011001101110000111000111001100011011111000111111100000110001101111100101001100110110011110011100010111011001101110011001110011100001110011110010110011000111001110001
00001100111111000011000001111000000011111001111111000011000001111100001111100000110111100000010011011001000011110011110111000111011100000111111000011100101001100110001000111000100110000110001110000111111000011011000111001111000110001100110001110011111100001111001100110011001110011011001100110011101100110000111001111001000100111100011111001110010000
10011100001100111100010000111000110110001000111111111001101111100011000111001100000111100000111111000111000011000011111110011100110011101110000110000010001110000110001110011000111100100001100000110010001110011101000110001111100110011011000110001100011011000001001101100110011000011000011110001000011100100000011101010011001111001001100111110001111000
01100110110010011110001111100111000011101000011000001100001111001000001110000001111111000011100001111111011100010110011001101110000101111001000111110000010000011110000111000011100011001100011100001111000111001111110011110011100100001110010111000001110011001100011110011001110000111110000110000110011110010111100111011011001100011111001101000111001011
01100111100100011111001000110011110011100100110101110110010000011110010011001100111011011000011100011001100110001110010011110001111001100110011110010001100010000011001100111100011001100011111100011111000011000110000111110010011001110001100000110011011000010001100100001000111011010010011110001000010110111100000110011000110001111000011011001110000111
10011011001100110110110001110001110001100110011110010111001000011001110110110000111010010110111000110000011100011100000001100110111000001111000111110000011001100110010001100111001110001110001100110000011100001100110001111100001111100011011100110010010011001111001000011110010011000011000111001110010011000010010110000111100000111100000000011000110100
01100111100011100011001100001111011100011001111101000111000000001111000000111100110000110010001011001100000110000011111111001001100011001000111001100001100110000111100110100011000111011011001100110011111001000110011100011100111111001000101100110100011001100100011111010011010000111111011001000011111001100110111000011110011001100000001111000100111000
01110100000111000111100110000110001111001000111100010011001011001100001011000111110000100100110001001101100110001111000110110011000011100000000111100011110000110001110000110110000111011100001001100110011111001000111100111110111000011110001110111110000000010011111000001010001100111000011010000111001110001001011111001100111000001110000011000001110001
00001001100111100000111000111001000111000110001111110000110001110110011000001100110001100111000001100100011101100011000111001000111100011011110001100000001110011111000000111110001101110001100111101100110011001100110001100101100000000101100111000011001001111001101110001110001101100100000011000111100110011001011000010001000011110011011000100110011100
10011110000011111000111110000011011110011001001001000111111001100111100110011000011001100011100100011100001111000110011000110010110011000111000011110011111000010001100111000011000010011011100011110011000001101111100001111000001111000001111000011100100011001110100011000111001001110011000100001111001100001100100011100000111001110000000111110000110000
01000100110001111000000001000000000000000000000000000000111111111111111111111111111111111100111111111111111100111110100011111000011111001111011111000111111111100011100111101110001010001110011100110110011100001101000111100110001100111111010010011111000100110001111000001100100011001110001111000001111100011110011100100011110000011101111000110000001110
10001100000011010001100110001111101100011100000011101111001100011001111110000011110011110000100011000011001110101101100011001000111000111100111100100111001111110011000011000011111100100011100001001100011001110001110011110100000001100111111110000111100010011110011000110001110100110001001001110100001110001110011000011100110010111111000001100100001110
10011110011001001111001001001111110011101100111001111000000111001111100001100110000110011001100111000011100100100110011000011100111001111100111000111111001111100001000110011110110000000111110000000111100011110000001111100000000011100010001111000111000111000111001100011101110001100110011110011001100110011011100110001110011100110011101111110001110000
01101111011000100011001110001100101000001111000111100011000100110011000011000011011100110000011011110110011100000011100011100110011100110111100000010001111100000111010001111111111100011001100101100110100011100111100010111000001111101110011010010010011010011100000010001110010000000001111100111001100011100100001110000011001100111000001111111000011110
11001110011001110011100000111100001111000111001001100000011110110000000011001101100000110110000011100011110000110111011000000110111001000011100100111100111000111101110001110100011001110110000001111000000110011000000001011011111000001001001111100011000101100011110011110001111101110110011001100011011111111110001100001000111100001001100110111000110000
11111111111111111000011101101111100000010001111101100111111110001111001001100011111000001101111001100100111110100100010010001110000011001111100111111000111100001101111110010000101100001001110000000110001111000100011101100111001011011000011000101110011101100011100000000001111100000000010111110001100100111100111100000011111100011011000000011111101100
00000111011101100111001100111100011110011000000001001110001110001100100110000111001001101110011110000001110011100011000110001100010110011111110000111100001000111000110001100111100110001000111001110010001100001100111000001111100011001101000110010011100100000110011000110011110001111100000011100011111010001111100011101100010011000011000001110001100001
10000111101111100100001110000001101100111101100101100001110011001111000011110010011000110001111100000011100011100000010010011001000111000111100011101100110011011011100011100001100001001100000111110000000001100000110001001111001110111000110011100011011000001110100011001111000110110001111001100011001001100001100000111100011110011001111110100011111001
01110011001110000100111100110011011100111000111001100001000110001100000111100000111001000011100111001101100001001001111111001000000110111101001100000110100111000111000011111000001001110000111001001110011000111000111000010011111000011100111001100001110000011100110110000011000000110010011100110000110011110000111100111000100001100000011010001100000011
01001110111100010010011000011001100001100000001111110010110011110011110011000110010001101001110110000011101110001111110000011001111000100111100001110000011100110011001100001110011000110011110110010000011111110000010111001100110000110011000111000011111001111001100011000001000011110011000111011001001110011110001110000000110110111100000111100100111110
00110100011001111111001100111011011001100110011011110001111000110011000011110110010011001110010001100101100100011100111000011001111101100111100110000111000110110001100111000011001111011000111000101000111001100110110111001000000110001110000011100011100100001100001101100110001110000111000001110010011111000011101110100000110001100110110011100000011110
01110000100111100001111110000111000000110011111001111111101001000001111100011110011011000100111000001110110100010011000111111000011100111100000001111001010000110011001111100000011110011110011100110011110001110000101100110000111000111100001100011100110001110011100110011000000111000001110110000011000111001110000000111110000011001011000001110011111100
11000111000011000110111000110001111100110000110000111111100011000011001100011011100100111110001100000111000010011100011100001100110110010001111100011111001110010000110011100000111111110001110000110011000100111000011100100111011100110011100001100011001000010111000111100010000011011101110001001100011100011111000001100011111100000110100101110011001110
10011000111000011111000000111110011100011000001111110001111000110011100011110000111000111011001100111011001111000111001100110011100111000110001101111110011001110011001101011100011011100011001111001101111110001110011110011101111000011100011111111000111100011110001110011100111100100100011100000000000110011110111000111111001110001111111101101101100011
11111111111111111111111111111111111111111111110110011111111001001111110100111000000011100110000111001100000001100111110011000110011111000001100100011100011110011001000111001011010001110001111100011111000011001111111101000111011001111000010000110010110001100011001111101110110000110011101111100000110011100111100001110011011001110001111100000100111001
01110000100110011000011000100001101110000101100011100011111000011101000111011001111110011100100100000111111110001100111100111111100111000110010001111001111000010011000011111001110000110010011011001100010011111000100011100001111001011000110011000100100110011010001001100011110001000011101100110001100011100011110011111110000110010001110000111100000110
10000000001001100110011110001000011011101100001110110000111000111001100011110111000111100010010011100111000011101001100110110000011101100001100000011100000110010010011000011100010000111001100110001100111111000110100011001100111000011000111000001111000111110000100001110000111001100011001011001110011000001111001001111100011000110001110010001100111110
11001100100011111100011111011000110011000011000001001111011000010011100111001100011100100011100000111111000011001100110011000111000110011000111011010000110011000111011000110010000111101001100111000011001011101110001100000110011011010011001100110000110000110110010011000111101100011111011001111100011111000001110011101100110001100111001111001111100001
10001110000001011100101111100110100011110011110001110000111011100011000111000000110110111110000111011000110011101100000111110000000110000000001100111111000110001001111100111101100011001000111001000001100011100111001000110000011011000011110011111100110111000001110110001110000110000111101111100001111011001101111100011000001111100001110001100110001100
10001001100110111000111110001011001101001100111101100011100100110010000001001111100011000110001110011100110111001111000010011111110111000111100110001010001000011100000110011000110001110001011110011100010001100100110001111111001000101100111110001100111001100111001110001111100000100001111111100110001100000111001100111001101100000111111100010110000111
10001001111110001111100011110001100011100110000111111001001001100000110001110000011100000111111100011101001110010011100111001100011000111100011000111001100011111001001110001110001110001111110011100011001100100001111011001111100111000010000000111000111001000001000011111000000110001111010000011100111000011110011111000110000000111111110011001000111110
10110011101000011100111011000111100000011110001001111000100110000001101111001011000011001111110011100110000111100011001111001111110000000111100000111010011011100011111000000111100011100010001100100111100000110001001111100000010011111000111011000011001111111001111000011100100100100000000000000000000000000111111111111111111110111111111111111110110011
00001111111101110001111100001110110011000111100011001110110011000110011100011000110000011100110110111000111100011100000101100110011000000011000000110111111111011111000010001111000110111111110001110011111100010001100010001100010000001111001011110001001100100111000111001100011001110110111010001111110000110110111100001001110011110001110001100111000010
00011001100100110110000100000110111100000110000110000110110001100111011000111001110000110000011111111000011110001110011100111100100000111001100000110011000111111110110110001111000110011000100011100001000011111001000111100011100111000000011111100001111011000001001100010011101000001101001001001100111111000110110001110001100100100110110000001110010000
00011100111001110001000100110111001111110001110001001100111111000011111000110110110001110011110001100011111001110000011111100110000100011100000000011100011100111011101100011100011000110011101101110000010111001011001110000011110011001001110001101101100110011110111011000111100110000000000011100011001100100011011000011100111001111100001100111011110000
00011110000110111001001100100110011000011101000111000110100010001111001101100001110011100001111001100011001100001101100010111111100110000000110010000111101100110110000011101110001100111110011000011001111011001100011110000110011110011010000001111100011111000001000001111100111000011100010011010010011101110011100010011110000111000001001100011000011101
11001110011000110000010011100001100111001110100011001001111000001100001001100110011110001111010000111100011100110010000110111001000000011100010110011000011101100110001101111001100000011111011110001110001110010011110001110011111100100100011011111100110001100110011110011011100010010001111000011111001110011100011110001000111000111111001111110110001111
00011000110011111110000110110011111100110000010111100000111000111110110011011001100001100001100111111010000010001110011100011001110000000111000011100001100111100011110000011001100001110110010011001000111110000110011100010011000100011000110011110011001010011001001100001110011001110011100001100100011000011000111001110000001100000111110000111011000110
11100001110011101001100001100111011100100110011100001100111001110001100011110000011111100010011110110011001100001100011011111000000111000000110011110000111110000111000000111001100110011000111011001001001111100110001110011111110011010110001111110011110000011101101111000001111001100011000011000111100100110011101111100001101101001110110011000111101001
10001001111011000111111111001111011100101100100010000011100011110010000001110000001110011011001111000001110001100000110011100111000011011101001001111000000011100110000100001101111000011111100001110001000110111001001110000110000010111000010000111011000011000000111100000000111110110000000011100011011000100011100011110001111101000111111000110000100011
01001100001110010011100110000111010011100000100111100011000100001100001101100010111110001111001011000001111101100111110011001111100111110000100110011110001100000111111001111100110000001110000101101110001111110110010001111100110001111011110011111001001100000011110110011000011100111110001111100000111100110000111011010000001111110111000110001011001101
01110011000011100011000110011100100010001110001001101111001111011000001111011000011000011111000111000001111000011000011000000001101111110000111111000011100011100011011001110001100111000111100001110011100110001100001100011011000011110110001001111111010001100001100001110011100110010011111000111001001100100111001110000001011100111100000111011001110001
01111001100010001100011011000111000111110011111000000111110011100000111111000011100000010100110110011000110000110001110011011000110000011001111011001100001111001110110000110011000110001100100011100110010011000110001100111010011001100011011000001100011100110011100000000000111111000111000000110111000000100100111000111000001101111000001110011001011000
11001100000110000111001100110000101101100011000110010001101100111000011100011000011100111000010000000110011100011001100111100011011110001110000000010000000000000000001111111111111111111111111111111111111111101111011001110011111010110011111000110011110011111011000011101001100000000111100111000110110001100011100001110001111100011100010011001000000111
11100011111111000001100111000011101100111000111001100111000011110111001100011011011001111110110010001100101110001110001101100111100000100011111000111100001100000111100011111000110010000011111001110010000011110000110011000011001111100001110000101111111100000110000010011011001111000110110011111001100000111001111000100100110001110011001111000111110000
10001111000110011011101100000011110000111111001001100100011100011001100100110000111100010011011000111011000000110011001101100011111001110011110001100011101100010001111110110000111110011001101101110001100111100001110110011001000011110110010110011011000010011001111100111001110011010000011000111000010010000111111001111110001001100010000000111110011111
01100011101000110110000011001111011000001100011000111100000011011110011000011100110100011001101100110010011001111001110001001110011100100011110100011110001000110111001100100011000111100011001100111100011000010000111001111000011101100110001110111111100000111100110010001100011000110111000111110010000111011011100010011100011000011011011000000100111000
11001100001100101100101110001100011100010011110110011000110111001100110010001100100100000000110111110001000011100110110000001100011110011011001100000011111100011000111011011101000000001011000011110010011011100011100110011011000111101110000110011011110001111100011000110011101000001110001111111000001100110111001110010010111001000111000011100001111000
11000001110001111011001110000011110100011011101011100000111000011011100001110100110011011001000011100001111100100110111111100000011100001110000011001111001101000111001110000011000110111000000110010001100011100001110011111100011001111111100111100011101100000110000011000110010000011110010010011111110000001111100001110001011100110011011100001110001100
10000001111100001100000111101100011110111100000100011111000111000110001110011001100000011001000111100000110000101100001100111000111110100010001111001001001110001110010011000110000011111110000000011111001111011100001100111110000000111100100111001011000011011100001100101000111110010000011111111000011000111001100111000111100101000011101101100111100110
00111000000111110011010001001111100011100011101111001110011001100000011110100010111100111110000001110011000110011001100000111110011111100110011100000011110001111100000101001101100011110011001110001111001110000011111000001110000111101100110010001110000000111001011000100101110000111100011100111101110000000011011111000110000011110010011110001100011010
01001011100001000111111100111111000111110000110111001111101100000111001101110000011000000001101100011111111100011110000000110000100111000011100111100001100011100100001110111110000011111100011111000001111001111100010000011100111001001100111110001101111001110001100110011100100100000011100100111111111000001100010011110010001110001100001100100011000001
10111000111001111100000111000011111001100110001111000100011000111100001111000011100011110110001111111001111100111000111000011110001100110001110000001110000111000001111101000011100110001111100010010000111011011000011110000110001111001100001110010011111111001100000110011100001111000110011000011110111000010011111001110110000111100000011000111000000111
00001101110001101000111100110000110010011001111100011010011100110011111000111011001111100010000011111011101100100110011110100100111000111110010000001111010010011000011000111001100001111111001001001110000011111001100001100000111000111110011000111110011110001111001100111000111100011000011110001001000101110011000110110011110000001110000110010011110000
00000000111001100000100001111101110000000011101110001111110011000000101110000000000111000110001111100001111100011101111000001100001101110011001110001111110001000000111101100100010000001001100000011000000111110011001001101000011100001100011111000110010001000111000001110000111000111110101000011101100100011101000011100110001111110001111001011000110011
11000011111100001110001110010010011100111000001111000011110001111111111001000110011001111001000000110011000011001100111001110000111111100011110011001111011100110001100011100110000110011000100000011100011001101100011011011001100011111100000011001100011001100001101101000001111000111110001111100011100110111011000000111011000110000001110110011100011100
11000111000001111110011110111110010011100010011111100001110000001100111100000100011101100001100110001111100111100000011000110111100111000000111110001111100111000110011011011100111100111110001100111100000001101100100111100000111101100001110011001100011110110011110011100001100000110011011000110011100010110111001000111000111110110000100111101001011100
10110000111110010000111100011001100000100110110001111001100010001111000000010011011110000011100011100001100001110011000010001111111000000000100001111011000011110001111000011001101100111110001100000011100010110001100011001101110001110001110011000001110110001111000111101100111000010011001110010011100001001111111000111100001000110011110011000001001110
11110010000000011111001111001100111001111111011000110010011110001110000111100011110000000111001110000001110001100010000110001110010010011100100110111110000110001100100001111100000111000000111110010011011001011001111011000111100000100100011000011000111110000111100001111111001110010001111110001111110000001111001000010010000011110000110011100100011110
11100011001001001011000110001100011001111001000001111100001101000110001100111001000110000011111000111000001111110000011100010011000001110000011100110000110001110000111100001110001110001111000111111000001000001111100001000011110011100001111100100100110011001110011000111100110010010001110101101001110000000111000101100011000111100110000011100001110011
00110011010000110000111100001111100011000001111001101101100100011111100001110111010010001110000000110011001001000100110001111001110000111011100111111000001100001110011000110001111000111100001111001000011111100101100011100011111000001110000001000111011000010001111100110010000010001111011100110000110100000111100010011001001100011100111011110001100110
00001110001110010011100001100100000111100110111110000110000110001100110100011110110001000111000011100100011110010011001100001100111111001100011100011011100001100000011111110000110011111100011000000011110011100110011110001100111100110001110011000111001111100110000110000100110000011000000000110000111111111110001110011011111011100111100100001000110010
10001100011100110111100000101111000011110000110000100001100111011110000011100010001101111001110010000111111011100011000000111111100001110000110111100000111000000111000001110000110011100011101000100000000000000001000001000111111111111111111111111111111111110011111100111111111110111110001111101001100001101111111001110011011110111110000111100111000011
11011000010011100001100111000011100011001001001101110011011001001111000001100110010000111010001100100011111000101110111101111001100000110011111101100011001100010010000110011001111100100011010000111100000101110001110011100011011000000111110001001100001111000011111110001100001110001011111001011110011111110000011111011000000111110011100001110001100000
11001110011110000001110010011111100001110000110001110000000111100011011110000001110011000000111110000000010011010001111110000111110000111110000000011111000011011110110011110010000001111000000000001110000111000010001110110110110011110001110000111100001111001100000111110010000000000000001111100001000000111110001110000110111000001110010011100001110001
10010010011000110000111000110111000100011110011110000100110001111001011001110010000100011100000000000110011100101111000111001111110010100011001100000111110111100001110000000110000111000111001000000111001101100011100000111001111101000011100111000110110011100110001110000010010000100011110001111111100010011000011001000110011011011000111110011001101111
11100011001111001001111001101100001111000111000011100111000011100010011100001110010001110001000011111100011000010011110001000001100111110111001110001110011101111110000111110001101100011100000100011110100111001110100011110010011000110001110001100011100001100000011100011001100100110011100111000100011011001100100011111100110001011000111000011001110000
10011100000110011100001001111110001111000110111000000111111001000001111000000000111100110000001110011001111000011111111110001110001100111000001111111000110000111101100000011001011001001110011110010001110000110011011000011111111110001100011100001100001100111100001111000011101101100000000011111001100001000000011110001110011001111110001100001100011101
11110000000100001100110000001110110000011110000100111111000110011110000100011100001100000000001110010001011000001111110011001100111000110011100000000000111111001110011000011100110111000100000011111001000010000111110001100100000011110000001110001111111100001001100000110001111001110000011110110001000110010011110000111100000111110011001001110110110011
00111000111100000001111000100111101100100100001110000011100110000001110000110110000111111000001110111000011111101100110111110011001110000110011101100011111000011110100011111000111100001111001111001001110001100111001011000110001110110110000111101111011100000001000011110011100000000001101001111000000011111111111000110000111111111110011000000001111100
11000001111000011100001001111001000011111101100110001110000000011001111111000111000001000000111100111100000110100001111100110000011110000011111110110001110000111111100001100100110010001111000000111111000000011111000010011001000110011111010001110011110000011000011001111111000011111110001000001111101100110001011000110001100000010011111011000001001111
00001111100011100101000110010011000111110000110001111100011111000111111000000011100011111011111000000110110011110011001110011101110001000110011100011100011001110000111111100011000000100110011000110000011100011000111000111110001111000111100111110110000110001110000000000000110011100011001100111110001000110001111000000111111100110000001101100011100000
11100011000111110001100111110000100010000000011100000110111100000011110001101100001111000111000010011111000110011001000111000011111110000110001111000011100011001110011001011100000001111100000111111111011000001000111100000011100100111110000011001111100111100010011100110011100110000011111001000100011110001100000001110000001101100111001110010001111001
11000011110111100001011111000011110001001100001100111001101000111000011111000110011011000000011000001101000011110011100000001111100011111100001001000000000111100011100111000001000011100110000110011111100111111000000111010000011000011110111100000001100011110010001100111001000111101000011111101111001000100011001110011111000100110111001111110001100100
01110001111000111110010011001000110100100000111110000011111100000011001111000001100011110011000010001110011100000000001111110011111010001111111110000011100111000011001110000111001000110001000011110111001100100011011011100000010011000011100000100111110111000111000111011100011111000011110100000110100111001110010000011100010000111000011111001110000011
01110000011000011111110001100111100110011000110010001110000111001110100011110010011110110011100011111110000011100000111001000011110001111100110000111011011001100000111011010011011000000111001111110000100111111001000111000110111011000011000001100111100110000011100111001111010011000011000111100110011100001110011111100010000100001101100111000111001100
01100011011001011001111000111110011001100011110011110000110011111001001111001000000111011001111000111000011110001111001100000111111110011000110001100001110001110001110000111001111000001110000111000011100000000111000001111100100110000001000011110001111000000110011110001100000001111001111000111110001111001100111100000000111111110000100000110011111000
00111011100001110000111111110001000011000011100000111000010011110000111100001100000011101100111101100111001001110011011100011111100001100001110000011101111101100101100001100100110011110001100011001100111100001000001111100011111001100011100000111100011100111001010011111001111111000111100001101111100011111100110011100111000001111100010110001111100000
10011000011000111001100001111111010000001100011100100100110100000011111100001110000011100011001110110011000111100011111000001111110011100100011100001101100001111000000110011110000111001111100010011111111111100110000111100100000111110011000111111000011101100011000001110111001101000001111001101001110011011000111000010010001001100110000011000011000011
11111111111001000011111110000011001110001100011100011101000001101101110001110001001111000111111000010011000000111100111000011100111110110110000111110110000000111010000110110011001100111001000111110001101110001100110000111101110010001101110000110000011100001001111111000011101110001100011000100001110000000011001111100110000011000011011100000000111011
00001110000001100111011100111000111110011010000011001100101111011001110001111011000110001110001110001100001100001111000011111001110000011000000110010001100011110011100000111000011111000001101111101100011111100011100110000100111110000001111100011100110001111100100111100111100100111100000111110001111110010000001100001011111000100110001011100011111001
11110001111111000100011000011011001110100011000111000011111100011000001011000111000001111110001010011000001110011001000100011000100111101001101100111011110110010000110001111100001110000001011011100110001111001101100001100011100110111001001100111111000011000011111110000000011101110010000111000011011100001000100111111000110001110111100000101100110000
00110000011011100010000011110001110001111100011111010001110011110000110001110011000011111110001111000100011100011000110001110001111000001111011111100010110000110010011110000000011001110011000111100100111100000011100110011000100011001100110001100010000011101110010001110001101100000000101100010011110100000110000001111111011001100100111111000000000000
11000010001101100011010001110001111010111100011000111001110001110010000111100000110011010010011111000111111000000100011111100110111000100011001001111000001010000111111001110001110111100000000110001111000111110011001111100011011111000011110000001111000000001101110001000011100001100110010000000000000000000000111111111111111111111111111111111110111111
00110110001100011110100011001111100110000011111110001000111100000110000111100001000111111000110000100111000111110001100000011110110001000101100111000011001000001111101100001110011001100100000011100111000011001000001100110111001100000011111000111000110011100011000010000111111000011111100110001011110010011110011110010011000110011000110011110001111001
01110011011111011110001110001100111000000011100100011100011000100111100000110011110010011001000110011110011100011000011111100000111110010000111101011110000011011100010100000001111000011000011011001100100000000111110001100110100110110000111000000011111111010000010011100110110011111110011000001111011001111110001001110000000011100111111100110001001110
00110000110111100001111100001110011000111001000011001011111001110000001111101001100011111110000000000000110001011100011101110011001001100111100010110001111100000111111001101101100001110001100011000000111110111001101000111100010011001110000111110110011110000011100110011010011000111000111111001110001100110011010001110011000011011111010000101101100100
11000011111100001111100001110111100110000001110001100000011111000111100011000111100010011100110001110011000000111000011100000111001100010011110001111001100100011101100001110010110110011110000001110110111000011001001111001111000110111000001110000111011000111000000110001100001110010001001001110000111110011111001100000111100111000000011110000110111001
01110000111110010011000000011001111100100001111100100110000111000111000001100001110001111001011001100011100111110000001111001100110011000000000001110011100010011111100110110100100011101110111000011001001100011100111001101101100000111110000011101110000011010011001111000110001111001100111100100011101000111100001000011100111011000011000110011011001101
01110011000011100111110001100100111110011001000100111000111111000011100111100001110000110001101001100011100000111000110011100001110000100111110001100011000001111001000011011110010000000001110011110000110011110000110001111111000100000011110011100100011111000111100111111000011000110001111110000001111001110011000111111011000011011000011100100011110011
01100011110001111001001100100110010001111100001101001111000111010000001001100000001111011100011110001111100011111100111100100001100110001110011101101100110011110011110000000110011000111100001100001111000110001110110110000011111000111101100000111101111001001000000111111000111000110011000011110011000111011100001001110011110000111000000000110010010000
10100110001111111100000010001000011111000110001100100110001100001111111100110011100001111111000011110010111000000011000010001111000000110000110110111000110010000111010001100111001111101100110001111000011101100111111000011100011100110001111110001100101100110000111011001100001100001001110000111111110001110000001111011101000001101110111100000111100111
10000001111100011000001001111001111100111000000111011100001110001100011100011101000111000111001100001110001110111000110011001100111011001000111000011011001011011110001100011000000111000110000011110011001001000001111101001111100000110001111100110011110011001100110001111001001110001100111101100010010000111100110000011000011001100110001110000100011001
01111000111111111110000100111001000100001111100110000111100000111101111000000111000100110010011110011011000001100000000001111100000011011000011001111001111100001111000011111001110000011001111100110001100000111111100111001100000001111011100001101100011100010011001110011000000111100010011100000001110011100001100111100001100110000100100111000000111110
00011000011100001001100001100000111110000001100100010111100011110001111011001100000011101100110010001000111100110110000111000110111110100110110011100111001110001110011011110110000001100001110011000110001100111100000110000011111100111100111000000111110000011100000001100000111100110001100011111100000011000110111100000011000011100110000010001110001100
01001000111100000000000111001100000101111100111111011110000111101101100000000111100111000110011000011110011011110000000000001111000110011000011000000011001101001011001100111110011000110001110011000011100011001110000011110011000011000110011101001100000100001110000111111000011100100110001100011110000010001110011000111101101111100110110000100011110000
11000001011000011111001100111000011110000100000011111001111110000110000010011110001110000011111100100111001100011111011000000111000100100011110011100000000110000110100011100001111100001111001101110100001100011011110011100110001110011001111110001100011011000111110011000001111100111011001100100111110001001100011101110000100011111111110000111001110011
00111111000001110000111100011100110011100011100000011110000111100010000111111101101000100000001111101100000111100010110011001000011100010001110000011111001001111000100010100011110000000000111001100001100010011100111000001100001111000110110001111101000001100110011100001100011000011101100100110111001001000001110111000011100111111000000110011011110000
00010001001111101110000011100011100100100000111100100001110000111000111000100011111000100000100111111001001111000110111000000111110001100000111100000001110111110011001000000011111110100000011001111001111000001111110001100011000001100011111000001110001100011101100100110001111100011111011000011111110100100111100100111001100000100011111111110000000011
11000000111110001100001100001100011000111111000011100111001100011100000011000001000000110000110000000000000000000010011100111111111111111110111001111111111111110111100111100111111111001111100111110000001111110000011001100110111110001101101110011000001110001110010001110001000111110011000110000100000011111001001111001111011100111101100111010000100000
11111100001100101000110000000000001111000110000001111101100000111110000001111100011000110111111000110001100001110110010011111100111110000110010100011001111100000011001100111100111110111000000011110011110000011000001111110110011000011001100010011101100111000000110111001100001100110000111111100001110011110011111000111000001100000000011001001111110110
00001100011111000011000110010011111010001100110000011000111000001100100111100110111011110010110001111111001111000100000010011000110001111111111010000111100110011100011110011111101000000011111100001111000000011111000101110000011011001101110011001111001001110011000110001111100110110001111111001111100111001100001100000100011001100011111101100111001100
01100010000011011100000001100110011110010001000000111001001111001001111001000111011101100010000110110111110000111110011001111000110011101111101001100000111011110000000110011100000001110001011110011001111000000011110001110001100011001101100001100111000110000111001100001111110000100111000111111010011110011000111011001110001100000000111100011111000011
00111100000001101110000011001110001111110000011100010100110001110110001100100010111100011000111111100000001110111111001000001111110000011001100000001110000011100110010010001111000011111000010110010001110011110001000011101110011001100111101100111000111101100111001100011100000011101100011001001101100100110100010111011000001111110011111000001111001100
10000111110011001000111111100100011100001001100111100110000011011111100111000110011111001110000001111000110011110111100001000111111000011100000001110011111110000000110111110110010010011110010001100111111010000011110001110001110000111101110010001110000111000110111100110000110111011000000111110001100000001110000110011100001110010011101100011110001110
00000110000011001111100001100111100111011100011100011001110001000100100111111011000011100110000011000010001110000111000011110011011001110000111100011000100001111000110000011001100011001100011000111111001000011100011111001100000111111000100110000110001000111111100010100001100011111110000000111100011000101101110000000111000011001110000110001110110110
10011000001011001100111111111100001110110000011100000110011000001111000000111010010011000111011000111000110001000111000110111100111001000001100111100001110000000110010000111100000011010110010001100111111110001100011101111110010000100001101111111100011000010011111000110001001101100000111000110001001000110111110001111110011011000110000011000011001101
00111111001110100110011100000010110010000011100001110011010011001111000011110001101001101100001111100011100000000011100011001110000111110011110001110001111011100111001001101000111010000000111000110011000111110000011100011000011110011011001110000111110001111100001100110001110001001110000001110001101011001101100110010001000111111001110100111000001100
01111001100011000001011111000011100110010001000110010011100001100111001110000111011110001111110011001101100001110011100011001100001111100000111110011110111111000000111110000111111001100011100111011001110011000011110110001100000111100011110011110011100001111000101101100011000011001100011100111100001110011100111100111100011110010011000111100111000001
11000110011100110000011101100001111100011011100011111100000110011111111001000111001110001110111000110001111001110001100011001111110000011101100000111100011110010001111101100000110011000100111100001001111110000000111001100110001111100010010001110011011000101101100111100001110011100000000001111000111000010000111001110001100011111110110001000111001110
11110000011100100011000110001111000100100010011110000100111000111110011000000111001111100000000000111111001110000010011110111000111100111000000111100011001110001000001101111001100011100010010011111100000001100111100011111100010111000011001100001111000111000111110011100111001100000011101111100110010011100011000010011101000111000001111000000110001110
01000011100011000110001100011101100011110001100000000011101111111100001110110011100000001110001111110000110000000111111000011000111001110000001111000111000111111011101111000110110001111001100000111001100011101001000111101100001111000000001101111001100110011100000111001110011100011000011100111100011100111001011111001000111000011110000110011000001100
10001111000001100111101100011110001110011001101110010001000110111100011000000111100011011100000111010001100011100111001110000110000111011110011001111001100011011110001001111110001100001100001111100001100111001111011100101111100111000111101000100001100011110000000110001101110001101111100001111100000000111110001001110110000011000111000010001111000111
01111011000001100000000111111000001111010001110000111100011000011110010011000011000001111100010001100000111001000001101100100100111001111101110001100001100111111011100000111010000000011001100000011110000000111100110001110000001000011101111100010011001111001100011000001000111111110000001110110000111100011001100110110110001110110000001100010011111000
11000111000000111100110000011111100001111000110000011111100011100001111111100111100001011101001100000010011111110000110111100111101100011111111100001111000100000111001110000111010110001111111000111101100010001110001111000111000011110011001111100100110110011010001111111000000011111111000111000001111000111110001100000110010000010011001111010011101100
01100011111110001100110011110000100110001111001110001001100000111110000110011100001111100000011101110011100001110000000110011111001100011111100011000000010001101000011100111100000111001100011011000111100011111111000111111110000011000111010011001110001111100011111100011110000011100011001100000111100000100110000111111101000001101110001111100111110000
01110110011111000001100000001001011111001110110011101100001110111111111100000111100011000100110000011000100111100000111000111000110000011110000011001100110001101111000111110100100110000111000110110000111100000110111111111000000110001000010011111001100011100100110011111001011110001110000110111100011110001100000111100011000111100000111100000111110000
10001011101110011111000000001110010010001000111110001111000011000110011100011111000110011100011110111000010010001111000000111000011001110000011111110000000111111101000001001111001000111001111110011001000111111111000110001001111000101110100111000111111110001001100011001100011100011111100000111111110001000011011110011110011000100011111111100110000111
10011011000110011111011001100111110000111100001111001111110000110001111110011110001111100100011110000111000011111001100110110011110011000101100111001100110011000110011111000100000000001100011001110001111100001100111101001110000000000110011111000000001110011101111000111000011111100100111001001001110111101000111111001000110000111111000011001001111010
11100010110001111111000111001100001111001100001111110010000110000111000110001000111110011100111110000000110011111100111100000110001111000001100111001111000110011011111001110001000111011110000100011111000001000011111000001111111100011001111001100000100111110011001111001100001100011111110000111100110111110001110001111000000111110011001100011111100001
11111000100110111100100011000001111000110111100011110010001110111000001110000110011110001110011000011000111100110000111100011011010001100111110000110001100011100001111100111100111000111001001000011100110010001110001111000100111001000111100000101111110111000000110111001110100010011011100000111000001110000001100001100011011111111000001100011111000011
00110001111100110011011000100010011110000010011111100011110000000011011100000000000111110001111000100111000011110001111001110010000000111101101001100001100111111000011100001001000111101100111100010011100011100001000111100001111111101111110000000011111000111000000011111101100000001100110001000001110001100001111100011100001111000000110111000000011110
01001100000111110001100111000110111011000111111001110011000111110000011100111101000000001110000000001111110010001100111100011001100000011111001100011000011000001111000100001111111000111000110011101000011110100011100110011011000000100011111000011100011111000011110011000011010000110111111001000111001101000011100101110110000110001111110010010000011001
00000111001100110111000001111110011100011101110000110001111111000001110010001111110110000011111101101100001111110011110000000111000011111000001111100001000011111000000100001111110000110111111100001001011110100110001111110000111100011110000110100111111000110001111000010100110011100100011100111000111000011111000100011100100111000001000111100011110111
11110011011100001111011000011110110000100111000011011100110001100000111000001100100111111100110000001101101111000110001110011100000010011110011110010011000000111111100101000011101100110000001100011100000010011100100001111100011011100011100011001100010011111001110100000011000111110000111100011110001110011100100100111000010110000001111110010001110110
00000111111000011001011110100110110100011111000011011100001111110011110000111001100000111011110000011110001100000111100010000110011101110011011110000111111111110000001110001110011000011100011100110001111111001111000100001111100011011001111100110001110000110011110000100011011001100001111100000111101001000011111100011100011110001000000001111111101100
10000011100000111110000001100001111000001110011111111000011110111010011001110001100001111110001000111100000011101101001011011000111001110011100001100100111110001100100111000110011100001100110000011011100000111100011110001100111100111100000000111001001111001100011101111100100000111111001100110011011100000111000011110000001110111110011000111000000011
00011100100000100111111011111000001110000111110000001001111001110011110000011011110000010011000011111111000100100011110000110000011111110001000111100111100001100001111100011100100000011111001111100110000110011001001111000111110011001100000001111100001110011100110001101000000111001110000000111000100111001000001111111000001100011111111110000000111011
00111100110000110011000000110011110000100011100111100000111111000110011001111000011110001111000011111100110000011001000011001011001111110000110011000000111000110011100111001110000011111100100011110001100100011111001000010001110000001111000010001100111110000110000001110011011100011000111000000110111011001111100111100010000000011100011111010001100111
10001101100000001111001100000011100001100111110010011000111100011001111001100110100100011110110001100011111111100010000110011100001100110000111111100001100111000000011111110100000000111011100010111000111100100110011111000000011011000000110001111111000110000111111000011011100001111111001111000110010011000111011000001110001111110000001100001111000001
11100101100101111000011101100011100011000000110110110110010000011000011011110010001001110000001110001111001100011111110000000110011011101100111000011001110000110010011100100011100001110110001000000011111000001111011100000000100111111000110001001111000110011100111000001110000011111000110000111001111100011001000100100111011101100011111100111100000001
11110011000000011001100011001111001111111000110000011111100000011111000011100000000011101110100000000111111000001111111001100101100010100111110000111011100011100110000001110010110000011100000111111000100011111111100001111000111000110001100110000111001110010001110000111111110011000011001101111000101100001100001110000011111000011001110011111110000110
00111111000000011100000110110011111001001110011110001111100010011000001111100010001100000111111100111000101111001100010000111110000000001100010011001111111000011011011001001111110011110000011001000111010001101110010000011111000011000100111000001111011001111000110000001111100011111100011100000000000111000111000111001000110001111000011100000011111110
01110110011110000010001111100001110000000110011001110011100001110011000111001111111000111111000100111000111001011100110001110001110111100111100011000011110001110011111000111000111000000111000000011100110000111111000011101001111101111100000011110001100011101100001100010011110001111111100011101110011000111111111011000011011100011110000011011100000110
00111100100011111001110110111011100001110000011111000001110000111110001110000011001100110001110000000011101111100000001110001110111000001100110000001111111111110000110011011000110011001100011100011100000011100000111101110011001100011111101110010000011100011110000001100001111110111100110110111000001000001111000011100000001111010000110000011000011100
01111110011000010110001110001100011000011111001111000111000000011110011001110011100111001111001100011000111001110000001110110010010011111001100011011111110000001111010100011000000001101100000111100111000100011110110011000111000001111000111010001111001110000000000111000111000110011110001100001011100011110011100100110111000111100000111000111100100110
00111011100011001000011110001000111111000111000001100011000010001111000000110001101100011011100011101000111000110001001001111000111000011001100000001110000111000000110111101100000011100011011100001000011101001111001100111010001000111100011100000011101001110001100001100111000000000100111000110100010100011111101100100001100000111110010011101001101001
00110111100001110000110011000110011100000011100111010001100111000011001110011111111000001110011100110011110011100110001110011000011100100110011111100011110000110011111000011111001011001100001110110011111000011110001100110111000100111001000011110100011100111000010011000011111100001111100110001111110011110110100111100100010000011111001111001110000000
10011111000111011000000000101110110001101100000100111011100001000111110011000001111001000111000100011100000110111110000111001100001110000111001100110001110000011001101000100111100011001100000111110110010001111001110001110100111010001111011001100010001111111000001000011101110000111000011100000101110000011100110000001111100000001110001100110111000000
11110001100110111100011110000111101100101011000011100011011100100011100011000001110110001100011111000001110000011111100101100111100000110111111100000100110011110000111110001100010111011100000000111100011111110000001100100111111001100000001101001110011100011100011000011000001111010011100001110001100110001111001010001110000011110000000111110000111011
11000110000111111000011100001101100110110001100111101100000011100001110000011001110001100111100010001110011110011111110000000001001110001110011000110011100011100001100000111110001101100110000110110100110001100011000001111100111100000010011111000111100001100110110001100000000000111110111000011111100110110011110000110001100011100100110110000100000111
10011100111000100001111011011000011001111011100000111101110001111000011111000111000011100110011100010000000111111100000001110000011111001101000000111000111000110001111000000001001000111111000011101101111110001100011000001111111100001110001110001111000011110011000000011100000011000011001101011100110011000111111000110010011110011001110000000011111000
00011110010000010001110111111100000111110000101111100000111111000011000011110110011111000011001110001110001110011100010111100011111110011100111111000001111111100011001100001101111100011011100001111011011111100011100100001111111100000111011111001110001101100110011100000011111000111111100010000011011011000000001100011100110000000110111001100000111100
11001111101000000000110001100011100011100000111111001100110001111000000011100011000111001110000111101001000111111110001110101100111001001110000110011111000000001110011110001110100100110110100000000100010011110011001000110110110010000011100111000001100111110110001111000000001111100000010110000111100111000011110111000001111110001000011000001100011000
01110011001100111000000011100011001110001000111110011101000010001111101000100110001100111100110000000000111011001100011110011000111000111111100111110001101110110111000110010010000110011001100011100000111111000001110011001000001101111100001110000110011100110011111000011111100111110111010011000001101100001110111001100100111000001000011000111001111110
11100011011110010011001001100110011001111100011111000111110000011110001001110000111001111100000111011000111001111000111111000001110111101111000011110011110000011110001100001000111111001100111000001100011000010011100011110000001110111111000011001001100100111110011111011111000000100111111100000011100110011000110111101110000011110111110000011001101000
11000000111100001111001111000110001111101100011100011110001111000111111000001110000011000001011111111000010011100100111000011101100000001110000001111001111000111111100001100000011111100100000111110000110000011001101100001100001111100011100110111000001111010001111001011100011000110000011111100111000000001111001110011100011000011110111111000000111000
11000000111111101110110001011110011111001001001110000000011111110001111100011111100000110000111000001110001111110010000111100010111000111000100001100111110111000011010110001111001110111111000111010001111110001110100110000100011000011100111110011110011001110111100000011110011001100111000111011100011110010011101110000110001111011100111000111001111111
11110001100110001111100011011000101101100010011011110011111000000001110011111000100011100110010001100111100110011100110001100111000110010111100011001100000111100110011100001100100001110111000111100011011011100111000000110010111110010000011111000001100111001111000000110011110000110111000000011001111100011000100111111100111000111100111111000011101100
11011000011101100011011011000001100110011110000111001110001001110001001101111001110001110011000011100011001111110000010111000000010011110011101110001000110110001111111000100110001110001001110011110011100010110000011111001110001111001001110011100000011110000011010000011111000011100000111111000111000001111000001110001100111100011111111000110011010011
00011101100000011111100010001110011111100110010000111110000011011011101101001111000001100001110111000011110001000010111110000011101110000111111110000001100110011100000000111100111100100100001100110000011010001110000001110000000111101100100111110000011111000011101100111110000110111000001111001100010011110000000111010011011000110000110011000111111011
11000110011000111111000000111000011111011000110001110110000000111110110011000001111110001111110000110011100011000011011100001111101000001101110000011110110011100110110001110010001001111110000000000001111001100000001100001110001100001110010000111000111110011011100100011111100001001101100000000111001100100100011000011111100000110010010111110000001110
11100011100011100001111100000001111110011110000111100000111000001100111110010001110001001111001001000110000110100011100000111000010000111011001111001110011000111100011101100100001111100011100000011111100000111110000001110000110000111111100110110011011000100010011110011100000111110001111101000101100110011111100011101100011100000100011000111000111100
11000001001001000011111100011001100000110110000111000000111001111100100011000011111000011000111011000111110000111000011111100110010010000100111101110011111000000110111001110001100011111000111100110001100110001100000011111000001001111000100111110011100001111000001111100011111000100011111000000100111110001111100000001110001111000000100011110011000000
10000011111111001100110011011001111110011110001100011100110000110011111111100011100001111111111000000111001100011000110110110011111100001000000111111100000111011001111100010000001101110011100110000001000011111100001000110111001101100110000011110000001100111001110001110000110100110010010001110011000111100001010000111000011100001001100111100000000011
11110001110000100110001110000011111111000000011111100000011000111000111000001110111001110001000100110001110001111100010110000111101100001100011111000111000111000111110000110011011000111110001110000000011111001100111110001111010011110000111100011111100011110011000111000111011000011110000011111000011100011110000111110011100000011101100011000111111000
01000110000011000111100110001100111100011100000111100010110000101111000001111110001100111100000110110010011000001111111000100001011111100100010001110111110011000000111100011000110010000001111101000100001111000110000011000011111100001100100110100001111100110001000001110110001100001110011100001111110001111001000111100010001101111100010010011100111100
01100011001011111100111100000011111011100011000011001110000110111100000110011110001110000011100110000111100000100011110000111110000011100001111001000000111000110110100110000010010001110011100011111000110000011011001111000011000011111000111001100000111001000011001111111011001110011111110001110011110100100110000110000111100011100011001100001111001110
01111001100001110011000011110111000001100110011111000111000011100111111001100011001111000110000000110011100001100111000000110001110011100111000001101100110001110011111000001000001100100010110011011110000000011000101100010011000000111110000011001111001110010011100001111101100011011001011110001110001110011100001101110001110000000110000111100000110000
00111100110000110001001110010001110011111000111110000111001111111100011001110000111100000110000001111000011001001111101100110000011110000111000011111000111100011100100010011001100000110011111100011111001111011111110000001000101100111111000011001101101101111101111110010010110001100000111011110001110001100001100111011110011100011100110011010000001100
11101111000001101101111000111000011100011100001000011111111000111100111111000010111111011000001001100110001100110001100001100011001100000110110011000010011111100000011000000000000000000000000110110011111111111111111101111111111111111001110111111111011111000001110000001110001111111000000110000111000100011110011001111000001111100001001110001111100011
11111001100000111000000111000111110000001110110110000111110000011101111000001110000011000010011000100001111001000011000011001110011000111100110000111110011000010000011111100100011100000000111100010000011110000110010000111110001111000011100000111110001111110011011100000110000111001000011111100110000110111100111100111000111000001100011100000110100001
10110000110001110011000110011011001001001100001111100000111011100011110001100011100001111101100001111011000111110001100111001000011000001111000011001001111100001101100000001101111001000110011100001100011110000000111000110110001111110001111100000000110001110100000110111111100011011000001110110100111111100000001111100011101100000011110111110001011100
11110110000111101000011100000111001100110000011000011011001000011101111100000000001110111100110001100010001100011001000111100000011100000100101110000111111110001110000001110011111000011100001110001111000101100110001110011101110000000111110010001101111000000001111100011100100011111000011111111111001011000111000111111011100000011000011111001100001110
00111111111001100110110011111101100000011110000011100111001111100001111000110001100001111100011110000001110011111001110001110000011110110000011001101110000110001001101111110000111000011101100110000011110110001111000010001111000011000000000111000111000001110110111001111100001001010011110010011000001111100000110011110010010110001110011001111110011111
00110001111110000011101100100111110011110001110000101100010011100001110110001110100011111000111100011011001110001111111000100011111100100001100010011001001100001111000110111110000111110000001111001100000111111101110011110000011100001111110000110011101110001110011111000000111010011111011001001001100110000100111001111110000010011110001100111100110000
