?;?;?;?;?;?;?;4;4;4;4;4;4;4;4;4;4;4;4;4;4;4;4;4;2;9;8;7;3;3;3;3;3;3;3;3;3;3;3;3;3;3;3;3;3;3;3;0;6;5;
?;?;?;?;?;?;?;8;7;3;0;6;5;1;2;9;8;7;3;3;0;6;5;1;4;4;2;9;8;7;3;0;6;5;1;4;4;2;9;8;7;3;0;6;5;1;4;4;4;4;
?;?;?;?;?;?;?;8;0;6;5;1;4;4;2;9;8;7;3;3;3;3;3;3;3;3;3;3;3;3;0;6;5;1;4;4;4;4;2;9;8;7;3;3;0;6;5;1;2;9;
?;?;?;?;?;?;?;1;4;4;2;9;8;7;3;3;3;3;0;6;5;1;4;4;4;4;4;4;4;2;9;8;7;3;3;3;3;3;3;3;3;3;3;3;3;0;6;5;2;9;
?;?;?;?;?;?;?;5;1;4;4;2;9;8;7;3;3;3;3;3;3;3;3;0;6;5;1;4;4;4;4;4;4;4;4;4;4;4;4;4;2;9;8;7;3;3;3;3;3;3;
?;?;?;?;?;?;?;5;1;2;9;8;7;3;0;6;5;1;4;4;4;2;9;8;7;3;3;3;3;3;3;3;3;3;3;3;3;3;3;3;3;0;6;5;1;4;4;4;4;2;
?;?;?;?;?;?;?;8;7;3;3;3;3;3;3;0;6;5;1;4;4;4;4;2;9;8;7;3;3;3;3;3;3;0;6;5;1;4;4;4;4;4;4;4;4;4;4;4;4;4;
?;?;?;?;?;?;?;7;3;3;3;0;6;5;1;4;4;4;4;4;4;4;4;4;4;4;2;9;8;7;3;3;3;3;3;3;3;3;3;3;3;3;0;6;5;1;4;4;4;4;
?;?;?;?;?;?;?;6;5;1;4;4;4;4;4;4;4;4;4;4;4;4;4;4;2;9;8;7;3;3;3;3;3;3;3;3;3;3;0;6;5;1;4;4;2;9;8;7;3;0;
?;?;?;?;?;?;?;5;1;4;2;9;8;7;3;0;6;5;1;4;2;9;8;7;3;0;6;5;1;4;4;2;9;8;7;0;6;5;1;4;4;2;9;8;7;3;3;3;0;6;
?;?;?;?;?;?;?;8;7;3;0;6;5;1;4;2;9;8;7;3;0;6;5;1;4;2;9;8;7;3;3;3;3;3;3;3;3;0;6;5;1;4;4;4;4;4;2;9;8;7;
?;?;?;?;?;?;?;8;7;3;3;0;6;5;1;2;9;8;7;3;0;6;5;1;4;4;4;4;4;4;4;4;4;4;4;4;4;4;2;9;8;7;3;3;3;3;3;3;3;3;
?;?;?;?;?;?;?;8;7;3;0;6;5;1;2;9;8;7;3;3;0;6;5;1;4;4;2;9;8;7;3;3;3;0;6;5;1;4;4;4;4;4;4;4;4;2;9;8;7;3;
?;?;?;?;?;?;?;3;3;3;3;3;3;3;3;3;3;0;6;5;1;4;4;4;4;4;4;4;4;4;2;9;8;7;3;3;3;3;3;3;3;3;3;0;6;5;1;4;4;4;
?;?;?;?;?;?;?;8;7;3;0;6;5;1;4;2;9;8;7;3;0;6;5;1;4;2;9;8;7;0;6;5;1;4;4;2;9;8;7;3;3;3;0;6;5;1;4;4;4;4;
?;?;?;?;?;?;?;8;7;3;3;3;3;3;3;3;0;6;5;1;4;4;4;4;2;9;8;7;3;0;6;5;1;4;4;4;4;4;4;4;4;4;4;2;9;8;7;3;3;3;
?;?;?;?;?;?;?;5;1;4;2;9;8;7;3;3;3;0;6;5;1;4;4;4;4;4;4;2;9;8;7;3;3;3;3;3;3;3;0;6;5;1;4;4;4;4;4;4;4;4;
?;?;?;?;?;?;?;7;3;3;3;0;6;5;1;4;4;4;4;2;9;8;7;3;3;0;6;5;1;4;4;4;4;2;9;8;7;3;3;3;3;0;6;5;1;4;4;4;2;9;
?;?;?;?;?;?;?;7;3;3;3;0;6;5;2;9;8;7;0;6;5;1;4;4;4;4;4;4;4;4;4;4;4;4;4;4;4;4;2;9;8;7;3;3;3;3;3;3;3;3;
?;?;?;?;?;?;?;1;4;4;2;9;8;7;3;0;6;5;1;4;2;9;8;7;3;3;3;0;6;5;1;4;4;4;4;4;4;4;2;9;8;7;3;3;3;0;6;5;1;4;
?;?;?;?;?;?;?;8;7;0;6;5;1;4;4;2;9;8;7;3;3;3;3;3;3;3;3;3;3;3;3;3;3;3;3;3;3;3;3;0;6;5;1;4;4;4;4;4;4;4;
?;?;?;?;?;?;?;8;7;3;0;6;5;1;4;2;9;8;7;3;3;0;6;5;1;4;4;4;2;9;8;7;3;3;3;3;3;3;3;3;0;6;5;1;4;4;2;9;8;7;
?;?;?;?;?;?;?;8;7;3;3;3;3;3;3;3;3;3;3;0;6;5;1;4;4;4;4;4;4;4;4;4;4;4;4;4;4;2;9;8;7;3;3;3;3;3;3;3;3;3;
?;?;?;?;?;?;?;8;7;3;3;0;2;9;8;7;3;3;3;3;3;0;6;5;1;4;4;4;4;4;4;4;4;4;4;2;9;8;0;6;5;1;4;4;4;4;4;4;2;9;
?;?;?;?;?;?;?;6;5;2;9;8;7;3;3;3;0;6;5;1;4;4;4;4;2;9;8;7;0;6;5;1;4;4;4;4;4;4;4;4;4;4;2;9;8;7;3;3;3;3;
?;?;?;?;?;?;?;8;7;0;6;5;1;4;2;9;8;7;3;3;3;3;3;3;3;3;3;3;3;3;3;0;6;5;1;4;4;4;4;4;4;4;4;4;4;4;4;4;4;4;
?;?;?;?;?;?;?;5;1;2;9;8;7;3;3;3;0;6;5;1;4;2;9;8;0;6;5;1;4;4;4;4;4;4;4;4;4;4;4;4;2;9;8;7;3;0;6;5;1;4;
?;?;?;?;?;?;?;1;4;4;2;9;8;7;0;6;5;1;4;2;9;8;7;3;3;3;3;3;3;3;3;3;3;3;0;6;5;1;4;4;4;4;2;9;8;7;3;0;6;5;
?;?;?;?;?;?;?;8;7;0;6;5;1;4;4;4;2;9;8;7;3;0;6;5;2;9;8;7;3;3;3;3;3;0;6;5;1;4;4;4;4;4;4;4;4;4;4;4;4;4;
?;?;?;?;?;?;?;8;7;3;0;6;5;1;4;4;4;2;0;6;5;1;4;4;4;4;2;9;8;7;3;3;3;3;3;3;3;3;3;3;3;3;3;0;6;5;1;4;4;4;
?;?;?;?;?;?;?;4;4;4;4;4;4;4;4;4;4;4;4;4;4;4;4;2;9;8;7;3;3;3;3;3;3;3;3;3;3;3;0;6;5;1;4;4;2;9;8;7;3;3;
?;?;?;?;?;?;?;5;1;4;2;9;8;7;3;0;6;5;1;4;4;2;9;8;7;3;3;3;3;3;3;3;3;3;0;6;5;1;4;4;4;2;9;8;7;3;3;3;3;3;
?;?;?;?;?;?;?;3;0;6;2;9;8;7;3;3;3;3;3;3;3;3;0;6;5;1;4;4;4;4;4;4;4;4;4;4;4;4;4;4;4;4;4;4;4;4;4;4;4;4;
?;?;?;?;?;?;?;7;3;3;3;3;0;6;5;1;4;4;4;4;2;9;8;7;3;3;3;3;3;0;6;5;1;4;4;4;4;4;4;4;4;4;4;4;4;4;4;4;4;4;
?;?;?;?;?;?;?;7;3;3;0;6;5;1;2;9;8;7;3;3;3;3;3;3;3;3;3;3;3;0;6;5;1;4;4;4;4;4;4;4;4;2;9;8;7;3;3;3;3;3;
?;?;?;?;?;?;?;8;7;3;3;3;3;0;6;5;1;4;4;4;4;4;4;4;2;9;8;7;3;3;3;3;3;3;0;6;5;1;4;4;4;4;4;2;9;8;7;3;3;3;
?;?;?;?;?;?;?;8;7;3;3;3;0;6;5;1;4;4;4;4;4;4;4;2;9;8;7;3;3;3;3;3;3;3;3;3;3;3;3;3;3;0;6;5;1;4;4;4;4;2;
?;?;?;?;?;?;?;5;1;4;2;9;8;7;3;3;3;3;3;3;3;3;3;3;3;0;6;5;1;4;4;4;4;4;4;4;4;4;4;4;4;2;9;8;7;3;3;3;3;3;
?;?;?;?;?;?;?;7;3;3;3;0;6;5;1;4;4;4;4;2;9;8;7;3;3;3;0;6;5;1;4;4;4;4;4;2;9;8;7;3;3;0;6;5;1;4;4;4;4;4;
?;?;?;?;?;?;?;1;4;2;9;8;7;3;3;3;0;6;5;1;4;4;2;9;8;7;3;3;3;3;3;3;0;6;5;1;4;4;4;4;4;4;2;9;8;7;3;0;6;5;
?;?;?;?;?;?;?;1;4;4;4;2;9;8;7;0;6;5;1;4;2;9;8;7;3;3;0;6;5;1;4;4;2;9;8;7;3;3;3;3;3;3;3;3;3;0;6;5;1;4;
?;?;?;?;?;?;?;0;2;9;8;7;3;3;0;6;5;1;4;4;4;4;4;4;4;4;4;4;4;4;4;2;9;8;7;3;3;3;3;3;3;3;3;0;6;5;2;9;8;7;
?;?;?;?;?;?;?;1;4;4;2;9;8;7;3;3;3;3;3;3;3;3;0;6;5;1;4;4;4;4;4;4;4;2;9;8;0;6;5;1;4;2;9;8;7;3;0;6;5;1;
?;?;?;?;?;?;?;7;3;0;6;5;1;4;2;9;8;7;3;3;3;3;3;3;3;3;3;3;0;6;5;1;4;4;4;4;4;2;9;8;7;3;3;3;3;3;0;6;5;1;
?;?;?;?;?;?;?;8;7;3;3;0;6;5;1;2;9;8;7;3;0;6;5;1;4;4;4;4;4;4;4;4;4;2;9;8;7;3;3;3;3;3;3;0;6;5;1;4;4;4;
?;?;?;?;?;?;?;8;7;3;0;6;5;1;4;2;9;8;7;3;0;6;5;1;4;4;2;9;8;0;6;5;1;4;4;2;9;8;7;3;3;3;0;6;5;1;2;9;8;7;
?;?;?;?;?;?;?;8;7;3;0;6;5;1;4;2;9;8;7;3;3;3;3;3;3;3;3;3;0;6;5;1;4;4;2;9;8;7;3;3;3;3;0;6;5;1;4;4;4;4;
?;?;?;?;?;?;?;7;3;3;0;6;5;1;2;9;8;7;3;3;3;3;0;6;5;1;4;4;4;4;4;4;4;4;4;4;4;4;4;4;4;4;4;2;9;8;7;3;3;3;
?;?;?;?;?;?;?;3;3;3;3;0;6;5;1;4;4;4;4;4;2;9;8;0;6;5;1;4;4;4;4;4;4;4;2;9;8;7;3;0;6;5;1;4;4;4;4;4;4;4;
?;?;?;?;?;?;?;4;4;4;2;9;8;7;3;3;3;3;3;3;0;6;5;1;4;4;4;4;4;4;4;2;9;8;7;3;3;3;3;3;3;3;3;3;3;3;0;6;5;1;
?;?;?;?;?;?;?;4;4;4;4;4;4;4;4;4;4;4;4;4;4;2;9;8;7;3;3;3;3;3;3;0;6;2;9;8;7;3;3;3;3;3;3;3;3;3;3;3;3;3;
?;?;?;?;?;?;?;5;2;9;8;7;3;3;3;3;3;0;6;5;1;4;4;4;4;4;4;4;4;4;4;4;4;4;4;4;4;4;4;2;9;8;7;3;3;3;3;3;3;3;
?;?;?;?;?;?;?;1;4;4;4;2;9;8;7;3;0;6;5;1;2;9;8;7;3;3;3;3;3;3;3;3;3;3;3;3;3;0;6;5;1;4;4;4;4;4;4;4;4;4;
?;?;?;?;?;?;?;8;7;0;6;5;1;4;4;4;2;9;8;7;0;6;2;9;8;7;3;3;3;3;3;3;0;6;5;1;4;4;4;4;2;9;8;7;3;3;3;3;3;0;
?;?;?;?;?;?;?;8;7;0;6;5;1;4;4;4;2;9;8;7;0;6;5;1;2;9;8;7;3;3;3;3;0;6;5;1;4;4;4;4;4;2;9;8;7;3;3;3;3;0;
?;?;?;?;?;?;?;7;3;3;0;6;5;1;4;2;9;8;7;0;6;5;1;4;2;9;8;7;3;0;6;5;1;4;4;4;4;4;4;4;4;4;4;4;2;9;8;7;3;3;
?;?;?;?;?;?;?;8;7;0;6;5;1;4;2;9;8;7;3;3;3;0;6;5;1;4;4;2;9;8;7;3;3;3;3;3;3;3;3;0;6;5;1;4;4;4;4;4;4;4;
?;?;?;?;?;?;?;5;1;4;2;9;8;7;3;0;6;5;1;4;2;9;8;7;3;3;0;6;5;1;2;9;8;7;3;0;6;5;1;4;4;4;4;4;4;4;4;4;4;4;
?;?;?;?;?;?;?;5;1;4;2;9;8;7;3;0;6;5;1;4;4;2;9;8;7;3;0;6;5;1;4;2;9;8;7;3;3;3;3;3;3;3;3;3;3;3;0;6;5;2;
?;?;?;?;?;?;?;8;7;0;6;5;1;4;2;9;8;7;3;3;0;6;5;1;4;2;9;8;7;3;3;3;3;3;3;0;6;2;9;8;0;6;5;1;4;4;4;4;4;2;
?;?;?;?;?;?;?;8;7;3;0;6;5;1;4;2;9;8;7;3;3;3;3;3;3;3;3;3;3;3;0;6;5;1;4;4;4;4;4;4;4;4;4;4;4;4;2;9;8;7;
?;?;?;?;?;?;?;5;1;4;2;9;8;7;3;0;6;5;1;4;4;2;9;8;7;3;3;3;3;3;0;6;5;1;4;4;4;4;4;2;9;8;7;3;3;0;6;5;1;4;
?;?;?;?;?;?;?;9;0;6;5;1;4;4;4;4;2;9;8;7;3;3;3;3;3;3;3;3;3;3;3;3;3;3;3;3;3;3;3;0;6;5;1;4;4;4;4;4;4;4;
?;?;?;?;?;?;?;7;3;3;0;6;5;1;4;4;4;4;4;4;4;4;4;4;4;4;2;9;8;7;3;3;3;3;3;3;3;3;3;3;3;3;0;6;5;1;4;4;4;4;
?;?;?;?;?;?;?;4;2;9;8;7;3;3;3;3;3;3;3;3;3;3;3;0;6;5;1;4;4;4;4;4;4;4;4;2;9;8;7;3;3;3;0;6;5;1;4;4;4;4;
?;?;?;?;?;?;?;2;9;8;7;3;3;3;3;3;0;6;5;1;4;4;2;9;8;7;3;3;3;3;0;6;5;1;4;4;4;4;4;4;4;4;4;4;4;4;4;4;4;4;
?;?;?;?;?;?;?;4;4;4;4;4;4;4;4;4;4;4;4;4;4;4;4;4;4;4;4;4;4;4;4;4;4;4;4;4;4;4;4;4;4;4;4;4;4;4;4;4;4;4;
?;?;?;?;?;?;?;5;1;4;2;9;8;7;3;3;0;6;5;1;2;9;8;7;3;3;3;3;0;6;5;1;4;4;4;4;4;4;4;4;4;4;4;4;2;9;8;7;3;3;
?;?;?;?;?;?;?;7;3;3;0;6;5;1;4;2;9;8;7;3;0;6;5;1;4;4;2;9;8;7;0;6;5;1;4;4;4;4;4;4;4;4;4;4;4;4;4;4;4;4;
?;?;?;?;?;?;?;8;7;3;0;6;5;1;4;2;9;8;7;3;3;3;0;6;5;1;4;4;4;4;4;4;4;4;4;4;4;4;4;4;4;4;4;4;4;4;4;4;2;9;
?;?;?;?;?;?;?;7;0;6;5;1;4;4;4;4;4;4;4;4;4;4;4;4;4;2;9;8;7;3;3;3;3;3;3;3;3;3;3;3;3;0;6;5;1;4;4;2;9;8;
?;?;?;?;?;?;?;3;3;3;3;3;3;3;0;6;5;1;4;4;4;4;4;4;2;9;8;7;3;3;0;6;5;1;4;2;9;8;7;3;3;3;3;3;3;3;3;3;3;3;
?;?;?;?;?;?;?;8;7;3;3;3;3;3;3;3;0;6;5;1;4;4;4;4;4;4;4;4;4;4;4;4;4;4;2;9;8;7;3;3;3;3;3;3;3;3;3;3;3;3;
?;?;?;?;?;?;?;7;3;3;0;6;5;1;4;2;9;8;7;3;0;6;5;1;4;4;2;9;8;7;0;6;5;1;2;9;8;7;3;3;3;0;6;5;1;4;2;9;8;7;
?;?;?;?;?;?;?;5;1;2;9;8;7;3;0;6;5;1;4;4;4;4;4;2;9;8;7;3;3;3;3;3;3;3;3;0;6;5;1;4;4;4;4;2;9;8;7;0;6;5;
?;?;?;?;?;?;?;8;0;6;5;1;4;4;4;2;9;8;7;3;3;3;3;3;3;3;0;6;5;1;4;4;2;9;8;7;3;3;3;3;0;6;5;1;4;4;4;4;4;4;
?;?;?;?;?;?;?;1;4;4;2;9;8;7;3;3;3;3;0;6;5;2;9;8;0;6;5;1;4;4;4;4;4;4;4;4;4;2;9;8;7;3;3;3;3;3;3;3;0;6;
?;?;?;?;?;?;?;3;0;6;5;1;4;4;4;4;4;4;4;4;2;9;8;7;3;3;0;6;5;1;4;2;9;8;7;3;3;3;3;3;3;3;3;3;3;3;3;3;3;3;
?;?;?;?;?;?;?;8;7;3;3;0;6;5;1;4;4;4;4;4;4;4;4;4;4;2;9;8;7;3;3;0;6;5;2;9;8;7;3;3;3;3;3;3;0;6;2;9;8;7;
?;?;?;?;?;?;?;5;1;4;4;4;2;9;8;7;0;6;5;1;4;4;4;4;2;9;8;7;3;3;3;3;0;6;5;1;4;4;4;2;9;8;7;3;3;3;3;0;6;5;
?;?;?;?;?;?;?;2;9;8;7;3;3;3;0;6;5;1;4;4;4;4;4;4;4;4;4;4;4;4;2;9;8;7;3;3;3;3;3;3;3;3;3;3;3;3;3;3;3;3;
?;?;?;?;?;?;?;8;0;6;5;1;4;4;2;9;8;7;3;3;3;3;0;6;5;1;4;2;9;8;0;6;5;1;4;4;4;4;2;9;8;7;3;3;3;3;0;6;5;1;
?;?;?;?;?;?;?;5;1;4;2;9;8;7;0;6;5;1;4;2;9;8;7;3;0;6;5;1;4;4;2;9;8;7;3;3;3;3;3;3;3;3;3;3;3;0;6;5;1;4;
?;?;?;?;?;?;?;4;4;4;4;4;2;9;8;7;3;3;3;0;6;5;2;9;8;7;3;3;3;3;3;0;6;5;1;4;4;4;4;4;4;4;4;4;4;2;9;8;7;3;
?;?;?;?;?;?;?;8;7;3;0;6;5;1;4;2;9;0;6;5;1;4;4;4;4;2;9;8;0;6;5;1;4;2;9;8;7;3;3;3;3;3;0;6;5;1;4;4;4;2;
?;?;?;?;?;?;?;3;3;3;3;3;0;6;5;1;4;4;4;4;2;9;8;7;3;3;3;3;0;6;5;1;4;4;4;4;4;4;2;9;8;7;3;3;3;0;6;5;1;4;
?;?;?;?;?;?;?;1;4;4;4;2;9;8;7;3;3;0;6;5;1;4;4;2;9;8;7;3;3;3;3;3;3;3;3;3;3;3;3;3;3;3;3;3;3;3;3;3;3;3;
?;?;?;?;?;?;?;4;4;2;9;8;7;3;3;0;6;5;2;9;8;7;3;3;3;3;3;0;6;5;1;4;4;2;9;8;7;3;3;0;6;5;1;4;4;4;4;4;4;4;
?;?;?;?;?;?;?;5;1;4;2;9;8;7;3;0;6;5;1;4;4;4;4;4;4;4;2;9;8;7;3;3;3;3;3;0;6;5;1;4;4;4;4;2;9;8;7;3;0;6;
?;?;?;?;?;?;?;5;1;4;2;9;8;7;3;3;3;3;3;3;3;0;6;5;1;4;4;4;4;4;4;4;2;9;8;7;0;6;5;1;4;4;4;4;4;4;2;9;8;7;
?;?;?;?;?;?;?;0;2;9;8;7;3;3;3;3;0;6;5;1;4;4;4;4;4;4;4;4;4;4;4;4;4;4;4;4;4;4;4;2;9;8;7;3;3;3;3;0;6;2;
?;?;?;?;?;?;?;3;3;0;6;5;1;4;4;4;4;4;4;4;4;4;4;4;4;4;4;4;4;4;4;4;4;2;9;8;7;3;3;3;3;3;3;3;3;3;3;3;3;3;
?;?;?;?;?;?;?;6;5;1;4;4;4;4;4;4;4;4;4;4;4;4;4;4;4;4;4;4;2;9;8;7;3;3;3;3;3;0;6;5;1;4;4;4;2;9;8;7;3;3;
?;?;?;?;?;?;?;5;1;4;4;4;4;4;2;9;8;7;3;3;3;3;3;3;0;6;5;1;4;4;4;4;2;9;8;0;6;5;1;4;4;4;4;2;9;8;7;3;3;3;
?;?;?;?;?;?;?;8;7;0;6;5;1;4;4;2;9;8;7;3;3;3;3;3;3;3;3;3;3;3;3;0;6;5;1;4;4;4;4;4;4;4;4;4;4;4;4;4;2;9;
?;?;?;?;?;?;?;4;4;4;4;4;2;9;8;7;3;3;3;0;6;5;1;4;4;4;4;4;4;4;4;4;4;4;4;4;2;9;8;7;3;3;3;3;3;3;3;3;3;3;
?;?;?;?;?;?;?;7;3;0;6;5;1;4;4;4;2;9;8;7;3;0;6;5;1;4;2;9;8;7;3;3;3;3;0;6;5;1;4;4;2;9;8;7;3;3;0;6;5;1;
?;?;?;?;?;?;?;3;3;3;3;3;3;3;0;6;5;1;4;4;4;4;4;4;4;4;4;4;4;4;4;4;4;4;4;4;4;4;4;4;4;4;2;9;8;7;3;3;3;3;
?;?;?;?;?;?;?;8;7;3;0;6;5;1;4;2;9;8;7;3;3;0;6;5;1;4;4;4;4;4;4;4;4;4;2;9;8;7;3;3;3;0;6;5;1;4;4;4;4;4;
?;?;?;?;?;?;?;4;4;4;4;4;4;4;4;4;4;2;9;8;7;3;3;0;6;5;1;4;4;4;4;2;9;8;7;3;3;3;3;3;3;3;3;3;3;3;3;3;3;3;
?;?;?;?;?;?;?;8;7;3;0;6;5;1;4;2;9;8;7;3;3;0;2;9;8;7;3;3;3;0;6;5;1;4;4;4;4;4;4;2;9;8;7;3;3;3;3;3;3;0;
?;?;?;?;?;?;?;5;1;2;9;8;7;3;3;0;6;5;1;4;4;2;9;8;0;6;5;1;4;4;4;4;4;2;9;8;7;3;3;3;3;0;6;5;2;9;8;7;3;3;
?;?;?;?;?;?;?;5;1;4;4;4;4;4;4;4;4;4;4;2;9;8;7;3;3;3;0;6;5;1;4;4;4;4;2;9;8;7;3;3;3;3;3;3;3;3;0;6;5;1;
?;?;?;?;?;?;?;1;4;2;9;8;7;3;3;3;3;0;6;2;9;8;7;3;3;0;6;5;1;4;4;4;4;4;4;4;4;4;4;4;4;4;2;9;8;7;3;3;3;3;
?;?;?;?;?;?;?;8;7;3;3;0;6;5;1;4;4;4;4;4;4;4;4;4;4;2;9;8;7;3;3;3;3;3;3;3;3;3;3;3;3;3;3;3;3;3;3;0;6;5;
?;?;?;?;?;?;?;4;4;2;9;8;7;3;3;3;0;6;5;1;4;4;4;2;9;8;7;3;3;3;3;3;3;3;3;3;3;3;3;3;0;6;5;1;4;4;4;4;4;4;
?;?;?;?;?;?;?;7;3;3;3;0;2;9;8;7;3;3;3;3;3;0;6;5;1;4;4;4;4;4;4;4;4;4;4;4;4;4;4;4;4;4;4;4;4;4;2;9;8;7;
?;?;?;?;?;?;?;5;1;2;9;8;7;3;3;3;0;6;5;1;4;4;4;4;4;4;4;4;4;4;2;9;8;7;3;3;0;6;5;1;4;4;4;4;4;4;2;9;8;7;
?;?;?;?;?;?;?;8;7;3;3;3;0;6;5;1;4;4;2;9;8;7;3;3;3;3;3;0;6;5;1;4;4;4;4;4;4;4;4;4;4;2;9;8;7;3;3;3;3;3;
?;?;?;?;?;?;?;6;5;1;4;4;4;4;4;4;4;4;2;9;8;7;3;3;3;3;3;0;6;5;1;4;4;4;4;4;4;2;9;8;7;0;6;5;1;2;9;8;7;3;
?;?;?;?;?;?;?;8;7;3;0;6;5;1;4;2;9;8;7;3;3;3;0;6;5;1;2;9;8;0;6;5;1;4;4;2;9;8;7;3;3;3;3;3;3;3;3;3;0;6;
?;?;?;?;?;?;?;5;1;4;2;9;8;0;6;5;1;4;4;2;9;8;7;3;3;3;3;3;0;6;2;9;8;7;3;0;6;5;1;4;4;4;4;4;4;4;4;2;9;8;
?;?;?;?;?;?;?;5;1;4;4;2;9;8;7;3;3;3;3;3;3;3;3;3;3;3;0;6;5;1;4;4;4;4;4;4;4;4;4;4;4;2;9;8;7;3;3;3;3;3;
?;?;?;?;?;?;?;8;7;3;0;6;5;1;4;4;4;4;4;4;4;4;2;9;8;7;3;3;3;3;3;3;3;0;6;5;1;4;4;4;4;4;4;4;4;4;4;4;4;4;
?;?;?;?;?;?;?;8;7;3;0;6;5;1;4;4;2;9;8;7;3;0;6;5;1;2;9;8;7;3;3;3;3;3;3;3;0;6;5;1;4;4;4;2;9;8;7;3;3;3;
?;?;?;?;?;?;?;5;1;4;4;2;0;6;5;1;4;4;4;4;2;9;8;7;3;3;3;0;6;5;1;4;4;4;4;4;4;2;9;8;7;3;3;3;3;3;3;0;6;5;
?;?;?;?;?;?;?;5;1;4;4;2;9;8;7;3;0;6;5;1;4;4;4;4;4;4;4;4;4;4;4;4;2;9;8;7;3;3;3;3;3;3;3;3;3;3;3;0;6;5;
?;?;?;?;?;?;?;8;7;3;3;3;3;3;3;3;3;0;6;5;1;4;4;4;4;2;9;8;7;3;3;3;3;0;6;5;1;4;4;4;4;4;4;4;4;2;9;8;7;3;
?;?;?;?;?;?;?;8;7;3;0;6;5;1;4;4;2;9;8;7;3;3;3;3;3;3;3;3;3;3;3;3;3;3;0;6;5;1;4;4;4;4;4;4;4;4;4;4;4;4;
?;?;?;?;?;?;?;4;4;4;4;4;4;2;9;8;7;3;3;3;3;3;3;3;3;3;3;3;3;3;3;3;3;3;3;3;3;0;6;5;1;4;4;4;4;4;4;4;4;4;
?;?;?;?;?;?;?;7;3;3;3;0;6;2;9;8;7;3;3;0;6;5;1;4;4;4;4;4;4;2;9;8;7;0;6;5;1;4;4;2;9;8;7;3;3;3;3;3;3;3;
?;?;?;?;?;?;?;7;3;0;6;5;1;4;2;9;8;7;3;3;3;3;0;6;5;2;9;8;7;3;3;3;0;6;5;1;4;4;4;4;4;4;4;4;4;4;4;4;4;4;
?;?;?;?;?;?;?;8;7;0;6;5;1;4;4;4;2;9;0;6;5;1;4;4;4;4;4;2;9;8;7;3;3;3;3;3;3;3;3;3;3;3;3;3;0;6;5;1;4;4;
?;?;?;?;?;?;?;5;1;2;9;8;7;3;0;6;5;1;4;4;4;4;4;4;4;4;4;2;9;8;7;3;3;3;3;3;0;6;5;1;4;4;2;9;0;6;5;1;4;4;
?;?;?;?;?;?;?;9;8;7;3;3;3;3;3;0;6;5;1;4;2;9;8;7;3;3;3;3;3;3;0;6;5;1;4;4;2;0;6;5;1;4;4;4;4;4;4;4;4;4;
?;?;?;?;?;?;?;5;1;4;4;4;4;2;9;8;7;3;3;3;3;3;3;3;3;3;3;3;3;3;3;3;3;3;0;6;5;1;4;4;4;4;4;2;9;8;7;3;3;3;
?;?;?;?;?;?;?;8;7;3;0;6;5;1;2;9;8;7;3;3;3;0;6;5;1;4;4;4;4;4;4;4;4;4;4;4;4;4;4;2;9;8;7;3;3;3;3;3;3;0;
?;?;?;?;?;?;?;5;1;4;4;2;9;8;0;6;5;1;4;4;2;9;8;7;0;6;5;1;4;4;4;2;9;8;7;3;3;3;3;3;0;6;5;1;4;4;4;4;4;4;
?;?;?;?;?;?;?;8;7;3;0;6;5;1;4;2;9;8;7;3;3;0;6;5;1;4;2;9;8;0;6;5;1;2;9;8;7;3;3;3;3;3;3;0;6;5;1;4;4;4;
?;?;?;?;?;?;?;7;3;3;3;3;3;3;3;0;6;5;1;4;4;4;4;2;9;8;7;3;3;3;0;6;5;1;4;4;4;4;2;9;8;7;3;3;0;6;5;1;4;4;
?;?;?;?;?;?;?;3;3;3;3;3;0;6;5;1;4;4;4;4;4;4;4;4;4;4;4;4;4;4;2;9;8;7;3;3;3;3;3;3;3;3;3;3;3;3;3;3;3;3;
?;?;?;?;?;?;?;5;1;2;9;8;7;3;3;3;3;0;6;5;1;2;9;8;7;3;0;6;5;1;4;4;4;4;4;4;2;9;8;7;3;3;3;3;0;6;5;1;2;9;
?;?;?;?;?;?;?;8;7;3;3;0;6;2;9;8;7;3;3;3;3;3;3;3;3;3;3;3;3;3;0;6;5;1;4;4;4;4;4;4;4;2;9;8;7;3;3;3;3;3;
?;?;?;?;?;?;?;9;8;7;3;3;0;6;2;9;8;7;3;3;3;3;3;3;3;0;6;5;1;4;2;9;8;7;3;0;6;5;1;4;4;4;4;4;4;2;9;8;7;0;
?;?;?;?;?;?;?;1;4;4;4;4;4;4;4;4;4;4;4;4;4;4;4;4;4;4;2;9;8;7;3;3;3;3;3;3;3;3;3;3;3;3;3;3;3;0;6;5;1;4;
?;?;?;?;?;?;?;7;3;0;6;5;1;4;4;4;4;2;9;8;7;3;0;6;5;1;4;4;4;4;4;4;4;4;2;9;8;7;3;3;3;3;3;3;3;3;3;3;3;3;
?;?;?;?;?;?;?;1;4;4;2;9;8;7;3;3;3;0;6;5;1;2;9;0;6;5;1;4;4;4;4;4;2;9;8;7;3;3;3;3;3;3;3;3;3;3;3;0;6;5;
?;?;?;?;?;?;?;6;5;2;9;8;7;3;0;6;5;1;4;2;9;8;7;3;0;6;5;1;4;4;4;4;4;2;9;8;7;3;3;3;3;3;0;6;5;1;4;4;2;9;
?;?;?;?;?;?;?;5;2;9;8;7;3;3;0;6;5;2;9;8;7;3;3;3;3;0;6;5;1;2;9;8;7;3;0;6;5;1;4;4;4;4;4;4;4;4;4;4;4;2;
?;?;?;?;?;?;?;8;7;3;0;6;5;1;4;2;9;8;7;3;3;3;3;3;3;3;3;0;6;5;1;4;4;4;4;2;9;8;7;3;3;0;6;5;1;4;4;4;4;4;
?;?;?;?;?;?;?;8;7;3;0;6;5;1;2;9;8;7;3;3;3;0;6;5;1;4;4;2;9;8;7;3;0;2;9;8;7;3;3;3;3;3;3;3;0;6;2;9;8;7;
?;?;?;?;?;?;?;7;3;3;0;6;5;1;4;2;9;8;7;3;0;6;5;1;4;4;4;4;4;4;4;4;4;4;4;2;9;8;7;3;3;3;0;6;5;1;4;4;4;4;
?;?;?;?;?;?;?;8;7;3;0;6;5;2;9;8;7;3;3;3;0;6;5;1;4;4;2;9;8;7;0;6;5;1;4;4;4;4;2;9;8;7;3;3;3;3;3;3;3;3;
?;?;?;?;?;?;?;8;7;3;3;3;3;3;3;3;3;0;6;5;1;4;4;4;4;2;9;8;7;3;3;3;0;6;5;1;4;4;2;9;8;7;3;3;3;3;3;3;3;3;
?;?;?;?;?;?;?;8;7;3;0;6;5;1;4;2;9;8;7;0;6;5;1;4;4;2;9;8;7;3;3;3;3;3;0;6;5;1;4;4;4;4;4;4;4;4;4;4;4;4;
?;?;?;?;?;?;?;8;7;0;6;5;1;4;4;2;9;8;7;3;0;6;5;1;4;2;9;8;7;3;3;3;3;3;3;3;3;3;3;3;0;6;5;1;4;4;2;9;8;7;
?;?;?;?;?;?;?;8;7;3;0;6;5;1;4;2;9;8;7;3;0;6;5;1;4;4;2;9;8;7;0;6;5;1;2;9;0;6;5;1;4;4;4;4;4;4;2;9;8;7;
?;?;?;?;?;?;?;4;2;9;8;7;3;3;3;3;3;3;3;0;6;5;1;4;4;2;9;8;7;3;3;3;3;0;6;2;9;8;7;3;3;3;3;3;3;3;0;6;5;1;
?;?;?;?;?;?;?;4;4;4;4;4;4;4;4;4;4;4;4;4;4;4;4;4;4;4;4;4;4;4;4;4;4;4;4;4;4;4;4;4;4;4;4;4;4;4;4;4;4;4;
?;?;?;?;?;?;?;5;1;4;4;4;2;9;8;7;3;3;3;3;3;3;3;3;3;3;0;6;5;1;4;4;4;4;4;4;4;2;9;8;7;3;3;0;6;5;1;4;4;4;
?;?;?;?;?;?;?;8;7;3;0;6;5;1;4;2;9;8;7;0;6;5;1;4;4;4;2;9;8;7;3;3;0;6;5;1;4;4;4;2;9;8;7;3;3;3;3;3;3;3;
?;?;?;?;?;?;?;7;3;3;3;3;3;0;6;5;1;4;4;4;4;4;4;4;4;4;4;4;2;9;0;6;5;1;4;4;4;4;4;2;9;8;7;3;3;3;3;3;0;6;
?;?;?;?;?;?;?;6;2;9;8;7;3;0;6;5;1;4;4;4;4;2;9;8;7;3;3;0;6;5;1;4;4;2;9;8;7;3;3;3;3;3;3;3;3;3;3;3;3;3;
?;?;?;?;?;?;?;5;1;2;9;8;7;3;3;3;0;6;5;1;4;4;4;4;4;4;4;4;4;2;9;8;7;3;3;3;0;6;5;1;4;4;4;4;4;4;4;4;4;4;
?;?;?;?;?;?;?;5;1;4;2;9;8;7;0;6;5;1;4;4;4;4;4;2;9;8;7;3;3;3;0;6;5;1;4;4;2;9;8;7;3;3;3;3;3;0;6;5;1;4;
?;?;?;?;?;?;?;8;0;6;5;1;4;4;2;9;8;7;3;3;3;3;3;3;3;3;3;3;3;3;3;3;3;0;6;5;1;4;4;4;4;4;4;2;9;8;7;3;3;3;
?;?;?;?;?;?;?;8;7;3;3;3;3;3;3;3;3;3;3;3;0;6;5;1;4;4;4;4;4;4;4;4;4;4;4;4;2;9;8;0;6;5;1;4;4;4;4;4;2;9;
?;?;?;?;?;?;?;5;1;4;2;9;8;7;3;3;3;3;3;3;3;3;3;3;3;0;6;5;1;4;4;4;4;4;4;4;4;4;4;4;4;4;2;9;8;7;0;6;5;1;
?;?;?;?;?;?;?;8;7;3;0;6;5;1;2;9;8;7;3;3;0;6;5;1;2;9;8;7;3;3;0;6;5;1;4;4;4;4;4;4;4;2;9;8;7;3;3;3;3;3;
?;?;?;?;?;?;?;5;1;4;4;4;4;4;4;4;4;4;4;4;4;4;4;4;4;4;4;2;9;8;7;3;3;3;3;0;6;5;1;2;9;8;7;3;3;3;3;3;3;3;
?;?;?;?;?;?;?;8;7;3;0;6;2;9;8;7;3;3;3;3;3;0;6;5;2;9;8;7;3;0;6;5;1;4;4;4;4;4;2;9;8;7;0;6;5;1;4;4;4;4;
?;?;?;?;?;?;?;5;1;4;2;9;8;7;3;0;6;5;1;4;2;9;8;7;3;3;3;3;3;3;3;3;3;0;6;5;1;4;4;4;4;4;2;9;8;7;3;3;3;3;
?;?;?;?;?;?;?;8;7;0;6;5;1;4;4;4;2;9;8;7;3;3;3;3;3;3;3;0;6;5;1;4;4;4;4;4;2;9;8;7;3;3;3;3;3;3;3;3;0;6;
?;?;?;?;?;?;?;3;3;3;3;3;3;3;3;0;6;5;2;9;8;7;3;3;3;3;3;0;6;5;1;4;4;4;4;4;4;4;4;4;4;4;4;4;4;2;9;8;7;3;
?;?;?;?;?;?;?;8;7;0;6;5;1;4;4;2;9;8;7;3;3;3;3;3;3;3;3;3;3;3;0;6;5;1;4;2;9;8;7;3;3;0;6;5;1;4;4;4;4;4;
?;?;?;?;?;?;?;7;3;0;6;5;1;4;4;2;9;8;7;3;0;6;5;1;4;4;4;4;4;4;2;9;8;7;3;3;3;3;3;3;3;0;6;5;1;4;4;2;9;8;
?;?;?;?;?;?;?;8;7;3;0;6;5;1;4;4;4;4;2;9;8;7;3;3;3;3;3;0;6;5;1;4;4;4;2;9;8;7;3;3;3;3;3;3;3;3;3;3;3;3;
?;?;?;?;?;?;?;8;7;0;6;5;1;4;2;9;8;7;3;3;3;3;0;6;2;9;8;7;0;6;5;1;4;4;4;4;4;2;9;8;7;3;3;3;3;3;3;3;3;3;
?;?;?;?;?;?;?;8;7;3;3;3;3;3;3;3;0;6;5;1;4;4;4;2;9;8;7;0;6;5;1;4;4;4;4;4;4;4;2;9;8;7;3;3;3;3;3;0;2;9;
?;?;?;?;?;?;?;5;1;4;4;2;9;0;6;5;1;4;4;4;2;9;8;7;3;3;3;0;6;5;1;2;9;8;0;6;5;1;4;2;9;8;7;3;3;3;3;3;3;3;
?;?;?;?;?;?;?;8;7;3;3;0;6;5;2;9;8;7;3;3;0;6;5;1;4;4;4;4;4;4;4;4;4;4;4;4;4;4;4;4;4;4;2;9;8;7;3;3;3;3;
?;?;?;?;?;?;?;0;6;5;1;4;4;4;2;9;8;7;3;3;3;3;3;3;3;3;3;3;3;3;3;3;0;6;5;1;4;4;4;4;4;4;4;2;9;8;7;3;0;6;
?;?;?;?;?;?;?;8;7;3;0;6;5;1;2;9;8;7;3;3;0;6;5;1;4;4;4;4;4;4;4;4;4;4;4;2;9;8;7;3;3;3;3;3;3;3;3;3;3;3;
?;?;?;?;?;?;?;1;4;4;4;2;9;8;0;6;5;2;9;8;7;3;3;3;3;3;3;3;3;3;3;3;3;3;3;3;3;3;3;3;3;3;3;3;3;0;6;5;1;4;
?;?;?;?;?;?;?;5;1;4;2;9;8;7;0;6;5;1;4;4;2;9;8;7;3;3;3;3;3;0;6;5;1;4;4;4;4;4;4;4;2;9;8;7;3;3;3;3;0;6;
?;?;?;?;?;?;?;8;7;0;6;5;1;4;4;2;9;8;7;3;0;6;5;1;4;2;9;8;7;3;3;0;6;5;1;4;4;4;4;4;4;4;4;4;4;4;4;4;4;4;
?;?;?;?;?;?;?;5;1;2;9;8;7;3;3;0;6;5;1;2;9;8;7;3;3;3;0;6;5;1;4;4;4;4;4;4;4;4;4;4;2;9;8;7;0;6;5;1;4;4;
?;?;?;?;?;?;?;8;7;3;0;6;5;1;4;2;9;8;7;0;6;5;1;4;4;2;9;8;7;3;3;0;6;5;1;2;9;8;7;3;3;3;3;3;3;3;0;6;5;1;
?;?;?;?;?;?;?;8;7;3;3;0;6;5;1;2;9;8;7;3;3;0;6;5;1;4;4;2;9;8;7;3;3;3;3;0;6;5;1;4;4;4;4;4;4;4;2;9;8;7;
?;?;?;?;?;?;?;5;1;4;4;2;9;8;7;3;3;3;0;6;5;1;4;4;4;2;9;8;7;3;3;0;6;5;1;4;4;4;2;9;8;7;3;3;3;3;0;6;5;1;
?;?;?;?;?;?;?;8;7;3;0;6;5;1;4;4;4;2;9;8;7;3;3;3;3;3;3;3;3;3;3;3;3;0;6;5;1;4;4;4;4;4;4;4;4;4;4;2;9;8;
?;?;?;?;?;?;?;8;7;3;3;3;0;2;9;8;7;3;3;3;0;6;5;1;4;4;2;9;8;0;6;5;1;4;4;4;4;4;4;4;2;9;8;7;3;3;3;3;3;3;
?;?;?;?;?;?;?;8;7;0;6;5;1;4;2;9;8;7;3;3;0;6;5;1;4;4;2;9;8;7;3;3;3;3;3;3;3;3;3;3;3;3;3;3;3;3;3;3;3;3;
?;?;?;?;?;?;?;8;7;3;0;6;5;1;4;4;2;9;8;7;3;3;3;3;3;3;0;6;2;9;8;7;3;3;3;3;3;0;6;5;1;4;4;4;4;4;4;4;2;9;
?;?;?;?;?;?;?;7;3;3;0;6;5;1;2;9;8;7;3;3;0;6;5;1;4;4;4;4;2;9;8;7;3;3;3;0;2;9;8;7;3;3;3;0;6;5;1;4;4;2;
?;?;?;?;?;?;?;7;3;3;3;0;6;5;1;2;9;8;7;3;0;6;5;1;4;4;4;4;4;4;4;4;4;4;4;4;4;4;4;4;4;2;9;8;7;3;3;3;3;3;
?;?;?;?;?;?;?;8;0;6;5;1;4;4;4;4;2;9;8;7;3;3;3;3;3;3;3;3;3;3;3;0;6;5;1;4;4;4;4;4;4;4;4;4;4;2;9;8;7;3;
?;?;?;?;?;?;?;1;4;4;2;9;8;7;3;0;6;5;1;4;2;9;8;7;3;3;3;3;3;3;3;3;0;6;5;1;4;4;4;4;4;4;2;9;8;7;3;3;3;3;
?;?;?;?;?;?;?;6;5;1;4;4;4;4;4;4;4;4;4;4;4;4;4;2;9;8;7;3;3;3;3;3;3;3;3;3;3;0;6;5;1;4;4;4;4;4;4;4;4;4;
?;?;?;?;?;?;?;4;4;4;4;4;4;4;2;9;8;7;3;3;3;3;0;6;5;1;4;4;2;9;8;7;3;3;3;3;3;3;3;3;0;6;5;1;4;4;4;4;2;9;
?;?;?;?;?;?;?;8;7;3;0;6;5;1;4;2;9;8;7;3;3;3;3;0;6;5;1;4;4;4;2;9;8;7;3;3;0;6;5;1;4;4;4;2;9;8;7;3;3;3;
?;?;?;?;?;?;?;1;4;4;4;2;9;8;7;3;3;3;3;3;3;3;3;3;3;0;6;5;1;4;4;4;2;9;8;7;3;3;3;3;3;3;3;3;0;6;5;1;4;4;
?;?;?;?;?;?;?;1;4;4;4;4;4;4;4;4;4;4;4;4;4;2;9;8;7;3;3;3;3;3;3;3;3;3;3;3;3;3;3;3;3;3;3;3;3;3;3;3;3;3;
?;?;?;?;?;?;?;5;1;2;9;8;0;6;5;1;4;4;4;2;9;8;7;3;3;3;3;3;0;6;5;1;4;4;4;4;4;2;9;8;7;3;3;3;3;0;6;5;2;9;
?;?;?;?;?;?;?;5;1;4;2;9;8;7;3;3;0;6;5;1;2;9;8;7;3;3;3;3;3;3;3;3;0;6;5;1;4;4;4;4;2;9;8;7;3;3;3;0;6;5;
?;?;?;?;?;?;?;5;1;4;4;4;4;4;4;4;4;4;4;4;2;9;8;7;0;6;5;1;4;4;2;9;8;7;3;3;3;3;3;3;3;3;3;3;3;3;3;3;3;3;
?;?;?;?;?;?;?;5;1;4;2;9;8;7;3;3;0;6;5;1;2;9;8;0;6;5;1;4;4;2;9;8;7;3;3;3;3;3;0;6;5;1;4;4;4;4;4;2;9;8;
?;?;?;?;?;?;?;9;8;7;3;3;3;3;3;3;3;3;3;3;0;6;5;1;2;9;8;7;3;3;3;3;3;3;0;6;5;1;4;4;4;4;4;4;4;4;2;9;8;7;
?;?;?;?;?;?;?;8;0;6;5;1;4;4;2;9;8;7;3;3;0;6;5;1;4;4;4;4;4;4;4;4;4;4;2;9;8;7;3;3;3;3;3;3;3;3;3;0;6;5;
?;?;?;?;?;?;?;0;6;5;1;4;4;4;2;9;8;0;6;5;1;4;4;4;4;2;9;8;7;3;3;3;3;3;3;3;3;3;3;3;0;6;5;1;4;4;4;4;4;4;