?;?;?;?;?;?;?;?;?;?;?;?;?;2;41;60;60;60;60;60;3;35;34;0;13;71;70;14;14;47;44;42;40;39;38;36;54;2;3;35;34;0;13;71;70;14;14;47;44;42;
?;?;?;?;?;?;?;?;?;?;?;?;?;42;51;16;49;14;14;14;14;14;47;44;42;40;39;38;36;54;2;41;60;60;60;60;60;60;60;60;60;60;60;60;60;60;60;60;60;3;
?;?;?;?;?;?;?;?;?;?;?;?;?;42;40;37;30;89;84;5;56;55;80;64;52;37;30;69;0;13;12;11;51;16;49;14;14;14;14;14;47;44;42;40;39;38;36;32;9;29;
?;?;?;?;?;?;?;?;?;?;?;?;?;40;37;30;69;0;13;71;47;44;42;40;39;38;36;54;3;35;34;0;13;71;70;14;14;47;44;42;40;39;38;36;54;2;41;60;60;60;
?;?;?;?;?;?;?;?;?;?;?;?;?;44;42;40;39;38;36;54;2;41;60;60;60;60;3;35;34;0;13;71;70;59;53;42;40;39;38;36;54;3;35;34;0;13;12;11;10;7;
?;?;?;?;?;?;?;?;?;?;?;?;?;40;39;38;36;54;2;41;60;60;60;3;35;34;0;13;71;70;59;53;42;40;39;38;36;54;2;41;60;60;60;60;60;3;35;34;0;13;
?;?;?;?;?;?;?;?;?;?;?;?;?;7;4;37;30;69;0;13;71;70;14;14;14;14;14;14;14;14;14;47;44;42;40;39;38;36;54;2;41;60;60;60;60;60;3;35;34;0;
?;?;?;?;?;?;?;?;?;?;?;?;?;42;40;39;38;75;74;8;63;13;71;70;59;53;42;40;39;38;36;54;2;41;60;60;60;60;60;60;60;60;60;60;60;60;60;60;60;60;
?;?;?;?;?;?;?;?;?;?;?;?;?;60;60;60;60;60;60;60;60;60;60;60;60;60;60;60;60;60;60;60;60;60;60;60;60;60;60;60;60;60;60;60;60;60;60;60;60;60;
?;?;?;?;?;?;?;?;?;?;?;?;?;7;4;37;30;69;0;13;12;11;10;7;4;38;75;74;8;63;13;12;11;10;51;16;49;14;14;14;14;47;44;42;40;39;38;75;74;8;
?;?;?;?;?;?;?;?;?;?;?;?;?;39;38;36;54;3;35;34;33;31;27;51;16;49;14;14;14;14;14;14;14;14;14;14;14;14;14;14;14;14;14;14;47;44;42;40;39;38;
?;?;?;?;?;?;?;?;?;?;?;?;?;42;51;16;49;14;14;47;44;42;40;39;38;75;90;1;67;62;61;83;78;77;41;37;30;69;0;13;71;70;59;53;42;40;39;37;30;69;
?;?;?;?;?;?;?;?;?;?;?;?;?;0;47;44;42;40;39;38;75;74;8;63;13;12;11;10;7;4;38;75;74;8;63;13;71;70;14;14;14;14;14;47;44;42;40;39;38;36;
?;?;?;?;?;?;?;?;?;?;?;?;?;7;4;38;75;74;8;63;13;71;70;14;14;14;14;14;14;14;47;44;42;40;39;38;36;54;2;41;60;60;60;60;3;35;34;0;13;71;
?;?;?;?;?;?;?;?;?;?;?;?;?;0;47;44;42;40;39;38;36;54;2;41;60;60;60;60;60;60;60;60;3;35;34;0;13;71;70;14;14;14;14;14;14;14;14;14;14;14;
?;?;?;?;?;?;?;?;?;?;?;?;?;2;3;35;34;0;13;71;70;59;53;42;40;39;38;36;54;3;35;34;0;13;71;70;14;47;44;42;40;39;37;30;69;0;13;71;70;14;
?;?;?;?;?;?;?;?;?;?;?;?;?;76;54;2;41;60;60;60;60;60;3;35;34;0;13;71;70;14;47;44;42;40;39;38;36;54;2;41;60;60;3;35;34;0;13;71;70;14;
?;?;?;?;?;?;?;?;?;?;?;?;?;42;40;39;38;36;54;2;41;60;60;60;3;35;34;0;13;71;70;14;14;14;47;44;42;40;39;38;36;54;2;41;60;60;60;60;60;3;
?;?;?;?;?;?;?;?;?;?;?;?;?;43;76;54;2;41;37;30;69;0;13;71;70;14;14;14;14;14;14;47;44;42;40;39;38;36;54;2;41;60;3;35;34;0;13;71;70;59;
?;?;?;?;?;?;?;?;?;?;?;?;?;0;47;44;42;40;39;38;36;54;2;41;60;60;60;60;3;35;34;0;13;71;70;14;14;14;14;14;14;14;14;14;14;14;14;47;44;42;
?;?;?;?;?;?;?;?;?;?;?;?;?;40;39;38;36;54;2;41;60;3;35;34;0;13;71;70;59;53;42;40;39;38;36;54;3;35;34;0;13;71;70;14;14;14;14;14;14;14;
?;?;?;?;?;?;?;?;?;?;?;?;?;40;39;38;75;74;8;63;13;71;70;14;14;14;14;14;14;14;47;44;42;40;39;38;36;54;2;41;37;30;69;0;13;71;70;14;47;44;
?;?;?;?;?;?;?;?;?;?;?;?;?;46;43;37;30;69;0;13;71;70;14;14;47;44;42;40;39;37;30;69;0;13;71;70;14;14;47;44;42;40;39;38;36;54;3;35;34;0;
?;?;?;?;?;?;?;?;?;?;?;?;?;3;35;34;0;13;71;70;14;14;14;14;14;14;14;14;14;14;47;44;42;40;39;38;36;54;2;41;60;60;60;60;60;60;60;60;60;60;
?;?;?;?;?;?;?;?;?;?;?;?;?;40;39;38;36;54;2;41;60;60;60;60;60;60;3;35;34;0;13;71;70;14;14;14;14;14;14;14;14;14;14;14;14;14;14;14;14;47;
?;?;?;?;?;?;?;?;?;?;?;?;?;70;14;47;44;42;40;39;38;36;54;2;41;37;30;69;0;13;71;70;14;14;14;14;14;14;14;14;14;14;47;44;42;51;16;49;14;14;
?;?;?;?;?;?;?;?;?;?;?;?;?;14;14;47;44;42;40;39;38;36;54;2;41;60;60;60;3;35;34;0;47;44;42;40;39;38;36;54;3;35;34;0;13;71;70;59;53;42;
?;?;?;?;?;?;?;?;?;?;?;?;?;0;47;44;42;40;39;38;36;32;9;29;0;13;71;47;44;42;40;37;30;69;0;47;44;42;40;39;38;36;32;9;29;0;13;71;70;14;
?;?;?;?;?;?;?;?;?;?;?;?;?;2;3;35;34;0;47;44;42;40;39;38;36;54;2;3;35;34;0;13;71;70;14;14;14;47;44;42;51;16;49;14;14;14;14;14;14;14;
?;?;?;?;?;?;?;?;?;?;?;?;?;60;60;60;60;60;60;60;60;60;60;60;60;60;60;60;60;60;60;60;60;60;60;60;60;60;60;60;60;60;60;60;60;60;60;60;60;60;
?;?;?;?;?;?;?;?;?;?;?;?;?;0;13;12;11;10;7;4;38;36;32;9;29;0;13;71;70;14;14;14;14;14;47;44;42;40;39;38;36;32;9;89;84;5;56;55;80;64;
?;?;?;?;?;?;?;?;?;?;?;?;?;7;4;37;30;69;0;13;71;70;59;53;42;51;16;49;14;14;14;14;47;44;42;40;39;38;36;54;2;3;35;34;0;13;71;70;14;14;
?;?;?;?;?;?;?;?;?;?;?;?;?;0;13;71;70;14;14;14;14;14;14;14;14;14;47;44;42;40;39;38;36;54;2;41;60;60;60;60;60;60;60;60;3;35;34;0;13;71;
?;?;?;?;?;?;?;?;?;?;?;?;?;7;4;38;75;74;8;63;13;12;11;51;16;49;14;14;14;14;14;14;47;44;42;40;37;30;69;0;13;71;70;59;53;42;40;39;38;36;
?;?;?;?;?;?;?;?;?;?;?;?;?;63;13;71;70;14;14;14;14;47;44;42;40;39;38;36;54;2;41;37;30;69;0;13;71;70;14;14;14;47;44;42;40;39;38;36;54;3;
?;?;?;?;?;?;?;?;?;?;?;?;?;63;13;12;11;51;16;49;14;14;14;14;47;44;42;40;39;38;75;74;8;63;13;71;70;14;14;14;14;47;44;42;40;39;38;36;54;2;
?;?;?;?;?;?;?;?;?;?;?;?;?;7;4;37;30;69;0;13;71;47;44;42;40;39;37;30;69;0;13;71;70;59;53;42;40;39;38;36;54;2;41;60;60;60;60;60;60;60;
?;?;?;?;?;?;?;?;?;?;?;?;?;14;14;14;14;14;14;14;47;44;42;40;39;38;36;54;2;3;35;34;0;13;12;11;10;7;4;38;36;54;2;41;60;3;35;34;0;13;
?;?;?;?;?;?;?;?;?;?;?;?;?;0;13;71;47;44;42;40;39;38;36;32;9;29;0;13;71;70;14;14;14;14;47;44;42;40;39;38;36;54;2;41;60;60;3;35;34;0;
?;?;?;?;?;?;?;?;?;?;?;?;?;7;4;37;30;69;0;13;71;47;44;42;40;39;38;36;32;9;29;28;25;27;26;93;92;79;73;72;71;70;59;53;51;16;49;14;14;14;
?;?;?;?;?;?;?;?;?;?;?;?;?;13;71;47;44;42;40;39;38;36;32;9;29;0;13;12;11;51;16;49;14;14;14;14;14;14;14;14;14;14;14;14;47;44;42;40;39;38;
?;?;?;?;?;?;?;?;?;?;?;?;?;6;87;68;58;46;43;76;54;3;35;34;0;13;71;70;14;14;14;47;44;42;40;39;38;36;54;2;41;37;30;69;0;13;71;70;14;14;
?;?;?;?;?;?;?;?;?;?;?;?;?;2;41;60;60;60;3;35;34;0;13;71;70;14;14;14;14;14;14;47;44;42;40;39;38;75;74;8;63;13;71;70;14;14;14;14;14;14;
?;?;?;?;?;?;?;?;?;?;?;?;?;7;4;37;30;69;0;13;71;47;44;42;40;39;37;30;69;0;13;71;70;14;47;44;42;40;39;38;36;54;2;41;60;60;60;60;60;60;
?;?;?;?;?;?;?;?;?;?;?;?;?;14;14;14;47;44;42;40;39;38;36;54;2;41;60;60;60;60;60;60;60;60;60;60;3;35;34;0;13;71;70;14;14;47;44;42;40;39;
?;?;?;?;?;?;?;?;?;?;?;?;?;0;13;71;70;14;14;14;14;14;14;14;14;14;14;14;47;44;42;40;39;38;36;54;2;41;60;60;60;60;60;60;60;3;35;34;0;13;
?;?;?;?;?;?;?;?;?;?;?;?;?;36;54;2;3;35;34;0;13;71;70;14;14;14;14;14;14;47;44;42;40;39;38;36;54;2;41;60;60;60;60;60;60;60;60;3;35;34;
?;?;?;?;?;?;?;?;?;?;?;?;?;40;39;38;36;54;2;41;60;60;3;35;34;0;13;71;70;59;53;42;40;39;38;75;74;8;63;13;71;70;14;14;14;14;14;14;14;47;
?;?;?;?;?;?;?;?;?;?;?;?;?;0;47;44;42;40;39;38;36;54;3;90;1;67;62;61;83;78;77;37;30;69;0;13;71;70;14;14;14;14;14;14;14;14;47;44;42;40;
?;?;?;?;?;?;?;?;?;?;?;?;?;42;40;39;38;36;54;2;41;60;60;3;35;34;0;47;44;42;40;39;38;36;32;9;29;0;13;71;70;14;14;14;47;44;42;40;39;38;
?;?;?;?;?;?;?;?;?;?;?;?;?;60;60;3;35;34;0;13;71;70;14;14;14;14;14;14;47;44;42;51;16;49;14;14;14;14;14;47;44;42;40;39;37;30;69;0;13;71;
?;?;?;?;?;?;?;?;?;?;?;?;?;60;60;60;60;3;35;34;0;13;71;70;14;14;14;14;14;14;14;47;44;42;40;39;38;36;54;2;41;60;60;60;60;60;60;60;60;60;
?;?;?;?;?;?;?;?;?;?;?;?;?;39;38;75;74;8;63;13;71;47;44;42;40;39;38;36;54;2;41;60;60;60;3;35;34;0;13;71;70;14;14;14;14;14;14;14;14;14;
?;?;?;?;?;?;?;?;?;?;?;?;?;44;42;40;39;38;36;54;2;41;60;60;3;35;34;0;13;71;70;14;14;14;47;44;42;40;39;38;36;54;2;3;35;34;0;13;71;47;
?;?;?;?;?;?;?;?;?;?;?;?;?;7;4;37;30;69;0;47;44;42;40;39;38;36;32;9;29;0;13;71;70;14;14;14;14;14;14;14;14;47;44;42;40;37;30;69;0;13;
?;?;?;?;?;?;?;?;?;?;?;?;?;43;76;54;2;3;35;34;0;13;71;70;14;14;14;14;47;44;42;40;39;38;36;54;2;41;37;30;69;0;13;71;70;14;14;14;14;14;
?;?;?;?;?;?;?;?;?;?;?;?;?;2;41;60;3;35;34;0;13;71;70;14;14;47;44;42;40;39;38;36;54;2;41;37;30;69;0;13;71;70;14;14;14;14;14;47;44;42;
?;?;?;?;?;?;?;?;?;?;?;?;?;43;37;30;69;0;13;71;70;59;53;42;40;39;38;36;32;9;29;0;13;71;70;14;14;47;44;42;40;39;38;36;54;2;41;60;60;60;
?;?;?;?;?;?;?;?;?;?;?;?;?;14;14;14;47;44;42;40;39;38;36;54;2;41;60;60;60;60;60;60;60;60;60;60;60;60;60;60;60;60;60;60;60;60;60;60;60;60;
?;?;?;?;?;?;?;?;?;?;?;?;?;2;41;60;60;60;60;60;60;60;60;60;60;60;60;60;60;60;3;35;34;0;13;71;70;59;53;42;40;39;37;30;69;0;13;71;70;14;
?;?;?;?;?;?;?;?;?;?;?;?;?;29;28;25;24;22;21;20;19;18;17;0;47;44;42;40;39;38;36;32;9;29;0;13;71;70;14;14;14;14;14;14;14;14;47;44;42;40;
?;?;?;?;?;?;?;?;?;?;?;?;?;44;42;40;39;38;36;54;2;3;35;34;0;13;71;70;14;14;14;47;44;42;40;39;38;36;54;2;41;60;60;60;60;60;60;60;60;3;
?;?;?;?;?;?;?;?;?;?;?;?;?;6;87;68;58;46;43;37;30;69;0;13;71;47;44;42;40;39;37;30;69;0;13;71;70;14;14;14;47;44;42;40;39;38;36;54;2;41;
?;?;?;?;?;?;?;?;?;?;?;?;?;70;59;53;42;40;39;38;36;54;2;3;35;34;0;13;71;47;44;42;40;39;38;75;74;8;63;13;71;70;14;14;47;44;42;40;39;38;
?;?;?;?;?;?;?;?;?;?;?;?;?;42;40;39;38;36;32;9;29;0;13;71;70;14;47;44;42;40;39;38;36;54;3;35;34;0;13;71;47;44;42;40;37;30;69;0;13;71;
?;?;?;?;?;?;?;?;?;?;?;?;?;2;3;35;34;0;13;71;70;14;14;14;14;14;14;14;14;47;44;42;40;39;38;36;54;2;41;60;60;3;35;34;0;13;71;70;14;14;
?;?;?;?;?;?;?;?;?;?;?;?;?;63;13;12;11;10;7;37;30;69;0;13;71;70;59;53;42;51;16;49;14;14;47;44;42;40;37;30;69;0;13;12;11;10;7;4;38;36;
?;?;?;?;?;?;?;?;?;?;?;?;?;13;12;11;10;7;4;38;36;32;9;29;0;13;71;70;14;47;44;42;40;39;38;36;54;2;41;37;30;69;0;13;71;70;59;53;42;40;
?;?;?;?;?;?;?;?;?;?;?;?;?;4;38;36;54;2;41;60;60;60;60;3;35;34;0;13;71;70;14;14;14;14;14;47;44;42;40;39;37;30;69;0;13;71;70;14;14;14;
?;?;?;?;?;?;?;?;?;?;?;?;?;42;51;16;49;14;47;44;42;40;39;38;36;32;9;29;0;13;12;11;10;7;4;38;36;54;3;35;34;0;13;71;70;14;14;14;14;14;
?;?;?;?;?;?;?;?;?;?;?;?;?;41;60;60;60;60;60;60;60;3;35;34;0;13;71;70;14;14;14;14;14;14;14;14;14;14;14;14;14;14;14;14;14;14;47;44;42;40;
?;?;?;?;?;?;?;?;?;?;?;?;?;14;14;14;14;47;44;42;40;39;38;36;54;2;41;37;30;69;0;47;44;42;40;39;38;36;54;2;41;60;3;35;34;0;13;71;70;14;
?;?;?;?;?;?;?;?;?;?;?;?;?;7;4;38;36;54;2;41;60;60;60;60;3;35;34;0;13;71;70;59;53;42;40;39;37;30;69;0;13;71;70;14;14;14;14;14;47;44;
?;?;?;?;?;?;?;?;?;?;?;?;?;8;6;87;68;58;46;43;37;30;69;0;13;71;70;14;14;14;14;14;14;14;14;14;14;14;14;14;47;44;42;40;39;38;36;54;2;41;
?;?;?;?;?;?;?;?;?;?;?;?;?;0;47;44;42;40;39;38;75;74;8;63;13;71;47;44;42;40;39;37;30;69;0;13;71;70;14;14;14;47;44;42;40;39;38;36;54;2;
?;?;?;?;?;?;?;?;?;?;?;?;?;14;47;44;42;40;39;38;36;54;2;41;60;60;60;60;60;60;3;35;34;33;31;27;26;46;43;37;30;69;0;13;71;70;14;14;14;47;
?;?;?;?;?;?;?;?;?;?;?;?;?;36;54;3;35;34;0;13;71;70;59;53;42;40;39;38;36;54;2;41;60;60;3;35;34;0;13;71;70;14;14;47;44;42;40;39;38;36;
?;?;?;?;?;?;?;?;?;?;?;?;?;47;44;42;40;39;38;36;54;3;35;34;0;13;71;70;14;14;14;14;14;14;14;47;44;42;40;39;38;36;54;3;35;89;84;5;56;55;
?;?;?;?;?;?;?;?;?;?;?;?;?;7;37;30;69;0;13;71;47;44;42;40;37;30;69;0;13;71;47;44;42;40;39;37;30;69;0;13;71;47;44;42;40;39;38;36;54;2;
?;?;?;?;?;?;?;?;?;?;?;?;?;34;0;13;71;70;59;53;42;40;39;38;36;54;3;35;34;0;13;71;70;14;14;14;14;14;14;14;14;14;14;14;14;14;14;14;14;14;
?;?;?;?;?;?;?;?;?;?;?;?;?;42;40;39;38;36;54;2;41;60;60;3;35;34;0;13;71;70;14;47;44;42;40;39;37;30;69;0;13;71;47;44;42;40;39;38;36;54;
?;?;?;?;?;?;?;?;?;?;?;?;?;12;11;10;7;4;38;36;54;3;35;34;0;13;71;70;14;14;14;14;14;14;14;47;44;42;40;39;38;75;74;8;63;13;71;70;14;14;
?;?;?;?;?;?;?;?;?;?;?;?;?;13;71;47;44;42;40;39;37;30;69;0;47;44;42;40;39;38;36;54;3;35;34;0;13;71;47;44;42;40;37;30;69;0;13;71;70;14;
?;?;?;?;?;?;?;?;?;?;?;?;?;40;39;38;36;54;2;41;37;30;69;0;13;71;70;14;14;14;14;14;14;47;44;42;40;39;38;36;54;2;41;60;60;60;60;60;60;60;
?;?;?;?;?;?;?;?;?;?;?;?;?;2;41;60;60;60;60;60;60;60;3;35;34;0;13;71;70;14;14;14;14;14;14;14;14;14;14;14;14;14;14;47;44;42;40;39;38;36;
?;?;?;?;?;?;?;?;?;?;?;?;?;39;38;36;54;2;41;60;60;60;60;60;60;60;60;3;35;34;0;13;71;70;14;14;14;14;14;14;14;14;14;14;14;14;47;44;42;40;
?;?;?;?;?;?;?;?;?;?;?;?;?;64;52;2;41;60;60;60;60;60;3;35;34;0;13;71;47;44;42;40;39;38;36;54;3;35;34;0;13;71;70;14;14;14;14;14;14;14;
?;?;?;?;?;?;?;?;?;?;?;?;?;71;70;14;14;14;14;14;14;14;14;14;14;14;14;14;14;14;14;14;47;44;42;40;39;38;36;54;2;41;60;3;35;34;0;13;71;70;
?;?;?;?;?;?;?;?;?;?;?;?;?;0;13;71;70;14;14;14;14;14;14;14;47;44;42;40;39;38;36;54;2;3;35;34;33;31;27;26;46;43;76;54;2;3;35;34;0;13;
?;?;?;?;?;?;?;?;?;?;?;?;?;14;14;14;47;44;42;40;39;38;36;54;3;35;34;0;13;71;70;14;14;47;44;42;40;39;38;36;54;3;35;34;0;13;71;70;14;14;
?;?;?;?;?;?;?;?;?;?;?;?;?;42;40;39;38;36;54;3;35;34;0;13;71;70;59;53;42;40;39;38;36;54;2;3;35;34;0;13;71;70;14;47;44;42;40;39;38;36;
?;?;?;?;?;?;?;?;?;?;?;?;?;42;40;39;38;36;54;2;41;60;60;60;60;3;35;34;0;47;44;42;40;39;38;36;32;9;29;0;13;71;70;14;47;44;42;40;39;38;
?;?;?;?;?;?;?;?;?;?;?;?;?;14;14;47;44;42;40;37;30;69;0;13;71;70;14;14;47;44;42;40;39;38;36;54;2;41;60;60;60;60;60;60;3;35;34;0;13;71;
?;?;?;?;?;?;?;?;?;?;?;?;?;63;13;12;11;10;7;4;37;30;69;0;13;71;47;44;42;40;39;38;36;54;3;35;34;0;13;71;70;14;14;14;14;14;14;14;14;47;
?;?;?;?;?;?;?;?;?;?;?;?;?;0;13;12;11;10;7;4;37;30;69;0;47;44;42;40;39;38;36;54;3;35;34;0;13;71;47;44;42;40;39;37;30;69;0;13;71;70;
?;?;?;?;?;?;?;?;?;?;?;?;?;29;0;13;12;11;10;7;4;38;36;54;2;3;35;34;0;13;71;70;14;14;14;14;14;47;44;42;40;39;38;36;54;2;41;37;30;69;
?;?;?;?;?;?;?;?;?;?;?;?;?;63;13;71;70;59;53;51;16;49;91;85;66;45;82;81;54;2;3;35;34;0;13;71;47;44;42;40;39;37;30;69;0;13;71;70;59;53;
?;?;?;?;?;?;?;?;?;?;?;?;?;10;7;4;38;75;74;8;63;13;71;70;14;14;14;14;47;44;42;40;39;38;75;74;8;63;13;71;47;44;42;40;39;38;36;54;3;35;
?;?;?;?;?;?;?;?;?;?;?;?;?;60;60;60;60;60;3;35;34;0;13;71;70;14;14;14;14;14;14;14;14;14;14;47;44;42;40;39;38;36;54;3;35;34;0;13;71;70;
?;?;?;?;?;?;?;?;?;?;?;?;?;40;39;38;36;32;9;29;28;25;27;26;46;43;37;30;69;0;13;71;70;14;14;14;14;14;14;14;14;47;44;42;40;39;38;36;32;9;
?;?;?;?;?;?;?;?;?;?;?;?;?;13;12;11;10;7;4;38;36;54;3;35;34;0;13;71;70;14;14;14;14;14;14;47;44;42;40;39;38;36;54;3;35;34;0;13;71;70;
?;?;?;?;?;?;?;?;?;?;?;?;?;29;28;25;27;26;46;43;37;30;69;0;13;71;70;14;14;14;14;14;14;14;14;14;14;14;14;14;14;14;14;14;14;14;47;44;42;40;
?;?;?;?;?;?;?;?;?;?;?;?;?;0;13;12;11;10;7;4;37;30;69;0;13;71;47;44;42;51;16;49;14;14;14;14;14;14;47;44;42;40;39;38;75;74;8;63;13;71;
?;?;?;?;?;?;?;?;?;?;?;?;?;1;67;62;61;83;78;77;41;37;30;69;0;13;71;70;14;14;14;14;14;14;14;14;47;44;42;40;39;38;36;54;2;41;60;60;60;60;
?;?;?;?;?;?;?;?;?;?;?;?;?;14;14;14;14;14;14;14;14;47;44;42;40;39;38;36;32;9;89;84;5;56;55;80;64;52;37;30;69;0;13;71;70;14;14;14;14;14;
?;?;?;?;?;?;?;?;?;?;?;?;?;29;0;13;71;70;14;14;14;14;14;14;14;47;44;42;40;39;37;30;69;0;47;44;42;40;39;38;36;54;2;41;60;60;3;35;34;0;
?;?;?;?;?;?;?;?;?;?;?;?;?;84;5;56;55;80;64;52;2;3;35;34;0;13;71;70;14;14;14;14;14;14;47;44;42;40;39;38;75;74;8;63;13;71;70;14;14;47;
?;?;?;?;?;?;?;?;?;?;?;?;?;13;71;70;59;53;42;40;39;38;36;54;2;41;60;60;60;60;60;60;60;60;60;60;60;60;60;60;3;35;34;0;13;71;70;14;14;47;
?;?;?;?;?;?;?;?;?;?;?;?;?;0;13;71;70;59;53;42;40;39;38;36;54;2;41;60;60;60;60;60;3;35;34;0;47;44;42;40;39;38;36;54;2;3;35;34;0;47;
?;?;?;?;?;?;?;?;?;?;?;?;?;40;39;37;30;69;0;47;44;42;40;39;38;36;32;9;29;28;25;27;26;46;43;76;37;30;69;0;13;71;70;14;47;44;42;40;39;38;
?;?;?;?;?;?;?;?;?;?;?;?;?;39;38;36;32;9;29;0;13;12;11;10;7;37;30;69;0;13;71;70;14;14;14;14;14;14;14;14;47;44;42;40;39;38;36;54;2;3;
?;?;?;?;?;?;?;?;?;?;?;?;?;7;4;37;30;69;0;13;12;11;10;7;4;38;75;74;8;63;13;71;70;59;53;42;40;37;30;69;0;13;71;70;14;14;47;44;42;40;
?;?;?;?;?;?;?;?;?;?;?;?;?;70;14;47;44;42;40;37;30;69;0;13;71;70;14;14;47;44;23;50;15;48;88;86;65;57;45;82;81;54;2;41;60;3;35;34;0;13;
?;?;?;?;?;?;?;?;?;?;?;?;?;0;13;71;70;14;14;47;44;42;40;39;38;36;54;2;41;60;60;60;3;35;34;0;13;71;70;14;14;14;14;14;14;14;14;14;14;14;
?;?;?;?;?;?;?;?;?;?;?;?;?;0;13;71;70;14;14;14;14;14;14;14;47;44;42;40;39;38;36;54;2;41;60;60;60;60;60;60;60;3;35;34;0;13;71;70;14;14;
?;?;?;?;?;?;?;?;?;?;?;?;?;0;13;12;11;10;7;4;38;36;54;2;41;60;60;60;60;60;60;3;35;34;0;13;71;70;14;14;14;14;14;14;14;14;47;44;42;40;
?;?;?;?;?;?;?;?;?;?;?;?;?;14;14;47;44;42;40;39;38;36;54;2;41;60;60;60;60;60;60;60;60;60;60;60;60;60;60;3;35;34;0;13;71;70;59;53;42;40;
?;?;?;?;?;?;?;?;?;?;?;?;?;63;13;71;70;14;14;14;14;14;47;44;42;40;39;38;36;54;3;35;34;0;13;71;70;14;14;14;14;14;14;14;14;14;14;14;47;44;
?;?;?;?;?;?;?;?;?;?;?;?;?;3;35;34;0;13;71;70;14;47;44;42;40;39;38;36;32;9;29;0;13;71;70;14;14;14;14;14;14;14;47;44;42;40;39;38;75;74;
?;?;?;?;?;?;?;?;?;?;?;?;?;14;14;14;14;14;14;14;14;14;14;14;14;47;44;42;40;39;38;36;54;2;41;60;60;60;60;60;60;60;60;60;60;3;35;34;0;13;
?;?;?;?;?;?;?;?;?;?;?;?;?;8;63;59;53;51;16;49;14;14;14;14;14;14;47;44;42;40;39;38;36;54;2;41;60;60;60;60;60;60;60;60;60;3;35;34;0;13;
?;?;?;?;?;?;?;?;?;?;?;?;?;13;71;70;14;47;44;42;40;39;37;30;89;84;5;56;55;80;64;52;2;41;60;60;60;60;60;60;60;60;60;60;60;60;60;60;60;3;
?;?;?;?;?;?;?;?;?;?;?;?;?;0;47;44;42;40;39;38;36;54;2;41;60;60;60;60;60;60;60;60;60;60;3;35;34;0;13;71;70;14;14;14;14;14;14;14;14;14;
?;?;?;?;?;?;?;?;?;?;?;?;?;44;42;40;39;38;36;54;2;41;60;3;35;34;0;13;12;51;16;49;14;14;14;14;14;14;47;44;42;40;39;38;36;54;3;35;34;0;
?;?;?;?;?;?;?;?;?;?;?;?;?;51;16;49;14;14;14;47;44;42;40;39;38;36;54;2;41;60;60;3;35;34;0;13;71;70;14;14;14;14;47;44;42;40;39;38;36;54;
?;?;?;?;?;?;?;?;?;?;?;?;?;14;47;44;42;40;39;38;36;54;2;41;37;30;69;0;13;71;70;14;14;14;47;44;42;40;39;38;36;32;9;29;0;13;71;70;14;14;
?;?;?;?;?;?;?;?;?;?;?;?;?;41;60;60;60;60;3;35;34;0;13;71;70;14;47;44;42;40;37;30;69;0;13;71;70;14;14;47;44;42;40;39;38;36;54;3;35;34;
?;?;?;?;?;?;?;?;?;?;?;?;?;0;47;44;42;40;39;38;36;32;9;29;0;13;71;70;59;53;42;40;39;38;36;32;9;29;0;13;71;70;14;14;14;14;47;44;42;40;
?;?;?;?;?;?;?;?;?;?;?;?;?;34;0;13;71;70;14;14;14;14;14;14;14;14;14;47;44;42;40;39;38;36;54;3;35;34;0;13;71;70;14;14;14;14;14;14;14;14;
?;?;?;?;?;?;?;?;?;?;?;?;?;60;60;60;60;60;60;60;60;60;60;60;60;60;60;60;60;60;60;60;60;60;60;60;60;60;60;60;60;60;60;60;60;60;60;60;60;60;
?;?;?;?;?;?;?;?;?;?;?;?;?;60;60;60;60;60;60;60;60;60;60;60;60;60;60;60;3;35;34;0;13;71;70;14;14;14;14;14;14;14;14;14;14;14;14;14;47;44;
?;?;?;?;?;?;?;?;?;?;?;?;?;14;47;44;42;40;39;38;36;54;2;41;60;60;60;60;3;35;34;0;13;71;70;14;14;47;44;42;40;39;38;36;54;2;41;60;60;3;
?;?;?;?;?;?;?;?;?;?;?;?;?;13;71;70;14;14;14;14;14;14;47;44;42;40;39;38;36;54;2;41;60;60;60;60;60;60;60;60;60;60;60;60;60;60;60;3;35;34;
?;?;?;?;?;?;?;?;?;?;?;?;?;7;4;37;30;69;0;13;71;47;44;42;40;37;30;69;0;13;71;47;44;42;40;39;38;36;54;2;41;60;60;60;3;35;34;0;13;71;
?;?;?;?;?;?;?;?;?;?;?;?;?;63;13;71;47;44;42;51;16;49;14;14;14;47;44;42;40;37;30;69;0;13;12;11;10;7;4;37;30;69;0;13;71;70;59;53;42;40;
?;?;?;?;?;?;?;?;?;?;?;?;?;39;38;36;32;9;29;0;13;12;11;10;7;37;30;69;0;13;71;70;14;14;14;14;14;14;47;44;42;40;39;38;36;54;2;3;35;34;
?;?;?;?;?;?;?;?;?;?;?;?;?;35;34;0;13;71;70;14;14;14;14;14;14;14;14;14;14;14;14;47;44;42;40;39;38;36;54;2;41;60;60;60;60;60;60;60;60;60;
?;?;?;?;?;?;?;?;?;?;?;?;?;14;47;44;42;40;37;30;69;0;13;71;70;14;14;14;14;14;14;14;14;47;44;42;40;39;38;36;54;2;41;60;60;60;60;3;35;34;
?;?;?;?;?;?;?;?;?;?;?;?;?;3;35;34;0;13;71;70;14;14;14;14;47;44;42;40;39;38;36;54;2;3;35;34;0;13;71;70;14;14;14;14;47;44;42;40;39;37;
?;?;?;?;?;?;?;?;?;?;?;?;?;0;47;44;42;40;39;38;36;54;2;41;60;60;60;60;60;60;60;60;3;35;34;0;13;71;70;14;14;14;14;14;14;14;14;14;14;14;
?;?;?;?;?;?;?;?;?;?;?;?;?;29;0;47;44;42;51;16;49;14;14;14;14;14;47;44;42;40;39;38;36;54;2;41;37;30;69;0;13;71;70;14;14;14;14;47;44;42;
?;?;?;?;?;?;?;?;?;?;?;?;?;39;38;75;74;8;63;13;71;70;14;47;51;16;49;14;14;14;47;44;42;51;16;49;14;14;14;14;14;14;14;14;47;44;42;40;39;38;
?;?;?;?;?;?;?;?;?;?;?;?;?;51;16;49;14;14;14;14;14;14;14;14;14;14;14;14;14;14;47;44;42;40;39;38;36;54;2;41;60;60;60;60;3;35;34;0;13;71;
?;?;?;?;?;?;?;?;?;?;?;?;?;2;41;60;3;35;89;84;5;56;55;80;64;52;2;41;37;30;69;0;13;71;70;14;14;14;14;14;14;14;14;14;14;14;14;14;14;14;
?;?;?;?;?;?;?;?;?;?;?;?;?;14;47;44;42;40;39;38;36;32;9;29;0;47;44;42;40;39;38;75;74;8;63;13;71;47;44;42;40;39;38;36;54;2;3;35;34;0;
?;?;?;?;?;?;?;?;?;?;?;?;?;14;14;14;47;44;42;40;39;38;36;54;2;41;60;3;35;34;0;47;51;16;49;14;14;14;14;14;14;14;14;47;44;42;40;39;38;36;
?;?;?;?;?;?;?;?;?;?;?;?;?;0;47;44;42;40;39;38;36;54;2;3;35;34;0;13;71;70;14;14;14;47;44;42;40;39;38;36;32;9;29;0;13;71;70;14;14;14;
?;?;?;?;?;?;?;?;?;?;?;?;?;0;13;71;47;44;42;40;39;37;30;89;84;5;56;55;80;64;52;2;3;35;34;0;13;71;70;14;14;14;14;47;44;42;40;39;38;36;
?;?;?;?;?;?;?;?;?;?;?;?;?;46;43;76;54;2;41;60;3;35;34;0;13;71;70;14;14;47;44;42;40;39;38;75;74;8;63;13;71;70;14;14;14;14;47;44;42;40;
?;?;?;?;?;?;?;?;?;?;?;?;?;0;13;71;70;14;14;14;14;14;14;14;14;47;44;42;40;39;38;36;54;2;41;60;60;60;60;60;60;60;60;60;60;60;60;60;60;60;
?;?;?;?;?;?;?;?;?;?;?;?;?;13;71;47;44;42;40;39;37;30;69;0;13;71;70;14;14;14;14;14;14;14;14;47;44;42;40;39;38;36;32;9;29;0;13;71;70;14;
?;?;?;?;?;?;?;?;?;?;?;?;?;40;37;30;69;0;13;71;47;44;42;40;39;38;36;54;2;41;37;30;69;0;13;71;70;59;53;42;40;37;30;69;0;13;71;70;59;53;
?;?;?;?;?;?;?;?;?;?;?;?;?;63;13;12;11;10;7;4;38;36;54;3;35;34;0;47;44;42;40;39;37;30;69;0;13;71;70;14;14;14;14;47;44;42;40;39;38;75;
?;?;?;?;?;?;?;?;?;?;?;?;?;63;59;53;42;40;39;38;75;74;8;63;13;71;70;14;14;14;14;14;14;14;14;14;14;14;14;14;47;44;42;40;39;38;36;54;2;41;
?;?;?;?;?;?;?;?;?;?;?;?;?;38;36;54;2;3;35;34;0;13;71;70;59;53;42;40;39;38;36;54;2;41;37;30;69;0;13;71;70;14;14;14;14;14;14;14;14;14;
?;?;?;?;?;?;?;?;?;?;?;?;?;2;41;60;60;60;60;60;60;60;3;35;34;0;13;71;70;14;14;14;14;14;14;14;47;44;42;40;37;30;69;0;47;44;42;40;39;38;
?;?;?;?;?;?;?;?;?;?;?;?;?;63;13;71;70;14;14;14;14;14;14;14;14;14;47;44;42;40;39;38;36;54;2;41;60;60;60;3;35;34;0;13;71;70;59;53;42;40;
?;?;?;?;?;?;?;?;?;?;?;?;?;14;14;14;14;14;47;44;42;40;39;38;36;54;2;41;60;60;60;60;60;60;60;60;3;35;34;0;13;71;70;14;14;14;14;14;14;14;
?;?;?;?;?;?;?;?;?;?;?;?;?;42;40;39;38;36;54;2;41;60;60;60;3;35;34;0;13;71;47;44;42;51;16;49;14;14;14;47;44;42;40;39;37;30;69;0;13;71;
?;?;?;?;?;?;?;?;?;?;?;?;?;63;13;71;70;14;14;14;14;14;14;14;47;44;42;40;39;38;75;74;8;63;13;71;70;59;53;42;40;39;38;36;54;2;41;60;60;60;
?;?;?;?;?;?;?;?;?;?;?;?;?;40;39;38;75;74;8;63;13;71;70;14;14;14;14;14;14;47;44;42;40;39;38;36;54;3;35;34;33;31;27;26;46;43;76;54;2;41;
?;?;?;?;?;?;?;?;?;?;?;?;?;0;13;12;11;10;7;4;37;30;69;0;13;12;11;10;7;4;38;36;54;2;41;60;60;60;60;3;35;34;0;13;71;70;14;14;14;14;
?;?;?;?;?;?;?;?;?;?;?;?;?;71;70;14;14;14;14;14;14;14;47;44;42;40;39;38;36;54;2;41;60;60;60;60;60;60;3;35;34;0;13;71;70;14;14;14;47;44;
?;?;?;?;?;?;?;?;?;?;?;?;?;51;16;49;14;14;14;47;44;42;40;39;38;36;32;9;29;0;13;71;70;59;53;42;40;39;37;30;69;0;13;71;70;14;14;14;14;47;
?;?;?;?;?;?;?;?;?;?;?;?;?;0;13;71;70;14;47;44;42;40;39;38;36;54;2;41;60;3;35;34;0;13;71;47;44;42;40;39;38;75;74;8;63;13;71;47;44;42;
?;?;?;?;?;?;?;?;?;?;?;?;?;63;13;71;70;14;14;14;14;14;14;14;14;14;47;44;42;40;39;37;30;69;0;47;44;42;40;39;38;36;54;2;3;35;34;0;13;71;
?;?;?;?;?;?;?;?;?;?;?;?;?;2;41;60;60;60;60;60;3;35;34;0;13;12;11;10;7;37;30;69;0;13;71;70;14;14;14;14;14;14;14;14;14;14;14;14;47;44;
?;?;?;?;?;?;?;?;?;?;?;?;?;6;87;68;58;46;43;76;54;2;41;37;30;69;0;13;71;70;14;14;47;44;42;40;39;38;36;54;3;35;34;0;13;71;70;14;14;14;
?;?;?;?;?;?;?;?;?;?;?;?;?;47;44;42;51;16;49;14;14;14;14;14;47;44;42;40;39;38;36;54;2;41;37;90;1;67;62;61;83;78;77;41;60;60;60;60;60;60;
?;?;?;?;?;?;?;?;?;?;?;?;?;14;14;47;44;42;40;39;38;36;32;9;29;0;47;44;42;40;39;38;36;54;3;35;34;0;13;71;70;14;14;14;14;14;14;14;14;14;
?;?;?;?;?;?;?;?;?;?;?;?;?;47;44;42;40;39;38;36;54;2;3;35;34;0;13;71;70;14;14;47;44;42;40;39;38;36;54;2;41;37;30;69;0;13;71;70;14;14;
?;?;?;?;?;?;?;?;?;?;?;?;?;40;39;38;36;54;2;41;37;30;69;0;13;71;70;14;47;44;42;40;39;38;36;32;9;29;0;13;71;70;14;14;14;47;44;42;40;39;
?;?;?;?;?;?;?;?;?;?;?;?;?;14;14;14;14;14;47;44;42;40;39;38;36;54;2;41;60;60;60;60;60;60;60;60;60;60;60;60;60;3;35;34;0;13;71;70;14;14;
?;?;?;?;?;?;?;?;?;?;?;?;?;0;13;71;70;14;14;14;14;14;14;14;14;14;47;44;42;40;39;38;36;54;2;41;60;60;60;60;60;60;60;3;35;34;0;13;71;47;
?;?;?;?;?;?;?;?;?;?;?;?;?;71;70;59;53;42;40;39;38;36;54;2;3;35;34;33;31;27;26;46;43;76;54;3;35;34;0;13;71;70;14;14;47;44;42;51;16;49;
?;?;?;?;?;?;?;?;?;?;?;?;?;29;0;13;12;11;10;7;4;38;36;54;2;3;35;34;0;13;71;70;14;14;14;14;47;44;42;40;39;38;36;54;2;3;35;34;33;31;
?;?;?;?;?;?;?;?;?;?;?;?;?;63;13;71;70;59;53;51;16;49;14;14;14;14;14;14;14;14;14;14;47;44;42;40;39;38;36;32;9;29;0;13;71;70;59;53;42;40;
?;?;?;?;?;?;?;?;?;?;?;?;?;7;4;37;30;69;0;13;12;11;10;7;4;38;75;74;8;63;13;71;70;14;14;14;14;14;14;47;44;42;40;39;38;36;54;2;3;35;
?;?;?;?;?;?;?;?;?;?;?;?;?;7;37;30;69;0;13;71;70;14;47;44;42;40;39;38;36;54;2;3;35;34;0;13;71;47;44;42;40;39;38;36;54;2;41;37;30;69;
?;?;?;?;?;?;?;?;?;?;?;?;?;42;40;39;38;36;54;2;41;60;60;60;60;60;60;3;35;34;0;13;71;70;14;14;14;14;47;44;42;40;39;38;36;54;2;3;35;34;
?;?;?;?;?;?;?;?;?;?;?;?;?;7;4;37;30;69;0;13;71;70;14;14;14;14;14;14;14;47;44;42;40;39;38;36;54;2;3;35;34;0;13;71;70;59;53;42;40;39;
?;?;?;?;?;?;?;?;?;?;?;?;?;51;16;49;14;14;14;14;47;44;42;40;39;38;36;54;2;41;37;30;69;0;13;71;70;14;14;14;14;14;14;14;47;44;42;40;39;38;
?;?;?;?;?;?;?;?;?;?;?;?;?;42;40;39;37;30;69;0;47;44;42;40;39;38;36;54;2;41;60;60;60;60;60;60;60;60;60;60;60;3;35;34;0;13;71;70;14;14;
?;?;?;?;?;?;?;?;?;?;?;?;?;0;13;12;11;10;7;4;37;30;69;0;13;71;70;14;14;14;14;14;14;14;14;14;47;44;42;51;16;49;14;47;44;42;40;39;38;36;
?;?;?;?;?;?;?;?;?;?;?;?;?;13;71;70;14;47;44;42;40;37;30;69;0;13;71;47;44;42;40;39;38;36;54;2;41;60;3;35;34;0;13;71;70;14;14;14;47;44;
?;?;?;?;?;?;?;?;?;?;?;?;?;60;60;60;60;60;60;60;60;60;60;60;60;60;60;60;60;60;60;60;60;60;60;60;60;60;60;60;60;60;60;60;60;60;60;60;60;60;
?;?;?;?;?;?;?;?;?;?;?;?;?;7;37;30;69;0;13;71;70;14;47;44;42;40;39;38;36;32;9;29;0;13;71;70;14;14;14;47;44;42;40;39;38;36;54;2;41;60;
?;?;?;?;?;?;?;?;?;?;?;?;?;14;14;47;44;42;40;39;38;36;54;2;41;60;60;60;60;60;60;3;35;34;0;13;71;70;59;53;42;40;37;30;69;0;13;71;70;59;
?;?;?;?;?;?;?;?;?;?;?;?;?;0;13;71;70;14;14;14;14;14;14;47;44;42;40;39;38;75;74;8;63;13;71;47;44;42;40;39;38;36;54;3;35;34;0;13;12;11;
?;?;?;?;?;?;?;?;?;?;?;?;?;7;37;30;69;0;13;12;11;10;7;4;38;36;54;3;35;34;0;13;71;70;14;14;14;14;14;14;14;14;47;44;23;50;15;48;14;14;
?;?;?;?;?;?;?;?;?;?;?;?;?;60;3;35;34;0;13;71;70;14;14;14;14;14;14;14;14;14;14;14;14;14;14;14;14;14;47;44;42;40;39;38;36;32;9;29;0;13;
?;?;?;?;?;?;?;?;?;?;?;?;?;47;44;42;40;39;38;36;32;9;29;0;13;71;47;44;42;40;39;38;36;54;2;3;35;34;0;13;71;70;14;14;47;44;42;40;39;38;
?;?;?;?;?;?;?;?;?;?;?;?;?;8;63;13;71;70;14;14;14;14;14;14;47;44;42;40;37;30;69;0;13;71;47;44;42;40;39;38;36;54;2;41;37;30;69;0;13;71;
?;?;?;?;?;?;?;?;?;?;?;?;?;7;4;38;75;74;8;63;13;12;11;10;7;4;38;75;74;8;63;13;71;70;14;14;14;14;14;14;14;47;44;42;40;39;38;36;32;9;
?;?;?;?;?;?;?;?;?;?;?;?;?;2;41;60;60;60;60;60;60;60;60;60;60;60;60;60;3;35;34;0;13;71;70;14;14;14;14;47;44;42;40;39;38;36;54;2;41;60;
?;?;?;?;?;?;?;?;?;?;?;?;?;14;47;44;42;40;39;38;75;74;8;63;59;53;42;40;39;38;36;32;9;29;0;13;71;70;14;14;14;14;14;14;14;14;47;44;42;40;
?;?;?;?;?;?;?;?;?;?;?;?;?;41;60;60;3;35;34;0;13;71;70;14;14;14;14;14;14;14;14;14;14;14;14;14;14;14;14;47;44;42;40;39;38;36;54;2;41;37;
?;?;?;?;?;?;?;?;?;?;?;?;?;40;39;38;36;54;2;41;60;60;60;60;60;3;35;34;0;13;71;70;14;14;14;14;14;47;44;42;40;39;38;75;74;8;63;13;71;47;
?;?;?;?;?;?;?;?;?;?;?;?;?;49;14;14;14;14;14;14;47;44;42;40;39;38;36;32;9;29;0;47;44;42;40;39;38;36;54;2;41;60;60;60;60;60;60;60;60;60;
?;?;?;?;?;?;?;?;?;?;?;?;?;6;87;68;58;46;43;76;54;3;35;34;0;13;71;70;14;14;14;14;14;14;14;47;44;42;40;39;38;36;32;9;29;0;13;71;70;14;