10000000000000000000000011111111111111111111111000
00000111110000111111000000111110000001111100000000
00000111000000111111111111111100000000111111000011
11110000001111111100000000000111111111111111100011
11111000000111111111111000000000000000001111111111
11111000011111000000011111111111111111111000000001
00000111111111100000000111111111100000000000000000
00001111111000000000000000111111111111111100000000
11111100000000000000000011111111111111000000111110
11111000001111100000111110000001111000000111111100
00000111110000011111000001111111111110000000001111
00000111111000011111000000000000000000111111111111
00000111110000111111000000111111100000000000011111
11111111111111111000000000000011111111111110000000
00000111110000011111000001111000000111111100000000
00000111111111110000000011111000000000000001111111
11111000001111111000000000011111111111000000000000
00001111111000000001111110000000011111111000000011
00001111111000111100000000000000000000111111111111
11110000001111100000111111100000000000111111100000
00000111100000011111111111111111111111100000000000
00000111110000011111100000001111111111110000001111
00000111111111111110000000000000000001111111111111
00000111111011111111100000000000000111000000000011
11111100011111110000000011110000000000000011111111
00000111100000111111111111111110000000000000000000
11111000011111110000011100000000000000001111100000
11110000001111000001111111111111110000000011111000
00000111100000001111100011111111100000000000000000
00000111110000000100000000111111111111111110000000
00000000000000000000000111111111111111000000111111
11111000001111100000011111111111110000000111111111
11111111001111111111110000000000000000000000000000
00001111111100000000111111111000000000000000000000
00001111110000111111111111111000000000000111111111
00000111111110000000000011111111110000000001111111
00000111111100000000000111111111111111111000000001
11111000001111111111111110000000000000000111111111
00001111111000000001111111000000000111111000000000
11110000011111110000001111111111000000000011111000
11110000000111100000111111000000111111111111100000
11111110111111000000000000000001111111111110001111
11110000001111111111110000000000011100000111110000
00001111100000111111111111110000000001111111110000
00000111111000011111000000000000011111111110000000
00000111110000011111000000111000000111111100001111
00000111110000011111111111110000001111111100000000
00001111110000111111110000000000000000000001111111
00011111111000000000111000000000001111100000000000
00000000001111111111000000000001111111111111110000
00000000000000000000011111111110011111111111111111
11111000111111111000000000000000000000011111111111
11110000000111110000111111111111111110000000000000
00000111100000001111001111111111000000001111111110
00000111100000001111000011111111000000000111111110
00001111110000011110000011111000000000000000111111
00000111100000111111100000011111111111100000000000
11111000001111100000111111000011111000000000000000
11111000001111100000011111000001111111111111110001
00000111100000111111000001111111111001110000000001
00000111110000011111111111111100000000000000001111
11111000001111100000011111111100000000011111100000
00000011000000001111111111111111111111100000000000
00001111110000000000000000111111111111111100000000
00000000111111111111111000000000000111111100000000
00000001111111110000001111111100000000000000000000
00000000000000000000000000000000000000000000000000
11111000001111110000111111110000000000000000111111
00001111110000011111000000111100000000000000000000
00000111110000011111110000000000000000000000000011
00001111000000000000000001111111111111111000000111
11111111111111000000000011111100000111111111111111
00000111111111110000000000000000001111111111111111
00001111110000011111000000111100001111111000001111
11111000011111000000000111111111111000000001111000
00000111000000011111111111000000111111110000000000
11110000001111111100011100000000000001111111111100
11111111000000000000111111000001111111111111111111
00000111111000000000000001111110001111111111001111
11111000000011110000000011111111000000011111111000
11000001111111000000000000000011111111111111111111
00000111000000111111110000011100000000111111110000
11111000001111000001111100000011111111111111100000
00000000000011111110001111111110000000000000011111
00000111110000011000000001110000011111111100000001
11111111111100000000111111110000000000111111100000
11110000000111111000000111111111111111111111111111
11100000011111100011111111100000011111100000000000
11111000001111100000000000111111111000000001111100
11111000001111111111100000000000111100000000001111
11111110111111110000000000000000000000011111111001
00011111100000000000000000000000011111111111111111
11111100000000000000000000001111111110000000111111
11111000000000111111111100000000111000000001111111
00000111100000011111111111111110000000000000000011
00000000000011111110000000000000000011111111111111
00001111100000001111100000111111110000001111110000
11111111111111000000000000000000000000000011111111
00000111110000011111100000000000001111111000000000
00000000000000000111111000000001111111111111111111
00000111110000011111101111111000000000011111111110
11111000011111100000011100000000011111111000111111
11111000000000000001111111000000001111111111110000
11110000011111111001111110000000000000000011111111
00000111111000000000000001111111111111111111111000
11000000011111110000000111111111111111110000000000
00001111111011111111100000000000000000000000001111
11111000011111110000000000000011111100000000001111
00000111111100000011111111100000000000000111111111
11111100000000000011111111100000000001111000011111
00000111110000011111110000111000000111111111111100
11111000001110000001111111110011111000000000000111
11111000000111111111111111000000000000000111111111
00000111110000000000001111111111100000000000000000
00000111110000001111100001111111111100000001111111
11111000000100000000111111100000000001111111111000
11111000000111110000000000000000111111111111111000
00000111111111111000000001111111100000000000011111
00000111110000001111111111111111110000000000000000
11100000000001111111111111111111111110000000000000
00001111111001111110000000000111100000011111111111
00001111100000111111110001111111000000000000000000
00000111100000001100000000011111111111111111000000
11111000011111000000000000011111111100000011000000
00000011111111100000111111111100000010000000000000
11111000000001111111111111111111110000000001111111
00000111110000111111100000000000000000011111111110
11111000000111000000111100000001111111110000000000
00000111110000011111100000111000011111111110000000
00001111111111100000000111111100000000111111000000
00111111111100000000000000000011111111111111111111
11111000011111111000011111000000000011111111000011
00000111111001111111111111111100000000000111111111
00000011111100111111111110000011111000000000011110
11110000000000000000000000111111111111111111100000
00001111100000000111110000000000001111111111111111
11110000001111111000011000000000111111111111111000
11111100011111000001111100000000011111111100000011
11111000111111000111111110000111110000000000000001
00000111110000011111111111100000000111111000000000
00000111110000111111100000011111011111111111001111
00001111110000011111000000000000000111111100000000
00000111110001111111000000111100000000111111111111
00000111111111111000000001111111000000111111111111
00000111110000011110000001111111110000000000000000
00000111100000011111000001111111111111110000001111
00000111110000011111000000111100001100000000001111
00000000111111111110000001111111100111111111110000
00000000000000000000000000000000000000000000000000
11111000000011111111111111000000000001111110000000
00000111110000011110000000111111000000011111111111
00001111111110000000000000001100000000011111111100
11111100111110000000011111100000011111111111111111
11111000011111110000000000000111111100000000000000
11111000001111000000000111111100000011111111100000
00000111000000111111111111111111100000000001111111
00000111111111111111000000000000000011100000000011
11111000001111111111111110000000000000000011110000
00000111110000111111000011111100000000000111111111
11111000000000000000000000011111111000011111111111
00000111110011111111100011111000000000111100000000
11111000001111100000111111111111100000000011111111
00000111100000001111111111100000000011111111111100
11111111111111100011111111100000000000000000011111
00000111100000011111111111111100000111111000000000
00001111100000011111000000000011111111111000000111
00000111110000000011111111100000001111111111111111
00000111100000111111110011110000000001111111111111
11000111111111110000000111100000000000111111111011
11111000000110000000111111100001110000011111111111
00000111111000111111000000000000000000000011111111
00001110000000111111111111111111000000000001111100
00000111110000111111000000000000000111111111111111
11110000000111000111111111111111111111111111100000
11111000001111000000111111111000000000001111111100
00000111100000011111000001111110000000000000000000
11111000011111100001111111000000000000001111000000
00000111110000011110000001111110000111111111110000
00000111111000011111100000011111111000000000001111
11111000000111111100000001111110000000111111110000
00000111110000000111111111111111100000000000000111
00000111111101111111000000111000000000001111111111
00000111100000111111000000111111111111111111111111
00000111110000001111111111001111111110000000000011
00001111110000111111000000001111111011111110000001
00001111111000011111000000000000000000000111111111
00000111000000001111111111111110000000000000011111
11110000001111100000111111111111000000000011111111
11111100000000000000000111111111111110000000000000
00000000000000111111110000001111111111110000000011
00000111110000011111111000000011111100000001111111
11110000000111111111111110000000111111111111000000
11110000000000000000011111111111111111111111111111
11111000011100000001111111110000000001111111100011
11111000001111110000111111111111000000001111111000
11111000000000000000111100000011111111111111111111
11111000001111110000111000000111111111000000000111
00000011111111111111000011111111110000000000001111
00000111000000111111000000000000001111111111111000
00001110000000111000000001111111111111110000000000
