?;?;?;?;?;?;?;?;?;?;?;?;?;?;3;35;29;28;9;5;170;151;4;4;4;2;12;11;41;3;136;138;137;42;67;67;166;198;196;39;33;32;18;17;16;15;14;8;30;0;
?;?;?;?;?;?;?;?;?;?;?;?;?;?;103;89;88;78;183;166;198;196;186;171;170;151;4;2;12;11;41;3;136;165;155;131;112;171;170;151;4;4;2;12;11;169;156;145;144;141;
?;?;?;?;?;?;?;?;?;?;?;?;?;?;41;0;154;130;111;74;135;133;104;87;185;67;67;67;67;67;67;67;67;67;67;67;67;67;67;67;67;67;67;67;67;67;166;198;196;186;
?;?;?;?;?;?;?;?;?;?;?;?;?;?;66;52;42;67;67;67;166;198;196;186;171;170;151;4;4;2;12;11;41;0;154;130;111;193;4;4;4;2;12;11;41;3;136;138;137;42;
?;?;?;?;?;?;?;?;?;?;?;?;?;?;41;3;136;138;137;42;67;67;67;166;198;196;186;171;170;151;4;4;4;4;4;4;4;4;4;4;2;12;11;41;3;136;138;137;42;67;
?;?;?;?;?;?;?;?;?;?;?;?;?;?;166;198;196;186;171;170;151;4;2;12;11;41;3;136;165;155;131;112;171;170;151;4;4;2;12;11;41;3;136;165;155;131;112;171;170;191;
?;?;?;?;?;?;?;?;?;?;?;?;?;?;40;34;31;19;203;201;128;146;4;4;2;12;11;41;3;136;138;137;108;198;196;186;171;170;151;4;4;4;4;4;4;4;4;4;2;12;
?;?;?;?;?;?;?;?;?;?;?;?;?;?;3;136;138;137;42;67;67;67;67;67;67;67;166;198;196;186;171;170;151;4;4;4;4;4;4;4;4;2;12;11;41;3;136;138;137;42;
?;?;?;?;?;?;?;?;?;?;?;?;?;?;4;4;4;4;4;4;4;4;4;2;12;11;41;3;136;138;137;42;67;67;67;67;67;67;67;166;198;196;186;171;190;178;175;157;150;35;
?;?;?;?;?;?;?;?;?;?;?;?;?;?;150;35;29;28;9;5;192;180;177;157;150;35;29;28;9;5;170;191;179;176;41;0;154;130;111;193;4;2;12;11;41;3;136;138;166;198;
?;?;?;?;?;?;?;?;?;?;?;?;?;?;0;154;130;111;193;190;178;175;157;150;35;29;28;9;5;192;180;177;157;150;51;66;166;198;40;34;31;19;126;125;124;123;122;67;166;198;
?;?;?;?;?;?;?;?;?;?;?;?;?;?;112;103;89;88;78;183;182;165;155;131;112;171;170;151;4;4;4;4;4;4;4;4;4;2;12;11;41;3;136;138;137;42;67;67;67;67;
?;?;?;?;?;?;?;?;?;?;?;?;?;?;41;3;136;138;137;42;67;166;198;196;186;171;170;191;179;176;41;3;136;138;166;198;196;186;171;170;151;4;4;2;12;11;41;3;136;138;
?;?;?;?;?;?;?;?;?;?;?;?;?;?;198;196;186;171;170;151;149;121;120;106;82;56;144;141;116;81;4;4;2;12;11;41;3;136;138;137;42;67;67;166;198;196;186;171;170;151;
?;?;?;?;?;?;?;?;?;?;?;?;?;?;5;192;180;177;157;150;51;107;155;131;112;171;190;178;69;46;6;37;27;26;72;60;57;143;142;140;138;166;198;196;186;171;170;151;4;2;
?;?;?;?;?;?;?;?;?;?;?;?;?;?;?;49;77;86;166;198;196;186;171;170;191;179;176;41;3;136;165;155;131;112;171;170;151;4;4;2;12;11;41;3;136;138;137;42;67;67;
?;?;?;?;?;?;?;?;?;?;?;?;?;?;150;51;107;155;131;112;171;170;151;4;4;4;4;2;12;11;41;3;136;138;137;42;67;166;198;196;186;171;170;151;4;4;4;4;4;4;
?;?;?;?;?;?;?;?;?;?;?;?;?;?;5;170;191;179;176;41;0;154;130;111;193;4;4;4;4;4;4;4;4;2;12;11;41;3;136;138;137;42;67;67;67;67;67;67;67;67;
?;?;?;?;?;?;?;?;?;?;?;?;?;?;?;195;194;202;203;201;128;146;4;4;4;4;4;4;4;4;4;4;4;4;4;4;4;4;2;12;11;41;3;136;138;137;42;67;67;67;
?;?;?;?;?;?;?;?;?;?;?;?;?;?;3;35;29;28;9;5;192;180;177;157;150;51;66;166;198;196;186;171;170;151;4;4;4;4;2;12;11;41;3;136;138;166;198;196;186;171;
?;?;?;?;?;?;?;?;?;?;?;?;?;?;4;2;12;11;41;3;136;138;137;42;67;67;67;67;67;166;198;196;186;171;170;191;179;176;41;0;154;130;111;193;4;4;4;4;4;4;
?;?;?;?;?;?;?;?;?;?;?;?;?;?;5;192;180;177;157;150;35;29;28;9;5;170;151;149;121;120;41;3;136;138;137;42;67;67;67;67;67;166;198;196;186;171;170;191;179;176;
?;?;?;?;?;?;?;?;?;?;?;?;?;?;106;82;56;144;141;160;159;158;94;90;79;66;52;42;67;67;67;67;67;67;67;67;166;198;196;186;171;170;151;4;4;4;4;4;4;4;
?;?;?;?;?;?;?;?;?;?;?;?;?;?;42;67;67;67;67;67;166;198;196;186;171;170;151;4;4;4;4;4;4;4;4;4;4;2;12;11;41;3;136;165;155;131;112;171;170;151;
?;?;?;?;?;?;?;?;?;?;?;?;?;?;196;39;189;174;163;147;115;114;80;72;60;57;143;142;140;138;137;108;198;196;186;171;170;151;4;4;4;4;4;4;4;4;4;4;4;4;
?;?;?;?;?;?;?;?;?;?;?;?;?;?;135;133;104;87;185;67;67;67;67;67;67;67;166;198;196;186;171;170;151;4;4;4;4;4;4;4;4;4;4;4;4;4;4;4;4;4;
?;?;?;?;?;?;?;?;?;?;?;?;?;?;182;67;166;198;196;186;171;190;178;69;46;6;37;27;26;25;24;13;2;12;11;169;156;145;144;141;116;2;12;11;41;3;35;29;28;9;
?;?;?;?;?;?;?;?;?;?;?;?;?;?;186;113;84;83;184;203;201;128;146;4;4;4;4;4;4;4;4;2;12;11;41;3;136;138;137;42;36;198;196;186;171;170;151;4;2;12;
?;?;?;?;?;?;?;?;?;?;?;?;?;?;4;4;2;12;11;41;3;35;29;28;39;33;32;18;17;16;15;14;67;166;198;196;186;171;170;151;4;4;4;4;4;4;4;4;4;4;
?;?;?;?;?;?;?;?;?;?;?;?;?;?;5;170;191;179;176;187;7;164;148;117;116;81;75;62;59;92;3;136;138;137;42;67;67;67;67;67;67;67;166;198;196;186;171;170;151;4;
?;?;?;?;?;?;?;?;?;?;?;?;?;?;201;128;146;4;4;4;4;4;4;4;4;4;4;4;4;4;2;12;11;41;3;136;138;137;42;67;67;67;67;166;198;196;186;171;170;151;
?;?;?;?;?;?;?;?;?;?;?;?;?;?;150;35;29;28;9;5;170;191;179;176;41;0;71;50;48;43;54;53;105;181;166;198;196;186;171;170;151;4;2;12;11;41;3;136;138;137;
?;?;?;?;?;?;?;?;?;?;?;?;?;?;126;125;124;123;122;67;67;67;166;198;196;186;171;170;151;4;4;4;4;4;4;4;4;4;4;4;4;4;4;4;4;4;4;4;4;4;
?;?;?;?;?;?;?;?;?;?;?;?;?;?;196;186;171;170;151;4;4;2;12;11;41;3;136;138;137;42;36;198;196;186;171;170;151;4;4;4;4;4;4;4;4;4;4;4;4;2;
?;?;?;?;?;?;?;?;?;?;?;?;?;?;67;67;67;67;67;67;67;67;67;67;67;67;67;67;67;166;198;196;186;171;170;151;4;4;4;4;4;2;12;11;41;3;136;138;166;198;
?;?;?;?;?;?;?;?;?;?;?;?;?;?;36;198;196;186;171;170;151;4;4;4;4;2;12;11;41;3;136;138;137;42;67;166;198;196;186;171;170;151;4;2;12;11;41;3;136;138;
?;?;?;?;?;?;?;?;?;?;?;?;?;?;186;171;170;151;4;4;4;4;4;2;12;11;41;3;136;138;137;42;67;67;67;67;67;67;67;67;166;198;196;186;171;170;151;4;4;4;
?;?;?;?;?;?;?;?;?;?;?;?;?;?;166;198;196;186;171;170;151;149;121;120;41;3;136;138;137;42;67;166;198;196;186;171;170;151;4;4;4;4;4;4;4;4;4;4;4;4;
?;?;?;?;?;?;?;?;?;?;?;?;?;?;196;186;171;170;151;149;121;120;41;3;35;29;28;9;5;170;151;4;4;4;4;4;2;12;11;41;3;136;165;155;131;112;171;170;151;4;
?;?;?;?;?;?;?;?;?;?;?;?;?;?;51;107;155;131;112;171;170;151;149;121;120;41;3;136;138;137;42;67;166;198;196;186;171;170;151;4;4;4;4;2;12;11;41;3;35;29;
?;?;?;?;?;?;?;?;?;?;?;?;?;?;0;154;130;111;193;4;2;12;11;41;3;136;138;166;198;196;186;171;170;151;4;2;12;11;41;3;136;138;137;42;67;67;67;166;198;196;
?;?;?;?;?;?;?;?;?;?;?;?;?;?;106;82;56;144;141;116;2;12;11;41;3;136;138;137;42;67;67;166;198;196;186;171;170;151;149;121;120;41;3;35;29;28;9;5;170;151;
?;?;?;?;?;?;?;?;?;?;?;?;?;?;150;51;66;52;42;67;67;67;166;198;196;186;171;170;151;4;4;4;4;2;12;11;41;0;154;130;111;74;135;133;104;87;166;198;196;186;
?;?;?;?;?;?;?;?;?;?;?;?;?;?;89;88;78;183;182;67;67;67;67;67;166;198;196;186;171;170;151;4;4;4;4;4;4;2;12;11;41;3;136;165;155;131;112;171;170;151;
?;?;?;?;?;?;?;?;?;?;?;?;?;?;5;170;191;179;176;41;0;154;130;111;193;4;4;4;4;4;4;4;2;12;11;41;3;136;138;137;42;67;67;166;198;196;186;171;170;151;
?;?;?;?;?;?;?;?;?;?;?;?;?;?;5;170;191;179;176;41;0;154;130;111;193;4;4;4;4;4;4;4;4;2;12;11;41;3;136;138;137;108;198;196;186;171;190;178;175;157;
?;?;?;?;?;?;?;?;?;?;?;?;?;?;5;192;180;177;157;150;51;66;52;42;67;67;67;67;166;198;196;186;171;170;151;149;121;120;41;3;136;138;166;198;196;186;171;170;151;4;
?;?;?;?;?;?;?;?;?;?;?;?;?;?;3;136;138;166;198;196;186;171;170;151;4;4;4;4;4;4;4;4;4;4;2;12;11;41;3;136;138;137;42;67;67;166;198;196;186;171;
?;?;?;?;?;?;?;?;?;?;?;?;?;?;186;171;170;151;4;2;12;11;41;0;154;130;111;193;4;4;4;4;4;4;4;2;12;11;41;3;35;29;28;9;5;170;191;179;176;41;
?;?;?;?;?;?;?;?;?;?;?;?;?;?;3;136;138;137;42;67;166;198;196;186;171;170;151;4;4;4;4;2;12;11;41;3;136;138;137;42;67;67;67;67;67;67;67;67;67;67;
?;?;?;?;?;?;?;?;?;?;?;?;?;?;4;4;4;4;4;4;4;2;12;11;41;3;136;138;137;42;67;166;198;40;34;31;19;126;125;124;123;122;67;67;67;67;67;67;67;67;
?;?;?;?;?;?;?;?;?;?;?;?;?;?;15;14;67;166;198;196;186;171;170;151;4;4;4;4;4;4;4;4;4;4;4;4;4;4;4;2;12;11;41;3;136;138;137;42;67;67;
?;?;?;?;?;?;?;?;?;?;?;?;?;?;41;3;35;29;28;9;103;89;88;78;183;182;67;67;67;67;67;67;67;67;67;67;67;166;198;196;186;171;170;151;4;4;4;4;4;4;
?;?;?;?;?;?;?;?;?;?;?;?;?;?;4;4;2;12;11;41;0;154;40;34;31;19;126;125;124;123;122;67;166;198;196;186;171;170;151;4;2;12;11;41;3;136;138;137;42;36;
?;?;?;?;?;?;?;?;?;?;?;?;?;?;4;4;2;12;11;41;0;154;130;111;74;135;133;104;87;185;67;67;166;198;196;186;171;170;151;4;4;2;12;11;41;3;136;138;137;108;
?;?;?;?;?;?;?;?;?;?;?;?;?;?;171;190;178;175;157;200;172;199;197;193;190;178;175;157;150;35;29;28;9;5;170;151;4;4;4;4;4;4;4;4;2;12;11;41;3;136;
?;?;?;?;?;?;?;?;?;?;?;?;?;?;190;178;175;157;150;51;66;166;198;196;186;171;170;191;179;176;41;3;136;138;137;42;67;67;67;166;198;196;186;171;170;151;4;4;4;4;
?;?;?;?;?;?;?;?;?;?;?;?;?;?;41;3;35;29;28;9;5;170;151;4;4;2;12;11;41;3;136;138;137;42;67;166;198;196;186;171;170;151;4;4;4;4;4;4;4;4;
?;?;?;?;?;?;?;?;?;?;?;?;?;?;171;190;178;175;157;150;51;66;52;166;198;196;186;171;170;151;4;4;4;4;4;4;4;4;4;4;4;4;4;4;4;4;4;4;4;4;
?;?;?;?;?;?;?;?;?;?;?;?;?;?;190;178;175;157;150;51;107;155;131;112;171;190;178;175;157;150;51;66;52;42;67;166;198;40;34;68;47;45;38;23;22;21;20;10;4;2;
?;?;?;?;?;?;?;?;?;?;?;?;?;?;5;192;180;177;157;150;51;66;52;42;67;67;67;67;67;67;166;198;196;186;171;170;151;4;4;4;4;4;4;4;4;4;2;12;11;41;
?;?;?;?;?;?;?;?;?;?;?;?;?;?;150;35;29;28;9;5;170;191;179;176;41;3;136;138;137;42;36;198;196;186;171;170;151;4;4;2;12;11;41;3;136;165;155;131;112;171;
?;?;?;?;?;?;?;?;?;?;?;?;?;?;25;24;75;62;59;92;3;136;138;137;42;67;67;67;67;67;67;67;67;67;67;67;67;67;67;166;198;196;186;171;170;151;4;4;4;4;
?;?;?;?;?;?;?;?;?;?;?;?;?;?;171;170;151;4;4;4;4;4;4;4;4;4;2;12;11;41;3;136;138;137;42;67;67;67;67;67;67;67;166;198;196;186;171;170;151;4;
?;?;?;?;?;?;?;?;?;?;?;?;?;?;67;67;67;67;67;67;67;166;198;196;186;171;170;151;4;4;4;4;4;4;4;4;4;4;4;4;4;4;4;4;4;4;4;4;4;4;
?;?;?;?;?;?;?;?;?;?;?;?;?;?;137;42;36;198;196;186;171;170;191;179;176;41;3;136;138;137;108;198;196;186;171;170;151;4;4;4;4;4;4;4;4;4;4;4;4;4;
?;?;?;?;?;?;?;?;?;?;?;?;?;?;150;51;66;52;166;198;196;186;171;170;151;4;4;4;2;12;11;41;3;136;138;137;42;36;198;196;186;171;170;151;4;4;4;4;4;4;
?;?;?;?;?;?;?;?;?;?;?;?;?;?;150;51;107;155;131;112;103;89;88;78;183;182;67;67;166;198;196;186;171;170;151;4;4;4;4;4;4;4;4;2;12;11;41;3;136;138;
?;?;?;?;?;?;?;?;?;?;?;?;?;?;171;190;178;175;157;150;35;29;28;9;5;170;191;179;176;41;0;154;130;111;193;4;4;4;4;4;4;4;4;4;4;4;4;4;4;4;
?;?;?;?;?;?;?;?;?;?;?;?;?;?;171;190;178;175;157;150;51;66;166;198;196;186;171;170;151;4;4;4;4;4;4;4;4;4;4;4;4;4;4;4;4;4;4;4;4;4;
?;?;?;?;?;?;?;?;?;?;?;?;?;?;4;4;4;4;4;4;4;4;4;4;4;2;12;11;41;3;136;138;137;42;67;67;67;67;67;67;67;166;198;196;186;171;170;191;179;176;
?;?;?;?;?;?;?;?;?;?;?;?;?;?;166;198;196;186;171;170;151;4;4;4;4;2;12;11;41;3;35;29;28;9;5;192;180;177;157;150;51;66;52;42;67;67;67;67;67;67;
?;?;?;?;?;?;?;?;?;?;?;?;?;?;67;67;166;198;196;186;171;170;151;4;4;4;4;4;4;4;4;4;4;4;2;12;11;41;3;136;138;137;42;67;67;67;67;67;67;67;
?;?;?;?;?;?;?;?;?;?;?;?;?;?;171;190;178;175;157;150;35;29;28;9;5;170;191;179;176;41;0;154;130;111;74;135;133;104;87;185;67;166;198;196;186;171;190;178;175;157;
?;?;?;?;?;?;?;?;?;?;?;?;?;?;200;172;199;197;193;4;4;4;4;2;12;11;41;3;136;138;137;42;67;67;166;198;196;186;171;170;191;179;176;41;3;136;138;166;198;196;
?;?;?;?;?;?;?;?;?;?;?;?;?;?;81;75;62;59;92;3;136;138;137;42;67;67;166;198;196;186;171;170;191;179;176;41;3;136;138;137;108;198;196;186;171;170;151;4;4;4;
?;?;?;?;?;?;?;?;?;?;?;?;?;?;3;136;138;137;108;198;196;39;33;32;203;201;128;146;4;4;4;4;4;4;4;4;4;2;12;11;41;3;136;138;137;42;67;67;166;198;
?;?;?;?;?;?;?;?;?;?;?;?;?;?;171;170;151;4;4;4;4;2;12;11;41;0;154;130;111;193;4;2;12;11;41;3;35;29;28;9;103;89;88;78;183;182;67;67;67;67;
?;?;?;?;?;?;?;?;?;?;?;?;?;?;112;171;170;151;4;4;4;4;4;4;4;2;12;11;41;3;136;165;155;131;39;33;32;18;17;16;15;14;67;67;166;198;40;34;31;19;
?;?;?;?;?;?;?;?;?;?;?;?;?;?;120;41;0;154;130;111;193;4;4;4;2;12;11;41;3;136;138;137;108;198;196;186;171;170;151;149;121;120;41;3;136;138;137;108;198;196;
?;?;?;?;?;?;?;?;?;?;?;?;?;?;182;165;155;131;112;171;170;151;4;4;4;4;4;2;12;11;41;3;136;138;137;42;67;67;166;198;196;186;171;170;151;4;4;4;4;4;
?;?;?;?;?;?;?;?;?;?;?;?;?;?;2;12;11;41;3;136;138;137;108;198;196;186;171;190;178;175;168;152;44;110;117;116;81;4;2;12;11;41;3;136;138;137;108;198;196;186;
?;?;?;?;?;?;?;?;?;?;?;?;?;?;200;172;199;197;193;4;2;12;11;41;0;154;130;111;193;4;4;2;12;11;41;3;136;138;137;42;67;67;67;67;67;166;198;196;186;171;
?;?;?;?;?;?;?;?;?;?;?;?;?;?;11;41;3;136;138;137;108;102;100;98;96;93;76;65;64;63;181;166;198;196;186;171;170;151;4;4;4;4;4;4;4;4;2;12;11;41;
?;?;?;?;?;?;?;?;?;?;?;?;?;?;39;33;69;46;6;37;27;26;25;24;13;2;12;11;169;156;145;144;141;160;159;158;94;90;79;66;52;42;36;198;196;186;171;170;151;149;
?;?;?;?;?;?;?;?;?;?;?;?;?;?;198;196;186;171;170;151;149;121;120;41;3;136;138;137;108;198;196;186;171;170;151;4;4;4;2;12;11;41;3;136;138;166;198;196;186;171;
?;?;?;?;?;?;?;?;?;?;?;?;?;?;41;3;136;165;155;131;112;171;170;191;179;176;41;3;136;138;137;42;67;67;67;67;67;67;67;67;67;67;67;67;67;67;67;67;67;67;
?;?;?;?;?;?;?;?;?;?;?;?;?;?;35;29;28;9;103;89;88;78;183;182;67;67;67;166;198;196;186;171;170;191;179;176;41;3;136;165;155;131;112;171;170;151;4;4;4;4;
?;?;?;?;?;?;?;?;?;?;?;?;?;?;150;51;107;155;131;112;171;170;151;4;4;4;2;12;11;41;3;136;138;137;42;36;198;196;186;171;170;151;4;2;12;11;41;3;136;138;
?;?;?;?;?;?;?;?;?;?;?;?;?;?;150;51;66;52;42;67;67;166;198;196;186;171;170;151;4;4;4;4;2;12;11;41;0;154;130;111;193;4;4;4;4;4;2;12;11;41;
?;?;?;?;?;?;?;?;?;?;?;?;?;?;65;64;166;198;196;186;171;170;151;4;4;4;4;4;4;4;4;4;4;4;4;4;4;4;4;2;12;11;41;3;136;138;137;108;198;40;
?;?;?;?;?;?;?;?;?;?;?;?;?;?;170;151;4;4;4;4;4;4;4;4;4;4;4;4;4;4;4;4;4;2;12;11;41;3;136;138;137;42;67;67;67;67;67;67;67;67;
?;?;?;?;?;?;?;?;?;?;?;?;?;?;4;4;4;4;4;4;4;4;4;4;4;4;4;4;2;12;11;41;3;136;138;137;108;198;196;186;171;170;151;4;2;12;11;41;3;136;
?;?;?;?;?;?;?;?;?;?;?;?;?;?;2;12;11;41;3;136;138;137;42;67;166;198;196;186;171;170;151;4;2;12;11;169;156;145;144;141;116;81;4;2;12;11;41;3;136;138;
?;?;?;?;?;?;?;?;?;?;?;?;?;?;4;2;12;11;41;3;136;138;137;42;67;67;67;67;67;67;166;198;196;186;171;170;151;4;4;4;4;4;4;4;4;4;4;4;4;2;
?;?;?;?;?;?;?;?;?;?;?;?;?;?;11;41;3;136;138;166;198;196;186;171;170;151;4;4;4;4;4;4;4;4;4;4;2;12;11;41;3;136;138;137;42;67;67;67;67;67;
?;?;?;?;?;?;?;?;?;?;?;?;?;?;170;151;149;121;120;41;3;35;29;28;9;5;192;180;177;157;150;51;66;52;166;198;196;186;171;170;191;179;176;41;3;136;165;155;131;112;
?;?;?;?;?;?;?;?;?;?;?;?;?;?;166;198;196;186;171;170;151;4;4;4;4;4;4;4;4;4;4;4;4;4;4;4;4;4;4;4;4;4;2;12;11;41;3;136;138;137;
?;?;?;?;?;?;?;?;?;?;?;?;?;?;5;192;180;177;157;150;51;107;155;131;112;171;170;151;4;4;4;4;4;4;2;12;11;41;3;136;138;166;198;196;186;171;170;151;4;4;
?;?;?;?;?;?;?;?;?;?;?;?;?;?;25;24;13;2;12;11;41;0;154;130;111;193;4;4;4;4;4;2;12;11;41;3;136;138;137;42;67;67;67;67;67;67;67;67;67;67;
?;?;?;?;?;?;?;?;?;?;?;?;?;?;5;192;180;177;157;150;51;107;101;99;97;54;53;105;181;166;198;196;186;171;170;151;4;4;4;2;12;11;41;3;136;138;137;42;67;166;
?;?;?;?;?;?;?;?;?;?;?;?;?;?;182;165;155;131;112;171;170;191;179;176;187;7;164;148;117;116;81;4;4;2;12;11;41;3;136;138;137;108;198;196;39;33;32;18;17;16;
?;?;?;?;?;?;?;?;?;?;?;?;?;?;4;4;4;4;4;2;12;11;41;3;136;138;166;198;196;186;171;170;151;4;2;12;11;41;3;136;138;137;42;67;67;67;166;198;196;186;
?;?;?;?;?;?;?;?;?;?;?;?;?;?;51;66;52;166;198;40;34;31;19;126;125;166;198;196;186;171;170;151;4;4;4;4;4;4;4;4;4;4;2;12;11;41;3;136;138;137;
?;?;?;?;?;?;?;?;?;?;?;?;?;?;112;171;170;151;4;4;4;4;4;4;4;2;12;11;41;3;136;138;137;42;67;67;67;67;67;67;67;67;67;67;67;67;67;166;198;196;
?;?;?;?;?;?;?;?;?;?;?;?;?;?;136;138;166;198;196;186;171;170;151;149;121;120;41;3;136;138;137;42;67;67;67;67;67;67;67;67;166;198;196;186;171;170;151;4;4;4;
?;?;?;?;?;?;?;?;?;?;?;?;?;?;49;77;86;76;65;64;63;166;198;196;186;171;170;151;4;4;4;4;4;4;4;4;4;4;4;4;4;4;4;4;4;4;2;12;11;41;
?;?;?;?;?;?;?;?;?;?;?;?;?;?;182;67;67;166;198;196;186;171;170;151;4;4;4;4;4;4;2;12;11;41;3;136;138;166;198;196;186;171;170;151;4;4;4;2;12;11;
?;?;?;?;?;?;?;?;?;?;?;?;?;?;112;171;170;151;149;121;120;41;3;136;138;137;42;67;166;198;196;186;171;170;151;4;4;4;4;4;4;2;12;11;41;3;136;138;137;42;
?;?;?;?;?;?;?;?;?;?;?;?;?;?;4;4;4;4;2;12;11;41;3;136;138;137;42;36;198;196;186;171;170;151;4;4;4;2;12;11;41;0;154;130;111;74;135;133;104;87;
?;?;?;?;?;?;?;?;?;?;?;?;?;?;150;51;66;166;198;196;186;171;170;151;4;4;4;4;4;4;4;4;4;4;4;4;4;2;12;11;41;3;136;138;137;42;67;67;67;67;
?;?;?;?;?;?;?;?;?;?;?;?;?;?;152;44;110;117;116;2;12;11;41;3;136;138;137;42;36;198;40;34;31;19;126;203;201;128;146;4;4;4;4;4;4;4;4;2;12;11;
?;?;?;?;?;?;?;?;?;?;?;?;?;?;41;3;136;138;137;42;67;67;67;67;67;67;166;198;196;186;171;170;151;4;4;4;4;4;4;4;4;2;12;11;41;3;136;138;137;42;
?;?;?;?;?;?;?;?;?;?;?;?;?;?;5;170;151;4;4;4;4;2;12;11;41;3;136;138;137;42;67;67;67;166;198;196;186;171;170;151;4;4;4;4;4;4;4;4;4;4;
?;?;?;?;?;?;?;?;?;?;?;?;?;?;171;170;151;4;4;4;4;4;4;2;12;11;41;3;136;138;166;198;196;186;171;170;151;4;4;4;4;4;2;12;11;41;3;136;138;166;
?;?;?;?;?;?;?;?;?;?;?;?;?;?;162;1;118;117;116;81;75;62;59;92;3;136;138;166;198;196;186;171;170;151;4;4;4;2;12;11;41;3;136;138;137;42;67;166;198;196;
?;?;?;?;?;?;?;?;?;?;?;?;?;?;41;3;35;29;28;9;5;170;151;4;4;4;4;4;4;4;4;4;2;12;11;41;3;136;138;137;42;67;67;67;67;67;67;166;198;196;
?;?;?;?;?;?;?;?;?;?;?;?;?;?;67;67;67;166;198;196;186;171;170;151;4;2;12;11;41;3;136;138;137;108;198;196;186;171;170;151;4;4;4;4;4;2;12;11;41;3;
?;?;?;?;?;?;?;?;?;?;?;?;?;?;5;170;191;179;176;41;3;136;138;137;42;67;67;67;67;67;67;67;67;67;166;198;196;186;171;170;151;4;4;4;4;4;4;4;4;4;
?;?;?;?;?;?;?;?;?;?;?;?;?;?;12;11;41;3;136;138;137;42;67;67;67;67;67;67;67;67;67;67;67;67;67;67;67;166;198;196;186;171;170;151;4;4;4;4;4;4;
?;?;?;?;?;?;?;?;?;?;?;?;?;?;34;31;19;126;125;166;198;196;186;171;170;151;4;4;4;2;12;11;41;0;154;130;111;193;4;2;12;11;41;3;136;138;137;42;67;67;
?;?;?;?;?;?;?;?;?;?;?;?;?;?;192;180;177;157;150;51;66;52;166;198;196;39;33;32;18;17;16;15;166;198;196;186;171;170;151;4;4;4;4;4;4;4;4;4;4;4;
?;?;?;?;?;?;?;?;?;?;?;?;?;?;4;4;2;12;69;46;6;37;27;26;25;24;13;2;12;11;41;3;136;138;137;42;67;67;67;67;67;67;67;67;166;198;196;186;171;170;
?;?;?;?;?;?;?;?;?;?;?;?;?;?;166;198;196;186;171;170;151;4;4;4;4;4;4;2;12;11;41;3;136;138;137;42;36;198;196;186;171;170;191;179;69;46;6;37;27;26;
?;?;?;?;?;?;?;?;?;?;?;?;?;?;42;36;198;196;186;171;190;178;175;157;150;51;66;52;42;67;166;198;196;186;171;170;191;188;173;162;1;118;117;116;81;4;4;4;4;4;
?;?;?;?;?;?;?;?;?;?;?;?;?;?;12;11;41;3;136;138;137;42;67;67;67;67;67;67;67;67;67;67;67;67;166;198;196;186;171;170;151;4;4;2;12;11;41;3;136;138;
?;?;?;?;?;?;?;?;?;?;?;?;?;?;103;89;88;78;183;182;67;166;198;196;186;171;170;151;4;4;4;4;4;4;4;4;4;4;4;2;12;11;41;3;136;138;137;42;67;166;
?;?;?;?;?;?;?;?;?;?;?;?;?;?;187;7;164;148;117;116;2;12;11;41;0;154;130;111;193;4;4;2;12;11;41;3;136;138;137;42;36;198;196;186;171;170;151;4;4;4;
?;?;?;?;?;?;?;?;?;?;?;?;?;?;5;192;180;177;157;150;51;107;155;131;112;171;190;178;175;168;152;44;110;139;134;132;127;95;91;185;67;67;67;166;198;196;186;171;170;151;
?;?;?;?;?;?;?;?;?;?;?;?;?;?;67;166;198;196;186;171;170;151;4;2;12;11;41;3;136;138;166;198;196;186;171;170;151;4;2;12;11;41;3;136;165;155;131;112;171;170;
?;?;?;?;?;?;?;?;?;?;?;?;?;?;196;186;171;170;151;4;4;4;4;4;4;4;4;4;4;4;2;12;11;41;3;136;138;137;42;67;67;67;67;67;67;67;67;67;67;67;
?;?;?;?;?;?;?;?;?;?;?;?;?;?;166;198;196;186;171;170;191;179;176;41;3;136;138;166;198;196;186;171;170;151;4;4;4;4;4;4;4;4;4;4;4;4;4;4;4;2;
?;?;?;?;?;?;?;?;?;?;?;?;?;?;34;31;19;126;125;124;123;122;67;67;67;67;67;67;67;67;166;198;196;186;171;170;151;4;4;4;4;2;12;11;41;3;136;138;137;42;
?;?;?;?;?;?;?;?;?;?;?;?;?;?;40;34;31;19;126;125;124;123;122;67;67;166;198;196;186;171;190;178;175;157;150;35;29;28;9;5;170;151;4;4;4;4;2;12;11;169;
?;?;?;?;?;?;?;?;?;?;?;?;?;?;4;4;4;4;4;4;4;4;4;4;4;4;2;12;11;41;3;136;138;137;42;67;67;67;67;67;67;67;67;67;67;166;198;196;186;171;
?;?;?;?;?;?;?;?;?;?;?;?;?;?;170;151;4;2;12;11;41;3;35;29;28;9;5;170;151;4;4;4;4;4;2;12;11;41;3;136;138;137;42;67;67;67;67;67;67;67;
?;?;?;?;?;?;?;?;?;?;?;?;?;?;3;136;138;166;198;196;186;113;84;69;46;6;37;27;26;25;24;13;2;12;11;41;3;136;138;137;42;67;67;67;67;67;67;166;198;196;
?;?;?;?;?;?;?;?;?;?;?;?;?;?;166;198;196;186;171;190;178;175;157;150;51;107;155;131;112;171;170;151;4;2;12;11;41;3;35;29;28;9;5;170;151;4;4;2;12;11;
?;?;?;?;?;?;?;?;?;?;?;?;?;?;2;12;11;41;3;136;138;137;42;36;198;196;186;171;170;151;4;4;4;2;12;11;41;3;136;165;155;131;39;33;32;18;17;16;15;166;
?;?;?;?;?;?;?;?;?;?;?;?;?;?;5;192;180;177;157;150;51;66;52;42;67;67;67;166;198;196;186;171;170;151;4;2;12;11;41;3;136;165;155;131;112;171;170;151;4;4;
?;?;?;?;?;?;?;?;?;?;?;?;?;?;34;31;19;126;125;124;123;166;198;196;186;171;170;151;4;4;4;4;4;4;2;12;11;41;3;136;138;137;42;67;67;67;67;67;67;67;
?;?;?;?;?;?;?;?;?;?;?;?;?;?;171;190;178;175;157;150;35;29;28;9;5;170;151;4;4;4;4;4;4;4;4;2;12;11;41;3;136;138;166;198;196;186;171;170;151;4;
?;?;?;?;?;?;?;?;?;?;?;?;?;?;33;32;18;17;16;15;166;198;196;186;171;170;191;179;176;41;0;154;130;111;193;4;4;4;2;12;11;41;3;136;138;137;42;67;67;67;
?;?;?;?;?;?;?;?;?;?;?;?;?;?;67;67;67;166;198;196;186;171;170;151;4;2;12;11;41;3;136;138;166;198;196;186;171;170;191;179;176;41;3;136;138;137;42;67;67;67;
?;?;?;?;?;?;?;?;?;?;?;?;?;?;5;192;180;177;157;200;172;199;197;193;4;2;12;11;41;3;136;138;137;42;36;198;196;186;171;170;151;4;4;4;4;4;4;4;4;4;
?;?;?;?;?;?;?;?;?;?;?;?;?;?;4;2;12;11;41;3;35;29;28;9;5;192;180;177;157;150;51;66;52;42;67;67;67;67;67;67;166;198;196;186;171;170;191;179;176;41;
?;?;?;?;?;?;?;?;?;?;?;?;?;?;67;67;67;67;67;67;67;67;67;67;67;67;67;67;67;67;67;166;198;196;186;171;170;151;4;4;4;4;4;4;4;4;4;4;2;12;
?;?;?;?;?;?;?;?;?;?;?;?;?;?;138;137;42;67;67;166;198;196;186;171;170;191;179;176;41;3;136;138;137;108;198;40;34;31;19;126;125;124;123;122;67;67;166;198;196;186;
?;?;?;?;?;?;?;?;?;?;?;?;?;?;4;4;4;4;4;4;4;4;4;4;4;4;4;4;4;4;4;4;4;4;4;4;4;4;4;4;4;4;4;4;4;4;4;4;4;4;
?;?;?;?;?;?;?;?;?;?;?;?;?;?;150;51;107;155;131;39;33;32;18;17;16;15;166;198;196;186;171;170;151;4;4;4;4;4;4;4;4;4;4;4;2;12;11;41;3;136;
?;?;?;?;?;?;?;?;?;?;?;?;?;?;5;192;180;177;157;200;172;199;197;193;4;4;2;12;11;41;3;136;165;155;131;112;171;170;151;149;121;120;41;3;136;138;137;42;67;67;
?;?;?;?;?;?;?;?;?;?;?;?;?;?;198;196;186;171;170;151;4;4;4;4;4;4;4;4;2;12;69;46;6;37;27;26;25;24;13;2;12;11;41;3;136;138;137;42;36;198;
?;?;?;?;?;?;?;?;?;?;?;?;?;?;201;128;146;4;4;4;4;2;12;11;41;3;136;165;155;131;112;171;170;191;179;176;41;3;136;138;137;42;67;67;67;67;67;67;67;67;
?;?;?;?;?;?;?;?;?;?;?;?;?;?;182;67;166;198;196;186;171;170;151;4;4;4;4;4;4;2;12;11;41;3;136;138;166;198;196;186;171;170;151;4;4;4;4;4;4;4;
?;?;?;?;?;?;?;?;?;?;?;?;?;?;200;172;199;197;193;4;4;4;4;2;12;11;41;3;136;138;166;198;196;186;171;170;191;179;176;41;3;136;138;137;42;67;166;198;196;186;
?;?;?;?;?;?;?;?;?;?;?;?;?;?;2;12;11;41;3;136;138;137;42;67;67;67;67;67;67;67;67;67;166;198;196;186;171;170;151;4;4;4;4;2;12;11;41;3;136;138;
?;?;?;?;?;?;?;?;?;?;?;?;?;?;51;66;52;42;67;67;166;198;196;186;171;170;151;4;4;4;4;4;4;4;4;4;4;4;4;4;4;4;4;4;4;4;4;4;2;12;
?;?;?;?;?;?;?;?;?;?;?;?;?;?;150;51;66;52;42;67;67;67;67;67;67;166;198;196;186;171;170;151;4;4;4;4;4;4;4;4;4;4;2;12;11;41;0;154;130;111;
?;?;?;?;?;?;?;?;?;?;?;?;?;?;103;89;88;78;183;182;165;155;131;112;103;89;88;78;183;182;165;155;131;112;171;170;151;4;4;4;4;2;12;11;41;3;136;138;137;42;
?;?;?;?;?;?;?;?;?;?;?;?;?;?;4;4;4;4;4;4;4;4;4;4;4;4;4;2;12;11;41;3;136;138;137;108;198;196;186;113;84;83;184;183;182;67;67;67;67;67;
?;?;?;?;?;?;?;?;?;?;?;?;?;?;31;19;126;125;124;123;122;119;85;70;39;33;32;18;17;166;198;196;186;171;170;151;4;4;2;12;11;41;0;154;130;111;193;4;4;4;
?;?;?;?;?;?;?;?;?;?;?;?;?;?;150;35;29;28;9;5;192;180;177;157;150;51;66;52;42;67;67;67;67;166;198;196;186;171;170;151;4;4;2;12;11;41;3;136;138;137;
?;?;?;?;?;?;?;?;?;?;?;?;?;?;4;4;2;12;11;41;3;136;138;137;42;67;67;166;198;196;186;171;170;151;4;4;2;12;11;41;3;136;138;137;42;67;67;67;166;198;
?;?;?;?;?;?;?;?;?;?;?;?;?;?;67;166;198;196;39;33;32;18;17;16;15;14;67;166;198;196;186;171;170;151;4;4;4;4;4;4;4;4;4;4;4;2;12;11;41;3;
?;?;?;?;?;?;?;?;?;?;?;?;?;?;4;2;12;11;41;3;136;138;137;42;67;67;67;67;67;67;166;198;196;186;171;190;178;175;157;150;51;107;155;131;112;171;170;151;4;4;
?;?;?;?;?;?;?;?;?;?;?;?;?;?;170;191;179;176;41;3;35;29;28;9;5;170;151;4;4;4;2;12;11;41;3;136;138;137;42;67;67;166;198;196;186;171;170;191;179;176;
?;?;?;?;?;?;?;?;?;?;?;?;?;?;5;170;151;4;4;2;12;11;41;3;136;138;137;108;198;196;186;171;170;151;149;121;120;41;3;136;138;137;42;67;67;67;67;67;67;67;
?;?;?;?;?;?;?;?;?;?;?;?;?;?;190;178;175;157;150;51;66;52;166;198;40;34;31;19;203;201;128;146;4;4;4;4;4;2;12;11;41;3;136;138;137;42;67;67;67;67;
?;?;?;?;?;?;?;?;?;?;?;?;?;?;67;67;166;198;196;186;171;170;151;149;121;120;41;0;154;130;111;193;4;4;4;4;4;4;2;12;11;41;3;136;138;137;42;36;13;2;
?;?;?;?;?;?;?;?;?;?;?;?;?;?;46;6;37;27;26;25;75;62;59;92;3;136;138;166;198;196;186;113;84;83;167;153;129;109;161;160;159;158;94;90;79;66;52;42;67;67;
?;?;?;?;?;?;?;?;?;?;?;?;?;?;39;33;32;18;17;16;166;198;196;186;171;170;151;4;4;4;4;4;4;4;4;4;4;4;4;4;4;4;2;12;11;41;3;136;138;137;
?;?;?;?;?;?;?;?;?;?;?;?;?;?;2;12;11;41;3;136;138;137;42;67;67;67;67;67;67;67;67;67;166;198;196;186;171;170;151;4;4;4;4;4;4;2;12;11;41;0;
?;?;?;?;?;?;?;?;?;?;?;?;?;?;103;89;88;78;183;182;165;155;131;112;171;170;151;4;4;4;4;4;4;4;4;2;12;11;41;3;136;138;137;42;67;67;67;67;67;67;
?;?;?;?;?;?;?;?;?;?;?;?;?;?;106;82;56;73;61;58;55;127;95;91;185;67;67;67;67;67;67;67;67;67;67;67;67;67;67;67;67;67;67;67;67;166;198;196;186;171;
?;?;?;?;?;?;?;?;?;?;?;?;?;?;200;172;199;197;193;4;2;12;11;41;3;136;138;137;108;198;196;186;171;170;151;4;4;4;4;4;2;12;11;41;3;136;138;137;108;198;
?;?;?;?;?;?;?;?;?;?;?;?;?;?;4;2;12;11;41;3;35;29;28;9;5;192;180;177;157;150;51;107;155;131;112;171;170;151;4;4;4;4;4;4;4;4;4;4;4;4;
?;?;?;?;?;?;?;?;?;?;?;?;?;?;182;165;155;131;112;103;89;88;78;183;182;67;166;198;196;186;171;170;151;4;4;4;4;4;4;4;2;12;11;41;0;154;130;111;193;4;
?;?;?;?;?;?;?;?;?;?;?;?;?;?;42;67;67;67;67;67;166;198;196;186;171;170;151;149;121;120;41;3;136;165;155;131;112;103;89;88;78;183;182;67;67;67;67;67;166;198;
?;?;?;?;?;?;?;?;?;?;?;?;?;?;112;103;89;88;78;183;182;165;155;131;112;171;170;191;179;176;41;3;136;138;137;108;198;196;186;171;170;151;4;4;4;4;2;12;11;41;
?;?;?;?;?;?;?;?;?;?;?;?;?;?;41;3;136;138;166;198;196;186;171;170;151;149;121;120;41;3;136;165;155;131;112;171;170;151;149;121;120;41;3;136;138;137;108;198;196;186;
?;?;?;?;?;?;?;?;?;?;?;?;?;?;5;170;151;149;121;120;41;3;136;138;137;42;67;67;67;67;67;67;67;166;198;196;186;171;170;151;4;4;4;4;4;4;4;2;12;11;
?;?;?;?;?;?;?;?;?;?;?;?;?;?;?;49;77;86;76;65;166;198;196;186;171;170;191;179;176;187;7;164;148;117;116;81;4;4;4;4;2;12;11;41;3;136;138;137;42;67;
?;?;?;?;?;?;?;?;?;?;?;?;?;?;190;178;175;157;150;51;107;155;131;112;171;170;191;179;176;41;3;136;138;137;42;67;67;67;67;67;67;67;67;67;67;67;67;67;67;67;
?;?;?;?;?;?;?;?;?;?;?;?;?;?;5;170;151;149;121;120;41;3;136;138;137;42;36;198;196;39;33;32;18;17;16;15;14;67;166;198;196;186;171;170;151;4;4;4;2;12;
?;?;?;?;?;?;?;?;?;?;?;?;?;?;103;89;88;78;183;182;165;155;131;112;171;170;151;149;121;120;41;3;136;138;166;198;196;186;113;84;83;184;203;201;128;146;4;4;4;2;
?;?;?;?;?;?;?;?;?;?;?;?;?;?;186;113;84;83;184;183;166;198;196;186;171;170;151;4;4;4;4;4;4;4;4;4;4;4;4;4;4;2;12;11;41;3;136;138;137;42;
?;?;?;?;?;?;?;?;?;?;?;?;?;?;81;4;2;12;11;41;3;136;138;137;42;67;67;67;67;67;67;166;198;196;186;171;170;151;4;4;4;4;4;4;4;2;12;11;41;3;
?;?;?;?;?;?;?;?;?;?;?;?;?;?;3;35;29;28;9;5;192;180;177;157;150;51;66;52;42;67;67;67;166;198;196;186;171;170;151;4;4;4;2;12;11;41;3;136;138;137;
?;?;?;?;?;?;?;?;?;?;?;?;?;?;4;4;4;4;4;4;4;4;4;2;12;11;41;3;136;138;137;42;67;67;67;67;67;166;198;196;186;171;170;151;4;4;4;4;4;4;
?;?;?;?;?;?;?;?;?;?;?;?;?;?;2;12;11;41;3;136;138;137;108;198;196;186;171;170;191;179;176;41;3;136;138;137;42;67;67;67;166;198;196;186;171;170;151;4;2;12;
?;?;?;?;?;?;?;?;?;?;?;?;?;?;5;192;180;177;157;150;51;66;52;166;198;196;186;171;170;151;149;121;120;41;3;136;165;155;131;112;171;170;151;149;121;120;41;3;136;138;
?;?;?;?;?;?;?;?;?;?;?;?;?;?;182;165;155;131;112;171;170;151;149;121;120;41;0;154;130;111;193;190;178;175;157;200;172;199;197;193;190;178;175;168;152;44;110;117;116;81;
?;?;?;?;?;?;?;?;?;?;?;?;?;?;4;4;4;4;4;4;4;2;12;11;41;3;136;138;137;42;67;67;67;67;67;67;67;67;67;67;67;67;67;67;67;67;67;67;67;67;
?;?;?;?;?;?;?;?;?;?;?;?;?;?;4;4;4;4;4;2;12;11;41;3;136;138;137;42;36;198;196;186;171;170;151;4;4;2;12;11;41;3;136;138;137;42;67;67;67;67;
?;?;?;?;?;?;?;?;?;?;?;?;?;?;150;51;107;155;131;112;103;89;88;78;183;182;67;67;67;67;67;67;166;198;196;186;171;170;151;4;2;12;11;41;3;136;138;166;198;196;
?;?;?;?;?;?;?;?;?;?;?;?;?;?;4;4;4;4;4;4;2;12;11;169;156;145;144;141;116;81;75;62;59;92;3;136;138;137;42;67;67;67;67;67;67;67;67;67;67;67;
?;?;?;?;?;?;?;?;?;?;?;?;?;?;150;51;107;155;131;112;103;89;88;167;153;129;109;161;4;2;12;11;41;3;136;138;137;42;36;198;196;186;171;170;151;4;4;2;12;11;
?;?;?;?;?;?;?;?;?;?;?;?;?;?;42;67;67;67;67;67;166;198;196;186;113;84;83;184;183;182;67;67;67;67;166;198;196;186;171;170;151;4;4;4;4;4;2;12;11;41;
?;?;?;?;?;?;?;?;?;?;?;?;?;?;2;12;11;41;3;136;165;155;131;112;171;170;151;4;4;4;4;4;4;4;2;12;11;41;3;136;138;137;42;67;67;67;67;166;198;196;
?;?;?;?;?;?;?;?;?;?;?;?;?;?;150;35;29;28;9;5;170;151;4;4;4;4;4;2;12;11;41;3;136;138;137;42;67;67;67;67;67;67;67;166;198;196;186;171;170;151;