?;?;?;?;?;1;5;2;4;4;3;8;7;0;0;6;1;5;2;4;4;4;4;4;4;3;8;7;0;0;0;0;0;0;0;0;6;1;5;3;8;7;0;0;0;0;0;6;1;5;
?;?;?;?;?;3;8;7;0;0;6;1;5;2;3;8;7;0;0;6;1;5;2;4;4;4;4;3;8;7;0;0;0;6;1;5;2;4;4;4;4;4;3;8;7;6;1;5;2;4;
?;?;?;?;?;6;1;5;2;4;4;3;8;7;0;6;1;5;2;3;8;7;0;0;0;0;0;0;0;0;0;0;0;0;0;0;0;0;0;0;0;0;0;0;0;0;6;1;5;2;
?;?;?;?;?;5;2;4;3;8;7;0;0;0;0;0;0;0;0;0;6;1;5;2;4;4;4;4;4;3;8;7;0;6;1;5;2;4;4;4;4;3;8;7;0;0;0;0;0;0;
?;?;?;?;?;6;1;5;2;4;4;3;8;7;0;0;0;0;0;0;0;0;0;6;1;5;2;4;4;4;4;4;4;4;4;4;4;4;4;4;3;8;7;0;0;0;0;0;0;0;
?;?;?;?;?;6;1;5;3;8;7;0;0;0;6;1;5;2;4;4;4;4;3;8;7;0;0;0;6;1;5;2;4;4;4;4;4;3;8;7;0;0;0;6;1;5;2;4;4;3;
?;?;?;?;?;3;8;7;0;0;0;0;6;1;3;8;7;0;6;1;5;2;4;4;3;8;7;0;0;0;0;0;6;1;5;2;4;4;4;4;4;4;4;4;4;4;4;4;3;8;
?;?;?;?;?;1;5;2;4;4;3;8;7;0;0;0;0;0;0;0;0;0;0;0;0;0;6;1;5;2;4;4;4;4;4;4;4;4;4;4;4;3;8;7;0;0;0;0;0;0;
?;?;?;?;?;8;7;0;6;1;5;2;4;4;4;4;4;4;4;4;4;4;4;3;8;7;0;0;0;0;0;0;0;0;0;0;0;0;0;6;1;5;2;4;3;8;7;0;0;6;
?;?;?;?;?;6;1;5;2;4;3;8;7;0;0;6;1;5;2;4;3;8;7;0;0;6;1;5;2;4;4;3;8;7;0;6;1;5;2;4;4;3;8;7;0;0;0;0;6;1;
?;?;?;?;?;1;5;2;4;4;3;8;7;0;6;1;5;2;4;3;8;7;0;0;6;1;5;2;4;3;8;7;0;0;0;0;6;1;3;8;7;0;0;0;0;0;0;0;6;1;
?;?;?;?;?;3;8;7;0;0;0;6;1;5;2;3;8;7;0;0;0;6;1;5;2;4;4;4;4;4;4;4;4;4;4;4;4;3;8;7;0;0;0;0;0;0;0;0;0;0;
?;?;?;?;?;4;4;4;4;4;4;3;8;7;0;0;0;0;0;0;0;6;1;5;2;4;4;3;8;7;0;0;0;0;6;1;5;2;4;4;4;4;4;3;8;7;0;0;0;0;
?;?;?;?;?;0;0;0;0;0;0;0;0;6;1;5;2;4;4;4;3;8;7;6;1;5;2;4;4;4;4;4;3;8;7;0;0;0;0;0;0;0;0;6;1;5;2;4;4;4;
?;?;?;?;?;3;8;7;0;0;6;1;5;2;4;3;8;7;0;0;0;6;1;5;2;4;3;8;6;1;5;2;4;4;3;8;7;0;0;0;0;6;1;5;2;4;4;4;4;3;
?;?;?;?;?;3;8;7;0;0;0;0;6;3;8;7;0;0;6;1;5;2;4;4;3;8;7;0;0;0;6;1;5;2;4;4;4;4;4;3;8;7;0;0;0;0;0;0;0;0;
?;?;?;?;?;6;1;5;2;4;3;8;7;0;0;0;6;1;5;2;4;4;4;4;4;4;4;3;8;7;0;0;0;0;0;0;0;6;1;5;2;4;4;4;4;4;4;4;4;4;
?;?;?;?;?;3;8;7;0;0;6;1;5;2;4;4;3;8;7;0;6;1;5;2;4;4;4;4;4;4;4;4;4;3;8;7;0;0;0;0;0;0;0;0;0;0;0;0;0;0;
?;?;?;?;?;8;7;0;0;0;0;6;1;5;3;8;7;0;6;1;5;2;4;4;4;4;4;4;4;4;4;4;4;4;4;4;4;4;3;8;7;0;0;0;0;0;0;0;0;0;
?;?;?;?;?;1;5;2;4;4;3;8;7;0;0;6;1;5;2;4;3;8;7;0;0;0;0;6;1;5;2;4;4;4;4;4;4;4;3;8;7;0;0;0;0;6;1;5;2;4;
?;?;?;?;?;3;8;7;0;6;1;5;2;4;4;3;8;7;0;0;0;0;0;0;0;0;0;0;0;6;1;5;2;4;4;3;8;7;0;6;1;5;2;4;4;4;4;4;4;4;
?;?;?;?;?;3;8;7;0;0;6;1;5;2;4;3;8;7;0;0;6;1;5;2;4;4;4;3;8;7;0;0;0;0;0;0;0;0;0;0;0;6;1;5;2;4;4;3;8;7;
?;?;?;?;?;1;5;2;4;4;4;3;8;7;6;1;5;2;4;3;8;7;0;0;0;0;0;0;0;0;0;0;0;0;0;0;6;1;5;2;4;4;4;4;4;4;4;4;4;4;
?;?;?;?;?;4;3;8;7;0;0;0;0;0;0;0;0;0;0;0;6;1;5;2;4;4;4;4;4;4;4;4;4;4;4;4;4;3;8;7;0;0;0;6;1;5;2;4;4;4;
?;?;?;?;?;8;7;0;0;0;0;0;6;1;5;3;6;1;5;2;4;4;4;3;8;7;0;0;0;0;0;6;1;5;2;4;4;4;4;4;4;4;4;4;4;4;4;4;4;4;
?;?;?;?;?;3;8;7;0;6;1;5;2;3;8;7;0;0;0;0;0;0;0;0;0;0;6;1;5;2;4;4;4;4;4;4;4;4;4;4;4;4;4;4;4;4;4;4;4;4;
?;?;?;?;?;6;1;5;2;3;8;7;0;0;0;0;6;1;5;2;4;3;8;6;1;5;2;4;4;4;4;4;3;8;7;6;1;5;2;4;4;3;8;7;0;0;6;1;5;2;
?;?;?;?;?;8;7;0;0;0;0;6;1;5;2;3;8;7;0;6;1;5;2;4;4;4;4;4;4;4;4;3;8;7;0;0;0;0;0;0;6;1;5;2;4;4;4;4;3;8;
?;?;?;?;?;3;8;7;0;6;1;5;2;4;4;4;3;8;7;0;0;6;1;5;3;8;7;0;0;0;0;0;0;6;1;5;2;4;4;4;4;4;4;4;4;4;4;4;4;4;
?;?;?;?;?;3;8;7;0;0;6;1;5;2;4;4;3;8;7;6;1;5;2;4;4;4;3;8;7;0;0;0;0;0;0;0;0;0;0;0;0;0;6;1;5;2;4;4;4;4;
?;?;?;?;?;6;1;5;2;3;8;7;0;6;1;5;2;4;4;4;4;4;4;4;4;4;4;4;4;4;3;8;7;0;0;0;0;0;0;0;0;0;0;6;1;5;2;4;4;4;
?;?;?;?;?;6;1;5;2;4;3;8;7;0;0;6;1;5;2;4;4;3;8;7;0;6;3;8;7;0;0;0;0;0;6;1;5;2;4;4;4;4;3;8;7;0;0;0;0;0;
?;?;?;?;?;0;0;0;6;1;3;8;7;0;0;0;0;0;0;0;0;0;6;1;5;2;4;4;4;4;4;4;4;4;4;4;4;4;4;4;4;4;4;4;4;4;4;4;4;4;
?;?;?;?;?;8;7;0;0;0;0;0;6;1;5;2;4;4;4;4;4;3;8;7;0;0;0;0;0;0;6;1;5;2;4;4;4;4;4;4;4;4;4;4;4;4;4;4;4;3;
?;?;?;?;?;3;8;7;0;0;0;0;0;0;0;0;0;0;0;0;0;0;0;0;0;0;0;0;0;6;1;5;2;4;4;4;4;4;4;4;4;3;8;7;0;0;0;0;6;1;
?;?;?;?;?;3;8;7;0;0;0;0;0;0;6;1;5;2;4;4;4;4;4;4;4;3;8;7;0;0;0;0;0;0;0;6;1;5;2;4;4;4;4;3;8;7;0;0;0;0;
?;?;?;?;?;8;7;0;0;0;0;6;1;5;2;4;4;4;4;4;4;4;4;3;8;7;0;0;0;0;0;0;0;0;0;0;0;0;0;0;6;1;5;2;4;4;4;4;4;4;
?;?;?;?;?;0;0;0;0;0;0;0;0;0;6;1;5;2;4;4;4;3;8;7;0;0;0;0;0;0;0;6;1;5;2;4;4;4;4;4;4;4;4;4;4;4;4;4;4;4;
?;?;?;?;?;8;7;0;0;0;0;0;6;1;5;2;4;4;4;3;8;7;0;0;6;1;5;2;4;4;4;4;4;4;4;4;3;8;7;0;0;0;6;1;5;2;4;4;4;4;
?;?;?;?;?;1;5;2;4;3;8;7;0;0;0;6;1;5;2;4;4;4;3;8;7;0;0;0;0;0;0;0;6;1;5;2;4;4;4;4;4;4;4;3;8;7;0;0;6;1;
?;?;?;?;?;1;5;2;4;4;3;8;7;0;6;1;5;2;4;4;3;8;7;0;0;0;0;6;1;5;2;4;4;4;4;3;8;7;0;0;0;0;0;0;0;0;0;6;1;5;
?;?;?;?;?;1;5;2;4;4;4;3;8;7;6;1;5;2;4;4;3;8;7;0;0;0;0;0;0;0;0;6;1;5;2;4;4;4;3;8;7;0;0;6;1;5;2;4;4;4;
?;?;?;?;?;6;1;5;2;4;3;8;7;0;0;0;0;0;0;0;0;0;6;1;5;2;4;4;4;4;4;4;4;3;8;7;0;6;1;5;2;3;8;7;0;0;6;1;5;2;
?;?;?;?;?;8;7;0;0;6;1;5;2;3;8;7;0;0;0;0;0;0;0;0;6;1;5;2;4;4;4;4;4;4;4;4;4;3;8;7;0;0;0;6;1;5;2;4;4;4;
?;?;?;?;?;3;8;7;0;0;6;1;5;2;4;4;3;8;7;0;6;1;5;2;4;4;4;4;4;4;4;4;3;8;7;0;0;0;0;0;0;0;0;6;1;5;2;4;4;4;
?;?;?;?;?;3;8;7;0;0;6;1;5;2;4;4;3;8;7;0;6;1;5;2;4;4;4;4;4;4;4;4;4;3;8;7;0;0;0;0;0;6;1;5;2;4;3;8;7;0;
?;?;?;?;?;3;8;7;0;0;6;1;5;2;4;3;8;7;0;0;0;0;0;0;0;0;0;0;6;1;5;2;4;4;4;3;8;7;0;0;0;0;6;1;5;2;4;4;4;4;
?;?;?;?;?;1;5;2;4;4;3;8;7;0;0;0;0;6;1;5;2;4;4;4;4;4;4;4;4;4;4;4;4;4;3;8;7;0;0;0;0;0;0;0;0;6;1;5;2;4;
?;?;?;?;?;7;0;0;0;0;0;6;1;5;2;4;4;4;4;3;8;7;0;6;1;5;2;4;4;4;4;4;4;4;4;3;8;7;0;0;6;1;5;2;4;4;3;8;7;0;
?;?;?;?;?;4;4;4;4;4;3;8;7;0;0;0;0;0;0;0;6;1;5;2;4;4;4;4;4;4;4;3;8;7;0;0;0;0;0;0;0;0;0;0;0;0;0;0;0;0;
?;?;?;?;?;4;4;4;4;4;4;4;4;4;4;4;4;4;4;4;4;3;8;7;0;0;0;0;0;0;0;6;1;3;8;7;0;0;0;0;0;0;0;0;0;0;0;0;0;0;
?;?;?;?;?;6;1;5;3;8;7;0;0;0;0;0;0;6;1;5;2;4;4;4;4;4;4;4;4;4;4;4;4;4;4;4;4;4;4;3;8;7;0;0;0;0;0;0;0;0;
?;?;?;?;?;1;5;2;4;4;4;3;8;7;0;0;6;1;5;2;3;8;7;0;0;0;0;0;0;0;0;0;0;0;0;0;0;6;1;5;2;4;4;4;4;4;4;4;4;4;
?;?;?;?;?;3;8;7;0;6;1;5;2;4;4;4;3;8;7;0;6;1;3;8;7;0;0;0;0;0;0;0;6;1;5;2;4;4;4;4;3;8;7;0;0;0;0;0;0;6;
?;?;?;?;?;3;8;7;0;6;1;5;2;4;4;4;3;8;7;0;6;1;5;2;3;8;7;0;0;0;0;0;6;1;5;2;4;4;4;4;4;3;8;7;0;0;0;0;0;6;
?;?;?;?;?;8;7;0;0;0;6;1;5;2;4;3;8;7;0;6;1;5;2;4;3;8;7;0;0;6;1;5;2;4;4;4;4;4;4;4;4;4;4;4;3;8;7;0;0;0;
?;?;?;?;?;3;8;7;0;6;1;5;2;4;3;8;7;0;0;0;0;6;1;5;2;4;4;3;8;7;0;0;0;0;0;0;0;0;0;6;1;5;2;4;4;4;4;4;4;4;
?;?;?;?;?;6;1;5;2;4;4;3;8;7;0;0;6;1;5;2;4;4;4;4;4;3;8;7;0;0;0;0;0;0;0;6;1;5;2;4;4;4;4;4;4;4;4;4;4;4;
?;?;?;?;?;8;7;0;0;0;6;1;5;2;4;3;8;7;0;0;0;0;0;6;1;5;2;4;4;4;4;4;4;4;4;4;4;4;4;4;4;4;4;4;4;4;4;4;4;4;
?;?;?;?;?;3;8;7;0;6;1;5;2;4;3;8;7;0;0;0;6;1;5;2;4;3;8;7;0;0;0;0;0;0;0;6;1;3;8;6;1;5;2;4;4;4;4;4;4;3;
?;?;?;?;?;3;8;7;0;0;6;1;5;2;4;3;8;7;0;0;0;0;0;0;0;0;0;0;0;0;6;1;5;2;4;4;4;4;4;4;4;4;4;4;4;4;3;8;7;0;
?;?;?;?;?;6;1;5;2;4;3;8;7;0;0;6;1;5;2;4;4;3;8;7;0;0;0;0;0;0;6;1;5;2;4;4;4;4;4;3;8;7;0;0;0;6;1;5;2;4;
?;?;?;?;?;4;3;8;6;1;5;2;4;4;4;4;3;8;7;0;0;0;0;0;0;0;0;0;0;0;0;0;0;0;0;0;0;0;0;6;1;5;2;4;4;4;4;4;4;4;
?;?;?;?;?;8;7;0;0;0;6;1;5;2;4;4;4;4;4;4;4;4;4;4;4;4;3;8;7;0;0;0;0;0;0;0;0;0;0;0;0;0;6;1;5;2;4;4;4;4;
?;?;?;?;?;3;8;7;0;0;0;0;0;0;0;0;0;0;0;0;0;6;1;5;2;4;4;4;4;4;4;4;4;4;4;4;4;4;4;4;4;4;4;4;4;4;4;4;4;4;
?;?;?;?;?;4;4;3;8;7;0;0;0;0;0;0;6;1;5;2;4;4;3;8;7;0;0;0;0;0;6;1;5;2;4;4;4;4;4;4;4;4;4;4;4;4;4;4;4;4;
?;?;?;?;?;6;1;5;2;4;3;8;7;0;0;0;0;0;6;1;5;2;4;4;4;4;4;4;3;8;7;0;0;0;0;0;0;6;1;5;2;4;4;4;4;4;4;4;4;4;
?;?;?;?;?;6;1;5;2;4;3;8;7;0;0;0;6;1;5;2;3;8;7;0;0;0;0;0;6;1;5;2;4;4;4;4;4;4;4;4;4;4;4;3;8;7;0;0;0;0;
?;?;?;?;?;8;7;0;0;0;6;1;5;2;4;3;8;7;0;0;6;1;5;2;4;4;3;8;7;0;6;1;5;2;4;4;4;4;4;4;4;4;4;4;4;4;4;4;4;4;
?;?;?;?;?;8;7;0;0;0;6;1;5;2;4;3;8;7;0;0;0;0;6;1;5;2;4;4;4;4;4;4;4;4;4;4;4;4;4;4;4;4;4;4;4;4;4;4;4;4;
?;?;?;?;?;8;7;0;6;1;5;2;4;4;4;4;4;4;4;4;4;4;4;4;4;3;8;7;0;0;0;0;0;0;0;0;0;0;0;0;0;6;1;5;2;4;4;3;8;7;
?;?;?;?;?;0;0;0;0;0;0;0;0;0;6;1;5;2;4;4;4;4;4;4;4;3;8;7;0;0;6;1;5;2;4;3;8;7;0;0;0;0;0;0;0;0;0;0;0;0;
?;?;?;?;?;3;8;7;0;0;0;0;0;0;0;0;6;1;5;2;4;4;4;4;4;4;4;4;4;4;4;4;4;4;3;8;7;0;0;0;0;0;0;0;0;0;0;0;0;0;
?;?;?;?;?;8;7;0;0;0;6;1;5;2;4;3;8;7;0;0;6;1;5;2;4;4;3;8;7;0;6;1;5;2;3;8;7;0;0;0;0;6;1;5;2;4;3;8;7;0;
?;?;?;?;?;6;1;5;2;4;3;8;7;0;6;1;5;2;4;4;4;4;4;3;8;7;0;0;0;0;0;0;0;0;6;1;5;2;4;4;3;8;7;0;0;0;0;6;1;5;
?;?;?;?;?;3;8;7;6;1;5;2;4;4;4;3;8;7;0;0;0;0;0;0;0;0;6;1;5;2;4;4;3;8;7;0;0;0;0;0;6;1;5;2;4;4;4;4;4;4;
?;?;?;?;?;1;5;2;4;4;3;8;7;0;0;0;0;0;6;1;5;3;8;7;6;1;5;2;4;4;4;4;4;4;4;4;4;3;8;7;0;0;0;0;0;0;0;0;6;1;
?;?;?;?;?;0;0;0;0;0;6;1;5;2;4;4;4;4;4;4;4;3;8;7;0;6;1;5;2;4;4;3;8;7;0;0;6;1;5;2;3;8;7;0;0;0;0;0;0;0;
?;?;?;?;?;3;8;7;0;0;0;6;1;5;2;4;4;4;4;4;4;4;4;4;4;3;8;7;0;0;0;6;1;5;3;8;7;0;0;0;0;0;0;0;6;1;3;8;7;0;
?;?;?;?;?;6;1;5;2;4;4;4;3;8;7;0;6;1;5;2;4;4;4;4;3;8;7;0;0;0;0;0;6;1;5;2;4;4;4;3;8;7;0;0;0;0;0;6;1;5;
?;?;?;?;?;6;1;5;2;3;8;7;0;0;0;6;1;5;2;4;4;4;4;4;4;4;4;3;8;7;0;0;0;0;0;0;0;0;6;1;5;2;4;4;4;4;4;4;4;4;
?;?;?;?;?;3;8;7;6;1;5;2;4;4;3;8;7;0;0;0;0;0;6;1;5;2;4;3;8;7;6;1;5;2;4;4;4;4;3;8;7;0;0;0;0;0;6;1;5;2;
?;?;?;?;?;6;1;5;2;4;3;8;7;0;6;1;5;2;4;4;3;8;7;0;6;1;5;2;4;4;4;3;8;7;0;0;0;0;0;0;0;0;0;0;0;6;1;5;2;4;
?;?;?;?;?;4;4;4;4;4;4;4;3;8;7;0;0;0;0;0;6;3;8;7;0;0;0;0;0;0;0;6;1;5;2;4;4;4;4;4;4;4;4;4;4;4;3;8;7;0;
?;?;?;?;?;3;8;7;0;0;0;6;1;5;3;8;6;1;5;2;4;4;4;4;4;3;8;7;6;1;5;2;4;3;8;7;0;0;0;0;0;0;6;1;5;2;4;4;4;3;
?;?;?;?;?;0;0;6;3;8;7;0;0;6;1;5;2;4;4;4;3;8;7;0;0;0;0;0;6;1;5;2;4;4;4;4;4;4;3;8;7;0;0;0;0;6;1;5;2;4;
?;?;?;?;?;1;5;2;4;4;4;3;8;7;0;0;0;6;1;5;2;4;4;3;8;7;0;0;0;0;0;0;0;0;0;0;0;0;0;0;0;0;0;0;0;0;0;0;0;0;
?;?;?;?;?;1;5;2;4;3;8;7;0;0;6;1;5;2;3;8;7;0;0;0;0;0;0;6;1;5;2;4;4;3;8;7;0;0;0;6;1;5;2;4;4;4;4;4;4;4;
?;?;?;?;?;6;1;5;2;4;3;8;7;0;0;0;6;1;5;2;4;4;4;4;4;4;3;8;7;0;0;0;0;0;0;6;1;5;2;4;4;4;4;3;8;7;0;0;0;0;
?;?;?;?;?;6;1;5;2;4;3;8;7;0;0;0;0;0;0;0;0;6;1;5;2;4;4;4;4;4;4;4;3;8;7;0;6;1;5;2;4;4;4;4;4;4;3;8;7;0;
?;?;?;?;?;0;0;6;3;8;7;0;0;0;0;0;6;1;5;2;4;4;4;4;4;4;4;4;4;4;4;4;4;4;4;4;4;4;4;3;8;7;0;0;0;0;0;6;1;3;
?;?;?;?;?;7;0;0;0;6;1;5;2;4;4;4;4;4;4;4;4;4;4;4;4;4;4;4;4;4;4;4;4;3;8;7;0;0;0;0;0;0;0;0;0;0;0;0;0;0;
?;?;?;?;?;6;1;5;2;4;4;4;4;4;4;4;4;4;4;4;4;4;4;4;4;4;4;4;3;8;7;0;0;0;0;0;6;1;5;2;4;4;4;4;3;8;7;0;0;0;
?;?;?;?;?;6;1;5;2;4;4;4;4;4;3;8;7;0;0;0;0;0;0;0;6;1;5;2;4;4;4;4;3;8;7;6;1;5;2;4;4;4;4;3;8;7;0;0;0;0;
?;?;?;?;?;3;8;7;0;6;1;5;2;4;4;3;8;7;0;0;0;0;0;0;0;0;0;0;0;0;6;1;5;2;4;4;4;4;4;4;4;4;4;4;4;4;4;4;4;3;
?;?;?;?;?;4;4;4;4;4;4;4;3;8;7;0;0;0;0;6;1;5;2;4;4;4;4;4;4;4;4;4;4;4;4;4;3;8;7;0;0;0;0;0;0;0;0;0;0;0;
?;?;?;?;?;8;7;0;0;6;1;5;2;4;4;4;3;8;7;0;0;6;1;5;2;4;3;8;7;0;0;0;0;0;6;1;5;2;4;4;3;8;7;0;0;0;6;1;5;2;
?;?;?;?;?;0;0;0;0;0;0;0;0;0;6;1;5;2;4;4;4;4;4;4;4;4;4;4;4;4;4;4;4;4;4;4;4;4;4;4;4;4;3;8;7;0;0;0;0;0;
?;?;?;?;?;3;8;7;0;0;6;1;5;2;4;3;8;7;0;0;0;6;1;5;2;4;4;4;4;4;4;4;4;4;3;8;7;0;0;0;0;6;1;5;2;4;4;4;4;4;
?;?;?;?;?;4;3;8;6;1;5;2;4;4;4;4;4;3;8;7;0;6;1;5;2;4;4;4;4;4;4;3;8;7;0;0;0;0;0;0;0;0;0;0;0;0;0;0;0;0;
?;?;?;?;?;3;8;7;0;0;6;1;5;2;4;3;8;7;0;0;0;6;3;8;7;0;0;0;0;6;1;5;2;4;4;4;4;4;4;3;8;7;0;0;0;0;0;0;0;6;
?;?;?;?;?;6;1;5;2;3;8;7;0;0;0;6;1;5;2;4;4;3;8;7;6;1;5;2;4;4;4;4;4;3;8;7;0;0;0;0;0;6;1;5;3;8;7;0;0;0;
?;?;?;?;?;6;1;5;2;4;4;4;4;4;4;4;4;4;4;3;8;7;0;0;0;0;6;1;5;2;4;4;4;4;3;8;7;0;0;0;0;0;0;0;0;0;6;1;5;2;
?;?;?;?;?;1;5;2;4;3;8;7;0;0;0;0;0;6;1;3;8;7;0;0;0;6;1;5;2;4;4;4;4;4;4;4;4;4;4;4;4;4;3;8;7;0;0;0;0;0;
?;?;?;?;?;3;8;7;0;0;0;6;1;5;2;4;4;4;4;4;4;4;4;4;4;3;8;7;0;0;0;0;0;0;0;0;0;0;0;0;0;0;0;0;0;0;0;6;1;5;
?;?;?;?;?;2;4;4;4;3;8;7;0;0;0;0;6;1;5;2;4;4;4;3;8;7;0;0;0;0;0;0;0;0;0;0;0;0;0;0;6;1;5;2;4;4;4;4;4;4;
?;?;?;?;?;8;7;0;0;0;0;6;3;8;7;0;0;0;0;0;0;6;1;5;2;4;4;4;4;4;4;4;4;4;4;4;4;4;4;4;4;4;4;4;4;4;3;8;7;0;
?;?;?;?;?;6;1;5;2;3;8;7;0;0;0;0;0;6;1;5;2;4;4;4;4;4;4;4;4;4;3;8;7;0;0;0;0;6;1;5;2;4;4;4;4;4;4;3;8;7;
?;?;?;?;?;3;8;7;0;0;0;6;1;5;2;4;4;4;3;8;7;0;0;0;0;0;0;0;6;1;5;2;4;4;4;4;4;4;4;4;4;3;8;7;0;0;0;0;0;0;
?;?;?;?;?;0;6;1;5;2;4;4;4;4;4;4;4;4;3;8;7;0;0;0;0;0;0;6;1;5;2;4;4;4;4;4;4;3;8;7;0;6;1;5;2;3;8;7;0;0;
?;?;?;?;?;6;1;5;2;4;3;8;7;0;0;0;0;6;1;5;2;4;4;4;4;4;4;4;4;4;4;4;4;4;4;4;4;3;8;7;0;0;0;0;0;0;0;0;0;0;
?;?;?;?;?;6;1;5;2;4;3;8;7;6;1;5;2;4;4;3;8;7;0;0;0;0;0;0;6;1;3;8;7;0;0;6;1;5;2;4;4;4;4;4;4;4;4;3;8;7;
?;?;?;?;?;6;1;5;2;4;4;3;8;7;0;0;0;0;0;0;0;0;0;0;0;0;6;1;5;2;4;4;4;4;4;4;4;4;4;4;4;3;8;7;0;0;0;0;0;0;
?;?;?;?;?;3;8;7;0;0;6;1;5;2;4;4;4;4;4;4;4;3;8;7;0;0;0;0;0;0;0;0;0;6;1;5;2;4;4;4;4;4;4;4;4;4;4;4;4;4;
?;?;?;?;?;8;7;0;0;0;6;1;5;2;4;4;4;4;4;4;4;4;4;3;8;7;0;0;0;0;6;1;5;2;4;4;4;4;4;4;4;4;3;8;7;0;0;0;0;6;
?;?;?;?;?;6;1;5;2;4;4;3;6;1;5;2;4;4;4;4;3;8;7;0;0;0;0;6;1;5;2;4;4;4;4;4;4;3;8;7;0;0;0;0;0;0;0;6;1;5;
?;?;?;?;?;6;1;5;2;4;4;3;8;7;0;0;6;1;5;2;4;4;4;4;4;4;4;4;4;4;4;4;3;8;7;0;0;0;0;0;0;0;0;0;0;0;0;6;1;5;
?;?;?;?;?;3;8;7;0;0;0;0;0;0;0;0;0;6;1;5;2;4;4;4;4;3;8;7;0;0;0;0;0;6;1;5;2;4;4;4;4;4;4;4;4;3;8;7;0;0;
?;?;?;?;?;3;8;7;0;0;6;1;5;2;4;4;3;8;7;0;0;0;0;0;0;0;0;0;0;0;0;0;0;0;6;1;5;2;4;4;4;4;4;4;4;4;4;4;4;4;
?;?;?;?;?;5;2;4;4;4;4;4;4;3;8;7;0;0;0;0;0;0;0;0;0;0;0;0;0;0;0;0;0;0;0;0;0;6;1;5;2;4;4;4;4;4;4;4;4;4;
?;?;?;?;?;8;7;0;0;0;0;6;1;3;8;7;0;0;0;6;1;5;2;4;4;4;4;4;4;3;8;7;0;6;1;5;2;4;4;3;8;7;0;0;0;0;0;0;0;0;
?;?;?;?;?;8;7;0;0;6;1;5;2;4;3;8;7;0;0;0;0;0;6;1;5;3;8;7;0;0;0;0;6;1;5;2;4;4;4;4;4;4;4;4;4;4;4;4;4;4;
?;?;?;?;?;3;8;7;0;6;1;5;2;4;4;4;3;8;6;1;5;2;4;4;4;4;4;3;8;7;0;0;0;0;0;0;0;0;0;0;0;0;0;0;6;1;5;2;4;4;
?;?;?;?;?;6;1;5;2;3;8;7;0;0;6;1;5;2;4;4;4;4;4;4;4;4;4;3;8;7;0;0;0;0;0;0;6;1;5;2;4;4;3;8;6;1;5;2;4;4;
?;?;?;?;?;4;3;8;7;0;0;0;0;0;0;6;1;5;2;4;3;8;7;0;0;0;0;0;0;0;6;1;5;2;4;4;3;6;1;5;2;4;4;4;4;4;4;4;4;4;
?;?;?;?;?;6;1;5;2;4;4;4;4;3;8;7;0;0;0;0;0;0;0;0;0;0;0;0;0;0;0;0;0;0;6;1;5;2;4;4;4;4;4;3;8;7;0;0;0;0;
?;?;?;?;?;3;8;7;0;0;6;1;5;2;3;8;7;0;0;0;0;6;1;5;2;4;4;4;4;4;4;4;4;4;4;4;4;4;4;3;8;7;0;0;0;0;0;0;0;6;
?;?;?;?;?;6;1;5;2;4;4;3;8;7;6;1;5;2;4;4;3;8;7;0;6;1;5;2;4;4;4;3;8;7;0;0;0;0;0;0;6;1;5;2;4;4;4;4;4;4;
?;?;?;?;?;3;8;7;0;0;6;1;5;2;4;3;8;7;0;0;0;6;1;5;2;4;3;8;7;6;1;5;2;3;8;7;0;0;0;0;0;0;0;6;1;5;2;4;4;4;
?;?;?;?;?;8;7;0;0;0;0;0;0;0;0;6;1;5;2;4;4;4;4;3;8;7;0;0;0;0;6;1;5;2;4;4;4;4;3;8;7;0;0;0;6;1;5;2;4;4;
?;?;?;?;?;0;0;0;0;0;0;0;6;1;5;2;4;4;4;4;4;4;4;4;4;4;4;4;4;4;3;8;7;0;0;0;0;0;0;0;0;0;0;0;0;0;0;0;0;0;
?;?;?;?;?;0;6;1;3;8;7;0;0;0;6;1;5;2;4;4;3;8;7;0;0;0;0;6;1;5;2;4;4;4;4;4;4;4;4;4;4;4;4;4;4;4;4;4;4;3;
?;?;?;?;?;3;8;7;0;0;0;6;1;3;8;7;0;0;0;0;0;0;0;0;0;0;0;0;0;0;6;1;5;2;4;4;4;4;4;4;4;3;8;7;0;0;0;0;0;0;
?;?;?;?;?;4;3;8;7;0;0;0;6;1;3;8;7;0;0;0;0;0;0;0;0;6;1;5;2;4;3;8;7;0;0;6;1;5;2;4;4;4;4;4;4;4;3;8;7;6;
?;?;?;?;?;1;5;2;4;4;4;4;4;4;4;4;4;4;4;4;4;4;4;4;4;4;3;8;7;0;0;0;0;0;0;0;0;0;0;0;0;0;0;0;0;6;1;5;2;4;
?;?;?;?;?;8;7;0;0;6;1;5;2;4;4;4;4;3;8;7;0;0;6;1;5;2;4;4;4;4;4;4;4;4;3;8;7;0;0;0;0;0;0;0;0;0;0;0;0;0;
?;?;?;?;?;1;5;2;4;4;3;8;7;0;0;0;0;6;1;5;2;3;8;6;1;5;2;4;4;4;4;4;3;8;7;0;0;0;0;0;0;0;0;0;0;0;0;6;1;5;
?;?;?;?;?;0;6;1;3;8;7;0;0;0;6;1;5;2;4;3;8;7;0;0;0;6;1;5;2;4;4;4;4;3;8;7;0;0;6;1;5;2;4;4;4;4;4;3;8;7;
?;?;?;?;?;8;7;0;6;1;5;2;4;4;3;8;7;0;0;0;0;0;0;6;1;5;2;4;4;4;4;4;4;3;8;7;0;0;0;6;1;5;3;8;7;0;0;0;0;6;
?;?;?;?;?;3;8;7;0;0;6;1;5;2;4;3;8;7;0;0;0;0;0;0;0;0;0;6;1;5;2;4;4;4;4;3;8;7;0;0;0;6;1;5;2;4;4;4;4;4;
?;?;?;?;?;4;3;8;7;0;0;6;1;3;8;7;0;0;0;0;0;6;1;5;2;4;4;4;4;4;4;4;4;4;3;8;7;0;0;0;0;0;0;0;0;0;0;0;0;0;
?;?;?;?;?;8;7;0;0;0;6;1;5;2;4;3;8;7;0;0;6;1;5;2;4;4;4;4;4;4;4;4;4;4;4;3;8;7;0;0;0;0;6;1;5;2;4;4;4;4;
?;?;?;?;?;3;8;7;0;0;6;1;5;3;8;7;0;0;0;0;6;1;5;2;4;4;3;8;7;0;6;1;5;2;4;4;4;4;3;8;7;0;0;0;0;0;0;0;0;0;
?;?;?;?;?;3;8;7;0;0;0;0;0;0;0;0;0;6;1;5;2;4;4;4;4;3;8;7;0;0;0;0;6;1;5;2;4;4;3;8;7;0;0;0;0;0;0;0;0;0;
?;?;?;?;?;3;8;7;0;0;6;1;5;2;4;3;8;7;0;6;1;5;2;4;4;3;8;7;0;0;0;0;0;0;6;1;5;2;4;4;4;4;4;4;4;4;4;4;4;4;
?;?;?;?;?;3;8;7;0;6;1;5;2;4;4;3;8;7;0;0;6;1;5;2;4;3;8;7;0;0;0;0;0;0;0;0;0;0;0;0;6;1;5;2;4;4;3;8;7;0;
?;?;?;?;?;3;8;7;0;0;0;0;0;0;0;0;0;0;0;0;0;0;0;0;0;0;0;0;0;0;0;6;1;5;2;4;4;4;4;4;4;4;4;4;4;4;4;4;3;8;
?;?;?;?;?;4;4;4;3;8;7;0;0;0;0;0;0;0;0;6;1;5;2;4;4;3;8;7;0;0;0;0;0;6;1;3;8;7;0;0;0;0;0;0;0;0;6;1;5;2;
?;?;?;?;?;4;4;4;4;4;4;4;4;4;4;4;4;4;4;4;4;4;4;4;4;4;4;4;4;4;4;4;4;4;4;4;4;4;4;4;4;4;4;4;4;4;4;4;4;4;
?;?;?;?;?;6;1;5;2;4;3;8;7;0;0;0;6;1;5;3;8;7;0;0;0;0;6;1;5;2;4;4;4;4;4;4;4;4;4;4;4;4;4;4;3;8;7;0;0;0;
?;?;?;?;?;3;8;7;0;0;6;1;5;2;4;3;8;7;0;6;1;5;2;4;4;4;3;8;7;0;0;0;6;1;5;2;4;4;4;3;8;7;0;0;0;0;0;0;0;0;
?;?;?;?;?;8;7;0;0;0;0;0;0;6;1;5;2;4;4;4;4;4;4;4;4;4;4;4;3;8;6;1;5;2;4;4;4;4;4;3;8;7;0;0;0;0;0;0;6;1;
?;?;?;?;?;0;6;1;3;8;7;0;0;6;1;5;2;4;4;4;4;3;8;7;0;0;0;6;1;5;2;4;4;3;8;7;0;0;0;0;0;0;0;0;0;0;0;0;0;0;
?;?;?;?;?;6;1;5;2;3;8;7;0;0;0;0;6;1;5;2;4;4;4;4;4;4;4;4;4;3;8;7;0;0;0;0;6;1;5;2;4;4;4;4;4;4;4;4;4;4;
?;?;?;?;?;6;1;5;2;4;3;8;7;0;6;1;5;2;4;4;4;4;4;3;8;7;0;0;0;0;6;1;5;2;4;4;3;8;7;0;0;0;0;0;0;0;6;1;5;2;
?;?;?;?;?;8;7;0;6;1;5;2;4;4;3;8;7;0;0;0;0;0;0;0;0;0;0;0;0;0;0;0;6;1;5;2;4;4;4;4;4;4;4;3;8;7;0;0;0;0;
?;?;?;?;?;1;5;2;4;3;8;7;0;0;0;0;0;0;0;0;6;1;5;2;4;4;4;4;4;4;4;4;4;4;4;4;4;4;4;4;4;4;4;4;4;4;4;4;3;8;
?;?;?;?;?;6;1;5;2;4;3;8;7;0;0;0;0;0;0;0;0;0;0;0;0;6;1;5;2;4;4;4;4;4;4;4;4;4;4;4;4;4;3;8;7;0;6;1;5;2;
?;?;?;?;?;3;8;7;0;0;6;1;5;2;3;8;7;0;0;0;6;1;5;2;3;8;7;0;0;0;6;1;5;2;4;4;4;4;4;4;4;3;8;7;0;0;0;0;0;0;
?;?;?;?;?;0;6;1;5;2;4;4;4;4;4;4;4;4;4;4;4;4;4;4;4;4;4;3;8;7;0;0;0;0;0;6;1;5;2;3;8;7;0;0;0;0;0;0;0;0;
?;?;?;?;?;3;8;7;0;0;6;1;3;8;7;0;0;0;0;0;0;6;1;5;3;8;7;0;0;6;1;5;2;4;4;4;4;4;3;8;7;0;6;1;5;2;4;4;4;4;
?;?;?;?;?;6;1;5;2;4;3;8;7;0;0;6;1;5;2;4;3;8;7;0;0;0;0;0;0;0;0;0;0;6;1;5;2;4;4;4;4;4;3;8;7;0;0;0;0;0;
?;?;?;?;?;3;8;7;0;6;1;5;2;4;4;4;3;8;7;0;0;0;0;0;0;0;0;6;1;5;2;4;4;4;4;4;3;8;7;0;0;0;0;0;0;0;0;0;6;1;
?;?;?;?;?;0;0;0;0;0;0;0;0;0;0;6;1;5;3;8;7;0;0;0;0;0;0;6;1;5;2;4;4;4;4;4;4;4;4;4;4;4;4;4;4;3;8;7;0;0;
?;?;?;?;?;3;8;7;0;6;1;5;2;4;4;3;8;7;0;0;0;0;0;0;0;0;0;0;0;0;6;1;5;2;4;3;8;7;0;0;0;6;1;5;2;4;4;4;4;4;
?;?;?;?;?;8;7;0;0;6;1;5;2;4;4;3;8;7;0;0;6;1;5;2;4;4;4;4;4;4;3;8;7;0;0;0;0;0;0;0;0;6;1;5;2;4;4;3;8;7;
?;?;?;?;?;3;8;7;0;0;6;1;5;2;4;4;4;4;4;3;8;7;0;0;0;0;0;6;1;5;2;4;4;4;3;8;7;0;0;0;0;0;0;0;0;0;0;0;0;0;
?;?;?;?;?;3;8;7;0;6;1;5;2;4;3;8;7;0;0;0;0;0;6;1;3;8;7;0;6;1;5;2;4;4;4;4;4;3;8;7;0;0;0;0;0;0;0;0;0;0;
?;?;?;?;?;3;8;7;0;0;0;0;0;0;0;0;6;1;5;2;4;4;4;3;8;7;0;6;1;5;2;4;4;4;4;4;4;4;3;8;7;0;0;0;0;0;0;6;3;8;
?;?;?;?;?;6;1;5;2;4;4;3;8;6;1;5;2;4;4;4;3;8;7;0;0;0;0;6;1;5;2;3;8;7;6;1;5;2;4;3;8;7;0;0;0;0;0;0;0;0;
?;?;?;?;?;3;8;7;0;0;0;6;1;5;3;8;7;0;0;0;6;1;5;2;4;4;4;4;4;4;4;4;4;4;4;4;4;4;4;4;4;4;3;8;7;0;0;0;0;0;
?;?;?;?;?;4;4;4;4;4;4;4;4;4;3;8;7;0;0;0;0;0;0;0;0;0;0;0;0;0;0;0;6;1;5;2;4;4;4;4;4;4;4;4;4;3;8;7;0;6;
?;?;?;?;?;3;8;7;0;0;6;1;5;2;3;8;7;0;0;0;6;1;5;2;4;4;4;4;4;4;4;4;4;4;4;3;8;7;0;0;0;0;0;0;0;0;0;0;0;0;
?;?;?;?;?;1;5;2;4;4;4;3;8;7;6;1;5;3;8;7;0;0;0;0;0;0;0;0;0;0;0;0;0;0;0;0;0;0;0;0;0;0;0;0;0;6;1;5;2;4;
?;?;?;?;?;6;1;5;2;4;3;8;7;0;6;1;5;2;4;4;3;8;7;0;0;0;0;0;6;1;5;2;4;4;4;4;4;4;4;4;3;8;7;0;0;0;0;0;6;1;
?;?;?;?;?;3;8;7;0;6;1;5;2;4;4;3;8;7;0;0;6;1;5;2;4;3;8;7;0;0;0;6;1;5;2;4;4;4;4;4;4;4;4;4;4;4;4;4;4;4;
?;?;?;?;?;6;1;5;2;3;8;7;0;0;0;6;1;5;2;3;8;7;0;0;0;0;6;1;5;2;4;4;4;4;4;4;4;4;4;4;3;8;7;0;6;1;5;2;4;4;
?;?;?;?;?;4;3;8;7;0;0;0;0;0;0;0;0;0;0;0;6;1;5;2;4;4;4;3;8;7;0;0;0;6;1;5;2;3;8;7;0;0;0;0;0;0;0;0;6;1;
?;?;?;?;?;3;8;7;0;0;0;6;1;5;2;3;8;7;0;0;0;6;1;5;2;4;4;3;8;7;0;0;0;0;0;6;1;5;2;4;4;4;4;4;4;4;3;8;7;0;
?;?;?;?;?;6;1;5;2;4;4;3;8;7;0;0;0;0;6;1;5;2;4;4;4;3;8;7;0;0;0;6;1;5;2;4;4;4;3;8;7;0;0;0;0;0;6;1;5;2;
?;?;?;?;?;3;8;7;0;0;6;1;5;2;4;4;4;3;8;7;0;0;0;0;0;0;0;0;0;0;0;0;0;6;1;5;2;4;4;4;4;4;4;4;4;4;4;3;8;7;
?;?;?;?;?;3;8;7;0;0;0;0;6;3;8;7;0;0;0;0;6;1;5;2;4;4;3;8;7;6;1;5;2;4;4;4;4;4;4;4;3;8;7;0;0;0;0;0;0;0;
?;?;?;?;?;3;8;7;0;6;1;5;2;4;3;8;7;0;0;0;6;1;5;2;4;4;3;8;7;0;0;0;0;0;0;0;0;0;0;0;0;0;0;0;0;0;0;0;0;0;
?;?;?;?;?;3;8;7;0;0;6;1;5;2;4;4;4;3;8;7;0;0;0;0;0;0;6;1;5;3;8;7;0;0;0;0;0;0;6;1;5;2;4;4;4;4;4;4;3;8;
?;?;?;?;?;8;7;0;0;0;6;1;5;2;3;8;7;0;0;0;6;1;5;2;4;4;4;3;8;7;0;0;0;0;6;1;5;2;3;8;7;0;6;1;5;2;4;4;4;3;
?;?;?;?;?;8;7;0;0;0;0;6;1;5;2;3;8;7;0;0;6;1;5;2;4;4;4;4;4;4;4;4;4;4;4;4;4;4;4;4;4;3;8;7;0;0;0;0;0;0;
?;?;?;?;?;3;8;7;6;1;5;2;4;4;4;4;3;8;7;0;0;0;0;0;0;0;0;0;0;0;0;6;1;5;2;4;4;4;4;4;4;4;4;4;4;3;8;7;0;0;
?;?;?;?;?;1;5;2;4;4;3;8;7;0;0;6;1;5;2;4;3;8;7;0;0;0;0;0;0;0;0;0;6;1;5;2;4;4;4;4;4;4;3;8;7;0;0;0;0;0;
?;?;?;?;?;0;6;1;5;2;4;4;4;4;4;4;4;4;4;4;4;4;4;3;8;7;0;0;0;0;0;0;0;0;0;0;0;6;1;5;2;4;4;4;4;4;4;4;4;4;
?;?;?;?;?;4;4;4;4;4;4;4;4;4;3;8;7;0;0;0;0;0;6;1;5;2;4;4;3;8;7;0;0;0;0;0;0;0;0;0;6;1;5;2;4;4;4;4;3;8;
?;?;?;?;?;3;8;7;0;0;6;1;5;2;4;3;8;7;0;0;0;0;0;6;1;5;2;4;4;4;3;8;7;0;0;0;6;1;5;2;4;4;4;3;8;7;0;0;0;0;
?;?;?;?;?;6;1;5;2;3;8;7;0;0;0;6;1;5;2;4;4;4;3;8;7;0;6;1;5;2;4;3;8;7;0;6;1;5;2;4;3;8;7;6;1;5;2;4;4;4;
?;?;?;?;?;1;5;2;4;4;4;4;4;4;4;4;4;4;4;4;4;3;8;7;0;0;0;0;0;0;0;0;0;0;0;0;0;0;0;0;0;0;0;0;0;0;0;0;0;0;
?;?;?;?;?;1;5;2;4;4;4;4;4;4;4;4;4;4;4;3;8;7;0;0;0;0;0;0;6;1;5;2;4;4;4;4;4;3;8;7;0;0;0;0;0;0;0;0;0;0;
?;?;?;?;?;6;1;5;2;4;3;8;7;0;0;0;6;1;5;2;3;8;7;0;0;0;0;0;0;0;0;0;6;1;5;2;4;4;4;4;3;8;7;0;0;0;0;6;1;5;
?;?;?;?;?;6;1;5;2;4;4;4;4;4;4;4;4;4;4;4;3;8;7;6;1;5;2;4;4;4;3;8;7;0;0;0;0;0;0;0;0;0;0;0;0;0;0;0;0;0;
?;?;?;?;?;6;1;5;2;4;3;8;7;0;0;0;6;1;5;2;3;8;7;6;1;5;2;4;4;3;8;7;0;0;0;0;0;0;6;1;5;2;4;4;4;4;4;3;8;7;
?;?;?;?;?;4;3;8;7;0;0;0;0;0;0;0;0;0;0;0;6;1;5;2;3;8;7;0;0;0;0;0;0;0;6;1;5;2;4;4;4;4;4;4;4;4;3;8;7;0;
?;?;?;?;?;3;8;7;6;1;5;2;4;4;3;8;7;0;0;0;6;1;5;2;4;4;4;4;4;4;4;4;4;4;3;8;7;0;0;0;0;0;0;0;0;0;0;6;1;5;
?;?;?;?;?;6;1;5;2;4;3;8;7;0;0;6;1;5;2;4;4;4;4;4;4;4;4;3;8;7;0;0;0;0;0;0;0;0;0;0;0;0;0;6;1;5;2;4;4;4;