?;?;?;?;?;?;?;?;?;2;2;2;2;2;2;2;2;2;11;10;9;0;0;0;0;0;0;1;8;7;14;2;2;2;2;2;2;2;11;10;9;0;0;0;0;0;0;1;8;7;
?;?;?;?;?;?;?;?;?;0;0;1;8;7;11;10;9;0;0;0;0;0;1;8;7;14;2;2;2;2;2;2;2;2;2;2;2;2;11;10;17;16;15;2;2;2;2;2;2;2;
?;?;?;?;?;?;?;?;?;0;0;1;8;7;14;3;13;17;16;15;2;2;2;2;2;11;10;9;0;0;1;11;10;9;0;0;0;0;0;0;1;8;7;14;2;2;2;11;10;9;
?;?;?;?;?;?;?;?;?;1;8;7;14;2;11;10;9;0;0;0;1;8;7;14;2;2;2;2;11;10;9;0;0;0;0;0;0;1;8;7;14;2;2;2;2;2;2;2;2;2;
?;?;?;?;?;?;?;?;?;3;13;12;6;5;4;1;8;7;14;2;2;11;10;9;17;16;15;2;2;2;11;10;9;0;0;0;1;8;7;14;2;2;2;2;2;2;2;2;2;2;
?;?;?;?;?;?;?;?;?;?;1;8;7;14;2;2;2;2;2;2;2;2;2;11;10;9;0;0;0;0;1;8;7;14;2;2;2;2;2;2;2;2;2;2;2;11;10;9;0;0;
?;?;?;?;?;?;?;?;?;2;2;2;11;10;9;17;16;15;11;10;9;0;0;0;0;0;0;1;8;7;14;2;2;2;2;2;2;2;2;11;10;9;0;0;0;0;0;0;1;8;
?;?;?;?;?;?;?;?;?;?;0;1;8;7;14;2;2;11;10;9;0;0;0;0;1;8;7;14;2;2;2;2;2;2;2;2;2;2;2;2;2;2;2;2;2;2;2;2;2;2;
?;?;?;?;?;?;?;?;?;2;2;2;2;2;2;2;2;2;2;2;2;2;2;2;2;2;2;2;2;2;2;2;2;2;2;2;2;2;2;2;2;2;2;2;2;2;2;2;2;2;
?;?;?;?;?;?;?;?;?;0;1;8;7;14;2;11;10;9;0;0;1;8;7;14;2;2;11;10;9;0;0;1;8;7;14;3;13;12;6;5;4;1;8;7;14;2;2;11;10;9;
?;?;?;?;?;?;?;?;?;1;8;7;14;2;2;2;11;10;9;17;16;15;2;2;11;10;9;0;0;0;0;0;0;0;0;0;0;0;0;0;0;0;0;1;8;7;14;2;2;2;
?;?;?;?;?;?;?;?;?;?;1;8;7;14;3;13;12;6;5;1;8;7;14;2;11;10;17;16;15;2;2;2;2;2;2;11;10;9;0;0;0;0;1;8;7;14;2;11;10;9;
?;?;?;?;?;?;?;?;?;?;0;1;8;7;14;2;2;2;2;2;2;2;2;2;2;2;2;2;2;2;2;2;11;10;9;0;0;0;0;0;0;0;0;0;1;8;7;14;2;2;
?;?;?;?;?;?;?;?;?;0;1;8;7;14;2;2;11;10;9;0;0;0;0;0;0;0;0;0;0;0;1;8;7;14;2;2;2;2;2;2;2;2;2;2;11;10;9;0;0;0;
?;?;?;?;?;?;?;?;?;1;8;7;14;2;2;11;10;9;0;0;0;0;1;8;7;14;3;13;12;6;5;4;0;0;0;0;0;0;0;0;1;8;7;14;2;11;10;9;0;0;
?;?;?;?;?;?;?;?;?;2;2;2;2;2;11;10;9;0;0;0;1;8;7;14;2;2;2;2;2;11;10;9;0;0;0;0;0;1;8;7;14;2;11;10;9;0;0;0;0;0;
?;?;?;?;?;?;?;?;?;8;7;14;2;2;2;2;2;2;2;2;2;11;10;9;0;0;0;0;0;0;1;8;7;14;2;2;2;2;11;10;9;0;0;0;0;0;0;0;0;0;
?;?;?;?;?;?;?;?;?;1;8;7;14;2;2;11;10;9;0;0;0;1;8;7;14;2;11;10;9;0;0;0;0;0;0;0;0;0;0;1;8;7;14;2;2;2;2;2;2;11;
?;?;?;?;?;?;?;?;?;1;8;7;14;2;2;2;2;11;10;9;0;0;0;0;0;0;0;0;0;0;0;1;8;7;14;2;2;2;2;2;2;2;11;10;9;0;0;0;0;0;
?;?;?;?;?;?;?;?;?;2;11;10;9;0;1;8;7;14;2;2;2;2;2;2;2;2;2;2;11;10;9;0;0;0;0;0;0;0;0;0;0;0;0;0;0;0;0;0;1;8;
?;?;?;?;?;?;?;?;?;2;2;11;10;17;16;15;2;2;2;2;2;2;11;10;9;17;16;15;11;10;9;0;0;0;0;1;8;7;14;2;2;11;10;9;0;0;0;0;1;8;
?;?;?;?;?;?;?;?;?;2;2;2;2;2;2;2;11;10;9;0;0;0;0;0;0;0;0;0;0;0;0;1;8;7;14;2;2;2;11;10;9;0;0;0;0;0;0;1;8;7;
?;?;?;?;?;?;?;?;?;0;0;0;0;0;0;0;0;0;0;0;0;1;8;7;14;2;2;2;2;2;2;2;2;2;11;10;9;0;0;0;0;0;0;0;0;0;0;0;0;0;
?;?;?;?;?;?;?;?;?;2;2;11;10;9;0;0;0;0;0;0;0;0;0;0;0;0;0;0;0;1;8;7;14;2;2;2;2;2;2;2;2;2;2;2;2;2;2;2;2;2;
?;?;?;?;?;?;?;?;?;0;1;8;7;14;2;2;2;2;2;2;2;2;2;2;2;2;11;10;9;0;0;0;0;0;0;0;0;0;0;0;0;0;0;0;0;0;0;0;0;1;
?;?;?;?;?;?;?;?;?;10;9;0;0;0;0;1;8;7;14;2;2;2;2;2;11;10;9;0;0;0;0;0;0;0;0;0;0;0;0;0;0;1;8;7;14;2;11;10;9;0;
?;?;?;?;?;?;?;?;?;0;0;0;0;0;0;1;8;7;14;2;2;2;2;2;2;2;2;11;10;9;0;1;8;7;14;2;2;2;2;2;11;10;9;0;0;0;0;1;8;7;
?;?;?;?;?;?;?;?;?;3;13;12;6;5;4;1;8;7;14;2;2;2;2;2;2;2;2;11;10;9;0;0;0;0;1;8;7;14;2;2;11;10;9;0;0;0;0;0;1;8;
?;?;?;?;?;?;?;?;?;2;2;2;2;2;11;10;9;0;1;8;7;14;2;2;2;2;2;11;10;9;0;0;0;0;0;0;0;0;0;0;0;0;0;0;0;0;0;0;0;0;
?;?;?;?;?;?;?;?;?;0;0;0;0;0;1;8;11;10;9;0;0;0;0;0;0;0;1;8;7;14;2;2;2;2;2;2;2;2;2;2;2;2;2;2;2;11;10;9;17;16;
?;?;?;?;?;?;?;?;?;2;11;10;9;0;0;1;8;7;14;2;2;2;2;11;10;9;0;0;0;0;0;0;0;0;1;8;7;14;2;2;2;2;2;2;2;2;2;2;2;2;
?;?;?;?;?;?;?;?;?;0;1;8;7;14;2;11;10;9;0;0;0;0;1;8;7;11;10;9;0;0;0;0;1;8;7;14;2;2;2;2;2;11;10;9;0;0;0;0;0;0;
?;?;?;?;?;?;?;?;?;2;11;10;9;0;0;0;0;0;0;0;0;0;0;0;0;0;1;8;7;14;2;2;2;2;2;2;2;2;2;2;2;2;2;2;11;10;9;0;0;0;
?;?;?;?;?;?;?;?;?;14;2;2;2;2;2;2;2;2;2;2;2;2;2;2;2;2;2;2;2;2;2;2;2;2;2;11;10;9;0;0;0;0;0;0;0;0;0;0;0;0;
?;?;?;?;?;?;?;?;?;2;11;10;9;0;0;0;0;0;0;0;0;1;8;7;14;2;2;2;2;2;2;11;10;9;0;0;0;0;0;0;0;0;1;8;7;14;2;2;2;11;
?;?;?;?;?;?;?;?;?;2;2;11;10;9;0;0;0;0;0;0;0;0;0;0;1;8;7;14;2;2;11;10;9;0;0;0;0;0;0;0;0;0;1;8;7;14;2;2;2;2;
?;?;?;?;?;?;?;?;?;2;11;10;9;0;0;0;1;8;7;14;2;11;10;9;0;1;8;7;14;2;2;11;10;9;0;0;0;1;8;7;14;2;2;2;2;2;2;2;2;2;
?;?;?;?;?;?;?;?;?;3;13;12;6;5;4;1;8;7;14;3;13;12;6;5;1;8;7;14;2;2;11;10;9;0;0;1;8;7;14;2;2;2;2;2;2;11;10;9;0;0;
?;?;?;?;?;?;?;?;?;2;2;11;10;9;0;1;8;7;14;3;13;12;6;5;1;8;7;14;2;2;2;11;10;17;16;15;2;2;2;2;2;2;2;2;11;10;9;0;0;0;
?;?;?;?;?;?;?;?;?;1;8;7;14;2;2;11;10;9;0;0;0;0;1;8;7;14;2;2;2;2;2;2;2;2;2;2;2;11;10;9;0;0;0;0;0;0;0;0;0;0;
?;?;?;?;?;?;?;?;?;2;2;2;2;2;2;2;2;2;2;11;10;9;0;0;0;0;0;0;0;0;0;0;0;0;0;1;8;7;14;2;2;11;10;17;16;15;2;2;2;2;
?;?;?;?;?;?;?;?;?;2;11;10;9;0;1;8;7;14;2;2;2;11;10;9;0;0;0;0;0;0;0;0;1;8;7;14;2;2;2;2;11;10;9;0;0;0;0;0;0;0;
?;?;?;?;?;?;?;?;?;2;2;2;11;10;9;0;0;0;1;8;7;14;2;2;2;2;2;11;10;9;17;16;15;2;2;2;11;10;9;0;0;0;0;0;0;0;0;0;0;0;
?;?;?;?;?;?;?;?;?;0;1;8;7;14;2;11;10;9;0;0;0;1;8;7;14;2;11;10;9;0;0;0;0;0;1;8;7;14;2;2;2;2;2;2;2;2;2;2;2;2;
?;?;?;?;?;?;?;?;?;2;2;2;2;2;2;2;2;2;2;2;11;10;9;0;0;1;8;7;14;2;2;2;11;10;9;0;0;0;0;0;0;0;1;8;7;14;2;2;2;2;
?;?;?;?;?;?;?;?;?;0;0;0;0;0;0;0;0;0;0;1;8;7;14;2;2;2;2;2;11;10;9;0;0;1;8;7;14;2;2;2;2;2;2;2;2;2;11;10;9;0;
?;?;?;?;?;?;?;?;?;8;7;14;2;2;2;2;11;10;9;0;0;0;0;0;0;0;0;0;1;8;7;14;2;2;11;10;9;0;0;0;1;8;7;14;2;2;2;2;11;10;
?;?;?;?;?;?;?;?;?;?;1;8;7;14;2;2;2;2;2;2;2;2;11;10;9;0;0;0;0;1;8;7;14;2;2;11;10;9;0;0;0;0;0;0;0;0;0;0;0;1;
?;?;?;?;?;?;?;?;?;2;11;10;9;0;1;8;7;14;2;2;2;2;11;17;16;15;2;2;2;2;2;11;10;9;0;0;0;0;0;0;0;0;0;0;0;0;1;8;7;14;
?;?;?;?;?;?;?;?;?;2;2;2;11;10;9;0;0;0;0;0;0;0;0;0;0;0;1;8;7;14;2;2;2;2;2;2;11;10;9;0;1;8;7;14;2;2;2;2;2;11;
?;?;?;?;?;?;?;?;?;2;2;2;2;2;2;11;10;9;0;0;0;0;0;0;0;0;0;0;1;8;7;11;10;9;0;0;0;0;0;1;8;7;14;2;11;10;9;0;0;0;
?;?;?;?;?;?;?;?;?;2;2;2;2;2;2;2;2;11;10;9;0;0;0;0;0;0;0;0;0;0;0;1;8;7;14;2;2;2;2;2;2;2;2;2;2;2;2;2;2;2;
?;?;?;?;?;?;?;?;?;1;8;7;14;2;2;11;10;9;0;0;0;1;8;7;14;2;2;2;2;2;2;2;2;2;11;10;9;0;0;0;0;0;0;0;0;0;0;0;0;0;
?;?;?;?;?;?;?;?;?;0;1;8;7;14;2;2;2;2;2;2;2;2;2;2;11;10;9;0;0;0;0;0;0;1;8;7;14;2;2;2;2;2;2;11;10;9;0;0;0;1;
?;?;?;?;?;?;?;?;?;0;1;8;7;14;2;11;10;9;0;1;8;7;14;2;2;2;11;10;9;0;0;0;0;0;0;0;0;0;0;0;0;1;8;7;14;3;13;12;6;5;
?;?;?;?;?;?;?;?;?;16;15;2;2;2;2;2;2;11;10;9;0;0;0;0;0;0;0;0;1;8;7;14;2;2;2;2;2;2;11;10;9;0;0;0;0;0;0;0;0;0;
?;?;?;?;?;?;?;?;?;3;13;12;6;5;4;1;8;7;14;2;2;2;11;10;9;0;0;0;0;0;0;0;0;0;0;0;1;8;7;14;2;2;2;2;2;2;2;11;10;9;
?;?;?;?;?;?;?;?;?;16;15;2;2;2;11;10;9;0;0;0;0;0;1;8;7;14;2;2;11;10;9;0;0;0;0;0;0;1;8;7;14;2;2;2;2;2;2;2;2;2;
?;?;?;?;?;?;?;?;?;0;0;0;0;0;0;0;1;8;7;14;2;2;2;2;2;2;2;2;2;2;2;2;2;2;2;2;2;2;2;2;2;2;2;2;2;2;2;2;2;2;
?;?;?;?;?;?;?;?;?;2;2;2;2;2;2;2;2;2;2;2;2;2;2;2;2;2;2;2;2;2;11;10;9;0;0;0;0;1;8;7;14;2;11;10;9;0;0;0;0;0;
?;?;?;?;?;?;?;?;?;2;2;11;10;9;17;16;11;10;9;0;0;0;0;0;1;8;7;14;2;2;2;11;10;9;0;0;0;0;0;0;0;0;0;0;0;0;1;8;7;14;
?;?;?;?;?;?;?;?;?;0;0;0;1;8;7;14;2;2;2;2;2;2;11;10;9;0;0;0;0;0;0;0;1;8;7;14;2;2;2;2;2;2;2;2;2;2;2;2;2;2;
?;?;?;?;?;?;?;?;?;2;11;10;9;17;16;15;2;2;2;11;10;9;0;0;0;1;8;7;14;2;11;10;9;0;0;0;0;0;0;0;1;8;7;14;2;2;2;2;2;2;
?;?;?;?;?;?;?;?;?;0;1;8;7;14;3;13;12;6;5;4;1;8;7;14;2;2;11;10;9;0;1;8;7;14;2;2;11;10;9;0;0;0;0;0;1;8;7;14;2;2;
?;?;?;?;?;?;?;?;?;?;0;1;8;7;14;2;2;2;11;10;9;0;0;0;0;0;1;8;7;14;2;2;2;2;11;10;9;0;0;0;1;8;7;14;3;13;12;6;5;4;
?;?;?;?;?;?;?;?;?;2;2;2;2;2;11;10;9;0;0;0;0;0;0;0;0;0;0;0;0;1;8;7;14;2;2;2;2;2;2;2;2;11;10;9;0;0;0;0;0;0;
?;?;?;?;?;?;?;?;?;2;11;10;9;0;0;1;8;7;14;3;13;12;6;5;4;0;0;1;8;11;10;9;0;0;1;8;7;14;3;13;12;6;5;4;1;8;7;14;2;2;
?;?;?;?;?;?;?;?;?;3;13;12;6;5;1;8;7;14;2;2;2;11;10;9;0;0;0;0;0;1;8;7;14;2;2;2;2;2;2;11;10;9;0;0;0;0;1;8;7;14;
?;?;?;?;?;?;?;?;?;1;8;7;14;2;2;2;2;2;2;2;2;11;10;9;0;0;0;0;0;0;0;0;0;0;0;1;8;7;14;2;2;11;10;9;0;0;0;0;0;0;
?;?;?;?;?;?;?;?;?;?;0;1;8;7;11;10;9;0;1;8;7;14;2;2;2;11;10;9;0;0;1;8;7;14;2;2;2;2;11;10;9;0;0;0;0;0;0;0;0;0;
?;?;?;?;?;?;?;?;?;2;2;2;2;2;2;2;2;2;2;2;2;11;10;9;0;0;0;0;0;0;0;0;0;0;0;0;0;0;0;0;0;0;0;0;0;0;1;8;7;14;
?;?;?;?;?;?;?;?;?;?;0;0;0;0;0;0;0;0;1;8;7;14;2;2;2;2;2;11;10;9;0;1;8;7;14;2;2;2;2;2;2;11;10;9;0;0;0;0;0;0;
?;?;?;?;?;?;?;?;?;0;1;8;7;14;2;11;10;9;0;1;8;7;14;2;2;2;2;11;10;9;0;0;0;0;0;0;0;0;1;8;7;14;2;11;10;9;0;0;1;8;
?;?;?;?;?;?;?;?;?;2;2;11;10;9;17;16;15;2;2;2;11;10;9;0;0;0;0;0;0;0;0;0;0;0;0;0;0;0;0;0;1;8;7;14;2;2;2;2;2;2;
?;?;?;?;?;?;?;?;?;2;11;10;9;0;0;1;8;7;14;2;11;10;9;0;0;1;8;7;14;2;11;10;9;0;0;0;0;0;0;1;8;7;14;2;2;2;2;2;2;2;
?;?;?;?;?;?;?;?;?;0;0;0;0;0;1;8;7;14;2;2;2;2;2;2;2;2;2;2;2;2;11;10;9;17;16;15;2;2;2;11;10;9;0;0;0;0;0;0;0;1;
?;?;?;?;?;?;?;?;?;1;8;7;14;2;2;11;10;9;0;0;0;1;8;7;14;2;2;2;2;2;2;2;2;11;10;9;0;0;0;0;0;0;0;1;8;7;14;2;2;2;
?;?;?;?;?;?;?;?;?;0;0;0;0;1;8;7;14;2;2;2;2;11;10;9;0;0;0;0;0;0;0;0;0;0;0;1;8;7;14;2;2;2;2;11;10;17;16;15;2;2;
?;?;?;?;?;?;?;?;?;0;1;8;7;14;3;13;12;6;5;4;1;8;7;14;3;13;12;6;5;4;1;8;7;14;2;11;10;9;0;0;0;1;8;7;14;2;2;2;2;2;
?;?;?;?;?;?;?;?;?;2;2;11;10;9;0;0;0;0;1;8;7;14;2;2;2;2;11;10;9;0;0;0;0;0;0;0;0;0;0;0;0;0;0;0;0;0;0;0;0;0;
?;?;?;?;?;?;?;?;?;0;0;1;8;7;14;2;2;2;2;2;2;2;2;11;10;9;0;0;0;0;0;1;8;7;14;2;11;10;9;0;0;0;1;8;7;14;2;2;2;2;
?;?;?;?;?;?;?;?;?;12;6;5;4;1;8;7;14;2;2;2;2;11;10;9;0;0;0;0;0;0;0;0;0;0;1;8;7;14;2;2;2;11;10;9;0;0;0;0;0;0;
?;?;?;?;?;?;?;?;?;11;10;9;0;0;0;1;8;7;14;2;11;10;9;0;1;8;7;14;2;2;2;2;11;10;9;0;0;0;1;8;7;14;3;13;12;6;5;4;0;0;
?;?;?;?;?;?;?;?;?;10;9;17;16;15;2;2;2;2;2;2;11;10;9;0;0;0;0;0;0;0;0;0;0;1;8;7;14;2;2;2;2;2;2;2;2;2;2;2;2;2;
?;?;?;?;?;?;?;?;?;0;1;8;7;14;2;2;2;2;2;2;2;2;2;2;11;10;9;0;0;0;0;0;1;8;7;14;3;13;12;6;5;4;0;0;0;0;1;8;7;14;
?;?;?;?;?;?;?;?;?;1;8;7;14;2;2;2;2;2;2;2;2;2;2;2;2;2;2;11;10;9;0;0;0;0;0;0;0;0;0;0;0;0;0;0;0;0;1;8;7;14;
?;?;?;?;?;?;?;?;?;15;2;2;2;2;2;2;2;2;2;2;2;2;11;10;9;0;0;0;1;8;7;14;2;2;2;2;11;10;9;0;0;0;0;0;0;0;0;0;0;0;
?;?;?;?;?;?;?;?;?;11;10;9;0;0;0;0;0;0;1;11;10;9;0;0;0;0;0;0;0;0;0;0;0;1;8;7;14;2;2;2;2;2;2;2;2;2;2;2;11;10;
?;?;?;?;?;?;?;?;?;2;11;10;9;0;0;0;0;0;0;0;0;0;0;0;1;8;7;14;2;2;2;2;2;11;10;9;17;16;15;2;2;2;2;2;2;11;10;9;0;0;
?;?;?;?;?;?;?;?;?;0;0;0;0;0;0;0;0;0;1;8;7;14;2;2;11;10;9;0;0;0;0;1;8;7;14;2;2;2;2;11;10;9;0;0;0;0;0;0;0;0;
?;?;?;?;?;?;?;?;?;0;0;1;8;7;14;2;2;2;2;11;10;9;0;0;0;0;1;8;7;14;2;2;2;2;2;11;10;9;0;0;0;0;0;1;8;7;14;2;2;2;
?;?;?;?;?;?;?;?;?;?;0;1;8;7;14;2;2;2;2;2;2;2;2;2;2;11;10;9;0;1;8;7;14;2;2;2;11;10;9;0;0;0;0;0;1;8;7;14;2;2;
?;?;?;?;?;?;?;?;?;?;0;0;0;0;0;1;8;7;14;3;13;12;6;5;4;0;0;0;1;8;7;14;2;2;2;2;2;2;2;2;2;2;2;2;11;10;9;0;0;0;
?;?;?;?;?;?;?;?;?;2;11;10;9;0;0;1;8;7;14;2;11;10;9;0;0;0;1;8;7;14;2;2;2;2;11;10;9;0;0;0;0;0;0;0;0;0;0;0;0;1;
?;?;?;?;?;?;?;?;?;2;11;10;9;0;1;8;7;14;2;2;11;10;9;0;1;8;7;14;2;2;2;2;11;10;9;0;0;0;1;8;7;14;2;2;11;10;9;0;0;0;
?;?;?;?;?;?;?;?;?;2;2;11;10;9;0;0;1;8;7;14;2;2;2;2;2;11;10;9;0;0;0;0;0;0;0;0;0;1;8;7;14;2;2;2;2;2;2;11;10;9;
?;?;?;?;?;?;?;?;?;2;11;10;9;0;0;0;0;1;8;11;10;9;17;16;15;2;2;2;2;2;11;10;9;0;0;0;1;8;7;14;2;11;10;9;0;0;0;0;1;8;
?;?;?;?;?;?;?;?;?;0;0;1;8;7;14;2;2;11;10;9;0;0;0;0;0;0;0;0;1;8;7;14;2;2;11;10;9;0;0;0;1;8;7;14;2;2;2;2;11;10;
?;?;?;?;?;?;?;?;?;2;2;2;2;2;2;2;2;2;11;10;9;0;0;0;0;0;0;0;0;0;0;0;0;0;0;1;8;7;14;2;2;2;2;11;10;9;0;0;0;0;
?;?;?;?;?;?;?;?;?;?;1;8;7;14;2;2;2;11;10;9;17;16;15;2;2;2;11;10;9;0;0;0;0;0;0;0;0;0;0;0;0;1;8;7;14;2;2;2;11;10;
?;?;?;?;?;?;?;?;?;3;13;12;6;5;1;8;7;14;2;2;2;2;11;10;9;0;0;0;0;0;0;0;0;0;0;1;8;7;14;2;2;2;2;11;10;9;0;0;0;0;
?;?;?;?;?;?;?;?;?;2;2;11;10;17;16;15;2;2;2;2;11;10;9;0;0;0;0;0;0;0;0;0;0;0;0;0;0;0;0;0;0;0;0;0;0;0;1;8;7;14;
?;?;?;?;?;?;?;?;?;2;11;10;9;0;0;1;8;7;14;2;2;11;10;9;17;16;15;2;2;11;10;9;0;0;0;0;0;1;8;7;14;2;2;11;10;9;0;0;0;0;
?;?;?;?;?;?;?;?;?;2;2;11;17;16;15;2;2;2;2;2;2;11;10;9;0;0;0;0;0;0;0;0;0;0;0;0;1;8;7;14;2;2;2;2;2;2;2;2;2;2;
?;?;?;?;?;?;?;?;?;0;0;0;0;0;0;0;0;0;0;0;0;1;8;7;14;2;2;2;11;10;17;16;15;2;2;2;2;2;11;10;9;0;0;0;0;0;0;0;0;0;
?;?;?;?;?;?;?;?;?;2;2;11;10;9;0;0;0;0;0;0;0;0;0;0;0;1;8;7;14;2;11;10;9;0;1;8;7;14;2;2;2;2;2;2;2;2;11;10;9;0;
?;?;?;?;?;?;?;?;?;2;11;10;17;16;15;2;2;2;2;2;2;11;10;9;0;0;0;0;0;0;0;0;0;0;1;8;7;14;2;2;11;10;9;0;0;0;0;0;0;1;
?;?;?;?;?;?;?;?;?;3;13;12;6;5;4;0;1;8;7;14;2;2;2;2;2;2;2;2;2;2;2;2;2;2;2;2;2;2;2;2;11;10;9;0;0;0;0;0;0;0;
?;?;?;?;?;?;?;?;?;8;7;14;3;13;12;6;5;4;0;0;1;8;7;14;2;2;2;2;2;2;2;2;2;2;2;2;2;2;2;2;2;2;2;2;11;10;9;0;1;8;
?;?;?;?;?;?;?;?;?;?;1;8;7;14;2;11;10;9;0;1;8;7;14;2;2;2;2;11;10;17;16;15;2;2;2;11;10;9;0;0;0;0;0;1;8;7;14;2;2;2;
?;?;?;?;?;?;?;?;?;1;8;7;14;2;2;2;11;10;9;0;0;0;1;8;7;11;10;9;0;0;0;0;0;0;0;0;0;0;0;1;8;7;14;2;2;2;2;2;2;11;
?;?;?;?;?;?;?;?;?;0;1;8;7;14;2;11;10;9;0;0;1;8;7;14;2;2;11;10;9;0;0;0;0;1;8;7;14;3;13;12;6;5;4;0;0;0;1;8;7;14;
?;?;?;?;?;?;?;?;?;13;12;6;5;4;0;1;8;7;14;3;13;12;6;5;4;0;1;8;7;14;2;11;10;9;0;1;8;7;14;2;2;2;2;2;2;11;10;9;0;0;
?;?;?;?;?;?;?;?;?;2;11;10;9;0;0;0;0;0;0;1;8;7;14;2;2;2;2;2;2;2;2;2;11;10;9;0;0;0;0;0;0;0;0;0;0;0;0;0;0;0;
?;?;?;?;?;?;?;?;?;2;11;10;9;0;0;0;0;0;0;0;0;0;0;0;1;8;7;14;2;2;2;2;2;2;2;2;2;2;2;2;2;11;10;9;0;0;0;0;0;0;
?;?;?;?;?;?;?;?;?;2;11;10;9;0;0;1;8;7;14;2;2;2;2;2;2;2;2;2;2;2;2;11;10;9;0;0;0;0;0;0;0;0;0;0;0;0;1;8;7;14;
?;?;?;?;?;?;?;?;?;0;0;0;0;0;0;1;8;7;14;2;2;2;2;2;2;2;2;2;2;2;2;2;2;2;2;2;2;2;2;11;10;9;0;0;0;0;1;8;7;14;
?;?;?;?;?;?;?;?;?;2;11;10;9;0;0;0;0;0;0;0;0;0;1;8;7;14;2;2;2;2;11;10;9;0;0;0;0;0;0;0;0;0;0;0;0;0;0;0;1;8;
?;?;?;?;?;?;?;?;?;2;2;2;2;11;10;9;0;0;0;0;0;1;8;7;14;2;2;2;11;10;9;0;0;0;0;0;0;0;0;0;0;0;1;8;7;14;2;2;11;10;
?;?;?;?;?;?;?;?;?;10;9;0;0;0;0;0;0;0;0;0;0;0;0;0;0;1;8;7;14;2;2;2;2;2;2;2;2;2;2;2;2;2;2;2;2;11;10;9;0;0;
?;?;?;?;?;?;?;?;?;2;2;11;10;9;0;1;8;11;10;9;0;0;0;0;0;0;1;8;7;14;2;2;2;2;2;2;2;2;2;2;2;2;2;2;2;11;10;9;0;0;
?;?;?;?;?;?;?;?;?;3;13;12;6;5;4;0;0;1;8;7;14;2;2;2;2;2;2;2;2;2;2;2;2;2;2;2;2;2;2;2;2;2;2;2;2;2;2;2;2;11;
?;?;?;?;?;?;?;?;?;14;3;13;12;6;1;8;7;14;2;2;2;2;2;2;2;2;2;2;2;2;2;2;2;2;11;10;9;0;0;0;0;0;0;0;0;0;0;0;0;0;
?;?;?;?;?;?;?;?;?;?;0;0;1;8;7;14;2;2;2;2;2;2;2;11;10;9;0;0;1;11;10;9;0;0;0;0;0;0;1;8;7;14;2;2;2;2;11;10;9;0;
?;?;?;?;?;?;?;?;?;0;0;0;1;11;10;9;0;0;0;1;8;7;14;2;2;2;2;2;2;2;2;11;10;9;0;0;0;0;0;0;0;0;1;8;7;14;2;2;2;2;
?;?;?;?;?;?;?;?;?;0;0;0;0;0;1;8;7;14;2;2;2;2;2;2;11;10;9;0;0;0;0;0;0;0;1;8;7;14;2;2;2;11;10;9;0;0;0;0;0;0;
?;?;?;?;?;?;?;?;?;2;2;2;2;2;2;2;2;2;11;10;9;0;0;0;0;0;1;8;7;14;3;13;12;6;5;4;0;0;0;1;8;7;14;2;2;2;2;11;10;9;
?;?;?;?;?;?;?;?;?;2;11;10;9;0;1;8;7;14;2;2;2;11;10;9;0;0;0;0;1;8;7;14;2;2;2;11;10;9;0;0;0;0;0;0;0;0;1;8;7;14;
?;?;?;?;?;?;?;?;?;2;2;2;11;10;9;0;0;0;0;0;0;0;0;0;0;0;0;0;0;1;8;7;14;2;2;2;2;11;10;9;0;0;0;0;0;0;0;1;8;7;
?;?;?;?;?;?;?;?;?;2;2;2;2;2;2;2;2;2;2;2;2;2;2;2;2;2;2;2;2;2;2;2;2;2;2;2;2;2;2;2;2;2;2;2;2;2;2;2;2;2;
?;?;?;?;?;?;?;?;?;2;2;2;2;2;2;2;2;2;2;2;2;2;2;2;2;2;2;2;11;10;9;0;0;0;0;0;0;0;0;0;0;0;0;0;0;0;0;0;1;8;
?;?;?;?;?;?;?;?;?;0;0;0;0;0;1;8;7;14;2;2;2;2;2;2;2;2;2;2;11;10;9;0;0;0;0;0;0;1;8;7;14;2;2;2;2;2;2;2;2;11;
?;?;?;?;?;?;?;?;?;3;13;12;6;5;4;0;0;0;0;0;0;0;1;8;7;14;2;2;2;2;2;2;2;2;2;2;2;2;2;2;2;2;2;2;2;2;2;11;10;9;
?;?;?;?;?;?;?;?;?;0;1;8;7;14;2;11;10;9;0;0;0;1;8;7;14;3;13;12;6;5;4;1;8;7;14;2;2;2;2;2;2;2;2;11;10;9;0;0;0;0;
?;?;?;?;?;?;?;?;?;2;2;2;2;2;2;2;11;10;9;0;0;0;0;1;8;7;14;2;11;10;9;0;1;8;7;14;2;2;11;10;9;0;0;0;0;1;8;7;14;2;
?;?;?;?;?;?;?;?;?;1;8;7;14;2;2;2;11;10;9;0;0;1;8;7;14;3;13;12;6;5;4;0;0;0;0;0;0;0;1;8;7;14;2;2;2;2;2;11;10;9;
?;?;?;?;?;?;?;?;?;2;2;2;11;10;9;0;0;0;0;0;0;0;0;0;0;0;0;0;0;0;0;1;8;7;14;2;2;2;2;2;2;2;2;2;2;2;2;2;2;2;
?;?;?;?;?;?;?;?;?;0;0;0;0;0;1;8;7;14;3;13;12;6;5;4;0;0;0;0;0;0;0;0;1;8;7;14;2;2;2;2;2;2;2;2;2;2;2;11;10;9;
?;?;?;?;?;?;?;?;?;2;2;2;2;11;10;9;0;0;0;0;0;0;0;1;8;7;14;2;2;2;2;2;11;10;9;0;0;0;0;0;0;0;0;0;1;8;7;14;3;13;
?;?;?;?;?;?;?;?;?;2;11;10;9;0;1;8;7;14;2;2;2;2;2;2;2;2;2;2;2;2;2;2;11;10;9;0;0;0;0;0;0;0;0;0;0;0;0;0;0;0;
?;?;?;?;?;?;?;?;?;2;2;11;10;9;0;1;8;7;11;10;9;0;0;0;0;0;1;8;7;14;2;2;2;2;2;2;11;10;9;0;0;0;0;0;0;0;0;1;8;7;
?;?;?;?;?;?;?;?;?;1;8;7;14;2;2;11;10;9;0;0;0;0;0;1;11;10;9;0;0;0;1;8;7;11;10;9;0;0;0;0;0;0;0;0;1;8;7;14;2;2;
?;?;?;?;?;?;?;?;?;?;0;1;8;7;14;2;2;2;2;2;11;10;9;0;0;0;0;0;0;0;1;8;7;14;2;2;2;2;2;2;2;2;2;2;11;10;9;0;0;0;
?;?;?;?;?;?;?;?;?;2;11;10;9;0;0;0;0;0;0;0;0;0;0;0;0;0;0;1;8;7;14;2;2;2;2;2;2;2;2;2;2;2;2;11;10;17;16;15;2;2;
?;?;?;?;?;?;?;?;?;0;0;0;0;1;8;7;14;2;2;2;2;11;10;9;0;0;0;0;0;0;0;0;0;0;0;0;0;1;8;7;14;2;2;2;2;11;10;9;0;0;
?;?;?;?;?;?;?;?;?;?;0;0;0;0;0;0;1;8;7;14;2;2;2;2;2;2;2;11;10;9;0;1;11;10;9;0;0;0;0;0;0;0;0;1;8;7;14;2;2;2;
?;?;?;?;?;?;?;?;?;2;11;10;9;0;1;8;7;14;2;2;2;2;2;11;10;9;17;16;15;2;2;11;17;16;15;2;2;2;2;2;2;11;10;9;0;0;0;0;0;0;
?;?;?;?;?;?;?;?;?;?;1;8;7;14;2;2;11;10;9;17;16;15;2;2;11;10;9;0;0;1;8;7;14;2;2;2;2;2;2;2;2;2;2;2;11;10;9;0;0;0;
?;?;?;?;?;?;?;?;?;2;2;2;2;2;2;2;2;2;2;2;11;10;9;0;0;0;0;0;0;1;8;7;14;2;2;11;10;9;0;0;0;0;0;0;0;0;1;8;7;14;
?;?;?;?;?;?;?;?;?;2;11;10;9;0;0;0;0;0;0;0;0;0;0;0;0;1;8;7;14;2;2;2;2;2;2;2;2;2;2;2;2;2;2;2;2;2;2;2;2;2;
?;?;?;?;?;?;?;?;?;11;10;9;0;0;0;1;8;7;14;2;11;10;9;0;0;0;0;0;0;0;0;0;0;0;0;1;8;7;14;2;2;2;11;10;9;0;0;0;0;0;
?;?;?;?;?;?;?;?;?;1;8;7;14;2;2;11;10;9;0;0;0;1;8;7;14;2;2;2;2;2;2;2;2;2;2;11;10;9;17;16;15;2;2;11;10;9;0;0;0;0;
?;?;?;?;?;?;?;?;?;3;13;12;6;5;4;1;8;7;14;2;2;2;2;11;10;9;0;1;8;7;14;2;11;10;9;0;0;0;0;0;0;0;0;1;8;7;14;2;11;10;
?;?;?;?;?;?;?;?;?;2;11;10;9;0;1;8;7;14;2;2;11;10;9;0;0;0;0;0;0;0;0;0;0;0;0;0;0;0;0;0;1;8;7;14;2;2;2;2;2;2;
?;?;?;?;?;?;?;?;?;8;7;14;2;2;2;2;2;11;10;9;0;0;0;0;1;8;7;14;2;2;2;2;2;2;11;10;9;0;0;0;0;0;0;0;0;0;0;0;0;0;
?;?;?;?;?;?;?;?;?;2;2;2;2;2;2;2;2;2;2;2;2;2;11;10;9;0;0;0;0;0;0;0;0;0;0;0;1;8;7;14;3;13;12;6;1;8;7;14;2;2;
?;?;?;?;?;?;?;?;?;2;11;10;9;0;0;0;0;0;0;0;0;0;0;0;0;0;1;8;7;14;2;2;2;2;2;2;2;2;2;11;10;9;0;0;0;0;1;8;7;14;
?;?;?;?;?;?;?;?;?;11;10;9;0;0;0;0;0;0;1;8;7;14;2;2;2;2;2;2;2;2;2;2;2;2;2;2;11;10;9;0;0;0;0;0;0;0;0;0;0;0;
?;?;?;?;?;?;?;?;?;?;0;1;8;7;14;2;2;2;2;2;2;2;2;2;11;10;9;0;0;1;8;7;14;3;13;12;6;5;4;1;8;7;14;2;11;10;9;0;0;0;
?;?;?;?;?;?;?;?;?;2;11;10;9;0;0;0;0;0;0;0;0;0;0;0;1;8;7;14;2;2;11;10;9;0;0;0;0;1;8;7;14;2;2;2;2;2;2;2;2;2;
?;?;?;?;?;?;?;?;?;?;1;8;7;14;2;2;11;10;9;0;0;0;1;11;10;9;0;0;0;0;1;8;7;14;2;2;11;10;9;0;0;1;8;7;14;2;2;2;2;2;
?;?;?;?;?;?;?;?;?;2;11;10;9;0;0;1;8;7;14;3;13;12;6;5;1;8;7;14;2;2;2;2;2;2;2;2;2;2;2;11;10;9;0;0;0;0;0;0;0;0;
?;?;?;?;?;?;?;?;?;11;10;9;0;0;0;0;0;0;0;0;0;0;0;1;8;7;14;2;2;2;2;2;2;2;2;2;2;2;11;10;9;0;0;0;0;0;0;0;1;8;
?;?;?;?;?;?;?;?;?;0;1;8;7;11;10;9;0;0;0;1;8;7;14;2;2;2;11;10;9;0;0;0;0;1;8;7;14;2;11;10;9;0;0;0;0;0;0;0;0;1;
?;?;?;?;?;?;?;?;?;2;11;10;9;0;0;0;0;0;1;8;7;14;2;2;2;2;2;2;11;10;9;0;0;0;1;8;7;14;2;2;2;2;11;10;9;0;0;1;8;7;
?;?;?;?;?;?;?;?;?;2;11;10;9;0;0;0;0;0;0;0;0;0;0;0;0;1;8;7;14;2;2;11;10;9;0;1;8;7;14;2;2;2;2;2;11;10;9;0;0;0;
?;?;?;?;?;?;?;?;?;2;2;2;2;2;2;2;2;2;2;2;11;10;9;0;1;8;7;14;2;11;10;9;0;0;0;0;0;0;0;0;0;0;0;0;0;0;0;0;1;8;
?;?;?;?;?;?;?;?;?;2;11;10;9;17;16;15;2;2;2;2;2;2;2;11;10;9;0;0;0;0;0;0;1;8;7;14;2;2;2;2;11;10;9;0;0;0;0;0;0;0;
?;?;?;?;?;?;?;?;?;0;0;0;0;1;8;7;11;10;9;0;0;0;0;0;1;8;7;14;2;2;2;2;2;2;11;17;16;15;2;2;2;2;2;2;2;2;2;2;2;2;
?;?;?;?;?;?;?;?;?;10;9;0;0;0;0;1;8;7;14;2;2;2;11;10;9;0;1;8;7;14;2;2;2;2;11;10;9;0;0;0;0;0;0;0;0;0;0;0;0;0;
?;?;?;?;?;?;?;?;?;0;0;0;0;1;8;7;14;2;2;2;2;2;11;10;9;0;0;0;0;0;0;1;8;7;14;2;2;2;2;2;2;11;10;9;0;0;0;0;0;0;
?;?;?;?;?;?;?;?;?;?;1;8;7;14;2;2;2;2;2;2;11;10;9;0;0;0;0;0;1;8;7;14;2;2;2;11;10;9;0;0;0;0;0;0;0;1;8;7;14;2;
?;?;?;?;?;?;?;?;?;0;0;0;0;0;0;0;0;0;1;8;7;14;2;2;2;2;2;2;2;2;2;2;2;2;2;2;2;2;2;2;2;11;10;9;0;0;0;0;0;0;
?;?;?;?;?;?;?;?;?;2;11;10;9;0;0;0;0;0;0;0;0;0;0;0;0;0;1;8;7;14;2;2;2;2;2;2;2;2;2;2;2;2;2;11;10;9;0;0;0;1;
?;?;?;?;?;?;?;?;?;11;10;9;0;0;0;1;8;7;14;2;2;2;2;2;2;2;2;2;2;11;10;9;0;0;0;0;0;0;0;0;0;0;1;8;7;11;10;9;0;0;
?;?;?;?;?;?;?;?;?;2;2;11;10;9;0;0;1;8;7;14;2;2;2;2;2;11;10;9;0;0;0;0;0;0;0;0;1;8;7;14;2;2;2;2;2;11;10;9;17;16;
?;?;?;?;?;?;?;?;?;2;11;10;9;0;0;0;0;0;0;0;0;0;0;0;0;0;0;0;0;0;0;0;1;8;7;14;2;2;2;11;10;9;0;0;0;0;1;8;7;14;
?;?;?;?;?;?;?;?;?;0;1;8;7;14;2;11;10;9;0;0;1;8;7;14;2;2;11;10;9;0;0;0;0;0;0;0;0;0;0;1;8;7;14;2;2;2;2;2;11;10;
?;?;?;?;?;?;?;?;?;2;2;2;2;2;2;2;2;2;2;11;10;9;0;0;0;0;0;0;0;0;0;0;0;0;0;0;0;0;0;0;0;0;0;1;8;7;14;2;2;2;
?;?;?;?;?;?;?;?;?;0;1;8;7;14;2;2;2;2;2;2;2;2;2;2;2;2;2;11;10;9;0;0;0;0;0;0;0;0;1;8;7;14;2;2;2;2;2;11;10;9;
?;?;?;?;?;?;?;?;?;0;1;8;7;14;2;11;10;9;0;0;0;0;0;0;0;0;0;0;1;8;7;14;2;2;2;2;2;2;2;11;10;9;0;0;0;0;1;8;7;14;
?;?;?;?;?;?;?;?;?;?;1;8;7;11;10;9;0;0;0;0;1;8;7;14;2;2;2;2;2;2;11;10;9;0;0;0;0;0;0;0;0;0;0;0;1;8;7;14;2;2;
?;?;?;?;?;?;?;?;?;0;0;1;8;7;14;2;11;10;9;0;1;8;7;14;2;2;2;2;2;2;2;2;2;2;2;2;2;2;2;2;2;11;10;9;0;0;0;0;0;0;
?;?;?;?;?;?;?;?;?;2;11;10;9;0;0;1;8;7;14;2;11;10;9;0;0;0;0;0;0;0;0;0;0;0;0;0;0;1;11;10;9;0;0;1;8;7;14;2;2;2;
?;?;?;?;?;?;?;?;?;3;13;12;6;5;4;0;0;1;8;7;14;3;13;12;6;5;4;1;8;7;14;2;2;2;2;2;2;2;11;10;9;0;0;0;0;0;0;0;1;8;
?;?;?;?;?;?;?;?;?;2;11;10;9;0;0;1;8;7;14;2;2;2;2;2;2;2;2;2;2;2;11;10;9;0;0;0;0;1;8;7;14;2;2;2;2;2;2;2;2;2;
?;?;?;?;?;?;?;?;?;0;1;8;7;14;3;13;12;6;5;4;0;0;1;8;7;14;2;2;2;11;10;9;0;0;0;0;0;0;0;1;8;7;14;2;2;2;2;2;2;2;
?;?;?;?;?;?;?;?;?;0;0;0;0;0;0;1;8;7;14;2;2;2;2;2;2;2;2;2;2;2;2;11;10;9;0;0;0;0;1;8;7;14;3;13;12;6;5;4;0;1;
?;?;?;?;?;?;?;?;?;2;11;10;9;0;0;0;0;0;0;0;0;0;0;1;8;7;14;2;11;10;9;0;0;0;0;1;8;7;14;2;2;2;2;11;10;9;0;0;1;8;
?;?;?;?;?;?;?;?;?;0;1;8;7;14;3;13;12;6;5;1;8;7;14;2;2;2;2;11;10;9;0;0;0;0;0;0;0;0;0;0;0;0;1;8;11;10;9;0;0;0;
?;?;?;?;?;?;?;?;?;2;2;11;10;9;0;0;1;8;7;14;2;11;10;9;0;0;0;0;0;0;0;0;0;0;0;0;0;1;8;7;14;2;2;2;11;10;9;0;0;0;
?;?;?;?;?;?;?;?;?;3;13;12;6;1;8;7;14;2;2;2;11;10;9;0;0;0;0;1;8;7;14;2;2;2;2;11;10;9;0;0;0;0;0;0;1;8;7;14;2;2;
?;?;?;?;?;?;?;?;?;2;2;11;10;9;0;0;0;0;0;0;0;0;0;0;1;8;7;14;3;13;12;6;5;4;1;8;7;14;2;2;2;2;2;2;11;10;9;0;0;0;
?;?;?;?;?;?;?;?;?;0;1;8;7;14;2;2;11;10;9;0;0;1;8;7;14;2;2;11;10;9;0;0;0;0;0;0;0;0;0;0;0;1;8;7;14;2;2;2;11;10;
?;?;?;?;?;?;?;?;?;2;2;2;2;2;2;2;2;2;2;2;2;2;2;2;2;2;2;2;11;10;9;0;0;0;0;0;0;0;0;1;8;7;14;2;2;2;2;2;2;2;
?;?;?;?;?;?;?;?;?;10;9;0;0;0;1;8;7;14;2;2;11;10;9;0;1;8;7;14;2;2;2;11;10;9;0;0;0;0;0;0;0;0;0;0;0;0;1;8;7;14;
?;?;?;?;?;?;?;?;?;2;2;2;2;2;2;11;10;9;0;0;0;0;0;0;0;0;0;0;0;0;0;0;0;0;0;0;0;0;1;8;7;14;2;2;2;2;2;2;2;11;
?;?;?;?;?;?;?;?;?;?;1;8;7;14;2;2;2;2;2;2;2;2;2;2;2;11;10;9;0;0;0;0;0;0;0;0;0;1;8;7;14;2;2;11;10;9;0;0;0;1;
?;?;?;?;?;?;?;?;?;?;1;11;10;9;0;0;0;0;0;0;1;8;7;14;2;2;2;11;10;9;0;1;8;7;14;2;2;2;2;2;2;2;2;2;2;2;2;2;2;2;
?;?;?;?;?;?;?;?;?;2;11;10;9;17;16;15;2;2;2;2;2;11;10;9;0;0;0;0;0;0;0;0;0;0;0;1;8;7;14;2;2;2;11;10;9;0;0;0;0;0;