?;?;?;?;?;?;?;?;?;?;?;3;8;0;0;1;16;15;2;4;4;4;4;4;4;9;3;8;0;0;0;0;0;0;0;0;1;16;15;9;3;8;0;0;0;0;0;1;16;15;
?;?;?;?;?;?;?;?;?;?;?;16;15;2;9;3;8;0;0;1;16;15;2;4;4;4;4;9;3;8;0;0;0;1;16;15;2;4;4;4;4;4;9;3;8;1;16;15;2;4;
?;?;?;?;?;?;?;?;?;?;?;9;3;8;0;1;16;15;2;9;3;8;0;0;0;0;0;0;0;0;0;0;0;0;0;0;0;0;0;0;0;0;0;0;0;0;1;16;15;2;
?;?;?;?;?;?;?;?;?;?;?;0;0;0;0;0;0;0;0;0;1;16;15;2;4;4;4;4;4;9;3;8;0;1;16;15;2;4;4;4;4;9;3;8;0;0;0;0;0;0;
?;?;?;?;?;?;?;?;?;?;?;9;3;8;0;0;0;0;0;0;0;0;0;1;16;15;2;4;4;4;4;4;4;4;4;4;4;4;4;4;9;3;8;0;0;0;0;0;0;0;
?;?;?;?;?;?;?;?;?;?;?;0;0;0;1;16;15;2;4;4;4;4;9;3;8;0;0;0;1;16;15;2;4;4;4;4;4;9;3;8;0;0;0;1;16;15;2;4;4;9;
?;?;?;?;?;?;?;?;?;?;?;0;1;16;9;3;8;0;1;16;15;2;4;4;9;3;8;0;0;0;0;0;1;16;15;2;4;4;4;4;4;4;4;4;4;4;4;4;9;3;
?;?;?;?;?;?;?;?;?;?;?;3;8;0;0;0;0;0;0;0;0;0;0;0;0;0;1;16;15;2;4;4;4;4;4;4;4;4;4;4;4;9;3;8;0;0;0;0;0;0;
?;?;?;?;?;?;?;?;?;?;?;2;4;4;4;4;4;4;4;4;4;4;4;9;3;8;0;0;0;0;0;0;0;0;0;0;0;0;0;1;16;15;2;4;9;3;8;0;0;1;
?;?;?;?;?;?;?;?;?;?;?;3;8;0;0;1;16;15;2;4;9;3;8;0;0;1;16;15;2;4;4;9;3;8;0;1;16;15;2;4;4;9;3;8;0;0;0;0;1;16;
?;?;?;?;?;?;?;?;?;?;?;3;8;0;1;16;15;2;4;9;3;8;0;0;1;16;15;2;4;9;3;8;0;0;0;0;1;16;9;3;8;0;0;0;0;0;0;0;1;16;
?;?;?;?;?;?;?;?;?;?;?;1;16;15;2;9;3;8;0;0;0;1;16;15;2;4;4;4;4;4;4;4;4;4;4;4;4;9;3;8;0;0;0;0;0;0;0;0;0;0;
?;?;?;?;?;?;?;?;?;?;?;9;3;8;0;0;0;0;0;0;0;1;16;15;2;4;4;9;3;8;0;0;0;0;1;16;15;2;4;4;4;4;4;9;3;8;0;0;0;0;
?;?;?;?;?;?;?;?;?;?;?;0;0;1;16;15;2;4;4;4;9;3;8;1;16;15;2;4;4;4;4;4;9;3;8;0;0;0;0;0;0;0;0;1;16;15;2;4;4;4;
?;?;?;?;?;?;?;?;?;?;?;16;15;2;4;9;3;8;0;0;0;1;16;15;2;4;9;3;17;7;6;14;13;12;9;3;8;0;0;0;0;1;16;15;2;4;4;4;4;9;
?;?;?;?;?;?;?;?;?;?;?;0;1;9;3;8;0;0;1;16;15;2;4;4;9;3;8;0;0;0;1;16;15;2;4;4;4;4;4;9;3;8;0;0;0;0;0;0;0;0;
?;?;?;?;?;?;?;?;?;?;?;3;8;0;0;0;1;16;15;2;4;4;4;4;4;4;4;9;3;8;0;0;0;0;0;0;0;1;16;15;2;4;4;4;4;4;4;4;4;4;
?;?;?;?;?;?;?;?;?;?;?;16;15;2;4;4;9;3;8;0;1;16;15;2;4;4;4;4;4;4;4;4;4;9;3;8;0;0;0;0;0;0;0;0;0;0;0;0;0;0;
?;?;?;?;?;?;?;?;?;?;?;1;16;15;9;3;8;0;1;16;15;2;4;4;4;4;4;4;4;4;4;4;4;4;4;4;4;4;9;3;8;0;0;0;0;0;0;0;0;0;
?;?;?;?;?;?;?;?;?;?;?;3;8;0;0;1;16;15;2;4;9;3;8;0;0;0;0;1;16;15;2;4;4;4;4;4;4;4;9;3;8;0;0;0;0;1;16;15;2;4;
?;?;?;?;?;?;?;?;?;?;?;15;2;4;4;9;3;8;0;0;0;0;0;0;0;0;0;0;0;1;16;15;2;4;4;9;3;8;0;1;16;15;2;4;4;4;4;4;4;4;
?;?;?;?;?;?;?;?;?;?;?;16;15;2;4;9;3;8;0;0;1;16;15;2;4;4;4;9;3;8;0;0;0;0;0;0;0;0;0;0;0;1;16;15;2;4;4;9;3;8;
?;?;?;?;?;?;?;?;?;?;?;9;3;8;1;16;15;2;4;9;3;8;0;0;0;0;0;0;0;0;0;0;0;0;0;0;1;16;15;2;4;4;4;4;4;4;4;4;4;4;
?;?;?;?;?;?;?;?;?;?;?;0;0;0;0;0;0;0;0;0;1;16;15;2;4;4;4;4;4;4;4;4;4;4;4;4;4;9;3;8;0;0;0;1;16;15;2;4;4;4;
?;?;?;?;?;?;?;?;?;?;?;0;1;16;15;9;1;16;15;2;4;4;4;9;3;8;0;0;0;0;0;1;16;15;2;4;4;4;4;4;4;4;4;4;4;4;4;4;4;4;
?;?;?;?;?;?;?;?;?;?;?;15;2;9;3;8;0;0;0;0;0;0;0;0;0;0;1;16;15;2;4;4;4;4;4;4;4;4;4;4;4;4;4;4;4;4;4;4;4;4;
?;?;?;?;?;?;?;?;?;?;?;8;0;0;0;0;1;16;15;2;4;9;3;17;7;6;14;13;12;11;10;5;9;3;8;1;16;15;2;4;4;9;3;8;0;0;1;16;15;2;
?;?;?;?;?;?;?;?;?;?;?;1;16;15;2;9;3;8;0;1;16;15;2;4;4;4;4;4;4;4;4;9;3;8;0;0;0;0;0;0;1;16;15;2;4;4;4;4;9;3;
?;?;?;?;?;?;?;?;?;?;?;15;2;4;4;4;9;3;8;0;0;1;16;15;9;3;8;0;0;0;0;0;0;1;16;15;2;4;4;4;4;4;4;4;4;4;4;4;4;4;
?;?;?;?;?;?;?;?;?;?;?;16;15;2;4;4;9;3;8;1;16;15;2;4;4;4;9;3;8;0;0;0;0;0;0;0;0;0;0;0;0;0;1;16;15;2;4;4;4;4;
?;?;?;?;?;?;?;?;?;?;?;8;0;1;16;15;2;4;4;4;4;4;4;4;4;4;4;4;4;4;9;3;8;0;0;0;0;0;0;0;0;0;0;1;16;15;2;4;4;4;
?;?;?;?;?;?;?;?;?;?;?;3;8;0;0;1;16;15;2;4;4;9;3;8;0;1;9;3;8;0;0;0;0;0;1;16;15;2;4;4;4;4;9;3;8;0;0;0;0;0;
?;?;?;?;?;?;?;?;?;?;?;3;8;0;0;0;0;0;0;0;0;0;1;16;15;2;4;4;4;4;4;4;4;4;4;4;4;4;4;4;4;4;4;4;4;4;4;4;4;4;
?;?;?;?;?;?;?;?;?;?;?;0;1;16;15;2;4;4;4;4;4;9;3;8;0;0;0;0;0;0;1;16;15;2;4;4;4;4;4;4;4;4;4;4;4;4;4;4;4;9;
?;?;?;?;?;?;?;?;?;?;?;0;0;0;0;0;0;0;0;0;0;0;0;0;0;0;0;0;0;1;16;15;2;4;4;4;4;4;4;4;4;9;3;8;0;0;0;0;1;16;
?;?;?;?;?;?;?;?;?;?;?;0;0;0;1;16;15;2;4;4;4;4;4;4;4;9;3;8;0;0;0;0;0;0;0;1;16;15;2;4;4;4;4;9;3;8;0;0;0;0;
?;?;?;?;?;?;?;?;?;?;?;1;16;15;2;4;4;4;4;4;4;4;4;9;3;8;0;0;0;0;0;0;0;0;0;0;0;0;0;0;1;16;15;2;4;4;4;4;4;4;
?;?;?;?;?;?;?;?;?;?;?;0;0;0;1;16;15;2;4;4;4;9;3;8;0;0;0;0;0;0;0;1;16;15;2;4;4;4;4;4;4;4;4;4;4;4;4;4;4;4;
?;?;?;?;?;?;?;?;?;?;?;0;1;16;15;2;4;4;4;9;3;8;0;0;1;16;15;2;4;4;4;4;4;4;4;4;9;3;8;0;0;0;1;16;15;2;4;4;4;4;
?;?;?;?;?;?;?;?;?;?;?;8;0;0;0;1;16;15;2;4;4;4;9;3;8;0;0;0;0;0;0;0;1;16;15;2;4;4;4;4;4;4;4;9;3;8;0;0;1;16;
?;?;?;?;?;?;?;?;?;?;?;3;8;0;1;16;15;2;4;4;9;3;8;0;0;0;0;1;16;15;2;4;4;4;4;9;3;8;0;0;0;0;0;0;0;0;0;1;16;15;
?;?;?;?;?;?;?;?;?;?;?;9;3;8;1;16;15;2;4;4;9;3;8;0;0;0;0;0;0;0;0;1;16;15;2;4;4;4;9;3;8;0;0;1;16;15;2;4;4;4;
?;?;?;?;?;?;?;?;?;?;?;3;8;0;0;0;0;0;0;0;0;0;1;16;15;2;4;4;4;4;4;4;4;9;3;8;0;1;16;15;2;9;3;8;0;0;1;16;15;2;
?;?;?;?;?;?;?;?;?;?;?;15;2;9;3;8;0;0;0;0;0;0;0;0;1;16;15;2;4;4;4;4;4;4;4;4;4;9;3;8;0;0;0;1;16;15;2;4;4;4;
?;?;?;?;?;?;?;?;?;?;?;16;15;2;4;4;9;3;8;0;1;16;15;2;4;4;4;4;4;4;4;4;9;3;8;0;0;0;0;0;0;0;0;1;16;15;2;4;4;4;
?;?;?;?;?;?;?;?;?;?;?;16;15;2;4;4;9;3;8;0;1;16;15;2;4;4;4;4;4;4;4;4;4;9;3;8;0;0;0;0;0;1;16;15;2;4;9;3;8;0;
?;?;?;?;?;?;?;?;?;?;?;16;15;2;4;9;3;8;0;0;0;0;0;0;0;0;0;0;1;16;15;2;4;4;4;9;3;8;0;0;0;0;1;16;15;2;4;4;4;4;
?;?;?;?;?;?;?;?;?;?;?;3;8;0;0;0;0;1;16;15;2;4;4;4;4;4;4;4;4;4;4;4;4;4;9;3;8;0;0;0;0;0;0;0;0;1;16;15;2;4;
?;?;?;?;?;?;?;?;?;?;?;1;16;15;2;4;4;4;4;9;3;8;0;1;16;15;2;4;4;4;4;4;4;4;4;9;3;8;0;0;1;16;15;2;4;4;9;3;8;0;
?;?;?;?;?;?;?;?;?;?;?;3;8;0;0;0;0;0;0;0;1;16;15;2;4;4;4;4;4;4;4;9;3;8;0;0;0;0;0;0;0;0;0;0;0;0;0;0;0;0;
?;?;?;?;?;?;?;?;?;?;?;4;4;4;4;4;4;4;4;4;4;9;3;8;0;0;0;0;0;0;0;1;16;9;3;8;0;0;0;0;0;0;0;0;0;0;0;0;0;0;
?;?;?;?;?;?;?;?;?;?;?;0;0;0;0;0;0;1;16;15;2;4;4;4;4;4;4;4;4;4;4;4;4;4;4;4;4;4;4;9;3;8;0;0;0;0;0;0;0;0;
?;?;?;?;?;?;?;?;?;?;?;9;3;8;0;0;1;16;15;2;9;3;8;0;0;0;0;0;0;0;0;0;0;0;0;0;0;1;16;15;2;4;4;4;4;4;4;4;4;4;
?;?;?;?;?;?;?;?;?;?;?;15;2;4;4;4;9;3;8;0;1;16;9;3;8;0;0;0;0;0;0;0;1;16;15;2;4;4;4;4;9;3;8;0;0;0;0;0;0;1;
?;?;?;?;?;?;?;?;?;?;?;15;2;4;4;4;9;3;8;0;1;16;15;2;9;3;8;0;0;0;0;0;1;16;15;2;4;4;4;4;4;9;3;8;0;0;0;0;0;1;
?;?;?;?;?;?;?;?;?;?;?;16;15;2;4;9;3;8;0;1;16;15;2;4;9;3;8;0;0;1;16;15;2;4;4;4;4;4;4;4;4;4;4;4;9;3;8;0;0;0;
?;?;?;?;?;?;?;?;?;?;?;15;2;4;9;3;8;0;0;0;0;1;16;15;2;4;4;9;3;8;0;0;0;0;0;0;0;0;0;1;16;15;2;4;4;4;4;4;4;4;
?;?;?;?;?;?;?;?;?;?;?;9;3;8;0;0;1;16;15;2;4;4;4;4;4;9;3;8;0;0;0;0;0;0;0;1;16;15;2;4;4;4;4;4;4;4;4;4;4;4;
?;?;?;?;?;?;?;?;?;?;?;16;15;2;4;9;3;8;0;0;0;0;0;1;16;15;2;4;4;4;4;4;4;4;4;4;4;4;4;4;4;4;4;4;4;4;4;4;4;4;
?;?;?;?;?;?;?;?;?;?;?;15;2;4;9;3;8;0;0;0;1;16;15;2;4;9;3;8;0;0;0;0;0;0;0;1;16;9;3;17;7;6;14;13;12;11;10;5;4;9;
?;?;?;?;?;?;?;?;?;?;?;16;15;2;4;9;3;8;0;0;0;0;0;0;0;0;0;0;0;0;1;16;15;2;4;4;4;4;4;4;4;4;4;4;4;4;9;3;8;0;
?;?;?;?;?;?;?;?;?;?;?;3;8;0;0;1;16;15;2;4;4;9;3;8;0;0;0;0;0;0;1;16;15;2;4;4;4;4;4;9;3;8;0;0;0;1;16;15;2;4;
?;?;?;?;?;?;?;?;?;?;?;14;13;12;11;10;9;3;8;0;0;0;0;0;0;0;0;0;0;0;0;0;0;0;0;0;0;0;0;1;16;15;2;4;4;4;4;4;4;4;
?;?;?;?;?;?;?;?;?;?;?;16;15;2;4;4;4;4;4;4;4;4;4;4;4;4;9;3;8;0;0;0;0;0;0;0;0;0;0;0;0;0;1;16;15;2;4;4;4;4;
?;?;?;?;?;?;?;?;?;?;?;0;0;0;0;0;0;0;0;0;0;1;16;15;2;4;4;4;4;4;4;4;4;4;4;4;4;4;4;4;4;4;4;4;4;4;4;4;4;4;
?;?;?;?;?;?;?;?;?;?;?;0;0;0;0;0;1;16;15;2;4;4;9;3;8;0;0;0;0;0;1;16;15;2;4;4;4;4;4;4;4;4;4;4;4;4;4;4;4;4;
?;?;?;?;?;?;?;?;?;?;?;3;8;0;0;0;0;0;1;16;15;2;4;4;4;4;4;4;9;3;8;0;0;0;0;0;0;1;16;15;2;4;4;4;4;4;4;4;4;4;
?;?;?;?;?;?;?;?;?;?;?;3;8;0;0;0;1;16;15;2;9;3;8;0;0;0;0;0;1;16;15;2;4;4;4;4;4;4;4;4;4;4;4;9;3;8;0;0;0;0;
?;?;?;?;?;?;?;?;?;?;?;16;15;2;4;9;3;8;0;0;1;16;15;2;4;4;9;3;8;0;1;16;15;2;4;4;4;4;4;4;4;4;4;4;4;4;4;4;4;4;
?;?;?;?;?;?;?;?;?;?;?;16;15;2;4;9;3;8;0;0;0;0;1;16;15;2;4;4;4;4;4;4;4;4;4;4;4;4;4;4;4;4;4;4;4;4;4;4;4;4;
?;?;?;?;?;?;?;?;?;?;?;2;4;4;4;4;4;4;4;4;4;4;4;4;4;9;3;8;0;0;0;0;0;0;0;0;0;0;0;0;0;1;16;15;2;4;4;9;3;8;
?;?;?;?;?;?;?;?;?;?;?;0;0;0;1;16;15;2;4;4;4;4;4;4;4;9;3;8;0;0;1;16;15;2;4;9;3;8;0;0;0;0;0;0;0;0;0;0;0;0;
?;?;?;?;?;?;?;?;?;?;?;0;0;0;0;0;1;16;15;2;4;4;4;4;4;4;4;4;4;4;4;4;4;4;9;3;8;0;0;0;0;0;0;0;0;0;0;0;0;0;
?;?;?;?;?;?;?;?;?;?;?;16;15;2;4;9;3;8;0;0;1;16;15;2;4;4;9;3;8;0;1;16;15;2;9;3;8;0;0;0;0;1;16;15;2;4;9;3;8;0;
?;?;?;?;?;?;?;?;?;?;?;3;8;0;1;16;15;2;4;4;4;4;4;9;3;8;0;0;0;0;0;0;0;0;1;16;15;2;4;4;9;3;8;0;0;0;0;1;16;15;
?;?;?;?;?;?;?;?;?;?;?;2;4;4;4;9;3;8;0;0;0;0;0;0;0;0;1;16;15;2;4;4;9;3;8;0;0;0;0;0;1;16;15;2;4;4;4;4;4;4;
?;?;?;?;?;?;?;?;?;?;?;3;8;0;0;0;0;0;1;16;15;9;3;8;1;16;15;2;4;4;4;4;4;4;4;4;4;9;3;8;0;0;0;0;0;0;0;0;1;16;
?;?;?;?;?;?;?;?;?;?;?;16;15;2;4;4;4;4;4;4;4;9;3;8;0;1;16;15;2;4;4;9;3;8;0;0;1;16;15;2;9;3;8;0;0;0;0;0;0;0;
?;?;?;?;?;?;?;?;?;?;?;1;16;15;2;4;4;4;4;4;4;4;4;4;4;9;3;8;0;0;0;1;16;15;9;3;8;0;0;0;0;0;0;0;1;16;9;3;8;0;
?;?;?;?;?;?;?;?;?;?;?;4;9;3;8;0;1;16;15;2;4;4;4;4;9;3;8;0;0;0;0;0;1;16;15;2;4;4;4;9;3;8;0;0;0;0;0;1;16;15;
?;?;?;?;?;?;?;?;?;?;?;8;0;0;0;1;16;15;2;4;4;4;4;4;4;4;4;9;3;8;0;0;0;0;0;0;0;0;1;16;15;2;4;4;4;4;4;4;4;4;
?;?;?;?;?;?;?;?;?;?;?;2;4;4;9;3;8;0;0;0;0;0;1;16;15;2;4;9;3;8;1;16;15;2;4;4;4;4;9;3;8;0;0;0;0;0;1;16;15;2;
?;?;?;?;?;?;?;?;?;?;?;3;8;0;1;16;15;2;4;4;9;3;8;0;1;16;15;2;4;4;4;9;3;8;0;0;0;0;0;0;0;0;0;0;0;1;16;15;2;4;
?;?;?;?;?;?;?;?;?;?;?;4;9;3;8;0;0;0;0;0;1;9;3;8;0;0;0;0;0;0;0;1;16;15;2;4;4;4;4;4;4;4;4;4;4;4;9;3;8;0;
?;?;?;?;?;?;?;?;?;?;?;1;16;15;9;3;17;7;6;14;13;12;11;10;5;9;3;8;1;16;15;2;4;9;3;8;0;0;0;0;0;0;1;16;15;2;4;4;4;9;
?;?;?;?;?;?;?;?;?;?;?;0;0;1;16;15;2;4;4;4;9;3;8;0;0;0;0;0;1;16;15;2;4;4;4;4;4;4;9;3;8;0;0;0;0;1;16;15;2;4;
?;?;?;?;?;?;?;?;?;?;?;9;3;8;0;0;0;1;16;15;2;4;4;9;3;8;0;0;0;0;0;0;0;0;0;0;0;0;0;0;0;0;0;0;0;0;0;0;0;0;
?;?;?;?;?;?;?;?;?;?;?;8;0;0;1;16;15;2;9;3;8;0;0;0;0;0;0;1;16;15;2;4;4;9;3;8;0;0;0;1;16;15;2;4;4;4;4;4;4;4;
?;?;?;?;?;?;?;?;?;?;?;3;8;0;0;0;1;16;15;2;4;4;4;4;4;4;9;3;8;0;0;0;0;0;0;1;16;15;2;4;4;4;4;9;3;8;0;0;0;0;
?;?;?;?;?;?;?;?;?;?;?;3;8;0;0;0;0;0;0;0;0;1;16;15;2;4;4;4;4;4;4;4;9;3;8;0;1;16;15;2;4;4;4;4;4;4;9;3;8;0;
?;?;?;?;?;?;?;?;?;?;?;0;0;0;0;0;1;16;15;2;4;4;4;4;4;4;4;4;4;4;4;4;4;4;4;4;4;4;4;9;3;8;0;0;0;0;0;1;16;9;
?;?;?;?;?;?;?;?;?;?;?;15;2;4;4;4;4;4;4;4;4;4;4;4;4;4;4;4;4;4;4;4;4;9;3;8;0;0;0;0;0;0;0;0;0;0;0;0;0;0;
?;?;?;?;?;?;?;?;?;?;?;4;4;4;4;4;4;4;4;4;4;4;4;4;4;4;4;4;9;3;8;0;0;0;0;0;1;16;15;2;4;4;4;4;9;3;8;0;0;0;
?;?;?;?;?;?;?;?;?;?;?;4;4;4;9;3;8;0;0;0;0;0;0;0;1;16;15;2;4;4;4;4;9;3;8;1;16;15;2;4;4;4;4;9;3;8;0;0;0;0;
?;?;?;?;?;?;?;?;?;?;?;15;2;4;4;9;3;8;0;0;0;0;0;0;0;0;0;0;0;0;1;16;15;2;4;4;4;4;4;4;4;4;4;4;4;4;4;4;4;9;
?;?;?;?;?;?;?;?;?;?;?;4;9;3;8;0;0;0;0;1;16;15;2;4;4;4;4;4;4;4;4;4;4;4;4;4;9;3;8;0;0;0;0;0;0;0;0;0;0;0;
?;?;?;?;?;?;?;?;?;?;?;15;2;4;4;4;9;3;8;0;0;1;16;15;2;4;9;3;8;0;0;0;0;0;1;16;15;2;4;4;9;3;8;0;0;0;1;16;15;2;
?;?;?;?;?;?;?;?;?;?;?;0;0;0;1;16;15;2;4;4;4;4;4;4;4;4;4;4;4;4;4;4;4;4;4;4;4;4;4;4;4;4;9;3;8;0;0;0;0;0;
?;?;?;?;?;?;?;?;?;?;?;16;15;2;4;9;3;8;0;0;0;1;16;15;2;4;4;4;4;4;4;4;4;4;9;3;8;0;0;0;0;1;16;15;2;4;4;4;4;4;
?;?;?;?;?;?;?;?;?;?;?;14;13;12;11;10;5;9;3;8;0;1;16;15;2;4;4;4;4;4;4;9;3;8;0;0;0;0;0;0;0;0;0;0;0;0;0;0;0;0;
?;?;?;?;?;?;?;?;?;?;?;16;15;2;4;9;3;8;0;0;0;1;9;3;8;0;0;0;0;1;16;15;2;4;4;4;4;4;4;9;3;8;0;0;0;0;0;0;0;1;
?;?;?;?;?;?;?;?;?;?;?;8;0;0;0;1;16;15;2;4;4;9;3;8;1;16;15;2;4;4;4;4;4;9;3;8;0;0;0;0;0;1;16;15;9;3;8;0;0;0;
?;?;?;?;?;?;?;?;?;?;?;4;4;4;4;4;4;4;4;9;3;8;0;0;0;0;1;16;15;2;4;4;4;4;9;3;8;0;0;0;0;0;0;0;0;0;1;16;15;2;
?;?;?;?;?;?;?;?;?;?;?;8;0;0;0;0;0;1;16;9;3;8;0;0;0;1;16;15;2;4;4;4;4;4;4;4;4;4;4;4;4;4;9;3;8;0;0;0;0;0;
?;?;?;?;?;?;?;?;?;?;?;1;16;15;2;4;4;4;4;4;4;4;4;4;4;9;3;8;0;0;0;0;0;0;0;0;0;0;0;0;0;0;0;0;0;0;0;1;16;15;
?;?;?;?;?;?;?;?;?;?;?;8;0;0;0;0;1;16;15;2;4;4;4;9;3;8;0;0;0;0;0;0;0;0;0;0;0;0;0;0;1;16;15;2;4;4;4;4;4;4;
?;?;?;?;?;?;?;?;?;?;?;1;9;3;8;0;0;0;0;0;0;1;16;15;2;4;4;4;4;4;4;4;4;4;4;4;4;4;4;4;4;4;4;4;4;4;9;3;8;0;
?;?;?;?;?;?;?;?;?;?;?;8;0;0;0;0;0;1;16;15;2;4;4;4;4;4;4;4;4;4;9;3;8;0;0;0;0;1;16;15;2;4;4;4;4;4;4;9;3;8;
?;?;?;?;?;?;?;?;?;?;?;1;16;15;2;4;4;4;9;3;8;0;0;0;0;0;0;0;1;16;15;2;4;4;4;4;4;4;4;4;4;9;3;8;0;0;0;0;0;0;
?;?;?;?;?;?;?;?;?;?;?;4;4;4;4;4;4;4;9;3;8;0;0;0;0;0;0;1;16;15;2;4;4;4;4;4;4;9;3;8;0;1;16;15;2;9;3;8;0;0;
?;?;?;?;?;?;?;?;?;?;?;3;8;0;0;0;0;1;16;15;2;4;4;4;4;4;4;4;4;4;4;4;4;4;4;4;4;9;3;8;0;0;0;0;0;0;0;0;0;0;
?;?;?;?;?;?;?;?;?;?;?;3;8;1;16;15;2;4;4;9;3;8;0;0;0;0;0;0;1;16;9;3;8;0;0;1;16;15;2;4;4;4;4;4;4;4;4;9;3;8;
?;?;?;?;?;?;?;?;?;?;?;9;3;8;0;0;0;0;0;0;0;0;0;0;0;0;1;16;15;2;4;4;4;4;4;4;4;4;4;4;4;9;3;8;0;0;0;0;0;0;
?;?;?;?;?;?;?;?;?;?;?;16;15;2;4;4;4;4;4;4;4;9;3;8;0;0;0;0;0;0;0;0;0;1;16;15;2;4;4;4;4;4;4;4;4;4;4;4;4;4;
?;?;?;?;?;?;?;?;?;?;?;16;15;2;4;4;4;4;4;4;4;4;4;9;3;8;0;0;0;0;1;16;15;2;4;4;4;4;4;4;4;4;9;3;8;0;0;0;0;1;
?;?;?;?;?;?;?;?;?;?;?;9;1;16;15;2;4;4;4;4;9;3;8;0;0;0;0;1;16;15;2;4;4;4;4;4;4;9;3;8;0;0;0;0;0;0;0;1;16;15;
?;?;?;?;?;?;?;?;?;?;?;9;3;8;0;0;1;16;15;2;4;4;4;4;4;4;4;4;4;4;4;4;9;3;8;0;0;0;0;0;0;0;0;0;0;0;0;1;16;15;
?;?;?;?;?;?;?;?;?;?;?;0;0;0;0;0;0;1;16;15;2;4;4;4;4;9;3;8;0;0;0;0;0;1;16;15;2;4;4;4;4;4;4;4;4;9;3;8;0;0;
?;?;?;?;?;?;?;?;?;?;?;16;15;2;4;4;9;3;8;0;0;0;0;0;0;0;0;0;0;0;0;0;0;0;1;16;15;2;4;4;4;4;4;4;4;4;4;4;4;4;
?;?;?;?;?;?;?;?;?;?;?;4;4;9;3;8;0;0;0;0;0;0;0;0;0;0;0;0;0;0;0;0;0;0;0;0;0;1;16;15;2;4;4;4;4;4;4;4;4;4;
?;?;?;?;?;?;?;?;?;?;?;1;16;9;3;8;0;0;0;1;16;15;2;4;4;4;4;4;4;9;3;8;0;1;16;15;2;4;4;9;3;8;0;0;0;0;0;0;0;0;
?;?;?;?;?;?;?;?;?;?;?;15;2;4;9;3;8;0;0;0;0;0;1;16;15;9;3;8;0;0;0;0;1;16;15;2;4;4;4;4;4;4;4;4;4;4;4;4;4;4;
?;?;?;?;?;?;?;?;?;?;?;15;2;4;4;4;9;3;17;7;6;14;13;12;11;10;5;9;3;8;0;0;0;0;0;0;0;0;0;0;0;0;0;0;1;16;15;2;4;4;
?;?;?;?;?;?;?;?;?;?;?;8;0;0;1;16;15;2;4;4;4;4;4;4;4;4;4;9;3;8;0;0;0;0;0;0;1;16;15;2;4;4;9;3;17;7;6;14;13;12;
?;?;?;?;?;?;?;?;?;?;?;0;0;0;0;1;16;15;2;4;9;3;8;0;0;0;0;0;0;0;1;16;15;2;4;4;9;1;16;15;2;4;4;4;4;4;4;4;4;4;
?;?;?;?;?;?;?;?;?;?;?;4;4;9;3;8;0;0;0;0;0;0;0;0;0;0;0;0;0;0;0;0;0;0;1;16;15;2;4;4;4;4;4;9;3;8;0;0;0;0;
?;?;?;?;?;?;?;?;?;?;?;16;15;2;9;3;8;0;0;0;0;1;16;15;2;4;4;4;4;4;4;4;4;4;4;4;4;4;4;9;3;8;0;0;0;0;0;0;0;1;
?;?;?;?;?;?;?;?;?;?;?;9;3;8;1;16;15;2;4;4;9;3;8;0;1;16;15;2;4;4;4;9;3;8;0;0;0;0;0;0;1;16;15;2;4;4;4;4;4;4;
?;?;?;?;?;?;?;?;?;?;?;16;15;2;4;9;3;8;0;0;0;1;16;15;2;4;9;3;8;1;16;15;2;9;3;8;0;0;0;0;0;0;0;1;16;15;2;4;4;4;
?;?;?;?;?;?;?;?;?;?;?;0;0;0;0;1;16;15;2;4;4;4;4;9;3;8;0;0;0;0;1;16;15;2;4;4;4;4;9;3;8;0;0;0;1;16;15;2;4;4;
?;?;?;?;?;?;?;?;?;?;?;0;1;16;15;2;4;4;4;4;4;4;4;4;4;4;4;4;4;4;9;3;8;0;0;0;0;0;0;0;0;0;0;0;0;0;0;0;0;0;
?;?;?;?;?;?;?;?;?;?;?;0;0;0;1;16;15;2;4;4;9;3;8;0;0;0;0;1;16;15;2;4;4;4;4;4;4;4;4;4;4;4;4;4;4;4;4;4;4;9;
?;?;?;?;?;?;?;?;?;?;?;1;16;9;3;8;0;0;0;0;0;0;0;0;0;0;0;0;0;0;1;16;15;2;4;4;4;4;4;4;4;9;3;8;0;0;0;0;0;0;
?;?;?;?;?;?;?;?;?;?;?;0;1;16;9;3;8;0;0;0;0;0;0;0;0;1;16;15;2;4;9;3;8;0;0;1;16;15;2;4;4;4;4;4;4;4;9;3;8;1;
?;?;?;?;?;?;?;?;?;?;?;4;4;4;4;4;4;4;4;4;4;4;4;4;4;4;9;3;8;0;0;0;0;0;0;0;0;0;0;0;0;0;0;0;0;1;16;15;2;4;
?;?;?;?;?;?;?;?;?;?;?;15;2;4;4;4;4;9;3;8;0;0;1;16;15;2;4;4;4;4;4;4;4;4;9;3;8;0;0;0;0;0;0;0;0;0;0;0;0;0;
?;?;?;?;?;?;?;?;?;?;?;3;8;0;0;0;0;1;16;15;2;9;3;17;7;6;14;13;12;11;10;5;9;3;8;0;0;0;0;0;0;0;0;0;0;0;0;1;16;15;
?;?;?;?;?;?;?;?;?;?;?;0;0;0;1;16;15;2;4;9;3;8;0;0;0;1;16;15;2;4;4;4;4;9;3;8;0;0;1;16;15;2;4;4;4;4;4;9;3;8;
?;?;?;?;?;?;?;?;?;?;?;2;4;4;9;3;8;0;0;0;0;0;0;1;16;15;2;4;4;4;4;4;4;9;3;8;0;0;0;1;16;15;9;3;8;0;0;0;0;1;
?;?;?;?;?;?;?;?;?;?;?;16;15;2;4;9;3;8;0;0;0;0;0;0;0;0;0;1;16;15;2;4;4;4;4;9;3;8;0;0;0;1;16;15;2;4;4;4;4;4;
?;?;?;?;?;?;?;?;?;?;?;1;16;9;3;8;0;0;0;0;0;1;16;15;2;4;4;4;4;4;4;4;4;4;9;3;8;0;0;0;0;0;0;0;0;0;0;0;0;0;
?;?;?;?;?;?;?;?;?;?;?;16;15;2;4;9;3;8;0;0;1;16;15;2;4;4;4;4;4;4;4;4;4;4;4;9;3;8;0;0;0;0;1;16;15;2;4;4;4;4;
?;?;?;?;?;?;?;?;?;?;?;16;15;9;3;8;0;0;0;0;1;16;15;2;4;4;9;3;8;0;1;16;15;2;4;4;4;4;9;3;8;0;0;0;0;0;0;0;0;0;
?;?;?;?;?;?;?;?;?;?;?;0;0;0;0;0;0;1;16;15;2;4;4;4;4;9;3;8;0;0;0;0;1;16;15;2;4;4;9;3;8;0;0;0;0;0;0;0;0;0;
?;?;?;?;?;?;?;?;?;?;?;16;15;2;4;9;3;8;0;1;16;15;2;4;4;9;3;8;0;0;0;0;0;0;1;16;15;2;4;4;4;4;4;4;4;4;4;4;4;4;
?;?;?;?;?;?;?;?;?;?;?;15;2;4;4;9;3;8;0;0;1;16;15;2;4;9;3;8;0;0;0;0;0;0;0;0;0;0;0;0;1;16;15;2;4;4;9;3;8;0;
?;?;?;?;?;?;?;?;?;?;?;0;0;0;0;0;0;0;0;0;0;0;0;0;0;0;0;0;0;0;0;1;16;15;2;4;4;4;4;4;4;4;4;4;4;4;4;4;9;3;
?;?;?;?;?;?;?;?;?;?;?;0;0;0;0;0;0;0;0;1;16;15;2;4;4;9;3;8;0;0;0;0;0;1;16;9;3;8;0;0;0;0;0;0;0;0;1;16;15;2;
?;?;?;?;?;?;?;?;?;?;?;4;4;4;4;4;4;4;4;4;4;4;4;4;4;4;4;4;4;4;4;4;4;4;4;4;4;4;4;4;4;4;4;4;4;4;4;4;4;4;
?;?;?;?;?;?;?;?;?;?;?;3;8;0;0;0;1;16;15;9;3;8;0;0;0;0;1;16;15;2;4;4;4;4;4;4;4;4;4;4;4;4;4;4;9;3;8;0;0;0;
?;?;?;?;?;?;?;?;?;?;?;16;15;2;4;9;3;8;0;1;16;15;2;4;4;4;9;3;8;0;0;0;1;16;15;2;4;4;4;9;3;8;0;0;0;0;0;0;0;0;
?;?;?;?;?;?;?;?;?;?;?;0;0;1;16;15;2;4;4;4;4;4;4;4;4;4;4;4;9;3;17;7;6;14;13;12;11;10;5;9;3;8;0;0;0;0;0;0;1;16;
?;?;?;?;?;?;?;?;?;?;?;0;0;1;16;15;2;4;4;4;4;9;3;8;0;0;0;1;16;15;2;4;4;9;3;8;0;0;0;0;0;0;0;0;0;0;0;0;0;0;
?;?;?;?;?;?;?;?;?;?;?;8;0;0;0;0;1;16;15;2;4;4;4;4;4;4;4;4;4;9;3;8;0;0;0;0;1;16;15;2;4;4;4;4;4;4;4;4;4;4;
?;?;?;?;?;?;?;?;?;?;?;3;8;0;1;16;15;2;4;4;4;4;4;9;3;8;0;0;0;0;1;16;15;2;4;4;9;3;8;0;0;0;0;0;0;0;1;16;15;2;
?;?;?;?;?;?;?;?;?;?;?;2;4;4;9;3;8;0;0;0;0;0;0;0;0;0;0;0;0;0;0;0;1;16;15;2;4;4;4;4;4;4;4;9;3;8;0;0;0;0;
?;?;?;?;?;?;?;?;?;?;?;8;0;0;0;0;0;0;0;0;1;16;15;2;4;4;4;4;4;4;4;4;4;4;4;4;4;4;4;4;4;4;4;4;4;4;4;4;9;3;
?;?;?;?;?;?;?;?;?;?;?;3;8;0;0;0;0;0;0;0;0;0;0;0;0;1;16;15;2;4;4;4;4;4;4;4;4;4;4;4;4;4;9;3;8;0;1;16;15;2;
?;?;?;?;?;?;?;?;?;?;?;16;15;2;9;3;8;0;0;0;1;16;15;2;9;3;8;0;0;0;1;16;15;2;4;4;4;4;4;4;4;9;3;8;0;0;0;0;0;0;
?;?;?;?;?;?;?;?;?;?;?;4;4;4;4;4;4;4;4;4;4;4;4;4;4;4;4;9;3;8;0;0;0;0;0;1;16;15;2;9;3;8;0;0;0;0;0;0;0;0;
?;?;?;?;?;?;?;?;?;?;?;16;9;3;8;0;0;0;0;0;0;1;16;15;9;3;8;0;0;1;16;15;2;4;4;4;4;4;9;3;8;0;1;16;15;2;4;4;4;4;
?;?;?;?;?;?;?;?;?;?;?;3;8;0;0;1;16;15;2;4;9;3;8;0;0;0;0;0;0;0;0;0;0;1;16;15;2;4;4;4;4;4;9;3;8;0;0;0;0;0;
?;?;?;?;?;?;?;?;?;?;?;15;2;4;4;4;9;3;8;0;0;0;0;0;0;0;0;1;16;15;2;4;4;4;4;4;9;3;8;0;0;0;0;0;0;0;0;0;1;16;
?;?;?;?;?;?;?;?;?;?;?;0;0;0;0;1;16;15;9;3;8;0;0;0;0;0;0;1;16;15;2;4;4;4;4;4;4;4;4;4;4;4;4;4;4;9;3;8;0;0;
?;?;?;?;?;?;?;?;?;?;?;15;2;4;4;9;3;8;0;0;0;0;0;0;0;0;0;0;0;0;1;16;15;2;4;9;3;8;0;0;0;1;16;15;2;4;4;4;4;4;
?;?;?;?;?;?;?;?;?;?;?;15;2;4;4;9;3;8;0;0;1;16;15;2;4;4;4;4;4;4;9;3;8;0;0;0;0;0;0;0;0;1;16;15;2;4;4;9;3;8;
?;?;?;?;?;?;?;?;?;?;?;16;15;2;4;4;4;4;4;9;3;8;0;0;0;0;0;1;16;15;2;4;4;4;9;3;8;0;0;0;0;0;0;0;0;0;0;0;0;0;
?;?;?;?;?;?;?;?;?;?;?;15;2;4;9;3;8;0;0;0;0;0;1;16;9;3;8;0;1;16;15;2;4;4;4;4;4;9;3;8;0;0;0;0;0;0;0;0;0;0;
?;?;?;?;?;?;?;?;?;?;?;0;0;0;0;0;1;16;15;2;4;4;4;9;3;8;0;1;16;15;2;4;4;4;4;4;4;4;9;3;8;0;0;0;0;0;0;1;9;3;
?;?;?;?;?;?;?;?;?;?;?;9;3;17;7;6;14;13;12;11;9;3;8;0;0;0;0;1;16;15;2;9;3;8;1;16;15;2;4;9;3;8;0;0;0;0;0;0;0;0;
?;?;?;?;?;?;?;?;?;?;?;1;16;15;9;3;8;0;0;0;1;16;15;2;4;4;4;4;4;4;4;4;4;4;4;4;4;4;4;4;4;4;9;3;8;0;0;0;0;0;
?;?;?;?;?;?;?;?;?;?;?;4;4;4;9;3;8;0;0;0;0;0;0;0;0;0;0;0;0;0;0;0;1;16;15;2;4;4;4;4;4;4;4;4;4;9;3;8;0;1;
?;?;?;?;?;?;?;?;?;?;?;16;15;2;9;3;8;0;0;0;1;16;15;2;4;4;4;4;4;4;4;4;4;4;4;9;3;8;0;0;0;0;0;0;0;0;0;0;0;0;
?;?;?;?;?;?;?;?;?;?;?;9;3;8;1;16;15;9;3;8;0;0;0;0;0;0;0;0;0;0;0;0;0;0;0;0;0;0;0;0;0;0;0;0;0;1;16;15;2;4;
?;?;?;?;?;?;?;?;?;?;?;3;8;0;1;16;15;2;4;4;9;3;8;0;0;0;0;0;1;16;15;2;4;4;4;4;4;4;4;4;9;3;8;0;0;0;0;0;1;16;
?;?;?;?;?;?;?;?;?;?;?;15;2;4;4;9;3;8;0;0;1;16;15;2;4;9;3;8;0;0;0;1;16;15;2;4;4;4;4;4;4;4;4;4;4;4;4;4;4;4;
?;?;?;?;?;?;?;?;?;?;?;8;0;0;0;1;16;15;2;9;3;8;0;0;0;0;1;16;15;2;4;4;4;4;4;4;4;4;4;4;9;3;8;0;1;16;15;2;4;4;
?;?;?;?;?;?;?;?;?;?;?;0;0;0;0;0;0;0;0;0;1;16;15;2;4;4;4;9;3;8;0;0;0;1;16;15;2;9;3;8;0;0;0;0;0;0;0;0;1;16;
?;?;?;?;?;?;?;?;?;?;?;1;16;15;2;9;3;8;0;0;0;1;16;15;2;4;4;9;3;8;0;0;0;0;0;1;16;15;2;4;4;4;4;4;4;4;9;3;8;0;
?;?;?;?;?;?;?;?;?;?;?;9;3;8;0;0;0;0;1;16;15;2;4;4;4;9;3;8;0;0;0;1;16;15;2;4;4;4;9;3;8;0;0;0;0;0;1;16;15;2;
?;?;?;?;?;?;?;?;?;?;?;16;15;2;4;4;4;9;3;8;0;0;0;0;0;0;0;0;0;0;0;0;0;1;16;15;2;4;4;4;4;4;4;4;4;4;4;9;3;8;
?;?;?;?;?;?;?;?;?;?;?;0;1;9;3;8;0;0;0;0;1;16;15;2;4;4;9;3;8;1;16;15;2;4;4;4;4;4;4;4;9;3;8;0;0;0;0;0;0;0;
?;?;?;?;?;?;?;?;?;?;?;15;2;4;9;3;8;0;0;0;1;16;15;2;4;4;9;3;8;0;0;0;0;0;0;0;0;0;0;0;0;0;0;0;0;0;0;0;0;0;
?;?;?;?;?;?;?;?;?;?;?;16;15;2;4;4;4;9;3;8;0;0;0;0;0;0;1;16;15;9;3;8;0;0;0;0;0;0;1;16;15;2;4;4;4;4;4;4;9;3;
?;?;?;?;?;?;?;?;?;?;?;16;15;2;9;3;8;0;0;0;1;16;15;2;4;4;4;9;3;8;0;0;0;0;1;16;15;2;9;3;8;0;1;16;15;2;4;4;4;9;
?;?;?;?;?;?;?;?;?;?;?;1;16;15;2;9;3;8;0;0;1;16;15;2;4;4;4;4;4;4;4;4;4;4;4;4;4;4;4;4;4;9;3;8;0;0;0;0;0;0;
?;?;?;?;?;?;?;?;?;?;?;2;4;4;4;4;9;3;8;0;0;0;0;0;0;0;0;0;0;0;0;1;16;15;2;4;4;4;4;4;4;4;4;4;4;9;3;8;0;0;
?;?;?;?;?;?;?;?;?;?;?;3;8;0;0;1;16;15;2;4;9;3;8;0;0;0;0;0;0;0;0;0;1;16;15;2;4;4;4;4;4;4;9;3;8;0;0;0;0;0;
?;?;?;?;?;?;?;?;?;?;?;4;4;4;4;4;4;4;4;4;4;4;4;9;3;8;0;0;0;0;0;0;0;0;0;0;0;1;16;15;2;4;4;4;4;4;4;4;4;4;
?;?;?;?;?;?;?;?;?;?;?;4;4;4;9;3;8;0;0;0;0;0;1;16;15;2;4;4;9;3;8;0;0;0;0;0;0;0;0;0;1;16;15;2;4;4;4;4;9;3;
?;?;?;?;?;?;?;?;?;?;?;16;15;2;4;9;3;8;0;0;0;0;0;1;16;15;2;4;4;4;9;3;8;0;0;0;1;16;15;2;4;4;4;9;3;8;0;0;0;0;
?;?;?;?;?;?;?;?;?;?;?;8;0;0;0;1;16;15;2;4;4;4;9;3;8;0;1;16;15;2;4;9;3;8;0;1;16;15;2;4;9;3;8;1;16;15;2;4;4;4;
?;?;?;?;?;?;?;?;?;?;?;4;4;4;4;4;4;4;4;4;4;9;3;8;0;0;0;0;0;0;0;0;0;0;0;0;0;0;0;0;0;0;0;0;0;0;0;0;0;0;
?;?;?;?;?;?;?;?;?;?;?;4;4;4;4;4;4;4;4;9;3;8;0;0;0;0;0;0;1;16;15;2;4;4;4;4;4;9;3;8;0;0;0;0;0;0;0;0;0;0;
?;?;?;?;?;?;?;?;?;?;?;3;8;0;0;0;1;16;15;2;9;3;8;0;0;0;0;0;0;0;0;0;1;16;15;2;4;4;4;4;9;3;8;0;0;0;0;1;16;15;
?;?;?;?;?;?;?;?;?;?;?;4;4;4;4;4;4;4;4;4;9;3;8;1;16;15;2;4;4;4;9;3;8;0;0;0;0;0;0;0;0;0;0;0;0;0;0;0;0;0;
?;?;?;?;?;?;?;?;?;?;?;3;8;0;0;0;1;16;15;2;9;3;8;1;16;15;2;4;4;9;3;8;0;0;0;0;0;0;1;16;15;2;4;4;4;4;4;9;3;8;
?;?;?;?;?;?;?;?;?;?;?;0;0;0;0;0;0;0;0;0;1;16;15;2;9;3;8;0;0;0;0;0;0;0;1;16;15;2;4;4;4;4;4;4;4;4;9;3;8;0;
?;?;?;?;?;?;?;?;?;?;?;2;4;4;9;3;8;0;0;0;1;16;15;2;4;4;4;4;4;4;4;4;4;4;9;3;8;0;0;0;0;0;0;0;0;0;0;1;16;15;
?;?;?;?;?;?;?;?;?;?;?;3;8;0;0;1;16;15;2;4;4;4;4;4;4;4;4;9;3;8;0;0;0;0;0;0;0;0;0;0;0;0;0;1;16;15;2;4;4;4;