?;?;?;?;?;?;?;?;?;?;?;?;?;?;0;134;53;48;37;160;158;156;22;2;114;109;98;96;95;93;92;91;200;32;1;86;11;5;13;142;146;193;194;170;145;145;145;0;40;29;
?;?;?;?;?;?;?;?;?;?;?;?;?;?;129;160;158;156;22;2;114;115;108;134;161;159;157;153;147;0;134;53;48;37;36;35;200;110;12;11;5;0;134;53;48;37;36;35;200;110;
?;?;?;?;?;?;?;?;?;?;?;?;?;?;2;143;62;132;131;129;128;111;85;84;73;9;57;43;39;160;158;156;22;2;114;109;98;96;95;93;92;111;85;84;5;13;142;146;193;194;
?;?;?;?;?;?;?;?;?;?;?;?;?;?;2;143;62;132;131;129;128;127;200;32;1;86;11;5;13;142;146;193;194;170;145;0;134;53;48;41;30;27;23;16;6;109;98;96;95;93;
?;?;?;?;?;?;?;?;?;?;?;?;?;?;11;5;13;142;146;193;194;170;145;145;145;145;145;145;145;145;145;145;145;145;0;40;29;26;88;0;134;53;48;37;36;35;200;32;4;18;
?;?;?;?;?;?;?;?;?;?;?;?;?;?;1;86;11;5;13;142;146;193;194;170;145;0;134;53;48;37;36;35;200;32;1;86;11;5;13;142;146;193;194;0;134;53;48;37;36;35;
?;?;?;?;?;?;?;?;?;?;?;?;?;?;129;160;158;156;22;2;143;62;132;131;129;160;158;156;22;2;143;62;132;131;129;128;111;85;84;5;13;143;62;132;131;129;160;158;156;22;
?;?;?;?;?;?;?;?;?;?;?;?;?;?;206;205;199;198;197;196;195;194;0;134;53;94;90;89;152;145;145;145;145;145;0;134;53;48;37;36;35;200;32;1;86;11;5;13;142;146;
?;?;?;?;?;?;?;?;?;?;?;?;?;?;163;151;150;148;116;169;146;193;194;170;144;133;53;48;37;36;35;110;12;11;5;13;142;146;193;194;170;145;0;134;53;48;37;160;158;156;
?;?;?;?;?;?;?;?;?;?;?;?;?;?;13;142;146;0;134;53;48;37;36;35;110;12;11;5;13;142;109;98;96;95;93;92;91;200;110;12;11;5;13;142;146;193;194;170;145;145;
?;?;?;?;?;?;?;?;?;?;?;?;?;?;41;30;27;23;16;6;109;98;96;95;93;92;91;200;32;4;110;12;11;5;13;142;146;193;194;170;145;145;0;134;53;94;90;89;152;145;
?;?;?;?;?;?;?;?;?;?;?;?;?;?;143;62;132;131;129;128;127;200;110;12;11;5;13;142;109;98;96;95;93;92;91;79;74;60;58;44;207;206;205;199;198;197;196;195;194;170;
?;?;?;?;?;?;?;?;?;?;?;?;?;?;13;142;146;193;194;170;145;145;145;145;0;134;53;48;37;36;111;85;84;5;13;142;109;98;96;106;104;103;173;171;143;62;132;131;129;128;
?;?;?;?;?;?;?;?;?;?;?;?;?;?;2;143;62;132;131;129;128;111;85;84;5;13;143;62;132;131;129;128;127;200;110;12;11;5;13;142;146;193;194;0;134;53;48;37;36;35;
?;?;?;?;?;?;?;?;?;?;?;?;?;?;6;146;0;134;53;48;37;36;35;200;32;4;18;119;118;1;86;11;5;13;142;109;98;96;95;93;92;91;200;110;12;11;5;13;142;146;
?;?;?;?;?;?;?;?;?;?;?;?;?;?;129;160;158;156;22;2;114;115;108;134;53;48;41;30;27;23;16;6;146;193;194;170;145;145;145;0;134;53;48;37;36;111;85;84;5;13;
?;?;?;?;?;?;?;?;?;?;?;?;?;?;145;145;145;145;145;145;0;134;53;48;37;36;35;110;12;11;77;65;52;49;39;38;34;21;19;121;120;119;118;118;1;86;11;5;13;142;
?;?;?;?;?;?;?;?;?;?;?;?;?;?;53;48;37;36;35;200;32;4;110;12;11;5;13;142;146;193;194;0;134;53;48;37;160;158;156;22;2;114;109;98;96;95;93;92;91;200;
?;?;?;?;?;?;?;?;?;?;?;?;?;?;61;180;178;176;175;163;151;150;148;116;169;146;193;192;134;53;48;37;36;35;200;32;4;18;119;118;118;118;1;86;11;5;13;142;109;98;
?;?;?;?;?;?;?;?;?;?;?;?;?;?;0;134;53;48;37;36;35;200;32;4;18;119;118;118;118;118;118;1;86;11;5;13;143;62;132;131;129;160;158;156;22;2;114;115;195;194;
?;?;?;?;?;?;?;?;?;?;?;?;?;?;2;143;62;132;131;129;128;127;200;32;4;18;119;118;118;118;118;118;118;118;118;118;118;118;118;1;86;11;5;13;142;146;193;192;134;53;
?;?;?;?;?;?;?;?;?;?;?;?;?;?;34;21;110;12;11;5;13;142;146;193;194;170;145;145;145;145;0;134;53;48;37;36;35;200;32;1;86;11;5;13;143;62;132;131;129;128;
?;?;?;?;?;?;?;?;?;?;?;?;?;?;114;109;98;96;95;93;160;158;156;22;2;114;115;108;134;53;48;41;78;67;56;46;20;176;175;163;151;150;148;116;169;146;193;194;0;134;
?;?;?;?;?;?;?;?;?;?;?;?;?;?;36;35;110;12;11;5;13;142;146;193;194;170;145;145;145;145;145;145;0;134;53;48;37;36;35;200;32;4;18;119;110;12;11;5;13;142;
?;?;?;?;?;?;?;?;?;?;?;?;?;?;4;18;119;110;12;11;5;13;142;146;193;194;170;144;133;53;48;37;36;35;200;32;4;18;15;12;11;5;13;142;146;0;134;53;48;37;
?;?;?;?;?;?;?;?;?;?;?;?;?;?;106;104;103;173;171;143;62;132;131;129;128;127;200;110;12;11;5;0;134;53;48;37;36;35;200;32;4;18;119;118;118;1;86;11;5;13;
?;?;?;?;?;?;?;?;?;?;?;?;?;?;145;145;145;145;145;145;0;134;53;48;37;36;35;200;32;4;18;15;12;11;5;13;143;62;132;131;129;128;127;200;32;4;18;119;118;118;
?;?;?;?;?;?;?;?;?;?;?;?;?;?;194;170;145;145;145;145;0;134;53;48;37;36;111;85;84;5;0;134;53;48;37;36;111;85;84;73;9;57;43;39;38;34;21;19;14;1;
?;?;?;?;?;?;?;?;?;?;?;?;?;?;11;5;13;142;146;193;194;0;134;53;48;37;36;111;85;84;5;13;142;109;98;96;95;93;92;91;79;12;11;5;13;142;146;0;134;53;
?;?;?;?;?;?;?;?;?;?;?;?;?;?;36;35;110;12;11;5;0;134;53;48;37;36;35;200;110;12;11;5;13;142;146;193;194;0;134;53;48;37;36;111;85;84;5;13;142;146;
?;?;?;?;?;?;?;?;?;?;?;?;?;?;9;57;43;39;38;110;12;11;5;13;142;146;0;134;53;94;90;89;152;145;145;145;0;134;53;48;37;36;111;85;84;5;13;142;146;193;
?;?;?;?;?;?;?;?;?;?;?;?;?;?;200;32;4;18;119;118;1;86;11;5;13;142;109;98;96;95;93;92;91;79;12;11;5;13;142;146;193;194;170;144;133;53;48;41;30;27;
?;?;?;?;?;?;?;?;?;?;?;?;?;?;93;92;111;85;84;5;13;142;146;193;194;170;145;145;145;145;0;134;53;48;37;36;35;200;32;1;86;11;5;13;142;146;193;194;0;134;
?;?;?;?;?;?;?;?;?;?;?;?;?;?;118;1;86;11;5;13;142;146;193;194;170;145;145;145;145;145;145;145;145;145;0;40;29;26;88;80;167;166;165;164;147;0;134;53;48;37;
?;?;?;?;?;?;?;?;?;?;?;?;?;?;194;170;145;145;145;145;0;134;53;48;37;36;35;200;32;4;18;119;118;118;118;1;86;11;5;13;142;146;193;194;0;134;53;48;37;36;
?;?;?;?;?;?;?;?;?;?;?;?;?;?;129;128;127;200;32;4;18;119;118;118;118;1;86;11;5;13;142;146;193;194;170;145;145;145;145;145;0;134;53;48;37;36;35;200;32;4;
?;?;?;?;?;?;?;?;?;?;?;?;?;?;6;109;98;96;95;93;92;91;200;32;4;18;119;118;118;118;118;118;118;1;86;11;5;13;142;109;98;96;95;93;92;91;200;32;4;18;
?;?;?;?;?;?;?;?;?;?;?;?;?;?;6;146;0;134;53;48;37;160;158;101;154;8;47;33;125;124;123;122;121;120;119;118;118;118;118;118;118;118;118;118;118;118;118;1;86;11;
?;?;?;?;?;?;?;?;?;?;?;?;?;?;114;109;98;96;95;93;92;91;200;110;12;11;5;13;142;146;193;194;170;145;0;134;53;48;37;36;35;200;110;12;11;5;13;142;146;193;
?;?;?;?;?;?;?;?;?;?;?;?;?;?;6;146;0;134;53;48;37;36;35;200;32;4;18;119;118;118;118;1;86;11;5;13;142;146;193;192;134;53;48;37;36;35;200;32;4;110;
?;?;?;?;?;?;?;?;?;?;?;?;?;?;73;9;57;43;42;31;28;24;17;7;147;0;134;53;48;37;36;35;200;32;1;86;11;5;13;142;146;193;194;170;145;145;145;145;145;145;
?;?;?;?;?;?;?;?;?;?;?;?;?;?;48;37;36;35;110;12;11;5;13;142;146;193;194;170;145;145;145;145;145;0;134;53;48;37;36;35;200;32;1;86;11;5;13;142;146;193;
?;?;?;?;?;?;?;?;?;?;?;?;?;?;170;145;0;134;53;48;37;36;35;200;32;4;18;15;12;11;5;13;142;146;193;194;170;145;0;134;53;48;37;36;35;200;32;4;18;119;
?;?;?;?;?;?;?;?;?;?;?;?;?;?;93;160;158;156;22;0;134;53;48;37;36;35;110;12;11;5;0;134;53;48;37;36;35;110;12;11;5;13;143;62;132;131;129;128;127;200;
?;?;?;?;?;?;?;?;?;?;?;?;?;?;93;92;91;200;32;4;18;119;110;12;11;5;13;142;109;98;96;95;93;92;91;200;110;12;11;5;13;142;109;98;96;95;93;92;91;200;
?;?;?;?;?;?;?;?;?;?;?;?;?;?;6;146;193;192;191;189;187;174;168;167;166;165;0;134;53;48;37;36;35;200;32;4;18;119;110;12;11;5;13;142;146;0;134;53;48;37;
?;?;?;?;?;?;?;?;?;?;?;?;?;?;170;145;145;145;145;145;0;134;53;48;37;36;35;200;32;4;18;119;118;118;1;86;11;5;13;142;146;193;194;170;144;133;53;48;37;36;
?;?;?;?;?;?;?;?;?;?;?;?;?;?;5;13;142;109;98;96;106;104;103;102;100;54;3;69;160;158;156;22;2;114;115;195;194;170;144;133;107;105;75;66;97;82;35;200;32;4;
?;?;?;?;?;?;?;?;?;?;?;?;?;?;129;128;111;85;84;5;0;134;53;48;37;36;111;85;84;5;13;142;146;193;194;170;145;0;134;53;48;37;36;35;200;110;12;11;5;13;
?;?;?;?;?;?;?;?;?;?;?;?;?;?;36;111;85;84;5;13;142;146;193;194;170;145;145;145;0;134;53;48;37;36;35;200;110;12;11;5;13;142;146;193;194;170;145;145;0;134;
?;?;?;?;?;?;?;?;?;?;?;?;?;?;145;145;145;145;145;145;145;145;0;134;53;48;37;36;35;200;32;4;18;119;118;118;118;118;1;86;11;5;13;143;62;132;131;129;128;127;
?;?;?;?;?;?;?;?;?;?;?;?;?;?;48;37;36;35;200;110;12;11;5;13;142;146;193;192;134;53;48;37;36;35;200;32;4;18;119;118;118;118;118;118;118;118;118;118;118;118;
?;?;?;?;?;?;?;?;?;?;?;?;?;?;134;53;48;37;36;35;200;32;1;86;11;5;0;134;53;48;37;36;35;200;32;4;18;119;118;118;118;118;118;118;118;118;118;118;118;118;
?;?;?;?;?;?;?;?;?;?;?;?;?;?;13;142;146;193;194;170;145;145;145;145;0;134;53;48;37;36;35;200;32;4;110;12;11;5;13;142;146;0;134;53;48;37;36;35;200;32;
?;?;?;?;?;?;?;?;?;?;?;?;?;?;36;35;200;32;4;18;119;110;12;11;5;0;134;53;48;37;36;35;200;32;1;86;11;77;65;52;49;39;38;34;21;19;121;120;119;118;
?;?;?;?;?;?;?;?;?;?;?;?;?;?;6;109;98;96;95;93;92;111;85;84;73;9;57;43;39;38;110;12;11;5;13;142;109;98;96;95;93;92;91;200;32;4;18;15;12;11;
?;?;?;?;?;?;?;?;?;?;?;?;?;?;129;160;158;156;22;2;114;115;195;194;170;144;133;53;48;37;36;35;200;32;4;110;12;11;5;13;142;146;0;134;53;94;90;89;152;145;
?;?;?;?;?;?;?;?;?;?;?;?;?;?;129;128;127;200;110;71;99;83;70;68;207;206;205;199;198;197;196;195;194;170;145;145;145;145;145;145;145;0;134;53;48;37;36;35;200;32;
?;?;?;?;?;?;?;?;?;?;?;?;?;?;86;11;5;13;142;146;0;134;53;94;90;89;152;145;145;145;145;145;145;145;145;145;0;134;53;48;37;160;158;156;22;2;114;115;195;0;
?;?;?;?;?;?;?;?;?;?;?;?;?;?;124;123;122;121;120;119;118;118;118;118;118;118;118;118;118;118;1;86;11;5;13;142;146;193;194;170;145;145;145;145;145;145;145;145;145;145;
?;?;?;?;?;?;?;?;?;?;?;?;?;?;0;134;53;48;37;36;35;200;32;1;86;11;5;13;142;146;193;192;134;53;48;37;36;35;200;32;4;18;119;118;118;118;118;118;118;118;
?;?;?;?;?;?;?;?;?;?;?;?;?;?;128;111;85;84;5;13;142;109;98;96;95;93;160;158;156;22;2;114;109;98;96;95;41;30;27;77;65;52;49;39;38;34;21;19;121;120;
?;?;?;?;?;?;?;?;?;?;?;?;?;?;36;111;85;84;5;13;142;109;98;96;95;93;160;158;156;22;2;114;115;195;194;170;145;145;145;145;145;0;134;53;48;37;36;35;200;32;
?;?;?;?;?;?;?;?;?;?;?;?;?;?;5;13;142;146;193;194;170;145;145;145;145;0;134;53;48;37;160;158;156;22;2;143;62;132;131;129;128;127;112;87;11;5;13;142;109;98;
?;?;?;?;?;?;?;?;?;?;?;?;?;?;129;160;158;156;22;2;114;109;98;96;95;93;92;91;200;32;4;18;119;118;118;118;118;1;86;11;77;65;52;49;39;160;158;156;22;2;
?;?;?;?;?;?;?;?;?;?;?;?;?;?;2;114;115;195;0;134;53;48;37;36;35;110;12;11;5;13;142;146;193;194;0;134;53;48;37;36;35;200;32;1;86;11;5;13;142;146;
?;?;?;?;?;?;?;?;?;?;?;?;?;?;114;109;98;96;95;93;160;158;156;22;0;134;53;48;37;36;35;110;12;11;5;13;142;146;193;194;170;145;0;134;53;48;37;36;35;200;
?;?;?;?;?;?;?;?;?;?;?;?;?;?;13;143;62;132;131;41;30;27;23;16;6;109;98;96;95;93;160;158;156;73;9;57;43;39;38;34;21;110;12;11;5;13;143;62;132;131;
?;?;?;?;?;?;?;?;?;?;?;?;?;?;13;142;109;98;96;95;41;30;27;23;16;6;109;98;96;95;93;160;158;156;22;2;143;62;132;131;129;128;111;85;84;5;13;142;146;193;
?;?;?;?;?;?;?;?;?;?;?;?;?;?;118;118;118;118;118;118;118;118;118;1;86;11;5;13;142;146;193;194;170;145;145;145;145;145;145;145;145;145;145;145;145;145;145;145;0;134;
?;?;?;?;?;?;?;?;?;?;?;?;?;?;6;109;98;96;95;93;92;91;200;110;12;11;5;13;142;146;193;194;170;144;133;53;48;37;36;35;110;12;11;5;13;142;146;0;134;53;
?;?;?;?;?;?;?;?;?;?;?;?;?;?;110;12;11;5;13;142;146;193;194;0;134;53;48;37;36;35;200;32;4;18;15;12;11;5;13;142;146;193;194;0;134;53;48;37;36;35;
?;?;?;?;?;?;?;?;?;?;?;?;?;?;36;35;110;12;11;5;13;142;146;193;194;170;145;0;134;53;48;37;36;35;200;110;12;11;5;13;142;146;193;194;0;134;53;48;37;36;
?;?;?;?;?;?;?;?;?;?;?;?;?;?;114;109;98;96;95;93;92;111;85;84;5;13;142;109;98;96;95;41;30;27;23;16;6;146;193;194;0;134;53;48;37;36;35;200;32;4;
?;?;?;?;?;?;?;?;?;?;?;?;?;?;129;160;158;156;22;0;134;53;48;37;36;35;200;32;1;86;11;5;13;142;146;193;194;170;144;133;107;105;89;152;145;145;145;145;145;145;
?;?;?;?;?;?;?;?;?;?;?;?;?;?;27;23;16;6;146;193;192;134;53;48;37;36;35;200;32;4;18;119;118;118;118;118;118;118;118;118;118;118;118;118;118;118;118;118;118;118;
?;?;?;?;?;?;?;?;?;?;?;?;?;?;41;30;27;23;16;6;109;98;96;95;93;92;91;200;32;4;110;12;11;5;13;142;109;98;96;95;93;160;158;156;22;2;114;115;195;194;
?;?;?;?;?;?;?;?;?;?;?;?;?;?;128;127;112;87;11;5;13;142;146;193;194;170;145;145;145;0;134;53;48;37;36;35;200;32;4;18;119;118;118;1;86;11;5;13;142;146;
?;?;?;?;?;?;?;?;?;?;?;?;?;?;129;128;111;85;84;5;0;134;53;48;41;30;27;23;16;6;146;193;194;0;134;53;48;37;36;35;200;32;4;110;12;11;5;13;142;146;
?;?;?;?;?;?;?;?;?;?;?;?;?;?;6;109;98;96;95;93;92;111;85;84;5;13;142;146;0;134;53;48;37;36;35;200;32;4;18;119;118;118;118;1;86;11;5;13;142;146;
?;?;?;?;?;?;?;?;?;?;?;?;?;?;93;92;91;200;32;1;86;11;5;13;142;146;193;192;134;53;48;37;36;35;200;32;4;110;12;11;5;13;142;146;193;194;170;145;145;145;
?;?;?;?;?;?;?;?;?;?;?;?;?;?;128;111;85;84;5;13;142;146;0;134;53;48;37;36;35;200;32;4;18;119;118;118;118;118;118;118;118;118;1;86;11;5;13;142;146;193;
?;?;?;?;?;?;?;?;?;?;?;?;?;?;5;0;134;53;48;37;36;35;110;12;11;5;13;142;146;193;194;170;144;133;53;48;37;36;35;200;110;12;11;5;13;142;146;193;194;170;
?;?;?;?;?;?;?;?;?;?;?;?;?;?;194;170;145;0;134;53;48;37;36;35;200;110;12;11;5;13;142;146;0;134;53;48;37;36;35;200;32;4;18;119;110;12;11;5;13;142;
?;?;?;?;?;?;?;?;?;?;?;?;?;?;129;128;111;85;84;5;13;143;62;132;131;129;128;127;200;32;4;18;119;118;118;118;118;1;86;11;5;13;142;146;193;194;170;145;145;145;
?;?;?;?;?;?;?;?;?;?;?;?;?;?;95;93;160;158;156;22;0;134;53;48;37;36;111;85;84;73;9;57;43;39;38;34;110;12;11;77;65;52;49;39;38;34;21;19;14;1;
?;?;?;?;?;?;?;?;?;?;?;?;?;?;6;109;98;96;95;93;92;91;200;32;4;18;119;118;118;118;118;1;86;11;5;13;142;146;0;134;53;48;37;36;35;200;32;1;86;11;
?;?;?;?;?;?;?;?;?;?;?;?;?;?;145;145;145;145;145;0;134;53;48;37;36;35;200;32;4;18;15;12;11;5;13;142;109;98;96;95;93;92;91;200;32;4;18;119;110;12;
?;?;?;?;?;?;?;?;?;?;?;?;?;?;2;143;62;132;131;41;30;27;23;16;6;109;98;96;95;93;92;91;200;110;12;184;182;181;177;135;207;206;205;199;198;197;196;195;194;170;
?;?;?;?;?;?;?;?;?;?;?;?;?;?;139;138;117;113;81;204;63;59;50;51;160;158;156;22;2;114;115;195;194;0;134;53;48;37;36;35;200;110;12;11;5;13;142;109;98;96;
?;?;?;?;?;?;?;?;?;?;?;?;?;?;53;48;37;36;111;85;84;5;13;142;146;193;194;0;134;53;48;37;36;35;200;32;4;110;12;11;5;13;142;146;193;194;170;145;145;145;
?;?;?;?;?;?;?;?;?;?;?;?;?;?;133;53;48;37;36;35;200;32;4;110;12;11;5;0;134;53;48;37;36;35;200;32;1;86;11;5;13;142;146;0;134;53;48;37;160;158;
?;?;?;?;?;?;?;?;?;?;?;?;?;?;5;13;142;109;98;96;95;93;92;91;200;32;4;18;119;118;1;86;11;5;13;142;146;193;194;170;145;145;145;145;145;145;145;145;145;145;
?;?;?;?;?;?;?;?;?;?;?;?;?;?;95;41;30;27;23;16;6;109;98;96;95;41;30;27;23;16;143;62;132;131;129;128;127;200;32;1;86;155;141;137;136;135;125;124;123;122;
?;?;?;?;?;?;?;?;?;?;?;?;?;?;13;142;146;193;192;191;189;187;174;168;167;166;0;134;53;48;41;30;27;23;16;6;146;193;194;170;144;133;53;48;37;36;35;200;32;4;
?;?;?;?;?;?;?;?;?;?;?;?;?;?;13;142;109;98;96;95;41;30;27;23;16;6;146;193;194;170;145;145;145;145;0;134;53;48;37;36;35;200;32;4;18;119;118;118;118;118;
?;?;?;?;?;?;?;?;?;?;?;?;?;?;0;134;53;48;37;160;158;156;22;2;114;109;98;96;95;93;92;91;200;32;1;86;11;5;13;142;146;193;194;170;145;145;145;145;145;145;
?;?;?;?;?;?;?;?;?;?;?;?;?;?;128;127;112;87;11;5;13;142;109;98;96;95;93;92;91;200;32;4;18;15;12;11;5;13;142;146;193;194;170;145;145;145;145;145;145;0;
?;?;?;?;?;?;?;?;?;?;?;?;?;?;5;13;142;146;0;134;53;94;90;89;152;145;145;145;145;145;145;145;145;145;145;0;134;53;48;37;36;35;200;32;4;18;15;12;11;5;
?;?;?;?;?;?;?;?;?;?;?;?;?;?;36;35;200;110;71;99;83;70;68;33;125;163;151;150;148;116;169;146;193;194;170;145;145;145;145;145;145;145;145;145;145;0;134;53;48;37;
?;?;?;?;?;?;?;?;?;?;?;?;?;?;95;93;160;158;156;22;0;134;53;48;41;30;27;23;16;6;146;193;194;170;145;145;0;134;53;48;37;36;35;200;32;4;110;12;11;5;
?;?;?;?;?;?;?;?;?;?;?;?;?;?;4;110;12;11;5;13;142;146;193;194;170;145;145;145;0;134;53;48;37;160;158;156;22;2;114;115;195;194;170;144;133;53;48;37;36;35;
?;?;?;?;?;?;?;?;?;?;?;?;?;?;145;145;145;0;134;53;48;37;36;35;200;32;4;18;119;118;1;86;11;5;13;142;146;193;194;170;145;0;134;53;48;37;36;35;200;32;
?;?;?;?;?;?;?;?;?;?;?;?;?;?;118;1;86;11;5;13;142;146;193;194;170;145;145;145;145;145;145;145;145;145;145;145;145;145;145;145;0;134;53;48;37;36;35;200;32;4;
?;?;?;?;?;?;?;?;?;?;?;?;?;?;48;37;160;158;156;22;2;114;109;98;96;95;93;92;91;200;32;4;18;119;110;12;11;5;13;142;109;98;96;95;93;92;91;200;32;4;
?;?;?;?;?;?;?;?;?;?;?;?;?;?;129;160;158;156;22;2;114;115;195;194;170;145;145;145;0;134;53;94;90;101;154;8;47;33;125;124;123;122;121;120;119;118;118;118;118;118;
?;?;?;?;?;?;?;?;?;?;?;?;?;?;129;128;127;200;32;4;18;119;118;118;118;1;86;11;5;13;142;146;193;194;170;145;145;145;145;145;145;145;145;0;134;53;48;37;36;35;
?;?;?;?;?;?;?;?;?;?;?;?;?;?;2;143;62;132;131;129;128;127;200;110;12;184;182;181;177;135;125;124;123;122;121;120;119;110;12;11;5;13;142;146;193;194;170;145;145;145;
?;?;?;?;?;?;?;?;?;?;?;?;?;?;13;142;146;193;194;170;145;145;145;145;145;0;134;53;48;37;160;158;156;73;9;57;43;39;38;34;21;19;121;120;119;118;118;1;86;11;
?;?;?;?;?;?;?;?;?;?;?;?;?;?;128;111;85;84;5;13;143;62;132;131;129;128;111;85;84;5;0;134;53;48;37;36;35;200;110;12;11;5;13;142;146;193;192;134;53;48;
?;?;?;?;?;?;?;?;?;?;?;?;?;?;5;0;134;53;94;90;89;152;145;145;145;145;145;145;145;145;145;145;145;145;0;134;53;48;37;36;35;200;32;4;18;119;118;118;1;86;
?;?;?;?;?;?;?;?;?;?;?;?;?;?;5;0;134;53;48;37;36;111;85;185;61;180;178;176;175;163;151;150;148;116;169;146;193;192;134;53;48;37;36;35;200;32;4;18;119;110;
?;?;?;?;?;?;?;?;?;?;?;?;?;?;27;23;16;6;146;193;194;0;134;53;48;37;36;35;200;32;4;110;12;11;5;13;142;146;193;192;134;53;48;37;36;35;200;32;4;18;
?;?;?;?;?;?;?;?;?;?;?;?;?;?;2;143;62;132;131;129;128;127;200;110;12;11;5;13;142;146;193;194;0;134;53;48;37;36;35;110;12;11;5;13;142;146;193;194;0;134;
?;?;?;?;?;?;?;?;?;?;?;?;?;?;5;13;142;146;193;192;134;53;48;37;36;35;200;32;4;18;119;110;12;11;5;13;142;146;193;194;170;145;145;145;0;134;53;94;90;89;
?;?;?;?;?;?;?;?;?;?;?;?;?;?;95;93;92;111;85;84;5;13;142;146;193;194;0;134;53;48;37;36;35;200;32;4;18;15;12;11;5;13;143;62;94;90;89;152;145;145;
?;?;?;?;?;?;?;?;?;?;?;?;?;?;143;62;132;131;129;160;158;156;22;2;114;115;195;194;170;145;0;134;53;48;37;36;35;200;110;12;11;5;13;142;146;0;134;53;48;37;
?;?;?;?;?;?;?;?;?;?;?;?;?;?;134;53;48;37;36;35;200;32;4;18;119;118;118;118;118;118;118;118;118;118;118;1;86;11;5;13;142;146;193;194;170;145;145;145;145;145;
?;?;?;?;?;?;?;?;?;?;?;?;?;?;193;194;0;134;53;48;37;36;35;200;32;4;18;15;12;11;5;13;142;146;193;192;134;53;48;37;36;35;200;32;4;18;15;10;25;0;
?;?;?;?;?;?;?;?;?;?;?;?;?;?;41;30;27;23;16;143;62;132;131;129;128;127;112;87;11;5;13;143;62;132;131;129;160;158;156;22;0;134;53;48;37;36;35;200;32;4;
?;?;?;?;?;?;?;?;?;?;?;?;?;?;36;35;200;32;4;18;119;118;118;118;118;118;118;1;86;11;77;65;52;49;39;38;34;110;12;11;5;13;142;146;193;194;170;145;145;145;
?;?;?;?;?;?;?;?;?;?;?;?;?;?;129;128;111;162;64;149;130;126;33;125;124;110;12;11;5;13;142;146;193;194;170;145;145;0;134;53;48;37;36;35;200;110;12;11;5;13;
?;?;?;?;?;?;?;?;?;?;?;?;?;?;145;145;145;145;145;0;134;53;48;37;36;35;200;110;12;11;5;0;134;53;48;37;36;35;200;32;4;18;119;110;12;11;5;0;134;53;
?;?;?;?;?;?;?;?;?;?;?;?;?;?;129;128;111;85;84;5;13;143;62;94;90;89;152;145;145;145;145;145;145;145;145;145;145;145;145;0;134;53;48;37;160;158;156;22;2;114;
?;?;?;?;?;?;?;?;?;?;?;?;?;?;12;11;5;13;142;146;193;194;0;134;53;48;37;36;35;110;12;11;5;13;142;146;193;194;0;134;53;48;37;36;35;200;32;4;18;119;
?;?;?;?;?;?;?;?;?;?;?;?;?;?;129;160;158;156;22;2;114;115;108;190;188;186;172;164;147;0;134;53;48;37;36;35;200;32;4;18;119;118;118;118;118;118;118;118;1;86;
?;?;?;?;?;?;?;?;?;?;?;?;?;?;37;36;35;200;32;1;162;64;149;130;126;33;125;124;123;122;121;120;119;118;118;118;118;118;118;118;118;1;86;11;5;13;142;146;0;134;
?;?;?;?;?;?;?;?;?;?;?;?;?;?;6;109;98;96;95;93;92;91;200;32;4;18;119;118;1;86;11;5;13;142;109;98;96;95;93;92;91;200;32;4;18;119;118;118;118;118;
?;?;?;?;?;?;?;?;?;?;?;?;?;?;2;114;115;195;194;170;145;145;145;0;134;53;48;37;36;35;200;32;1;86;11;5;13;142;146;193;194;0;134;53;48;37;36;35;110;12;
?;?;?;?;?;?;?;?;?;?;?;?;?;?;145;145;145;145;145;0;134;53;48;37;36;35;200;32;4;18;119;118;118;118;1;86;11;5;13;143;62;132;131;129;128;127;200;32;4;110;
?;?;?;?;?;?;?;?;?;?;?;?;?;?;37;36;35;110;12;11;5;13;142;146;193;194;0;134;53;48;37;36;35;200;32;4;18;15;12;11;5;13;142;146;193;192;134;53;48;37;
?;?;?;?;?;?;?;?;?;?;?;?;?;?;5;13;142;146;193;194;170;145;145;145;145;145;145;145;145;145;145;145;145;145;145;145;0;134;53;48;37;36;35;200;32;4;18;119;118;118;
?;?;?;?;?;?;?;?;?;?;?;?;?;?;48;37;160;158;156;22;2;114;115;195;194;170;145;145;145;145;145;145;145;145;145;145;145;145;0;40;29;26;88;80;76;183;55;45;32;4;
?;?;?;?;?;?;?;?;?;?;?;?;?;?;93;92;91;200;32;4;18;119;110;12;11;5;13;142;146;193;194;170;145;145;145;145;145;145;145;145;145;145;145;145;145;145;145;145;145;145;
?;?;?;?;?;?;?;?;?;?;?;?;?;?;48;37;36;35;200;32;1;86;11;5;13;142;146;0;134;53;48;37;36;35;200;32;4;18;119;118;118;118;118;1;86;11;5;13;142;146;
?;?;?;?;?;?;?;?;?;?;?;?;?;?;145;145;145;145;0;134;53;48;37;36;35;200;32;4;18;119;118;118;118;118;118;118;118;1;86;11;5;13;143;62;132;131;129;128;127;200;
?;?;?;?;?;?;?;?;?;?;?;?;?;?;41;30;27;23;16;143;62;132;131;129;128;127;112;87;11;5;13;142;146;0;134;53;94;90;89;152;145;145;145;0;134;53;94;90;89;152;
?;?;?;?;?;?;?;?;?;?;?;?;?;?;205;199;198;197;196;195;194;170;144;133;53;48;37;36;111;162;64;149;130;126;33;125;124;123;122;110;12;11;5;13;143;62;132;131;129;128;
?;?;?;?;?;?;?;?;?;?;?;?;?;?;129;128;127;200;110;12;11;5;13;142;146;193;194;0;134;53;48;37;36;35;200;32;1;86;11;5;13;142;146;193;194;170;145;145;145;145;
?;?;?;?;?;?;?;?;?;?;?;?;?;?;118;118;1;86;11;5;13;142;146;193;194;170;145;145;145;145;0;134;53;48;37;36;35;200;32;4;18;119;118;118;118;118;118;118;118;118;
?;?;?;?;?;?;?;?;?;?;?;?;?;?;12;11;5;0;134;53;48;37;160;158;101;154;8;47;33;125;124;123;110;12;11;5;13;142;109;98;96;95;93;92;91;200;110;12;11;5;
?;?;?;?;?;?;?;?;?;?;?;?;?;?;6;109;98;96;95;93;92;91;200;32;4;18;119;110;12;11;5;13;142;146;193;194;0;134;53;48;37;36;35;110;12;11;77;65;52;49;
?;?;?;?;?;?;?;?;?;?;?;?;?;?;2;143;62;132;131;129;160;158;156;22;0;134;53;48;37;36;35;110;12;11;5;13;142;146;193;194;170;145;145;145;145;145;0;134;53;94;
?;?;?;?;?;?;?;?;?;?;?;?;?;?;160;158;156;22;2;114;115;195;194;170;145;145;145;145;145;0;134;53;48;37;36;35;200;32;4;18;15;12;11;5;13;142;146;193;192;134;
?;?;?;?;?;?;?;?;?;?;?;?;?;?;73;9;57;43;39;38;34;21;110;12;11;5;13;142;146;193;194;170;145;145;145;0;134;53;48;37;36;35;200;110;12;11;5;13;142;146;
?;?;?;?;?;?;?;?;?;?;?;?;?;?;0;134;53;48;37;36;35;110;12;11;5;0;134;53;48;37;160;158;156;22;2;143;62;132;131;129;128;111;85;84;5;13;142;146;193;194;
?;?;?;?;?;?;?;?;?;?;?;?;?;?;129;160;158;156;22;2;114;109;98;96;95;93;160;158;156;73;9;57;43;42;31;28;24;17;7;147;0;134;53;48;37;36;35;200;32;4;
?;?;?;?;?;?;?;?;?;?;?;?;?;?;13;142;109;98;96;95;93;160;158;156;22;2;114;115;195;194;170;145;145;145;145;0;134;53;48;37;36;35;200;32;4;18;119;118;118;118;
?;?;?;?;?;?;?;?;?;?;?;?;?;?;13;142;146;193;192;134;53;48;37;36;35;200;110;12;11;5;13;142;146;193;194;0;134;53;48;37;36;35;110;12;11;5;13;142;146;0;
?;?;?;?;?;?;?;?;?;?;?;?;?;?;193;194;170;145;145;145;145;145;145;145;0;134;53;48;37;36;35;200;32;4;18;119;118;118;118;118;118;118;118;118;118;118;118;118;118;118;
?;?;?;?;?;?;?;?;?;?;?;?;?;?;160;158;156;22;2;114;115;195;0;134;53;48;37;160;158;156;22;2;114;115;195;194;170;145;145;0;134;53;48;37;36;35;200;32;4;18;
?;?;?;?;?;?;?;?;?;?;?;?;?;?;96;95;93;92;91;200;32;4;110;12;11;5;13;142;146;193;194;170;144;133;53;48;37;36;35;200;110;12;11;5;13;142;109;98;96;95;
?;?;?;?;?;?;?;?;?;?;?;?;?;?;93;160;158;156;22;2;114;115;108;134;53;48;37;36;35;200;32;4;18;119;118;118;118;118;118;118;118;118;118;118;118;1;86;11;5;13;
?;?;?;?;?;?;?;?;?;?;?;?;?;?;41;30;27;23;16;143;62;132;131;129;160;158;156;22;2;114;115;195;0;134;53;48;37;36;35;200;32;1;86;11;5;13;142;146;193;194;
?;?;?;?;?;?;?;?;?;?;?;?;?;?;128;127;200;32;4;18;119;118;118;118;118;118;1;86;155;141;137;136;135;125;124;110;12;11;5;13;142;146;0;134;53;48;37;36;35;200;
?;?;?;?;?;?;?;?;?;?;?;?;?;?;170;145;145;145;145;145;145;0;134;53;48;37;36;35;200;32;4;18;119;118;118;118;118;118;118;118;118;118;1;86;11;5;13;142;146;193;
?;?;?;?;?;?;?;?;?;?;?;?;?;?;160;158;156;22;2;114;115;108;134;53;48;37;160;158;156;22;0;134;53;48;37;160;158;156;22;2;114;115;108;134;53;48;41;30;27;23;
?;?;?;?;?;?;?;?;?;?;?;?;?;?;36;111;85;84;5;13;142;109;98;96;95;93;92;111;85;84;5;13;142;146;193;194;170;145;145;145;0;134;53;48;37;160;158;156;22;2;
?;?;?;?;?;?;?;?;?;?;?;?;?;?;86;11;5;13;142;146;193;194;170;145;145;0;134;53;48;37;36;35;200;32;4;18;119;118;118;1;86;11;5;13;142;109;98;96;95;93;
?;?;?;?;?;?;?;?;?;?;?;?;?;?;5;13;142;146;193;194;170;145;0;134;53;48;37;36;35;200;32;1;86;11;5;13;142;146;193;194;170;145;0;134;53;48;37;36;35;200;
?;?;?;?;?;?;?;?;?;?;?;?;?;?;114;109;98;96;95;93;92;91;79;12;11;5;13;142;146;193;194;170;145;145;145;145;0;134;53;48;37;36;35;200;32;4;18;15;12;11;
?;?;?;?;?;?;?;?;?;?;?;?;?;?;6;146;193;192;134;53;48;37;36;35;200;32;4;18;119;118;118;118;118;118;118;1;86;11;5;13;142;146;193;194;170;145;145;145;145;145;
?;?;?;?;?;?;?;?;?;?;?;?;?;?;13;142;146;193;194;170;145;145;145;145;0;134;53;48;37;36;35;200;32;4;18;119;110;12;11;5;13;142;146;193;194;170;145;145;145;145;
?;?;?;?;?;?;?;?;?;?;?;?;?;?;5;0;134;53;48;41;30;27;23;16;6;109;98;96;95;93;92;91;79;12;11;77;65;52;49;39;160;158;156;22;2;114;115;195;0;134;
?;?;?;?;?;?;?;?;?;?;?;?;?;?;5;0;134;53;48;37;160;158;156;22;2;114;115;195;194;170;145;145;0;134;53;48;37;36;35;200;32;4;110;12;11;77;65;52;49;39;
?;?;?;?;?;?;?;?;?;?;?;?;?;?;52;49;39;38;110;12;11;5;13;142;146;193;194;0;134;53;48;37;36;35;200;32;4;110;12;11;5;13;142;146;193;192;134;53;48;37;
?;?;?;?;?;?;?;?;?;?;?;?;?;?;36;35;200;32;4;18;119;110;12;11;5;13;142;109;98;96;95;93;92;111;85;84;5;13;142;146;193;194;170;145;145;0;134;53;48;37;
?;?;?;?;?;?;?;?;?;?;?;?;?;?;118;118;118;118;118;118;118;118;118;1;86;11;5;13;142;146;193;192;134;53;48;37;36;35;200;110;12;11;5;13;142;146;193;194;170;145;
?;?;?;?;?;?;?;?;?;?;?;?;?;?;5;13;142;109;98;96;95;93;92;91;79;12;11;5;13;142;109;98;96;95;93;92;91;200;32;1;86;11;5;13;142;146;193;192;134;53;
?;?;?;?;?;?;?;?;?;?;?;?;?;?;32;4;18;15;12;11;5;13;143;62;132;131;129;128;127;200;32;1;86;11;5;13;142;146;0;134;53;48;37;36;35;200;32;4;18;119;
?;?;?;?;?;?;?;?;?;?;?;?;?;?;18;119;118;118;118;118;118;118;118;118;118;118;118;118;1;86;11;5;13;142;146;193;194;170;145;145;145;145;145;145;145;145;145;145;145;0;
?;?;?;?;?;?;?;?;?;?;?;?;?;?;2;114;115;108;134;53;48;37;36;35;200;32;4;18;119;118;1;86;11;5;13;143;62;132;131;129;128;127;200;110;12;11;5;13;142;146;
?;?;?;?;?;?;?;?;?;?;?;?;?;?;93;160;158;156;22;2;114;109;98;96;95;93;92;91;200;32;4;18;119;118;118;118;118;118;118;118;118;118;118;118;118;118;1;86;11;5;
?;?;?;?;?;?;?;?;?;?;?;?;?;?;36;111;85;84;5;13;142;109;98;140;139;138;117;113;81;204;63;59;50;41;30;27;23;16;6;146;193;194;0;134;53;48;37;36;111;85;
?;?;?;?;?;?;?;?;?;?;?;?;?;?;11;5;13;142;146;0;134;53;48;37;36;35;200;32;4;18;119;118;1;86;11;5;13;142;146;193;194;170;144;133;53;48;37;36;35;200;
?;?;?;?;?;?;?;?;?;?;?;?;?;?;2;114;115;195;194;170;145;145;145;145;145;0;134;53;48;37;36;35;200;32;4;18;119;118;118;118;118;118;1;86;11;5;13;142;109;98;
?;?;?;?;?;?;?;?;?;?;?;?;?;?;129;160;158;156;22;0;134;53;48;37;36;35;200;110;12;11;5;13;142;146;193;194;170;145;0;134;53;48;37;36;35;200;32;4;18;119;
?;?;?;?;?;?;?;?;?;?;?;?;?;?;53;48;37;36;35;200;110;12;11;5;13;142;146;193;194;170;145;145;145;0;134;53;48;37;36;35;200;32;4;18;15;12;11;5;13;142;
?;?;?;?;?;?;?;?;?;?;?;?;?;?;93;92;91;200;110;12;184;182;181;177;160;158;156;22;2;143;62;132;131;129;128;127;200;32;4;18;119;118;118;118;118;118;118;118;1;86;
?;?;?;?;?;?;?;?;?;?;?;?;?;?;16;143;62;132;131;129;128;127;200;32;4;18;119;118;118;118;1;86;11;5;0;134;53;48;37;36;35;200;32;4;110;12;11;5;13;142;
?;?;?;?;?;?;?;?;?;?;?;?;?;?;0;134;53;48;37;36;111;85;84;5;13;143;62;132;131;129;128;111;85;84;5;13;142;146;193;194;170;145;145;145;145;0;134;53;48;37;
?;?;?;?;?;?;?;?;?;?;?;?;?;?;6;109;98;96;95;93;92;91;200;32;4;18;119;118;118;118;118;1;86;11;5;13;142;146;193;194;170;145;145;145;145;145;145;145;145;145;
?;?;?;?;?;?;?;?;?;?;?;?;?;?;36;111;85;84;5;13;142;146;193;194;170;145;145;145;145;145;145;145;0;134;53;48;41;30;27;23;16;143;62;132;131;129;128;127;200;32;
?;?;?;?;?;?;?;?;?;?;?;?;?;?;158;156;22;2;114;115;195;0;134;53;48;37;36;35;200;32;4;18;119;118;118;118;118;118;118;118;1;86;11;5;13;142;146;193;192;134;
?;?;?;?;?;?;?;?;?;?;?;?;?;?;143;62;132;131;129;160;158;156;22;2;114;115;108;134;53;48;37;160;158;156;22;0;134;53;48;37;36;35;200;32;4;18;119;118;1;86;
?;?;?;?;?;?;?;?;?;?;?;?;?;?;2;114;109;98;96;106;104;103;173;171;145;145;145;145;0;134;53;48;37;36;35;200;32;4;18;119;118;118;118;118;118;118;118;118;118;118;
?;?;?;?;?;?;?;?;?;?;?;?;?;?;106;104;103;102;100;54;3;69;200;32;4;110;12;11;5;13;143;62;132;131;41;30;27;23;16;6;109;98;96;95;93;92;91;200;32;4;
?;?;?;?;?;?;?;?;?;?;?;?;?;?;41;30;27;23;16;6;146;0;134;53;48;41;30;27;23;16;6;109;98;96;95;93;92;91;200;32;4;18;119;118;118;1;86;11;5;13;
?;?;?;?;?;?;?;?;?;?;?;?;?;?;36;35;110;12;11;5;13;142;146;193;194;170;145;145;145;145;145;0;134;53;48;37;160;158;156;22;0;134;53;48;37;36;35;110;12;11;
?;?;?;?;?;?;?;?;?;?;?;?;?;?;129;128;127;200;32;4;18;119;110;12;11;5;13;142;146;193;194;0;134;53;48;37;36;35;200;32;1;86;11;5;13;142;146;193;194;170;
?;?;?;?;?;?;?;?;?;?;?;?;?;?;129;128;127;112;87;72;203;202;201;179;207;206;205;199;198;197;196;195;194;170;144;133;53;48;37;36;35;200;32;4;110;12;11;5;13;142;
?;?;?;?;?;?;?;?;?;?;?;?;?;?;41;30;27;23;16;6;146;0;134;53;48;37;160;158;156;22;2;114;115;108;134;53;48;37;36;35;110;12;11;5;13;142;146;0;134;53;
?;?;?;?;?;?;?;?;?;?;?;?;?;?;129;128;111;85;84;5;13;142;146;193;194;170;145;145;145;0;134;53;48;37;36;35;200;32;4;110;12;11;5;13;142;146;193;194;170;144;
?;?;?;?;?;?;?;?;?;?;?;?;?;?;41;30;27;23;16;6;146;0;134;53;48;37;36;35;200;32;4;18;119;118;118;118;118;118;118;118;118;118;118;1;86;11;5;13;142;146;
?;?;?;?;?;?;?;?;?;?;?;?;?;?;48;37;36;35;110;12;11;5;13;142;146;0;134;53;48;37;36;35;200;110;12;11;5;13;142;146;193;194;170;144;133;53;48;37;36;35;
?;?;?;?;?;?;?;?;?;?;?;?;?;?;129;160;158;156;22;0;134;53;48;37;160;158;156;22;2;114;109;98;96;95;93;92;111;85;84;5;13;142;109;98;96;95;41;30;27;23;
?;?;?;?;?;?;?;?;?;?;?;?;?;?;2;114;109;98;96;106;104;103;173;171;145;145;0;134;53;48;37;36;111;162;64;149;130;126;33;125;124;123;122;121;120;119;118;1;86;11;
?;?;?;?;?;?;?;?;?;?;?;?;?;?;170;144;133;53;48;37;36;35;200;32;4;18;119;118;118;1;86;11;5;0;134;53;48;37;160;158;156;22;2;114;115;195;194;170;145;145;
?;?;?;?;?;?;?;?;?;?;?;?;?;?;9;57;43;39;38;110;12;11;5;13;142;146;193;194;0;134;53;48;37;36;35;200;32;4;18;119;110;12;11;5;13;142;146;193;194;170;
?;?;?;?;?;?;?;?;?;?;?;?;?;?;41;30;27;23;16;6;146;193;192;134;53;48;37;36;35;200;32;4;18;15;12;11;5;13;142;109;98;96;95;93;92;91;200;32;4;18;