?;?;?;?;?;0;7;6;3;4;1;9;8;5;0;7;6;3;4;1;9;8;5;2;2;0;7;6;3;4;4;4;4;4;1;9;8;5;2;2;2;2;2;2;2;2;2;0;1;9;
?;?;?;?;?;1;9;8;5;2;0;7;6;3;4;1;9;8;5;2;2;2;0;7;1;9;8;5;2;0;7;6;3;4;4;4;4;1;9;8;5;0;7;6;3;4;4;4;4;1;
?;?;?;?;?;0;7;6;3;4;1;9;8;5;2;0;7;6;3;4;4;1;9;8;0;7;6;3;4;1;9;8;5;2;2;0;7;6;3;4;4;1;9;8;5;2;2;2;2;2;
?;?;?;?;?;0;7;6;3;4;1;9;8;5;2;0;7;6;3;4;4;4;4;4;1;9;8;5;2;2;2;2;2;2;2;0;7;6;3;1;9;8;5;2;2;0;7;6;3;4;
?;?;?;?;?;4;4;4;4;4;4;4;1;9;8;5;2;2;2;2;2;2;2;2;2;2;2;2;2;2;2;2;2;2;0;1;9;8;5;0;7;6;3;4;4;4;4;4;4;4;
?;?;?;?;?;4;4;4;4;4;4;4;4;4;1;9;8;5;2;2;2;2;2;2;2;0;7;6;3;4;4;4;4;4;1;9;8;5;2;2;2;2;2;0;7;6;3;4;4;4;
?;?;?;?;?;1;9;8;5;2;0;7;6;3;4;1;9;8;5;2;0;7;6;3;4;1;9;8;5;2;0;7;6;3;4;4;1;9;8;5;2;0;7;6;3;4;1;9;8;5;
?;?;?;?;?;4;1;9;0;7;6;3;4;1;9;8;5;2;2;2;2;2;0;7;6;1;9;8;5;2;2;2;2;2;0;7;6;3;4;4;4;4;4;1;9;8;5;2;2;2;
?;?;?;?;?;4;1;9;0;7;6;3;4;4;1;9;8;5;2;2;2;2;2;2;0;7;6;3;4;4;4;1;9;8;5;2;2;2;2;2;2;2;0;7;6;3;4;1;9;8;
?;?;?;?;?;7;6;3;4;4;1;9;8;5;2;2;2;0;7;6;3;4;4;4;1;9;8;5;2;2;0;7;6;3;4;4;4;4;1;9;8;5;2;2;2;2;2;2;2;2;
?;?;?;?;?;1;9;8;5;2;0;7;6;3;1;9;8;5;2;2;0;7;6;3;4;4;4;4;4;4;1;9;8;5;2;2;2;2;2;2;2;2;0;7;6;1;9;8;5;2;
?;?;?;?;?;0;7;6;3;1;9;8;5;2;0;7;6;3;4;4;4;4;1;9;8;5;2;2;0;7;6;3;4;4;4;1;0;7;6;3;1;9;8;5;2;2;2;2;2;2;
?;?;?;?;?;7;6;3;4;4;1;9;8;5;2;2;2;2;2;2;2;2;2;2;0;7;6;3;4;4;1;9;8;5;2;2;0;7;6;1;9;8;5;2;0;7;6;3;4;4;
?;?;?;?;?;0;7;6;3;4;1;9;8;5;2;0;7;6;3;4;4;1;9;8;5;2;0;7;6;3;4;4;4;4;1;9;8;5;2;2;2;2;2;0;7;6;3;4;4;4;
?;?;?;?;?;0;7;6;3;1;9;8;5;2;2;2;0;7;6;3;4;4;4;4;4;4;4;4;4;1;9;8;5;2;2;0;7;6;3;4;4;4;4;1;9;8;5;2;2;2;
?;?;?;?;?;1;9;8;5;2;0;7;6;3;4;1;9;8;5;2;2;2;0;7;6;3;1;9;8;5;2;2;2;2;2;2;2;2;2;0;7;6;3;4;4;1;9;8;5;2;
?;?;?;?;?;9;8;5;2;2;2;2;2;2;2;2;2;2;2;2;0;7;6;3;4;4;4;1;9;8;0;7;6;3;4;4;4;4;4;4;4;4;4;4;1;9;8;5;2;2;
?;?;?;?;?;9;8;5;2;2;2;2;0;7;6;3;4;4;4;4;4;4;1;9;8;5;2;2;2;2;2;0;7;6;3;4;1;9;8;5;2;2;0;7;6;3;4;4;4;4;
?;?;?;?;?;0;7;6;3;4;4;1;9;0;7;6;3;4;4;1;9;8;5;2;2;2;2;0;7;6;3;4;4;4;4;4;4;4;4;4;4;4;1;9;8;5;2;2;0;7;
?;?;?;?;?;2;2;2;2;2;2;2;2;2;0;7;6;3;4;4;4;4;4;4;4;4;4;4;4;4;4;1;9;8;5;2;0;7;6;3;4;1;9;8;5;2;2;2;2;2;
?;?;?;?;?;0;7;6;3;4;1;9;8;5;2;0;7;6;3;4;4;4;4;4;4;4;4;4;4;4;4;4;4;4;4;4;4;4;4;1;9;8;5;2;2;2;2;0;7;6;
?;?;?;?;?;1;9;8;0;7;6;3;4;4;4;4;1;9;8;5;2;2;2;2;2;2;2;2;2;2;0;7;6;3;4;4;4;4;4;1;9;8;5;2;0;7;6;3;4;4;
?;?;?;?;?;7;6;3;4;1;9;8;5;2;2;0;7;6;3;4;1;9;8;5;2;2;2;0;7;6;3;1;0;7;6;3;4;4;4;1;9;8;5;2;2;2;2;2;0;7;
?;?;?;?;?;1;9;8;5;0;7;6;3;4;4;4;1;9;8;5;2;2;2;2;2;2;2;2;2;2;2;2;0;7;6;3;4;4;4;4;4;4;4;4;1;9;8;5;2;2;
?;?;?;?;?;0;7;6;3;4;4;4;4;4;4;4;4;1;9;8;5;2;2;2;2;2;2;0;7;6;3;4;4;4;4;4;4;4;1;9;8;5;2;2;2;0;7;6;3;4;
?;?;?;?;?;1;9;8;5;2;2;0;7;6;1;9;8;5;2;0;7;6;3;4;4;4;4;1;9;8;5;0;7;6;3;4;4;4;4;4;4;4;4;4;4;1;9;8;5;2;
?;?;?;?;?;2;2;2;2;2;2;2;2;2;2;2;2;2;2;2;0;7;6;3;4;4;4;4;4;4;4;1;9;8;5;2;0;7;6;3;4;4;4;4;4;4;4;4;4;4;
?;?;?;?;?;4;1;9;8;5;2;2;2;2;2;2;2;2;2;2;0;7;6;3;4;4;1;9;8;5;0;7;6;3;4;4;1;9;8;0;7;6;3;4;4;4;4;4;1;9;
?;?;?;?;?;4;4;4;4;4;4;4;1;9;8;5;2;2;2;2;2;0;7;6;3;4;4;1;9;8;5;2;2;0;7;6;3;4;4;4;1;9;8;5;2;2;2;0;7;6;
?;?;?;?;?;1;9;8;5;0;7;6;3;4;4;4;1;9;8;5;0;7;6;3;4;4;4;4;1;9;8;5;2;2;2;2;2;0;7;6;3;4;4;1;9;8;5;2;2;2;
?;?;?;?;?;7;6;3;4;4;1;9;8;0;7;6;3;4;4;1;9;8;5;2;2;2;0;7;6;1;9;8;5;2;2;2;0;7;6;3;4;4;1;9;8;5;2;2;2;2;
?;?;?;?;?;2;2;0;7;6;3;4;4;4;4;4;4;4;4;4;1;9;8;5;2;2;0;7;6;3;4;4;4;1;9;8;5;2;2;2;2;2;2;0;7;6;3;1;9;8;
?;?;?;?;?;9;8;5;2;2;0;7;6;3;4;4;1;9;8;5;2;2;2;2;2;2;2;2;2;2;0;7;6;3;4;4;4;4;4;1;9;8;5;2;2;2;2;2;0;7;
?;?;?;?;?;4;4;4;4;4;4;4;4;4;4;1;9;8;5;2;2;2;2;2;2;2;2;2;2;2;2;2;2;2;0;1;9;8;5;2;2;2;2;2;2;0;7;6;3;4;
?;?;?;?;?;4;1;9;8;5;2;2;2;2;2;2;2;2;2;2;0;7;6;3;4;4;4;4;4;4;4;4;4;4;4;1;9;8;5;2;2;2;2;2;0;7;6;3;4;4;
?;?;?;?;?;1;9;8;5;2;0;7;6;3;4;4;4;4;4;4;4;4;4;4;4;1;9;8;5;2;2;2;2;2;2;2;2;2;2;2;0;7;6;3;4;4;4;4;4;4;
?;?;?;?;?;0;7;6;3;1;9;8;5;2;2;0;7;6;3;4;4;4;4;4;4;4;4;4;4;4;4;4;4;1;9;8;5;2;2;0;7;6;3;4;4;4;4;4;4;4;
?;?;?;?;?;0;7;6;3;1;9;8;5;2;2;2;0;7;6;3;4;1;9;0;7;6;3;4;4;4;4;4;4;4;4;4;4;4;4;4;4;4;4;4;4;4;4;1;9;8;
?;?;?;?;?;7;6;3;4;1;9;8;5;2;2;0;7;6;3;4;4;4;4;1;9;8;5;2;2;2;2;2;2;2;0;7;6;3;4;4;4;4;1;9;8;5;2;2;2;2;
?;?;?;?;?;0;7;6;3;1;9;8;5;2;2;2;0;7;6;3;4;4;4;4;4;4;4;4;4;4;4;1;9;8;5;2;2;2;2;0;7;6;3;4;4;4;4;4;4;1;
?;?;?;?;?;0;7;6;3;4;4;1;9;8;0;7;6;3;1;9;8;5;2;2;2;0;7;6;3;4;4;4;4;4;1;9;8;5;2;2;2;2;2;2;2;2;2;2;2;2;
?;?;?;?;?;9;8;5;2;2;2;0;7;6;3;4;4;4;1;9;8;5;2;2;2;2;2;2;2;2;2;2;2;0;7;6;3;4;4;4;4;4;1;9;8;5;2;2;2;2;
?;?;?;?;?;1;9;8;5;2;2;2;2;2;2;2;0;7;6;3;4;4;4;4;4;4;4;1;9;8;5;2;2;2;2;2;2;2;0;7;6;3;4;4;4;4;4;4;4;4;
?;?;?;?;?;9;8;5;2;2;0;7;6;3;4;1;9;8;5;0;7;6;3;4;4;4;1;9;8;5;0;7;6;3;4;4;4;1;9;8;5;2;0;7;6;3;4;4;4;4;
?;?;?;?;?;9;8;5;2;2;0;7;6;3;4;4;4;4;4;4;4;4;1;9;8;5;2;2;0;7;6;3;4;4;4;4;1;9;8;5;2;2;0;7;6;3;4;4;4;4;
?;?;?;?;?;0;7;6;3;1;9;8;5;2;2;2;2;0;1;9;8;5;2;2;2;2;0;7;6;3;4;4;4;4;4;4;4;4;1;9;8;5;2;2;2;0;7;6;3;4;
?;?;?;?;?;1;9;8;5;2;2;2;2;2;2;2;2;2;2;2;0;7;6;3;4;4;4;4;4;4;4;4;4;4;1;9;8;5;2;2;2;2;2;2;0;7;6;3;4;4;
?;?;?;?;?;0;7;6;3;4;4;1;9;8;5;2;2;0;7;6;1;9;8;0;7;6;3;4;1;9;8;5;2;2;2;2;2;2;0;7;1;9;0;7;6;3;4;4;4;4;
?;?;?;?;?;1;9;8;5;2;0;7;6;3;4;4;1;9;8;5;0;7;6;3;4;4;1;9;8;5;2;2;2;2;2;2;2;0;7;6;3;4;4;4;4;1;9;8;5;2;
?;?;?;?;?;1;9;8;5;0;7;6;3;4;4;1;9;8;5;2;2;2;2;2;2;2;2;2;0;7;6;3;4;4;4;4;1;9;8;5;2;2;2;2;2;2;2;2;0;7;
?;?;?;?;?;5;2;2;2;2;2;2;2;2;2;2;2;2;2;2;2;2;0;7;6;3;4;4;4;4;4;4;4;4;4;4;4;4;1;9;8;5;2;0;7;6;3;4;4;4;
?;?;?;?;?;2;2;2;2;2;2;0;7;6;3;4;4;4;4;1;9;8;5;2;2;2;2;0;7;6;3;4;4;4;4;4;4;4;4;4;4;4;4;4;4;4;4;4;4;4;
?;?;?;?;?;2;2;2;2;2;2;2;2;0;7;6;3;4;4;4;4;4;1;9;8;5;0;7;6;3;4;4;4;4;4;4;4;4;4;4;4;4;4;4;4;4;4;4;4;4;
?;?;?;?;?;7;6;3;4;4;1;9;8;5;2;2;2;2;2;2;2;2;2;2;0;7;6;3;4;4;4;4;4;4;1;9;8;5;2;2;2;0;7;6;3;4;4;4;4;4;
?;?;?;?;?;2;2;2;2;0;7;6;3;4;4;4;4;4;4;4;4;1;9;8;5;0;7;6;3;4;4;4;4;4;1;9;8;0;7;6;3;4;4;4;4;4;4;4;4;4;
?;?;?;?;?;0;7;6;3;1;9;8;5;2;2;0;7;6;3;4;4;1;9;8;0;7;6;3;4;4;1;9;8;5;2;2;0;7;6;3;4;4;4;4;4;4;4;1;9;8;
?;?;?;?;?;1;9;8;5;2;0;7;6;3;4;1;9;8;5;2;2;2;2;2;2;0;7;6;3;4;4;4;4;4;4;1;9;8;5;2;2;2;0;7;6;1;9;8;5;2;
?;?;?;?;?;1;9;8;5;2;0;7;6;3;4;4;4;4;1;0;7;6;3;4;1;9;8;5;2;2;2;2;2;2;2;2;2;2;2;2;2;0;7;6;3;4;4;4;4;4;
?;?;?;?;?;4;4;4;4;4;4;4;4;1;9;8;5;2;2;2;0;7;6;1;9;8;5;2;2;2;2;2;2;2;2;2;0;7;6;3;4;1;9;8;5;2;2;2;2;0;
?;?;?;?;?;4;1;0;7;6;3;4;4;4;4;4;4;4;4;4;4;4;4;4;4;4;4;4;4;4;1;9;8;5;2;2;2;2;2;2;2;2;2;2;2;2;2;2;2;2;
?;?;?;?;?;2;0;1;9;8;5;2;2;2;0;7;6;3;4;4;4;4;4;1;9;8;5;2;2;2;2;0;7;6;3;4;4;4;4;4;4;4;4;4;4;4;4;4;4;4;
?;?;?;?;?;9;8;5;2;0;7;6;3;4;4;1;9;8;5;2;2;0;7;6;3;4;1;9;8;5;2;2;0;7;6;3;1;9;8;0;7;6;3;4;4;4;4;4;4;4;
?;?;?;?;?;1;9;8;5;0;7;6;3;4;4;1;9;8;5;2;2;0;7;6;3;4;1;9;8;5;2;2;2;2;2;2;2;2;2;2;2;0;7;6;3;4;4;4;4;4;
?;?;?;?;?;0;7;6;3;4;4;1;9;8;5;2;2;2;2;2;2;2;2;2;2;0;7;6;3;4;1;9;8;5;2;0;7;6;3;4;4;4;1;9;8;5;2;2;0;7;
?;?;?;?;?;1;9;8;5;2;0;7;6;3;4;1;9;8;5;2;2;0;7;6;3;4;4;4;4;4;4;4;4;4;4;4;4;1;9;8;0;7;6;3;4;1;9;8;5;2;
?;?;?;?;?;0;7;6;3;4;1;9;8;5;2;2;2;2;0;7;6;3;4;4;4;1;9;8;5;2;2;2;2;2;0;7;6;3;4;4;4;4;4;1;9;8;5;2;2;2;
?;?;?;?;?;7;6;3;4;1;9;8;5;2;2;0;7;6;3;4;1;9;8;5;0;7;6;3;4;4;4;1;9;8;5;2;2;2;2;2;2;2;0;7;6;3;4;4;4;4;
?;?;?;?;?;7;6;3;4;4;1;9;8;5;2;0;7;6;3;1;9;8;5;2;2;0;7;6;3;4;1;9;8;0;7;6;3;4;4;4;4;1;9;8;5;2;0;7;6;3;
?;?;?;?;?;7;6;3;4;4;1;9;8;5;2;2;0;7;6;3;1;9;8;5;2;2;0;7;6;3;4;1;9;8;5;2;0;7;6;3;4;4;1;9;8;5;2;2;2;2;
?;?;?;?;?;4;4;4;4;4;4;4;4;4;4;4;4;4;4;4;4;4;4;1;9;8;5;2;2;2;2;2;2;2;2;2;2;2;2;2;2;2;2;2;2;2;2;2;0;7;
?;?;?;?;?;0;7;6;3;1;9;8;5;2;2;0;7;6;3;4;4;4;4;1;9;8;5;2;2;2;2;2;2;0;7;6;3;4;4;4;1;9;8;5;2;2;2;0;7;6;
?;?;?;?;?;2;2;0;7;6;3;4;4;4;1;9;8;5;2;2;2;2;2;0;7;6;3;4;4;4;4;4;4;4;1;9;8;5;2;2;2;2;2;0;7;6;3;4;4;4;
?;?;?;?;?;1;9;8;5;0;7;6;3;4;4;4;1;9;8;5;2;2;2;2;2;2;2;0;7;6;3;4;4;4;4;1;9;8;5;2;2;2;2;2;0;7;6;3;4;4;
?;?;?;?;?;7;6;3;4;1;9;8;5;2;2;0;7;6;3;4;4;1;9;8;5;2;2;0;7;6;3;1;9;8;5;2;2;2;2;2;0;7;6;3;4;4;4;4;4;4;
?;?;?;?;?;1;9;8;5;2;0;7;6;3;4;1;9;8;5;0;7;6;3;4;4;4;4;4;1;9;8;5;2;2;2;2;2;2;0;7;1;9;8;5;2;2;2;2;2;2;
?;?;?;?;?;2;2;2;0;7;6;3;1;9;8;5;2;2;2;2;0;7;6;3;4;4;4;4;4;4;4;4;4;4;4;4;4;4;4;4;4;4;4;4;4;4;4;4;4;4;
?;?;?;?;?;9;8;5;2;2;0;7;6;3;1;9;8;5;2;2;0;7;6;3;4;4;4;4;4;4;1;9;8;5;2;2;0;7;6;3;4;1;9;8;5;2;2;2;2;2;
?;?;?;?;?;9;8;5;2;0;7;6;3;4;4;4;1;9;8;5;2;2;2;2;2;2;2;2;2;0;7;6;3;4;4;4;4;4;4;4;4;4;4;1;9;8;5;2;2;2;
?;?;?;?;?;1;9;8;5;2;0;7;6;3;4;4;1;9;8;5;0;7;6;3;1;9;8;5;2;2;2;2;2;0;7;6;3;4;4;4;4;4;4;1;9;8;5;2;2;2;
?;?;?;?;?;0;7;6;3;1;9;8;5;2;2;0;7;6;3;4;4;1;9;8;5;2;2;2;0;7;6;3;4;4;4;4;4;4;4;4;4;4;4;1;9;8;5;2;2;2;
?;?;?;?;?;9;8;5;2;2;0;7;6;3;4;4;4;4;4;1;9;8;5;2;2;2;2;0;7;6;3;4;4;4;4;4;4;1;9;8;5;2;2;2;2;2;2;2;2;2;
?;?;?;?;?;9;8;5;2;0;7;6;3;4;4;1;9;8;5;2;2;2;0;7;6;3;4;4;4;4;4;4;4;4;4;4;4;4;4;4;4;4;1;9;8;5;2;2;2;2;
?;?;?;?;?;0;7;6;3;4;4;1;9;8;5;0;7;6;3;4;4;4;1;9;8;5;2;2;2;2;2;2;0;7;6;3;4;4;4;4;1;9;8;5;2;2;2;2;2;2;
?;?;?;?;?;4;1;9;8;5;2;2;2;2;2;2;2;0;7;6;3;4;4;4;4;1;9;8;5;2;2;2;0;7;6;3;4;4;4;4;4;4;4;4;1;9;8;5;2;2;
?;?;?;?;?;1;9;8;5;2;0;7;6;3;4;4;1;9;8;5;2;0;7;6;3;4;4;4;4;4;4;4;4;4;4;4;4;1;9;8;5;2;2;2;2;2;2;2;2;2;
?;?;?;?;?;1;9;8;5;2;2;0;7;6;3;4;1;9;8;5;0;7;6;3;4;4;1;9;8;0;7;6;3;4;4;4;1;9;8;0;7;6;3;4;4;4;4;4;1;9;
?;?;?;?;?;0;7;6;3;1;9;8;5;2;2;0;7;6;3;4;4;4;4;4;4;4;4;4;4;4;4;1;9;8;5;2;2;2;0;7;6;3;4;4;4;4;4;1;9;8;
?;?;?;?;?;9;8;5;2;2;2;2;2;2;2;2;2;2;2;0;7;6;3;4;4;4;4;4;4;4;1;9;8;5;2;2;0;7;6;3;4;4;4;4;4;4;4;4;1;9;
?;?;?;?;?;0;7;6;3;4;1;9;8;5;2;0;7;6;3;1;9;8;5;2;2;0;7;6;3;4;4;4;4;1;9;0;7;6;3;4;1;9;8;5;2;2;2;2;2;2;
?;?;?;?;?;1;9;8;5;2;2;0;7;1;9;8;5;2;2;0;7;6;3;4;1;9;8;5;2;2;2;2;2;0;7;6;3;4;4;4;4;1;9;8;5;2;2;0;7;6;
?;?;?;?;?;4;4;4;1;9;8;5;0;7;6;3;4;4;1;9;8;5;2;2;2;2;2;0;7;6;3;4;4;4;4;4;4;1;9;8;5;2;2;2;2;2;2;2;2;2;
?;?;?;?;?;8;5;2;2;2;2;2;2;0;7;6;3;4;4;4;4;4;4;1;9;8;5;0;7;6;3;4;4;4;4;4;1;9;8;5;2;2;2;0;7;6;3;4;1;9;
?;?;?;?;?;7;6;3;4;4;4;1;9;8;5;2;2;0;7;6;3;4;4;4;4;4;4;4;4;4;1;9;8;5;2;2;2;2;2;2;2;2;2;2;2;2;2;2;2;2;
?;?;?;?;?;1;9;8;5;2;2;0;7;6;3;1;9;8;5;2;2;0;7;6;3;1;9;8;5;2;0;7;6;3;4;4;4;4;4;1;9;0;7;6;3;4;4;4;4;4;
?;?;?;?;?;7;6;3;4;4;1;9;8;5;2;2;2;2;0;1;9;8;5;2;2;2;0;7;6;3;1;9;8;5;2;2;2;2;2;2;0;7;6;3;4;4;4;4;4;4;
?;?;?;?;?;7;6;3;4;4;1;9;8;5;2;2;0;7;6;3;1;9;8;5;2;2;2;2;2;2;2;2;2;2;0;7;6;3;4;4;4;4;4;4;4;4;4;4;4;4;
?;?;?;?;?;0;7;6;3;4;1;9;8;5;0;7;6;3;4;1;9;8;5;2;2;0;7;6;3;4;4;4;4;4;1;9;8;5;2;2;2;2;2;2;2;2;2;2;2;2;
?;?;?;?;?;9;8;5;2;0;7;6;3;4;4;4;1;9;8;5;2;2;0;7;6;3;4;4;4;4;4;4;4;1;9;8;5;2;2;2;2;2;2;2;2;2;2;2;2;0;
?;?;?;?;?;7;6;3;4;4;4;1;9;8;5;2;2;2;0;7;6;1;9;8;5;2;2;2;2;2;2;2;2;2;2;0;7;6;3;4;4;4;4;4;4;4;1;9;8;5;
?;?;?;?;?;1;9;8;5;0;7;6;3;4;4;4;4;1;0;7;6;3;4;4;4;1;9;8;5;2;2;2;2;2;2;2;2;2;2;2;2;2;2;2;2;0;7;6;3;4;
?;?;?;?;?;1;9;8;5;2;2;0;7;6;3;4;1;9;8;5;0;7;6;3;1;9;8;5;2;2;2;2;2;2;2;2;0;7;6;3;4;4;4;4;4;4;1;9;8;5;
?;?;?;?;?;0;7;6;3;4;4;4;4;4;4;1;9;8;5;2;2;2;2;2;2;2;2;2;0;7;6;3;4;1;9;8;5;2;2;2;2;2;2;0;7;6;3;4;4;4;
?;?;?;?;?;0;7;6;1;9;8;5;2;2;2;2;2;0;7;6;3;4;4;4;4;4;4;4;4;4;1;9;8;5;2;2;2;2;2;2;2;0;7;6;3;4;4;4;4;4;
?;?;?;?;?;4;4;4;4;4;4;4;4;4;4;1;9;8;5;2;2;2;2;2;2;2;2;2;2;2;2;2;2;2;2;2;2;2;2;2;0;7;6;3;4;4;4;4;4;4;
?;?;?;?;?;9;8;5;2;2;2;0;7;6;3;4;1;9;8;5;2;2;0;7;6;3;4;4;4;4;4;4;4;4;1;9;8;5;2;2;0;7;6;3;4;4;4;4;4;4;
?;?;?;?;?;1;9;8;5;2;0;7;6;3;4;1;9;8;5;2;2;2;2;2;2;2;2;2;0;7;6;1;9;0;7;6;3;4;4;4;4;4;4;4;4;4;4;4;4;4;
?;?;?;?;?;1;9;8;5;2;0;7;6;3;4;4;4;4;4;4;4;4;4;4;4;1;9;8;5;2;2;2;2;2;2;2;2;2;2;2;2;2;2;0;7;6;3;4;4;4;
?;?;?;?;?;0;7;6;3;4;1;9;8;5;2;0;7;6;3;4;4;4;4;1;9;0;7;6;3;4;4;4;4;4;4;4;4;1;9;8;5;2;2;2;2;2;2;2;2;2;
?;?;?;?;?;7;6;3;4;4;1;9;8;5;2;2;2;2;2;2;2;2;2;2;2;0;7;6;3;4;1;9;8;0;7;6;3;4;4;4;4;4;4;4;4;4;4;1;9;8;
?;?;?;?;?;9;8;5;2;0;7;6;3;4;4;1;9;8;5;2;0;7;6;3;4;4;1;9;8;5;0;7;6;3;4;4;4;4;1;9;8;5;2;2;2;2;0;7;6;3;
?;?;?;?;?;0;7;6;3;4;4;1;9;8;5;0;7;6;1;9;8;5;2;2;2;2;2;2;2;2;2;2;2;2;0;7;6;3;4;4;4;4;4;4;4;4;4;4;1;9;
?;?;?;?;?;0;7;6;3;4;4;1;9;8;5;0;7;6;3;4;4;1;9;0;7;6;3;4;4;1;9;8;5;2;2;2;2;0;7;6;3;4;4;4;4;4;4;4;4;1;
?;?;?;?;?;2;2;2;0;7;6;3;1;9;8;5;2;2;2;2;2;0;7;6;3;4;4;4;4;4;4;1;9;8;5;2;2;2;2;0;7;6;3;4;4;4;4;4;4;4;
?;?;?;?;?;0;7;6;3;4;1;9;8;5;2;0;7;6;3;4;4;4;4;1;9;8;5;2;2;2;2;2;0;7;6;3;4;4;4;1;9;8;5;2;2;2;2;2;0;7;
?;?;?;?;?;0;7;6;3;4;4;1;9;8;5;2;2;2;2;0;7;6;3;4;4;4;4;4;4;4;4;1;9;8;5;2;2;2;2;2;2;2;2;2;0;7;6;1;9;8;
?;?;?;?;?;1;9;8;5;2;2;0;7;6;3;4;4;1;9;8;5;2;2;2;2;2;0;7;6;3;4;4;4;4;4;4;4;1;9;8;5;2;0;7;1;9;8;5;2;2;
?;?;?;?;?;7;6;3;4;1;9;8;5;2;0;7;6;3;4;1;9;8;5;2;2;2;2;2;2;2;0;7;6;3;4;4;4;4;1;9;8;5;2;2;2;0;7;6;3;4;
?;?;?;?;?;2;0;7;6;1;9;8;5;0;7;6;3;4;4;4;4;4;4;4;4;4;4;4;4;4;4;4;4;4;4;1;9;8;5;2;2;2;2;2;2;2;2;2;2;2;
?;?;?;?;?;6;3;1;9;8;5;2;2;2;2;2;0;7;6;3;4;4;4;4;4;4;4;1;9;8;5;2;2;2;2;0;7;6;3;4;4;4;4;4;4;4;1;0;7;6;
?;?;?;?;?;1;9;8;5;2;0;7;6;3;1;9;8;5;2;0;7;6;3;4;4;4;1;9;8;5;2;0;7;6;3;4;1;9;8;5;0;7;6;3;4;4;4;4;4;4;
?;?;?;?;?;2;2;2;2;0;7;6;3;4;4;4;4;4;4;4;4;4;4;4;4;4;4;1;9;8;0;7;6;3;4;4;4;1;9;8;5;2;2;2;2;2;2;2;2;2;
?;?;?;?;?;1;9;8;5;2;0;7;6;3;4;4;1;0;7;6;3;4;4;4;4;1;9;8;5;2;2;2;2;2;2;2;2;0;7;6;3;4;4;4;4;1;9;8;5;2;
?;?;?;?;?;9;8;5;2;2;2;2;2;2;2;2;2;2;2;0;7;6;3;4;4;4;4;1;9;8;5;0;7;6;3;4;4;4;4;4;4;4;4;1;9;8;5;0;7;6;
?;?;?;?;?;1;9;8;5;2;0;7;6;3;4;4;1;9;8;5;2;0;7;1;9;8;5;2;2;2;2;2;2;2;2;2;2;2;2;0;7;6;3;4;1;9;8;5;2;2;
?;?;?;?;?;0;7;6;3;4;4;4;4;1;9;8;5;2;2;2;2;2;0;7;6;3;4;4;4;1;9;8;5;2;2;2;2;2;0;7;6;3;4;4;4;4;4;4;4;4;
?;?;?;?;?;1;9;8;5;2;0;7;6;3;4;1;9;8;5;2;2;2;0;1;9;8;5;2;2;0;7;6;3;4;4;4;4;4;4;4;4;4;4;4;4;4;4;4;1;9;
?;?;?;?;?;2;2;2;2;2;0;7;6;3;4;4;4;4;4;1;0;7;6;3;4;4;4;4;4;4;4;4;4;4;4;4;4;4;4;4;4;1;9;8;5;2;2;2;0;7;
?;?;?;?;?;0;7;6;3;1;9;8;5;2;2;0;7;6;3;4;4;4;4;4;4;4;4;4;1;9;8;5;2;2;0;7;6;3;4;4;4;4;4;4;4;4;4;4;4;4;
?;?;?;?;?;0;7;6;3;4;1;9;8;5;2;2;2;2;2;2;2;2;2;0;7;6;3;4;4;4;4;4;1;9;8;5;2;2;2;2;2;0;7;6;3;4;4;4;1;9;
?;?;?;?;?;2;2;2;2;2;2;2;2;2;2;2;2;2;2;0;7;6;3;4;4;4;4;4;4;4;4;4;4;4;1;9;8;5;2;0;7;6;3;4;4;4;4;4;4;1;
?;?;?;?;?;8;5;2;2;2;0;7;6;3;4;4;4;1;9;8;5;2;2;2;2;2;0;7;6;3;4;4;4;4;4;4;4;1;9;8;5;2;2;2;2;0;7;6;3;4;
?;?;?;?;?;6;3;4;4;4;4;1;9;8;5;2;2;2;2;2;2;2;2;2;2;2;2;2;2;2;2;2;2;2;2;2;0;7;6;3;4;4;4;4;4;4;4;4;4;4;
?;?;?;?;?;4;4;1;9;8;5;0;7;6;3;4;1;9;8;5;2;2;2;2;2;2;2;2;2;2;2;2;2;2;2;2;2;2;0;1;9;8;5;2;0;7;6;3;4;4;
?;?;?;?;?;9;8;5;2;2;0;7;6;3;4;4;4;4;4;4;4;4;1;9;8;5;2;2;2;2;2;2;2;2;2;2;2;2;2;2;2;2;2;2;2;2;2;2;2;2;
?;?;?;?;?;2;2;2;2;2;2;0;7;6;3;4;4;4;4;4;1;9;8;5;2;2;2;0;7;6;3;4;4;4;4;4;4;4;4;4;4;4;4;1;9;8;5;2;2;2;
?;?;?;?;?;9;8;5;2;2;2;2;2;2;2;2;2;2;0;7;6;3;4;4;4;4;4;4;4;4;4;4;4;4;4;4;4;1;9;8;5;2;0;7;6;3;4;4;4;4;
?;?;?;?;?;1;9;8;5;2;0;7;6;3;1;9;8;5;2;0;7;6;3;4;4;4;1;9;8;5;2;2;2;0;7;6;1;9;8;5;2;2;2;0;7;6;1;9;8;5;
?;?;?;?;?;4;1;0;7;6;3;4;1;9;8;5;2;2;2;2;2;2;0;7;6;3;4;4;1;0;7;6;3;4;4;4;4;4;4;1;9;8;5;2;0;7;6;3;4;4;
?;?;?;?;?;1;9;8;5;2;0;7;6;3;4;4;4;4;1;9;8;5;2;2;2;2;2;0;7;6;3;4;4;4;4;4;1;9;8;5;2;2;2;2;2;2;2;2;2;2;
?;?;?;?;?;4;4;4;4;4;4;4;4;4;4;4;1;9;8;5;2;2;2;2;2;2;2;2;2;2;0;7;6;3;4;4;4;4;4;4;4;4;4;4;4;4;4;4;4;4;
?;?;?;?;?;2;0;7;6;3;4;4;4;1;9;8;5;0;7;6;3;4;1;9;0;7;6;3;4;4;4;4;1;9;8;5;2;2;0;7;6;3;4;4;4;4;1;9;8;5;
?;?;?;?;?;0;7;6;3;1;9;8;5;2;2;0;7;6;3;4;4;4;4;4;4;4;4;1;9;8;5;2;2;2;2;2;0;7;6;3;4;4;4;1;9;8;0;7;6;3;
?;?;?;?;?;0;7;6;3;4;1;9;8;5;2;0;7;6;3;4;1;9;8;5;0;7;6;3;4;4;4;1;9;8;5;2;2;2;2;2;2;2;2;2;2;2;0;7;6;1;
?;?;?;?;?;1;9;8;5;0;7;6;3;4;1;9;8;5;2;2;2;2;2;2;2;2;2;2;2;0;7;6;3;4;4;4;4;4;4;4;1;9;8;5;2;2;2;2;0;7;
?;?;?;?;?;0;7;6;3;4;4;1;9;8;0;7;6;3;4;4;4;4;1;9;8;5;2;2;2;2;2;2;2;2;2;0;7;6;3;4;4;4;4;1;9;8;5;2;2;2;
?;?;?;?;?;0;7;6;3;4;1;9;8;5;0;7;6;3;4;4;4;1;9;8;5;0;7;6;3;4;1;9;8;5;2;0;7;6;3;4;4;1;9;8;5;2;2;2;2;2;
?;?;?;?;?;1;9;8;5;2;0;7;6;3;4;1;9;8;5;2;2;0;7;6;3;4;1;9;8;0;7;6;3;1;9;8;5;2;2;2;0;7;6;3;4;4;4;4;4;4;
?;?;?;?;?;7;6;3;4;4;1;9;8;5;2;2;0;7;6;3;4;1;9;8;5;2;2;2;2;2;2;2;2;2;2;0;7;6;3;4;4;4;4;4;4;4;4;4;4;4;
?;?;?;?;?;7;6;3;4;4;1;9;8;5;2;2;2;2;0;7;6;3;4;4;4;4;1;9;8;5;2;2;2;2;2;0;7;6;3;4;4;4;1;9;8;5;2;2;2;0;
?;?;?;?;?;6;3;1;9;8;5;2;2;2;2;2;2;2;2;2;2;2;2;2;0;7;6;3;4;4;4;4;4;4;4;4;4;4;4;4;4;4;4;4;4;4;4;4;4;4;
?;?;?;?;?;1;9;8;5;0;7;6;3;4;1;9;8;5;2;2;2;2;0;7;6;3;4;1;9;8;5;2;2;2;2;2;2;2;2;0;7;6;3;4;4;4;4;4;4;4;
?;?;?;?;?;4;1;9;8;5;2;2;0;7;6;3;4;4;4;4;4;4;1;9;8;5;2;2;2;2;2;2;0;7;6;3;4;4;4;4;1;9;8;5;2;2;0;7;6;3;
?;?;?;?;?;9;8;5;2;2;0;7;6;3;4;1;9;8;5;2;2;2;0;7;6;3;4;4;4;4;4;4;4;4;4;4;4;4;4;4;4;4;4;4;4;1;9;8;5;2;
?;?;?;?;?;1;9;8;5;2;0;7;6;3;1;9;8;5;2;0;7;6;3;4;1;9;8;5;2;2;2;2;0;7;6;3;4;4;4;4;4;1;9;8;5;2;2;2;2;2;
?;?;?;?;?;9;8;5;2;0;7;6;3;4;4;4;4;4;4;4;4;4;4;4;4;4;1;9;0;7;6;3;4;4;4;1;9;8;5;2;2;2;0;7;6;3;4;4;4;4;
?;?;?;?;?;1;9;8;5;2;2;2;2;2;2;2;2;2;2;2;2;0;7;6;3;4;4;4;4;4;4;4;4;4;4;4;4;4;4;4;4;4;1;9;8;5;2;2;2;2;
?;?;?;?;?;1;9;8;5;0;7;6;3;4;1;9;8;5;2;2;2;0;7;6;3;4;1;9;8;5;0;7;6;3;4;1;9;8;5;2;2;2;0;7;6;3;1;9;8;5;
?;?;?;?;?;1;9;8;5;0;7;6;3;4;4;1;9;8;5;2;2;0;7;6;3;4;4;1;9;8;5;2;2;2;2;2;2;2;2;2;0;7;6;3;4;1;9;8;5;2;
?;?;?;?;?;7;6;3;4;4;4;4;4;1;9;8;5;2;2;2;2;2;2;2;2;0;7;6;3;4;4;4;4;4;4;4;4;4;4;1;9;8;5;2;2;0;7;6;3;4;
?;?;?;?;?;4;4;4;4;4;4;1;9;8;5;2;2;2;2;2;2;2;0;7;6;3;4;4;4;4;4;1;9;8;5;2;2;2;2;2;2;2;0;7;6;3;4;4;4;4;
?;?;?;?;?;7;6;3;4;1;9;8;5;2;2;0;7;6;3;4;4;4;1;9;8;5;2;2;2;2;2;2;2;2;2;2;0;7;6;3;4;4;4;4;4;4;4;1;9;8;
?;?;?;?;?;0;7;6;3;1;9;8;5;2;2;2;2;0;7;6;3;4;4;4;4;4;4;4;4;4;4;4;4;4;4;1;9;8;5;2;2;2;2;2;2;2;2;2;2;2;
?;?;?;?;?;4;4;4;4;4;1;9;8;5;2;2;2;2;2;2;2;2;2;2;0;7;6;3;4;4;4;4;4;4;4;4;1;9;8;5;2;2;2;2;2;2;2;2;2;2;
?;?;?;?;?;0;7;6;3;4;4;1;9;8;5;0;7;6;3;1;9;8;5;2;2;0;7;6;3;4;4;4;1;9;8;0;7;6;3;4;1;9;8;5;2;2;2;2;0;7;
?;?;?;?;?;0;7;6;3;4;4;1;9;8;5;0;7;6;3;4;1;9;8;5;2;2;2;2;2;2;2;2;0;7;6;3;4;4;4;4;4;4;1;9;8;0;7;6;3;4;
?;?;?;?;?;0;7;6;3;1;9;8;0;7;6;3;4;4;1;9;8;5;2;2;2;2;2;0;7;6;3;4;4;4;4;4;4;1;9;8;5;2;2;2;2;0;7;6;3;4;
?;?;?;?;?;1;9;8;5;0;7;6;3;4;4;4;4;4;4;4;4;1;9;8;5;2;2;0;7;6;3;4;4;1;9;8;5;2;2;2;2;2;2;2;2;0;7;6;3;4;
?;?;?;?;?;4;4;4;4;4;4;4;4;4;4;4;4;4;4;4;4;4;4;1;9;8;5;2;2;2;2;0;7;6;3;4;4;4;4;1;9;8;5;2;2;2;2;2;2;2;
?;?;?;?;?;0;7;6;3;4;4;1;9;8;5;2;2;0;7;6;3;4;4;4;1;9;8;5;2;2;0;7;6;3;4;4;4;4;4;1;9;8;5;2;2;2;2;0;7;6;
?;?;?;?;?;2;0;7;6;3;4;4;4;4;4;4;4;1;9;8;5;2;0;7;6;3;4;4;4;4;4;1;9;8;5;2;2;2;0;7;6;3;4;4;4;4;4;4;4;4;
?;?;?;?;?;7;6;3;4;4;4;4;4;4;4;4;4;4;4;4;4;4;4;4;4;4;4;4;1;9;8;5;2;2;2;2;2;2;2;2;2;2;2;2;2;2;2;2;2;0;
?;?;?;?;?;0;7;6;3;4;1;9;8;5;2;2;2;0;7;6;3;4;4;4;4;4;4;4;4;4;1;9;8;5;2;0;7;6;3;4;4;4;4;1;9;8;5;2;2;2;
?;?;?;?;?;9;8;5;2;2;0;7;6;3;4;1;9;8;5;2;2;0;7;6;3;4;4;4;4;4;4;4;4;4;4;4;4;4;4;4;4;4;4;4;4;4;1;9;8;5;
?;?;?;?;?;1;9;8;5;0;7;6;3;4;4;1;9;8;5;2;2;0;7;1;9;8;5;2;2;0;7;6;3;1;9;8;5;2;2;2;2;2;0;7;6;3;4;4;1;9;
?;?;?;?;?;4;4;4;4;4;4;4;1;9;8;5;2;2;2;0;7;6;3;4;4;4;4;4;4;4;4;4;1;9;8;5;2;2;2;2;2;2;0;7;6;3;4;4;4;4;
?;?;?;?;?;0;7;6;3;4;1;9;8;5;2;2;2;2;2;2;2;2;2;2;2;0;7;6;3;4;4;4;4;4;4;4;4;4;4;4;4;4;1;9;8;5;2;2;0;7;
?;?;?;?;?;1;9;8;5;2;0;7;6;3;4;1;9;8;5;0;7;6;3;4;4;4;4;1;9;8;5;2;2;2;2;2;2;2;0;7;6;3;4;4;4;4;4;4;4;4;
?;?;?;?;?;1;9;8;5;2;2;2;0;7;6;3;4;4;4;4;1;9;8;5;2;2;2;2;2;2;2;2;2;0;7;6;3;4;4;4;4;4;4;4;1;9;8;5;2;2;
?;?;?;?;?;9;8;5;2;2;0;7;6;3;4;4;4;4;1;9;0;7;6;3;1;9;8;5;2;0;7;6;3;4;4;4;4;4;4;4;4;4;4;4;4;4;4;4;1;9;
?;?;?;?;?;2;0;7;6;3;1;9;8;5;2;0;7;6;3;4;4;4;4;4;4;4;4;4;4;4;1;9;8;5;0;7;6;3;4;4;4;4;4;4;1;9;8;5;2;2;
?;?;?;?;?;0;7;6;3;4;1;9;8;5;0;7;6;3;4;4;1;9;8;5;2;0;7;6;3;4;4;1;9;8;5;2;2;2;2;2;2;2;2;2;2;0;7;6;3;4;
?;?;?;?;?;0;7;6;3;1;9;8;5;2;2;0;7;6;3;4;4;4;4;4;4;4;4;4;4;4;4;1;9;8;5;2;2;2;2;2;2;2;2;2;2;2;2;2;2;2;
?;?;?;?;?;1;9;8;5;0;7;6;3;4;4;1;9;8;5;2;2;2;2;2;2;2;2;2;2;2;2;2;0;7;6;3;1;9;8;5;2;0;7;6;3;4;4;4;4;4;
?;?;?;?;?;9;8;5;0;7;6;3;4;1;9;8;5;2;2;2;2;0;7;6;3;4;4;4;4;4;4;4;4;4;4;4;4;4;4;4;1;9;8;5;2;2;2;2;0;7;
?;?;?;?;?;0;7;6;3;1;9;8;5;2;0;7;6;3;4;1;9;8;5;2;2;2;0;7;6;3;4;1;9;8;5;0;7;6;3;4;4;4;4;4;4;4;4;4;1;9;
?;?;?;?;?;0;7;6;3;4;1;9;8;5;2;2;0;7;6;1;9;8;5;2;2;2;2;2;0;7;6;3;4;4;4;4;4;4;4;4;4;4;4;4;4;4;4;4;4;4;
?;?;?;?;?;1;9;8;5;2;2;0;7;6;1;9;8;0;7;6;3;4;4;4;4;1;9;8;5;2;0;7;6;3;1;9;8;5;2;2;0;7;6;3;4;4;4;4;4;4;
?;?;?;?;?;1;9;8;5;2;0;7;6;3;1;9;8;5;2;2;2;0;7;6;3;1;9;8;5;2;2;0;7;6;3;4;4;4;4;4;4;4;4;4;4;1;9;8;5;2;
?;?;?;?;?;1;9;8;5;0;7;6;3;4;4;4;1;9;8;5;2;2;2;2;2;2;2;2;2;2;2;0;7;6;3;4;1;9;8;5;0;7;6;3;4;4;4;1;9;8;
?;?;?;?;?;1;9;8;5;2;0;7;6;3;4;4;4;4;4;4;4;4;1;9;8;5;2;2;2;2;2;0;7;6;3;4;4;4;4;4;1;9;8;5;2;2;2;2;2;2;
?;?;?;?;?;1;9;8;5;2;0;7;6;3;4;4;4;1;9;0;7;6;3;4;1;9;8;5;2;2;2;2;2;2;0;7;6;3;4;4;4;4;4;4;1;9;8;5;2;2;
?;?;?;?;?;1;9;8;5;2;0;7;6;3;1;9;8;5;2;2;2;0;7;6;3;4;1;9;8;5;2;2;2;0;7;6;3;4;4;4;1;9;8;5;2;2;2;0;7;6;
?;?;?;?;?;1;9;8;5;2;0;7;6;3;4;4;1;9;8;5;2;2;2;2;2;2;2;2;2;0;7;6;3;4;4;4;4;4;4;1;9;8;5;2;2;2;2;2;2;0;
?;?;?;?;?;1;9;8;5;2;0;7;6;3;1;9;8;5;2;2;2;0;7;6;3;4;4;4;4;4;4;4;4;4;4;4;4;4;4;4;4;4;4;1;9;8;5;2;2;2;
?;?;?;?;?;2;2;2;2;2;2;0;7;6;3;4;4;4;1;9;8;5;2;2;2;0;7;6;3;4;4;4;4;1;9;8;5;2;2;2;2;2;2;0;7;6;3;4;4;4;
?;?;?;?;?;1;9;8;5;2;0;7;6;3;4;1;9;8;5;0;7;6;3;4;1;9;8;5;2;2;0;7;6;3;4;4;1;9;8;5;2;2;0;7;6;3;1;9;8;5;
?;?;?;?;?;0;7;6;3;4;1;9;8;5;2;2;0;7;6;1;9;8;5;2;2;2;0;7;6;3;4;4;1;0;7;6;3;4;4;4;4;4;4;4;4;4;4;1;9;8;
?;?;?;?;?;1;9;8;5;2;2;2;2;2;2;0;7;6;3;4;4;4;4;4;4;4;4;4;4;1;9;8;5;0;7;6;3;4;1;9;8;5;2;2;2;2;2;2;2;2;
?;?;?;?;?;0;7;6;3;4;1;9;8;0;7;6;3;4;4;1;9;8;5;2;2;2;2;2;0;7;6;3;4;4;4;4;4;4;4;4;1;9;8;5;2;2;2;2;2;2;
?;?;?;?;?;1;9;8;5;2;0;7;6;3;1;9;8;5;2;2;2;2;0;7;6;3;4;4;4;4;4;4;4;1;9;8;5;2;2;0;7;6;3;4;4;4;4;4;4;4;