?;?;?;?;?;?;?;?;?;4;1;9;8;5;0;7;6;3;4;1;9;8;5;2;2;0;7;6;3;4;15;15;15;15;14;13;12;11;10;2;2;2;2;2;2;2;2;0;1;9;
?;?;?;?;?;?;?;?;?;2;0;7;6;3;4;1;9;8;5;2;2;2;0;7;1;9;8;5;2;0;7;6;3;4;15;15;15;14;13;12;11;0;7;6;3;4;15;15;15;14;
?;?;?;?;?;?;?;?;?;4;1;9;8;5;2;0;7;6;3;4;15;14;13;12;0;7;6;3;4;1;9;8;5;2;2;0;7;6;3;4;15;14;13;12;11;10;2;2;2;2;
?;?;?;?;?;?;?;?;?;4;1;9;8;5;2;0;7;6;3;4;15;15;15;15;14;13;12;11;10;2;2;2;2;2;2;0;7;6;3;1;9;8;5;2;2;0;7;6;3;4;
?;?;?;?;?;?;?;?;?;15;15;15;14;13;12;11;10;2;2;2;2;2;2;2;2;2;2;2;2;2;2;2;2;2;0;1;9;8;5;0;7;6;3;4;15;15;15;15;15;15;
?;?;?;?;?;?;?;?;?;15;15;15;15;15;14;13;12;11;10;2;2;2;2;2;2;0;7;6;3;4;15;15;15;15;14;13;12;11;10;2;2;2;2;0;7;6;3;4;15;15;
?;?;?;?;?;?;?;?;?;2;0;7;6;3;4;1;9;8;5;2;0;7;6;3;4;1;9;8;5;2;0;7;6;3;4;15;14;13;12;11;10;0;7;6;3;4;1;9;8;5;
?;?;?;?;?;?;?;?;?;7;6;3;4;1;9;8;5;2;2;2;2;2;0;7;6;1;9;8;5;2;2;2;2;2;0;7;6;3;4;15;15;15;15;14;13;12;11;10;2;2;
?;?;?;?;?;?;?;?;?;7;6;3;4;15;14;13;12;11;10;2;2;2;2;2;0;7;6;3;4;15;15;14;13;12;11;10;2;2;2;2;2;2;0;7;6;3;4;1;9;8;
?;?;?;?;?;?;?;?;?;15;14;13;12;11;10;2;2;0;7;6;3;4;15;15;14;13;12;11;10;2;0;7;6;3;4;15;15;15;14;13;12;11;10;2;2;2;2;2;2;2;
?;?;?;?;?;?;?;?;?;2;0;7;6;3;1;9;8;5;2;2;0;7;6;3;4;15;15;15;15;15;14;13;12;11;10;2;2;2;2;2;2;2;0;7;6;1;9;8;5;2;
?;?;?;?;?;?;?;?;?;1;9;8;5;2;0;7;6;3;4;15;15;15;14;13;12;11;10;2;0;7;6;3;4;15;15;14;20;19;18;17;1;9;8;5;2;2;2;2;2;2;
?;?;?;?;?;?;?;?;?;15;14;13;12;11;10;2;2;2;2;2;2;2;2;2;0;7;6;3;4;15;14;13;12;11;10;2;0;7;6;1;9;8;5;2;0;7;6;3;4;15;
?;?;?;?;?;?;?;?;?;4;1;9;8;5;2;0;7;6;3;4;15;14;13;12;11;10;0;7;6;3;4;15;15;15;14;13;12;11;10;2;2;2;2;0;7;6;3;4;15;15;
?;?;?;?;?;?;?;?;?;1;9;8;5;2;2;2;0;7;6;3;4;15;15;15;15;15;15;15;15;14;13;12;11;10;2;0;7;6;3;4;15;15;15;14;13;12;11;10;2;2;
?;?;?;?;?;?;?;?;?;2;0;7;6;3;4;1;9;8;5;2;2;2;0;7;6;3;1;9;8;5;2;2;2;2;2;2;2;2;2;0;7;6;3;4;15;14;13;12;11;10;
?;?;?;?;?;?;?;?;?;2;2;2;2;2;2;2;2;2;2;2;0;7;6;3;4;15;15;14;13;12;0;7;6;3;4;15;15;15;15;15;15;15;15;15;14;13;12;11;10;2;
?;?;?;?;?;?;?;?;?;2;2;2;0;7;6;3;4;15;15;15;15;15;14;13;12;11;10;2;2;2;2;0;7;6;3;4;1;9;8;5;2;2;0;7;6;3;4;15;15;15;
?;?;?;?;?;?;?;?;?;4;15;14;13;0;7;6;3;4;15;14;13;12;11;10;2;2;2;0;7;6;3;4;15;15;15;15;15;15;15;15;15;15;14;13;12;11;10;2;0;7;
?;?;?;?;?;?;?;?;?;2;2;2;2;2;0;7;6;3;4;15;15;15;15;15;15;15;15;15;15;15;15;14;13;12;11;10;0;7;6;3;4;1;9;8;5;2;2;2;2;2;
?;?;?;?;?;?;?;?;?;4;1;9;8;5;2;0;7;6;3;4;15;15;15;15;15;15;15;15;15;15;15;15;15;15;15;15;15;15;15;14;13;12;11;10;2;2;2;0;7;6;
?;?;?;?;?;?;?;?;?;7;6;3;4;15;15;15;14;13;12;11;10;2;2;2;2;2;2;2;2;2;0;7;6;3;4;15;15;15;15;14;13;12;11;10;0;7;6;3;4;15;
?;?;?;?;?;?;?;?;?;1;9;8;5;2;2;0;7;6;3;4;1;9;8;5;2;2;2;0;7;6;3;1;20;19;18;17;16;4;15;14;13;12;11;10;2;2;2;2;0;7;
?;?;?;?;?;?;?;?;?;0;7;6;3;4;15;15;14;13;12;11;10;2;2;2;2;2;2;2;2;2;2;2;0;7;6;3;4;15;15;15;15;15;15;15;14;13;12;11;10;2;
?;?;?;?;?;?;?;?;?;4;15;15;15;15;15;15;15;14;13;12;11;10;2;2;2;2;2;0;7;6;3;4;15;15;15;15;15;15;14;13;12;11;10;2;2;0;7;6;3;4;
?;?;?;?;?;?;?;?;?;2;2;0;7;6;1;9;8;5;2;0;7;6;3;4;15;15;15;14;13;12;11;0;7;6;3;4;15;15;15;15;15;15;15;15;15;14;13;12;11;10;
?;?;?;?;?;?;?;?;?;2;2;2;2;2;2;2;2;2;2;2;0;7;6;3;4;15;15;15;15;15;15;14;13;12;11;10;0;7;6;3;4;15;15;15;15;15;15;15;15;15;
?;?;?;?;?;?;?;?;?;11;10;2;2;2;2;2;2;2;2;2;0;7;6;3;4;15;14;13;12;11;0;7;6;3;4;15;14;13;12;0;7;6;3;4;15;15;15;15;14;13;
?;?;?;?;?;?;?;?;?;15;15;15;14;13;12;11;10;2;2;2;2;0;7;6;3;4;15;14;13;12;11;10;2;0;7;6;3;4;15;15;14;13;12;11;10;2;2;0;7;6;
?;?;?;?;?;?;?;?;?;0;7;6;3;4;15;15;14;13;12;11;0;7;6;3;4;15;15;15;14;13;12;11;10;2;2;2;2;0;7;6;3;4;15;14;13;12;11;10;2;2;
?;?;?;?;?;?;?;?;?;15;14;13;12;0;7;6;3;4;15;14;13;12;11;10;2;2;0;7;6;1;9;8;5;2;2;2;0;7;6;3;4;15;14;13;12;11;10;2;2;2;
?;?;?;?;?;?;?;?;?;6;3;4;15;15;15;15;15;15;15;15;14;13;12;11;10;2;0;7;6;3;4;15;15;14;13;12;11;10;2;2;2;2;2;0;7;6;3;1;9;8;
?;?;?;?;?;?;?;?;?;2;0;7;6;3;4;15;14;13;12;11;10;2;2;2;2;2;2;2;2;2;0;7;6;3;4;15;15;15;15;14;13;12;11;10;2;2;2;2;0;7;
?;?;?;?;?;?;?;?;?;15;15;15;15;15;15;14;13;12;11;10;2;2;2;2;2;2;2;2;2;2;2;2;2;2;0;1;9;8;5;2;2;2;2;2;2;0;7;6;3;4;
?;?;?;?;?;?;?;?;?;11;10;2;2;2;2;2;2;2;2;2;0;7;6;3;4;15;15;15;15;15;15;15;15;15;15;14;13;12;11;10;2;2;2;2;0;7;6;3;4;15;
?;?;?;?;?;?;?;?;?;2;0;7;6;3;4;15;15;15;15;15;15;15;15;15;15;14;13;12;11;10;2;2;2;2;2;2;2;2;2;2;0;7;6;3;4;15;15;15;15;15;
?;?;?;?;?;?;?;?;?;1;9;8;5;2;2;0;7;6;3;4;15;15;15;15;15;15;15;15;15;15;15;15;15;14;13;12;11;10;2;0;7;6;3;4;15;15;15;15;15;15;
?;?;?;?;?;?;?;?;?;1;9;8;5;2;2;2;0;7;6;3;4;1;9;0;7;6;3;4;15;15;15;15;15;15;15;15;15;15;15;15;15;15;15;15;15;15;15;14;13;12;
?;?;?;?;?;?;?;?;?;1;9;8;5;2;2;0;7;6;3;4;15;15;15;14;13;12;11;10;2;2;2;2;2;2;0;7;6;3;4;15;15;15;14;13;12;11;10;2;2;2;
?;?;?;?;?;?;?;?;?;1;9;8;5;2;2;2;0;7;6;3;4;15;15;15;15;15;15;15;15;15;15;14;13;12;11;10;2;2;2;0;7;6;3;4;15;15;15;15;15;14;
?;?;?;?;?;?;?;?;?;4;15;14;13;12;0;7;6;3;1;9;8;5;2;2;2;0;7;6;3;4;15;15;15;15;14;13;12;11;10;2;2;2;2;2;2;2;2;2;2;2;
?;?;?;?;?;?;?;?;?;2;2;0;7;6;3;4;15;15;14;13;12;11;10;2;2;2;2;2;2;2;2;2;2;0;7;6;3;4;15;15;15;15;14;13;12;11;10;2;2;2;
?;?;?;?;?;?;?;?;?;2;2;2;2;2;2;2;0;7;6;3;4;15;15;15;15;15;15;14;13;12;11;10;2;2;2;2;2;2;0;7;6;3;4;15;15;15;15;15;15;15;
?;?;?;?;?;?;?;?;?;2;0;7;6;3;4;1;9;8;5;0;7;6;3;4;15;15;14;13;12;11;0;7;6;3;4;15;15;14;13;12;11;10;0;7;6;3;4;15;15;15;
?;?;?;?;?;?;?;?;?;2;0;7;6;3;4;15;15;15;15;15;15;15;14;13;12;11;10;2;0;7;6;3;4;15;15;15;14;13;12;11;10;2;0;7;6;3;4;15;15;15;
?;?;?;?;?;?;?;?;?;1;9;8;5;2;2;2;2;0;1;9;8;5;2;2;2;2;0;7;6;3;4;15;15;15;15;15;15;15;14;13;12;11;10;2;2;0;7;6;3;4;
?;?;?;?;?;?;?;?;?;2;2;2;2;2;2;2;2;2;2;2;0;7;6;3;4;15;15;15;15;15;15;15;15;15;14;13;12;11;10;2;2;2;2;2;0;7;6;3;4;15;
?;?;?;?;?;?;?;?;?;4;15;14;13;12;11;10;2;0;7;6;1;9;8;0;7;6;3;4;1;9;8;5;2;2;2;2;2;2;0;7;1;9;0;7;6;3;4;15;15;15;
?;?;?;?;?;?;?;?;?;2;0;7;6;3;4;15;14;13;12;11;0;7;6;3;4;15;14;13;12;11;10;2;2;2;2;2;2;0;7;6;3;4;15;15;15;14;13;12;11;10;
?;?;?;?;?;?;?;?;?;0;7;6;3;4;15;14;13;12;11;10;2;2;2;2;2;2;2;2;0;7;6;3;4;15;15;15;14;13;12;11;10;2;2;2;2;2;2;2;0;7;
?;?;?;?;?;?;?;?;?;2;2;2;2;2;2;2;2;2;2;2;2;2;0;7;6;3;4;15;15;15;15;15;15;15;15;15;15;15;14;13;12;11;10;0;7;6;3;4;15;15;
?;?;?;?;?;?;?;?;?;2;2;0;7;6;3;4;15;15;15;14;13;12;11;10;2;2;2;0;7;6;3;4;15;15;15;15;15;15;15;15;15;15;15;15;15;15;15;15;15;15;
?;?;?;?;?;?;?;?;?;2;2;2;2;0;7;6;3;4;15;15;15;15;14;13;12;11;0;7;6;3;4;15;15;15;15;15;15;15;15;15;15;15;15;15;15;15;15;15;15;15;
?;?;?;?;?;?;?;?;?;15;14;13;12;11;10;2;2;2;2;2;2;2;2;2;0;7;6;3;4;15;15;15;15;15;14;13;12;11;10;2;2;0;7;6;3;4;15;15;15;15;
?;?;?;?;?;?;?;?;?;0;7;6;3;4;15;15;15;15;15;15;15;14;13;12;11;0;7;6;3;4;15;15;15;15;14;13;12;0;7;6;3;4;15;15;15;15;15;15;15;15;
?;?;?;?;?;?;?;?;?;1;9;8;5;2;2;0;7;6;3;4;15;14;13;12;0;7;6;3;4;15;14;13;12;11;10;2;0;7;6;3;4;15;15;15;15;15;15;14;13;12;
?;?;?;?;?;?;?;?;?;2;0;7;6;3;4;1;9;8;5;2;2;2;2;2;2;0;7;6;3;4;15;15;15;15;15;14;13;12;11;10;2;2;0;7;6;1;9;8;5;2;
?;?;?;?;?;?;?;?;?;2;0;7;6;3;4;15;15;15;14;20;19;18;17;16;1;9;8;5;2;2;2;2;2;2;2;2;2;2;2;2;2;0;7;6;3;4;15;15;15;15;
?;?;?;?;?;?;?;?;?;15;15;15;15;14;13;12;11;10;2;2;0;7;6;1;9;8;5;2;2;2;2;2;2;2;2;2;0;7;6;3;4;1;9;8;5;2;2;2;2;0;
?;?;?;?;?;?;?;?;?;18;17;16;4;15;15;15;15;15;15;15;15;15;15;15;15;15;15;15;15;15;14;13;12;11;10;2;2;2;2;2;2;2;2;2;2;2;2;2;2;2;
?;?;?;?;?;?;?;?;?;8;5;2;2;2;0;7;6;3;4;15;15;15;15;14;13;12;11;10;2;2;2;0;7;6;3;4;15;15;15;15;15;15;15;15;15;15;15;15;15;15;
?;?;?;?;?;?;?;?;?;0;7;6;3;4;15;14;13;12;11;10;2;0;7;6;3;4;1;9;8;5;2;2;0;7;6;3;1;9;8;0;7;6;3;4;15;15;15;15;15;15;
?;?;?;?;?;?;?;?;?;0;7;6;3;4;15;14;13;12;11;10;2;0;7;6;3;4;1;9;8;5;2;2;2;2;2;2;2;2;2;2;2;0;7;6;3;4;15;15;15;15;
?;?;?;?;?;?;?;?;?;4;15;14;13;12;11;10;2;2;2;2;2;2;2;2;2;0;7;6;3;4;1;9;8;5;2;0;7;6;3;4;15;15;14;13;12;11;10;2;0;7;
?;?;?;?;?;?;?;?;?;2;0;7;6;3;4;1;9;8;5;2;2;0;7;6;3;4;15;15;15;15;15;15;15;15;15;15;15;14;13;12;0;7;6;3;4;1;9;8;5;2;
?;?;?;?;?;?;?;?;?;4;1;9;8;5;2;2;2;2;0;7;6;3;4;15;15;14;13;12;11;10;2;2;2;2;0;7;6;3;4;15;15;15;15;14;13;12;11;10;2;2;
?;?;?;?;?;?;?;?;?;1;9;8;5;2;2;0;7;6;3;4;1;9;8;5;0;7;6;3;4;15;15;14;13;12;11;10;2;2;2;2;2;2;0;7;6;3;4;15;15;15;
?;?;?;?;?;?;?;?;?;15;14;13;12;11;10;0;7;6;3;1;9;8;5;2;2;0;7;6;3;4;1;9;8;0;7;6;3;4;15;15;15;14;13;12;11;10;0;7;6;3;
?;?;?;?;?;?;?;?;?;15;14;13;12;11;10;2;0;7;6;3;1;9;8;5;2;2;0;7;6;3;4;1;9;8;5;2;0;7;6;3;4;15;14;13;12;11;10;2;2;2;
?;?;?;?;?;?;?;?;?;15;15;15;15;15;15;15;15;15;15;15;15;15;15;14;13;12;11;10;2;2;2;2;2;2;2;2;2;2;2;2;2;2;2;2;2;2;2;2;0;7;
?;?;?;?;?;?;?;?;?;1;9;8;5;2;2;0;7;6;3;4;15;15;15;14;13;12;11;10;2;2;2;2;2;0;7;6;3;4;15;15;14;13;12;11;10;2;2;0;7;6;
?;?;?;?;?;?;?;?;?;6;3;4;15;15;14;13;12;11;10;2;2;2;2;0;7;6;3;4;15;15;15;15;15;15;14;13;12;11;10;2;2;2;2;0;7;6;3;4;15;15;
?;?;?;?;?;?;?;?;?;0;7;6;3;4;15;15;14;13;12;11;10;2;2;2;2;2;2;0;7;6;3;4;15;15;15;14;13;12;11;10;2;2;2;2;0;7;6;3;4;15;
?;?;?;?;?;?;?;?;?;1;9;8;5;2;2;0;7;6;3;4;15;14;13;12;11;10;2;0;7;6;3;1;9;8;5;2;2;2;2;2;0;7;6;3;4;15;15;15;15;15;
?;?;?;?;?;?;?;?;?;2;0;7;6;3;4;1;9;8;5;0;7;6;3;4;15;15;15;15;14;13;12;11;10;2;2;2;2;2;0;7;1;9;8;5;2;2;2;2;2;2;
?;?;?;?;?;?;?;?;?;7;6;3;1;9;8;5;2;2;2;2;0;7;6;3;4;15;15;15;15;15;15;15;15;15;15;15;15;15;15;15;15;15;15;15;15;15;15;15;15;15;
?;?;?;?;?;?;?;?;?;2;0;7;6;3;1;9;8;5;2;2;0;7;6;3;4;15;15;15;15;15;14;13;12;11;10;2;0;7;6;3;4;1;9;8;5;2;2;2;2;2;
?;?;?;?;?;?;?;?;?;0;7;6;3;4;15;15;14;13;12;11;10;2;2;2;2;2;2;2;2;0;7;6;3;4;15;15;15;15;15;15;15;15;15;14;13;12;11;10;2;2;
?;?;?;?;?;?;?;?;?;2;0;7;6;3;4;15;14;13;12;11;0;7;6;3;1;9;8;5;2;2;2;2;2;0;7;6;3;4;15;15;15;15;15;14;13;12;11;10;2;2;
?;?;?;?;?;?;?;?;?;1;9;8;5;2;2;0;7;6;3;4;15;14;13;12;11;10;2;2;0;7;6;3;4;15;15;15;15;15;15;15;15;15;15;14;13;12;11;10;2;2;
?;?;?;?;?;?;?;?;?;2;0;7;6;3;4;15;15;15;15;14;13;12;11;10;2;2;2;0;7;6;3;4;15;15;15;15;15;14;13;12;11;10;2;2;2;2;2;2;2;2;
?;?;?;?;?;?;?;?;?;0;7;6;3;4;15;14;13;12;11;10;2;2;0;7;6;3;4;15;15;15;15;15;15;15;15;15;15;15;15;15;15;15;14;13;12;11;10;2;2;2;
?;?;?;?;?;?;?;?;?;4;15;14;13;12;11;0;7;6;3;4;15;15;14;13;12;11;10;2;2;2;2;2;0;7;6;3;4;15;15;15;14;13;12;11;10;2;2;2;2;2;
?;?;?;?;?;?;?;?;?;11;10;2;2;2;2;2;2;0;7;6;3;4;15;15;15;14;13;12;11;10;2;2;0;7;6;3;4;15;15;15;15;15;15;15;14;13;12;11;10;2;
?;?;?;?;?;?;?;?;?;2;0;7;6;3;4;15;14;13;12;11;10;0;7;6;3;4;15;15;15;15;15;15;15;15;15;15;15;14;13;12;11;10;2;2;2;2;2;2;2;2;
?;?;?;?;?;?;?;?;?;2;2;0;7;6;3;4;1;9;8;5;0;7;6;3;4;15;14;13;12;0;7;6;3;4;15;15;14;13;12;0;7;6;3;4;15;15;15;15;14;13;
?;?;?;?;?;?;?;?;?;1;9;8;5;2;2;0;7;6;3;4;15;15;15;15;15;15;15;15;15;15;15;14;13;12;11;10;2;2;0;7;6;3;4;15;15;15;15;14;13;12;
?;?;?;?;?;?;?;?;?;2;2;2;2;2;2;2;2;2;2;0;7;6;3;4;15;15;15;15;15;15;14;13;12;11;10;2;0;7;6;3;4;15;15;15;15;15;15;15;14;13;
?;?;?;?;?;?;?;?;?;4;1;9;8;5;2;0;7;6;3;1;9;8;5;2;2;0;7;6;3;4;15;15;15;14;13;0;7;6;3;4;1;9;8;5;2;2;2;2;2;2;
?;?;?;?;?;?;?;?;?;2;2;0;7;1;9;8;5;2;2;0;7;6;3;4;1;9;8;5;2;2;2;2;2;0;7;6;3;4;15;15;15;14;13;12;11;10;2;0;7;6;
?;?;?;?;?;?;?;?;?;13;12;11;0;7;6;3;4;15;14;13;12;11;10;2;2;2;2;0;7;6;3;4;15;15;15;15;15;14;13;12;11;10;2;2;2;2;2;2;2;2;
?;?;?;?;?;?;?;?;?;2;2;2;2;0;7;6;3;4;15;15;15;15;15;14;13;12;11;0;7;6;3;4;15;15;15;15;14;13;12;11;10;2;2;0;7;6;3;4;1;9;
?;?;?;?;?;?;?;?;?;15;15;14;13;12;11;10;2;0;7;6;3;4;15;15;15;15;15;15;15;15;14;13;12;11;10;2;2;2;2;2;2;2;2;2;2;2;2;2;2;2;
?;?;?;?;?;?;?;?;?;2;2;0;7;6;3;1;9;8;5;2;2;0;7;6;3;1;9;8;5;2;0;7;6;3;4;15;15;15;15;14;13;0;7;6;3;4;15;15;15;15;
?;?;?;?;?;?;?;?;?;15;14;13;12;11;10;2;2;2;0;1;9;8;5;2;2;2;0;7;6;3;1;9;8;5;2;2;2;2;2;2;0;7;6;3;4;15;15;15;15;15;
?;?;?;?;?;?;?;?;?;15;14;13;12;11;10;2;0;7;6;3;1;9;8;5;2;2;2;2;2;2;2;2;2;2;0;7;6;3;4;15;15;15;15;15;15;15;15;15;15;15;
?;?;?;?;?;?;?;?;?;4;1;9;8;5;0;7;6;3;4;1;9;8;5;2;2;0;7;6;3;4;15;15;15;15;14;13;12;11;10;2;2;2;2;2;2;2;2;2;2;2;
?;?;?;?;?;?;?;?;?;0;7;6;3;4;15;15;14;13;12;11;10;2;0;7;6;3;4;15;15;15;15;15;15;14;13;12;11;10;2;2;2;2;2;2;2;2;2;2;2;0;
?;?;?;?;?;?;?;?;?;15;15;14;13;12;11;10;2;2;0;7;6;1;9;8;5;2;2;2;2;2;2;2;2;2;2;0;7;6;3;4;15;15;15;15;15;15;14;13;12;11;
?;?;?;?;?;?;?;?;?;0;7;6;3;4;15;15;15;14;20;19;18;17;16;4;15;14;13;12;11;10;2;2;2;2;2;2;2;2;2;2;2;2;2;2;2;0;7;6;3;4;
?;?;?;?;?;?;?;?;?;2;2;0;7;6;3;4;1;9;8;5;0;7;6;3;1;9;8;5;2;2;2;2;2;2;2;2;0;7;6;3;4;15;15;15;15;15;14;13;12;11;
?;?;?;?;?;?;?;?;?;4;15;15;15;15;15;14;13;12;11;10;2;2;2;2;2;2;2;2;0;7;6;3;4;1;9;8;5;2;2;2;2;2;2;0;7;6;3;4;15;15;
?;?;?;?;?;?;?;?;?;9;8;5;2;2;2;2;2;0;7;6;3;4;15;15;15;15;15;15;15;15;14;13;12;11;10;2;2;2;2;2;2;0;7;6;3;4;15;15;15;15;
?;?;?;?;?;?;?;?;?;15;15;15;15;15;15;14;13;12;11;10;2;2;2;2;2;2;2;2;2;2;2;2;2;2;2;2;2;2;2;2;0;7;6;3;4;15;15;15;15;15;
?;?;?;?;?;?;?;?;?;2;2;0;7;6;3;4;1;9;8;5;2;2;0;7;6;3;4;15;15;15;15;15;15;15;14;13;12;11;10;2;0;7;6;3;4;15;15;15;15;15;
?;?;?;?;?;?;?;?;?;2;0;7;6;3;4;1;9;8;5;2;2;2;2;2;2;2;2;2;0;7;6;1;9;0;7;6;3;4;15;15;15;15;15;15;15;15;15;15;15;15;
?;?;?;?;?;?;?;?;?;2;0;7;6;3;4;15;15;15;15;15;15;15;15;15;15;14;13;12;11;10;2;2;2;2;2;2;2;2;2;2;2;2;2;0;7;6;3;4;15;15;
?;?;?;?;?;?;?;?;?;4;1;9;8;5;2;0;7;6;3;4;15;15;15;14;13;0;7;6;3;4;15;15;15;15;15;15;15;14;13;12;11;10;2;2;2;2;2;2;2;2;
?;?;?;?;?;?;?;?;?;15;14;13;12;11;10;2;2;2;2;2;2;2;2;2;2;0;7;6;3;4;1;9;8;0;7;6;3;4;15;15;15;15;15;15;15;15;15;14;13;12;
?;?;?;?;?;?;?;?;?;0;7;6;3;4;15;14;13;12;11;10;0;7;6;3;4;15;14;13;12;11;0;7;6;3;4;15;15;15;14;13;12;11;10;2;2;2;0;7;6;3;
?;?;?;?;?;?;?;?;?;4;15;14;13;12;11;0;7;6;1;9;8;5;2;2;2;2;2;2;2;2;2;2;2;2;0;7;6;3;4;15;15;15;15;15;15;15;15;15;14;13;
?;?;?;?;?;?;?;?;?;4;15;14;13;12;11;0;7;6;3;4;15;14;13;0;7;6;3;4;15;14;13;12;11;10;2;2;2;0;7;6;3;4;15;15;15;15;15;15;15;14;
?;?;?;?;?;?;?;?;?;7;6;3;1;9;8;5;2;2;2;2;2;0;7;6;3;4;15;15;15;15;15;14;13;12;11;10;2;2;2;0;7;6;3;4;15;15;15;15;15;15;
?;?;?;?;?;?;?;?;?;4;1;9;8;5;2;0;7;6;3;4;15;15;15;14;13;12;11;10;2;2;2;2;0;7;6;3;4;15;15;14;13;12;11;10;2;2;2;2;0;7;
?;?;?;?;?;?;?;?;?;4;15;14;13;12;11;10;2;2;2;0;7;6;3;4;15;15;15;15;15;15;15;14;13;12;11;10;2;2;2;2;2;2;2;2;0;7;6;1;9;8;
?;?;?;?;?;?;?;?;?;2;2;0;7;6;3;4;15;14;13;12;11;10;2;2;2;2;0;7;6;3;4;15;15;15;15;15;15;14;13;12;11;10;0;7;1;9;8;5;2;2;
?;?;?;?;?;?;?;?;?;1;9;8;5;2;0;7;6;3;4;1;9;8;5;2;2;2;2;2;2;2;0;7;6;3;4;15;15;15;14;13;12;11;10;2;2;0;7;6;3;4;
?;?;?;?;?;?;?;?;?;1;9;8;5;0;7;6;3;4;15;15;15;15;15;15;15;15;15;15;15;15;15;15;15;15;15;14;13;12;11;10;2;2;2;2;2;2;2;2;2;2;
?;?;?;?;?;?;?;?;?;8;5;2;2;2;2;2;0;7;6;3;4;15;15;15;15;15;15;14;13;12;11;10;2;2;2;0;7;6;3;4;15;15;15;15;15;15;14;20;19;18;
?;?;?;?;?;?;?;?;?;2;0;7;6;3;1;9;8;5;2;0;7;6;3;4;15;15;14;13;12;11;10;0;7;6;3;4;1;9;8;5;0;7;6;3;4;15;15;15;15;15;
?;?;?;?;?;?;?;?;?;0;7;6;3;4;15;15;15;15;15;15;15;15;15;15;15;15;15;14;13;12;0;7;6;3;4;15;15;14;13;12;11;10;2;2;2;2;2;2;2;2;
?;?;?;?;?;?;?;?;?;2;0;7;6;3;4;15;14;20;19;18;17;16;4;15;15;14;13;12;11;10;2;2;2;2;2;2;2;0;7;6;3;4;15;15;15;14;13;12;11;10;
?;?;?;?;?;?;?;?;?;2;2;2;2;2;2;2;2;2;2;0;7;6;3;4;15;15;15;14;13;12;11;0;7;6;3;4;15;15;15;15;15;15;15;14;13;12;11;0;7;6;
?;?;?;?;?;?;?;?;?;2;0;7;6;3;4;15;14;13;12;11;10;0;7;1;9;8;5;2;2;2;2;2;2;2;2;2;2;2;2;0;7;6;3;4;1;9;8;5;2;2;
?;?;?;?;?;?;?;?;?;4;15;15;15;14;13;12;11;10;2;2;2;2;0;7;6;3;4;15;15;14;13;12;11;10;2;2;2;2;0;7;6;3;4;15;15;15;15;15;15;15;
?;?;?;?;?;?;?;?;?;2;0;7;6;3;4;1;9;8;5;2;2;2;0;1;9;8;5;2;2;0;7;6;3;4;15;15;15;15;15;15;15;15;15;15;15;15;15;15;14;13;
?;?;?;?;?;?;?;?;?;2;0;7;6;3;4;15;15;15;15;14;20;19;18;17;16;4;15;15;15;15;15;15;15;15;15;15;15;15;15;15;15;14;13;12;11;10;2;2;0;7;
?;?;?;?;?;?;?;?;?;1;9;8;5;2;2;0;7;6;3;4;15;15;15;15;15;15;15;15;14;13;12;11;10;2;0;7;6;3;4;15;15;15;15;15;15;15;15;15;15;15;
?;?;?;?;?;?;?;?;?;4;1;9;8;5;2;2;2;2;2;2;2;2;2;0;7;6;3;4;15;15;15;15;14;13;12;11;10;2;2;2;2;0;7;6;3;4;15;15;14;13;
?;?;?;?;?;?;?;?;?;2;2;2;2;2;2;2;2;2;2;0;7;6;3;4;15;15;15;15;15;15;15;15;15;15;14;13;12;11;10;0;7;6;3;4;15;15;15;15;15;14;
?;?;?;?;?;?;?;?;?;2;0;7;6;3;4;15;15;14;13;12;11;10;2;2;2;2;0;7;6;3;4;15;15;15;15;15;15;14;13;12;11;10;2;2;2;0;7;6;3;4;
?;?;?;?;?;?;?;?;?;15;15;14;13;12;11;10;2;2;2;2;2;2;2;2;2;2;2;2;2;2;2;2;2;2;2;2;0;7;6;3;4;15;15;15;15;15;15;15;15;15;
?;?;?;?;?;?;?;?;?;12;11;0;7;6;3;4;1;9;8;5;2;2;2;2;2;2;2;2;2;2;2;2;2;2;2;2;2;2;0;1;9;8;5;2;0;7;6;3;4;15;
?;?;?;?;?;?;?;?;?;2;0;7;6;3;4;15;15;15;15;15;15;15;14;13;12;11;10;2;2;2;2;2;2;2;2;2;2;2;2;2;2;2;2;2;2;2;2;2;2;2;
?;?;?;?;?;?;?;?;?;2;2;0;7;6;3;4;15;15;15;15;14;13;12;11;10;2;2;0;7;6;3;4;15;15;15;15;15;15;15;15;15;15;15;14;13;12;11;10;2;2;
?;?;?;?;?;?;?;?;?;2;2;2;2;2;2;2;2;2;0;7;6;3;4;15;15;15;15;15;15;15;15;15;15;15;15;15;15;14;13;12;11;10;0;7;6;3;4;15;15;15;
?;?;?;?;?;?;?;?;?;2;0;7;6;3;1;9;8;5;2;0;7;6;3;4;15;15;14;13;12;11;10;2;2;0;7;6;1;9;8;5;2;2;2;0;7;6;1;9;8;5;
?;?;?;?;?;?;?;?;?;18;17;16;1;9;8;5;2;2;2;2;2;2;0;7;6;3;4;15;14;20;19;18;17;16;4;15;15;15;15;14;13;12;11;10;0;7;6;3;4;15;
?;?;?;?;?;?;?;?;?;2;0;7;6;3;4;15;15;15;14;13;12;11;10;2;2;2;2;0;7;6;3;4;15;15;15;15;14;13;12;11;10;2;2;2;2;2;2;2;2;2;
?;?;?;?;?;?;?;?;?;15;15;15;15;15;15;15;14;13;12;11;10;2;2;2;2;2;2;2;2;2;0;7;6;3;4;15;15;15;15;15;15;15;15;15;15;15;15;15;15;15;
?;?;?;?;?;?;?;?;?;3;4;15;15;14;13;12;11;0;7;6;3;4;1;9;0;7;6;3;4;15;15;15;14;13;12;11;10;2;0;7;6;3;4;15;15;15;14;13;12;11;
?;?;?;?;?;?;?;?;?;1;9;8;5;2;2;0;7;6;3;4;15;15;15;15;15;15;15;14;13;12;11;10;2;2;2;2;0;7;6;3;4;15;15;14;13;12;0;7;6;3;
?;?;?;?;?;?;?;?;?;4;1;9;8;5;2;0;7;6;3;4;1;9;8;5;0;7;6;3;4;15;15;14;13;12;11;10;2;2;2;2;2;2;2;2;2;2;0;7;6;1;
?;?;?;?;?;?;?;?;?;0;7;6;3;4;1;9;8;5;2;2;2;2;2;2;2;2;2;2;2;0;7;6;3;4;15;15;15;15;15;15;14;13;12;11;10;2;2;2;0;7;
?;?;?;?;?;?;?;?;?;4;15;14;13;12;0;7;6;3;4;15;15;15;14;13;12;11;10;2;2;2;2;2;2;2;2;0;7;6;3;4;15;15;15;14;13;12;11;10;2;2;
?;?;?;?;?;?;?;?;?;4;1;9;8;5;0;7;6;3;4;15;15;14;13;12;11;0;7;6;3;4;1;9;8;5;2;0;7;6;3;4;15;14;13;12;11;10;2;2;2;2;
?;?;?;?;?;?;?;?;?;2;0;7;6;3;4;1;9;8;5;2;2;0;7;6;3;4;1;9;8;0;7;6;3;1;9;8;5;2;2;2;0;7;6;3;4;15;15;15;15;15;
?;?;?;?;?;?;?;?;?;15;14;13;12;11;10;2;0;7;6;3;4;1;9;8;5;2;2;2;2;2;2;2;2;2;2;0;7;6;3;4;15;15;15;15;15;15;15;15;15;15;
?;?;?;?;?;?;?;?;?;15;14;13;12;11;10;2;2;2;0;7;6;3;4;15;15;15;14;13;12;11;10;2;2;2;2;0;7;6;3;4;15;15;14;13;12;11;10;2;2;0;
?;?;?;?;?;?;?;?;?;8;5;2;2;2;2;2;2;2;2;2;2;2;2;2;0;7;6;3;4;15;15;15;15;15;15;15;15;15;15;15;15;15;15;15;15;15;15;15;15;15;
?;?;?;?;?;?;?;?;?;0;7;6;3;4;1;9;8;5;2;2;2;2;0;7;6;3;4;1;9;8;5;2;2;2;2;2;2;2;2;0;7;6;3;4;15;15;15;15;15;15;
?;?;?;?;?;?;?;?;?;11;10;2;0;7;6;3;4;15;15;15;15;15;14;13;12;11;10;2;2;2;2;2;0;7;6;3;4;15;15;15;14;13;12;11;10;2;0;7;6;3;
?;?;?;?;?;?;?;?;?;2;0;7;6;3;4;1;9;8;5;2;2;2;0;7;6;3;4;15;15;15;15;15;15;15;15;15;15;15;15;15;15;15;15;15;15;14;13;12;11;10;
?;?;?;?;?;?;?;?;?;2;0;7;6;3;1;9;8;5;2;0;7;6;3;4;1;9;8;5;2;2;2;2;0;7;6;3;4;15;15;15;15;14;13;12;11;10;2;2;2;2;
?;?;?;?;?;?;?;?;?;0;7;6;3;4;15;15;15;15;15;15;15;15;15;15;15;15;14;13;0;7;6;3;4;15;15;14;13;12;11;10;2;2;0;7;6;3;4;15;15;15;
?;?;?;?;?;?;?;?;?;2;2;2;2;2;2;2;2;2;2;2;2;0;7;6;3;4;15;15;15;15;15;15;15;15;15;15;15;15;15;15;15;15;14;13;12;11;10;2;2;2;
?;?;?;?;?;?;?;?;?;0;7;6;3;4;1;9;8;5;2;2;2;0;7;6;3;4;1;9;8;5;0;7;6;3;4;1;9;8;5;2;2;2;0;7;6;3;1;9;8;5;
?;?;?;?;?;?;?;?;?;0;7;6;3;4;15;14;13;12;11;10;2;0;7;6;3;4;15;14;13;12;11;10;2;2;2;2;2;2;2;2;0;7;6;3;4;1;9;8;5;2;
?;?;?;?;?;?;?;?;?;15;15;15;15;14;13;12;11;10;2;2;2;2;2;2;2;0;7;6;3;4;15;15;15;15;15;15;15;15;15;14;13;12;11;10;2;0;7;6;3;4;
?;?;?;?;?;?;?;?;?;15;15;14;13;12;11;10;2;2;2;2;2;2;0;7;6;3;4;15;15;15;15;14;13;12;11;10;2;2;2;2;2;2;0;7;6;3;4;15;15;15;
?;?;?;?;?;?;?;?;?;1;9;8;5;2;2;0;7;6;3;4;15;15;14;13;12;11;10;2;2;2;2;2;2;2;2;2;0;7;6;3;4;15;15;15;15;15;15;14;13;12;
?;?;?;?;?;?;?;?;?;1;9;8;5;2;2;2;2;0;7;6;3;4;15;15;15;15;15;15;15;15;15;15;15;15;15;14;13;12;11;10;2;2;2;2;2;2;2;2;2;2;
?;?;?;?;?;?;?;?;?;15;14;13;12;11;10;2;2;2;2;2;2;2;2;2;0;7;6;3;4;15;15;15;15;15;15;15;14;13;12;11;10;2;2;2;2;2;2;2;2;2;
?;?;?;?;?;?;?;?;?;4;15;14;13;12;11;0;7;6;3;1;9;8;5;2;2;0;7;6;3;4;15;15;14;13;12;0;7;6;3;4;1;9;8;5;2;2;2;2;0;7;
?;?;?;?;?;?;?;?;?;4;15;14;13;12;11;0;7;6;3;4;1;9;8;5;2;2;2;2;2;2;2;2;0;7;6;3;4;15;15;15;15;15;14;13;12;0;7;6;3;4;
?;?;?;?;?;?;?;?;?;1;9;8;0;7;6;3;4;15;14;13;12;11;10;2;2;2;2;0;7;6;3;4;15;15;15;15;15;14;13;12;11;10;2;2;2;0;7;6;3;4;
?;?;?;?;?;?;?;?;?;0;7;6;3;4;15;15;15;15;15;15;15;14;13;12;11;10;2;0;7;6;3;4;15;14;13;12;11;10;2;2;2;2;2;2;2;0;7;6;3;4;
?;?;?;?;?;?;?;?;?;15;15;15;15;15;15;15;15;15;15;15;15;15;15;14;13;12;11;10;2;2;2;0;7;6;3;4;15;15;15;14;13;12;11;10;2;2;2;2;2;2;
?;?;?;?;?;?;?;?;?;4;15;14;13;12;11;10;2;0;7;6;3;4;15;15;14;13;12;11;10;2;0;7;6;3;4;15;15;15;15;14;13;12;11;10;2;2;2;0;7;6;
?;?;?;?;?;?;?;?;?;3;4;15;15;15;15;15;15;14;13;12;11;10;0;7;6;3;4;15;15;15;15;14;13;12;11;10;2;2;0;7;6;3;4;15;15;15;15;15;15;15;
?;?;?;?;?;?;?;?;?;15;15;15;15;15;15;15;15;15;15;15;15;15;15;15;15;15;15;15;14;13;12;11;10;2;2;2;2;2;2;2;2;2;2;2;2;2;2;2;2;0;
?;?;?;?;?;?;?;?;?;4;1;9;8;5;2;2;2;0;7;6;3;4;15;15;15;15;15;15;15;15;14;13;12;11;10;0;7;6;3;4;15;15;15;14;13;12;11;10;2;2;
?;?;?;?;?;?;?;?;?;2;0;7;6;3;4;1;9;8;5;2;2;0;7;6;3;4;15;15;15;15;15;15;15;15;15;15;15;15;15;15;15;15;15;15;15;15;14;13;12;11;
?;?;?;?;?;?;?;?;?;0;7;6;3;4;15;14;13;12;11;10;2;0;7;1;9;8;5;2;2;0;7;6;3;1;9;8;5;2;2;2;2;2;0;7;6;3;4;15;14;13;
?;?;?;?;?;?;?;?;?;15;15;15;14;13;12;11;10;2;2;0;7;6;3;4;15;15;15;15;15;15;15;15;14;13;12;11;10;2;2;2;2;2;0;7;6;3;4;15;15;15;
?;?;?;?;?;?;?;?;?;4;1;9;8;5;2;2;2;2;2;2;2;2;2;2;2;0;7;6;3;4;15;15;15;15;15;15;15;15;15;15;15;15;14;13;12;11;10;2;0;7;
?;?;?;?;?;?;?;?;?;2;0;7;6;3;4;1;9;8;5;0;7;6;3;4;15;15;15;14;13;12;11;10;2;2;2;2;2;2;0;7;6;3;4;15;15;15;15;15;15;15;
?;?;?;?;?;?;?;?;?;2;2;2;0;7;6;3;4;15;15;15;14;13;12;11;10;2;2;2;2;2;2;2;2;0;7;6;3;4;15;15;15;15;15;15;14;13;12;11;10;2;
?;?;?;?;?;?;?;?;?;2;0;7;6;3;4;15;15;15;14;13;0;7;6;3;1;9;8;5;2;0;7;6;3;4;15;15;15;15;15;15;15;15;15;15;15;15;15;15;14;13;
?;?;?;?;?;?;?;?;?;3;1;9;8;5;2;0;7;6;3;4;15;15;15;15;15;15;15;15;15;15;14;13;12;11;0;7;6;3;4;15;15;15;15;15;14;13;12;11;10;2;
?;?;?;?;?;?;?;?;?;4;1;9;8;5;0;7;6;3;4;15;14;13;12;11;10;0;7;6;3;4;15;14;13;12;11;10;2;2;2;2;2;2;2;2;2;0;7;6;3;4;
?;?;?;?;?;?;?;?;?;1;9;8;5;2;2;0;7;6;3;4;15;15;15;15;15;15;15;15;15;15;15;14;13;12;11;10;2;2;2;2;2;2;2;2;2;2;2;2;2;2;
?;?;?;?;?;?;?;?;?;0;7;6;3;4;15;14;13;12;11;10;2;2;2;2;2;2;2;2;2;2;2;2;0;7;6;3;1;9;8;5;2;0;7;6;3;4;15;15;15;15;
?;?;?;?;?;?;?;?;?;7;6;3;4;1;9;8;5;2;2;2;2;0;7;6;3;4;15;15;15;15;15;15;15;15;15;15;15;15;15;15;14;13;12;11;10;2;2;2;0;7;
?;?;?;?;?;?;?;?;?;1;9;8;5;2;0;7;6;3;4;1;9;8;5;2;2;2;0;7;6;3;4;1;9;8;5;0;7;6;3;4;15;15;15;15;15;15;15;15;14;13;
?;?;?;?;?;?;?;?;?;4;1;9;8;5;2;2;0;7;6;1;9;8;5;2;2;2;2;2;0;7;6;3;4;15;15;15;15;15;15;15;15;15;15;15;15;15;15;15;15;15;
?;?;?;?;?;?;?;?;?;2;2;0;7;6;1;9;8;0;7;6;3;4;15;15;15;14;13;12;11;10;0;7;6;3;1;9;8;5;2;2;0;7;6;3;4;15;15;15;15;15;
?;?;?;?;?;?;?;?;?;2;0;7;6;3;1;9;8;5;2;2;2;0;7;6;3;1;9;8;5;2;2;0;7;6;3;4;15;15;15;15;15;15;15;15;15;14;13;12;11;10;
?;?;?;?;?;?;?;?;?;0;7;6;3;4;15;15;14;13;12;11;10;2;2;2;2;2;2;2;2;2;2;0;7;6;3;4;1;9;8;5;0;7;6;3;4;15;15;14;13;12;
?;?;?;?;?;?;?;?;?;2;0;7;6;3;4;15;15;15;15;15;15;15;14;13;12;11;10;2;2;2;2;0;7;6;3;4;15;15;15;15;14;13;12;11;10;2;2;2;2;2;
?;?;?;?;?;?;?;?;?;2;0;7;6;3;4;15;15;14;13;0;7;6;3;4;1;9;8;5;2;2;2;2;2;2;0;7;6;3;4;15;15;15;15;15;14;13;12;11;10;2;
?;?;?;?;?;?;?;?;?;2;0;7;6;3;1;9;8;5;2;2;2;0;7;6;3;4;1;9;8;5;2;2;2;0;7;6;3;4;15;15;14;13;12;11;10;2;2;0;7;6;
?;?;?;?;?;?;?;?;?;2;0;7;6;3;4;15;14;13;12;11;10;2;2;2;2;2;2;2;2;0;7;6;3;4;15;15;15;15;15;14;13;12;11;10;2;2;2;2;2;0;
?;?;?;?;?;?;?;?;?;2;0;7;6;3;1;9;8;5;2;2;2;0;7;6;3;4;15;15;15;15;15;15;15;15;15;15;15;15;15;15;15;15;15;14;13;12;11;10;2;2;
?;?;?;?;?;?;?;?;?;2;2;0;7;6;3;4;15;15;14;13;12;11;10;2;2;0;7;6;3;4;15;15;15;14;13;12;11;10;2;2;2;2;2;0;7;6;3;4;15;15;
?;?;?;?;?;?;?;?;?;2;0;7;6;3;4;1;9;8;5;0;7;6;3;4;1;9;8;5;2;2;0;7;6;3;4;15;14;13;12;11;10;2;0;7;6;3;1;9;8;5;
?;?;?;?;?;?;?;?;?;4;1;9;8;5;2;2;0;7;6;1;9;8;5;2;2;2;0;7;6;3;4;15;14;20;19;18;17;16;4;15;15;15;15;15;15;15;15;14;13;12;
?;?;?;?;?;?;?;?;?;2;2;2;2;2;2;0;7;6;3;4;15;15;15;15;15;15;15;15;15;14;13;12;11;0;7;6;3;4;1;9;8;5;2;2;2;2;2;2;2;2;
?;?;?;?;?;?;?;?;?;4;1;9;8;0;7;6;3;4;15;14;13;12;11;10;2;2;2;2;0;7;6;3;4;15;15;15;15;15;15;15;14;13;12;11;10;2;2;2;2;2;
?;?;?;?;?;?;?;?;?;2;0;7;6;3;1;9;8;5;2;2;2;2;0;7;6;3;4;15;15;15;15;15;15;14;13;12;11;10;2;0;7;6;3;4;15;15;15;15;15;15;