?;?;?;?;0;4;1;1;1;1;2;8;7;6;5;0;4;1;1;1;1;1;2;8;7;6;3;3;3;5;0;4;1;1;1;1;2;8;7;6;3;3;3;3;3;3;3;3;3;5;
?;?;?;?;2;8;7;6;3;3;5;0;4;1;1;1;1;1;2;8;7;6;3;3;3;3;3;3;5;0;4;1;1;1;1;1;2;8;7;6;3;5;0;4;1;1;1;2;8;7;
?;?;?;?;1;2;8;7;6;3;3;5;0;2;8;7;6;3;3;3;3;5;0;4;1;1;1;1;2;8;7;6;5;0;4;1;1;1;1;1;2;8;7;6;3;3;3;3;5;0;
?;?;?;?;5;0;4;2;8;7;6;3;3;3;5;0;4;1;1;1;2;8;7;6;3;3;3;3;5;0;4;1;1;1;1;1;1;2;8;7;6;3;3;5;0;4;1;1;1;1;
?;?;?;?;1;2;8;7;6;5;0;4;1;1;2;8;7;6;3;3;3;3;3;5;0;4;1;1;1;1;2;8;7;6;3;3;3;3;3;5;0;4;1;1;1;1;1;1;1;2;
?;?;?;?;2;8;7;6;3;5;0;4;1;1;1;2;8;7;6;3;3;5;0;4;1;1;1;1;1;1;1;1;1;1;2;8;7;6;3;3;3;3;5;0;4;1;2;8;7;6;
?;?;?;?;3;5;0;4;1;1;2;8;7;6;3;3;5;0;4;1;1;2;8;7;6;3;5;0;4;1;1;1;1;1;1;1;1;1;1;1;2;8;7;6;3;3;5;0;4;1;
?;?;?;?;1;2;8;7;6;3;5;0;4;1;1;2;8;7;6;3;5;0;4;1;1;2;8;7;6;3;3;3;3;5;0;4;1;1;1;1;1;1;1;1;1;2;8;7;6;3;
?;?;?;?;1;2;8;7;6;5;0;4;2;8;7;6;3;3;5;0;4;1;1;1;1;2;8;7;6;3;3;5;0;4;1;1;1;1;1;2;8;7;6;3;3;3;5;0;4;1;
?;?;?;?;8;7;6;3;3;3;5;0;4;1;1;1;1;1;1;2;8;7;6;3;3;3;3;3;3;5;0;4;1;1;1;1;1;1;1;1;1;1;1;2;8;7;6;3;5;0;
?;?;?;?;1;2;8;7;6;5;0;4;1;1;1;1;2;8;7;6;3;3;3;5;2;8;7;5;0;4;1;1;1;2;8;7;6;3;3;3;3;5;0;4;1;1;1;2;8;7;
?;?;?;?;1;2;8;7;6;3;5;0;4;1;2;8;7;6;3;3;5;0;4;1;1;1;1;1;2;8;7;6;3;3;3;3;3;3;3;3;3;3;3;3;3;3;3;3;3;3;
?;?;?;?;5;0;4;1;1;1;2;8;7;6;3;3;3;3;3;5;0;4;1;1;1;2;8;7;6;3;3;3;5;0;4;1;1;1;1;1;1;1;1;1;1;1;1;1;2;8;
?;?;?;?;1;2;8;7;6;3;5;0;4;1;1;2;8;7;6;3;3;5;0;4;1;2;8;7;6;3;5;0;4;1;1;1;2;8;7;6;3;3;5;2;8;7;6;3;3;3;
?;?;?;?;3;5;0;4;1;1;2;8;7;6;5;0;4;2;8;7;6;3;3;3;3;3;5;0;4;1;1;1;1;2;8;7;6;5;0;4;1;1;1;1;1;1;1;1;1;1;
?;?;?;?;2;8;7;6;3;5;0;4;1;1;1;1;1;1;1;1;2;8;7;6;3;3;3;3;3;5;0;4;1;1;1;1;1;1;1;1;1;1;1;1;2;8;7;6;3;3;
?;?;?;?;3;3;3;3;3;3;3;3;5;0;4;1;1;1;1;2;8;7;6;3;3;3;3;3;5;0;4;1;1;1;1;1;1;1;1;1;2;8;7;6;3;3;3;5;0;4;
?;?;?;?;3;5;0;4;1;1;2;8;7;6;3;3;5;0;4;1;1;1;1;1;1;1;1;1;1;2;8;7;6;3;3;3;3;3;5;0;4;1;1;1;1;1;1;1;1;1;
?;?;?;?;2;8;7;6;3;5;0;4;1;1;1;2;8;7;6;3;3;5;0;4;1;1;1;1;2;8;7;6;3;3;3;3;3;5;0;4;1;1;1;2;8;7;6;3;3;3;
?;?;?;?;0;4;1;1;1;1;2;8;7;5;0;4;1;1;1;2;8;7;6;3;3;3;3;3;3;3;3;5;0;4;1;1;1;1;1;1;1;1;1;1;1;1;1;1;1;1;
?;?;?;?;3;5;0;4;1;2;8;7;6;3;3;3;5;0;4;1;2;8;7;6;3;3;3;3;3;5;0;4;1;1;1;1;1;1;1;1;1;1;1;1;1;1;1;1;2;8;
?;?;?;?;1;2;8;7;6;3;5;0;4;1;1;2;8;7;6;3;5;0;4;1;1;1;2;8;7;6;3;3;3;3;3;3;3;3;5;0;4;1;1;1;1;1;2;8;7;6;
?;?;?;?;1;1;1;1;1;1;1;1;1;2;8;7;6;3;3;3;3;3;3;3;3;3;3;3;3;3;3;3;5;0;4;1;1;1;1;1;1;1;1;1;1;1;1;1;1;1;
?;?;?;?;1;2;8;7;6;3;5;0;4;1;2;8;7;6;3;3;3;5;0;4;1;1;1;1;1;1;1;1;2;8;7;6;3;3;3;3;3;5;0;4;1;1;1;1;1;2;
?;?;?;?;2;8;7;6;3;3;5;0;4;1;1;1;1;1;2;8;5;0;4;2;8;7;6;3;3;3;5;0;4;1;1;2;8;7;6;3;3;3;3;5;0;4;1;1;1;1;
?;?;?;?;1;2;8;5;0;4;1;1;1;1;2;8;7;5;0;4;1;1;1;1;1;2;8;7;6;3;3;3;3;3;3;3;3;3;3;3;3;3;5;0;4;1;1;1;1;1;
?;?;?;?;3;3;3;3;5;0;4;1;1;1;1;1;2;8;7;6;3;3;3;3;3;3;3;3;3;3;3;5;0;4;1;1;1;1;1;1;1;1;1;1;1;1;1;1;1;2;
?;?;?;?;8;7;6;3;3;5;0;4;1;1;1;1;2;8;7;6;3;3;3;3;3;3;3;5;0;4;1;1;1;1;1;1;1;2;8;7;6;3;3;5;0;4;1;1;1;1;
?;?;?;?;2;8;7;6;3;3;5;0;2;8;7;6;3;3;5;0;4;1;1;1;1;1;2;8;7;6;3;5;0;4;1;1;1;1;1;1;1;1;1;1;1;1;1;1;1;1;
?;?;?;?;3;5;0;4;1;1;2;8;7;6;3;5;0;4;1;2;8;7;6;3;3;5;0;4;1;1;1;1;2;8;7;6;3;3;3;3;3;3;3;3;3;3;3;3;3;3;
?;?;?;?;1;1;1;1;1;1;1;1;1;1;1;1;1;1;1;1;1;1;1;1;2;8;7;6;3;3;3;3;3;3;3;3;3;3;3;5;0;4;1;1;1;1;2;8;7;6;
?;?;?;?;8;7;6;3;5;0;4;1;1;1;1;1;1;1;1;2;8;7;6;3;3;3;3;3;3;3;3;3;5;0;4;1;1;1;1;2;8;7;6;3;3;3;3;3;3;3;
?;?;?;?;3;3;5;2;8;7;6;3;3;3;5;0;4;1;1;2;8;7;6;3;3;3;3;5;0;4;1;1;1;1;1;1;1;1;1;2;8;7;6;3;5;0;4;1;1;2;
?;?;?;?;1;2;8;7;6;5;0;4;1;1;1;1;1;2;8;7;6;3;3;3;3;3;3;3;3;3;3;3;5;0;4;1;1;1;1;1;1;1;1;1;1;2;8;7;6;3;
?;?;?;?;3;3;3;3;3;3;5;0;2;8;7;6;3;3;3;3;5;0;4;1;1;1;1;1;1;1;2;8;7;6;3;3;3;5;0;4;1;1;1;1;1;1;1;2;8;7;
?;?;?;?;2;8;7;6;3;5;0;4;2;8;7;6;3;3;5;0;4;1;1;1;1;2;8;7;6;3;3;5;0;4;1;1;1;1;2;8;7;6;3;3;3;5;0;4;1;1;
?;?;?;?;1;1;2;8;7;6;3;3;3;3;3;3;3;3;3;3;5;0;4;1;2;8;7;6;3;5;0;4;1;1;1;1;1;1;1;2;8;7;6;3;3;3;3;3;3;5;
?;?;?;?;2;8;7;5;0;4;1;1;1;1;1;1;2;8;7;6;3;5;0;4;1;1;1;1;2;8;7;6;3;3;3;3;3;3;3;3;3;3;3;3;3;3;3;3;3;3;
?;?;?;?;3;5;0;4;1;2;8;7;6;5;0;4;1;1;1;1;2;8;7;6;3;3;3;3;3;3;3;3;5;0;4;1;1;1;1;1;1;1;1;1;2;8;7;6;3;3;
?;?;?;?;3;5;0;4;1;1;2;8;7;6;3;3;5;0;4;1;1;1;1;1;1;1;1;1;2;8;7;6;3;3;3;5;0;4;1;1;1;2;8;7;6;5;0;4;1;1;
?;?;?;?;3;5;0;4;1;2;8;7;6;3;3;3;5;0;4;1;1;1;1;1;1;1;1;1;2;8;7;6;3;5;0;4;1;1;1;1;1;1;1;1;1;1;1;1;1;2;
?;?;?;?;1;1;2;8;7;5;0;4;1;1;1;1;1;1;1;1;1;1;2;8;7;6;3;3;3;3;3;3;3;3;3;3;3;3;3;3;3;3;3;3;3;3;3;3;3;3;
?;?;?;?;3;5;0;4;1;2;8;7;6;3;3;5;0;4;1;1;1;2;8;7;6;3;3;5;0;4;1;2;8;7;6;3;3;3;5;0;4;1;1;1;1;1;1;2;8;7;
?;?;?;?;1;2;8;7;6;3;5;0;4;1;1;2;8;7;6;3;3;3;3;3;3;3;3;3;5;0;4;1;1;1;1;1;1;1;1;1;1;1;1;1;1;1;1;1;1;1;
?;?;?;?;0;4;1;1;1;1;1;1;1;1;1;2;8;7;6;3;3;3;3;5;0;4;1;1;1;1;2;8;7;6;3;3;3;3;3;3;3;5;0;4;2;8;7;6;3;3;
?;?;?;?;2;8;7;6;3;3;5;0;4;1;1;1;1;1;1;1;1;1;1;2;8;7;6;3;3;3;3;3;3;3;5;0;4;1;1;1;1;1;1;1;1;2;8;7;6;3;
?;?;?;?;1;1;1;1;1;1;1;1;1;1;1;1;1;2;8;7;6;3;3;3;3;3;3;3;3;3;3;3;3;3;3;3;3;3;3;3;3;3;3;5;0;4;1;1;1;1;
?;?;?;?;3;5;0;4;1;1;1;2;8;7;6;3;3;3;3;5;0;4;1;1;1;1;1;1;1;1;1;1;1;2;8;7;6;3;3;3;3;3;3;3;5;0;4;1;1;1;
?;?;?;?;5;0;4;1;1;1;1;2;8;7;6;3;3;3;3;3;3;3;3;3;5;0;4;1;1;1;1;1;2;8;7;6;5;0;4;1;2;8;7;6;3;3;3;3;3;3;
?;?;?;?;5;0;4;1;1;1;2;8;7;6;3;3;3;3;3;3;3;3;3;3;5;0;4;1;1;1;1;2;8;7;6;3;3;3;3;3;3;3;3;5;0;4;1;1;1;1;
?;?;?;?;3;3;3;3;3;3;3;3;3;3;3;3;3;3;3;3;3;5;0;4;1;1;1;1;2;8;7;6;3;3;5;0;4;1;1;1;1;1;1;1;1;1;1;1;1;1;
?;?;?;?;3;5;0;4;1;1;2;8;7;6;3;5;0;4;1;1;1;2;8;7;6;3;3;3;3;3;3;3;3;3;3;5;0;4;1;1;1;2;8;7;6;3;3;3;3;3;
?;?;?;?;1;2;8;7;6;5;0;4;1;1;1;1;2;8;5;0;4;1;1;1;2;8;7;6;3;3;3;3;3;3;3;3;3;5;0;4;1;1;1;1;1;2;8;7;6;5;
?;?;?;?;2;8;7;6;3;3;5;0;4;1;1;1;1;2;8;7;6;3;3;3;3;3;3;3;5;0;4;1;1;1;1;1;1;1;1;1;2;8;7;6;3;3;3;3;3;3;
?;?;?;?;2;8;7;6;3;3;5;0;4;1;1;1;2;8;7;6;5;0;4;1;1;1;1;2;8;7;5;0;4;1;1;1;1;1;2;8;7;6;3;3;3;3;3;3;3;3;
?;?;?;?;2;8;7;6;3;3;3;3;3;3;3;3;5;0;4;1;1;1;1;1;1;1;1;1;1;1;2;8;7;6;3;3;3;3;3;3;3;3;3;3;5;0;4;1;1;1;
?;?;?;?;4;1;1;1;1;2;8;7;6;3;5;0;4;1;1;1;1;1;2;8;7;6;5;0;4;1;2;8;7;6;3;3;3;3;3;3;3;3;3;3;3;3;3;3;3;3;
?;?;?;?;3;5;0;4;1;1;1;1;1;1;1;1;1;1;1;2;8;7;6;3;3;3;3;3;3;3;3;3;5;0;4;1;1;1;1;1;1;1;2;8;7;6;3;3;3;3;
?;?;?;?;3;3;3;3;3;3;3;3;3;3;3;3;3;3;3;3;3;3;3;5;0;4;1;1;1;1;1;1;1;1;1;1;1;1;1;1;1;1;1;1;1;1;1;1;1;1;
?;?;?;?;1;2;8;7;6;3;3;5;0;4;1;1;1;2;8;7;6;3;3;3;3;3;3;3;3;3;3;5;0;4;1;1;1;1;1;1;1;1;1;1;1;2;8;7;6;3;
?;?;?;?;8;7;6;5;0;4;1;1;1;2;8;7;6;3;3;3;3;3;3;3;3;3;5;0;4;1;1;1;1;1;1;1;1;2;5;0;4;1;1;1;1;2;8;7;6;3;
?;?;?;?;3;3;5;0;4;1;1;1;1;1;1;1;1;1;1;1;1;1;2;8;7;6;3;3;3;3;3;3;3;3;3;3;3;3;3;5;0;4;1;1;1;1;1;1;1;1;
?;?;?;?;1;2;8;7;6;3;5;0;4;1;1;1;2;8;7;6;3;3;3;3;3;3;3;3;3;3;5;0;4;1;1;1;1;1;1;1;1;1;1;2;8;7;6;3;3;3;
?;?;?;?;2;8;7;6;3;3;5;0;4;1;1;1;1;1;2;8;7;6;3;3;3;3;3;3;3;5;0;4;1;1;1;1;1;1;1;1;1;2;8;7;6;3;3;3;3;3;
?;?;?;?;2;8;7;6;3;3;5;0;4;1;2;8;7;6;3;3;3;3;3;3;3;3;3;3;3;5;0;4;1;1;1;1;1;1;1;1;1;1;1;1;1;1;1;1;2;8;
?;?;?;?;2;8;7;6;3;3;5;0;4;1;1;2;8;7;6;3;3;3;5;0;4;1;1;1;1;1;1;1;2;8;7;6;5;0;4;1;1;2;8;7;6;3;3;3;3;3;
?;?;?;?;3;5;0;4;1;1;2;8;7;6;3;5;0;4;1;1;1;2;8;7;6;5;0;4;1;1;1;1;2;8;7;6;3;3;3;3;3;3;5;0;4;1;1;1;1;1;
?;?;?;?;1;1;2;8;5;0;4;1;1;1;1;1;2;8;7;6;3;3;3;3;5;0;4;2;8;7;6;3;3;3;3;3;3;3;3;3;3;3;3;3;3;5;0;4;1;1;
?;?;?;?;3;3;3;3;3;5;0;4;2;8;7;6;3;5;0;4;1;1;1;1;1;1;1;1;1;1;1;1;2;8;7;6;3;3;3;3;5;0;4;1;1;1;1;1;1;1;
?;?;?;?;5;0;4;1;1;1;2;8;7;6;3;3;3;3;3;3;3;3;3;3;3;3;3;5;0;4;1;1;1;1;1;1;1;1;1;1;1;1;1;1;1;1;1;1;1;1;
?;?;?;?;1;2;8;7;6;3;5;0;4;1;1;2;8;7;6;5;0;4;1;1;1;1;2;8;7;6;3;3;3;3;3;3;3;3;3;3;3;3;3;3;3;3;3;3;3;5;
?;?;?;?;2;8;7;6;3;5;0;4;1;1;1;1;1;2;8;7;6;3;5;0;4;1;1;1;1;1;1;1;1;1;1;1;2;8;7;6;3;3;3;3;3;3;3;3;3;3;
?;?;?;?;3;3;3;3;3;3;3;3;3;3;3;3;3;5;0;4;1;1;1;1;1;1;1;1;1;1;1;1;1;1;1;2;8;7;6;3;3;5;0;4;1;1;1;1;1;2;
?;?;?;?;2;8;7;6;3;3;5;0;4;1;1;2;8;7;6;3;3;5;0;2;8;7;6;5;0;4;1;1;1;1;1;1;1;2;8;7;6;3;3;3;3;3;3;3;3;3;
?;?;?;?;1;1;1;1;1;1;1;1;1;1;1;1;2;8;7;6;3;3;3;3;3;3;3;5;0;4;1;1;1;2;8;7;6;3;3;3;3;3;5;0;4;1;1;1;1;1;
?;?;?;?;1;2;8;7;6;3;5;0;4;1;1;2;8;7;6;3;3;3;5;0;2;8;7;6;3;3;3;3;3;5;0;4;1;1;1;1;1;1;1;1;2;8;5;0;4;1;
?;?;?;?;1;2;8;7;6;3;5;0;4;1;1;1;2;8;7;6;3;3;5;0;2;8;7;6;3;5;0;4;1;1;1;1;1;2;8;7;6;3;3;3;3;3;3;3;3;3;
?;?;?;?;5;0;4;2;8;7;6;3;3;3;3;3;5;0;4;1;1;1;1;1;1;1;2;8;7;6;3;3;3;3;5;0;4;1;1;1;1;1;1;1;2;8;7;6;3;3;
?;?;?;?;1;2;8;7;6;3;3;5;0;4;1;1;1;1;1;1;1;1;1;2;8;7;6;3;3;3;3;5;0;4;1;2;8;7;6;3;3;3;3;3;3;3;3;3;3;3;
?;?;?;?;1;2;8;7;6;5;0;4;1;1;1;1;1;2;8;7;6;3;3;3;3;3;3;3;3;5;0;4;1;1;1;1;2;8;7;6;3;3;3;3;3;5;0;4;1;1;
?;?;?;?;3;5;0;4;1;1;2;8;7;6;3;3;5;0;4;1;1;1;1;1;1;1;1;1;1;2;8;7;6;3;3;3;3;5;0;4;1;1;1;1;1;1;1;1;1;1;
?;?;?;?;1;2;8;7;6;3;3;3;3;3;3;3;3;3;3;3;3;3;5;0;4;1;1;1;1;1;2;8;7;6;3;3;5;0;4;1;1;1;1;1;1;1;1;1;1;1;
?;?;?;?;1;2;8;7;6;3;3;5;0;2;8;7;6;3;3;5;0;4;1;1;2;8;7;6;3;3;5;0;4;1;1;1;1;1;1;1;1;1;1;1;2;8;7;6;3;3;
?;?;?;?;3;5;0;4;2;8;7;6;3;3;3;5;0;4;2;8;7;6;3;3;3;3;5;0;4;1;1;1;1;1;1;1;2;8;7;6;3;3;3;3;3;3;3;3;3;3;
?;?;?;?;3;5;0;4;1;1;1;1;2;5;0;4;1;1;1;2;8;7;6;3;3;3;3;5;0;4;1;1;1;2;8;7;6;3;3;3;3;3;3;5;0;4;1;1;1;1;
?;?;?;?;5;0;4;1;1;1;2;8;7;6;3;3;3;5;0;4;1;1;1;1;1;1;1;2;8;7;6;3;3;3;3;3;3;3;3;3;3;5;0;4;1;1;1;1;1;1;
?;?;?;?;3;3;5;0;4;1;1;1;1;1;1;1;1;1;2;8;7;6;3;3;3;3;3;5;0;4;1;1;1;1;1;1;1;2;8;7;6;3;3;3;3;3;3;3;3;3;
?;?;?;?;8;7;6;3;5;0;4;1;1;1;1;1;2;8;7;6;3;5;0;4;1;1;1;1;1;1;1;2;8;7;6;3;3;3;3;3;3;3;3;3;3;3;3;3;5;0;
?;?;?;?;5;0;4;1;1;2;8;7;6;3;3;3;5;0;4;1;1;1;1;2;8;7;6;3;3;3;3;3;5;0;4;1;1;1;1;1;2;8;7;6;5;0;4;1;1;1;
?;?;?;?;1;1;1;1;1;1;1;2;8;7;5;0;4;1;1;2;8;7;6;3;3;3;3;3;3;3;3;3;3;3;3;3;3;3;3;5;0;4;1;1;1;1;1;1;1;1;
?;?;?;?;1;2;8;7;6;3;5;0;4;1;1;1;1;2;5;0;4;1;1;1;1;1;2;8;7;5;0;4;1;1;1;2;8;7;6;3;3;3;3;3;3;3;3;3;3;5;
?;?;?;?;1;1;1;1;1;1;1;1;1;2;8;7;6;3;3;3;3;3;3;3;3;3;3;3;3;3;3;3;3;3;3;3;3;5;0;4;1;1;1;1;1;2;8;7;6;3;
?;?;?;?;5;0;4;1;1;2;8;7;6;3;3;3;3;5;0;4;2;8;7;5;0;4;1;1;1;1;1;1;1;1;1;1;1;1;1;2;8;7;6;3;3;5;0;4;1;1;
?;?;?;?;3;5;0;4;1;1;1;1;1;1;1;1;1;1;1;2;8;7;6;3;3;3;3;3;3;3;3;3;3;3;3;5;0;4;1;1;1;1;2;8;7;6;3;3;5;0;
?;?;?;?;1;2;8;7;6;5;0;4;1;1;1;1;1;2;5;0;4;1;1;1;2;8;7;6;3;3;3;3;5;0;4;1;2;8;7;6;3;3;3;3;3;3;3;3;3;3;
?;?;?;?;1;2;8;7;6;3;3;5;0;4;1;1;1;2;8;7;6;3;5;0;4;1;2;8;7;6;3;3;3;3;3;3;3;3;5;0;4;1;1;1;1;1;1;1;1;1;
?;?;?;?;1;2;8;7;6;3;5;0;4;2;8;7;6;3;3;3;5;0;4;1;1;1;1;1;1;1;1;1;1;1;1;2;8;7;6;3;3;3;3;3;3;3;5;0;4;1;
?;?;?;?;1;1;2;8;7;5;0;4;1;1;1;1;2;8;7;6;3;3;5;0;4;2;8;7;6;3;3;3;3;3;5;0;4;1;1;2;8;7;6;3;3;3;3;5;0;4;
?;?;?;?;2;8;7;6;3;3;5;0;4;1;2;8;7;6;3;3;5;0;4;1;1;1;1;1;1;1;1;1;1;1;1;2;8;7;6;3;3;3;5;0;4;1;1;1;1;1;
?;?;?;?;1;2;8;7;6;3;3;3;3;3;3;5;0;4;1;1;1;1;1;1;1;2;8;7;6;3;3;5;0;4;1;1;1;1;2;8;7;6;3;3;3;3;3;3;3;3;
?;?;?;?;1;1;2;8;7;5;0;4;1;1;2;8;7;6;3;3;3;3;3;3;5;0;4;1;1;1;1;1;2;8;7;6;3;3;3;3;3;3;5;0;4;1;1;1;2;8;
?;?;?;?;5;0;4;1;1;1;1;1;2;8;7;6;3;3;3;3;3;3;3;3;3;3;3;3;3;3;5;0;4;1;1;2;8;7;6;3;3;3;3;3;3;3;3;3;3;3;
?;?;?;?;1;2;8;7;6;3;3;3;3;5;0;4;1;1;1;1;1;1;2;8;7;6;3;3;3;3;3;3;3;3;3;3;3;3;5;0;4;1;1;1;1;1;1;1;1;1;
?;?;?;?;2;8;7;6;3;5;0;4;1;1;1;2;8;7;6;3;3;5;0;4;1;1;2;8;7;6;3;3;3;5;0;4;1;1;1;1;1;1;2;8;7;6;5;0;4;1;
?;?;?;?;5;0;4;1;1;1;2;8;7;6;3;3;3;3;3;3;3;3;5;0;4;1;1;1;1;1;2;8;7;6;5;0;4;1;1;1;1;1;2;8;7;6;3;3;3;3;
?;?;?;?;2;8;7;6;3;5;0;4;1;1;1;1;2;8;7;6;3;3;3;3;3;3;3;3;3;3;3;5;0;4;1;1;1;1;1;1;1;2;8;7;6;3;3;3;3;5;
?;?;?;?;3;5;0;4;2;8;7;6;3;3;5;0;4;1;1;1;1;2;8;7;6;3;5;0;4;1;1;1;1;1;2;8;7;6;3;3;3;3;5;0;4;1;1;1;1;1;
?;?;?;?;3;5;0;4;1;1;1;2;8;5;0;4;1;1;1;1;1;1;2;8;7;6;3;3;3;3;3;3;3;3;3;3;3;5;0;4;1;1;1;1;2;8;7;6;3;3;
?;?;?;?;3;3;3;3;3;3;3;3;3;5;0;4;1;1;1;1;1;2;8;7;6;3;3;3;5;0;4;1;1;1;1;1;1;2;8;7;6;3;3;3;3;3;3;3;3;3;
?;?;?;?;1;1;1;1;1;1;1;1;1;1;2;8;7;6;3;3;3;3;3;3;3;5;2;8;7;6;3;3;3;3;3;3;3;3;3;3;3;3;3;3;3;3;3;3;5;0;
?;?;?;?;2;8;7;6;3;3;5;0;4;1;1;1;1;1;2;8;7;6;3;3;3;3;3;5;0;4;1;1;1;1;1;1;1;1;1;1;1;1;1;1;1;1;1;1;1;2;
?;?;?;?;2;8;7;6;3;3;5;0;4;1;1;1;1;2;8;7;6;3;3;3;3;3;3;5;0;4;1;1;2;8;7;6;3;3;5;0;4;1;1;1;1;1;2;8;7;6;
?;?;?;?;3;5;0;4;2;8;7;6;3;3;5;0;4;1;1;1;1;1;1;1;1;1;1;1;2;8;7;6;3;3;3;3;5;0;4;1;1;1;1;1;1;1;1;1;1;1;
?;?;?;?;3;5;0;4;1;1;1;1;2;8;7;6;3;3;3;3;3;3;3;5;0;4;1;1;1;1;1;2;8;7;6;3;5;0;4;1;1;1;1;1;1;1;1;1;1;1;
?;?;?;?;2;8;7;6;3;3;3;5;0;4;1;1;1;2;8;7;6;5;0;4;1;1;1;1;1;1;1;1;1;1;1;1;1;1;1;1;1;1;2;8;7;6;3;3;3;5;
?;?;?;?;5;0;4;1;1;1;2;8;7;6;3;3;5;0;4;1;1;2;8;7;6;3;3;5;0;4;1;1;1;2;8;7;6;3;3;3;3;5;0;4;1;1;1;1;1;2;
?;?;?;?;2;8;7;6;5;0;4;1;1;1;1;1;2;8;7;6;3;3;3;3;3;3;3;3;3;3;3;5;0;4;1;1;1;1;1;1;1;1;1;1;2;8;7;6;3;3;
?;?;?;?;3;3;3;3;3;3;3;5;0;4;1;1;1;1;1;1;2;8;7;6;3;3;3;5;0;4;1;1;1;1;1;1;1;1;2;8;7;6;3;3;3;5;0;4;1;1;
?;?;?;?;2;8;7;6;3;3;5;0;4;1;1;1;1;1;1;1;1;1;1;1;1;1;2;8;7;6;3;3;3;3;3;3;3;3;3;3;3;3;3;3;3;3;3;3;3;3;
?;?;?;?;3;5;0;4;1;2;8;7;6;3;3;3;5;0;4;1;1;1;2;8;7;6;3;5;0;4;1;1;2;8;7;6;3;5;0;4;1;1;1;1;1;1;1;1;1;1;
?;?;?;?;3;5;0;4;1;2;8;7;6;3;5;0;4;1;1;1;1;2;8;7;6;3;5;0;4;1;1;1;1;1;1;1;1;1;1;2;8;7;6;3;3;3;5;0;4;1;
?;?;?;?;8;7;6;3;5;0;4;2;8;7;6;3;3;3;3;3;5;0;4;1;1;1;1;1;1;1;1;1;1;1;1;2;8;7;6;3;3;3;3;3;3;3;3;3;3;3;
?;?;?;?;2;8;7;6;3;3;3;3;3;3;3;3;3;3;3;5;0;4;1;1;1;1;1;1;1;1;1;1;1;1;1;1;1;1;1;1;1;1;1;2;8;7;6;3;5;0;
?;?;?;?;1;2;8;7;6;3;3;3;3;3;3;3;3;3;3;3;3;5;0;4;1;1;1;2;8;7;6;3;5;0;4;1;2;8;7;6;5;0;4;1;1;1;1;1;1;1;
?;?;?;?;3;5;0;4;1;2;8;7;6;3;3;3;3;3;3;3;3;3;3;3;3;3;3;5;0;4;1;1;1;1;1;1;1;1;1;1;1;1;1;1;1;1;1;1;1;1;
?;?;?;?;2;8;7;6;3;3;5;0;4;1;1;1;1;2;8;7;6;3;3;3;5;0;4;1;1;1;1;2;8;7;6;3;3;3;3;3;3;3;3;3;3;3;3;5;0;4;
?;?;?;?;3;5;0;4;1;1;2;8;7;6;3;3;3;5;0;4;2;8;7;6;5;0;4;1;1;1;1;1;1;1;1;1;1;1;1;1;2;8;7;6;3;3;3;3;3;3;
?;?;?;?;3;5;0;4;1;2;8;7;6;3;5;0;4;1;1;1;1;1;1;1;1;1;1;1;1;1;2;8;7;6;3;3;5;0;2;8;7;6;3;3;3;5;0;4;1;1;
?;?;?;?;8;7;6;3;3;3;3;5;0;2;8;7;6;3;3;3;3;3;3;5;0;4;1;1;1;1;1;1;1;1;1;1;1;1;1;1;1;1;1;1;1;1;1;1;2;8;
?;?;?;?;3;3;5;0;4;1;1;2;5;0;4;1;1;1;1;1;2;8;7;6;3;5;0;4;1;1;1;1;1;1;1;1;1;1;1;2;8;7;6;3;3;3;3;3;5;0;
?;?;?;?;2;8;7;6;5;0;4;1;1;1;2;8;7;6;3;3;5;0;4;1;1;1;1;1;1;2;8;7;6;3;3;3;3;3;3;3;3;5;0;4;1;1;1;1;1;1;
?;?;?;?;3;3;3;3;3;3;3;3;5;0;4;1;1;1;1;1;2;8;7;6;3;3;3;3;3;3;5;0;4;1;1;1;1;1;1;1;1;1;1;1;1;1;1;1;1;1;
?;?;?;?;5;0;4;1;1;2;8;7;6;3;3;5;0;4;1;1;1;1;1;1;1;1;1;1;1;2;8;7;6;3;3;3;3;3;3;3;3;3;3;5;0;4;1;1;1;1;
?;?;?;?;1;2;8;7;6;3;5;0;4;1;2;8;7;6;3;3;5;0;4;1;1;1;1;1;1;1;1;1;1;1;1;1;1;2;8;7;6;3;3;3;3;3;3;3;3;3;
?;?;?;?;3;5;0;4;2;8;7;6;3;3;3;3;3;3;3;3;3;3;3;3;3;3;3;3;3;5;0;4;1;1;1;1;1;1;1;1;1;2;8;7;5;0;4;1;1;2;
?;?;?;?;3;5;0;4;1;1;2;8;7;6;3;3;3;3;3;3;3;3;5;0;4;1;1;1;1;1;1;2;8;7;6;3;5;0;4;1;1;1;1;1;1;2;8;7;6;3;
?;?;?;?;2;8;7;6;3;3;5;0;4;1;1;1;2;8;7;6;3;3;3;3;3;3;5;0;4;1;1;1;1;1;1;1;1;1;1;1;1;1;1;1;1;1;1;1;1;2;
?;?;?;?;3;5;0;4;1;1;2;8;7;5;0;4;1;1;1;1;2;8;7;6;3;3;3;5;0;4;1;1;1;1;1;2;8;7;6;3;3;3;3;5;0;4;1;1;1;1;
?;?;?;?;1;2;8;7;6;3;5;0;4;1;1;1;1;1;1;1;1;1;1;1;2;8;7;6;3;3;3;3;3;3;3;3;3;3;3;3;3;3;3;3;3;5;0;4;1;1;
?;?;?;?;3;5;0;4;1;1;1;2;5;0;4;1;1;1;1;2;8;7;6;3;3;3;3;5;0;4;1;1;1;1;1;2;8;7;6;3;3;3;3;3;3;3;3;3;3;3;
?;?;?;?;1;2;8;7;6;3;5;0;4;1;1;1;2;8;7;5;0;4;1;1;1;1;2;8;7;6;3;3;3;3;3;3;3;3;3;3;5;0;4;1;2;8;7;6;3;3;
?;?;?;?;3;5;0;4;1;2;8;7;6;3;3;3;3;5;2;8;7;6;3;3;3;5;0;4;1;1;1;1;1;1;1;1;1;1;1;1;1;1;1;1;1;1;2;8;7;6;
?;?;?;?;3;5;0;4;2;8;7;6;3;3;3;3;3;3;3;3;3;3;3;3;3;3;3;5;0;4;1;1;1;1;1;1;1;1;1;1;1;1;1;1;1;1;1;1;1;1;
?;?;?;?;3;3;3;3;3;5;0;4;1;1;1;1;1;1;2;8;7;6;3;5;0;4;1;1;1;1;1;1;1;1;1;2;8;7;6;3;3;3;3;5;0;4;1;1;1;1;
?;?;?;?;1;1;1;1;1;1;1;1;1;1;1;1;1;1;2;8;7;6;3;3;3;3;3;3;3;3;3;5;0;4;1;1;1;1;1;1;2;8;7;6;3;3;3;3;3;3;
?;?;?;?;2;8;7;6;3;3;3;3;5;0;4;1;1;2;8;7;6;3;3;3;3;3;3;5;0;4;1;1;1;1;1;1;1;1;1;2;8;7;6;3;3;3;3;3;3;3;
?;?;?;?;5;0;4;1;1;1;2;8;7;6;3;3;3;3;3;3;3;3;3;3;3;5;0;4;1;1;1;2;8;7;6;5;0;4;1;1;1;1;1;1;2;8;7;6;3;3;
?;?;?;?;3;5;0;4;1;1;2;8;7;6;3;3;5;0;4;1;2;8;7;6;5;0;4;1;1;1;1;1;1;1;1;1;1;1;1;1;2;8;7;6;3;3;3;5;0;4;
?;?;?;?;3;5;0;4;1;1;2;8;7;6;3;3;3;3;5;0;4;1;1;1;1;1;1;1;1;2;8;7;5;0;4;1;1;1;1;1;2;8;7;6;3;3;3;5;0;4;
?;?;?;?;1;2;8;7;6;3;5;0;4;1;1;2;8;7;6;3;5;0;4;1;2;8;7;6;3;3;3;5;0;4;1;1;2;8;7;6;3;3;3;3;3;5;0;4;1;1;
?;?;?;?;3;5;0;4;1;1;2;8;7;6;3;3;5;0;4;1;1;1;1;1;1;1;1;1;1;1;1;2;8;7;6;3;3;3;3;3;3;3;3;3;3;5;0;4;1;1;
?;?;?;?;0;4;1;1;2;8;7;6;3;3;3;5;0;4;1;1;1;1;1;2;8;7;5;0;4;1;1;1;1;1;2;8;7;6;3;3;3;3;3;5;0;4;1;1;1;1;
?;?;?;?;1;2;8;7;6;3;5;0;4;1;1;2;8;7;6;3;3;3;3;3;5;2;8;7;5;0;4;1;1;1;1;1;1;1;1;1;1;1;1;1;2;8;7;6;3;3;
?;?;?;?;1;2;8;7;6;3;5;0;4;1;1;2;8;7;6;3;3;3;5;0;2;8;7;6;3;3;5;0;4;1;1;1;1;1;1;1;1;1;1;1;2;8;7;6;3;3;
?;?;?;?;5;0;4;1;1;1;2;8;7;6;3;5;0;4;1;1;1;1;1;1;1;1;2;8;7;6;3;3;3;3;3;3;3;5;0;4;1;2;8;7;6;3;5;0;4;1;
?;?;?;?;1;2;8;7;6;3;5;0;4;1;1;1;1;2;8;7;6;3;3;3;3;3;3;3;3;3;3;5;0;4;1;1;1;2;8;7;6;3;3;3;5;0;4;1;1;1;
?;?;?;?;1;2;8;7;6;5;0;4;1;1;1;2;8;7;6;3;3;5;0;4;1;1;1;2;8;7;6;3;3;3;3;3;3;3;3;3;3;3;5;0;4;1;1;1;1;1;
?;?;?;?;1;2;8;7;6;3;3;3;3;3;3;3;3;3;5;0;4;1;1;1;2;8;7;6;3;3;5;0;4;1;1;1;1;1;1;1;1;1;1;1;1;1;1;1;1;1;
?;?;?;?;6;3;5;0;4;1;1;1;1;1;1;2;8;7;6;3;3;3;3;5;0;4;1;1;1;2;8;7;6;3;3;3;3;3;3;5;0;4;1;1;1;1;1;1;1;2;
?;?;?;?;3;5;0;4;1;2;8;7;6;3;3;3;5;0;4;1;1;1;1;1;1;1;1;1;1;1;1;1;1;1;1;2;8;7;6;3;3;3;3;5;0;4;1;1;1;1;
?;?;?;?;2;8;7;6;3;3;5;0;4;1;1;1;2;8;7;5;0;4;1;1;1;1;2;8;5;0;4;1;1;1;1;1;1;1;1;1;1;1;1;1;1;1;2;8;7;6;
?;?;?;?;5;0;4;1;1;1;2;8;7;6;3;3;5;0;4;1;2;8;7;6;3;3;3;3;3;3;3;3;3;3;3;3;5;0;4;1;1;2;8;7;6;3;3;3;3;3;
?;?;?;?;3;5;0;4;1;1;2;8;7;6;3;5;0;4;1;2;8;7;6;3;5;0;4;1;1;1;1;1;2;8;7;6;3;3;3;3;3;3;3;3;3;3;3;3;5;0;
?;?;?;?;3;5;0;4;1;1;2;8;7;6;5;0;4;1;1;2;8;7;6;3;3;3;3;3;5;0;4;1;1;1;1;1;1;1;1;1;1;2;8;7;6;3;3;3;3;3;
?;?;?;?;1;2;8;7;6;5;0;4;1;2;8;7;6;3;3;5;0;4;1;1;1;1;2;8;7;6;3;3;3;3;5;0;4;1;1;1;1;1;1;1;1;1;1;1;1;2;
?;?;?;?;3;3;5;0;4;2;5;0;4;1;1;1;2;8;7;6;3;3;3;3;5;0;4;1;1;1;1;2;5;0;4;1;1;1;1;1;1;1;2;8;7;6;3;3;3;5;
?;?;?;?;2;8;7;6;3;3;3;3;5;0;2;8;7;6;3;3;5;0;4;1;1;1;1;1;1;1;1;1;1;1;1;1;1;1;1;1;1;1;1;1;1;1;1;2;8;7;
?;?;?;?;3;5;0;4;1;2;8;7;6;3;3;5;0;4;1;1;1;1;1;1;1;1;1;1;1;2;8;7;6;3;3;3;5;0;4;1;1;1;1;1;1;1;1;1;2;8;
?;?;?;?;3;3;5;0;4;1;1;1;1;1;1;2;8;7;6;3;3;3;3;3;3;3;3;3;3;5;0;4;1;1;1;1;1;1;1;1;2;8;7;6;3;3;5;0;4;1;
?;?;?;?;3;5;0;4;1;1;2;8;7;6;5;0;4;1;1;1;1;1;1;1;1;1;1;1;1;2;8;7;6;3;3;3;5;0;4;1;1;2;8;7;6;3;3;3;3;3;
?;?;?;?;2;8;7;6;3;5;0;4;1;1;1;2;8;7;6;3;5;0;4;1;1;1;1;1;1;1;1;2;8;7;6;3;3;3;3;3;3;3;3;5;0;4;1;1;1;2;
?;?;?;?;5;0;4;1;1;1;2;8;7;6;3;3;3;3;5;0;4;2;8;7;6;3;3;3;3;3;5;0;4;1;1;1;1;1;1;1;2;8;7;6;3;3;3;3;3;5;
?;?;?;?;2;8;7;6;3;3;3;5;0;4;1;1;1;1;1;2;8;7;5;0;4;1;1;1;1;1;1;1;1;1;1;2;8;7;6;3;3;3;3;3;3;3;3;3;3;3;
?;?;?;?;1;1;2;5;0;4;1;1;1;1;2;8;7;6;3;3;3;5;0;4;2;8;7;6;3;5;0;4;1;1;1;1;1;1;1;1;1;2;8;7;6;3;3;3;3;3;
?;?;?;?;3;3;5;0;4;2;8;7;6;3;3;3;3;3;3;3;3;3;3;3;3;5;0;4;1;1;1;1;1;1;1;1;2;8;7;6;3;3;3;3;3;3;5;0;4;1;
?;?;?;?;3;5;0;4;1;1;2;8;7;6;5;0;4;1;1;2;8;7;6;3;3;3;5;0;4;1;1;1;1;1;1;2;8;7;6;3;3;3;5;0;4;1;1;1;1;1;
?;?;?;?;3;3;5;0;4;2;8;7;6;3;3;3;3;5;0;4;1;1;1;2;8;5;0;4;1;1;1;1;1;1;1;1;1;1;1;1;1;1;1;1;1;1;1;1;1;1;
?;?;?;?;2;8;7;6;3;3;5;0;4;1;1;1;2;8;7;6;3;3;5;0;4;2;8;7;6;5;0;4;1;1;1;1;2;8;7;6;3;5;0;4;1;1;1;1;1;1;
?;?;?;?;1;2;8;7;6;3;5;0;4;1;1;2;8;7;6;3;3;3;3;3;3;3;3;3;3;3;5;0;4;1;1;1;1;1;1;1;1;1;1;2;8;7;6;3;3;3;
?;?;?;?;1;2;8;7;6;3;3;3;3;3;3;3;3;3;3;3;5;0;4;1;1;1;2;8;7;6;3;3;3;3;3;3;3;5;0;4;1;1;1;1;1;1;1;1;2;8;
?;?;?;?;3;5;0;4;1;1;2;8;7;6;3;5;0;4;1;1;1;1;1;1;1;1;1;1;1;1;1;2;8;7;6;5;0;4;1;1;2;8;7;6;5;0;4;1;1;1;
?;?;?;?;2;8;7;6;3;3;3;3;3;3;3;3;3;5;0;4;1;1;1;1;1;2;8;7;6;3;3;5;0;4;1;1;1;1;1;1;2;8;7;6;3;3;3;3;3;3;
?;?;?;?;5;0;4;1;1;1;1;2;8;7;6;5;0;4;1;2;8;7;6;3;3;3;3;5;0;4;1;1;1;1;2;8;7;6;3;3;3;3;3;3;3;3;3;3;3;5;
?;?;?;?;8;7;6;3;3;3;3;3;3;3;3;3;3;3;3;3;3;3;5;0;4;1;1;1;1;1;1;1;1;1;1;1;1;1;1;1;1;1;1;1;1;1;1;1;1;1;
?;?;?;?;3;5;0;4;1;1;1;1;1;1;1;1;2;8;7;6;3;3;3;3;3;5;0;4;1;1;1;1;1;1;1;1;1;2;8;7;6;3;3;3;3;3;3;5;0;4;
?;?;?;?;3;5;0;4;1;1;2;8;7;6;3;3;3;3;3;3;3;3;3;5;0;4;1;1;1;1;2;8;7;6;3;5;0;4;1;1;1;1;1;1;1;1;1;1;1;1;
?;?;?;?;3;5;0;4;1;1;2;8;7;6;5;0;4;1;1;1;1;2;8;7;6;3;3;3;3;3;3;3;3;3;3;5;0;4;1;1;1;1;1;2;8;7;6;3;3;3;
?;?;?;?;3;5;0;4;1;1;2;8;7;6;3;5;0;4;1;1;1;1;1;2;8;7;6;3;3;3;3;3;3;3;5;0;4;1;1;1;1;2;8;7;6;3;3;3;3;5;
?;?;?;?;6;3;3;3;3;3;3;3;3;3;3;3;5;0;4;1;1;1;1;1;1;2;8;7;6;3;3;3;3;3;3;3;3;5;0;4;1;1;1;1;1;1;1;1;1;1;
?;?;?;?;3;3;3;3;3;3;3;3;5;0;4;1;1;1;1;1;1;1;1;1;1;1;1;1;1;1;1;1;1;1;1;1;1;2;8;7;6;3;5;0;4;1;1;1;1;1;
?;?;?;?;1;2;8;7;6;3;3;3;3;3;3;3;5;0;4;1;1;1;1;1;1;2;8;7;6;3;3;3;5;0;4;1;1;1;1;1;1;1;1;2;8;7;6;3;3;5;
?;?;?;?;5;0;4;1;2;8;7;6;3;3;3;3;5;0;4;1;2;8;7;5;0;4;1;1;1;1;2;8;7;5;0;4;1;1;1;1;1;2;8;7;6;3;5;0;4;1;
?;?;?;?;1;2;8;7;6;3;5;0;4;1;1;1;1;1;2;8;7;6;3;3;3;3;3;3;3;3;5;0;4;1;1;1;1;2;8;7;6;3;3;3;3;3;3;3;3;3;
?;?;?;?;3;3;5;0;2;8;7;6;3;5;0;4;1;1;1;1;1;1;2;8;7;6;3;3;3;3;3;3;3;3;3;5;0;4;1;1;1;1;2;8;7;6;3;3;3;3;
?;?;?;?;3;5;0;4;1;1;2;8;7;6;3;5;0;4;1;2;8;7;6;3;3;5;0;4;1;2;8;7;6;3;3;3;3;3;5;0;4;1;1;1;1;1;1;2;8;7;
?;?;?;?;1;2;8;7;6;3;3;3;5;2;8;7;6;5;0;4;1;1;1;1;2;8;7;6;3;3;5;0;4;1;1;1;1;1;1;1;2;8;7;6;3;3;3;3;5;0;
?;?;?;?;3;5;0;4;1;2;8;7;6;3;3;5;0;4;1;1;1;1;1;1;1;1;1;1;1;1;1;1;2;8;7;6;3;3;3;3;3;3;3;3;5;0;4;1;1;1;
?;?;?;?;3;5;0;4;1;2;8;7;6;3;3;5;0;4;1;1;1;1;2;8;7;6;3;3;3;5;0;4;1;1;1;1;1;1;1;1;1;2;8;7;6;3;3;3;3;3;
?;?;?;?;3;5;0;4;1;2;8;7;6;3;5;0;4;1;1;2;8;7;6;3;3;3;5;0;4;1;1;1;1;1;1;2;8;7;6;3;3;3;3;3;5;0;4;1;1;1;
?;?;?;?;5;0;4;1;1;1;1;1;1;1;1;1;1;1;1;1;2;8;7;6;3;3;3;3;3;3;3;3;3;3;3;3;3;3;3;3;3;3;3;3;3;3;3;3;3;3;