?;?;?;?;?;?;?;?;?;?;?;?;?;2;36;78;72;89;88;68;170;30;10;9;7;2;3;106;104;90;77;19;29;65;38;23;10;9;7;2;3;106;104;49;17;173;173;173;173;92;
?;?;?;?;?;?;?;?;?;?;?;?;?;29;65;38;23;30;10;9;7;2;3;106;104;49;17;173;92;21;19;29;65;38;23;30;10;9;7;2;3;91;79;73;35;34;33;10;9;7;
?;?;?;?;?;?;?;?;?;?;?;?;?;208;207;186;172;111;110;109;108;92;21;19;29;65;38;23;10;9;7;2;36;78;72;89;88;68;170;30;10;9;7;2;3;106;104;49;93;77;
?;?;?;?;?;?;?;?;?;?;?;?;?;193;92;21;19;29;65;38;12;11;7;2;3;106;104;49;93;77;19;29;65;38;23;30;87;10;9;7;2;3;106;92;21;19;29;65;38;23;
?;?;?;?;?;?;?;?;?;?;?;?;?;88;62;59;58;48;133;51;103;49;17;13;75;18;96;65;38;23;10;9;7;2;3;106;104;49;17;13;75;18;96;65;38;23;30;87;14;10;
?;?;?;?;?;?;?;?;?;?;?;?;?;34;33;10;9;7;2;3;106;92;21;19;29;65;38;23;30;87;14;1;31;31;10;9;7;2;3;106;104;49;93;77;19;29;118;116;57;101;
?;?;?;?;?;?;?;?;?;?;?;?;?;48;133;51;92;21;19;29;65;62;59;58;48;133;91;79;73;35;34;33;23;30;87;14;1;31;31;31;10;9;7;2;3;106;92;21;19;29;
?;?;?;?;?;?;?;?;?;?;?;?;?;35;34;62;59;58;48;133;91;79;73;35;34;62;59;58;48;133;51;103;49;93;77;19;29;65;38;23;30;87;14;1;31;10;9;7;2;3;
?;?;?;?;?;?;?;?;?;?;?;?;?;189;188;187;210;209;127;75;18;96;65;38;23;10;9;7;2;3;106;92;21;19;29;65;38;23;30;10;9;7;2;3;106;104;90;77;19;29;
?;?;?;?;?;?;?;?;?;?;?;?;?;29;65;38;23;30;87;10;9;7;2;3;106;104;49;17;173;92;21;19;29;65;38;23;30;87;14;1;31;31;31;10;9;7;2;3;91;79;
?;?;?;?;?;?;?;?;?;?;?;?;?;88;68;170;12;11;7;2;3;106;104;90;182;181;125;167;145;140;80;40;22;10;9;7;2;3;106;104;49;93;77;19;29;65;38;12;11;7;
?;?;?;?;?;?;?;?;?;?;?;?;?;35;118;116;57;101;53;105;92;21;19;29;65;38;23;30;10;9;7;2;3;106;104;49;17;173;173;173;173;173;173;173;173;173;173;173;173;173;
?;?;?;?;?;?;?;?;?;?;?;?;?;2;3;106;104;49;17;13;75;18;96;65;38;12;11;7;2;3;106;104;90;77;19;29;65;38;23;30;87;14;1;31;31;31;31;31;10;9;
?;?;?;?;?;?;?;?;?;?;?;?;?;35;34;62;59;58;48;133;51;92;21;19;29;118;116;57;101;53;126;74;70;44;34;33;10;9;7;2;3;106;92;190;149;146;130;193;52;113;
?;?;?;?;?;?;?;?;?;?;?;?;?;48;194;160;119;152;189;188;187;210;209;193;52;113;127;75;18;96;65;38;23;10;9;7;2;36;78;72;89;88;68;170;30;87;14;1;31;31;
?;?;?;?;?;?;?;?;?;?;?;?;?;34;33;23;30;87;14;1;64;63;7;2;3;106;104;49;17;13;75;18;96;65;38;23;30;87;14;1;31;31;31;31;10;9;7;2;3;106;
?;?;?;?;?;?;?;?;?;?;?;?;?;21;19;29;65;38;23;10;9;7;2;3;106;104;49;17;13;75;18;96;65;38;23;30;87;14;1;31;10;9;7;2;3;106;104;90;77;19;
?;?;?;?;?;?;?;?;?;?;?;?;?;48;133;51;92;21;19;29;65;38;23;30;87;14;1;31;31;10;9;7;2;3;106;104;49;17;13;75;18;96;65;38;23;30;87;14;1;31;
?;?;?;?;?;?;?;?;?;?;?;?;?;34;33;10;9;7;2;3;106;92;21;19;29;65;38;23;10;9;7;2;3;106;104;49;17;13;75;18;96;65;38;12;11;7;2;3;106;104;
?;?;?;?;?;?;?;?;?;?;?;?;?;0;20;69;42;123;66;10;9;7;2;3;106;104;49;17;173;173;173;92;21;19;29;65;38;23;30;87;14;1;31;31;31;31;31;31;31;31;
?;?;?;?;?;?;?;?;?;?;?;?;?;53;105;50;92;21;19;29;118;116;57;101;53;105;50;49;17;13;75;18;96;65;38;23;30;87;14;1;31;31;31;31;31;31;31;31;10;9;
?;?;?;?;?;?;?;?;?;?;?;?;?;35;34;62;59;58;48;133;91;79;73;35;34;33;10;9;7;2;3;106;104;49;17;173;173;173;92;21;19;29;65;38;23;30;10;9;7;2;
?;?;?;?;?;?;?;?;?;?;?;?;?;10;9;7;2;3;106;104;49;17;173;173;173;173;173;173;173;173;173;173;92;21;19;29;65;38;23;30;87;14;1;31;31;31;31;31;31;31;
?;?;?;?;?;?;?;?;?;?;?;?;?;35;118;116;57;101;53;105;50;92;21;19;29;65;38;23;30;87;14;1;64;63;7;2;3;106;104;49;17;13;75;18;96;65;38;23;30;10;
?;?;?;?;?;?;?;?;?;?;?;?;?;29;65;38;23;30;10;9;6;8;0;153;151;148;132;108;107;135;92;21;19;29;65;62;59;58;48;133;51;103;49;93;77;19;29;65;38;23;
?;?;?;?;?;?;?;?;?;?;?;?;?;15;206;205;204;0;20;69;42;123;66;46;25;10;9;7;2;3;106;104;49;17;173;173;173;173;173;173;173;173;92;21;19;29;65;38;23;30;
?;?;?;?;?;?;?;?;?;?;?;?;?;38;23;30;10;9;7;2;3;106;104;49;17;173;173;173;173;173;173;92;21;19;29;65;38;23;30;87;14;1;31;31;31;31;31;31;31;10;
?;?;?;?;?;?;?;?;?;?;?;?;?;65;38;23;10;9;7;2;3;106;104;49;17;173;173;92;21;19;29;65;38;23;30;87;14;10;9;7;2;3;106;92;21;19;29;65;38;23;
?;?;?;?;?;?;?;?;?;?;?;?;?;207;186;172;111;110;127;75;18;96;65;38;23;30;10;9;7;2;3;91;79;73;35;34;33;23;30;87;14;1;31;31;31;31;31;31;31;31;
?;?;?;?;?;?;?;?;?;?;?;?;?;48;133;91;79;73;35;118;116;57;101;53;105;92;21;19;29;65;38;23;10;9;7;2;3;106;104;49;17;173;173;173;173;173;173;173;173;173;
?;?;?;?;?;?;?;?;?;?;?;?;?;31;31;31;31;31;31;31;31;31;31;31;10;9;7;2;3;106;104;49;17;173;173;173;173;173;173;92;21;19;29;65;38;23;10;9;7;2;
?;?;?;?;?;?;?;?;?;?;?;?;?;33;23;30;87;14;1;64;63;7;2;3;106;104;49;17;173;173;173;173;92;21;19;29;65;38;23;10;9;7;2;3;106;104;49;17;173;173;
?;?;?;?;?;?;?;?;?;?;?;?;?;113;127;75;18;96;65;62;59;58;48;133;51;103;49;93;77;19;29;65;38;23;30;87;14;1;31;10;9;7;2;3;91;79;73;35;34;62;
?;?;?;?;?;?;?;?;?;?;?;?;?;88;68;170;30;10;9;7;2;3;106;104;49;17;173;173;173;173;173;173;92;21;19;29;65;38;23;30;87;14;1;31;31;10;9;7;2;3;
?;?;?;?;?;?;?;?;?;?;?;?;?;150;147;131;111;110;109;108;92;21;19;29;65;38;23;30;87;14;10;9;7;2;3;106;104;90;77;19;29;65;38;23;30;87;14;10;9;7;
?;?;?;?;?;?;?;?;?;?;?;?;?;189;188;187;210;209;127;75;18;96;65;38;23;10;9;7;2;3;106;92;21;19;29;65;38;23;10;9;7;2;3;106;104;90;77;19;29;65;
?;?;?;?;?;?;?;?;?;?;?;?;?;49;17;173;173;173;173;173;92;21;19;29;118;116;57;101;53;126;74;70;44;34;33;23;30;87;14;10;9;7;2;3;106;104;49;17;173;92;
?;?;?;?;?;?;?;?;?;?;?;?;?;46;25;28;10;9;7;2;3;91;79;73;35;34;33;23;10;9;7;2;3;106;104;49;17;173;173;173;173;173;173;173;173;173;173;173;173;173;
?;?;?;?;?;?;?;?;?;?;?;?;?;168;143;138;122;99;68;170;12;11;7;2;3;106;104;49;17;173;173;173;92;21;19;29;65;38;23;30;87;14;1;31;10;9;7;2;3;106;
?;?;?;?;?;?;?;?;?;?;?;?;?;48;133;51;92;21;19;29;65;38;23;30;87;14;1;31;10;9;7;2;3;106;104;90;77;19;29;65;38;12;11;7;2;36;78;72;89;88;
?;?;?;?;?;?;?;?;?;?;?;?;?;53;105;50;92;21;19;29;65;38;23;30;87;14;1;31;10;9;7;2;3;91;79;73;35;34;33;23;30;87;14;1;31;31;31;31;31;10;
?;?;?;?;?;?;?;?;?;?;?;?;?;123;66;46;25;28;161;1;31;31;10;9;7;2;3;106;104;49;17;173;173;173;173;173;173;173;173;173;173;173;173;173;173;173;173;173;173;173;
?;?;?;?;?;?;?;?;?;?;?;?;?;53;105;92;21;19;29;65;38;12;11;7;2;3;106;92;21;19;29;118;116;57;101;53;105;50;92;21;19;29;65;38;23;30;87;10;9;7;
?;?;?;?;?;?;?;?;?;?;?;?;?;35;34;62;59;58;48;133;51;103;49;17;173;173;173;173;92;21;19;29;65;38;23;30;87;14;1;31;31;31;31;31;31;31;31;31;31;31;
?;?;?;?;?;?;?;?;?;?;?;?;?;1;31;10;9;7;2;3;106;104;49;93;77;19;29;65;38;23;10;9;7;2;3;106;104;49;17;173;173;92;21;19;61;60;114;47;112;209;
?;?;?;?;?;?;?;?;?;?;?;?;?;29;65;38;23;30;87;14;1;31;31;10;9;7;2;3;106;104;49;17;173;173;92;21;19;29;65;38;23;30;87;14;1;64;63;7;2;3;
?;?;?;?;?;?;?;?;?;?;?;?;?;31;31;31;31;10;9;7;2;3;106;104;49;17;173;173;173;173;173;173;173;173;173;173;173;173;173;173;173;173;173;92;21;19;29;65;38;23;
?;?;?;?;?;?;?;?;?;?;?;?;?;7;2;3;106;104;49;93;77;19;29;65;38;23;30;87;14;1;31;31;31;10;9;7;2;3;106;104;49;17;173;173;92;21;19;29;65;38;
?;?;?;?;?;?;?;?;?;?;?;?;?;7;2;3;106;104;49;17;173;173;173;173;92;21;19;29;65;38;23;30;10;9;7;2;36;78;72;89;201;199;197;195;134;105;50;49;17;173;
?;?;?;?;?;?;?;?;?;?;?;?;?;2;3;106;104;49;17;173;173;173;173;173;92;21;19;29;65;38;23;10;9;7;2;3;106;104;49;17;173;173;173;92;21;19;29;65;38;23;
?;?;?;?;?;?;?;?;?;?;?;?;?;173;173;173;173;173;173;173;173;92;21;19;29;65;38;23;10;9;7;2;3;106;92;21;19;29;65;38;23;30;87;14;1;31;31;31;31;31;
?;?;?;?;?;?;?;?;?;?;?;?;?;48;133;91;79;73;35;34;33;10;9;7;2;3;106;104;49;17;173;173;173;173;173;92;21;19;29;65;38;12;11;7;2;3;106;104;49;17;
?;?;?;?;?;?;?;?;?;?;?;?;?;88;68;170;12;11;166;5;136;82;43;24;10;9;7;2;3;106;104;49;17;173;173;173;173;92;21;19;29;65;38;23;30;10;9;7;2;36;
?;?;?;?;?;?;?;?;?;?;?;?;?;29;65;38;23;10;9;7;2;3;106;104;49;17;173;173;92;21;19;29;65;38;23;30;87;14;1;31;10;9;7;2;3;106;104;49;17;173;
?;?;?;?;?;?;?;?;?;?;?;?;?;29;65;38;12;11;7;2;36;78;72;89;88;68;170;12;11;7;0;20;69;42;123;66;46;25;10;9;7;2;3;106;104;49;17;173;173;173;
?;?;?;?;?;?;?;?;?;?;?;?;?;173;173;173;92;21;19;29;65;38;23;30;87;14;1;31;31;31;10;9;7;2;3;106;104;49;17;173;173;173;173;173;92;21;19;29;65;38;
?;?;?;?;?;?;?;?;?;?;?;?;?;3;91;79;73;35;34;33;23;30;10;9;7;2;36;78;72;89;201;199;197;195;134;105;50;49;17;173;173;173;173;173;173;173;173;173;173;173;
?;?;?;?;?;?;?;?;?;?;?;?;?;87;14;1;31;31;31;10;9;7;2;3;106;104;49;17;173;173;173;173;92;21;19;29;65;38;23;30;87;14;10;9;7;2;3;106;104;49;
?;?;?;?;?;?;?;?;?;?;?;?;?;173;173;173;173;173;173;173;173;173;173;92;21;19;29;65;38;23;30;87;14;1;31;31;31;31;31;31;31;31;31;31;31;31;31;31;31;31;
?;?;?;?;?;?;?;?;?;?;?;?;?;19;29;65;38;12;11;7;2;3;106;104;49;17;173;173;173;173;173;92;21;19;29;65;38;23;30;87;14;1;31;31;31;10;9;7;2;3;
?;?;?;?;?;?;?;?;?;?;?;?;?;10;9;7;2;3;106;104;49;17;173;173;173;173;92;21;19;29;65;38;23;30;87;14;1;64;37;141;4;81;41;165;124;10;9;7;2;3;
?;?;?;?;?;?;?;?;?;?;?;?;?;30;87;14;1;31;31;31;31;31;10;9;7;2;3;106;104;49;17;173;173;173;173;173;173;173;173;92;21;19;29;65;38;23;30;87;14;1;
?;?;?;?;?;?;?;?;?;?;?;?;?;35;34;33;10;9;7;2;3;106;104;49;17;173;173;173;173;173;92;21;19;29;65;38;23;30;87;14;1;31;31;10;9;7;2;3;106;104;
?;?;?;?;?;?;?;?;?;?;?;?;?;29;65;38;23;30;10;9;7;2;3;106;104;49;17;173;173;92;21;19;29;65;38;23;30;87;14;1;31;10;9;7;2;3;106;104;49;17;
?;?;?;?;?;?;?;?;?;?;?;?;?;29;118;116;57;101;53;105;50;49;17;173;173;173;173;173;173;92;21;19;29;65;38;23;30;87;14;1;31;31;31;31;31;31;31;31;10;9;
?;?;?;?;?;?;?;?;?;?;?;?;?;29;65;62;59;58;48;133;51;103;93;77;19;29;65;38;23;30;87;14;10;9;7;2;36;78;72;89;88;62;59;58;48;133;51;103;49;17;
?;?;?;?;?;?;?;?;?;?;?;?;?;48;133;91;79;73;35;34;33;10;9;7;2;36;78;72;89;88;68;170;12;11;7;2;3;106;104;49;17;173;92;21;19;29;65;38;23;30;
?;?;?;?;?;?;?;?;?;?;?;?;?;24;15;25;10;9;7;2;3;106;104;49;93;77;19;61;60;114;47;112;209;193;52;113;173;173;173;173;173;173;173;173;173;92;21;19;29;65;
?;?;?;?;?;?;?;?;?;?;?;?;?;60;114;47;112;169;144;139;84;45;33;23;30;87;14;1;31;31;31;31;10;9;7;2;3;106;104;49;93;77;19;29;65;38;23;30;87;14;
?;?;?;?;?;?;?;?;?;?;?;?;?;2;3;106;104;49;17;173;173;173;173;173;173;173;173;92;21;19;29;65;38;23;30;87;14;1;31;31;31;31;31;31;31;31;31;31;31;31;
?;?;?;?;?;?;?;?;?;?;?;?;?;35;34;62;59;58;48;194;160;119;100;88;68;170;12;11;7;2;3;106;104;49;17;173;173;173;173;173;173;173;173;173;173;173;173;173;173;92;
?;?;?;?;?;?;?;?;?;?;?;?;?;34;33;23;30;10;9;7;2;3;91;79;73;35;34;33;23;30;87;14;1;31;31;31;10;9;7;2;3;106;104;49;17;173;173;173;173;173;
?;?;?;?;?;?;?;?;?;?;?;?;?;173;173;173;173;92;21;19;29;65;38;23;30;87;14;1;31;31;31;31;31;31;31;10;9;7;2;3;106;92;21;19;29;65;38;23;30;10;
?;?;?;?;?;?;?;?;?;?;?;?;?;29;65;62;59;58;48;133;51;92;21;208;207;186;172;184;179;175;162;158;183;170;30;87;14;10;9;7;2;3;106;104;49;17;173;173;173;173;
?;?;?;?;?;?;?;?;?;?;?;?;?;31;31;31;10;9;7;2;3;106;104;49;17;173;173;92;21;19;29;65;38;12;11;7;2;3;106;104;49;17;13;75;18;96;65;38;23;30;
?;?;?;?;?;?;?;?;?;?;?;?;?;35;34;62;59;58;48;133;51;103;93;77;154;150;147;131;111;110;109;108;107;127;75;18;96;65;38;23;30;87;14;1;64;63;128;76;71;1;
?;?;?;?;?;?;?;?;?;?;?;?;?;35;34;33;10;9;7;2;3;106;92;21;208;207;186;172;111;95;180;174;157;86;38;23;30;10;9;7;2;3;106;104;49;17;173;173;173;173;
?;?;?;?;?;?;?;?;?;?;?;?;?;193;52;113;127;75;18;96;65;38;23;30;87;14;10;9;7;2;3;106;104;49;93;77;19;29;65;38;23;30;87;14;10;9;7;2;3;106;
?;?;?;?;?;?;?;?;?;?;?;?;?;19;29;65;38;23;30;87;14;1;31;10;9;7;2;3;106;104;49;93;77;19;29;118;116;57;101;53;105;50;49;17;173;173;173;173;173;173;
?;?;?;?;?;?;?;?;?;?;?;?;?;88;68;170;30;10;9;7;2;3;106;104;49;17;173;173;173;92;21;19;29;65;38;23;10;9;7;2;3;106;104;49;17;13;75;18;96;65;
?;?;?;?;?;?;?;?;?;?;?;?;?;48;133;51;92;21;19;29;65;38;23;30;87;14;1;31;31;10;9;7;2;3;106;104;49;93;77;19;29;65;38;23;30;87;14;1;31;31;
?;?;?;?;?;?;?;?;?;?;?;?;?;17;173;173;173;173;173;173;173;173;92;21;19;29;65;38;23;30;10;9;7;2;3;106;92;21;19;29;65;38;23;30;87;14;1;31;31;31;
?;?;?;?;?;?;?;?;?;?;?;?;?;208;207;186;172;111;110;127;75;18;96;65;62;59;58;48;133;51;92;21;19;29;65;38;23;30;87;14;1;31;31;31;10;9;7;2;3;106;
?;?;?;?;?;?;?;?;?;?;?;?;?;209;193;92;21;19;61;60;114;47;112;209;193;52;92;21;19;29;65;38;23;30;87;14;10;9;7;2;3;106;104;49;17;173;173;173;173;173;
?;?;?;?;?;?;?;?;?;?;?;?;?;37;141;4;81;41;165;10;9;7;2;3;106;104;49;93;77;19;29;65;38;12;11;7;2;3;106;104;49;17;173;92;21;19;29;65;38;23;
?;?;?;?;?;?;?;?;?;?;?;?;?;2;3;106;104;90;77;19;29;65;38;23;30;87;14;10;9;7;2;3;106;104;49;17;173;173;173;173;173;92;21;19;29;65;38;23;30;87;
?;?;?;?;?;?;?;?;?;?;?;?;?;30;87;14;1;31;10;9;7;2;3;106;104;49;17;13;75;18;96;65;38;23;30;87;14;10;9;7;2;3;106;104;49;17;173;173;173;173;
?;?;?;?;?;?;?;?;?;?;?;?;?;33;23;30;10;9;7;2;3;91;79;73;35;34;33;23;30;87;14;10;9;7;2;3;106;104;49;17;173;173;173;173;173;173;173;173;92;21;
?;?;?;?;?;?;?;?;?;?;?;?;?;133;51;103;93;77;19;29;65;38;23;10;9;7;2;3;106;104;49;17;13;75;18;96;65;38;23;30;10;9;7;2;36;78;72;89;88;68;
?;?;?;?;?;?;?;?;?;?;?;?;?;7;0;20;69;42;123;202;200;198;196;133;51;103;49;17;173;173;173;173;173;173;173;173;173;173;173;92;21;19;29;65;38;23;30;87;14;1;
?;?;?;?;?;?;?;?;?;?;?;?;?;35;34;33;23;10;37;141;4;81;41;165;124;67;10;9;7;0;20;69;42;123;66;10;9;7;2;3;106;104;49;17;173;173;173;173;173;92;
?;?;?;?;?;?;?;?;?;?;?;?;?;10;9;7;2;3;106;104;49;17;173;173;173;173;173;173;173;173;173;173;173;173;173;173;173;92;21;19;29;65;38;23;30;10;9;7;2;3;
?;?;?;?;?;?;?;?;?;?;?;?;?;133;51;103;49;93;77;19;61;60;114;94;178;55;27;156;85;46;25;28;161;1;31;31;31;31;31;10;9;7;2;3;106;92;21;19;29;65;
?;?;?;?;?;?;?;?;?;?;?;?;?;87;14;1;31;31;31;10;9;7;2;3;106;104;49;17;173;173;173;173;173;173;173;92;21;19;29;65;38;23;10;9;7;2;3;106;92;21;
?;?;?;?;?;?;?;?;?;?;?;?;?;88;68;170;30;10;37;141;4;81;41;165;10;9;7;2;3;106;104;49;93;77;19;29;118;116;57;101;53;105;50;49;17;173;173;173;173;173;
?;?;?;?;?;?;?;?;?;?;?;?;?;19;29;65;38;12;11;7;2;3;91;79;73;35;118;116;57;101;53;105;50;49;17;173;173;173;92;21;19;29;65;38;23;30;87;14;1;31;
?;?;?;?;?;?;?;?;?;?;?;?;?;152;189;188;187;210;209;193;92;21;19;29;65;38;23;30;87;14;1;31;31;31;31;10;9;7;2;3;106;104;49;17;173;173;92;21;19;29;
?;?;?;?;?;?;?;?;?;?;?;?;?;123;66;46;12;11;7;2;3;106;92;21;19;61;60;114;47;112;209;193;52;113;127;75;18;96;65;62;59;58;48;133;51;103;49;93;77;19;
?;?;?;?;?;?;?;?;?;?;?;?;?;29;118;116;57;101;53;105;92;21;19;29;65;38;23;30;87;14;1;31;31;31;31;10;9;7;2;3;106;104;90;77;19;29;65;38;23;30;
?;?;?;?;?;?;?;?;?;?;?;?;?;17;173;92;21;19;29;65;38;23;30;87;14;10;9;7;2;3;106;92;21;19;29;65;38;23;10;9;7;2;3;106;104;49;17;173;173;173;
?;?;?;?;?;?;?;?;?;?;?;?;?;123;202;200;198;196;133;51;103;49;17;173;92;21;19;29;65;38;23;30;10;9;7;2;3;106;104;49;17;173;92;21;19;29;65;38;12;11;
?;?;?;?;?;?;?;?;?;?;?;?;?;9;7;2;3;106;104;49;17;173;173;173;173;173;173;173;173;173;92;21;19;29;65;62;59;58;48;133;51;103;49;17;173;173;173;173;173;173;
?;?;?;?;?;?;?;?;?;?;?;?;?;93;77;19;29;65;38;23;30;87;10;9;7;2;3;106;104;49;17;173;173;173;173;173;173;173;92;21;19;29;65;38;23;30;87;14;1;31;
?;?;?;?;?;?;?;?;?;?;?;?;?;34;33;10;9;7;2;3;106;92;21;19;29;65;62;59;58;48;133;51;103;93;77;19;29;65;38;23;30;87;10;9;7;2;36;78;72;89;
?;?;?;?;?;?;?;?;?;?;?;?;?;2;3;106;104;49;17;173;173;173;92;21;19;29;65;38;23;30;10;9;7;2;36;78;72;89;88;68;170;30;10;9;7;2;3;106;104;49;
?;?;?;?;?;?;?;?;?;?;?;?;?;34;33;23;10;9;7;2;3;106;104;49;17;173;173;173;173;173;173;92;21;19;29;65;38;23;30;87;14;10;9;7;2;3;106;104;49;93;
?;?;?;?;?;?;?;?;?;?;?;?;?;209;127;75;18;96;65;38;23;10;9;7;2;3;91;79;73;35;34;33;23;30;10;9;7;2;3;106;104;49;93;77;19;29;65;38;23;30;
?;?;?;?;?;?;?;?;?;?;?;?;?;166;5;136;82;43;24;15;25;28;10;9;7;2;3;106;104;49;17;173;173;173;173;173;173;92;21;19;29;65;38;23;10;9;7;2;3;106;
?;?;?;?;?;?;?;?;?;?;?;?;?;92;21;19;29;65;38;23;30;10;9;7;2;3;106;104;90;77;19;29;65;38;23;30;87;10;9;7;2;3;106;104;49;17;173;173;173;173;
?;?;?;?;?;?;?;?;?;?;?;?;?;31;10;9;7;2;3;106;104;49;17;173;173;92;190;149;146;130;193;52;113;173;173;173;173;173;173;173;173;173;173;173;173;173;173;173;92;21;
?;?;?;?;?;?;?;?;?;?;?;?;?;29;65;38;23;30;10;9;7;2;3;106;104;49;17;13;75;18;96;65;38;23;30;87;14;1;31;31;31;31;31;31;31;31;31;31;31;10;
?;?;?;?;?;?;?;?;?;?;?;?;?;29;65;38;23;10;9;7;2;3;106;104;49;17;173;92;21;19;29;65;62;59;58;48;133;51;92;21;19;29;65;38;23;30;10;9;7;2;
?;?;?;?;?;?;?;?;?;?;?;?;?;209;127;75;18;96;65;38;23;30;87;14;1;31;31;31;10;9;7;2;3;106;104;49;93;77;19;29;65;38;23;30;87;14;1;31;31;31;
?;?;?;?;?;?;?;?;?;?;?;?;?;9;7;2;3;106;104;49;17;173;173;92;21;19;29;65;38;23;30;10;9;7;2;3;91;79;73;35;34;33;23;30;87;14;1;31;31;31;
?;?;?;?;?;?;?;?;?;?;?;?;?;19;29;65;38;12;11;7;2;36;78;72;89;88;68;170;30;87;14;1;31;31;31;31;31;31;31;31;31;31;10;9;7;2;3;106;104;90;
?;?;?;?;?;?;?;?;?;?;?;?;?;2;3;106;92;21;19;29;65;62;59;58;48;133;51;92;21;19;29;65;38;12;11;7;2;3;106;104;49;93;77;19;29;65;38;23;30;10;
?;?;?;?;?;?;?;?;?;?;?;?;?;68;170;30;10;9;7;2;3;106;104;49;17;173;173;173;173;173;173;92;21;19;29;65;38;23;30;87;14;1;31;31;10;9;7;2;3;106;
?;?;?;?;?;?;?;?;?;?;?;?;?;19;29;65;38;23;30;87;10;9;7;2;3;106;104;90;77;19;29;65;38;23;30;87;14;1;64;63;7;2;3;106;104;90;77;19;29;65;
?;?;?;?;?;?;?;?;?;?;?;?;?;29;65;38;23;30;87;14;1;31;31;31;31;31;10;9;7;2;3;106;104;49;17;173;173;173;173;173;173;173;173;173;173;173;173;173;173;173;
?;?;?;?;?;?;?;?;?;?;?;?;?;53;105;50;92;21;19;29;65;38;12;11;7;2;3;91;79;73;35;34;62;59;58;48;133;91;79;73;35;34;33;23;30;87;14;1;31;31;
?;?;?;?;?;?;?;?;?;?;?;?;?;53;126;74;70;44;34;33;23;10;9;7;2;3;91;79;73;35;34;33;23;30;87;14;1;31;31;10;9;7;2;3;106;104;90;77;19;29;
?;?;?;?;?;?;?;?;?;?;?;?;?;188;187;210;209;193;52;113;127;75;18;96;65;38;23;30;87;14;1;31;31;31;31;10;9;7;2;3;106;104;49;17;173;173;173;173;173;173;
?;?;?;?;?;?;?;?;?;?;?;?;?;173;173;173;173;173;173;92;21;19;29;65;38;23;30;87;14;1;31;31;31;31;31;31;31;31;31;31;31;31;31;10;9;7;2;3;91;79;
?;?;?;?;?;?;?;?;?;?;?;?;?;17;173;173;173;173;173;173;173;92;21;19;29;65;38;12;11;7;2;3;91;79;73;35;118;116;57;101;168;143;138;122;99;68;170;30;87;14;
?;?;?;?;?;?;?;?;?;?;?;?;?;53;105;50;49;17;173;173;173;173;173;173;173;173;173;92;21;19;29;65;38;23;30;87;14;1;31;31;31;31;31;31;31;31;31;31;31;31;
?;?;?;?;?;?;?;?;?;?;?;?;?;29;65;38;23;10;9;7;2;3;106;104;90;77;19;29;65;38;23;10;9;7;2;3;106;104;49;17;173;173;173;173;173;173;173;92;21;19;
?;?;?;?;?;?;?;?;?;?;?;?;?;48;133;51;103;93;77;19;61;60;114;47;184;179;175;162;158;183;170;30;87;14;1;31;31;31;31;31;10;9;7;2;3;106;104;49;17;173;
?;?;?;?;?;?;?;?;?;?;?;?;?;53;126;74;70;44;34;33;23;30;87;14;1;31;31;31;31;31;10;9;7;2;3;106;92;21;208;207;186;172;111;110;109;127;75;18;96;65;
?;?;?;?;?;?;?;?;?;?;?;?;?;154;150;147;131;111;110;109;108;107;135;92;21;19;29;65;38;23;30;87;14;1;31;31;31;31;31;31;31;31;31;31;31;31;31;31;10;9;
?;?;?;?;?;?;?;?;?;?;?;?;?;?;177;163;155;121;98;67;10;9;7;2;3;91;79;73;35;34;33;23;30;87;14;1;31;31;31;10;9;7;2;3;106;104;49;17;13;75;
?;?;?;?;?;?;?;?;?;?;?;?;?;68;10;9;7;2;3;106;92;21;19;29;65;38;23;30;87;10;9;7;2;3;106;104;49;17;173;173;173;92;21;19;29;65;38;23;30;87;
?;?;?;?;?;?;?;?;?;?;?;?;?;21;19;29;65;38;23;30;10;9;7;2;3;106;104;49;17;173;92;21;19;29;65;38;23;30;87;14;1;31;31;31;31;31;31;31;31;31;
?;?;?;?;?;?;?;?;?;?;?;?;?;133;51;92;21;19;29;65;38;23;30;87;14;1;31;31;31;10;9;7;2;3;106;104;49;17;173;173;173;173;173;92;21;19;29;65;38;23;
?;?;?;?;?;?;?;?;?;?;?;?;?;35;118;116;57;101;53;105;92;21;19;29;65;38;23;30;87;14;1;31;31;31;31;31;31;10;9;7;2;3;106;104;49;17;173;173;173;173;
?;?;?;?;?;?;?;?;?;?;?;?;?;209;193;52;113;173;173;173;173;173;173;173;173;173;173;173;173;92;21;19;29;65;38;23;30;87;14;1;31;10;9;7;0;20;69;42;123;202;
?;?;?;?;?;?;?;?;?;?;?;?;?;48;133;51;103;49;17;173;173;173;92;21;19;29;65;38;23;30;87;10;9;7;2;3;91;79;73;35;34;33;23;30;87;10;9;7;2;3;
?;?;?;?;?;?;?;?;?;?;?;?;?;29;65;38;12;11;7;2;3;106;104;49;17;173;92;21;19;29;65;38;23;30;87;14;1;31;31;31;31;31;31;31;31;31;31;31;31;10;
?;?;?;?;?;?;?;?;?;?;?;?;?;?;142;137;120;97;66;46;12;11;7;2;3;106;104;90;77;19;29;65;38;23;30;10;9;7;2;3;106;104;49;93;77;19;29;65;38;23;
?;?;?;?;?;?;?;?;?;?;?;?;?;35;34;33;23;30;87;14;1;31;31;31;10;9;7;2;3;106;104;49;17;173;173;173;173;173;173;173;173;173;173;173;173;92;21;19;29;65;
?;?;?;?;?;?;?;?;?;?;?;?;?;?;54;16;83;171;124;10;9;7;2;3;106;104;49;93;77;19;29;65;38;23;30;10;9;7;2;3;106;104;49;17;173;173;173;173;173;173;
?;?;?;?;?;?;?;?;?;?;?;?;?;35;34;33;10;9;7;0;20;69;42;123;66;46;12;11;7;2;3;106;104;49;17;173;173;173;173;173;92;21;19;29;118;116;57;101;53;105;
?;?;?;?;?;?;?;?;?;?;?;?;?;53;105;50;49;93;190;149;146;130;193;52;113;127;75;18;96;65;38;23;30;87;14;1;31;31;31;31;31;31;31;31;31;31;10;9;7;2;
?;?;?;?;?;?;?;?;?;?;?;?;?;209;193;52;113;173;173;173;173;173;173;173;173;173;173;92;21;19;29;65;38;23;30;87;14;1;31;31;31;31;31;31;31;31;31;31;31;31;
?;?;?;?;?;?;?;?;?;?;?;?;?;65;38;23;30;87;10;9;7;2;3;91;79;73;35;34;33;23;30;87;14;1;31;10;9;7;2;3;106;104;49;93;77;19;29;65;38;23;
?;?;?;?;?;?;?;?;?;?;?;?;?;31;31;31;31;31;10;9;7;2;3;106;104;49;17;173;173;173;173;92;21;19;29;65;38;23;30;87;10;9;7;2;3;106;104;49;17;173;
?;?;?;?;?;?;?;?;?;?;?;?;?;77;19;29;65;62;59;58;48;133;51;103;49;17;173;92;21;19;29;65;38;23;30;87;14;1;31;10;9;7;2;3;106;104;49;17;173;173;
?;?;?;?;?;?;?;?;?;?;?;?;?;2;3;106;104;49;17;173;173;173;173;173;173;92;21;19;29;65;38;12;11;7;2;36;78;72;89;88;68;170;30;87;10;9;7;2;3;106;
?;?;?;?;?;?;?;?;?;?;?;?;?;48;133;51;92;21;19;29;118;116;57;101;168;143;138;122;99;68;170;30;87;14;1;31;31;31;31;31;10;9;7;2;3;106;104;90;77;19;
?;?;?;?;?;?;?;?;?;?;?;?;?;48;133;51;103;49;93;77;19;29;65;38;23;30;87;14;1;64;63;7;0;20;69;42;123;66;46;25;10;9;7;2;3;106;104;90;77;19;
?;?;?;?;?;?;?;?;?;?;?;?;?;35;34;62;59;58;48;133;91;79;73;35;118;116;57;101;53;105;50;92;21;19;29;65;62;59;58;48;133;51;103;49;17;13;75;18;96;65;
?;?;?;?;?;?;?;?;?;?;?;?;?;48;133;51;92;21;19;29;65;38;23;30;87;14;1;31;31;31;31;10;9;7;2;3;106;104;49;17;173;173;173;173;173;92;21;19;29;65;
?;?;?;?;?;?;?;?;?;?;?;?;?;51;103;93;77;19;29;65;38;23;30;10;9;7;0;20;69;42;123;66;46;25;10;9;7;2;3;106;104;49;17;13;75;18;96;65;38;23;
?;?;?;?;?;?;?;?;?;?;?;?;?;35;34;62;59;58;48;133;51;103;49;17;13;117;115;102;167;145;140;80;40;22;32;192;191;161;1;31;31;31;31;31;10;9;7;2;3;106;
?;?;?;?;?;?;?;?;?;?;?;?;?;35;34;62;59;58;48;133;51;103;93;77;154;150;147;131;111;110;127;75;18;96;65;38;23;30;87;14;1;31;31;31;10;9;7;2;3;106;
?;?;?;?;?;?;?;?;?;?;?;?;?;2;3;91;79;73;35;34;33;23;30;87;14;1;64;63;7;2;3;106;104;49;17;173;173;92;21;19;29;118;116;57;101;53;126;74;70;44;
?;?;?;?;?;?;?;?;?;?;?;?;?;35;34;33;23;10;9;7;2;3;106;104;49;17;173;173;173;173;173;92;21;19;29;65;38;12;11;7;2;3;106;104;90;77;19;29;65;38;
?;?;?;?;?;?;?;?;?;?;?;?;?;88;68;10;9;7;2;3;106;92;21;19;29;65;38;12;11;7;2;3;106;104;49;17;173;173;173;173;173;173;92;21;19;29;65;38;23;30;
?;?;?;?;?;?;?;?;?;?;?;?;?;17;173;173;173;173;92;21;19;29;65;38;12;11;7;2;3;106;92;21;19;29;65;38;23;30;87;14;1;31;31;31;31;31;31;31;31;31;
?;?;?;?;?;?;?;?;?;?;?;?;?;30;87;10;9;7;2;3;106;104;49;93;77;19;29;65;38;12;11;7;2;3;106;104;49;17;173;92;21;19;29;65;38;23;30;87;14;10;
?;?;?;?;?;?;?;?;?;?;?;?;?;53;105;50;92;21;19;29;65;38;23;30;87;14;1;31;31;31;31;31;31;31;31;10;9;7;2;3;106;104;49;93;77;19;29;65;38;23;
?;?;?;?;?;?;?;?;?;?;?;?;?;29;65;38;12;11;7;0;20;69;42;123;66;46;12;11;166;5;136;82;43;24;15;25;28;161;1;31;31;31;31;31;31;31;10;9;7;2;
?;?;?;?;?;?;?;?;?;?;?;?;?;2;3;106;92;21;19;29;118;116;57;101;53;105;50;49;17;173;173;173;173;173;173;173;92;21;19;29;65;62;59;58;48;133;51;103;49;17;
?;?;?;?;?;?;?;?;?;?;?;?;?;48;133;91;79;73;35;118;116;57;101;53;126;74;70;44;34;33;23;30;10;9;7;2;3;106;104;49;17;173;173;173;173;173;173;173;92;21;
?;?;?;?;?;?;?;?;?;?;?;?;?;48;194;160;119;100;88;62;59;58;48;133;51;103;49;17;13;75;18;96;65;38;23;30;87;14;1;31;31;10;9;7;2;3;106;104;49;17;
?;?;?;?;?;?;?;?;?;?;?;?;?;201;199;197;195;134;105;92;21;19;29;65;38;23;10;9;7;2;3;106;104;49;93;77;19;29;65;38;23;30;87;14;1;31;31;31;31;10;
?;?;?;?;?;?;?;?;?;?;?;?;?;?;39;14;10;9;7;2;3;106;104;49;93;77;19;29;65;38;23;10;37;141;4;81;41;165;124;67;39;14;10;9;7;2;3;106;104;90;
?;?;?;?;?;?;?;?;?;?;?;?;?;77;154;150;147;131;111;110;127;75;18;96;65;38;23;30;87;14;1;31;31;31;31;31;31;31;31;31;31;31;31;31;31;31;31;10;9;7;
?;?;?;?;?;?;?;?;?;?;?;?;?;53;105;92;21;19;29;65;38;23;30;87;14;1;31;31;31;10;9;7;2;3;106;104;90;77;19;29;65;38;23;30;87;14;1;31;10;9;
?;?;?;?;?;?;?;?;?;?;?;?;?;30;87;10;9;7;2;3;106;104;49;17;173;173;173;173;173;92;21;19;29;65;38;23;30;87;14;1;64;63;7;2;3;106;92;21;19;29;
?;?;?;?;?;?;?;?;?;?;?;?;?;48;194;160;119;100;88;68;170;30;87;14;1;31;31;31;31;10;9;7;2;3;106;104;90;77;19;29;65;62;59;58;48;133;51;103;49;17;
?;?;?;?;?;?;?;?;?;?;?;?;?;34;33;10;9;7;2;3;91;79;73;35;34;33;23;30;87;14;1;64;63;7;2;3;106;104;49;17;173;173;173;92;21;19;29;65;38;12;
?;?;?;?;?;?;?;?;?;?;?;?;?;2;3;106;104;49;93;77;19;61;60;114;47;112;209;193;52;113;127;75;18;96;65;38;23;30;87;14;10;9;7;2;3;106;104;49;17;13;
?;?;?;?;?;?;?;?;?;?;?;?;?;19;29;65;38;23;30;10;9;7;0;20;69;42;123;66;46;25;28;161;1;31;31;10;9;7;2;3;106;104;49;17;173;173;173;173;173;173;
?;?;?;?;?;?;?;?;?;?;?;?;?;124;10;9;7;2;3;106;104;90;77;19;61;60;114;47;112;169;144;139;84;45;33;23;30;87;14;1;31;10;9;7;2;3;106;104;49;17;
?;?;?;?;?;?;?;?;?;?;?;?;?;112;209;193;52;113;173;173;173;173;173;173;173;92;21;19;29;65;38;23;30;87;14;1;64;63;7;2;3;106;104;49;17;173;92;21;19;29;
?;?;?;?;?;?;?;?;?;?;?;?;?;48;194;160;119;100;88;62;59;58;48;133;51;103;93;77;19;29;65;38;23;30;87;10;9;7;2;3;106;104;90;77;19;29;65;38;23;30;
?;?;?;?;?;?;?;?;?;?;?;?;?;112;209;193;52;92;21;19;29;65;38;12;11;166;5;136;82;43;24;15;25;28;161;1;31;31;31;31;31;31;31;31;31;31;31;31;31;31;
?;?;?;?;?;?;?;?;?;?;?;?;?;29;65;38;12;11;7;2;3;106;92;21;19;61;60;114;47;184;179;175;162;158;183;170;12;11;7;2;3;91;79;73;35;34;33;23;30;87;
?;?;?;?;?;?;?;?;?;?;?;?;?;35;34;62;59;58;48;133;51;103;49;17;173;173;173;173;173;173;92;21;19;29;65;38;23;30;87;14;1;31;31;10;9;7;2;3;106;104;
?;?;?;?;?;?;?;?;?;?;?;?;?;17;173;173;173;173;173;173;92;21;19;29;65;38;12;11;7;2;3;106;104;49;17;173;173;92;21;19;29;65;38;23;30;87;14;1;64;63;
?;?;?;?;?;?;?;?;?;?;?;?;?;48;133;91;79;73;35;34;33;23;30;87;14;1;31;31;31;31;31;10;9;7;2;36;78;72;89;88;62;59;58;48;194;160;119;100;88;68;
?;?;?;?;?;?;?;?;?;?;?;?;?;173;173;173;173;92;21;19;29;65;38;23;30;10;9;7;2;3;106;92;21;19;29;65;38;23;30;87;10;9;7;2;3;106;104;49;17;173;
?;?;?;?;?;?;?;?;?;?;?;?;?;7;2;36;78;72;89;201;199;197;195;134;105;50;49;93;77;19;29;65;38;23;10;9;7;2;3;106;104;49;17;173;173;173;173;173;173;92;
?;?;?;?;?;?;?;?;?;?;?;?;?;173;173;173;173;173;173;173;173;173;92;21;19;29;65;38;23;30;87;14;1;31;31;31;31;31;31;31;31;31;31;31;31;31;31;31;31;31;
?;?;?;?;?;?;?;?;?;?;?;?;?;87;14;1;64;63;7;2;3;106;104;49;17;13;75;18;96;65;38;23;30;87;14;1;31;10;9;7;2;3;106;104;49;17;173;92;21;19;
?;?;?;?;?;?;?;?;?;?;?;?;?;48;133;51;103;49;17;173;173;173;173;92;21;19;29;65;38;23;10;9;7;2;3;91;79;73;35;34;33;23;30;87;14;1;31;31;31;31;
?;?;?;?;?;?;?;?;?;?;?;?;?;48;194;160;119;100;88;68;170;12;11;7;2;3;106;104;49;17;173;173;173;173;173;92;21;19;29;65;38;23;30;10;9;7;2;3;106;104;
?;?;?;?;?;?;?;?;?;?;?;?;?;48;133;91;79;73;35;34;33;23;30;10;9;7;2;3;106;104;49;17;173;173;92;21;19;29;65;38;23;10;9;7;2;3;106;104;49;93;
?;?;?;?;?;?;?;?;?;?;?;?;?;173;173;173;92;21;19;29;65;38;23;30;87;10;9;7;2;3;106;104;49;17;173;173;173;92;21;19;29;65;38;23;30;87;14;1;31;31;
?;?;?;?;?;?;?;?;?;?;?;?;?;21;19;29;65;38;23;30;87;14;1;31;31;31;31;31;31;31;31;31;31;31;31;31;31;10;9;7;2;3;91;79;73;35;34;33;23;30;
?;?;?;?;?;?;?;?;?;?;?;?;?;17;173;173;92;21;19;29;65;38;23;30;87;10;9;7;2;3;106;104;90;77;19;29;65;38;23;30;87;14;1;64;63;7;2;3;106;92;
?;?;?;?;?;?;?;?;?;?;?;?;?;105;50;49;93;77;19;29;118;116;57;94;178;55;27;156;85;46;12;11;7;0;20;69;42;123;66;46;25;10;9;7;2;3;91;79;73;35;
?;?;?;?;?;?;?;?;?;?;?;?;?;35;34;33;23;30;10;9;7;2;3;106;104;49;17;173;173;173;92;21;19;29;65;38;23;10;9;7;2;3;106;104;49;17;173;173;173;173;
?;?;?;?;?;?;?;?;?;?;?;?;?;95;180;174;157;86;38;23;30;87;10;9;7;2;3;106;104;49;17;173;173;173;173;92;21;19;29;65;38;23;10;9;7;2;3;106;104;49;
?;?;?;?;?;?;?;?;?;?;?;?;?;48;133;91;79;73;35;118;116;57;101;53;105;92;21;19;29;118;116;57;101;53;105;50;49;17;13;75;18;96;65;38;23;30;87;10;9;7;
?;?;?;?;?;?;?;?;?;?;?;?;?;182;181;125;203;185;56;176;164;159;26;129;12;11;7;2;3;106;92;21;19;29;65;38;23;30;87;14;10;9;7;2;3;106;104;49;93;77;
?;?;?;?;?;?;?;?;?;?;?;?;?;53;105;92;21;19;29;65;38;23;30;87;14;1;31;31;31;31;31;31;10;9;7;2;3;106;104;49;17;173;173;173;92;21;19;29;65;38;
?;?;?;?;?;?;?;?;?;?;?;?;?;53;105;92;21;19;29;65;38;23;10;9;7;2;3;106;104;90;77;19;29;65;38;23;30;87;14;1;31;10;9;7;2;3;106;104;49;17;
?;?;?;?;?;?;?;?;?;?;?;?;?;53;126;74;70;44;34;62;59;58;48;133;51;103;93;77;19;29;65;38;23;30;87;10;9;7;2;3;106;104;49;17;13;75;18;96;65;38;
?;?;?;?;?;?;?;?;?;?;?;?;?;14;1;31;31;31;31;31;10;9;7;2;3;106;104;49;17;173;173;173;173;173;173;173;173;173;173;173;173;173;173;173;173;173;173;173;173;173;