?;?;?;?;?;?;?;?;?;?;2;8;7;6;0;5;4;1;1;1;1;1;2;8;7;6;3;3;3;0;5;4;1;1;1;1;2;8;7;6;3;3;3;3;3;3;3;3;3;0;
?;?;?;?;?;?;?;?;?;?;0;5;4;1;1;1;1;1;2;8;7;6;3;3;3;3;3;3;0;5;4;1;1;1;1;1;2;8;7;6;3;0;5;4;1;1;1;2;8;7;
?;?;?;?;?;?;?;?;?;?;3;0;5;2;8;7;6;3;3;3;3;0;5;4;1;1;1;1;2;8;7;6;0;5;4;1;1;1;1;1;2;8;7;6;3;3;3;3;0;5;
?;?;?;?;?;?;?;?;?;?;6;3;3;3;0;5;4;1;1;1;2;8;7;6;3;3;3;3;0;5;4;1;1;1;1;1;1;2;8;7;6;3;3;0;5;4;1;1;1;1;
?;?;?;?;?;?;?;?;?;?;5;4;1;1;2;8;7;6;3;3;3;3;3;0;5;4;1;1;1;1;2;8;7;6;3;3;3;3;3;0;5;4;1;1;1;1;1;1;1;2;
?;?;?;?;?;?;?;?;?;?;5;4;1;1;1;2;8;7;6;3;3;0;5;4;1;1;1;1;1;1;1;1;1;1;2;8;7;6;3;3;3;3;0;5;4;1;2;8;7;6;
?;?;?;?;?;?;?;?;?;?;2;8;7;6;3;3;0;5;4;1;1;2;8;7;6;3;0;5;4;1;1;1;1;1;1;1;1;1;1;1;2;8;7;6;3;3;0;5;4;1;
?;?;?;?;?;?;?;?;?;?;0;5;4;1;1;2;8;7;6;3;0;5;4;1;1;2;8;7;6;3;3;3;3;0;5;4;1;1;1;1;1;1;1;1;1;2;8;7;6;3;
?;?;?;?;?;?;?;?;?;?;5;4;2;8;7;6;3;3;0;5;4;1;1;1;1;2;8;7;6;3;3;0;5;4;1;1;1;1;1;2;8;7;6;3;3;3;0;5;4;1;
?;?;?;?;?;?;?;?;?;?;0;5;4;1;1;1;1;1;1;2;8;7;6;3;3;3;3;3;3;0;5;4;1;1;1;1;1;1;1;1;1;1;1;2;8;7;6;3;0;5;
?;?;?;?;?;?;?;?;?;?;5;4;1;1;1;1;2;8;7;6;3;3;3;0;2;8;7;0;5;4;1;1;1;2;8;7;6;3;3;3;3;0;5;4;1;1;1;2;8;7;
?;?;?;?;?;?;?;?;?;?;0;5;4;1;2;8;7;6;3;3;0;5;4;1;1;1;1;1;2;8;7;6;3;3;3;3;3;3;3;3;3;3;3;3;3;3;3;3;3;3;
?;?;?;?;?;?;?;?;?;?;2;8;7;6;3;3;3;3;3;0;5;4;1;1;1;2;8;7;6;3;3;3;0;5;4;1;1;1;1;1;1;1;1;1;1;1;1;1;2;8;
?;?;?;?;?;?;?;?;?;?;0;5;4;1;1;2;8;7;6;3;3;0;5;4;1;2;8;7;6;3;0;5;4;1;1;1;2;8;7;6;3;3;0;2;8;7;6;3;3;3;
?;?;?;?;?;?;?;?;?;?;2;8;7;6;0;5;4;2;8;7;6;3;3;3;3;3;0;5;4;1;1;1;1;2;8;7;6;0;5;4;1;1;1;1;1;1;1;1;1;1;
?;?;?;?;?;?;?;?;?;?;5;4;1;1;1;1;1;1;1;1;2;8;7;6;3;3;3;3;3;0;5;4;1;1;1;1;1;1;1;1;1;1;1;1;2;8;7;6;3;3;
?;?;?;?;?;?;?;?;?;?;3;3;0;5;4;1;1;1;1;2;8;7;6;3;3;3;3;3;0;5;4;1;1;1;1;1;1;1;1;1;2;8;7;6;3;3;3;0;5;4;
?;?;?;?;?;?;?;?;?;?;2;8;7;6;3;3;0;5;4;1;1;1;1;1;1;1;1;1;1;2;8;7;6;3;3;3;3;3;0;5;4;1;1;1;1;1;1;1;1;1;
?;?;?;?;?;?;?;?;?;?;5;4;1;1;1;2;8;7;6;3;3;0;5;4;1;1;1;1;2;8;7;6;3;3;3;3;3;0;5;4;1;1;1;2;8;7;6;3;3;3;
?;?;?;?;?;?;?;?;?;?;2;8;7;0;5;4;1;1;1;2;8;7;6;3;3;3;3;3;3;3;3;0;5;4;1;1;1;1;1;1;1;1;1;1;1;1;1;1;1;1;
?;?;?;?;?;?;?;?;?;?;8;7;6;3;3;3;0;5;4;1;2;8;7;6;3;3;3;3;3;0;5;4;1;1;1;1;1;1;1;1;1;1;1;1;1;1;1;1;2;8;
?;?;?;?;?;?;?;?;?;?;0;5;4;1;1;2;8;7;6;3;0;5;4;1;1;1;2;8;7;6;3;3;3;3;3;3;3;3;0;5;4;1;1;1;1;1;2;8;7;6;
?;?;?;?;?;?;?;?;?;?;1;1;1;2;8;7;6;3;3;3;3;3;3;3;3;3;3;3;3;3;3;3;0;5;4;1;1;1;1;1;1;1;1;1;1;1;1;1;1;1;
?;?;?;?;?;?;?;?;?;?;0;5;4;1;2;8;7;6;3;3;3;0;5;4;1;1;1;1;1;1;1;1;2;8;7;6;3;3;3;3;3;0;5;4;1;1;1;1;1;2;
?;?;?;?;?;?;?;?;?;?;0;5;4;1;1;1;1;1;2;8;0;5;4;2;8;7;6;3;3;3;0;5;4;1;1;2;8;7;6;3;3;3;3;0;5;4;1;1;1;1;
?;?;?;?;?;?;?;?;?;?;1;1;1;1;2;8;7;0;5;4;1;1;1;1;1;2;8;7;6;3;3;3;3;3;3;3;3;3;3;3;3;3;0;5;4;1;1;1;1;1;
?;?;?;?;?;?;?;?;?;?;4;1;1;1;1;1;2;8;7;6;3;3;3;3;3;3;3;3;3;3;3;0;5;4;1;1;1;1;1;1;1;1;1;1;1;1;1;1;1;2;
?;?;?;?;?;?;?;?;?;?;5;4;1;1;1;1;2;8;7;6;3;3;3;3;3;3;3;0;5;4;1;1;1;1;1;1;1;2;8;7;6;3;3;0;5;4;1;1;1;1;
?;?;?;?;?;?;?;?;?;?;0;5;2;8;7;6;3;3;0;5;4;1;1;1;1;1;2;8;7;6;3;0;5;4;1;1;1;1;1;1;1;1;1;1;1;1;1;1;1;1;
?;?;?;?;?;?;?;?;?;?;2;8;7;6;3;0;5;4;1;2;8;7;6;3;3;0;5;4;1;1;1;1;2;8;7;6;3;3;3;3;3;3;3;3;3;3;3;3;3;3;
?;?;?;?;?;?;?;?;?;?;1;1;1;1;1;1;1;1;1;1;1;1;1;1;2;8;7;6;3;3;3;3;3;3;3;3;3;3;3;0;5;4;1;1;1;1;2;8;7;6;
?;?;?;?;?;?;?;?;?;?;4;1;1;1;1;1;1;1;1;2;8;7;6;3;3;3;3;3;3;3;3;3;0;5;4;1;1;1;1;2;8;7;6;3;3;3;3;3;3;3;
?;?;?;?;?;?;?;?;?;?;6;3;3;3;0;5;4;1;1;2;8;7;6;3;3;3;3;0;5;4;1;1;1;1;1;1;1;1;1;2;8;7;6;3;0;5;4;1;1;2;
?;?;?;?;?;?;?;?;?;?;5;4;1;1;1;1;1;2;8;7;6;3;3;3;3;3;3;3;3;3;3;3;0;5;4;1;1;1;1;1;1;1;1;1;1;2;8;7;6;3;
?;?;?;?;?;?;?;?;?;?;0;5;2;8;7;6;3;3;3;3;0;5;4;1;1;1;1;1;1;1;2;8;7;6;3;3;3;0;5;4;1;1;1;1;1;1;1;2;8;7;
?;?;?;?;?;?;?;?;?;?;5;4;2;8;7;6;3;3;0;5;4;1;1;1;1;2;8;7;6;3;3;0;5;4;1;1;1;1;2;8;7;6;3;3;3;0;5;4;1;1;
?;?;?;?;?;?;?;?;?;?;3;3;3;3;3;3;3;3;3;3;0;5;4;1;2;8;7;6;3;0;5;4;1;1;1;1;1;1;1;2;8;7;6;3;3;3;3;3;3;0;
?;?;?;?;?;?;?;?;?;?;1;1;1;1;1;1;2;8;7;6;3;0;5;4;1;1;1;1;2;8;7;6;3;3;3;3;3;3;3;3;3;3;3;3;3;3;3;3;3;3;
?;?;?;?;?;?;?;?;?;?;8;7;6;0;5;4;1;1;1;1;2;8;7;6;3;3;3;3;3;3;3;3;0;5;4;1;1;1;1;1;1;1;1;1;2;8;7;6;3;3;
?;?;?;?;?;?;?;?;?;?;2;8;7;6;3;3;0;5;4;1;1;1;1;1;1;1;1;1;2;8;7;6;3;3;3;0;5;4;1;1;1;2;8;7;6;0;5;4;1;1;
?;?;?;?;?;?;?;?;?;?;8;7;6;3;3;3;0;5;4;1;1;1;1;1;1;1;1;1;2;8;7;6;3;0;5;4;1;1;1;1;1;1;1;1;1;1;1;1;1;2;
?;?;?;?;?;?;?;?;?;?;5;4;1;1;1;1;1;1;1;1;1;1;2;8;7;6;3;3;3;3;3;3;3;3;3;3;3;3;3;3;3;3;3;3;3;3;3;3;3;3;
?;?;?;?;?;?;?;?;?;?;8;7;6;3;3;0;5;4;1;1;1;2;8;7;6;3;3;0;5;4;1;2;8;7;6;3;3;3;0;5;4;1;1;1;1;1;1;2;8;7;
?;?;?;?;?;?;?;?;?;?;0;5;4;1;1;2;8;7;6;3;3;3;3;3;3;3;3;3;0;5;4;1;1;1;1;1;1;1;1;1;1;1;1;1;1;1;1;1;1;1;
?;?;?;?;?;?;?;?;?;?;1;1;1;1;1;2;8;7;6;3;3;3;3;0;5;4;1;1;1;1;2;8;7;6;3;3;3;3;3;3;3;0;5;4;2;8;7;6;3;3;
?;?;?;?;?;?;?;?;?;?;0;5;4;1;1;1;1;1;1;1;1;1;1;2;8;7;6;3;3;3;3;3;3;3;0;5;4;1;1;1;1;1;1;1;1;2;8;7;6;3;
?;?;?;?;?;?;?;?;?;?;1;1;1;1;1;1;1;2;8;7;6;3;3;3;3;3;3;3;3;3;3;3;3;3;3;3;3;3;3;3;3;3;3;0;5;4;1;1;1;1;
?;?;?;?;?;?;?;?;?;?;1;2;8;7;6;3;3;3;3;0;5;4;1;1;1;1;1;1;1;1;1;1;1;2;8;7;6;3;3;3;3;3;3;3;0;5;4;1;1;1;
?;?;?;?;?;?;?;?;?;?;1;2;8;7;6;3;3;3;3;3;3;3;3;3;0;5;4;1;1;1;1;1;2;8;7;6;0;5;4;1;2;8;7;6;3;3;3;3;3;3;
?;?;?;?;?;?;?;?;?;?;2;8;7;6;3;3;3;3;3;3;3;3;3;3;0;5;4;1;1;1;1;2;8;7;6;3;3;3;3;3;3;3;3;0;5;4;1;1;1;1;
?;?;?;?;?;?;?;?;?;?;3;3;3;3;3;3;3;3;3;3;3;0;5;4;1;1;1;1;2;8;7;6;3;3;0;5;4;1;1;1;1;1;1;1;1;1;1;1;1;1;
?;?;?;?;?;?;?;?;?;?;2;8;7;6;3;0;5;4;1;1;1;2;8;7;6;3;3;3;3;3;3;3;3;3;3;0;5;4;1;1;1;2;8;7;6;3;3;3;3;3;
?;?;?;?;?;?;?;?;?;?;5;4;1;1;1;1;2;8;0;5;4;1;1;1;2;8;7;6;3;3;3;3;3;3;3;3;3;0;5;4;1;1;1;1;1;2;8;7;6;0;
?;?;?;?;?;?;?;?;?;?;0;5;4;1;1;1;1;2;8;7;6;3;3;3;3;3;3;3;0;5;4;1;1;1;1;1;1;1;1;1;2;8;7;6;3;3;3;3;3;3;
?;?;?;?;?;?;?;?;?;?;0;5;4;1;1;1;2;8;7;6;0;5;4;1;1;1;1;2;8;7;0;5;4;1;1;1;1;1;2;8;7;6;3;3;3;3;3;3;3;3;
?;?;?;?;?;?;?;?;?;?;3;3;3;3;3;3;0;5;4;1;1;1;1;1;1;1;1;1;1;1;2;8;7;6;3;3;3;3;3;3;3;3;3;3;0;5;4;1;1;1;
?;?;?;?;?;?;?;?;?;?;8;7;6;3;0;5;4;1;1;1;1;1;2;8;7;6;0;5;4;1;2;8;7;6;3;3;3;3;3;3;3;3;3;3;3;3;3;3;3;3;
?;?;?;?;?;?;?;?;?;?;1;1;1;1;1;1;1;1;1;2;8;7;6;3;3;3;3;3;3;3;3;3;0;5;4;1;1;1;1;1;1;1;2;8;7;6;3;3;3;3;
?;?;?;?;?;?;?;?;?;?;3;3;3;3;3;3;3;3;3;3;3;3;3;0;5;4;1;1;1;1;1;1;1;1;1;1;1;1;1;1;1;1;1;1;1;1;1;1;1;1;
?;?;?;?;?;?;?;?;?;?;3;0;5;4;1;1;1;2;8;7;6;3;3;3;3;3;3;3;3;3;3;0;5;4;1;1;1;1;1;1;1;1;1;1;1;2;8;7;6;3;
?;?;?;?;?;?;?;?;?;?;1;1;1;2;8;7;6;3;3;3;3;3;3;3;3;3;0;5;4;1;1;1;1;1;1;1;1;2;0;5;4;1;1;1;1;2;8;7;6;3;
?;?;?;?;?;?;?;?;?;?;1;1;1;1;1;1;1;1;1;1;1;1;2;8;7;6;3;3;3;3;3;3;3;3;3;3;3;3;3;0;5;4;1;1;1;1;1;1;1;1;
?;?;?;?;?;?;?;?;?;?;0;5;4;1;1;1;2;8;7;6;3;3;3;3;3;3;3;3;3;3;0;5;4;1;1;1;1;1;1;1;1;1;1;2;8;7;6;3;3;3;
?;?;?;?;?;?;?;?;?;?;0;5;4;1;1;1;1;1;2;8;7;6;3;3;3;3;3;3;3;0;5;4;1;1;1;1;1;1;1;1;1;2;8;7;6;3;3;3;3;3;
?;?;?;?;?;?;?;?;?;?;0;5;4;1;2;8;7;6;3;3;3;3;3;3;3;3;3;3;3;0;5;4;1;1;1;1;1;1;1;1;1;1;1;1;1;1;1;1;2;8;
?;?;?;?;?;?;?;?;?;?;0;5;4;1;1;2;8;7;6;3;3;3;0;5;4;1;1;1;1;1;1;1;2;8;7;6;0;5;4;1;1;2;8;7;6;3;3;3;3;3;
?;?;?;?;?;?;?;?;?;?;2;8;7;6;3;0;5;4;1;1;1;2;8;7;6;0;5;4;1;1;1;1;2;8;7;6;3;3;3;3;3;3;0;5;4;1;1;1;1;1;
?;?;?;?;?;?;?;?;?;?;4;1;1;1;1;1;2;8;7;6;3;3;3;3;0;5;4;2;8;7;6;3;3;3;3;3;3;3;3;3;3;3;3;3;3;0;5;4;1;1;
?;?;?;?;?;?;?;?;?;?;5;4;2;8;7;6;3;0;5;4;1;1;1;1;1;1;1;1;1;1;1;1;2;8;7;6;3;3;3;3;0;5;4;1;1;1;1;1;1;1;
?;?;?;?;?;?;?;?;?;?;2;8;7;6;3;3;3;3;3;3;3;3;3;3;3;3;3;0;5;4;1;1;1;1;1;1;1;1;1;1;1;1;1;1;1;1;1;1;1;1;
?;?;?;?;?;?;?;?;?;?;0;5;4;1;1;2;8;7;6;0;5;4;1;1;1;1;2;8;7;6;3;3;3;3;3;3;3;3;3;3;3;3;3;3;3;3;3;3;3;0;
?;?;?;?;?;?;?;?;?;?;5;4;1;1;1;1;1;2;8;7;6;3;0;5;4;1;1;1;1;1;1;1;1;1;1;1;2;8;7;6;3;3;3;3;3;3;3;3;3;3;
?;?;?;?;?;?;?;?;?;?;3;3;3;3;3;3;3;0;5;4;1;1;1;1;1;1;1;1;1;1;1;1;1;1;1;2;8;7;6;3;3;0;5;4;1;1;1;1;1;2;
?;?;?;?;?;?;?;?;?;?;0;5;4;1;1;2;8;7;6;3;3;0;5;2;8;7;6;0;5;4;1;1;1;1;1;1;1;2;8;7;6;3;3;3;3;3;3;3;3;3;
?;?;?;?;?;?;?;?;?;?;1;1;1;1;1;1;2;8;7;6;3;3;3;3;3;3;3;0;5;4;1;1;1;2;8;7;6;3;3;3;3;3;0;5;4;1;1;1;1;1;
?;?;?;?;?;?;?;?;?;?;0;5;4;1;1;2;8;7;6;3;3;3;0;5;2;8;7;6;3;3;3;3;3;0;5;4;1;1;1;1;1;1;1;1;2;8;0;5;4;1;
?;?;?;?;?;?;?;?;?;?;0;5;4;1;1;1;2;8;7;6;3;3;0;5;2;8;7;6;3;0;5;4;1;1;1;1;1;2;8;7;6;3;3;3;3;3;3;3;3;3;
?;?;?;?;?;?;?;?;?;?;6;3;3;3;3;3;0;5;4;1;1;1;1;1;1;1;2;8;7;6;3;3;3;3;0;5;4;1;1;1;1;1;1;1;2;8;7;6;3;3;
?;?;?;?;?;?;?;?;?;?;3;0;5;4;1;1;1;1;1;1;1;1;1;2;8;7;6;3;3;3;3;0;5;4;1;2;8;7;6;3;3;3;3;3;3;3;3;3;3;3;
?;?;?;?;?;?;?;?;?;?;5;4;1;1;1;1;1;2;8;7;6;3;3;3;3;3;3;3;3;0;5;4;1;1;1;1;2;8;7;6;3;3;3;3;3;0;5;4;1;1;
?;?;?;?;?;?;?;?;?;?;2;8;7;6;3;3;0;5;4;1;1;1;1;1;1;1;1;1;1;2;8;7;6;3;3;3;3;0;5;4;1;1;1;1;1;1;1;1;1;1;
?;?;?;?;?;?;?;?;?;?;3;3;3;3;3;3;3;3;3;3;3;3;0;5;4;1;1;1;1;1;2;8;7;6;3;3;0;5;4;1;1;1;1;1;1;1;1;1;1;1;
?;?;?;?;?;?;?;?;?;?;3;0;5;2;8;7;6;3;3;0;5;4;1;1;2;8;7;6;3;3;0;5;4;1;1;1;1;1;1;1;1;1;1;1;2;8;7;6;3;3;
?;?;?;?;?;?;?;?;?;?;7;6;3;3;3;0;5;4;2;8;7;6;3;3;3;3;0;5;4;1;1;1;1;1;1;1;2;8;7;6;3;3;3;3;3;3;3;3;3;3;
?;?;?;?;?;?;?;?;?;?;1;1;2;0;5;4;1;1;1;2;8;7;6;3;3;3;3;0;5;4;1;1;1;2;8;7;6;3;3;3;3;3;3;0;5;4;1;1;1;1;
?;?;?;?;?;?;?;?;?;?;2;8;7;6;3;3;3;0;5;4;1;1;1;1;1;1;1;2;8;7;6;3;3;3;3;3;3;3;3;3;3;0;5;4;1;1;1;1;1;1;
?;?;?;?;?;?;?;?;?;?;1;1;1;1;1;1;1;1;2;8;7;6;3;3;3;3;3;0;5;4;1;1;1;1;1;1;1;2;8;7;6;3;3;3;3;3;3;3;3;3;
?;?;?;?;?;?;?;?;?;?;4;1;1;1;1;1;2;8;7;6;3;0;5;4;1;1;1;1;1;1;1;2;8;7;6;3;3;3;3;3;3;3;3;3;3;3;3;3;0;5;
?;?;?;?;?;?;?;?;?;?;8;7;6;3;3;3;0;5;4;1;1;1;1;2;8;7;6;3;3;3;3;3;0;5;4;1;1;1;1;1;2;8;7;6;0;5;4;1;1;1;
?;?;?;?;?;?;?;?;?;?;1;2;8;7;0;5;4;1;1;2;8;7;6;3;3;3;3;3;3;3;3;3;3;3;3;3;3;3;3;0;5;4;1;1;1;1;1;1;1;1;
?;?;?;?;?;?;?;?;?;?;0;5;4;1;1;1;1;2;0;5;4;1;1;1;1;1;2;8;7;0;5;4;1;1;1;2;8;7;6;3;3;3;3;3;3;3;3;3;3;0;
?;?;?;?;?;?;?;?;?;?;1;1;1;2;8;7;6;3;3;3;3;3;3;3;3;3;3;3;3;3;3;3;3;3;3;3;3;0;5;4;1;1;1;1;1;2;8;7;6;3;
?;?;?;?;?;?;?;?;?;?;8;7;6;3;3;3;3;0;5;4;2;8;7;0;5;4;1;1;1;1;1;1;1;1;1;1;1;1;1;2;8;7;6;3;3;0;5;4;1;1;
?;?;?;?;?;?;?;?;?;?;1;1;1;1;1;1;1;1;1;2;8;7;6;3;3;3;3;3;3;3;3;3;3;3;3;0;5;4;1;1;1;1;2;8;7;6;3;3;0;5;
?;?;?;?;?;?;?;?;?;?;5;4;1;1;1;1;1;2;0;5;4;1;1;1;2;8;7;6;3;3;3;3;0;5;4;1;2;8;7;6;3;3;3;3;3;3;3;3;3;3;
?;?;?;?;?;?;?;?;?;?;3;0;5;4;1;1;1;2;8;7;6;3;0;5;4;1;2;8;7;6;3;3;3;3;3;3;3;3;0;5;4;1;1;1;1;1;1;1;1;1;
?;?;?;?;?;?;?;?;?;?;0;5;4;2;8;7;6;3;3;3;0;5;4;1;1;1;1;1;1;1;1;1;1;1;1;2;8;7;6;3;3;3;3;3;3;3;0;5;4;1;
?;?;?;?;?;?;?;?;?;?;5;4;1;1;1;1;2;8;7;6;3;3;0;5;4;2;8;7;6;3;3;3;3;3;0;5;4;1;1;2;8;7;6;3;3;3;3;0;5;4;
?;?;?;?;?;?;?;?;?;?;0;5;4;1;2;8;7;6;3;3;0;5;4;1;1;1;1;1;1;1;1;1;1;1;1;2;8;7;6;3;3;3;0;5;4;1;1;1;1;1;
?;?;?;?;?;?;?;?;?;?;3;3;3;3;3;0;5;4;1;1;1;1;1;1;1;2;8;7;6;3;3;0;5;4;1;1;1;1;2;8;7;6;3;3;3;3;3;3;3;3;
?;?;?;?;?;?;?;?;?;?;5;4;1;1;2;8;7;6;3;3;3;3;3;3;0;5;4;1;1;1;1;1;2;8;7;6;3;3;3;3;3;3;0;5;4;1;1;1;2;8;
?;?;?;?;?;?;?;?;?;?;1;1;2;8;7;6;3;3;3;3;3;3;3;3;3;3;3;3;3;3;0;5;4;1;1;2;8;7;6;3;3;3;3;3;3;3;3;3;3;3;
?;?;?;?;?;?;?;?;?;?;3;3;3;0;5;4;1;1;1;1;1;1;2;8;7;6;3;3;3;3;3;3;3;3;3;3;3;3;0;5;4;1;1;1;1;1;1;1;1;1;
?;?;?;?;?;?;?;?;?;?;5;4;1;1;1;2;8;7;6;3;3;0;5;4;1;1;2;8;7;6;3;3;3;0;5;4;1;1;1;1;1;1;2;8;7;6;0;5;4;1;
?;?;?;?;?;?;?;?;?;?;2;8;7;6;3;3;3;3;3;3;3;3;0;5;4;1;1;1;1;1;2;8;7;6;0;5;4;1;1;1;1;1;2;8;7;6;3;3;3;3;
?;?;?;?;?;?;?;?;?;?;5;4;1;1;1;1;2;8;7;6;3;3;3;3;3;3;3;3;3;3;3;0;5;4;1;1;1;1;1;1;1;2;8;7;6;3;3;3;3;0;
?;?;?;?;?;?;?;?;?;?;7;6;3;3;0;5;4;1;1;1;1;2;8;7;6;3;0;5;4;1;1;1;1;1;2;8;7;6;3;3;3;3;0;5;4;1;1;1;1;1;
?;?;?;?;?;?;?;?;?;?;1;2;8;0;5;4;1;1;1;1;1;1;2;8;7;6;3;3;3;3;3;3;3;3;3;3;3;0;5;4;1;1;1;1;2;8;7;6;3;3;
?;?;?;?;?;?;?;?;?;?;3;3;3;0;5;4;1;1;1;1;1;2;8;7;6;3;3;3;0;5;4;1;1;1;1;1;1;2;8;7;6;3;3;3;3;3;3;3;3;3;
?;?;?;?;?;?;?;?;?;?;1;1;1;1;2;8;7;6;3;3;3;3;3;3;3;0;2;8;7;6;3;3;3;3;3;3;3;3;3;3;3;3;3;3;3;3;3;3;0;5;
?;?;?;?;?;?;?;?;?;?;0;5;4;1;1;1;1;1;2;8;7;6;3;3;3;3;3;0;5;4;1;1;1;1;1;1;1;1;1;1;1;1;1;1;1;1;1;1;1;2;
?;?;?;?;?;?;?;?;?;?;0;5;4;1;1;1;1;2;8;7;6;3;3;3;3;3;3;0;5;4;1;1;2;8;7;6;3;3;0;5;4;1;1;1;1;1;2;8;7;6;
?;?;?;?;?;?;?;?;?;?;7;6;3;3;0;5;4;1;1;1;1;1;1;1;1;1;1;1;2;8;7;6;3;3;3;3;0;5;4;1;1;1;1;1;1;1;1;1;1;1;
?;?;?;?;?;?;?;?;?;?;1;1;2;8;7;6;3;3;3;3;3;3;3;0;5;4;1;1;1;1;1;2;8;7;6;3;0;5;4;1;1;1;1;1;1;1;1;1;1;1;
?;?;?;?;?;?;?;?;?;?;3;0;5;4;1;1;1;2;8;7;6;0;5;4;1;1;1;1;1;1;1;1;1;1;1;1;1;1;1;1;1;1;2;8;7;6;3;3;3;0;
?;?;?;?;?;?;?;?;?;?;2;8;7;6;3;3;0;5;4;1;1;2;8;7;6;3;3;0;5;4;1;1;1;2;8;7;6;3;3;3;3;0;5;4;1;1;1;1;1;2;
?;?;?;?;?;?;?;?;?;?;4;1;1;1;1;1;2;8;7;6;3;3;3;3;3;3;3;3;3;3;3;0;5;4;1;1;1;1;1;1;1;1;1;1;2;8;7;6;3;3;
?;?;?;?;?;?;?;?;?;?;3;0;5;4;1;1;1;1;1;1;2;8;7;6;3;3;3;0;5;4;1;1;1;1;1;1;1;1;2;8;7;6;3;3;3;0;5;4;1;1;
?;?;?;?;?;?;?;?;?;?;0;5;4;1;1;1;1;1;1;1;1;1;1;1;1;1;2;8;7;6;3;3;3;3;3;3;3;3;3;3;3;3;3;3;3;3;3;3;3;3;
?;?;?;?;?;?;?;?;?;?;8;7;6;3;3;3;0;5;4;1;1;1;2;8;7;6;3;0;5;4;1;1;2;8;7;6;3;0;5;4;1;1;1;1;1;1;1;1;1;1;
?;?;?;?;?;?;?;?;?;?;8;7;6;3;0;5;4;1;1;1;1;2;8;7;6;3;0;5;4;1;1;1;1;1;1;1;1;1;1;2;8;7;6;3;3;3;0;5;4;1;
?;?;?;?;?;?;?;?;?;?;4;2;8;7;6;3;3;3;3;3;0;5;4;1;1;1;1;1;1;1;1;1;1;1;1;2;8;7;6;3;3;3;3;3;3;3;3;3;3;3;
?;?;?;?;?;?;?;?;?;?;3;3;3;3;3;3;3;3;3;0;5;4;1;1;1;1;1;1;1;1;1;1;1;1;1;1;1;1;1;1;1;1;1;2;8;7;6;3;0;5;
?;?;?;?;?;?;?;?;?;?;3;3;3;3;3;3;3;3;3;3;3;0;5;4;1;1;1;2;8;7;6;3;0;5;4;1;2;8;7;6;0;5;4;1;1;1;1;1;1;1;
?;?;?;?;?;?;?;?;?;?;8;7;6;3;3;3;3;3;3;3;3;3;3;3;3;3;3;0;5;4;1;1;1;1;1;1;1;1;1;1;1;1;1;1;1;1;1;1;1;1;
?;?;?;?;?;?;?;?;?;?;0;5;4;1;1;1;1;2;8;7;6;3;3;3;0;5;4;1;1;1;1;2;8;7;6;3;3;3;3;3;3;3;3;3;3;3;3;0;5;4;
?;?;?;?;?;?;?;?;?;?;2;8;7;6;3;3;3;0;5;4;2;8;7;6;0;5;4;1;1;1;1;1;1;1;1;1;1;1;1;1;2;8;7;6;3;3;3;3;3;3;
?;?;?;?;?;?;?;?;?;?;8;7;6;3;0;5;4;1;1;1;1;1;1;1;1;1;1;1;1;1;2;8;7;6;3;3;0;5;2;8;7;6;3;3;3;0;5;4;1;1;
?;?;?;?;?;?;?;?;?;?;3;0;5;2;8;7;6;3;3;3;3;3;3;0;5;4;1;1;1;1;1;1;1;1;1;1;1;1;1;1;1;1;1;1;1;1;1;1;2;8;
?;?;?;?;?;?;?;?;?;?;1;2;0;5;4;1;1;1;1;1;2;8;7;6;3;0;5;4;1;1;1;1;1;1;1;1;1;1;1;2;8;7;6;3;3;3;3;3;0;5;
?;?;?;?;?;?;?;?;?;?;4;1;1;1;2;8;7;6;3;3;0;5;4;1;1;1;1;1;1;2;8;7;6;3;3;3;3;3;3;3;3;0;5;4;1;1;1;1;1;1;
?;?;?;?;?;?;?;?;?;?;3;3;0;5;4;1;1;1;1;1;2;8;7;6;3;3;3;3;3;3;0;5;4;1;1;1;1;1;1;1;1;1;1;1;1;1;1;1;1;1;
?;?;?;?;?;?;?;?;?;?;8;7;6;3;3;0;5;4;1;1;1;1;1;1;1;1;1;1;1;2;8;7;6;3;3;3;3;3;3;3;3;3;3;0;5;4;1;1;1;1;
?;?;?;?;?;?;?;?;?;?;0;5;4;1;2;8;7;6;3;3;0;5;4;1;1;1;1;1;1;1;1;1;1;1;1;1;1;2;8;7;6;3;3;3;3;3;3;3;3;3;
?;?;?;?;?;?;?;?;?;?;7;6;3;3;3;3;3;3;3;3;3;3;3;3;3;3;3;3;3;0;5;4;1;1;1;1;1;1;1;1;1;2;8;7;0;5;4;1;1;2;
?;?;?;?;?;?;?;?;?;?;2;8;7;6;3;3;3;3;3;3;3;3;0;5;4;1;1;1;1;1;1;2;8;7;6;3;0;5;4;1;1;1;1;1;1;2;8;7;6;3;
?;?;?;?;?;?;?;?;?;?;0;5;4;1;1;1;2;8;7;6;3;3;3;3;3;3;0;5;4;1;1;1;1;1;1;1;1;1;1;1;1;1;1;1;1;1;1;1;1;2;
?;?;?;?;?;?;?;?;?;?;2;8;7;0;5;4;1;1;1;1;2;8;7;6;3;3;3;0;5;4;1;1;1;1;1;2;8;7;6;3;3;3;3;0;5;4;1;1;1;1;
?;?;?;?;?;?;?;?;?;?;0;5;4;1;1;1;1;1;1;1;1;1;1;1;2;8;7;6;3;3;3;3;3;3;3;3;3;3;3;3;3;3;3;3;3;0;5;4;1;1;
?;?;?;?;?;?;?;?;?;?;1;2;0;5;4;1;1;1;1;2;8;7;6;3;3;3;3;0;5;4;1;1;1;1;1;2;8;7;6;3;3;3;3;3;3;3;3;3;3;3;
?;?;?;?;?;?;?;?;?;?;0;5;4;1;1;1;2;8;7;0;5;4;1;1;1;1;2;8;7;6;3;3;3;3;3;3;3;3;3;3;0;5;4;1;2;8;7;6;3;3;
?;?;?;?;?;?;?;?;?;?;8;7;6;3;3;3;3;0;2;8;7;6;3;3;3;0;5;4;1;1;1;1;1;1;1;1;1;1;1;1;1;1;1;1;1;1;2;8;7;6;
?;?;?;?;?;?;?;?;?;?;7;6;3;3;3;3;3;3;3;3;3;3;3;3;3;3;3;0;5;4;1;1;1;1;1;1;1;1;1;1;1;1;1;1;1;1;1;1;1;1;
?;?;?;?;?;?;?;?;?;?;5;4;1;1;1;1;1;1;2;8;7;6;3;0;5;4;1;1;1;1;1;1;1;1;1;2;8;7;6;3;3;3;3;0;5;4;1;1;1;1;
?;?;?;?;?;?;?;?;?;?;1;1;1;1;1;1;1;1;2;8;7;6;3;3;3;3;3;3;3;3;3;0;5;4;1;1;1;1;1;1;2;8;7;6;3;3;3;3;3;3;
?;?;?;?;?;?;?;?;?;?;3;3;0;5;4;1;1;2;8;7;6;3;3;3;3;3;3;0;5;4;1;1;1;1;1;1;1;1;1;2;8;7;6;3;3;3;3;3;3;3;
?;?;?;?;?;?;?;?;?;?;2;8;7;6;3;3;3;3;3;3;3;3;3;3;3;0;5;4;1;1;1;2;8;7;6;0;5;4;1;1;1;1;1;1;2;8;7;6;3;3;
?;?;?;?;?;?;?;?;?;?;2;8;7;6;3;3;0;5;4;1;2;8;7;6;0;5;4;1;1;1;1;1;1;1;1;1;1;1;1;1;2;8;7;6;3;3;3;0;5;4;
?;?;?;?;?;?;?;?;?;?;2;8;7;6;3;3;3;3;0;5;4;1;1;1;1;1;1;1;1;2;8;7;0;5;4;1;1;1;1;1;2;8;7;6;3;3;3;0;5;4;
?;?;?;?;?;?;?;?;?;?;0;5;4;1;1;2;8;7;6;3;0;5;4;1;2;8;7;6;3;3;3;0;5;4;1;1;2;8;7;6;3;3;3;3;3;0;5;4;1;1;
?;?;?;?;?;?;?;?;?;?;2;8;7;6;3;3;0;5;4;1;1;1;1;1;1;1;1;1;1;1;1;2;8;7;6;3;3;3;3;3;3;3;3;3;3;0;5;4;1;1;
?;?;?;?;?;?;?;?;?;?;7;6;3;3;3;0;5;4;1;1;1;1;1;2;8;7;0;5;4;1;1;1;1;1;2;8;7;6;3;3;3;3;3;0;5;4;1;1;1;1;
?;?;?;?;?;?;?;?;?;?;0;5;4;1;1;2;8;7;6;3;3;3;3;3;0;2;8;7;0;5;4;1;1;1;1;1;1;1;1;1;1;1;1;1;2;8;7;6;3;3;
?;?;?;?;?;?;?;?;?;?;0;5;4;1;1;2;8;7;6;3;3;3;0;5;2;8;7;6;3;3;0;5;4;1;1;1;1;1;1;1;1;1;1;1;2;8;7;6;3;3;
?;?;?;?;?;?;?;?;?;?;2;8;7;6;3;0;5;4;1;1;1;1;1;1;1;1;2;8;7;6;3;3;3;3;3;3;3;0;5;4;1;2;8;7;6;3;0;5;4;1;
?;?;?;?;?;?;?;?;?;?;0;5;4;1;1;1;1;2;8;7;6;3;3;3;3;3;3;3;3;3;3;0;5;4;1;1;1;2;8;7;6;3;3;3;0;5;4;1;1;1;
?;?;?;?;?;?;?;?;?;?;5;4;1;1;1;2;8;7;6;3;3;0;5;4;1;1;1;2;8;7;6;3;3;3;3;3;3;3;3;3;3;3;0;5;4;1;1;1;1;1;
?;?;?;?;?;?;?;?;?;?;3;3;3;3;3;3;3;3;0;5;4;1;1;1;2;8;7;6;3;3;0;5;4;1;1;1;1;1;1;1;1;1;1;1;1;1;1;1;1;1;
?;?;?;?;?;?;?;?;?;?;1;1;1;1;1;2;8;7;6;3;3;3;3;0;5;4;1;1;1;2;8;7;6;3;3;3;3;3;3;0;5;4;1;1;1;1;1;1;1;2;
?;?;?;?;?;?;?;?;?;?;8;7;6;3;3;3;0;5;4;1;1;1;1;1;1;1;1;1;1;1;1;1;1;1;1;2;8;7;6;3;3;3;3;0;5;4;1;1;1;1;
?;?;?;?;?;?;?;?;?;?;0;5;4;1;1;1;2;8;7;0;5;4;1;1;1;1;2;8;0;5;4;1;1;1;1;1;1;1;1;1;1;1;1;1;1;1;2;8;7;6;
?;?;?;?;?;?;?;?;?;?;2;8;7;6;3;3;0;5;4;1;2;8;7;6;3;3;3;3;3;3;3;3;3;3;3;3;0;5;4;1;1;2;8;7;6;3;3;3;3;3;
?;?;?;?;?;?;?;?;?;?;2;8;7;6;3;0;5;4;1;2;8;7;6;3;0;5;4;1;1;1;1;1;2;8;7;6;3;3;3;3;3;3;3;3;3;3;3;3;0;5;
?;?;?;?;?;?;?;?;?;?;2;8;7;6;0;5;4;1;1;2;8;7;6;3;3;3;3;3;0;5;4;1;1;1;1;1;1;1;1;1;1;2;8;7;6;3;3;3;3;3;
?;?;?;?;?;?;?;?;?;?;5;4;1;2;8;7;6;3;3;0;5;4;1;1;1;1;2;8;7;6;3;3;3;3;0;5;4;1;1;1;1;1;1;1;1;1;1;1;1;2;
?;?;?;?;?;?;?;?;?;?;0;5;4;1;1;1;2;8;7;6;3;3;3;3;0;5;4;1;1;1;1;2;0;5;4;1;1;1;1;1;1;1;2;8;7;6;3;3;3;0;
?;?;?;?;?;?;?;?;?;?;3;3;0;5;2;8;7;6;3;3;0;5;4;1;1;1;1;1;1;1;1;1;1;1;1;1;1;1;1;1;1;1;1;1;1;1;1;2;8;7;
?;?;?;?;?;?;?;?;?;?;8;7;6;3;3;0;5;4;1;1;1;1;1;1;1;1;1;1;1;2;8;7;6;3;3;3;0;5;4;1;1;1;1;1;1;1;1;1;2;8;
?;?;?;?;?;?;?;?;?;?;1;1;1;1;1;2;8;7;6;3;3;3;3;3;3;3;3;3;3;0;5;4;1;1;1;1;1;1;1;1;2;8;7;6;3;3;0;5;4;1;
?;?;?;?;?;?;?;?;?;?;2;8;7;6;0;5;4;1;1;1;1;1;1;1;1;1;1;1;1;2;8;7;6;3;3;3;0;5;4;1;1;2;8;7;6;3;3;3;3;3;
?;?;?;?;?;?;?;?;?;?;5;4;1;1;1;2;8;7;6;3;0;5;4;1;1;1;1;1;1;1;1;2;8;7;6;3;3;3;3;3;3;3;3;0;5;4;1;1;1;2;
?;?;?;?;?;?;?;?;?;?;2;8;7;6;3;3;3;3;0;5;4;2;8;7;6;3;3;3;3;3;0;5;4;1;1;1;1;1;1;1;2;8;7;6;3;3;3;3;3;0;
?;?;?;?;?;?;?;?;?;?;3;0;5;4;1;1;1;1;1;2;8;7;0;5;4;1;1;1;1;1;1;1;1;1;1;2;8;7;6;3;3;3;3;3;3;3;3;3;3;3;
?;?;?;?;?;?;?;?;?;?;1;1;1;1;2;8;7;6;3;3;3;0;5;4;2;8;7;6;3;0;5;4;1;1;1;1;1;1;1;1;1;2;8;7;6;3;3;3;3;3;
?;?;?;?;?;?;?;?;?;?;8;7;6;3;3;3;3;3;3;3;3;3;3;3;3;0;5;4;1;1;1;1;1;1;1;1;2;8;7;6;3;3;3;3;3;3;0;5;4;1;
?;?;?;?;?;?;?;?;?;?;2;8;7;6;0;5;4;1;1;2;8;7;6;3;3;3;0;5;4;1;1;1;1;1;1;2;8;7;6;3;3;3;0;5;4;1;1;1;1;1;
?;?;?;?;?;?;?;?;?;?;8;7;6;3;3;3;3;0;5;4;1;1;1;2;8;0;5;4;1;1;1;1;1;1;1;1;1;1;1;1;1;1;1;1;1;1;1;1;1;1;
?;?;?;?;?;?;?;?;?;?;0;5;4;1;1;1;2;8;7;6;3;3;0;5;4;2;8;7;6;0;5;4;1;1;1;1;2;8;7;6;3;0;5;4;1;1;1;1;1;1;
?;?;?;?;?;?;?;?;?;?;0;5;4;1;1;2;8;7;6;3;3;3;3;3;3;3;3;3;3;3;0;5;4;1;1;1;1;1;1;1;1;1;1;2;8;7;6;3;3;3;
?;?;?;?;?;?;?;?;?;?;3;3;3;3;3;3;3;3;3;3;0;5;4;1;1;1;2;8;7;6;3;3;3;3;3;3;3;0;5;4;1;1;1;1;1;1;1;1;2;8;
?;?;?;?;?;?;?;?;?;?;2;8;7;6;3;0;5;4;1;1;1;1;1;1;1;1;1;1;1;1;1;2;8;7;6;0;5;4;1;1;2;8;7;6;0;5;4;1;1;1;
?;?;?;?;?;?;?;?;?;?;3;3;3;3;3;3;3;0;5;4;1;1;1;1;1;2;8;7;6;3;3;0;5;4;1;1;1;1;1;1;2;8;7;6;3;3;3;3;3;3;
?;?;?;?;?;?;?;?;?;?;1;2;8;7;6;0;5;4;1;2;8;7;6;3;3;3;3;0;5;4;1;1;1;1;2;8;7;6;3;3;3;3;3;3;3;3;3;3;3;0;
?;?;?;?;?;?;?;?;?;?;3;3;3;3;3;3;3;3;3;3;3;3;0;5;4;1;1;1;1;1;1;1;1;1;1;1;1;1;1;1;1;1;1;1;1;1;1;1;1;1;
?;?;?;?;?;?;?;?;?;?;1;1;1;1;1;1;2;8;7;6;3;3;3;3;3;0;5;4;1;1;1;1;1;1;1;1;1;2;8;7;6;3;3;3;3;3;3;0;5;4;
?;?;?;?;?;?;?;?;?;?;2;8;7;6;3;3;3;3;3;3;3;3;3;0;5;4;1;1;1;1;2;8;7;6;3;0;5;4;1;1;1;1;1;1;1;1;1;1;1;1;
?;?;?;?;?;?;?;?;?;?;2;8;7;6;0;5;4;1;1;1;1;2;8;7;6;3;3;3;3;3;3;3;3;3;3;0;5;4;1;1;1;1;1;2;8;7;6;3;3;3;
?;?;?;?;?;?;?;?;?;?;2;8;7;6;3;0;5;4;1;1;1;1;1;2;8;7;6;3;3;3;3;3;3;3;0;5;4;1;1;1;1;2;8;7;6;3;3;3;3;0;
?;?;?;?;?;?;?;?;?;?;3;3;3;3;3;3;0;5;4;1;1;1;1;1;1;2;8;7;6;3;3;3;3;3;3;3;3;0;5;4;1;1;1;1;1;1;1;1;1;1;
?;?;?;?;?;?;?;?;?;?;3;3;0;5;4;1;1;1;1;1;1;1;1;1;1;1;1;1;1;1;1;1;1;1;1;1;1;2;8;7;6;3;0;5;4;1;1;1;1;1;
?;?;?;?;?;?;?;?;?;?;3;3;3;3;3;3;0;5;4;1;1;1;1;1;1;2;8;7;6;3;3;3;0;5;4;1;1;1;1;1;1;1;1;2;8;7;6;3;3;0;
?;?;?;?;?;?;?;?;?;?;7;6;3;3;3;3;0;5;4;1;2;8;7;0;5;4;1;1;1;1;2;8;7;0;5;4;1;1;1;1;1;2;8;7;6;3;0;5;4;1;
?;?;?;?;?;?;?;?;?;?;0;5;4;1;1;1;1;1;2;8;7;6;3;3;3;3;3;3;3;3;0;5;4;1;1;1;1;2;8;7;6;3;3;3;3;3;3;3;3;3;
?;?;?;?;?;?;?;?;?;?;7;6;3;0;5;4;1;1;1;1;1;1;2;8;7;6;3;3;3;3;3;3;3;3;3;0;5;4;1;1;1;1;2;8;7;6;3;3;3;3;
?;?;?;?;?;?;?;?;?;?;2;8;7;6;3;0;5;4;1;2;8;7;6;3;3;0;5;4;1;2;8;7;6;3;3;3;3;3;0;5;4;1;1;1;1;1;1;2;8;7;
?;?;?;?;?;?;?;?;?;?;3;3;0;2;8;7;6;0;5;4;1;1;1;1;2;8;7;6;3;3;0;5;4;1;1;1;1;1;1;1;2;8;7;6;3;3;3;3;0;5;
?;?;?;?;?;?;?;?;?;?;8;7;6;3;3;0;5;4;1;1;1;1;1;1;1;1;1;1;1;1;1;1;2;8;7;6;3;3;3;3;3;3;3;3;0;5;4;1;1;1;
?;?;?;?;?;?;?;?;?;?;8;7;6;3;3;0;5;4;1;1;1;1;2;8;7;6;3;3;3;0;5;4;1;1;1;1;1;1;1;1;1;2;8;7;6;3;3;3;3;3;
?;?;?;?;?;?;?;?;?;?;8;7;6;3;0;5;4;1;1;2;8;7;6;3;3;3;0;5;4;1;1;1;1;1;1;2;8;7;6;3;3;3;3;3;0;5;4;1;1;1;
?;?;?;?;?;?;?;?;?;?;1;1;1;1;1;1;1;1;1;1;2;8;7;6;3;3;3;3;3;3;3;3;3;3;3;3;3;3;3;3;3;3;3;3;3;3;3;3;3;3;