?;?;?;?;?;?;?;?;?;?;?;?;?;?;4;4;4;4;4;4;4;74;10;9;50;21;20;19;18;17;16;22;22;22;22;22;22;22;22;22;22;22;22;22;22;22;22;81;80;43;
?;?;?;?;?;?;?;?;?;?;?;?;?;?;50;21;20;19;18;17;16;22;22;22;22;22;22;81;80;43;39;26;25;24;23;74;10;9;50;21;20;19;18;17;16;15;14;13;39;26;
?;?;?;?;?;?;?;?;?;?;?;?;?;?;76;71;69;68;66;21;20;19;81;80;43;39;26;71;69;68;66;21;20;19;18;17;81;80;43;39;26;25;24;23;12;8;10;9;50;21;
?;?;?;?;?;?;?;?;?;?;?;?;?;?;4;4;74;10;9;50;21;20;47;45;79;78;150;148;147;122;108;107;19;18;17;16;22;22;22;22;22;22;22;22;22;22;81;80;43;39;
?;?;?;?;?;?;?;?;?;?;?;?;?;?;115;52;51;82;3;61;57;0;21;20;19;81;80;43;39;26;25;24;23;12;75;4;4;4;4;4;4;74;10;9;50;21;20;19;81;80;
?;?;?;?;?;?;?;?;?;?;?;?;?;?;43;39;70;59;141;136;131;123;100;99;98;97;96;75;4;4;4;4;4;4;4;4;4;74;10;9;50;21;20;19;81;80;43;39;70;59;
?;?;?;?;?;?;?;?;?;?;?;?;?;?;26;25;72;58;55;54;53;112;110;118;3;61;57;0;21;20;19;18;17;16;15;14;13;39;26;25;24;23;12;75;4;4;4;4;4;4;
?;?;?;?;?;?;?;?;?;?;?;?;?;?;26;71;69;68;66;21;47;45;79;78;26;25;24;73;60;67;0;21;20;19;18;17;16;15;14;13;39;26;25;24;23;12;8;10;9;50;
?;?;?;?;?;?;?;?;?;?;?;?;?;?;75;4;4;4;4;4;74;10;9;50;21;20;19;18;17;16;22;22;22;22;22;22;22;22;81;80;43;39;26;25;24;23;74;10;9;50;
?;?;?;?;?;?;?;?;?;?;?;?;?;?;21;20;47;45;79;78;26;25;24;23;12;75;4;4;74;10;9;50;21;20;19;18;17;16;22;22;22;22;22;22;22;22;22;81;80;43;
?;?;?;?;?;?;?;?;?;?;?;?;?;?;35;22;22;22;22;22;22;22;22;22;22;22;81;80;43;39;26;25;24;23;12;75;4;74;10;9;50;21;20;19;18;81;80;43;39;26;
?;?;?;?;?;?;?;?;?;?;?;?;?;?;15;14;13;39;26;25;24;23;12;75;4;4;4;4;4;4;4;4;4;4;4;4;4;4;74;10;9;50;21;20;19;18;17;16;22;22;
?;?;?;?;?;?;?;?;?;?;?;?;?;?;66;21;20;19;18;17;16;22;22;22;22;81;80;43;39;26;25;24;23;12;75;4;4;4;74;10;9;50;21;20;19;81;80;43;39;26;
?;?;?;?;?;?;?;?;?;?;?;?;?;?;20;47;45;79;78;26;25;24;73;60;67;54;53;112;110;118;94;77;73;60;67;0;21;20;19;18;17;16;22;81;80;43;39;26;25;24;
?;?;?;?;?;?;?;?;?;?;?;?;?;?;148;147;122;108;107;81;80;43;39;26;71;69;68;144;139;129;126;95;94;77;4;74;10;9;50;21;20;19;18;17;16;22;22;81;80;43;
?;?;?;?;?;?;?;?;?;?;?;?;?;?;26;25;24;23;12;75;4;74;10;9;50;21;20;19;18;81;80;43;39;26;25;24;23;12;8;10;9;50;21;47;45;79;40;28;35;22;
?;?;?;?;?;?;?;?;?;?;?;?;?;?;66;21;47;45;79;78;26;25;24;23;12;8;10;9;50;21;20;19;18;17;16;22;22;22;22;81;80;43;39;26;25;24;23;12;75;4;
?;?;?;?;?;?;?;?;?;?;?;?;?;?;40;28;35;22;22;22;81;80;43;39;26;25;72;58;55;66;21;20;19;18;17;81;80;43;39;26;25;24;23;12;8;10;9;50;21;20;
?;?;?;?;?;?;?;?;?;?;?;?;?;?;16;22;81;80;43;39;26;25;24;23;12;8;10;9;50;48;46;44;87;83;76;75;3;61;57;0;21;20;19;18;17;16;22;22;22;81;
?;?;?;?;?;?;?;?;?;?;?;?;?;?;20;19;18;17;16;22;22;22;81;80;43;39;26;25;24;23;12;8;10;9;50;21;20;19;18;17;16;22;22;22;22;81;80;43;39;26;
?;?;?;?;?;?;?;?;?;?;?;?;?;?;76;71;69;68;66;21;47;45;79;78;26;25;24;23;12;8;10;9;50;21;20;19;18;17;16;22;22;22;22;22;22;22;22;22;81;80;
?;?;?;?;?;?;?;?;?;?;?;?;?;?;78;26;71;69;68;66;21;47;45;79;78;26;25;24;23;12;75;3;61;57;0;21;20;19;18;17;81;80;43;39;26;25;24;23;74;10;
?;?;?;?;?;?;?;?;?;?;?;?;?;?;21;47;45;79;78;150;148;147;122;108;107;19;18;81;80;40;28;35;22;22;22;22;81;80;43;39;26;25;24;23;12;75;4;4;4;4;
?;?;?;?;?;?;?;?;?;?;?;?;?;?;26;25;24;23;12;75;4;4;4;4;4;4;74;10;7;135;134;128;89;84;119;97;96;74;10;9;50;21;20;19;81;80;43;39;26;25;
?;?;?;?;?;?;?;?;?;?;?;?;?;?;26;25;72;146;138;133;2;91;90;121;120;3;61;57;0;21;20;19;81;80;43;39;26;25;24;23;12;8;10;9;50;21;20;19;81;80;
?;?;?;?;?;?;?;?;?;?;?;?;?;?;21;47;45;79;78;150;148;147;122;108;107;19;18;81;80;43;39;26;25;24;23;12;75;4;4;4;4;74;10;9;50;21;20;19;18;17;
?;?;?;?;?;?;?;?;?;?;?;?;?;?;26;25;24;73;60;67;54;53;112;110;118;94;77;4;4;74;10;9;50;21;20;19;81;80;43;39;26;25;24;23;74;10;7;135;134;128;
?;?;?;?;?;?;?;?;?;?;?;?;?;?;75;4;4;4;4;4;74;10;9;50;21;20;19;18;17;16;22;22;22;22;22;22;22;22;81;80;43;39;26;25;24;23;12;75;4;4;
?;?;?;?;?;?;?;?;?;?;?;?;?;?;76;75;3;61;57;0;21;20;19;18;17;16;22;22;22;22;22;22;81;80;43;39;70;59;56;49;145;140;130;127;88;76;75;3;61;57;
?;?;?;?;?;?;?;?;?;?;?;?;?;?;26;71;69;68;66;116;114;113;111;83;76;71;69;68;66;21;20;19;18;17;16;22;22;22;22;22;22;22;22;81;80;43;39;26;25;24;
?;?;?;?;?;?;?;?;?;?;?;?;?;?;9;106;104;102;86;118;94;77;73;60;67;0;21;20;19;18;17;16;22;22;22;22;22;81;80;43;39;26;25;24;23;74;10;9;50;21;
?;?;?;?;?;?;?;?;?;?;?;?;?;?;107;81;80;43;39;26;25;72;58;55;54;53;112;110;118;94;77;73;60;67;0;21;20;19;18;17;81;80;43;39;26;25;24;23;12;75;
?;?;?;?;?;?;?;?;?;?;?;?;?;?;22;22;22;22;22;22;22;22;22;22;22;81;80;43;39;26;25;24;23;12;75;4;4;4;4;4;4;4;4;4;74;10;9;50;21;20;
?;?;?;?;?;?;?;?;?;?;?;?;?;?;78;26;25;72;58;55;66;21;20;19;18;17;16;15;14;13;39;26;25;24;73;60;67;0;21;20;47;45;79;78;26;25;24;23;12;75;
?;?;?;?;?;?;?;?;?;?;?;?;?;?;40;28;35;22;22;22;81;80;43;39;26;25;24;23;12;75;4;4;4;4;4;4;4;4;4;4;4;4;74;10;9;50;21;20;19;18;
?;?;?;?;?;?;?;?;?;?;?;?;?;?;80;43;39;26;25;24;23;12;75;4;4;74;10;9;50;21;20;19;18;17;16;22;81;80;43;39;70;59;56;49;108;107;19;18;17;81;
?;?;?;?;?;?;?;?;?;?;?;?;?;?;54;53;112;110;118;3;61;57;0;21;20;19;18;81;80;43;40;28;35;22;22;22;22;22;81;80;43;39;26;25;24;23;12;75;3;61;
?;?;?;?;?;?;?;?;?;?;?;?;?;?;18;17;16;22;22;22;81;80;43;39;26;25;24;23;12;75;4;4;4;4;4;4;4;4;4;4;4;4;74;10;9;50;21;20;19;81;
?;?;?;?;?;?;?;?;?;?;?;?;?;?;4;4;4;4;4;4;4;4;74;10;9;50;21;20;19;18;17;16;22;22;22;22;81;80;40;28;35;22;22;22;22;22;22;22;22;22;
?;?;?;?;?;?;?;?;?;?;?;?;?;?;29;81;80;43;39;26;25;24;23;12;8;10;9;50;21;20;19;18;81;80;43;39;26;25;24;23;12;75;3;61;57;0;21;20;47;45;
?;?;?;?;?;?;?;?;?;?;?;?;?;?;116;114;113;111;83;76;75;3;61;57;0;21;20;19;18;17;16;22;22;22;22;22;22;22;22;22;22;22;22;22;22;22;22;22;81;80;
?;?;?;?;?;?;?;?;?;?;?;?;?;?;22;22;81;80;43;39;26;25;24;23;12;75;4;4;4;4;4;4;74;10;9;50;48;46;44;87;83;76;75;3;61;57;0;21;20;19;
?;?;?;?;?;?;?;?;?;?;?;?;?;?;3;61;57;0;21;20;19;18;81;80;43;39;26;25;24;23;12;75;4;4;74;10;9;50;48;46;44;87;83;76;71;69;68;66;21;20;
?;?;?;?;?;?;?;?;?;?;?;?;?;?;150;148;147;122;108;107;19;81;80;43;39;26;25;24;23;12;75;4;4;4;4;4;74;10;9;50;21;20;19;18;17;16;22;22;22;22;
?;?;?;?;?;?;?;?;?;?;?;?;?;?;22;81;80;43;39;26;25;24;73;60;67;0;21;20;19;18;81;80;43;39;26;25;24;23;12;75;4;4;4;4;4;4;4;4;4;4;
?;?;?;?;?;?;?;?;?;?;?;?;?;?;20;19;18;17;16;15;14;13;11;3;141;136;131;123;100;99;98;97;96;75;3;61;57;0;21;20;19;18;17;16;22;81;80;43;39;26;
?;?;?;?;?;?;?;?;?;?;?;?;?;?;22;22;22;81;80;43;39;26;25;24;23;74;10;9;50;21;20;47;45;79;78;26;25;24;23;12;8;10;9;50;21;20;19;18;17;16;
?;?;?;?;?;?;?;?;?;?;?;?;?;?;21;20;19;18;17;16;22;81;80;43;39;26;25;24;23;12;75;4;4;4;4;4;4;4;74;10;9;50;21;20;19;18;81;80;43;40;
?;?;?;?;?;?;?;?;?;?;?;?;?;?;39;26;25;24;23;12;75;4;4;4;4;4;4;4;4;4;4;4;4;4;4;74;10;9;50;21;47;45;79;78;26;25;24;73;60;67;
?;?;?;?;?;?;?;?;?;?;?;?;?;?;26;25;24;23;12;8;10;9;50;21;20;19;18;17;16;22;22;22;22;22;22;22;22;22;22;22;81;80;43;39;26;25;72;58;55;66;
?;?;?;?;?;?;?;?;?;?;?;?;?;?;4;4;4;4;4;4;4;74;10;9;50;21;20;19;81;80;43;39;26;25;72;58;55;66;21;20;19;18;17;16;22;22;22;22;22;22;
?;?;?;?;?;?;?;?;?;?;?;?;?;?;26;71;69;68;66;21;20;47;45;79;78;26;25;24;23;12;75;4;4;4;4;74;10;9;50;21;20;47;45;79;78;26;25;24;23;12;
?;?;?;?;?;?;?;?;?;?;?;?;?;?;80;43;39;26;25;24;23;74;10;9;50;21;20;19;81;80;43;39;26;25;24;23;12;75;3;61;57;0;21;20;19;18;17;16;22;22;
?;?;?;?;?;?;?;?;?;?;?;?;?;?;21;20;19;81;80;43;39;26;25;24;23;12;75;4;74;10;9;50;21;20;19;18;17;16;22;22;81;80;43;39;26;25;24;23;12;75;
?;?;?;?;?;?;?;?;?;?;?;?;?;?;21;20;47;45;79;78;150;148;147;122;108;107;19;81;80;43;40;28;35;22;22;22;22;22;81;80;43;39;26;25;24;23;12;75;4;4;
?;?;?;?;?;?;?;?;?;?;?;?;?;?;4;4;74;10;9;50;21;20;19;18;17;16;22;22;22;22;81;80;43;39;26;25;24;23;12;75;4;4;4;4;74;10;9;50;21;20;
?;?;?;?;?;?;?;?;?;?;?;?;?;?;25;72;58;55;66;21;20;19;81;80;43;39;70;59;56;49;145;140;130;127;88;76;75;4;4;4;4;4;4;4;4;4;4;4;4;4;
?;?;?;?;?;?;?;?;?;?;?;?;?;?;16;22;22;22;22;81;80;43;39;26;25;24;23;12;75;4;4;4;74;10;9;50;21;20;19;18;17;16;15;14;13;39;70;59;141;136;
?;?;?;?;?;?;?;?;?;?;?;?;?;?;4;4;4;4;4;4;4;4;4;74;10;9;50;21;20;19;18;17;16;22;22;22;22;22;22;22;22;22;22;22;22;22;22;22;22;22;
?;?;?;?;?;?;?;?;?;?;?;?;?;?;66;21;20;47;45;79;78;26;25;24;23;12;75;4;4;4;4;74;10;9;50;21;20;19;18;17;16;22;22;22;22;81;80;43;39;26;
?;?;?;?;?;?;?;?;?;?;?;?;?;?;45;79;78;26;25;24;23;12;75;4;4;4;74;10;9;50;21;20;19;18;17;16;22;81;42;38;27;34;33;32;31;81;80;43;39;26;
?;?;?;?;?;?;?;?;?;?;?;?;?;?;17;16;22;22;22;22;22;22;81;80;43;39;26;25;24;23;12;75;4;4;4;4;4;4;4;74;10;9;50;21;20;19;18;17;16;22;
?;?;?;?;?;?;?;?;?;?;?;?;?;?;21;20;47;45;79;78;26;25;24;23;12;75;4;4;4;4;74;10;9;50;21;20;19;18;17;16;22;22;22;81;80;43;39;26;25;24;
?;?;?;?;?;?;?;?;?;?;?;?;?;?;21;20;19;18;81;80;43;39;26;25;24;23;12;75;4;74;10;9;50;21;20;19;18;17;16;22;22;81;80;43;39;26;25;24;23;12;
?;?;?;?;?;?;?;?;?;?;?;?;?;?;116;114;113;111;83;76;75;4;4;4;4;4;4;4;4;74;10;9;50;21;20;19;18;17;16;22;22;22;22;22;22;22;22;22;81;80;
?;?;?;?;?;?;?;?;?;?;?;?;?;?;21;47;45;79;78;26;25;24;73;60;67;0;21;20;19;18;17;16;15;14;13;39;70;59;56;49;108;47;45;79;78;26;25;24;23;12;
?;?;?;?;?;?;?;?;?;?;?;?;?;?;116;114;113;111;83;76;75;3;61;57;0;21;20;19;18;17;16;22;22;22;22;22;22;22;22;22;22;81;80;43;39;26;25;24;73;60;
?;?;?;?;?;?;?;?;?;?;?;?;?;?;22;22;81;80;43;39;26;25;24;23;74;10;9;106;104;102;86;118;94;77;4;4;4;4;4;4;4;4;4;4;4;74;10;9;50;21;
?;?;?;?;?;?;?;?;?;?;?;?;?;?;102;86;118;3;61;57;0;21;20;19;18;17;16;22;22;22;22;22;81;80;43;39;26;25;24;23;74;10;9;50;21;20;19;18;17;16;
?;?;?;?;?;?;?;?;?;?;?;?;?;?;26;25;24;23;12;75;4;4;4;4;4;4;4;74;10;9;50;21;20;19;18;17;16;22;22;22;22;22;22;22;22;22;22;22;22;22;
?;?;?;?;?;?;?;?;?;?;?;?;?;?;21;47;45;79;78;150;148;147;122;108;107;19;81;80;43;39;26;25;24;23;12;75;4;4;4;4;4;4;4;4;4;4;4;4;4;74;
?;?;?;?;?;?;?;?;?;?;?;?;?;?;20;19;18;17;81;80;43;39;70;59;56;49;108;107;19;18;17;16;22;22;22;22;81;80;43;39;26;25;24;23;12;75;4;4;4;4;
?;?;?;?;?;?;?;?;?;?;?;?;?;?;4;4;4;74;10;9;50;21;20;19;18;17;16;22;22;22;22;22;22;22;22;81;80;43;39;26;25;72;58;55;66;21;20;19;18;81;
?;?;?;?;?;?;?;?;?;?;?;?;?;?;21;47;45;79;78;26;25;72;58;117;115;52;51;3;61;57;0;21;20;19;18;17;16;15;14;13;39;26;25;24;23;12;75;4;4;4;
?;?;?;?;?;?;?;?;?;?;?;?;?;?;22;22;81;80;43;39;26;25;24;23;12;75;4;74;10;9;50;21;20;47;45;79;78;26;25;24;23;12;8;10;9;50;21;20;19;18;
?;?;?;?;?;?;?;?;?;?;?;?;?;?;21;20;47;45;79;78;26;25;24;73;143;6;5;125;93;92;149;120;75;3;61;57;0;21;20;19;18;17;16;22;22;22;22;22;22;22;
?;?;?;?;?;?;?;?;?;?;?;?;?;?;21;20;47;45;79;78;26;25;72;58;117;115;52;51;82;3;61;57;0;21;20;19;18;81;80;43;39;26;25;24;23;12;75;4;4;4;
?;?;?;?;?;?;?;?;?;?;?;?;?;?;4;4;74;10;9;50;21;20;19;18;17;16;15;14;13;39;26;25;24;23;74;10;9;50;21;20;19;18;17;16;15;14;13;39;26;25;
?;?;?;?;?;?;?;?;?;?;?;?;?;?;66;21;20;19;18;17;16;22;22;81;80;43;39;26;25;24;23;74;10;9;50;48;46;44;87;83;76;75;4;4;4;4;4;4;4;4;
?;?;?;?;?;?;?;?;?;?;?;?;?;?;107;19;18;81;80;43;39;26;25;24;23;12;75;4;4;74;10;9;50;21;20;19;81;80;43;39;26;25;24;23;74;10;9;50;21;20;
?;?;?;?;?;?;?;?;?;?;?;?;?;?;26;25;72;58;55;66;21;20;19;18;17;16;22;22;22;81;80;43;39;26;25;24;23;74;10;9;50;21;20;19;18;17;16;22;22;22;
?;?;?;?;?;?;?;?;?;?;?;?;?;?;75;4;4;4;4;4;4;4;74;10;9;50;21;20;19;18;81;80;43;39;26;25;72;58;55;66;21;20;19;18;17;16;22;22;22;22;
?;?;?;?;?;?;?;?;?;?;?;?;?;?;115;52;51;82;84;3;61;57;0;21;47;45;79;78;26;25;72;58;55;66;21;20;19;18;17;16;22;22;22;22;81;80;43;39;26;25;
?;?;?;?;?;?;?;?;?;?;?;?;?;?;77;73;60;67;54;53;112;110;118;94;77;4;74;10;9;50;21;20;19;18;17;16;15;14;13;39;26;25;24;23;12;75;4;4;4;4;
?;?;?;?;?;?;?;?;?;?;?;?;?;?;38;27;34;33;32;81;80;43;39;26;25;24;23;74;10;9;50;21;20;47;45;79;78;26;25;24;23;12;75;3;61;57;0;21;20;19;
?;?;?;?;?;?;?;?;?;?;?;?;?;?;26;25;72;58;55;66;21;20;19;18;17;16;22;81;80;43;39;26;25;24;23;12;75;4;4;4;4;74;10;9;50;21;20;19;18;17;
?;?;?;?;?;?;?;?;?;?;?;?;?;?;17;16;22;22;81;80;43;39;26;25;24;23;12;8;10;9;50;21;20;19;18;17;16;15;14;13;39;26;25;24;23;12;75;4;4;4;
?;?;?;?;?;?;?;?;?;?;?;?;?;?;19;18;81;80;43;39;26;71;69;68;66;21;20;19;18;17;16;15;14;13;39;26;25;24;23;12;75;4;4;4;4;4;4;4;74;10;
?;?;?;?;?;?;?;?;?;?;?;?;?;?;25;24;73;60;67;0;21;20;19;81;80;43;39;26;25;24;23;12;8;10;9;50;21;20;19;18;81;80;43;39;70;59;56;49;108;107;
?;?;?;?;?;?;?;?;?;?;?;?;?;?;26;25;72;58;117;115;52;51;82;84;119;97;96;75;4;4;4;4;4;4;4;74;10;9;50;21;20;19;18;17;16;22;22;22;22;22;
?;?;?;?;?;?;?;?;?;?;?;?;?;?;21;20;19;81;42;38;27;34;33;32;31;30;105;103;101;40;28;35;22;22;22;81;80;43;39;26;25;24;23;12;75;4;4;4;4;74;
?;?;?;?;?;?;?;?;?;?;?;?;?;?;80;43;39;26;25;24;23;12;75;4;4;4;4;4;4;4;4;4;4;4;4;4;4;74;10;9;50;21;20;19;18;81;80;43;39;26;
?;?;?;?;?;?;?;?;?;?;?;?;?;?;25;24;23;74;10;9;106;104;102;40;28;35;22;22;22;22;22;22;22;22;22;22;22;22;22;81;80;43;39;26;25;72;58;55;66;21;
?;?;?;?;?;?;?;?;?;?;?;?;?;?;16;22;22;22;22;81;80;43;39;26;25;24;23;12;75;4;4;4;4;4;4;74;10;9;50;21;20;19;81;80;43;39;26;25;72;58;
?;?;?;?;?;?;?;?;?;?;?;?;?;?;107;19;18;81;42;38;27;34;33;32;81;80;43;39;26;25;24;23;74;10;9;50;48;46;44;87;83;76;75;4;4;4;4;4;4;4;
?;?;?;?;?;?;?;?;?;?;?;?;?;?;66;21;20;47;45;79;78;26;71;69;68;66;116;114;113;111;83;76;75;4;4;4;4;4;74;10;9;50;21;20;19;18;17;16;22;22;
?;?;?;?;?;?;?;?;?;?;?;?;?;?;115;52;51;82;84;119;3;61;57;0;21;20;19;18;17;16;22;22;22;22;22;81;80;43;39;26;25;24;23;12;75;4;74;10;9;50;
?;?;?;?;?;?;?;?;?;?;?;?;?;?;22;22;22;81;80;43;39;26;71;69;141;136;131;123;100;99;98;97;96;75;3;61;57;0;21;47;45;79;78;26;25;24;23;74;10;9;
?;?;?;?;?;?;?;?;?;?;?;?;?;?;116;114;113;111;83;76;71;69;68;66;21;20;19;18;17;16;22;22;22;22;22;81;80;43;39;26;25;24;73;60;67;0;21;20;19;18;
?;?;?;?;?;?;?;?;?;?;?;?;?;?;75;3;61;57;0;21;20;19;18;17;16;15;14;13;39;26;25;72;58;55;66;21;20;19;81;80;43;39;26;25;24;23;12;75;4;4;
?;?;?;?;?;?;?;?;?;?;?;?;?;?;81;80;43;39;26;25;24;23;12;75;3;61;57;0;21;20;19;18;81;80;43;39;26;25;24;23;12;75;3;61;57;0;21;20;47;45;
?;?;?;?;?;?;?;?;?;?;?;?;?;?;43;39;26;25;24;23;12;75;4;4;4;4;4;4;4;4;74;10;9;50;21;47;45;79;78;26;25;24;23;12;75;4;4;4;4;4;
?;?;?;?;?;?;?;?;?;?;?;?;?;?;10;9;50;21;20;19;18;17;81;80;43;39;26;25;24;23;12;75;4;4;4;4;4;4;74;10;9;50;21;20;19;18;17;16;22;22;
?;?;?;?;?;?;?;?;?;?;?;?;?;?;20;47;45;79;78;26;25;72;58;55;66;21;47;45;79;78;26;25;24;73;60;67;0;21;20;19;18;17;81;80;43;39;70;59;56;49;
?;?;?;?;?;?;?;?;?;?;?;?;?;?;26;25;24;23;12;75;4;4;74;10;9;50;21;20;19;18;81;80;43;39;70;59;56;49;108;107;19;18;17;81;80;43;39;26;25;24;
?;?;?;?;?;?;?;?;?;?;?;?;?;?;20;19;81;80;43;39;26;25;24;23;12;75;4;4;4;4;4;74;10;9;50;21;20;19;18;17;16;15;14;13;39;26;25;24;23;74;
?;?;?;?;?;?;?;?;?;?;?;?;?;?;3;61;57;0;21;20;19;81;80;43;39;26;71;69;68;66;21;20;19;18;81;80;43;39;26;25;24;23;74;10;9;50;21;20;19;18;
?;?;?;?;?;?;?;?;?;?;?;?;?;?;28;35;22;22;22;22;22;22;81;80;43;39;26;25;24;23;12;75;4;4;4;4;4;74;10;9;50;21;20;19;81;80;43;39;26;25;
?;?;?;?;?;?;?;?;?;?;?;?;?;?;10;9;50;21;20;19;18;81;80;43;39;26;25;24;73;60;67;0;21;20;19;18;17;81;80;43;39;26;25;24;23;12;75;4;4;4;
?;?;?;?;?;?;?;?;?;?;?;?;?;?;81;80;43;39;26;25;24;23;12;75;4;74;143;6;5;125;93;92;149;120;75;4;4;4;4;4;4;4;4;4;4;4;4;4;74;10;
?;?;?;?;?;?;?;?;?;?;?;?;?;?;21;20;19;18;81;80;43;39;26;25;24;23;12;8;10;9;50;21;20;19;18;17;16;22;22;22;22;22;22;22;22;22;22;22;22;81;
?;?;?;?;?;?;?;?;?;?;?;?;?;?;21;20;19;81;80;43;39;26;25;24;23;12;75;3;61;57;0;21;47;45;79;78;26;25;72;58;55;66;21;20;19;18;81;80;43;39;
?;?;?;?;?;?;?;?;?;?;?;?;?;?;3;61;57;0;21;20;19;18;17;16;22;22;22;22;81;80;43;39;26;25;24;23;74;10;9;50;21;20;19;18;17;16;22;22;22;22;
?;?;?;?;?;?;?;?;?;?;?;?;?;?;43;39;26;25;24;23;12;75;4;74;10;9;50;21;20;19;18;81;80;43;39;26;71;69;68;66;21;20;19;18;17;16;22;22;22;22;
?;?;?;?;?;?;?;?;?;?;?;?;?;?;0;21;20;47;45;79;78;150;148;147;122;108;107;19;18;17;16;22;22;22;22;22;22;22;22;22;22;22;81;80;43;39;26;25;24;73;
?;?;?;?;?;?;?;?;?;?;?;?;?;?;26;25;72;58;55;66;21;47;45;79;78;26;25;72;58;55;66;21;20;47;45;79;78;26;25;24;23;12;8;10;9;50;21;20;19;81;
?;?;?;?;?;?;?;?;?;?;?;?;?;?;19;18;81;80;43;39;26;71;142;137;132;124;99;98;97;96;75;3;61;57;0;21;20;19;18;17;16;22;22;22;81;80;43;39;26;25;
?;?;?;?;?;?;?;?;?;?;?;?;?;?;50;21;20;19;18;17;81;80;43;39;26;25;24;73;60;67;0;21;20;19;18;17;16;22;81;80;43;39;26;25;24;73;60;67;0;21;
?;?;?;?;?;?;?;?;?;?;?;?;?;?;21;20;19;18;17;16;22;22;22;22;22;22;81;80;43;39;26;25;24;23;12;75;4;4;4;4;4;4;4;4;4;4;4;4;4;4;
?;?;?;?;?;?;?;?;?;?;?;?;?;?;76;75;3;61;57;0;21;20;47;45;79;78;26;71;69;68;66;21;47;45;79;78;150;148;147;122;108;107;19;18;17;16;22;22;22;22;
?;?;?;?;?;?;?;?;?;?;?;?;?;?;3;61;57;0;21;20;19;81;80;43;39;26;71;69;68;66;21;20;19;18;17;16;22;22;22;81;80;43;39;26;25;24;73;60;67;0;
?;?;?;?;?;?;?;?;?;?;?;?;?;?;126;95;94;77;4;4;74;10;9;50;21;20;19;18;17;16;22;22;22;22;22;81;80;43;39;26;25;24;23;12;75;4;4;4;4;4;
?;?;?;?;?;?;?;?;?;?;?;?;?;?;4;4;4;4;4;74;10;9;50;21;20;19;18;17;16;22;22;22;22;22;22;22;22;22;22;22;22;22;22;81;80;43;39;26;71;69;
?;?;?;?;?;?;?;?;?;?;?;?;?;?;75;4;4;4;4;4;4;74;10;9;50;21;20;47;45;79;78;26;71;69;68;66;116;114;113;111;3;61;57;0;21;20;19;18;17;16;
?;?;?;?;?;?;?;?;?;?;?;?;?;?;76;75;4;4;4;4;4;4;4;4;4;4;4;74;10;9;50;21;20;19;18;17;16;22;22;22;22;22;22;22;22;22;22;22;22;22;
?;?;?;?;?;?;?;?;?;?;?;?;?;?;21;20;19;81;80;43;39;26;25;24;73;60;67;0;21;20;19;81;80;43;39;26;25;24;23;12;75;4;4;4;4;4;4;74;10;9;
?;?;?;?;?;?;?;?;?;?;?;?;?;?;26;25;24;73;60;67;54;53;112;110;3;61;57;0;21;20;19;18;17;16;22;22;22;22;22;22;81;80;43;39;26;25;24;23;12;75;
?;?;?;?;?;?;?;?;?;?;?;?;?;?;3;61;57;0;21;20;19;18;17;16;22;22;22;22;22;22;81;80;43;39;26;25;24;23;12;75;4;4;4;4;4;74;10;9;50;21;
?;?;?;?;?;?;?;?;?;?;?;?;?;?;135;134;128;89;84;119;97;96;75;3;61;57;0;21;20;19;18;17;16;22;22;22;22;22;22;22;22;22;22;22;22;22;22;22;81;80;
?;?;?;?;?;?;?;?;?;?;?;?;?;?;?;65;64;63;62;109;105;103;101;85;76;71;69;68;66;21;20;19;18;17;16;22;22;22;22;81;80;43;39;26;25;24;23;12;8;10;
?;?;?;?;?;?;?;?;?;?;?;?;?;?;81;80;43;39;26;25;72;58;55;66;21;20;19;18;17;81;80;43;39;26;25;24;23;12;75;4;4;74;10;9;50;21;20;19;18;17;
?;?;?;?;?;?;?;?;?;?;?;?;?;?;9;50;21;20;19;18;81;80;43;39;26;25;24;23;12;75;3;61;57;0;21;20;19;18;17;16;22;22;22;22;22;22;22;22;22;22;
?;?;?;?;?;?;?;?;?;?;?;?;?;?;25;72;58;55;66;21;20;19;18;17;16;22;22;22;22;81;80;43;39;26;25;24;23;12;75;4;4;4;4;74;10;9;50;21;20;19;
?;?;?;?;?;?;?;?;?;?;?;?;?;?;116;114;113;111;83;76;71;69;68;66;21;20;19;18;17;16;22;22;22;22;22;22;22;81;80;43;39;26;25;24;23;12;75;4;4;4;
?;?;?;?;?;?;?;?;?;?;?;?;?;?;9;50;48;46;44;87;83;76;75;4;4;4;4;74;10;9;50;21;20;19;18;17;16;22;22;22;22;81;80;43;39;26;25;24;23;12;
?;?;?;?;?;?;?;?;?;?;?;?;?;?;26;25;24;23;12;75;4;4;74;10;9;50;21;20;19;18;17;81;80;43;39;26;71;69;68;66;21;20;19;18;17;81;80;43;39;26;
?;?;?;?;?;?;?;?;?;?;?;?;?;?;21;20;47;45;79;78;26;25;24;23;12;75;3;61;57;0;21;20;19;18;17;16;22;22;22;22;22;22;22;22;22;22;22;22;22;81;
?;?;?;?;?;?;?;?;?;?;?;?;?;?;28;35;22;22;22;22;81;80;43;39;26;25;24;73;60;67;0;21;20;19;18;81;80;43;39;26;25;24;23;74;10;9;50;21;20;19;
?;?;?;?;?;?;?;?;?;?;?;?;?;?;21;20;19;18;17;16;22;22;22;22;81;80;43;39;26;25;24;23;12;75;4;4;4;4;4;4;4;4;4;4;4;74;10;9;50;21;
?;?;?;?;?;?;?;?;?;?;?;?;?;?;36;31;30;29;0;81;80;43;39;26;25;24;23;74;10;9;50;21;20;19;18;81;80;43;39;26;25;24;23;12;75;4;4;4;4;4;
?;?;?;?;?;?;?;?;?;?;?;?;?;?;21;20;47;45;79;40;28;35;22;22;22;22;81;80;43;39;26;25;24;23;12;75;4;4;4;4;74;10;9;50;48;46;44;87;83;76;
?;?;?;?;?;?;?;?;?;?;?;?;?;?;76;75;4;74;143;6;5;125;93;92;149;3;61;57;0;21;20;19;18;17;16;22;22;22;22;22;22;22;22;22;22;22;81;80;43;39;
?;?;?;?;?;?;?;?;?;?;?;?;?;?;77;4;4;4;4;4;4;4;4;4;4;4;4;74;10;9;50;21;20;19;18;17;16;22;22;22;22;22;22;22;22;22;22;22;22;22;
?;?;?;?;?;?;?;?;?;?;?;?;?;?;20;19;18;17;81;80;43;39;26;71;69;68;66;21;20;19;18;17;16;22;22;81;80;43;39;26;25;24;23;74;10;9;50;21;20;19;
?;?;?;?;?;?;?;?;?;?;?;?;?;?;22;22;22;22;81;80;43;39;26;25;24;23;12;75;4;4;4;74;10;9;50;21;20;19;18;17;81;80;43;39;26;25;24;23;12;75;
?;?;?;?;?;?;?;?;?;?;?;?;?;?;9;50;21;47;45;79;78;26;25;24;23;12;75;3;61;57;0;21;20;19;18;17;16;22;22;81;80;43;39;26;25;24;23;12;75;4;
?;?;?;?;?;?;?;?;?;?;?;?;?;?;26;25;24;23;12;75;4;4;4;4;4;74;10;9;50;21;20;47;45;79;78;150;148;147;122;108;107;19;18;17;81;80;43;39;26;25;
?;?;?;?;?;?;?;?;?;?;?;?;?;?;26;25;72;58;55;66;116;114;113;111;3;61;57;0;21;20;19;18;17;16;22;22;22;22;22;22;81;80;43;39;26;25;24;73;60;67;
?;?;?;?;?;?;?;?;?;?;?;?;?;?;26;25;24;73;60;67;0;21;20;19;18;17;16;22;22;22;22;22;22;22;22;22;22;22;22;22;81;80;43;39;26;25;24;73;60;67;
?;?;?;?;?;?;?;?;?;?;?;?;?;?;21;47;45;79;78;26;71;69;68;66;116;114;113;111;83;76;75;3;61;57;0;21;47;45;79;78;26;25;24;23;12;75;3;61;57;0;
?;?;?;?;?;?;?;?;?;?;?;?;?;?;26;25;72;58;55;66;21;20;19;18;17;16;22;22;22;22;22;81;80;43;39;26;25;24;23;12;75;4;4;4;4;74;10;9;50;21;
?;?;?;?;?;?;?;?;?;?;?;?;?;?;24;73;60;67;0;21;20;19;18;81;80;43;40;28;35;22;22;22;22;22;81;80;43;39;26;25;24;23;12;8;10;9;50;21;20;19;
?;?;?;?;?;?;?;?;?;?;?;?;?;?;21;47;45;79;78;26;25;24;23;12;8;1;1;1;40;28;35;22;22;22;22;22;22;22;22;22;22;22;22;22;81;80;43;39;26;25;
?;?;?;?;?;?;?;?;?;?;?;?;?;?;21;47;45;79;78;26;25;24;73;60;7;135;134;128;89;84;3;61;57;0;21;20;19;18;17;16;22;22;22;22;81;80;43;39;26;25;
?;?;?;?;?;?;?;?;?;?;?;?;?;?;26;71;69;68;66;21;20;19;18;17;16;22;81;80;43;39;26;25;24;23;12;75;4;74;10;9;50;48;46;44;87;83;3;61;57;0;
?;?;?;?;?;?;?;?;?;?;?;?;?;?;21;20;19;81;80;43;39;26;25;24;23;12;75;4;4;4;4;74;10;9;50;21;20;47;45;79;78;26;25;24;73;60;67;0;21;20;
?;?;?;?;?;?;?;?;?;?;?;?;?;?;107;81;80;43;39;26;25;72;58;55;66;21;20;47;45;79;78;26;25;24;23;12;75;4;4;4;4;4;74;10;9;50;21;20;19;18;
?;?;?;?;?;?;?;?;?;?;?;?;?;?;75;4;4;4;74;10;9;50;21;20;47;45;79;78;26;25;72;58;55;66;21;20;19;18;17;16;22;22;22;22;22;22;22;22;22;22;
?;?;?;?;?;?;?;?;?;?;?;?;?;?;17;81;80;43;39;26;25;24;23;74;10;9;50;21;20;47;45;79;78;26;25;24;23;12;75;3;61;57;0;21;20;19;18;17;16;15;
?;?;?;?;?;?;?;?;?;?;?;?;?;?;76;75;3;61;57;0;21;20;19;18;17;16;22;22;22;22;22;22;22;22;22;81;80;43;39;26;25;24;23;74;10;9;50;21;20;19;
?;?;?;?;?;?;?;?;?;?;?;?;?;?;21;20;47;45;79;40;28;35;22;22;22;22;81;80;40;28;35;22;22;22;22;22;22;22;22;22;22;22;22;22;22;22;81;80;43;39;
?;?;?;?;?;?;?;?;?;?;?;?;?;?;26;25;72;58;55;66;116;114;113;111;83;76;75;4;4;4;4;4;4;4;4;4;74;10;9;50;21;47;45;79;78;26;25;24;23;12;
?;?;?;?;?;?;?;?;?;?;?;?;?;?;26;71;69;68;66;116;114;113;111;83;3;61;57;0;21;20;19;18;81;80;43;39;26;25;24;23;12;75;4;4;4;4;4;4;74;10;
?;?;?;?;?;?;?;?;?;?;?;?;?;?;150;148;147;122;108;47;45;79;78;26;25;24;23;12;8;10;9;50;21;20;19;18;17;16;22;22;22;81;80;43;39;26;25;24;23;12;
?;?;?;?;?;?;?;?;?;?;?;?;?;?;140;130;127;88;76;71;69;68;66;21;20;19;81;80;43;39;26;25;24;23;12;8;10;9;50;21;20;19;18;17;16;22;22;22;22;81;
?;?;?;?;?;?;?;?;?;?;?;?;?;?;29;0;81;80;43;39;26;25;24;23;74;10;9;50;21;20;19;81;42;38;27;34;33;32;31;30;29;0;81;80;43;39;26;25;24;73;
?;?;?;?;?;?;?;?;?;?;?;?;?;?;4;4;4;4;4;4;74;10;9;50;21;20;19;18;17;16;22;22;22;22;22;22;22;22;22;22;22;22;22;22;22;22;22;22;81;80;
?;?;?;?;?;?;?;?;?;?;?;?;?;?;76;71;69;68;66;21;20;19;18;17;16;22;22;22;22;81;80;43;39;26;25;24;73;60;67;0;21;20;19;18;17;16;22;22;81;80;
?;?;?;?;?;?;?;?;?;?;?;?;?;?;18;81;80;43;39;26;25;24;23;12;75;4;4;4;4;74;10;9;50;21;20;19;18;17;16;22;81;80;43;39;26;25;72;58;55;66;
?;?;?;?;?;?;?;?;?;?;?;?;?;?;150;148;147;122;108;107;19;18;17;16;22;22;22;22;22;81;80;43;39;26;25;24;73;60;67;0;21;47;45;79;78;26;25;24;23;12;
?;?;?;?;?;?;?;?;?;?;?;?;?;?;20;47;45;79;78;26;71;69;68;66;21;20;19;18;17;16;22;81;80;43;39;26;25;24;23;12;75;4;4;74;10;9;50;21;20;47;
?;?;?;?;?;?;?;?;?;?;?;?;?;?;26;25;24;23;74;10;9;106;104;102;86;118;94;77;4;4;74;10;9;50;21;20;19;18;17;16;15;14;13;39;26;25;24;23;12;8;
?;?;?;?;?;?;?;?;?;?;?;?;?;?;0;21;20;19;18;81;80;43;40;28;35;22;22;22;22;22;22;22;22;22;22;81;80;43;39;26;25;24;23;12;75;4;4;4;4;4;
?;?;?;?;?;?;?;?;?;?;?;?;?;?;81;80;43;39;26;25;24;73;60;67;54;53;112;110;118;3;61;57;0;21;20;19;18;17;16;22;22;81;80;43;39;26;25;24;23;12;
?;?;?;?;?;?;?;?;?;?;?;?;?;?;94;77;4;4;4;4;4;4;4;4;4;74;10;9;50;21;20;19;18;17;16;22;81;80;43;39;26;25;24;23;12;75;3;61;57;0;
?;?;?;?;?;?;?;?;?;?;?;?;?;?;150;148;147;122;108;47;45;79;78;26;25;24;73;60;67;0;21;20;19;18;17;81;80;43;39;26;25;24;73;60;67;0;21;20;19;18;
?;?;?;?;?;?;?;?;?;?;?;?;?;?;94;77;4;74;10;9;50;21;20;47;45;40;28;35;22;22;22;22;22;22;22;22;22;22;22;22;22;22;22;22;22;22;22;22;22;22;
?;?;?;?;?;?;?;?;?;?;?;?;?;?;21;20;47;45;79;78;26;25;72;58;55;54;53;112;110;3;61;57;0;21;20;19;81;80;43;39;26;71;69;68;66;21;20;19;18;17;
?;?;?;?;?;?;?;?;?;?;?;?;?;?;21;47;45;79;78;26;25;24;23;12;75;4;4;4;4;4;74;10;9;50;21;20;19;18;17;16;22;22;22;81;80;43;39;26;25;24;
?;?;?;?;?;?;?;?;?;?;?;?;?;?;75;4;4;4;4;4;74;10;9;50;21;20;47;45;79;78;26;25;24;23;12;75;4;74;10;9;50;21;20;19;18;17;16;22;81;80;
?;?;?;?;?;?;?;?;?;?;?;?;?;?;26;71;69;68;66;21;20;19;18;17;16;22;22;22;22;22;22;81;80;43;39;70;59;56;49;108;47;45;79;78;150;148;147;122;108;107;
?;?;?;?;?;?;?;?;?;?;?;?;?;?;4;4;4;74;10;9;50;21;20;19;18;81;80;43;39;26;25;72;58;55;66;21;20;19;18;17;81;80;43;39;26;25;24;23;12;75;
?;?;?;?;?;?;?;?;?;?;?;?;?;?;39;70;59;56;49;145;140;130;127;88;76;75;4;74;10;9;50;21;20;19;81;80;43;39;26;25;24;23;12;75;4;4;4;4;4;74;
?;?;?;?;?;?;?;?;?;?;?;?;?;?;4;4;4;4;4;4;4;4;74;10;9;50;21;20;19;18;17;16;22;22;22;22;22;22;22;22;22;22;22;22;22;22;22;22;22;22;
?;?;?;?;?;?;?;?;?;?;?;?;?;?;16;22;81;80;43;39;26;25;24;23;12;8;10;9;50;21;20;19;18;17;16;22;22;81;80;43;39;26;25;24;23;12;75;3;61;57;
?;?;?;?;?;?;?;?;?;?;?;?;?;?;26;25;24;23;12;75;4;4;4;74;10;9;50;21;20;19;81;80;43;39;26;71;69;68;66;21;20;19;18;17;16;22;22;22;22;22;
?;?;?;?;?;?;?;?;?;?;?;?;?;?;150;148;147;122;108;107;19;81;80;43;39;26;25;24;23;12;75;4;4;4;4;74;10;9;50;21;20;19;18;81;80;43;39;26;25;24;
?;?;?;?;?;?;?;?;?;?;?;?;?;?;21;47;45;79;78;26;25;24;23;74;10;9;50;21;20;19;18;17;16;22;81;80;43;39;26;25;72;58;55;66;21;20;19;18;81;80;
?;?;?;?;?;?;?;?;?;?;?;?;?;?;4;4;74;10;9;50;21;20;19;18;17;81;80;43;39;26;25;24;23;12;75;4;4;74;10;9;50;21;20;19;18;17;16;22;22;22;
?;?;?;?;?;?;?;?;?;?;?;?;?;?;9;50;21;20;19;18;17;16;22;22;22;22;22;22;22;22;22;22;22;22;22;22;81;80;43;39;26;25;72;58;55;66;21;20;19;18;
?;?;?;?;?;?;?;?;?;?;?;?;?;?;75;4;74;10;9;50;21;20;19;18;17;81;80;43;39;26;25;24;73;60;67;0;21;20;19;18;17;16;22;81;80;43;39;26;25;72;
?;?;?;?;?;?;?;?;?;?;?;?;?;?;75;4;74;10;9;50;48;46;44;41;37;36;31;30;29;0;81;80;43;40;28;35;22;22;22;22;22;81;80;43;39;26;71;69;68;66;
?;?;?;?;?;?;?;?;?;?;?;?;?;?;21;20;19;18;81;80;43;39;26;25;24;23;12;75;4;4;74;10;9;50;21;20;19;81;80;43;39;26;25;24;23;12;75;4;4;4;
?;?;?;?;?;?;?;?;?;?;?;?;?;?;61;57;0;21;20;19;18;17;81;80;43;39;26;25;24;23;12;75;4;4;4;74;10;9;50;21;20;19;81;80;43;39;26;25;24;23;
?;?;?;?;?;?;?;?;?;?;?;?;?;?;26;71;69;68;66;116;114;113;111;83;76;71;69;68;66;116;114;113;111;83;76;75;4;4;74;10;9;50;21;20;19;18;17;81;80;43;
?;?;?;?;?;?;?;?;?;?;?;?;?;?;6;5;125;41;37;36;31;30;29;0;81;80;43;39;26;25;72;58;55;66;21;20;19;18;17;16;15;14;13;39;26;25;24;23;74;10;
?;?;?;?;?;?;?;?;?;?;?;?;?;?;67;0;21;20;19;18;17;16;22;81;80;43;39;26;25;24;23;12;75;3;61;57;0;21;20;19;18;17;81;80;43;39;26;25;24;23;
?;?;?;?;?;?;?;?;?;?;?;?;?;?;76;71;69;68;66;21;20;19;81;80;43;39;26;25;24;73;60;67;0;21;20;19;18;17;16;22;22;81;80;43;39;26;25;24;23;12;
?;?;?;?;?;?;?;?;?;?;?;?;?;?;3;61;57;0;21;47;45;79;78;26;25;24;73;60;67;0;21;20;19;18;17;81;80;43;39;26;25;24;23;12;8;10;9;50;21;20;
?;?;?;?;?;?;?;?;?;?;?;?;?;?;22;22;22;22;22;22;81;80;43;39;26;25;24;23;12;75;4;4;4;4;4;4;4;4;4;4;4;4;4;4;4;4;4;4;4;4;