?;?;?;?;?;?;?;?;?;?;?;?;?;4;27;29;29;29;29;29;29;23;21;131;0;70;69;98;67;66;65;111;111;111;111;111;111;111;111;111;111;111;111;111;111;111;111;74;51;48;
?;?;?;?;?;?;?;?;?;?;?;?;?;131;0;70;69;98;67;66;65;111;111;111;111;111;111;74;51;48;37;13;14;54;28;9;8;19;0;70;69;98;67;66;65;36;17;16;37;13;
?;?;?;?;?;?;?;?;?;?;?;?;?;58;46;3;133;131;0;70;69;98;73;53;50;39;35;9;8;19;0;70;69;98;67;66;74;51;48;37;13;14;54;28;55;3;133;131;0;70;
?;?;?;?;?;?;?;?;?;?;?;?;?;29;29;29;23;21;131;0;70;69;72;52;49;38;3;133;131;0;70;69;98;67;66;65;111;111;111;111;111;111;111;111;111;111;74;51;48;37;
?;?;?;?;?;?;?;?;?;?;?;?;?;123;89;82;75;40;3;133;131;0;70;69;98;73;53;50;39;35;14;54;28;55;4;27;29;29;29;29;29;23;21;131;0;70;69;98;73;53;
?;?;?;?;?;?;?;?;?;?;?;?;?;51;48;37;23;21;123;89;82;75;40;63;62;61;60;59;47;29;29;29;29;29;29;29;29;23;21;131;0;70;69;98;73;53;50;39;3;133;
?;?;?;?;?;?;?;?;?;?;?;?;?;81;45;34;9;8;19;124;90;84;77;57;3;133;131;0;70;69;98;67;66;65;36;17;16;37;13;14;54;28;55;4;27;29;29;29;29;29;
?;?;?;?;?;?;?;?;?;?;?;?;?;81;45;3;133;131;0;70;126;95;88;81;45;34;30;9;8;19;0;70;69;98;67;66;65;36;17;16;37;13;14;54;28;55;3;133;131;0;
?;?;?;?;?;?;?;?;?;?;?;?;?;55;4;27;29;29;29;29;23;21;131;0;70;69;98;67;66;65;111;111;111;111;111;111;111;111;74;51;48;37;13;14;54;28;9;8;19;0;
?;?;?;?;?;?;?;?;?;?;?;?;?;0;70;69;72;52;49;38;31;25;54;28;55;4;27;29;23;21;131;0;70;69;98;67;66;65;111;111;111;111;111;111;111;111;111;74;51;48;
?;?;?;?;?;?;?;?;?;?;?;?;?;144;137;112;108;105;71;110;113;136;111;111;111;111;74;51;48;37;13;14;54;28;55;4;27;22;133;131;0;70;69;98;67;74;51;48;37;13;
?;?;?;?;?;?;?;?;?;?;?;?;?;65;36;17;16;37;13;14;54;28;55;4;27;29;29;29;29;29;29;29;29;29;29;29;29;29;23;21;131;0;70;69;98;67;66;65;111;111;
?;?;?;?;?;?;?;?;?;?;?;?;?;19;0;70;69;98;67;66;65;111;111;111;111;74;51;48;37;13;14;54;28;55;4;27;29;29;23;21;131;0;70;69;98;73;53;50;39;35;
?;?;?;?;?;?;?;?;?;?;?;?;?;70;69;72;52;49;38;31;25;54;20;8;19;124;90;84;77;57;44;15;12;24;19;0;70;69;98;67;66;65;111;74;51;48;37;13;14;54;
?;?;?;?;?;?;?;?;?;?;?;?;?;3;133;131;0;70;69;72;52;49;38;31;12;24;19;124;90;84;77;57;44;15;33;12;24;19;0;70;69;98;67;66;65;111;111;74;51;48;
?;?;?;?;?;?;?;?;?;?;?;?;?;39;35;14;54;28;55;4;27;22;133;131;0;70;69;98;67;74;51;48;37;13;14;54;28;55;3;133;131;0;70;126;95;88;151;144;137;112;
?;?;?;?;?;?;?;?;?;?;?;?;?;19;0;70;126;95;88;81;45;34;30;28;55;3;133;131;0;70;69;98;67;66;65;111;111;111;111;74;51;48;37;13;14;54;28;55;4;27;
?;?;?;?;?;?;?;?;?;?;?;?;?;49;151;144;137;112;108;105;72;52;49;38;31;25;20;8;19;0;70;69;98;67;66;74;51;48;37;13;14;54;28;55;3;133;131;0;70;69;
?;?;?;?;?;?;?;?;?;?;?;?;?;66;65;111;74;51;48;37;13;14;54;28;55;3;133;131;0;125;91;85;78;58;46;32;12;24;19;0;70;69;98;67;66;65;111;111;111;74;
?;?;?;?;?;?;?;?;?;?;?;?;?;70;69;98;67;66;65;111;111;111;74;51;48;37;13;14;54;28;55;3;133;131;0;70;69;98;67;66;65;111;111;111;111;74;51;48;37;13;
?;?;?;?;?;?;?;?;?;?;?;?;?;58;46;3;133;131;0;70;126;95;88;81;45;34;30;28;55;3;133;131;0;70;69;98;67;66;65;111;111;111;111;111;111;111;111;111;74;51;
?;?;?;?;?;?;?;?;?;?;?;?;?;49;38;31;12;24;19;0;70;126;95;88;81;45;34;30;28;55;4;3;133;131;0;70;69;98;67;66;74;51;48;37;13;14;54;28;9;8;
?;?;?;?;?;?;?;?;?;?;?;?;?;0;70;126;95;88;81;3;133;131;0;70;69;98;67;74;51;130;97;96;106;107;104;135;73;53;50;39;35;14;54;28;55;4;27;29;29;29;
?;?;?;?;?;?;?;?;?;?;?;?;?;39;35;14;54;28;55;4;27;29;29;29;29;29;23;21;123;89;82;75;40;63;62;61;60;3;133;131;0;70;69;98;73;53;50;39;35;14;
?;?;?;?;?;?;?;?;?;?;?;?;?;38;31;25;20;1;6;5;2;64;40;63;62;3;133;131;0;70;69;98;73;53;50;39;35;14;54;28;55;3;133;131;0;70;69;98;73;53;
?;?;?;?;?;?;?;?;?;?;?;?;?;0;70;126;95;88;81;3;133;131;0;70;69;98;67;74;51;48;37;13;14;54;28;55;4;27;29;29;29;23;21;131;0;70;69;98;67;66;
?;?;?;?;?;?;?;?;?;?;?;?;?;37;13;14;54;20;8;19;124;90;84;77;57;44;15;33;55;3;133;131;0;70;69;98;73;53;50;39;35;14;54;28;9;8;123;89;82;75;
?;?;?;?;?;?;?;?;?;?;?;?;?;55;4;27;29;29;29;29;23;21;131;0;70;69;98;67;66;65;111;111;111;111;111;111;111;111;74;51;48;37;13;14;54;28;55;4;27;29;
?;?;?;?;?;?;?;?;?;?;?;?;?;58;46;32;12;24;19;0;70;69;98;67;66;65;111;111;111;111;111;111;74;51;48;37;23;21;131;0;125;91;85;78;58;46;32;12;24;19;
?;?;?;?;?;?;?;?;?;?;?;?;?;81;45;3;133;131;0;125;91;85;78;58;46;3;133;131;0;70;69;98;67;66;65;111;111;111;111;111;111;111;111;74;51;48;37;13;14;54;
?;?;?;?;?;?;?;?;?;?;?;?;?;8;19;124;90;84;77;57;44;15;12;24;19;0;70;69;98;67;66;65;111;111;111;111;111;74;51;48;37;13;14;54;28;9;8;19;0;70;
?;?;?;?;?;?;?;?;?;?;?;?;?;70;69;72;52;49;38;31;25;20;8;19;124;90;84;77;57;44;15;12;24;19;0;70;69;98;67;66;74;51;48;37;13;14;54;28;55;4;
?;?;?;?;?;?;?;?;?;?;?;?;?;65;111;111;111;111;111;111;111;111;111;111;111;74;51;48;37;13;14;54;28;55;4;27;29;29;29;29;29;29;29;29;23;21;131;0;70;69;
?;?;?;?;?;?;?;?;?;?;?;?;?;49;38;31;25;20;8;19;0;70;69;98;67;66;65;36;17;16;37;13;14;54;20;8;19;0;70;69;72;52;49;38;31;25;54;28;55;4;
?;?;?;?;?;?;?;?;?;?;?;?;?;50;151;144;137;112;108;105;72;52;49;38;31;25;54;28;55;4;27;29;29;29;29;29;29;29;29;29;29;29;23;21;131;0;70;69;98;67;
?;?;?;?;?;?;?;?;?;?;?;?;?;74;51;48;37;13;14;54;28;55;4;27;29;23;21;131;0;70;69;98;67;66;65;111;74;51;48;37;23;21;131;0;70;69;98;67;66;74;
?;?;?;?;?;?;?;?;?;?;?;?;?;19;124;90;84;77;57;3;133;131;0;70;69;98;67;74;51;48;151;144;137;112;108;105;71;110;74;51;48;37;13;14;54;28;55;4;3;133;
?;?;?;?;?;?;?;?;?;?;?;?;?;98;67;66;65;111;111;111;74;51;48;37;13;14;54;28;55;4;27;29;29;29;29;29;29;29;29;29;29;29;23;21;131;0;70;69;98;73;
?;?;?;?;?;?;?;?;?;?;?;?;?;29;29;29;29;29;29;29;29;29;23;21;131;0;70;69;98;67;66;65;111;111;111;111;74;51;130;97;96;106;107;104;135;103;110;113;136;111;
?;?;?;?;?;?;?;?;?;?;?;?;?;67;66;74;51;48;37;13;14;54;28;55;3;133;131;0;70;69;98;67;74;51;48;37;13;14;54;28;55;4;3;133;131;0;70;69;72;52;
?;?;?;?;?;?;?;?;?;?;?;?;?;0;125;91;85;78;58;46;32;12;24;19;0;70;69;98;67;66;65;111;111;111;111;111;111;111;111;111;111;111;111;111;111;111;111;111;74;51;
?;?;?;?;?;?;?;?;?;?;?;?;?;111;111;111;74;51;48;37;13;14;54;28;55;4;27;29;29;29;29;29;23;21;131;0;125;91;85;78;58;46;32;12;24;19;0;70;69;98;
?;?;?;?;?;?;?;?;?;?;?;?;?;58;3;133;131;0;70;69;98;67;74;51;48;37;13;14;54;28;55;4;27;29;23;21;131;0;125;91;85;78;58;46;3;133;131;0;70;69;
?;?;?;?;?;?;?;?;?;?;?;?;?;81;3;133;131;0;70;69;98;73;53;50;39;35;14;54;28;55;4;27;29;29;29;29;23;21;131;0;70;69;98;67;66;65;111;111;111;111;
?;?;?;?;?;?;?;?;?;?;?;?;?;111;111;74;51;48;37;13;14;54;20;8;19;0;70;69;98;67;74;51;48;37;13;14;54;28;55;4;27;29;29;29;29;29;29;29;29;29;
?;?;?;?;?;?;?;?;?;?;?;?;?;70;69;98;67;66;65;36;17;16;9;8;123;89;82;75;40;63;62;61;60;59;3;133;131;0;70;69;98;67;66;65;111;74;51;48;37;13;
?;?;?;?;?;?;?;?;?;?;?;?;?;65;111;111;111;74;51;48;37;13;14;54;28;9;8;19;0;70;69;72;52;49;38;31;25;54;28;55;3;133;131;0;70;69;98;67;66;65;
?;?;?;?;?;?;?;?;?;?;?;?;?;0;70;69;98;67;66;65;111;74;51;48;37;13;14;54;28;55;4;27;29;29;29;29;29;29;23;21;131;0;70;69;98;67;74;51;48;151;
?;?;?;?;?;?;?;?;?;?;?;?;?;48;37;13;14;54;28;55;4;27;29;29;29;29;29;29;29;29;29;29;29;29;29;23;21;131;0;70;126;95;88;81;45;34;30;9;8;19;
?;?;?;?;?;?;?;?;?;?;?;?;?;81;45;34;30;28;55;3;133;131;0;70;69;98;67;66;65;111;111;111;111;111;111;111;111;111;111;111;74;51;48;37;13;14;9;8;19;0;
?;?;?;?;?;?;?;?;?;?;?;?;?;29;29;29;29;29;29;29;29;23;21;131;0;70;69;98;73;53;50;39;35;14;9;8;19;0;70;69;98;67;66;65;111;111;111;111;111;111;
?;?;?;?;?;?;?;?;?;?;?;?;?;81;45;3;133;131;0;70;69;72;52;49;38;31;25;54;28;55;4;27;29;29;29;23;21;131;0;70;69;72;52;49;38;31;25;54;28;55;
?;?;?;?;?;?;?;?;?;?;?;?;?;74;51;48;37;13;14;54;28;9;8;19;0;70;69;98;73;53;50;39;35;14;54;28;55;4;3;133;131;0;70;69;98;67;66;65;111;111;
?;?;?;?;?;?;?;?;?;?;?;?;?;0;70;69;98;73;53;50;39;35;14;54;28;55;4;27;22;133;131;0;70;69;98;67;66;65;111;111;74;51;48;37;13;14;54;28;55;4;
?;?;?;?;?;?;?;?;?;?;?;?;?;0;70;69;72;52;49;38;3;133;131;0;70;69;98;73;53;50;151;144;137;112;108;105;71;110;74;51;48;37;13;14;54;28;55;4;27;29;
?;?;?;?;?;?;?;?;?;?;?;?;?;4;27;29;23;21;131;0;70;69;98;67;66;65;111;111;111;111;74;51;48;37;13;14;54;28;55;4;27;29;29;29;23;21;131;0;70;69;
?;?;?;?;?;?;?;?;?;?;?;?;?;35;14;9;8;19;0;70;69;98;73;53;50;39;3;133;131;0;125;91;85;78;58;46;32;26;55;4;27;29;29;29;29;29;29;29;29;29;
?;?;?;?;?;?;?;?;?;?;?;?;?;66;65;111;111;111;111;74;51;48;37;13;14;54;28;55;4;27;29;29;23;21;131;0;70;69;98;67;66;65;36;17;16;37;23;21;123;89;
?;?;?;?;?;?;?;?;?;?;?;?;?;29;29;29;29;29;29;29;29;29;29;23;21;131;0;70;69;98;67;66;65;111;111;111;111;111;111;111;111;111;111;111;111;111;111;111;111;111;
?;?;?;?;?;?;?;?;?;?;?;?;?;19;0;70;69;72;52;49;38;31;25;54;28;55;4;27;29;29;29;23;21;131;0;70;69;98;67;66;65;111;111;111;111;74;51;48;37;13;
?;?;?;?;?;?;?;?;?;?;?;?;?;72;52;49;38;31;25;54;28;55;4;27;29;29;23;21;131;0;70;69;98;67;66;65;111;74;156;11;10;121;101;99;68;129;93;87;80;42;
?;?;?;?;?;?;?;?;?;?;?;?;?;67;66;65;111;111;111;111;111;111;74;51;48;37;13;14;54;28;55;4;27;29;29;29;29;29;29;23;21;131;0;70;69;98;67;66;65;111;
?;?;?;?;?;?;?;?;?;?;?;?;?;0;70;69;72;52;49;38;31;25;54;28;55;4;27;29;29;29;23;21;131;0;70;69;98;67;66;65;111;111;111;74;51;48;37;13;14;54;
?;?;?;?;?;?;?;?;?;?;?;?;?;0;70;69;98;67;74;51;48;37;13;14;54;28;55;4;27;22;133;131;0;70;69;98;67;66;65;111;111;74;51;48;37;13;14;54;28;55;
?;?;?;?;?;?;?;?;?;?;?;?;?;0;125;91;85;78;58;46;32;26;55;4;27;29;29;29;29;23;21;131;0;70;69;98;67;66;65;111;111;111;111;111;111;111;111;111;74;51;
?;?;?;?;?;?;?;?;?;?;?;?;?;0;70;126;95;88;81;45;34;30;9;8;19;0;70;69;98;67;66;65;36;17;16;37;23;21;131;0;70;126;95;88;81;45;34;30;28;55;
?;?;?;?;?;?;?;?;?;?;?;?;?;0;125;91;85;78;58;46;32;12;24;19;0;70;69;98;67;66;65;111;111;111;111;111;111;111;111;111;111;74;51;48;37;13;14;54;20;8;
?;?;?;?;?;?;?;?;?;?;?;?;?;104;135;103;74;51;48;37;13;14;54;28;9;8;19;124;90;84;77;57;44;15;33;55;4;27;29;29;29;29;29;29;29;23;21;131;0;70;
?;?;?;?;?;?;?;?;?;?;?;?;?;90;84;77;57;3;133;131;0;70;69;98;67;66;65;111;111;111;111;111;74;51;48;37;13;14;54;28;9;8;19;0;70;69;98;67;66;65;
?;?;?;?;?;?;?;?;?;?;?;?;?;38;31;25;54;28;55;4;27;29;29;29;29;29;29;23;21;131;0;70;69;98;67;66;65;111;111;111;111;111;111;111;111;111;111;111;111;111;
?;?;?;?;?;?;?;?;?;?;?;?;?;0;70;126;95;88;81;3;133;131;0;70;69;98;73;53;50;39;35;14;54;28;55;4;27;29;29;29;29;29;29;29;29;29;29;29;29;23;
?;?;?;?;?;?;?;?;?;?;?;?;?;70;69;98;67;66;74;51;48;37;23;21;131;0;70;69;98;67;66;65;111;111;111;111;74;51;48;37;13;14;54;28;55;4;27;29;29;29;
?;?;?;?;?;?;?;?;?;?;?;?;?;29;29;29;29;23;21;131;0;70;69;98;67;66;65;111;111;111;111;111;111;111;111;74;51;48;37;13;14;9;8;19;0;70;69;98;67;74;
?;?;?;?;?;?;?;?;?;?;?;?;?;0;70;126;95;88;81;45;34;9;8;123;89;82;75;155;134;132;122;102;100;68;67;66;65;36;17;16;37;13;14;54;28;55;4;27;29;29;
?;?;?;?;?;?;?;?;?;?;?;?;?;111;111;111;74;51;48;37;13;14;54;28;55;4;27;22;133;131;0;70;69;72;52;49;38;31;25;54;28;55;3;133;131;0;70;69;98;67;
?;?;?;?;?;?;?;?;?;?;?;?;?;0;70;69;72;52;49;38;31;25;54;20;1;6;5;2;64;40;63;62;61;3;133;131;0;70;69;98;67;66;65;111;111;111;111;111;111;111;
?;?;?;?;?;?;?;?;?;?;?;?;?;0;70;69;72;52;49;38;31;25;20;8;123;89;82;75;40;3;133;131;0;70;69;98;67;74;51;48;37;13;14;54;28;55;4;27;29;29;
?;?;?;?;?;?;?;?;?;?;?;?;?;15;33;55;3;133;131;0;70;69;98;67;66;65;36;17;16;37;13;14;54;28;9;8;19;0;70;69;98;67;66;65;36;17;16;37;13;14;
?;?;?;?;?;?;?;?;?;?;?;?;?;19;0;70;69;98;67;66;65;111;111;74;51;48;37;13;14;54;28;9;8;19;0;125;91;85;78;58;46;32;26;55;4;27;29;29;29;29;
?;?;?;?;?;?;?;?;?;?;?;?;?;70;69;98;67;74;51;48;37;13;14;54;28;55;4;27;29;23;21;131;0;70;69;98;73;53;50;39;35;14;54;28;9;8;19;0;70;69;
?;?;?;?;?;?;?;?;?;?;?;?;?;81;45;34;9;8;19;0;70;69;98;67;66;65;111;111;111;74;51;48;37;13;14;54;28;9;8;19;0;70;69;98;67;66;65;111;111;111;
?;?;?;?;?;?;?;?;?;?;?;?;?;55;4;27;29;29;29;29;29;29;23;21;131;0;70;69;98;67;74;51;48;37;13;14;9;8;19;0;70;69;98;67;66;65;111;111;111;111;
?;?;?;?;?;?;?;?;?;?;?;?;?;123;89;82;75;40;63;3;133;131;0;70;126;95;88;81;45;34;9;8;19;0;70;69;98;67;66;65;111;111;111;111;74;51;48;37;13;14;
?;?;?;?;?;?;?;?;?;?;?;?;?;44;15;12;24;19;124;90;84;77;57;44;15;33;12;24;19;0;70;69;98;67;66;65;36;17;16;37;13;14;54;28;55;4;27;29;29;29;
?;?;?;?;?;?;?;?;?;?;?;?;?;156;11;10;121;101;99;127;94;83;76;56;43;54;28;9;8;19;0;70;69;72;52;49;38;31;25;54;28;55;4;3;133;131;0;70;69;98;
?;?;?;?;?;?;?;?;?;?;?;?;?;38;31;25;20;8;19;0;70;69;98;67;66;65;111;74;51;48;37;13;14;54;28;55;4;27;29;29;29;23;21;131;0;70;69;98;67;66;
?;?;?;?;?;?;?;?;?;?;?;?;?;67;66;65;111;111;74;51;48;37;13;14;54;28;55;3;133;131;0;70;69;98;67;66;65;36;17;16;37;13;14;54;28;55;4;27;29;29;
?;?;?;?;?;?;?;?;?;?;?;?;?;69;98;67;74;51;48;37;13;20;8;19;0;70;69;98;67;66;65;36;17;16;37;13;14;54;28;55;4;27;29;29;29;29;29;29;23;21;
?;?;?;?;?;?;?;?;?;?;?;?;?;45;34;30;9;8;19;0;70;69;98;73;53;50;39;35;14;54;28;55;3;133;131;0;70;69;98;67;74;51;48;37;23;21;131;0;70;69;
?;?;?;?;?;?;?;?;?;?;?;?;?;39;35;14;9;8;123;89;82;75;40;63;62;61;60;59;47;29;29;29;29;29;29;23;21;131;0;70;69;98;67;66;65;111;111;111;111;111;
?;?;?;?;?;?;?;?;?;?;?;?;?;0;70;69;98;73;156;11;10;121;101;99;68;67;74;51;48;151;144;137;112;108;105;72;52;49;38;31;25;54;28;55;4;27;29;29;29;23;
?;?;?;?;?;?;?;?;?;?;?;?;?;74;51;48;37;13;14;54;28;55;4;27;29;29;29;29;29;29;29;29;29;29;29;29;29;23;21;131;0;70;69;98;67;74;51;48;37;13;
?;?;?;?;?;?;?;?;?;?;?;?;?;45;34;30;28;9;8;19;124;90;84;153;143;140;117;116;146;71;110;113;136;111;111;111;111;111;111;74;51;48;37;13;14;9;8;19;0;70;
?;?;?;?;?;?;?;?;?;?;?;?;?;66;65;111;111;111;111;74;51;48;37;13;14;54;28;55;4;27;29;29;29;29;29;23;21;131;0;70;69;98;73;53;50;39;35;14;9;8;
?;?;?;?;?;?;?;?;?;?;?;?;?;70;69;98;67;74;156;11;10;121;101;99;127;94;83;76;56;43;54;28;9;8;19;0;125;91;85;78;58;46;32;26;55;4;27;29;29;29;
?;?;?;?;?;?;?;?;?;?;?;?;?;19;0;70;69;72;52;49;38;31;12;24;19;0;125;91;85;78;58;46;32;26;55;4;27;29;23;21;131;0;70;69;98;67;66;65;111;111;
?;?;?;?;?;?;?;?;?;?;?;?;?;123;89;82;75;40;63;62;3;133;131;0;70;69;98;67;66;65;111;111;111;111;111;74;51;48;37;13;14;54;28;55;4;27;22;133;131;0;
?;?;?;?;?;?;?;?;?;?;?;?;?;108;105;71;110;74;51;48;37;13;20;8;123;89;82;75;40;63;62;61;60;59;3;133;131;0;70;126;95;88;81;45;34;30;28;9;8;19;
?;?;?;?;?;?;?;?;?;?;?;?;?;0;125;91;85;78;58;46;3;133;131;0;70;69;98;67;66;65;111;111;111;111;111;74;51;48;37;13;14;54;20;8;19;0;70;69;98;67;
?;?;?;?;?;?;?;?;?;?;?;?;?;55;4;3;133;131;0;70;69;98;67;66;65;36;17;16;37;13;14;9;8;19;0;70;69;98;73;53;50;39;35;14;54;28;55;4;27;29;
?;?;?;?;?;?;?;?;?;?;?;?;?;104;128;92;86;79;41;25;54;28;55;4;3;133;131;0;70;69;98;67;74;51;48;37;13;14;54;28;55;4;3;133;131;0;70;69;72;52;
?;?;?;?;?;?;?;?;?;?;?;?;?;51;48;37;13;14;54;28;55;4;27;29;29;29;29;29;29;29;23;21;131;0;70;126;95;88;81;45;34;30;28;55;4;27;29;29;29;29;
?;?;?;?;?;?;?;?;?;?;?;?;?;9;8;19;0;70;69;98;67;66;74;51;48;37;13;14;54;28;55;4;27;29;29;29;29;29;23;21;131;0;70;69;98;67;66;65;111;111;
?;?;?;?;?;?;?;?;?;?;?;?;?;70;69;72;52;49;38;31;25;20;8;19;0;70;126;95;88;81;45;34;30;9;8;19;0;70;69;98;67;66;74;51;48;37;23;21;131;0;
?;?;?;?;?;?;?;?;?;?;?;?;?;38;31;25;54;28;55;4;27;29;23;21;131;0;70;69;98;67;74;51;48;37;23;21;131;0;70;69;98;67;66;74;51;48;37;13;14;54;
?;?;?;?;?;?;?;?;?;?;?;?;?;70;69;98;73;53;50;39;35;14;54;28;55;4;27;29;29;29;29;23;21;131;0;70;69;98;67;66;65;36;17;16;37;13;14;54;28;9;
?;?;?;?;?;?;?;?;?;?;?;?;?;44;3;133;131;0;70;69;98;73;53;50;39;35;9;8;19;0;70;69;98;67;74;51;48;37;13;14;54;28;9;8;19;0;70;69;98;67;
?;?;?;?;?;?;?;?;?;?;?;?;?;130;97;96;106;107;104;135;103;110;74;51;48;37;13;14;54;28;55;4;27;29;29;29;29;23;21;131;0;70;69;98;73;53;50;39;35;14;
?;?;?;?;?;?;?;?;?;?;?;?;?;23;21;131;0;70;69;98;67;74;51;48;37;13;14;54;20;8;19;0;70;69;98;67;66;74;51;48;37;13;14;54;28;55;4;27;29;29;
?;?;?;?;?;?;?;?;?;?;?;?;?;111;74;51;48;37;13;14;54;28;55;4;27;22;1;6;5;2;64;40;63;62;61;60;59;47;29;29;29;29;29;29;29;29;29;29;23;21;
?;?;?;?;?;?;?;?;?;?;?;?;?;0;70;69;98;67;74;51;48;37;13;14;54;28;55;3;133;131;0;70;69;98;67;66;65;111;111;111;111;111;111;111;111;111;111;111;111;74;
?;?;?;?;?;?;?;?;?;?;?;?;?;0;70;69;98;73;53;50;39;35;14;54;28;55;4;3;133;131;0;70;126;95;88;81;45;34;9;8;19;0;70;69;98;67;74;51;48;37;
?;?;?;?;?;?;?;?;?;?;?;?;?;44;3;133;131;0;70;69;98;67;66;65;111;111;111;111;74;51;48;37;13;14;54;28;9;8;19;0;70;69;98;67;66;65;111;111;111;111;
?;?;?;?;?;?;?;?;?;?;?;?;?;53;50;39;35;14;54;28;55;4;27;22;133;131;0;70;69;98;67;74;51;48;37;13;20;8;19;0;70;69;98;67;66;65;111;111;111;111;
?;?;?;?;?;?;?;?;?;?;?;?;?;19;0;70;69;72;52;49;38;3;133;131;0;70;69;98;67;66;65;111;111;111;111;111;111;111;111;111;111;111;74;51;48;37;13;14;54;20;
?;?;?;?;?;?;?;?;?;?;?;?;?;38;31;25;20;8;19;0;70;126;95;88;81;45;34;9;8;19;0;70;69;72;52;49;38;31;25;54;28;55;3;133;131;0;70;69;98;73;
?;?;?;?;?;?;?;?;?;?;?;?;?;69;98;67;74;51;48;37;13;20;1;6;5;2;64;40;63;62;61;3;133;131;0;70;69;98;67;66;65;111;111;111;74;51;48;37;13;14;
?;?;?;?;?;?;?;?;?;?;?;?;?;131;0;70;69;98;67;66;74;51;48;37;13;14;54;20;8;19;0;70;69;98;67;66;65;111;74;51;48;37;13;14;54;20;8;19;0;70;
?;?;?;?;?;?;?;?;?;?;?;?;?;0;70;69;98;67;66;65;111;111;111;111;111;111;74;51;48;37;13;14;54;28;55;4;27;29;29;29;29;29;29;29;29;29;29;29;29;29;
?;?;?;?;?;?;?;?;?;?;?;?;?;58;46;32;12;24;19;0;70;69;72;52;49;38;31;12;24;19;0;70;126;95;88;81;3;133;131;0;70;69;98;67;66;65;111;111;111;111;
?;?;?;?;?;?;?;?;?;?;?;?;?;58;3;133;131;0;70;69;98;73;53;50;39;35;9;8;19;0;70;69;98;67;66;65;111;111;111;74;51;48;37;13;14;54;20;8;19;0;
?;?;?;?;?;?;?;?;?;?;?;?;?;84;77;57;44;15;33;55;3;133;131;0;70;69;98;67;66;65;111;111;111;111;111;74;51;48;37;13;14;54;28;55;4;27;29;29;29;29;
?;?;?;?;?;?;?;?;?;?;?;?;?;4;27;29;29;29;29;23;21;131;0;70;69;98;67;66;65;111;111;111;111;111;111;111;111;111;111;111;111;111;111;74;51;48;37;13;20;8;
?;?;?;?;?;?;?;?;?;?;?;?;?;55;4;27;29;29;29;29;29;23;21;131;0;70;69;72;52;49;38;31;12;24;19;0;125;91;85;78;3;133;131;0;70;69;98;67;66;65;
?;?;?;?;?;?;?;?;?;?;?;?;?;58;46;32;26;55;4;27;29;29;29;29;29;29;29;23;21;131;0;70;69;98;67;66;65;111;111;111;111;111;111;111;111;111;111;111;111;111;
?;?;?;?;?;?;?;?;?;?;?;?;?;0;70;69;98;73;53;50;39;35;14;54;20;8;19;0;70;69;98;73;53;50;39;35;14;54;28;55;4;27;29;29;29;29;29;23;21;131;
?;?;?;?;?;?;?;?;?;?;?;?;?;81;45;34;30;9;8;19;124;90;84;77;3;133;131;0;70;69;98;67;66;65;111;111;111;111;111;111;74;51;48;37;13;14;54;28;55;4;
?;?;?;?;?;?;?;?;?;?;?;?;?;58;3;133;131;0;70;69;98;67;66;65;111;111;111;111;111;111;74;51;48;37;13;14;54;28;55;4;27;29;29;29;29;23;21;131;0;70;
?;?;?;?;?;?;?;?;?;?;?;?;?;123;89;82;75;40;63;62;61;60;59;3;133;131;0;70;69;98;67;66;65;111;111;111;111;111;111;111;111;111;111;111;111;111;111;111;74;51;
?;?;?;?;?;?;?;?;?;?;?;?;?;134;132;122;102;100;68;67;74;51;48;37;13;20;8;19;0;70;69;98;67;66;65;111;111;111;111;74;51;48;37;13;14;54;28;55;3;133;
?;?;?;?;?;?;?;?;?;?;?;?;?;69;72;52;49;38;31;25;20;8;19;0;70;69;98;67;66;74;51;48;37;13;14;54;28;55;4;27;29;23;21;131;0;70;69;98;67;66;
?;?;?;?;?;?;?;?;?;?;?;?;?;21;131;0;70;69;98;67;74;51;48;37;13;14;54;28;55;4;3;133;131;0;70;69;98;67;66;65;111;111;111;111;111;111;111;111;111;111;
?;?;?;?;?;?;?;?;?;?;?;?;?;45;34;9;8;19;0;70;69;98;67;66;65;111;111;111;111;74;51;48;37;13;14;54;28;55;4;27;29;29;29;23;21;131;0;70;69;98;
?;?;?;?;?;?;?;?;?;?;?;?;?;0;125;91;85;78;58;46;3;133;131;0;70;69;98;67;66;65;111;111;111;111;111;111;111;74;51;48;37;13;14;54;28;55;4;27;29;29;
?;?;?;?;?;?;?;?;?;?;?;?;?;8;19;0;125;91;85;78;58;46;32;26;55;4;27;22;133;131;0;70;69;98;67;66;65;111;111;111;111;74;51;48;37;13;14;54;28;55;
?;?;?;?;?;?;?;?;?;?;?;?;?;81;45;34;30;28;55;4;27;29;23;21;131;0;70;69;98;67;66;74;51;48;37;13;20;8;19;0;70;69;98;67;66;74;51;48;37;13;
?;?;?;?;?;?;?;?;?;?;?;?;?;0;70;69;72;52;49;38;31;25;54;28;55;4;3;133;131;0;70;69;98;67;66;65;111;111;111;111;111;111;111;111;111;111;111;111;111;74;
?;?;?;?;?;?;?;?;?;?;?;?;?;151;144;137;112;108;105;71;73;53;50;39;35;14;54;20;8;19;0;70;69;98;67;74;51;48;37;13;14;54;28;9;8;19;0;70;69;98;
?;?;?;?;?;?;?;?;?;?;?;?;?;0;70;69;98;67;66;65;111;111;111;111;74;51;48;37;13;14;54;28;55;4;27;29;29;29;29;29;29;29;29;29;29;23;21;131;0;70;
?;?;?;?;?;?;?;?;?;?;?;?;?;134;132;122;102;100;68;129;93;87;80;42;14;54;28;9;8;19;0;70;69;98;67;74;51;48;37;13;14;54;28;55;4;27;29;29;29;29;
?;?;?;?;?;?;?;?;?;?;?;?;?;0;70;69;72;52;49;151;144;137;112;108;105;71;73;53;50;39;35;14;54;28;55;4;27;29;29;29;23;21;131;0;125;91;85;78;58;46;
?;?;?;?;?;?;?;?;?;?;?;?;?;58;46;32;26;20;1;6;5;2;64;40;63;3;133;131;0;70;69;98;67;66;65;111;111;111;111;111;111;111;111;111;111;111;74;51;48;37;
?;?;?;?;?;?;?;?;?;?;?;?;?;44;15;33;55;4;27;29;29;29;29;29;29;29;29;23;21;131;0;70;69;98;67;66;65;111;111;111;111;111;111;111;111;111;111;111;111;111;
?;?;?;?;?;?;?;?;?;?;?;?;?;70;69;98;67;66;74;51;48;37;13;20;8;19;0;70;69;98;67;66;65;111;111;74;51;48;37;13;14;54;28;9;8;19;0;70;69;98;
?;?;?;?;?;?;?;?;?;?;?;?;?;111;111;111;111;111;74;51;48;37;13;14;54;28;55;4;27;29;29;23;21;131;0;70;69;98;67;66;74;51;48;37;13;14;54;28;55;4;
?;?;?;?;?;?;?;?;?;?;?;?;?;8;19;0;70;126;95;88;81;45;34;30;28;55;4;3;133;131;0;70;69;98;67;66;65;111;111;74;51;48;37;13;14;54;28;55;4;27;
?;?;?;?;?;?;?;?;?;?;?;?;?;38;31;25;54;28;55;4;27;29;29;29;29;23;21;131;0;70;69;72;52;49;38;3;133;131;0;70;69;98;67;66;74;51;48;37;13;14;
?;?;?;?;?;?;?;?;?;?;?;?;?;81;45;34;9;8;19;0;125;91;85;78;3;133;131;0;70;69;98;67;66;65;111;111;111;111;111;111;74;51;48;37;13;14;54;20;8;19;
?;?;?;?;?;?;?;?;?;?;?;?;?;81;45;34;30;9;8;19;0;70;69;98;67;66;65;111;111;111;111;111;111;111;111;111;111;111;111;111;74;51;48;37;13;14;54;20;8;19;
?;?;?;?;?;?;?;?;?;?;?;?;?;0;70;126;95;88;81;45;3;133;131;0;125;91;85;78;58;46;32;12;24;19;0;70;126;95;88;81;45;34;30;28;55;4;3;133;131;0;
?;?;?;?;?;?;?;?;?;?;?;?;?;81;45;34;9;8;19;0;70;69;98;67;66;65;111;111;111;111;111;74;51;48;37;13;14;54;28;55;4;27;29;29;29;23;21;131;0;70;
?;?;?;?;?;?;?;?;?;?;?;?;?;34;30;9;8;19;0;70;69;98;67;74;51;48;151;144;137;112;108;105;71;110;74;51;48;37;13;14;54;28;55;3;133;131;0;70;69;98;
?;?;?;?;?;?;?;?;?;?;?;?;?;0;70;126;95;88;81;45;34;30;28;55;3;7;18;1;152;141;138;114;119;118;149;148;113;136;111;111;111;111;111;111;74;51;48;37;13;14;
?;?;?;?;?;?;?;?;?;?;?;?;?;0;70;126;95;88;81;45;34;30;9;8;123;89;82;75;40;63;3;133;131;0;70;69;98;67;66;65;111;111;111;111;74;51;48;37;13;14;
?;?;?;?;?;?;?;?;?;?;?;?;?;38;31;12;24;19;0;70;69;98;67;66;65;111;74;51;48;37;13;14;54;28;55;4;27;22;133;131;0;125;91;85;78;58;3;133;131;0;
?;?;?;?;?;?;?;?;?;?;?;?;?;0;70;69;98;73;53;50;39;35;14;54;28;55;4;27;29;29;29;23;21;131;0;70;69;72;52;49;38;31;25;54;20;8;19;0;70;69;
?;?;?;?;?;?;?;?;?;?;?;?;?;70;69;72;52;49;38;31;25;20;8;19;0;70;69;72;52;49;38;31;25;54;28;55;4;27;29;29;29;29;23;21;131;0;70;69;98;67;
?;?;?;?;?;?;?;?;?;?;?;?;?;55;4;27;29;29;23;21;131;0;70;69;72;52;49;38;31;25;20;8;19;0;70;69;98;67;66;65;111;111;111;111;111;111;111;111;111;111;
?;?;?;?;?;?;?;?;?;?;?;?;?;67;66;74;51;48;37;13;14;54;28;9;8;19;0;70;69;72;52;49;38;31;25;54;28;55;4;3;133;131;0;70;69;98;67;66;65;36;
?;?;?;?;?;?;?;?;?;?;?;?;?;58;46;32;12;24;19;0;70;69;98;67;66;65;111;111;111;111;111;111;111;111;111;74;51;48;37;13;14;54;28;9;8;19;0;70;69;98;
?;?;?;?;?;?;?;?;?;?;?;?;?;0;70;69;72;52;49;151;144;137;112;108;105;71;73;53;130;97;96;106;107;104;135;103;110;113;136;111;111;111;111;111;111;111;74;51;48;37;
?;?;?;?;?;?;?;?;?;?;?;?;?;38;31;25;20;8;19;0;125;91;85;78;58;46;32;26;55;4;27;29;29;29;29;29;23;21;131;0;70;126;95;88;81;45;34;30;28;55;
?;?;?;?;?;?;?;?;?;?;?;?;?;81;45;3;133;131;0;125;91;85;78;58;3;133;131;0;70;69;98;67;74;51;48;37;13;14;54;28;55;4;27;29;29;29;29;29;23;21;
?;?;?;?;?;?;?;?;?;?;?;?;?;81;3;133;131;0;70;126;95;88;81;45;34;30;28;55;3;133;131;0;70;69;98;67;66;65;111;111;111;74;51;48;37;13;14;54;28;55;
?;?;?;?;?;?;?;?;?;?;?;?;?;125;91;85;78;58;46;3;133;131;0;70;69;98;73;53;50;39;35;14;54;28;55;3;133;131;0;70;69;98;67;66;65;111;111;111;111;74;
?;?;?;?;?;?;?;?;?;?;?;?;?;?;109;154;127;94;83;76;56;43;54;28;9;8;19;0;70;69;98;73;156;11;10;121;101;99;68;67;66;65;36;17;16;37;13;14;54;20;
?;?;?;?;?;?;?;?;?;?;?;?;?;4;27;29;29;29;29;29;23;21;131;0;70;69;98;67;66;65;111;111;111;111;111;111;111;111;111;111;111;111;111;111;111;111;111;111;74;51;
?;?;?;?;?;?;?;?;?;?;?;?;?;58;46;3;133;131;0;70;69;98;67;66;65;111;111;111;111;74;51;48;37;13;14;54;20;8;19;0;70;69;98;67;66;65;111;111;74;51;
?;?;?;?;?;?;?;?;?;?;?;?;?;98;67;74;51;48;37;13;14;54;28;55;4;27;29;29;29;23;21;131;0;70;69;98;67;66;65;111;74;51;48;37;13;14;9;8;19;0;
?;?;?;?;?;?;?;?;?;?;?;?;?;81;3;133;131;0;70;69;98;67;66;65;111;111;111;111;111;74;51;48;37;13;14;54;20;8;19;0;70;126;95;88;81;45;34;30;28;55;
?;?;?;?;?;?;?;?;?;?;?;?;?;70;69;72;52;49;38;31;12;24;19;0;70;69;98;67;66;65;111;74;51;48;37;13;14;54;28;55;4;27;29;23;21;131;0;70;69;72;
?;?;?;?;?;?;?;?;?;?;?;?;?;38;31;25;54;28;9;8;19;124;90;84;77;57;44;15;33;55;3;133;131;0;70;69;98;67;66;65;36;17;16;37;13;14;54;28;55;3;
?;?;?;?;?;?;?;?;?;?;?;?;?;19;0;70;69;98;67;74;51;48;151;144;137;112;108;105;71;110;113;136;111;111;111;74;51;48;37;13;14;54;28;55;4;27;29;29;29;29;
?;?;?;?;?;?;?;?;?;?;?;?;?;68;129;93;87;80;42;14;54;20;8;19;124;90;84;77;57;3;133;131;0;70;69;98;67;66;65;111;111;74;51;48;37;13;14;54;28;55;
?;?;?;?;?;?;?;?;?;?;?;?;?;57;44;15;33;55;4;27;29;29;29;29;29;23;21;131;0;70;69;98;67;66;65;111;74;51;48;37;13;14;54;28;55;4;3;133;131;0;
?;?;?;?;?;?;?;?;?;?;?;?;?;81;3;133;131;0;70;126;95;88;81;45;34;30;9;8;19;0;70;69;98;67;66;74;51;48;37;13;14;54;20;8;19;0;70;69;98;67;
?;?;?;?;?;?;?;?;?;?;?;?;?;57;44;15;33;12;24;19;0;70;69;72;52;130;97;96;106;107;104;135;103;110;113;136;111;111;111;111;111;111;111;111;111;111;111;111;111;111;
?;?;?;?;?;?;?;?;?;?;?;?;?;0;70;69;72;52;49;38;31;25;20;8;19;124;90;84;77;3;133;131;0;70;69;98;73;53;50;39;35;9;8;19;0;70;69;98;67;66;
?;?;?;?;?;?;?;?;?;?;?;?;?;0;70;126;95;88;81;45;34;30;28;55;4;27;29;29;29;29;23;21;131;0;70;69;98;67;66;65;111;111;111;74;51;48;37;13;14;54;
?;?;?;?;?;?;?;?;?;?;?;?;?;55;4;27;29;29;29;29;23;21;131;0;70;69;72;52;49;38;31;25;54;28;55;4;27;22;133;131;0;70;69;98;67;66;65;111;74;51;
?;?;?;?;?;?;?;?;?;?;?;?;?;81;45;3;133;131;0;70;69;98;67;66;65;111;111;111;111;111;111;74;51;48;37;23;21;131;0;70;126;95;88;81;3;133;131;0;70;69;
?;?;?;?;?;?;?;?;?;?;?;?;?;4;27;29;29;23;21;131;0;70;69;98;67;74;51;48;37;13;14;9;8;19;0;70;69;98;67;66;74;51;48;37;13;14;54;28;55;4;
?;?;?;?;?;?;?;?;?;?;?;?;?;50;39;3;133;131;0;125;91;85;78;58;46;32;26;20;8;19;0;70;69;98;73;53;50;39;35;14;54;28;55;4;27;29;29;29;29;23;
?;?;?;?;?;?;?;?;?;?;?;?;?;27;29;29;29;29;29;29;29;29;23;21;131;0;70;69;98;67;66;65;111;111;111;111;111;111;111;111;111;111;111;111;111;111;111;111;111;111;
?;?;?;?;?;?;?;?;?;?;?;?;?;66;65;111;74;51;48;37;13;14;54;28;55;3;133;131;0;70;69;98;67;66;65;111;111;74;51;48;37;13;14;54;28;55;4;3;133;131;
?;?;?;?;?;?;?;?;?;?;?;?;?;81;45;34;30;28;55;4;27;29;29;23;21;131;0;70;69;98;73;53;50;39;35;9;8;19;0;70;69;98;67;66;65;111;111;111;111;111;
?;?;?;?;?;?;?;?;?;?;?;?;?;81;3;133;131;0;70;69;98;73;53;50;39;35;14;54;28;55;4;27;29;29;29;23;21;131;0;70;69;98;67;74;51;48;37;13;14;54;
?;?;?;?;?;?;?;?;?;?;?;?;?;0;70;126;95;88;81;45;34;30;28;9;8;19;0;70;69;98;67;66;65;111;74;51;48;37;13;14;9;8;19;0;70;69;98;67;74;51;
?;?;?;?;?;?;?;?;?;?;?;?;?;29;29;29;23;21;131;0;70;69;98;67;66;74;51;48;37;13;14;54;28;55;4;27;29;23;21;131;0;70;69;98;67;66;65;111;111;111;
?;?;?;?;?;?;?;?;?;?;?;?;?;21;131;0;70;69;98;67;66;65;111;111;111;111;111;111;111;111;111;111;111;111;111;111;74;51;48;37;13;14;9;8;19;0;70;69;98;67;
?;?;?;?;?;?;?;?;?;?;?;?;?;55;4;27;22;133;131;0;70;69;98;67;66;74;51;48;37;13;14;54;20;8;19;0;70;69;98;67;66;65;111;74;51;48;37;13;14;9;
?;?;?;?;?;?;?;?;?;?;?;?;?;46;32;26;20;8;19;0;125;91;85;153;143;140;117;116;146;71;73;53;50;151;144;137;112;108;105;71;110;74;51;48;37;13;20;8;19;0;
?;?;?;?;?;?;?;?;?;?;?;?;?;0;70;69;98;67;74;51;48;37;13;14;54;28;55;4;27;29;23;21;131;0;70;69;98;73;53;50;39;35;14;54;28;55;4;27;29;29;
?;?;?;?;?;?;?;?;?;?;?;?;?;3;133;131;0;70;69;98;67;66;74;51;48;37;13;14;54;28;55;4;27;29;29;23;21;131;0;70;69;98;73;53;50;39;35;14;54;28;
?;?;?;?;?;?;?;?;?;?;?;?;?;81;45;3;133;131;0;125;91;85;78;58;46;3;133;131;0;125;91;85;78;58;46;32;26;55;3;133;131;0;70;69;98;67;66;74;51;48;
?;?;?;?;?;?;?;?;?;?;?;?;?;1;6;5;2;150;142;139;115;147;145;120;73;53;50;39;35;14;9;8;19;0;70;69;98;67;66;65;36;17;16;37;13;14;54;28;9;8;
?;?;?;?;?;?;?;?;?;?;?;?;?;8;19;0;70;69;98;67;66;65;111;74;51;48;37;13;14;54;28;55;4;3;133;131;0;70;69;98;67;66;74;51;48;37;13;14;54;28;
?;?;?;?;?;?;?;?;?;?;?;?;?;58;46;3;133;131;0;70;69;98;73;53;50;39;35;14;54;20;8;19;0;70;69;98;67;66;65;111;111;74;51;48;37;13;14;54;28;55;
?;?;?;?;?;?;?;?;?;?;?;?;?;58;3;133;131;0;70;126;95;88;81;45;34;30;9;8;19;0;70;69;98;67;66;74;51;48;37;13;14;54;28;55;3;133;131;0;70;69;
?;?;?;?;?;?;?;?;?;?;?;?;?;65;111;111;111;111;111;111;74;51;48;37;13;14;54;28;55;4;27;29;29;29;29;29;29;29;29;29;29;29;29;29;29;29;29;29;29;29;