?;?;?;?;?;0;7;6;1;4;4;2;9;8;0;7;6;1;4;4;4;4;4;4;4;4;4;4;4;2;9;8;5;3;3;3;3;3;0;7;6;1;4;4;4;4;2;9;8;5;
?;?;?;?;?;3;0;7;6;1;4;4;4;4;4;4;4;4;4;4;4;4;4;2;9;8;5;3;3;3;3;3;3;3;0;7;6;1;2;9;8;5;3;3;3;3;3;3;3;0;
?;?;?;?;?;3;3;3;0;7;6;1;4;4;4;4;4;4;2;9;8;5;3;3;3;3;3;0;7;6;1;4;4;4;4;4;4;4;4;4;2;9;8;5;3;3;3;3;3;3;
?;?;?;?;?;9;8;5;0;7;6;1;4;4;4;2;9;8;5;3;3;3;3;0;7;6;1;4;4;4;4;4;4;4;2;9;8;5;3;3;3;3;3;3;3;3;0;7;6;1;
?;?;?;?;?;4;4;4;4;4;4;4;4;2;9;8;5;3;3;3;3;3;3;3;3;3;3;3;3;3;3;3;3;0;7;6;1;4;4;4;4;4;4;4;2;9;8;5;3;3;
?;?;?;?;?;8;5;3;3;3;3;0;7;2;9;8;5;0;7;6;1;4;4;4;4;4;2;9;8;5;3;0;7;6;1;4;4;4;4;4;4;4;2;9;8;5;3;3;3;3;
?;?;?;?;?;0;7;6;2;9;8;5;3;3;0;7;6;1;4;4;4;4;2;0;7;6;1;4;4;4;4;4;2;9;8;5;3;3;3;3;3;3;3;3;0;7;6;1;4;4;
?;?;?;?;?;0;7;6;1;4;4;2;9;8;5;3;0;7;6;1;4;4;4;4;4;4;4;2;9;8;5;3;3;3;3;3;3;0;2;9;8;5;3;3;3;3;3;3;3;3;
?;?;?;?;?;4;2;9;8;0;7;6;1;4;2;9;8;5;3;3;3;3;0;7;6;1;4;4;4;2;9;8;5;3;3;3;3;3;3;3;3;3;3;3;0;7;6;2;9;8;
?;?;?;?;?;0;7;6;1;4;2;9;8;5;0;7;6;1;4;4;2;9;8;5;3;3;0;7;6;2;9;8;5;3;0;7;6;1;4;4;4;4;2;9;8;5;3;0;7;6;
?;?;?;?;?;0;7;6;1;2;9;8;5;3;3;3;0;7;6;1;4;4;4;4;4;4;4;4;4;4;4;4;2;9;8;5;3;3;0;7;2;9;8;5;3;3;3;3;3;3;
?;?;?;?;?;0;7;6;1;4;4;4;4;4;4;2;9;8;5;3;3;3;3;3;0;7;6;1;4;4;4;4;4;4;4;4;4;2;9;8;5;3;3;3;3;0;7;6;1;4;
?;?;?;?;?;0;7;6;1;4;2;9;8;5;3;3;3;3;3;3;3;3;3;3;0;7;6;1;4;2;9;8;5;0;7;6;1;4;4;4;4;4;4;4;2;9;8;5;3;3;
?;?;?;?;?;3;0;7;6;1;4;2;9;8;5;3;3;3;0;7;6;1;4;4;4;4;4;4;4;4;2;9;8;5;3;3;3;3;3;3;3;3;0;7;6;1;4;4;4;2;
?;?;?;?;?;2;9;8;0;7;6;1;4;4;4;4;4;4;2;9;8;5;3;3;3;3;3;3;3;0;7;6;2;9;8;5;3;3;3;3;0;7;6;1;4;4;4;4;4;4;
?;?;?;?;?;2;9;8;5;3;3;3;3;0;7;6;1;4;4;4;4;2;9;8;5;3;3;3;3;0;7;6;1;4;4;4;2;9;8;0;7;6;1;4;4;4;4;4;4;2;
?;?;?;?;?;0;7;6;1;4;2;9;8;5;3;3;3;3;3;3;3;3;0;7;6;1;4;4;4;4;2;9;8;5;3;3;3;0;7;6;1;4;4;4;4;4;4;4;4;4;
?;?;?;?;?;7;6;1;4;4;2;9;8;5;3;0;7;6;1;4;2;9;8;5;3;3;0;7;2;9;8;5;3;3;3;3;3;0;7;2;9;8;5;3;3;3;0;7;6;1;
?;?;?;?;?;0;7;6;1;2;9;8;5;3;3;3;3;0;7;6;1;4;4;4;4;4;4;4;4;4;4;4;2;9;8;5;3;3;3;3;0;7;6;1;4;4;4;4;4;4;
?;?;?;?;?;2;9;8;5;3;0;7;6;1;2;9;8;5;3;3;0;7;6;1;2;9;8;5;3;3;3;0;7;6;1;4;4;4;4;4;4;4;4;4;4;4;4;2;9;0;
?;?;?;?;?;2;9;8;5;3;3;3;3;3;3;3;3;3;3;3;0;7;6;1;4;4;4;4;4;4;2;9;8;5;3;3;3;3;3;3;0;7;6;1;4;4;4;4;4;4;
?;?;?;?;?;0;7;6;1;2;9;8;5;3;3;3;3;0;7;6;1;4;4;4;4;4;4;4;4;2;9;8;5;3;3;3;3;0;7;6;1;4;4;4;4;4;4;4;2;9;
?;?;?;?;?;0;7;6;1;4;2;9;8;5;3;0;7;6;1;4;4;4;4;4;4;4;4;4;4;4;4;4;4;4;4;4;2;9;8;5;3;3;3;3;3;0;7;6;1;4;
?;?;?;?;?;3;3;0;7;6;1;4;4;4;4;4;4;4;4;4;2;9;8;5;3;3;3;3;3;3;3;3;3;3;3;3;0;7;6;1;4;4;4;4;4;2;9;8;5;3;
?;?;?;?;?;0;7;6;1;4;4;2;9;8;5;3;3;3;3;3;0;7;6;1;4;4;4;4;4;4;2;9;8;5;3;3;3;3;0;7;6;1;4;4;4;4;4;4;4;4;
?;?;?;?;?;0;7;6;1;4;2;9;8;5;0;7;6;1;4;4;2;9;8;5;3;3;0;7;6;1;2;9;8;5;3;3;3;3;3;3;3;3;3;0;7;6;1;4;4;4;
?;?;?;?;?;2;9;8;5;3;0;7;6;1;2;9;8;5;3;3;0;7;6;1;4;4;4;4;4;4;4;4;4;4;4;2;9;8;5;0;7;6;1;4;4;4;4;4;4;4;
?;?;?;?;?;3;3;3;3;0;7;6;1;4;4;4;2;9;8;5;0;7;6;1;4;4;4;4;4;4;4;2;9;8;5;3;3;3;3;3;3;3;0;7;6;1;4;4;4;4;
?;?;?;?;?;3;3;3;3;3;3;3;3;0;7;6;1;4;4;4;4;2;9;8;5;3;3;0;7;6;1;4;4;4;4;4;2;9;8;5;0;7;6;1;4;4;4;4;4;2;
?;?;?;?;?;6;1;4;4;4;4;4;4;4;4;4;4;4;4;2;9;8;5;3;3;3;3;3;3;3;3;3;3;3;3;3;3;3;3;3;3;3;0;7;6;1;4;4;4;4;
?;?;?;?;?;2;9;8;5;3;0;7;6;1;4;2;9;8;5;3;3;3;3;0;7;6;1;4;4;4;4;4;4;4;2;9;8;5;3;3;3;3;3;3;3;3;3;3;3;3;
?;?;?;?;?;0;7;6;1;4;4;4;4;4;4;4;4;4;2;9;8;5;3;3;3;3;3;0;7;6;1;4;2;9;8;5;3;3;3;3;3;3;0;7;6;1;4;4;4;4;
?;?;?;?;?;0;7;6;1;4;4;4;4;4;4;4;4;4;4;4;4;2;9;8;5;3;3;3;3;0;2;9;8;5;3;3;3;3;3;3;3;3;3;3;3;3;3;3;3;0;
?;?;?;?;?;0;7;6;1;4;2;9;8;5;3;0;7;6;1;2;9;8;5;3;3;3;0;7;6;1;4;4;4;4;4;4;4;4;4;4;4;2;9;8;5;3;3;3;3;0;
?;?;?;?;?;9;8;5;3;3;0;7;6;1;4;4;4;4;4;4;4;4;4;4;2;9;8;5;3;3;0;7;6;1;4;4;4;2;9;8;5;3;3;3;3;3;3;3;3;0;
?;?;?;?;?;2;9;8;5;3;3;3;0;7;6;1;4;4;4;4;4;4;4;4;4;2;9;8;5;3;3;3;3;3;3;3;3;3;3;3;3;3;0;7;6;1;4;4;4;4;
?;?;?;?;?;0;7;6;2;9;8;5;3;3;3;3;3;3;3;3;3;3;3;0;7;6;1;4;4;4;4;4;4;4;4;4;4;4;4;4;4;4;4;4;4;2;9;8;5;3;
?;?;?;?;?;2;9;8;5;3;3;0;7;6;1;2;9;8;5;0;7;6;1;4;2;9;8;0;7;6;1;4;4;4;4;4;2;9;8;5;3;3;3;3;0;7;6;1;4;4;
?;?;?;?;?;6;1;2;9;8;5;3;3;3;3;0;7;6;1;4;4;4;2;9;8;5;3;3;3;3;0;7;6;1;4;4;4;4;2;9;8;5;3;3;3;3;0;7;6;1;
?;?;?;?;?;2;9;8;5;3;3;3;0;7;6;1;4;4;4;4;4;4;2;9;8;5;3;0;7;6;1;4;4;4;4;4;4;4;4;4;4;2;9;8;5;3;3;3;3;3;
?;?;?;?;?;8;5;3;3;0;7;6;1;4;4;2;9;8;5;3;3;3;3;3;3;3;3;0;7;6;1;4;4;4;4;4;4;4;4;4;4;4;4;4;4;2;9;8;5;3;
?;?;?;?;?;9;8;5;3;3;0;7;6;1;2;9;8;5;3;3;3;0;7;6;1;4;2;9;0;7;6;1;4;4;4;4;4;4;4;4;4;4;4;4;2;9;8;5;3;3;
?;?;?;?;?;3;0;7;6;1;4;4;4;4;4;4;4;4;4;2;9;8;5;3;3;3;3;3;3;3;3;3;3;3;3;3;0;7;6;1;4;4;4;4;4;4;4;4;4;4;
?;?;?;?;?;0;7;6;1;4;4;2;9;8;0;7;6;1;4;4;4;2;9;8;5;3;3;3;0;7;6;1;4;2;9;8;5;3;3;3;3;3;3;3;3;3;3;3;3;3;
?;?;?;?;?;0;7;6;1;4;2;9;8;5;3;3;0;7;6;1;4;2;9;8;5;3;3;3;3;3;3;0;7;6;1;4;4;4;4;4;4;4;4;4;4;4;4;4;4;4;
?;?;?;?;?;0;7;6;1;2;9;8;5;3;3;0;7;6;1;4;4;4;2;9;8;5;3;3;0;7;6;1;4;4;4;4;2;9;8;5;3;3;3;3;0;7;6;1;4;4;
?;?;?;?;?;2;9;8;5;3;3;0;7;6;1;2;9;8;5;3;3;3;3;0;7;6;1;4;4;4;4;4;4;4;4;2;9;8;5;3;3;3;3;3;0;7;6;1;4;4;
?;?;?;?;?;7;6;1;4;4;4;4;2;9;8;0;7;2;9;8;5;3;3;3;3;0;7;6;2;9;8;5;3;3;3;3;3;3;3;0;7;6;1;4;4;4;4;4;4;4;
?;?;?;?;?;2;9;8;5;0;7;6;1;4;2;9;8;5;3;3;3;3;3;3;3;3;3;3;3;3;0;7;6;1;4;4;4;4;4;4;2;9;8;5;0;7;6;1;4;4;
?;?;?;?;?;2;9;8;5;3;3;3;3;3;0;7;6;1;4;4;4;4;4;4;4;4;4;4;4;2;9;8;5;0;7;6;1;4;4;2;9;8;5;3;3;3;3;3;3;3;
?;?;?;?;?;5;3;3;3;3;3;3;3;3;3;3;3;3;3;3;3;3;0;7;6;1;4;4;4;4;4;4;4;4;4;4;4;4;2;9;8;5;3;0;7;6;1;4;4;4;
?;?;?;?;?;3;3;3;3;3;3;0;7;6;1;4;4;4;4;2;9;8;5;3;3;3;3;3;0;7;6;1;4;4;4;4;4;4;4;4;4;4;4;4;4;4;4;4;4;4;
?;?;?;?;?;3;3;3;3;3;3;3;3;0;7;6;1;4;4;4;4;4;2;9;8;5;0;7;6;1;4;4;4;4;4;4;4;4;4;4;4;4;4;4;4;4;4;4;4;4;
?;?;?;?;?;7;6;1;4;4;2;9;8;5;3;3;3;3;3;3;3;3;3;3;0;7;6;1;4;4;4;4;4;4;2;9;8;5;3;3;3;0;7;6;1;4;4;4;4;4;
?;?;?;?;?;3;3;3;3;0;7;6;1;4;4;4;4;4;4;4;4;2;9;8;5;0;7;6;1;4;4;4;4;2;9;8;5;0;7;6;1;4;4;4;4;4;4;4;4;4;
?;?;?;?;?;0;7;6;1;2;9;8;5;3;3;0;7;6;1;4;4;2;9;8;0;7;6;1;4;4;2;9;8;5;3;3;0;7;6;1;4;4;4;4;4;4;4;2;9;8;
?;?;?;?;?;2;9;8;5;3;0;7;6;1;4;2;9;8;5;3;3;3;3;3;3;0;7;6;1;4;4;4;4;4;4;2;9;8;5;3;3;3;0;7;6;2;9;8;5;3;
?;?;?;?;?;2;9;8;5;3;0;7;6;1;4;4;4;2;9;0;7;6;1;4;2;9;8;5;3;3;3;3;3;3;3;3;3;3;3;3;3;0;7;6;1;4;4;4;4;4;
?;?;?;?;?;4;4;4;4;4;4;4;4;2;9;8;5;3;3;3;0;7;6;2;9;8;5;3;3;3;3;3;3;3;3;3;0;7;6;1;4;2;9;8;5;3;3;3;3;0;
?;?;?;?;?;4;2;0;7;6;1;4;4;4;4;4;4;4;4;4;4;4;4;4;4;4;4;4;4;4;2;9;8;5;3;3;3;3;3;3;3;3;3;3;3;3;3;3;3;3;
?;?;?;?;?;3;0;2;9;8;5;3;3;3;0;7;6;1;4;4;4;4;4;2;9;8;5;3;3;3;3;0;7;6;1;4;4;4;4;4;4;4;4;4;4;4;4;4;4;4;
?;?;?;?;?;9;8;5;3;0;7;6;1;4;4;2;9;8;5;3;3;0;7;6;1;4;2;9;8;5;3;0;7;6;1;4;2;9;8;0;7;6;1;4;4;4;4;4;4;4;
?;?;?;?;?;2;9;8;5;0;7;6;1;4;4;2;9;8;5;3;3;0;7;6;1;4;2;9;8;5;3;3;3;3;3;3;3;3;3;3;3;0;7;6;1;4;4;4;4;4;
?;?;?;?;?;0;7;6;1;4;4;2;9;8;5;3;3;3;3;3;3;3;3;3;3;0;7;6;1;4;2;9;8;5;3;0;7;6;1;4;4;4;2;9;8;5;3;3;0;7;
?;?;?;?;?;2;9;8;5;3;0;7;6;1;4;2;9;8;5;3;3;0;7;6;1;4;4;4;4;4;4;4;4;4;4;4;2;9;8;5;0;7;6;1;4;2;9;8;5;3;
?;?;?;?;?;0;7;6;1;4;2;9;8;5;3;3;3;3;0;7;6;1;4;4;4;4;2;9;8;5;3;3;3;3;0;7;6;1;4;4;4;4;4;2;9;8;5;3;3;3;
?;?;?;?;?;7;6;1;4;2;9;8;5;3;3;0;7;6;1;4;2;9;8;5;0;7;6;1;4;4;4;2;9;8;5;3;3;3;3;3;3;3;0;7;6;1;4;4;4;4;
?;?;?;?;?;7;6;1;4;4;2;9;8;5;3;0;7;6;1;2;9;8;5;3;3;0;7;6;1;4;2;9;8;0;7;6;1;4;4;4;4;2;9;8;5;3;0;7;6;1;
?;?;?;?;?;7;6;1;4;4;2;9;8;5;3;3;0;7;6;1;2;9;8;5;3;3;0;7;6;1;4;2;9;8;5;3;0;7;6;1;4;4;2;9;8;5;3;3;3;3;
?;?;?;?;?;4;4;4;4;4;4;4;4;4;4;4;4;4;4;4;4;4;4;2;9;8;5;3;3;3;3;3;3;3;3;3;3;3;3;3;3;3;3;3;3;3;3;3;0;7;
?;?;?;?;?;0;7;6;1;2;9;8;5;3;3;0;7;6;1;4;4;4;4;2;9;8;5;3;3;3;3;3;3;0;7;6;1;4;4;4;2;9;8;5;3;3;3;0;7;6;
?;?;?;?;?;3;3;0;7;6;1;4;4;4;2;9;8;5;3;3;3;3;3;0;7;6;1;4;4;4;4;4;4;4;2;9;8;5;3;3;3;3;3;0;7;6;1;4;4;4;
?;?;?;?;?;2;9;8;5;0;7;6;1;4;4;4;2;9;8;5;3;3;3;3;3;3;3;0;7;6;1;4;4;4;4;2;9;8;5;3;3;3;3;3;0;7;6;1;4;4;
?;?;?;?;?;7;6;1;4;2;9;8;5;3;3;0;7;6;1;4;4;2;9;8;5;3;3;0;7;6;1;2;9;8;5;3;3;3;3;3;0;7;6;1;4;4;4;4;4;4;
?;?;?;?;?;2;9;8;5;3;0;7;6;1;4;2;9;8;5;0;7;6;1;4;4;4;4;4;2;9;8;5;3;3;3;3;3;3;0;7;2;9;8;5;3;3;3;3;3;3;
?;?;?;?;?;3;3;0;7;6;1;2;9;8;5;3;3;3;3;3;0;7;6;1;4;4;4;4;4;4;4;4;4;4;4;4;4;4;4;4;4;4;4;4;4;4;4;4;4;4;
?;?;?;?;?;9;8;5;3;3;0;7;6;1;2;9;8;5;3;3;0;7;6;1;4;4;4;4;4;4;2;9;8;5;3;3;0;7;6;1;4;2;9;8;5;3;3;3;3;3;
?;?;?;?;?;9;8;5;3;0;7;6;1;4;4;4;2;9;8;5;3;3;3;3;3;3;3;3;3;0;7;6;1;4;4;4;4;4;4;4;4;4;4;2;9;8;5;3;3;3;
?;?;?;?;?;2;9;8;5;3;0;7;6;1;4;4;2;9;8;5;0;7;6;1;2;9;8;5;3;3;3;3;3;0;7;6;1;4;4;4;4;4;4;2;9;8;5;3;3;3;
?;?;?;?;?;0;7;6;1;2;9;8;5;3;3;0;7;6;1;4;4;2;9;8;5;3;3;3;0;7;6;1;4;4;4;4;4;4;4;4;4;4;4;2;9;8;5;3;3;3;
?;?;?;?;?;9;8;5;3;3;0;7;6;1;4;4;4;4;2;9;8;5;3;3;3;3;3;3;0;7;6;1;4;4;4;4;4;2;9;8;5;3;3;3;3;3;3;3;3;3;
?;?;?;?;?;9;8;5;3;0;7;6;1;4;4;2;9;8;5;3;3;3;0;7;6;1;4;4;4;4;4;4;4;4;4;4;4;4;4;4;4;4;2;9;8;5;3;3;3;3;
?;?;?;?;?;0;7;6;1;4;4;2;9;8;5;0;7;6;1;4;4;4;2;9;8;5;3;3;3;3;3;3;0;7;6;1;4;4;4;4;2;9;8;5;3;3;3;3;3;3;
?;?;?;?;?;2;9;8;5;3;3;3;3;3;3;3;3;0;7;6;1;4;4;4;4;4;2;9;8;5;3;3;0;7;6;1;4;4;4;4;4;4;4;4;2;9;8;5;3;3;
?;?;?;?;?;2;9;8;5;3;0;7;6;1;4;4;2;9;8;5;3;0;7;6;1;4;4;4;4;4;4;4;4;4;4;4;4;2;9;8;5;3;3;3;3;3;3;3;3;3;
?;?;?;?;?;2;9;8;5;3;3;0;7;6;1;4;2;9;8;5;0;7;6;1;4;4;2;9;8;0;7;6;1;4;4;4;2;9;8;0;7;6;1;4;4;4;4;4;2;9;
?;?;?;?;?;0;7;6;1;2;9;8;5;3;3;0;7;6;1;4;4;4;4;4;4;4;4;4;4;4;4;2;9;8;5;3;3;3;0;7;6;1;4;4;4;4;2;9;8;5;
?;?;?;?;?;9;8;5;3;3;3;3;3;3;3;3;3;3;3;0;7;6;1;4;4;4;4;4;4;4;2;9;8;5;3;3;0;7;6;1;4;4;4;4;4;4;4;4;2;9;
?;?;?;?;?;0;7;6;1;4;2;9;8;5;3;0;7;6;1;2;9;8;5;3;3;0;7;6;1;4;4;4;4;4;2;9;8;5;3;3;3;3;3;3;3;3;3;3;3;3;
?;?;?;?;?;2;9;8;5;3;3;0;7;2;9;8;5;3;3;0;7;6;1;4;2;9;8;5;3;3;3;3;3;0;7;6;1;4;4;4;4;2;9;8;5;3;3;0;7;6;
?;?;?;?;?;1;4;4;2;9;8;5;0;7;6;1;4;4;4;2;9;8;5;3;3;3;3;0;7;6;1;4;4;4;4;4;4;2;9;8;5;3;3;3;3;3;3;3;3;3;
?;?;?;?;?;8;5;3;3;3;3;3;3;0;7;6;1;4;4;4;4;4;4;2;9;8;5;0;7;6;1;4;4;4;4;4;2;9;8;5;3;3;3;0;7;6;1;4;2;9;
?;?;?;?;?;7;6;1;4;4;4;2;9;8;5;3;3;0;7;6;1;4;4;4;4;4;4;4;4;4;2;9;8;5;3;3;3;3;3;3;3;3;3;3;3;3;3;3;3;3;
?;?;?;?;?;2;9;8;5;3;3;0;7;6;1;2;9;8;5;3;3;0;7;6;1;2;9;8;5;3;0;7;6;1;4;4;4;4;4;2;9;0;7;6;1;4;4;4;4;4;
?;?;?;?;?;7;6;1;4;4;2;9;8;5;3;3;3;3;0;2;9;8;5;3;3;3;0;7;6;1;2;9;8;5;3;3;3;3;3;3;0;7;6;1;4;4;4;4;4;4;
?;?;?;?;?;7;6;1;4;4;2;9;8;5;3;3;0;7;6;1;2;9;8;5;3;3;3;3;3;3;3;3;3;3;0;7;6;1;4;4;4;4;4;4;4;4;4;4;4;4;
?;?;?;?;?;0;7;6;1;4;2;9;8;5;0;7;6;1;4;2;9;8;5;3;3;0;7;6;1;4;4;4;4;4;2;9;8;5;3;3;3;3;3;3;3;3;3;3;3;3;
?;?;?;?;?;9;8;5;3;0;7;6;1;4;4;4;2;9;8;5;3;3;0;7;6;1;4;4;4;4;4;4;4;2;9;8;5;3;3;3;3;3;3;3;3;3;3;3;3;0;
?;?;?;?;?;7;6;1;4;4;4;2;9;8;5;3;3;3;0;7;6;2;9;8;5;3;3;3;3;3;3;3;3;3;3;0;7;6;1;4;4;4;4;4;4;4;2;9;8;5;
?;?;?;?;?;2;9;8;5;0;7;6;1;4;4;4;4;2;0;7;6;1;4;4;4;2;9;8;5;3;3;3;3;3;3;3;3;3;3;3;3;3;3;3;3;0;7;6;1;4;
?;?;?;?;?;2;9;8;5;3;3;0;7;6;1;4;2;9;8;5;0;7;6;1;2;9;8;5;3;3;3;3;3;3;3;3;0;7;6;1;4;4;4;4;4;4;2;9;8;5;
?;?;?;?;?;0;7;6;1;4;4;4;4;4;4;2;9;8;5;3;3;3;3;3;3;3;3;3;0;7;6;1;4;2;9;8;5;3;3;3;3;3;3;0;7;6;1;4;4;4;
?;?;?;?;?;3;0;7;2;9;8;5;3;3;3;3;3;0;7;6;1;4;4;4;4;4;4;4;4;4;2;9;8;5;3;3;3;3;3;3;0;7;6;1;4;4;4;4;4;4;
?;?;?;?;?;4;4;4;4;4;4;4;4;4;4;2;9;8;5;3;3;3;3;3;3;3;3;3;3;3;3;3;3;3;3;3;3;3;3;3;0;7;6;1;4;4;4;4;4;4;
?;?;?;?;?;9;8;5;3;3;3;0;7;6;1;4;2;9;8;5;3;3;0;7;6;1;4;4;4;4;4;4;4;4;2;9;8;5;3;3;0;7;6;1;4;4;4;4;4;4;
?;?;?;?;?;2;9;8;5;3;0;7;6;1;4;2;9;8;5;3;3;3;3;3;3;3;3;3;0;7;6;2;9;0;7;6;1;4;4;4;4;4;4;4;4;4;4;4;4;4;
?;?;?;?;?;2;9;8;5;3;0;7;6;1;4;4;4;4;4;4;4;4;4;4;4;2;9;8;5;3;3;3;3;3;3;3;3;3;3;3;3;3;3;0;7;6;1;4;4;4;
?;?;?;?;?;0;7;6;1;4;2;9;8;5;3;0;7;6;1;4;4;4;4;2;9;0;7;6;1;4;4;4;4;4;4;4;4;2;9;8;5;3;3;3;3;3;3;3;3;3;
?;?;?;?;?;7;6;1;4;4;2;9;8;5;3;3;3;3;3;3;3;3;3;3;3;0;7;6;1;4;2;9;8;0;7;6;1;4;4;4;4;4;4;4;4;4;2;9;8;5;
?;?;?;?;?;9;8;5;3;0;7;6;1;4;4;2;9;8;5;3;0;7;6;1;4;4;2;9;8;5;0;7;6;1;4;4;4;4;2;9;8;5;3;3;3;3;0;7;6;1;
?;?;?;?;?;0;7;6;1;4;4;2;9;8;5;0;7;6;2;9;8;5;3;3;3;3;3;3;3;3;3;3;3;3;0;7;6;1;4;4;4;4;4;4;4;4;4;4;2;9;
?;?;?;?;?;0;7;6;1;4;4;2;9;8;5;0;7;6;1;4;4;2;9;0;7;6;1;4;4;2;9;8;5;3;3;3;3;0;7;6;1;4;4;4;4;4;4;4;4;2;
?;?;?;?;?;3;3;3;3;0;7;6;1;2;9;8;5;3;3;3;3;0;7;6;1;4;4;4;4;4;4;2;9;8;5;3;3;3;0;7;6;1;4;4;4;4;4;4;4;4;
?;?;?;?;?;0;7;6;1;4;2;9;8;5;3;0;7;6;1;4;4;4;2;9;8;5;3;3;3;3;3;3;0;7;6;1;4;4;4;2;9;8;5;3;3;3;3;0;7;6;
?;?;?;?;?;0;7;6;1;4;4;2;9;8;5;3;3;3;3;0;7;6;1;4;4;4;4;4;4;4;4;2;9;8;5;3;3;3;3;3;3;3;3;3;0;7;6;2;9;8;
?;?;?;?;?;2;9;8;5;3;3;0;7;6;1;4;4;2;9;8;5;3;3;3;3;3;0;7;6;1;4;4;4;4;4;4;2;9;8;5;3;3;0;7;2;9;8;5;3;3;
?;?;?;?;?;7;6;1;4;2;9;8;5;3;0;7;6;1;4;2;9;8;5;3;3;3;3;3;3;3;0;7;6;1;4;4;4;4;2;9;8;5;3;3;3;0;7;6;1;4;
?;?;?;?;?;3;0;7;6;2;9;8;5;0;7;6;1;4;4;4;4;4;4;4;4;4;4;4;4;4;4;4;4;4;4;2;9;8;5;3;3;3;3;3;3;3;3;3;3;3;
?;?;?;?;?;1;2;9;8;5;3;3;3;3;3;3;3;3;0;7;6;1;4;4;4;4;4;2;9;8;5;3;3;3;3;0;7;6;1;4;4;4;4;4;4;4;4;4;4;4;
?;?;?;?;?;2;9;8;5;3;0;7;6;1;2;9;8;5;3;0;7;6;1;4;4;4;2;9;8;5;3;0;7;6;1;4;2;9;8;5;0;7;6;1;4;4;4;4;4;4;
?;?;?;?;?;3;3;3;3;0;7;6;1;4;4;4;4;4;4;4;4;4;4;4;4;4;4;2;9;8;0;7;6;1;4;4;2;9;8;5;3;3;3;3;3;3;3;3;3;3;
?;?;?;?;?;2;9;8;5;3;0;7;6;1;4;4;4;4;4;4;4;4;4;4;4;2;9;8;5;3;3;3;3;3;3;3;3;0;7;6;1;4;4;4;4;2;9;8;5;3;
?;?;?;?;?;9;8;5;3;3;3;3;3;3;3;3;3;3;3;0;7;6;1;4;4;4;2;9;8;5;3;0;7;6;1;4;4;4;4;4;4;4;4;2;9;8;5;0;7;6;
?;?;?;?;?;2;9;8;5;3;0;7;6;1;4;2;9;8;5;3;0;7;6;1;4;2;9;8;5;3;3;3;3;3;3;0;7;6;1;4;4;4;4;2;9;8;5;3;3;3;
?;?;?;?;?;0;7;6;1;4;4;4;4;2;9;8;5;3;3;3;3;3;0;7;6;1;4;4;4;2;9;8;5;3;3;3;3;3;0;7;6;1;4;4;4;4;4;4;4;4;
?;?;?;?;?;2;9;8;5;3;0;7;6;1;4;2;9;8;5;3;3;3;0;2;9;8;5;3;3;0;7;6;1;4;4;4;4;4;4;4;4;4;4;4;4;4;4;4;2;9;
?;?;?;?;?;3;3;3;3;3;0;7;6;1;4;4;4;4;4;4;4;4;4;4;4;4;4;4;4;4;4;4;4;4;4;4;4;4;4;4;4;2;9;8;5;3;3;3;0;7;
?;?;?;?;?;0;7;6;1;2;9;8;5;3;3;0;7;6;1;4;4;4;4;4;4;4;4;4;2;9;8;5;3;3;0;7;6;1;4;4;4;4;4;4;4;4;4;4;4;4;
?;?;?;?;?;0;7;6;1;4;2;9;8;5;3;3;3;3;3;3;3;3;3;0;7;6;1;4;4;4;4;4;2;9;8;5;3;3;3;3;3;0;7;6;1;4;4;4;2;9;
?;?;?;?;?;3;3;3;3;3;3;3;3;3;3;3;3;3;3;0;7;6;1;4;4;4;4;4;4;4;4;4;4;4;2;9;8;5;3;0;7;6;1;4;4;4;4;4;4;2;
?;?;?;?;?;8;5;3;3;3;0;7;6;1;4;4;4;2;9;8;5;3;3;3;3;3;0;7;6;1;4;4;4;4;4;4;4;2;9;8;5;3;3;3;3;0;7;6;1;4;
?;?;?;?;?;6;1;4;4;4;4;2;9;8;5;3;3;3;3;3;3;3;3;3;3;3;3;3;3;3;3;3;3;3;3;3;0;7;6;1;4;4;4;4;4;4;4;4;4;4;
?;?;?;?;?;4;4;2;9;8;5;0;7;6;1;4;2;9;8;5;3;3;3;3;3;3;3;3;3;3;3;3;3;3;3;3;3;3;0;2;9;8;5;3;0;7;6;1;4;4;
?;?;?;?;?;9;8;5;3;3;0;7;6;1;4;4;4;4;4;4;4;4;2;9;8;5;3;3;3;3;3;3;3;3;3;3;3;3;3;3;3;3;3;3;3;3;3;3;3;3;
?;?;?;?;?;3;3;3;3;3;3;0;7;6;1;4;4;4;4;4;2;9;8;5;3;3;3;0;7;6;1;4;4;4;4;4;4;4;4;4;4;4;4;2;9;8;5;3;3;3;
?;?;?;?;?;8;5;3;3;3;3;3;3;3;3;3;3;3;0;7;6;1;4;4;4;4;4;4;4;4;4;4;4;4;4;4;2;9;8;5;3;3;0;7;6;1;4;4;4;4;
?;?;?;?;?;2;9;8;5;3;0;7;6;1;2;9;8;5;3;0;7;6;1;4;4;4;2;9;8;5;3;3;3;0;7;6;2;9;8;5;3;3;3;0;7;6;2;9;8;5;
?;?;?;?;?;4;2;0;7;6;1;4;2;9;8;5;3;3;3;3;3;3;0;7;6;1;4;4;2;0;7;6;1;4;4;4;4;4;4;2;9;8;5;3;0;7;6;1;4;4;
?;?;?;?;?;2;9;8;5;3;0;7;6;1;4;4;4;4;2;9;8;5;3;3;3;3;3;0;7;6;1;4;4;4;4;4;2;9;8;5;3;3;3;3;3;3;3;3;3;3;
?;?;?;?;?;4;4;4;4;4;4;4;4;4;4;4;2;9;8;5;3;3;3;3;3;3;3;3;3;3;0;7;6;1;4;4;4;4;4;4;4;4;4;4;4;4;4;4;4;4;
?;?;?;?;?;3;0;7;6;1;4;4;4;2;9;8;5;0;7;6;1;4;2;9;0;7;6;1;4;4;4;4;2;9;8;5;3;3;0;7;6;1;4;4;4;4;2;9;8;5;
?;?;?;?;?;0;7;6;1;2;9;8;5;3;3;0;7;6;1;4;4;4;4;4;4;4;4;2;9;8;5;3;3;3;3;3;0;7;6;1;4;4;4;2;9;8;0;7;6;1;
?;?;?;?;?;0;7;6;1;4;2;9;8;5;3;0;7;6;1;4;2;9;8;5;0;7;6;1;4;4;4;2;9;8;5;3;3;3;3;3;3;3;3;3;3;3;0;7;6;2;
?;?;?;?;?;2;9;8;5;0;7;6;1;4;2;9;8;5;3;3;3;3;3;3;3;3;3;3;3;0;7;6;1;4;4;4;4;4;4;4;2;9;8;5;3;3;3;3;0;7;
?;?;?;?;?;0;7;6;1;4;4;2;9;8;0;7;6;1;4;4;4;4;2;9;8;5;3;3;3;3;3;3;3;3;3;0;7;6;1;4;4;4;4;2;9;8;5;3;3;3;
?;?;?;?;?;0;7;6;1;4;2;9;8;5;0;7;6;1;4;4;4;2;9;8;5;0;7;6;1;4;2;9;8;5;3;0;7;6;1;4;4;2;9;8;5;3;3;3;3;3;
?;?;?;?;?;2;9;8;5;3;0;7;6;1;4;2;9;8;5;3;3;0;7;6;1;4;2;9;8;0;7;6;1;2;9;8;5;3;3;3;0;7;6;1;4;4;4;4;4;4;
?;?;?;?;?;9;8;5;3;0;7;6;1;4;4;4;2;9;8;5;3;3;0;7;6;1;4;4;4;4;4;4;4;4;2;9;8;5;3;3;3;3;3;3;3;3;3;3;3;0;
?;?;?;?;?;7;6;1;4;4;2;9;8;5;3;3;3;0;7;6;1;4;4;4;4;4;2;9;8;5;3;3;3;3;3;0;7;6;1;4;4;2;9;8;5;3;3;3;3;0;
?;?;?;?;?;6;1;2;9;8;5;3;3;3;3;3;3;3;3;3;3;3;3;3;0;7;6;1;4;4;4;4;4;4;4;4;4;4;4;4;4;4;4;4;4;4;4;4;4;4;
?;?;?;?;?;2;9;8;5;0;7;6;1;4;2;9;8;5;3;3;3;3;0;7;6;1;4;2;9;8;5;3;3;3;3;3;3;3;3;0;7;6;1;4;4;4;4;4;4;4;
?;?;?;?;?;4;2;9;8;5;3;3;0;7;6;1;4;4;4;4;4;4;2;9;8;5;3;3;3;3;3;3;0;7;6;1;4;4;4;4;2;9;8;5;3;3;0;7;6;1;
?;?;?;?;?;9;8;5;3;3;0;7;6;1;4;2;9;8;5;3;3;3;0;7;6;1;4;4;4;4;4;4;4;4;4;4;4;4;4;4;4;4;4;4;4;2;9;8;5;3;
?;?;?;?;?;2;9;8;5;3;0;7;6;1;2;9;8;5;3;0;7;6;1;4;2;9;8;5;3;3;3;3;0;7;6;1;4;4;4;4;4;2;9;8;5;3;3;3;3;3;
?;?;?;?;?;9;8;5;3;0;7;6;1;4;4;4;4;4;4;4;4;4;4;4;4;4;2;9;0;7;6;1;4;4;4;2;9;8;5;3;3;3;0;7;6;1;4;4;4;4;
?;?;?;?;?;2;9;8;5;3;3;3;3;3;3;3;3;3;3;3;3;0;7;6;1;4;4;4;4;4;4;4;4;4;4;4;4;4;4;4;4;4;2;9;8;5;3;3;3;3;
?;?;?;?;?;2;9;8;5;0;7;6;1;4;2;9;8;5;3;3;3;0;7;6;1;4;2;9;8;5;0;7;6;1;4;2;9;8;5;3;3;3;0;7;6;1;2;9;8;5;
?;?;?;?;?;2;9;8;5;0;7;6;1;4;4;2;9;8;5;3;3;0;7;6;1;4;4;2;9;8;5;3;3;3;3;3;3;3;3;3;0;7;6;1;4;2;9;8;5;3;
?;?;?;?;?;7;6;1;4;4;4;4;4;2;9;8;5;3;3;3;3;3;3;3;3;0;7;6;1;4;4;4;4;4;4;4;4;4;4;2;9;8;5;3;3;0;7;6;1;4;
?;?;?;?;?;4;4;4;4;4;4;2;9;8;5;3;3;3;3;3;3;3;0;7;6;1;4;4;4;4;4;2;9;8;5;3;3;3;3;3;3;3;0;7;6;1;4;4;4;4;
?;?;?;?;?;7;6;1;4;2;9;8;5;3;3;0;7;6;1;4;4;4;2;9;8;5;3;3;3;3;3;3;3;3;3;3;0;7;6;1;4;4;4;4;4;4;4;2;9;8;
?;?;?;?;?;0;7;6;1;2;9;8;5;3;3;3;3;0;7;6;1;4;4;4;4;4;4;4;4;4;4;4;4;4;4;2;9;8;5;3;3;3;3;3;3;3;3;3;3;3;
?;?;?;?;?;4;4;4;4;4;2;9;8;5;3;3;3;3;3;3;3;3;3;3;0;7;6;1;4;4;4;4;4;4;4;4;2;9;8;5;3;3;3;3;3;3;3;3;3;3;
?;?;?;?;?;0;7;6;1;4;4;2;9;8;5;0;7;6;1;2;9;8;5;3;3;0;7;6;1;4;4;4;2;9;8;0;7;6;1;4;2;9;8;5;3;3;3;3;0;7;
?;?;?;?;?;0;7;6;1;4;4;2;9;8;5;0;7;6;1;4;2;9;8;5;3;3;3;3;3;3;3;3;0;7;6;1;4;4;4;4;4;4;2;9;8;0;7;6;1;4;
?;?;?;?;?;3;0;7;6;2;9;8;0;7;6;1;4;4;2;9;8;5;3;3;3;3;3;0;7;6;1;4;4;4;4;4;4;2;9;8;5;3;3;3;3;0;7;6;1;4;
?;?;?;?;?;2;9;8;5;0;7;6;1;4;4;4;4;4;4;4;4;2;9;8;5;3;3;0;7;6;1;4;4;2;9;8;5;3;3;3;3;3;3;3;3;0;7;6;1;4;
?;?;?;?;?;4;4;4;4;4;4;4;4;4;4;4;4;4;4;4;4;4;4;2;9;8;5;3;3;3;3;0;7;6;1;4;4;4;4;2;9;8;5;3;3;3;3;3;3;3;
?;?;?;?;?;0;7;6;1;4;4;2;9;8;5;3;3;0;7;6;1;4;4;4;2;9;8;5;3;3;0;7;6;1;4;4;4;4;4;2;9;8;5;3;3;3;3;0;7;6;
?;?;?;?;?;3;0;7;6;1;4;4;4;4;4;4;4;2;9;8;5;3;0;7;6;1;4;4;4;4;4;2;9;8;5;3;3;3;0;7;6;1;4;4;4;4;4;4;4;4;
?;?;?;?;?;7;6;1;4;4;4;4;4;4;4;4;4;4;4;4;4;4;4;4;4;4;4;4;2;9;8;5;3;3;3;3;3;3;3;3;3;3;3;3;3;3;3;3;3;0;
?;?;?;?;?;0;7;6;1;4;2;9;8;5;3;3;3;0;7;6;1;4;4;4;4;4;4;4;4;4;2;9;8;5;3;0;7;6;1;4;4;4;4;2;9;8;5;3;3;3;
?;?;?;?;?;9;8;5;3;3;0;7;6;1;4;2;9;8;5;3;3;0;7;6;1;4;4;4;4;4;4;4;4;4;4;4;4;4;4;4;4;4;4;4;4;4;2;9;8;5;
?;?;?;?;?;2;9;8;5;0;7;6;1;4;4;2;9;8;5;3;3;0;7;2;9;8;5;3;3;0;7;6;1;2;9;8;5;3;3;3;3;3;0;7;6;1;4;4;2;9;
?;?;?;?;?;4;4;4;4;4;4;4;2;9;8;5;3;3;3;0;7;6;1;4;4;4;4;4;4;4;4;4;2;9;8;5;3;3;3;3;3;3;0;7;6;1;4;4;4;4;
?;?;?;?;?;0;7;6;1;4;2;9;8;5;3;3;3;3;3;3;3;3;3;3;3;0;7;6;1;4;4;4;4;4;4;4;4;4;4;4;4;4;2;9;8;5;3;3;0;7;
?;?;?;?;?;2;9;8;5;3;0;7;6;1;4;2;9;8;5;0;7;6;1;4;4;4;4;2;9;8;5;3;3;3;3;3;3;3;0;7;6;1;4;4;4;4;4;4;4;4;
?;?;?;?;?;2;9;8;5;3;3;3;0;7;6;1;4;4;4;4;2;9;8;5;3;3;3;3;3;3;3;3;3;0;7;6;1;4;4;4;4;4;4;4;4;2;9;8;5;3;
?;?;?;?;?;9;8;5;3;3;0;7;6;1;4;4;4;2;9;8;5;3;3;3;3;3;3;3;0;7;6;1;4;4;4;4;4;4;4;4;4;4;4;4;4;4;4;4;2;9;
?;?;?;?;?;3;0;7;6;1;2;9;8;5;0;7;6;1;4;4;4;4;4;4;4;4;4;4;4;4;4;2;9;8;0;7;6;1;4;4;4;4;4;4;2;9;8;5;3;3;
?;?;?;?;?;0;7;6;1;4;2;9;8;5;0;7;6;1;4;4;2;9;8;5;3;0;7;6;1;4;4;2;9;8;5;3;3;3;3;3;3;3;3;3;3;0;7;6;1;4;
?;?;?;?;?;0;7;6;1;2;9;8;5;3;3;0;7;6;1;4;4;4;4;4;4;4;4;4;4;4;4;2;9;8;5;3;3;3;3;3;3;3;3;3;3;3;3;3;3;3;
?;?;?;?;?;2;9;8;5;0;7;6;1;4;4;2;9;8;5;3;3;3;3;3;3;3;3;3;3;3;3;3;0;7;6;1;2;9;8;5;3;0;7;6;1;4;4;4;4;4;
?;?;?;?;?;9;8;5;0;7;6;1;4;2;9;8;5;3;3;3;3;0;7;6;1;4;4;4;4;4;4;4;4;4;4;4;4;4;4;4;2;9;8;5;3;3;3;3;0;7;
?;?;?;?;?;0;7;6;1;2;9;8;5;3;0;7;6;1;4;2;9;8;5;3;3;3;0;7;6;1;4;2;9;8;5;0;7;6;1;4;4;4;4;4;4;4;4;4;4;2;
?;?;?;?;?;0;7;6;1;4;2;9;8;5;3;3;0;7;6;2;9;8;5;3;3;3;3;3;0;7;6;1;4;4;4;4;4;4;4;4;4;4;4;4;4;4;4;4;4;4;
?;?;?;?;?;2;9;8;5;3;3;0;7;6;2;9;8;0;7;6;1;4;4;4;4;2;9;8;5;3;0;7;6;1;2;9;8;5;3;3;0;7;6;1;4;4;4;4;4;4;
?;?;?;?;?;2;9;8;5;3;0;7;6;1;2;9;8;5;3;3;3;0;7;6;1;2;9;8;5;3;3;0;7;6;1;4;4;4;4;4;4;4;4;4;4;2;9;8;5;3;
?;?;?;?;?;2;9;8;5;0;7;6;1;4;4;4;2;9;8;5;3;3;3;3;3;3;3;3;3;3;3;0;7;6;1;4;2;9;8;5;0;7;6;1;4;4;2;9;8;5;
?;?;?;?;?;2;9;8;5;3;0;7;6;1;4;4;4;4;4;4;4;4;2;9;8;5;3;3;3;3;3;0;7;6;1;4;4;4;4;4;2;9;8;5;3;3;3;3;3;3;
?;?;?;?;?;2;9;8;5;3;0;7;6;1;4;4;4;2;9;0;7;6;1;4;2;9;8;5;3;3;3;3;3;3;0;7;6;1;4;4;4;4;4;4;2;9;8;5;3;3;
?;?;?;?;?;2;9;8;5;3;0;7;6;1;2;9;8;5;3;3;3;0;7;6;1;4;2;9;8;5;3;3;3;0;7;6;1;4;4;4;4;2;9;8;5;3;3;0;7;6;
?;?;?;?;?;2;9;8;5;3;0;7;6;1;4;4;4;2;9;8;5;3;3;3;3;3;3;3;3;0;7;6;1;4;4;4;4;4;4;2;9;8;5;3;3;3;3;3;3;0;
?;?;?;?;?;2;9;8;5;3;0;7;6;1;2;9;8;5;3;3;3;0;7;6;1;4;4;4;4;4;4;4;4;4;4;4;4;4;4;4;4;4;4;2;9;8;5;3;3;3;
?;?;?;?;?;3;3;3;3;3;3;0;7;6;1;4;4;4;2;9;8;5;3;3;3;0;7;6;1;4;4;4;4;2;9;8;5;3;3;3;3;3;3;0;7;6;1;4;4;4;
?;?;?;?;?;2;9;8;5;3;0;7;6;1;4;2;9;8;5;0;7;6;1;4;2;9;8;5;3;3;0;7;6;1;4;4;2;9;8;5;3;3;3;0;7;6;2;9;8;5;
?;?;?;?;?;0;7;6;1;4;2;9;8;5;3;3;0;7;6;2;9;8;5;3;3;3;0;7;6;1;4;4;2;0;7;6;1;4;4;4;4;4;4;4;4;4;4;2;9;8;
?;?;?;?;?;2;9;8;5;3;3;3;3;3;3;3;0;7;6;1;4;4;4;4;4;4;4;4;4;2;9;8;5;0;7;6;1;4;2;9;8;5;3;3;3;3;3;3;3;3;
?;?;?;?;?;0;7;6;1;4;4;4;4;4;4;4;4;4;4;2;9;8;5;3;3;3;3;3;0;7;6;1;4;4;4;4;4;4;4;4;2;9;8;5;3;3;3;3;3;3;
?;?;?;?;?;2;9;8;5;3;0;7;6;1;2;9;8;5;3;3;3;3;0;7;6;1;4;4;4;4;4;4;4;2;9;8;5;3;3;0;7;6;1;4;4;4;4;4;4;4;