?;?;?;?;?;?;?;?;?;?;4;14;13;12;26;25;24;23;22;4;4;4;4;4;4;4;4;4;4;14;13;12;11;10;3;3;3;3;19;7;6;1;15;4;4;4;14;13;12;11;
?;?;?;?;?;?;?;?;?;?;15;4;4;4;4;4;4;4;4;4;4;4;4;14;13;12;11;10;3;3;3;3;3;3;19;7;6;1;21;9;8;5;3;3;3;3;3;3;3;19;
?;?;?;?;?;?;?;?;?;?;6;1;15;4;4;4;4;4;14;13;12;11;10;3;3;3;3;19;7;6;1;15;4;4;4;4;4;4;4;4;14;13;12;11;10;3;3;3;3;3;
?;?;?;?;?;?;?;?;?;?;6;1;15;4;4;14;13;12;11;10;3;3;3;19;7;6;1;15;4;4;4;4;4;4;14;13;12;11;10;3;3;3;3;3;3;3;19;7;6;1;
?;?;?;?;?;?;?;?;?;?;4;4;4;14;13;12;11;10;3;3;3;3;3;3;3;3;3;3;3;3;3;3;3;19;7;6;1;15;4;4;4;4;4;4;14;13;12;11;10;3;
?;?;?;?;?;?;?;?;?;?;3;19;7;21;9;8;5;19;7;6;1;15;4;4;4;4;14;13;12;11;10;19;7;6;1;15;4;4;4;4;4;4;14;13;12;11;10;3;3;3;
?;?;?;?;?;?;?;?;?;?;8;5;3;3;19;7;6;1;15;4;4;4;14;26;25;24;23;22;4;4;4;4;14;13;12;11;10;3;3;3;3;3;3;3;19;7;6;1;15;4;
?;?;?;?;?;?;?;?;?;?;4;14;13;12;11;10;19;7;6;1;15;4;4;4;4;4;4;14;13;12;11;10;3;3;3;3;3;19;21;9;8;5;3;3;3;3;3;3;3;3;
?;?;?;?;?;?;?;?;?;?;25;24;23;22;21;9;8;5;3;3;3;3;19;7;6;1;15;4;4;14;13;12;11;10;3;3;3;3;3;3;3;3;3;3;19;7;6;21;9;8;
?;?;?;?;?;?;?;?;?;?;2;20;8;5;19;7;6;1;15;4;14;13;12;11;10;3;19;7;6;21;9;8;5;3;19;7;6;1;15;4;4;4;14;13;12;11;10;19;7;6;
?;?;?;?;?;?;?;?;?;?;9;8;5;3;3;3;19;7;6;1;15;4;4;4;4;4;4;4;4;4;4;4;14;13;12;11;10;3;19;7;21;9;8;5;3;3;3;3;3;3;
?;?;?;?;?;?;?;?;?;?;4;4;4;4;4;14;13;12;11;10;3;3;3;3;19;7;6;1;15;4;4;4;4;4;4;4;4;14;13;12;11;10;3;3;3;19;7;6;1;15;
?;?;?;?;?;?;?;?;?;?;2;20;8;5;3;3;3;3;3;3;3;3;3;3;19;7;6;1;15;2;20;8;5;19;7;6;1;15;4;4;4;4;4;4;14;13;12;11;10;3;
?;?;?;?;?;?;?;?;?;?;15;2;20;8;5;3;3;3;19;7;6;1;15;4;4;4;4;4;4;4;14;13;12;11;10;3;3;3;3;3;3;3;19;7;6;1;15;4;4;14;
?;?;?;?;?;?;?;?;?;?;24;23;22;4;4;4;4;4;14;13;12;11;10;3;3;3;3;3;3;19;7;6;21;9;8;5;3;3;3;3;19;7;6;1;15;4;4;4;4;4;
?;?;?;?;?;?;?;?;?;?;3;3;3;19;7;6;1;15;4;4;4;14;13;12;11;10;3;3;3;19;7;6;1;15;4;4;14;13;12;26;25;24;23;22;4;4;4;4;4;14;
?;?;?;?;?;?;?;?;?;?;2;20;8;5;3;3;3;3;3;3;3;3;19;7;6;1;15;4;4;4;14;13;12;11;10;3;3;19;7;6;1;15;4;4;4;4;4;4;4;4;
?;?;?;?;?;?;?;?;?;?;14;13;12;11;10;19;7;6;1;15;2;20;8;5;3;3;19;7;21;9;8;5;3;3;3;3;3;19;7;21;9;8;5;3;3;3;19;7;6;1;
?;?;?;?;?;?;?;?;?;?;9;8;5;3;3;3;3;19;7;6;1;15;4;4;4;4;4;4;4;4;4;4;14;13;12;11;10;3;3;3;19;7;6;1;15;4;4;4;4;4;
?;?;?;?;?;?;?;?;?;?;19;7;6;1;21;9;8;5;3;3;19;7;6;1;21;9;8;5;3;3;3;19;7;6;1;15;4;4;4;4;4;4;4;4;4;4;4;14;13;26;
?;?;?;?;?;?;?;?;?;?;3;3;3;3;3;3;3;3;3;3;19;7;6;1;15;4;4;4;4;4;14;13;12;11;10;3;3;3;3;3;19;7;6;1;15;4;4;4;4;4;
?;?;?;?;?;?;?;?;?;?;9;8;5;3;3;3;3;19;7;6;1;15;4;4;4;4;4;4;4;14;13;12;11;10;3;3;3;19;7;6;1;15;4;4;4;4;4;4;14;13;
?;?;?;?;?;?;?;?;?;?;2;20;8;5;3;19;7;6;1;15;4;4;4;4;4;4;4;4;4;4;4;4;4;4;4;4;14;13;12;11;10;3;3;3;3;19;7;6;1;15;
?;?;?;?;?;?;?;?;?;?;1;15;4;4;4;4;4;4;4;4;14;13;12;11;10;3;3;3;3;3;3;3;3;3;3;3;19;7;6;1;15;4;4;4;4;14;13;12;11;10;
?;?;?;?;?;?;?;?;?;?;4;14;13;12;11;10;3;3;3;3;19;7;6;1;15;4;4;4;4;4;14;13;12;11;10;3;3;3;19;7;6;1;15;4;4;4;4;4;4;4;
?;?;?;?;?;?;?;?;?;?;2;20;8;5;19;7;6;1;15;4;14;13;12;11;10;3;19;7;6;1;21;9;8;5;3;3;3;3;3;3;3;3;3;19;7;6;1;15;4;4;
?;?;?;?;?;?;?;?;?;?;19;7;6;1;21;9;8;5;3;3;19;7;6;1;15;4;4;4;4;4;4;4;4;4;4;14;13;12;11;19;7;6;1;15;4;4;4;4;4;4;
?;?;?;?;?;?;?;?;?;?;7;6;1;15;4;4;14;13;12;11;19;7;6;1;15;4;4;4;4;4;4;14;13;12;11;10;3;3;3;3;3;3;19;7;6;1;15;4;4;4;
?;?;?;?;?;?;?;?;?;?;3;3;3;19;7;6;1;15;4;4;4;14;13;12;11;10;3;19;7;6;1;15;4;4;4;4;14;13;12;11;19;7;6;1;15;4;4;4;4;14;
?;?;?;?;?;?;?;?;?;?;4;4;4;4;4;4;4;4;4;14;13;12;11;10;3;3;3;3;3;3;3;3;3;3;3;3;3;3;3;3;3;3;19;7;6;1;15;4;4;4;
?;?;?;?;?;?;?;?;?;?;19;7;6;1;15;2;20;8;5;3;3;3;3;19;7;6;1;15;4;4;4;4;4;4;14;13;12;11;10;3;3;3;3;3;3;3;3;3;3;3;
?;?;?;?;?;?;?;?;?;?;4;4;4;4;4;4;4;4;14;13;12;11;10;3;3;3;3;19;7;6;1;15;2;20;8;5;3;3;3;3;3;3;19;7;6;1;15;4;4;4;
?;?;?;?;?;?;?;?;?;?;4;4;4;4;4;4;4;4;4;4;4;14;13;12;11;10;3;3;3;19;21;9;8;5;3;3;3;3;3;3;3;3;3;3;3;3;3;3;3;19;
?;?;?;?;?;?;?;?;?;?;2;20;8;5;3;19;7;6;1;21;9;8;5;3;3;3;19;7;6;1;15;4;4;4;4;4;4;4;4;4;4;14;13;12;11;10;3;3;3;19;
?;?;?;?;?;?;?;?;?;?;19;7;6;1;15;4;4;4;4;4;4;4;4;4;14;13;12;11;10;3;19;7;6;1;15;4;4;14;13;12;11;10;3;3;3;3;3;3;3;19;
?;?;?;?;?;?;?;?;?;?;3;3;19;7;6;1;15;4;4;4;4;4;4;4;4;14;13;12;11;10;3;3;3;3;3;3;3;3;3;3;3;3;19;7;6;1;15;4;4;4;
?;?;?;?;?;?;?;?;?;?;8;5;3;3;3;3;3;3;3;3;3;3;3;19;7;6;1;15;4;4;4;4;4;4;4;4;4;4;4;4;4;4;4;4;4;14;13;12;11;10;
?;?;?;?;?;?;?;?;?;?;3;19;7;6;1;21;9;8;5;19;7;6;1;15;2;20;8;26;25;24;23;22;4;4;4;4;14;13;12;11;10;3;3;3;19;7;6;1;15;4;
?;?;?;?;?;?;?;?;?;?;5;3;3;3;3;19;7;6;1;15;4;4;14;13;12;11;10;3;3;3;19;7;6;1;15;4;4;4;14;13;12;11;10;3;3;3;19;7;6;1;
?;?;?;?;?;?;?;?;?;?;3;3;19;7;6;1;15;4;4;4;4;4;14;13;12;11;10;19;7;6;1;15;4;4;4;4;4;4;4;4;4;14;13;12;11;10;3;3;3;3;
?;?;?;?;?;?;?;?;?;?;7;6;1;15;4;14;13;12;11;10;3;3;3;3;3;3;3;19;7;6;1;15;4;4;4;4;4;4;4;4;4;4;4;4;4;14;13;12;11;10;
?;?;?;?;?;?;?;?;?;?;19;7;6;1;21;9;8;5;3;3;3;19;7;6;1;15;2;20;26;25;24;23;22;4;4;4;4;4;4;4;4;4;4;4;14;13;12;11;10;3;
?;?;?;?;?;?;?;?;?;?;15;4;4;4;4;4;4;4;4;14;13;12;11;10;3;3;3;3;3;3;3;3;3;3;3;3;19;7;6;1;15;4;4;4;4;4;4;4;4;4;
?;?;?;?;?;?;?;?;?;?;4;14;13;12;26;25;24;23;22;4;4;14;13;12;11;10;3;3;19;7;6;1;15;2;20;8;5;3;3;3;3;3;3;3;3;3;3;3;3;3;
?;?;?;?;?;?;?;?;?;?;2;20;8;5;3;3;19;7;6;1;15;2;20;8;5;3;3;3;3;3;3;19;7;6;1;15;4;4;4;4;4;4;4;4;4;4;4;4;4;4;
?;?;?;?;?;?;?;?;?;?;9;8;5;3;3;19;7;6;1;15;4;4;14;13;12;11;10;3;19;7;6;1;15;4;4;4;14;13;12;11;10;3;3;3;19;7;6;1;15;4;
?;?;?;?;?;?;?;?;?;?;3;19;7;6;1;21;9;8;5;3;3;3;3;19;7;6;1;15;4;4;4;4;4;4;4;14;13;12;11;10;3;3;3;3;19;7;6;1;15;4;
?;?;?;?;?;?;?;?;?;?;4;4;14;13;12;26;25;21;9;8;5;3;3;3;3;19;7;6;21;9;8;5;3;3;3;3;3;3;3;19;7;6;1;15;4;4;4;4;4;4;
?;?;?;?;?;?;?;?;?;?;7;6;1;15;2;20;8;5;3;3;3;3;3;3;3;3;3;3;3;3;19;7;6;1;15;4;4;4;4;4;14;13;12;11;19;7;6;1;15;4;
?;?;?;?;?;?;?;?;?;?;3;3;3;3;19;7;6;1;15;4;4;4;4;4;4;4;4;4;4;14;13;12;11;19;7;6;1;15;4;14;13;12;11;10;3;3;3;3;3;3;
?;?;?;?;?;?;?;?;?;?;3;3;3;3;3;3;3;3;3;3;3;3;19;7;6;1;15;4;4;4;4;4;4;4;4;4;4;4;14;13;12;11;10;19;7;6;1;15;4;4;
?;?;?;?;?;?;?;?;?;?;3;19;7;6;1;15;4;4;4;14;13;12;11;10;3;3;3;3;19;7;6;1;15;4;4;4;4;4;4;4;4;4;4;4;4;4;4;4;4;4;
?;?;?;?;?;?;?;?;?;?;3;3;3;19;7;6;1;15;4;4;4;4;14;13;12;11;19;7;6;1;15;4;4;4;4;4;4;4;4;4;4;4;4;4;4;4;4;4;4;4;
?;?;?;?;?;?;?;?;?;?;14;13;12;11;10;3;3;3;3;3;3;3;3;3;19;7;6;1;15;4;4;4;4;4;14;13;12;11;10;3;3;19;7;6;1;15;4;4;4;4;
?;?;?;?;?;?;?;?;?;?;7;6;1;15;4;4;4;4;4;4;4;14;13;12;11;19;7;6;1;15;4;4;4;14;13;12;11;19;7;6;1;15;4;4;4;4;4;4;4;4;
?;?;?;?;?;?;?;?;?;?;9;8;5;3;3;19;7;6;1;15;4;14;13;12;26;25;24;23;22;4;14;13;12;11;10;3;19;7;6;1;15;4;4;4;4;4;4;14;13;12;
?;?;?;?;?;?;?;?;?;?;19;7;6;1;15;2;20;8;5;3;3;3;3;3;3;19;7;6;1;15;4;4;4;4;4;14;13;12;11;10;3;3;19;7;6;21;9;8;5;3;
?;?;?;?;?;?;?;?;?;?;19;7;6;1;15;4;4;14;13;26;25;24;23;22;21;9;8;5;3;3;3;3;3;3;3;3;3;3;3;3;3;19;7;6;1;15;4;4;4;4;
?;?;?;?;?;?;?;?;?;?;4;4;4;14;13;12;11;10;3;3;19;7;6;21;9;8;5;3;3;3;3;3;3;3;3;3;19;7;6;1;15;2;20;8;5;3;3;3;3;19;
?;?;?;?;?;?;?;?;?;?;23;22;4;4;4;4;4;4;4;4;4;4;4;4;4;4;4;4;4;4;14;13;12;11;10;3;3;3;3;3;3;3;3;3;3;3;3;3;3;3;
?;?;?;?;?;?;?;?;?;?;5;3;3;3;19;7;6;1;15;4;4;4;4;14;13;12;11;10;3;3;3;19;7;6;1;15;4;4;4;4;4;4;4;4;4;4;4;4;4;4;
?;?;?;?;?;?;?;?;?;?;7;6;1;15;4;14;13;12;11;10;3;19;7;6;1;15;2;20;8;5;3;19;7;6;1;15;2;20;8;26;25;24;23;22;4;4;4;4;4;4;
?;?;?;?;?;?;?;?;?;?;7;6;1;15;4;14;13;12;11;10;3;19;7;6;1;15;2;20;8;5;3;3;3;3;3;3;3;3;3;3;3;19;7;6;1;15;4;4;4;4;
?;?;?;?;?;?;?;?;?;?;4;14;13;12;11;10;3;3;3;3;3;3;3;3;3;19;7;6;1;15;2;20;8;5;3;19;7;6;1;15;4;4;14;13;12;11;10;3;19;7;
?;?;?;?;?;?;?;?;?;?;19;7;6;1;15;2;20;8;5;3;3;19;7;6;1;15;4;4;4;4;4;4;4;4;4;4;14;13;12;11;19;7;6;1;15;2;20;8;5;3;
?;?;?;?;?;?;?;?;?;?;2;20;8;5;3;3;3;3;19;7;6;1;15;4;4;4;14;13;12;11;10;3;3;3;19;7;6;1;15;4;4;4;4;14;13;12;11;10;3;3;
?;?;?;?;?;?;?;?;?;?;20;8;5;3;3;19;7;6;1;15;2;20;8;5;19;7;6;1;15;4;4;14;13;12;11;10;3;3;3;3;3;3;19;7;6;1;15;4;4;4;
?;?;?;?;?;?;?;?;?;?;14;13;12;11;10;19;7;6;1;21;9;8;5;3;3;19;7;6;1;15;2;20;8;26;25;24;23;22;4;4;4;14;13;12;11;10;19;7;6;1;
?;?;?;?;?;?;?;?;?;?;14;13;12;11;10;3;19;7;6;1;21;9;8;5;3;3;19;7;6;1;15;2;20;8;5;3;19;7;6;1;15;4;14;13;12;11;10;3;3;3;
?;?;?;?;?;?;?;?;?;?;4;4;4;4;4;4;4;4;4;4;4;4;4;14;13;12;11;10;3;3;3;3;3;3;3;3;3;3;3;3;3;3;3;3;3;3;3;3;19;7;
?;?;?;?;?;?;?;?;?;?;9;8;5;3;3;19;7;6;1;15;4;4;4;14;13;12;11;10;3;3;3;3;3;19;7;6;1;15;4;4;14;13;12;11;10;3;3;19;7;6;
?;?;?;?;?;?;?;?;?;?;1;15;4;4;14;13;12;11;10;3;3;3;3;19;7;6;1;15;4;4;4;4;4;4;14;13;12;11;10;3;3;3;3;19;7;6;1;15;4;4;
?;?;?;?;?;?;?;?;?;?;7;6;1;15;4;4;14;13;12;11;10;3;3;3;3;3;3;19;7;6;1;15;4;4;4;14;13;12;11;10;3;3;3;3;19;7;6;1;15;4;
?;?;?;?;?;?;?;?;?;?;20;8;5;3;3;19;7;6;1;15;4;14;13;12;11;10;3;19;7;6;1;21;9;8;5;3;3;3;3;3;19;7;6;1;15;4;4;4;4;4;
?;?;?;?;?;?;?;?;?;?;19;7;6;1;15;2;20;8;5;19;7;6;1;15;4;4;4;4;14;13;12;11;10;3;3;3;3;3;19;7;21;9;8;5;3;3;3;3;3;3;
?;?;?;?;?;?;?;?;?;?;1;21;9;8;5;3;3;3;3;3;19;7;6;1;15;4;4;4;4;4;4;4;4;4;4;4;4;4;4;4;4;4;4;4;4;4;4;4;4;4;
?;?;?;?;?;?;?;?;?;?;19;7;6;1;21;9;8;5;3;3;19;7;6;1;15;4;4;4;4;4;14;13;12;11;10;3;19;7;6;1;15;2;20;8;5;3;3;3;3;3;
?;?;?;?;?;?;?;?;?;?;7;6;1;15;4;4;14;13;12;11;10;3;3;3;3;3;3;3;3;19;7;6;1;15;4;4;4;4;4;4;4;4;4;14;13;12;11;10;3;3;
?;?;?;?;?;?;?;?;?;?;19;7;6;1;15;4;14;13;12;11;19;7;6;1;21;9;8;5;3;3;3;3;3;19;7;6;1;15;4;4;4;4;4;14;13;12;11;10;3;3;
?;?;?;?;?;?;?;?;?;?;9;8;5;3;3;19;7;6;1;15;4;14;13;12;11;10;3;3;19;7;6;1;15;4;4;4;4;4;4;4;4;4;4;14;13;12;11;10;3;3;
?;?;?;?;?;?;?;?;?;?;19;7;6;1;15;4;4;4;14;13;12;11;10;3;3;3;3;3;19;7;6;1;15;4;4;4;4;14;13;12;11;10;3;3;3;3;3;3;3;3;
?;?;?;?;?;?;?;?;?;?;7;6;1;15;4;14;13;12;11;10;3;3;19;7;6;1;15;4;4;4;4;4;4;4;4;4;4;4;4;4;4;4;14;13;12;11;10;3;3;3;
?;?;?;?;?;?;?;?;?;?;4;14;13;12;11;19;7;6;1;15;4;4;14;13;12;11;10;3;3;3;3;3;19;7;6;1;15;4;4;4;14;13;12;11;10;3;3;3;3;3;
?;?;?;?;?;?;?;?;?;?;3;3;3;3;3;3;3;19;7;6;1;15;4;4;4;4;14;13;12;11;10;3;19;7;6;1;15;4;4;4;4;4;4;4;14;13;12;11;10;3;
?;?;?;?;?;?;?;?;?;?;19;7;6;1;15;4;14;13;12;11;10;19;7;6;1;15;4;4;4;4;4;4;4;4;4;4;4;14;13;12;11;10;3;3;3;3;3;3;3;3;
?;?;?;?;?;?;?;?;?;?;3;19;7;6;1;15;2;20;8;5;19;7;6;1;15;4;14;13;12;26;25;24;23;22;4;4;14;13;12;26;25;24;23;22;4;4;4;4;14;13;
?;?;?;?;?;?;?;?;?;?;9;8;5;3;3;19;7;6;1;15;4;4;4;4;4;4;4;4;4;4;4;14;13;12;11;10;3;3;19;7;6;1;15;4;4;4;14;13;12;11;
?;?;?;?;?;?;?;?;?;?;3;3;3;3;3;3;3;3;3;19;7;6;1;15;4;4;4;4;4;4;14;13;12;11;10;3;19;7;6;1;15;4;4;4;4;4;4;4;14;13;
?;?;?;?;?;?;?;?;?;?;2;20;8;5;3;19;7;6;1;21;9;8;5;3;3;19;7;6;1;15;4;4;4;4;14;13;12;11;10;3;3;3;3;3;3;3;3;3;3;3;
?;?;?;?;?;?;?;?;?;?;3;19;7;21;9;8;5;3;3;19;7;6;1;15;2;20;8;5;3;3;3;3;3;19;7;6;1;15;4;4;4;14;13;12;11;10;3;19;7;6;
?;?;?;?;?;?;?;?;?;?;12;11;19;7;6;1;15;4;4;14;13;12;11;10;3;3;3;19;7;6;1;15;4;4;4;4;4;14;13;12;11;10;3;3;3;3;3;3;3;3;
?;?;?;?;?;?;?;?;?;?;3;3;3;19;7;6;1;15;4;4;4;4;4;14;13;12;11;19;7;6;1;15;4;4;4;4;14;13;12;11;10;3;3;19;7;6;1;15;2;20;
?;?;?;?;?;?;?;?;?;?;4;14;13;12;11;10;3;19;7;6;1;15;4;4;4;4;4;4;4;4;14;13;12;11;10;3;3;3;3;3;3;3;3;3;3;3;3;3;3;3;
?;?;?;?;?;?;?;?;?;?;3;19;7;6;1;21;9;8;5;3;3;19;7;6;1;21;9;8;5;3;19;7;6;1;15;4;4;4;4;14;13;26;25;24;23;22;4;4;4;4;
?;?;?;?;?;?;?;?;?;?;14;13;12;11;10;3;3;3;19;21;9;8;5;3;3;3;19;7;6;1;21;9;8;5;3;3;3;3;3;3;19;7;6;1;15;4;4;4;4;4;
?;?;?;?;?;?;?;?;?;?;14;13;12;11;10;3;19;7;6;1;21;9;8;5;3;3;3;3;3;3;3;3;3;3;19;7;6;1;15;4;4;4;4;4;4;4;4;4;4;4;
?;?;?;?;?;?;?;?;?;?;2;20;8;5;19;7;6;1;15;2;20;8;5;3;3;19;7;6;1;15;4;4;4;4;14;13;12;11;10;3;3;3;3;3;3;3;3;3;3;3;
?;?;?;?;?;?;?;?;?;?;7;6;1;15;4;4;14;13;12;11;10;3;19;7;6;1;15;4;4;4;4;4;4;14;13;12;11;10;3;3;3;3;3;3;3;3;3;3;3;19;
?;?;?;?;?;?;?;?;?;?;4;14;13;12;11;10;3;3;19;7;6;21;9;8;5;3;3;3;3;3;3;3;3;3;3;19;7;6;1;15;4;4;4;4;4;4;14;13;12;11;
?;?;?;?;?;?;?;?;?;?;7;6;1;15;4;4;4;14;26;25;24;23;22;4;4;14;13;12;11;10;3;3;3;3;3;3;3;3;3;3;3;3;3;3;3;19;7;6;1;15;
?;?;?;?;?;?;?;?;?;?;3;19;7;6;1;15;2;20;8;5;19;7;6;1;21;9;8;5;3;3;3;3;3;3;3;3;19;7;6;1;15;4;4;4;4;4;14;13;12;11;
?;?;?;?;?;?;?;?;?;?;4;4;4;4;4;14;13;12;11;10;3;3;3;3;3;3;3;3;19;7;6;1;15;2;20;8;5;3;3;3;3;3;3;19;7;6;1;15;4;4;
?;?;?;?;?;?;?;?;?;?;8;5;3;3;3;3;3;19;7;6;1;15;4;4;4;4;4;4;4;4;14;13;12;11;10;3;3;3;3;3;19;7;6;1;15;4;4;4;4;4;
?;?;?;?;?;?;?;?;?;?;4;4;4;4;4;14;13;12;11;10;3;3;3;3;3;3;3;3;3;3;3;3;3;3;3;3;3;3;3;3;19;7;6;1;15;4;4;4;4;4;
?;?;?;?;?;?;?;?;?;?;3;19;7;6;1;15;2;20;8;5;3;3;19;7;6;1;15;4;4;4;4;4;4;4;14;13;12;11;10;3;19;7;6;1;15;4;4;4;4;4;
?;?;?;?;?;?;?;?;?;?;19;7;6;1;15;2;20;8;5;3;3;3;3;3;3;3;3;3;19;7;6;21;9;0;18;17;16;4;4;4;4;4;4;4;4;4;4;4;4;4;
?;?;?;?;?;?;?;?;?;?;19;7;6;1;15;4;4;4;4;4;4;4;4;4;4;14;13;12;11;10;3;3;3;3;3;3;3;3;3;3;3;3;3;19;7;6;1;15;4;4;
?;?;?;?;?;?;?;?;?;?;2;20;8;5;3;19;7;6;1;15;4;4;4;14;13;26;25;24;23;22;4;4;4;4;4;4;4;14;13;12;11;10;3;3;3;3;3;3;3;3;
?;?;?;?;?;?;?;?;?;?;14;13;12;11;10;3;3;3;3;3;3;3;3;3;3;19;7;6;1;15;2;20;8;26;25;24;23;22;4;4;4;4;4;4;4;4;14;13;12;11;
?;?;?;?;?;?;?;?;?;?;7;6;1;15;4;14;13;12;11;10;19;7;6;1;15;4;14;13;12;11;19;7;6;1;15;4;4;4;14;13;12;11;10;3;3;3;19;7;6;1;
?;?;?;?;?;?;?;?;?;?;4;14;13;12;11;19;7;6;21;9;8;5;3;3;3;3;3;3;3;3;3;3;3;3;19;7;6;1;15;4;4;4;4;4;4;4;4;4;14;13;
?;?;?;?;?;?;?;?;?;?;4;14;13;12;11;19;7;6;1;15;4;14;13;26;25;24;23;22;4;14;13;12;11;10;3;3;3;19;7;6;1;15;4;4;4;4;4;4;4;14;
?;?;?;?;?;?;?;?;?;?;7;6;1;21;9;8;5;3;3;3;3;19;7;6;1;15;4;4;4;4;4;14;13;12;11;10;3;3;19;7;6;1;15;4;4;4;4;4;4;4;
?;?;?;?;?;?;?;?;?;?;2;20;8;5;3;19;7;6;1;15;4;4;14;13;12;11;10;3;3;3;3;3;19;7;6;1;15;4;4;14;13;12;11;10;3;3;3;19;7;6;
?;?;?;?;?;?;?;?;?;?;4;14;13;12;11;10;3;3;3;19;7;6;1;15;4;4;4;4;4;4;4;14;13;12;11;10;3;3;3;3;3;3;3;3;19;7;6;21;9;8;
?;?;?;?;?;?;?;?;?;?;3;19;7;6;1;15;4;14;13;12;11;10;3;3;3;3;19;7;6;1;15;4;4;4;4;4;14;13;12;11;10;3;19;7;21;9;8;5;3;3;
?;?;?;?;?;?;?;?;?;?;20;8;5;3;19;7;6;1;15;2;20;8;5;3;3;3;3;3;3;3;19;7;6;1;15;4;4;4;14;13;12;11;10;3;3;19;7;6;1;15;
?;?;?;?;?;?;?;?;?;?;9;8;5;19;7;6;1;15;4;4;4;4;4;4;4;4;4;4;4;4;4;4;4;4;4;14;13;12;11;10;3;3;3;3;3;3;3;3;3;3;
?;?;?;?;?;?;?;?;?;?;3;3;3;3;3;3;3;3;19;7;6;1;15;4;4;4;4;14;13;12;11;10;3;3;3;19;7;6;1;15;4;4;4;4;4;4;4;4;4;4;
?;?;?;?;?;?;?;?;?;?;19;7;6;1;21;9;8;5;3;19;7;6;1;15;4;4;14;13;12;11;10;19;7;6;1;15;2;20;8;5;19;7;6;1;15;4;4;4;4;4;
?;?;?;?;?;?;?;?;?;?;7;6;1;15;4;4;4;4;4;4;4;4;4;4;4;4;4;14;13;12;26;25;24;23;22;4;14;13;12;11;10;3;3;3;3;3;3;3;3;3;
?;?;?;?;?;?;?;?;?;?;19;7;6;1;15;4;4;4;4;4;4;4;4;4;4;14;13;12;11;10;3;3;3;3;3;3;3;19;7;6;1;15;4;4;4;14;13;12;11;10;
?;?;?;?;?;?;?;?;?;?;3;3;3;3;3;3;3;3;3;19;7;6;1;15;4;4;14;13;12;11;10;19;7;6;1;15;4;4;4;4;4;4;4;14;13;12;11;19;7;6;
?;?;?;?;?;?;?;?;?;?;19;7;6;1;15;2;20;8;5;3;19;7;6;1;15;2;20;8;5;3;3;3;3;3;3;19;7;6;1;15;4;4;4;14;13;12;11;10;3;3;
?;?;?;?;?;?;?;?;?;?;4;4;4;14;13;12;11;10;3;3;3;3;19;7;6;1;15;4;4;14;13;12;11;10;3;3;3;3;19;7;6;1;15;4;4;4;4;4;4;4;
?;?;?;?;?;?;?;?;?;?;19;7;6;1;15;2;20;8;5;3;3;3;19;21;9;8;5;3;3;19;7;6;1;15;4;4;4;4;4;4;4;4;4;4;4;4;4;4;14;13;
?;?;?;?;?;?;?;?;?;?;19;7;6;1;15;4;4;4;4;4;4;4;4;4;4;4;4;4;4;4;4;4;4;4;4;4;4;4;4;4;4;14;13;12;11;10;3;3;19;7;
?;?;?;?;?;?;?;?;?;?;9;8;5;3;3;19;7;6;1;15;4;4;4;4;4;4;4;4;14;13;12;11;10;3;19;7;6;1;15;4;4;4;4;4;4;4;4;4;4;4;
?;?;?;?;?;?;?;?;?;?;2;20;8;5;3;3;3;3;3;3;3;3;3;19;7;6;1;15;4;4;4;4;14;13;12;11;10;3;3;3;3;19;7;6;1;15;4;4;14;13;
?;?;?;?;?;?;?;?;?;?;3;3;3;3;3;3;3;3;3;19;7;6;1;15;4;4;4;4;4;4;4;4;4;4;14;13;12;11;10;19;7;6;1;15;4;4;4;4;4;14;
?;?;?;?;?;?;?;?;?;?;19;7;6;1;15;4;4;14;13;12;11;10;3;3;3;3;19;7;6;1;15;4;4;4;4;4;4;14;13;12;11;10;3;3;3;19;7;6;1;15;
?;?;?;?;?;?;?;?;?;?;4;14;13;12;11;10;3;3;3;3;3;3;3;3;3;3;3;3;3;3;3;3;3;3;3;3;19;7;6;1;15;4;4;4;4;4;4;4;4;4;
?;?;?;?;?;?;?;?;?;?;11;19;7;6;1;15;2;20;8;5;3;3;3;3;3;3;3;3;3;3;3;3;3;3;3;3;3;3;19;21;9;8;5;3;19;7;6;1;15;4;
?;?;?;?;?;?;?;?;?;?;19;7;6;1;15;4;4;4;4;4;4;4;14;13;12;11;10;3;3;3;3;3;3;3;3;3;3;3;3;3;3;3;3;3;3;3;3;3;3;3;
?;?;?;?;?;?;?;?;?;?;3;19;7;6;1;15;4;4;4;4;14;13;12;11;10;3;3;19;7;6;1;15;4;4;4;4;4;4;4;4;4;4;4;14;13;12;11;10;3;3;
?;?;?;?;?;?;?;?;?;?;3;3;3;3;3;3;3;3;19;7;6;1;15;4;4;4;4;4;4;4;4;4;4;4;4;4;14;13;12;11;10;3;19;7;6;1;15;4;4;4;
?;?;?;?;?;?;?;?;?;?;19;7;6;1;21;9;8;5;3;19;7;6;1;15;4;4;14;13;12;11;10;3;3;19;7;6;21;9;8;5;3;3;3;19;7;6;21;9;8;5;
?;?;?;?;?;?;?;?;?;?;23;22;21;9;8;5;3;3;3;3;3;3;19;7;6;1;15;4;14;26;25;24;23;22;4;4;4;4;4;14;13;12;11;10;19;7;6;1;15;4;
?;?;?;?;?;?;?;?;?;?;19;7;6;1;15;4;4;4;14;13;12;11;10;3;3;3;3;19;7;6;1;15;4;4;4;4;14;13;12;11;10;3;3;3;3;3;3;3;3;3;
?;?;?;?;?;?;?;?;?;?;4;4;4;4;4;4;14;13;12;11;10;3;3;3;3;3;3;3;3;3;19;7;6;1;15;4;4;4;4;4;4;4;4;4;4;4;4;4;4;4;
?;?;?;?;?;?;?;?;?;?;15;4;4;14;13;12;11;19;7;6;1;15;2;20;26;25;24;23;22;4;4;4;14;13;12;11;10;3;19;7;6;1;15;4;4;4;14;13;12;11;
?;?;?;?;?;?;?;?;?;?;9;8;5;3;3;19;7;6;1;15;4;4;4;4;4;4;4;14;13;12;11;10;3;3;3;3;19;7;6;1;15;4;4;14;13;12;26;25;24;23;
?;?;?;?;?;?;?;?;?;?;2;20;8;5;3;19;7;6;1;15;2;20;8;5;19;7;6;1;15;4;4;14;13;12;11;10;3;3;3;3;3;3;3;3;3;3;19;7;6;21;
?;?;?;?;?;?;?;?;?;?;7;6;1;15;2;20;8;5;3;3;3;3;3;3;3;3;3;3;3;19;7;6;1;15;4;4;4;4;4;4;14;13;12;11;10;3;3;3;19;7;
?;?;?;?;?;?;?;?;?;?;4;14;13;12;26;25;24;23;22;4;4;4;14;13;12;11;10;3;3;3;3;3;3;3;3;19;7;6;1;15;4;4;4;14;13;12;11;10;3;3;
?;?;?;?;?;?;?;?;?;?;2;20;8;5;19;7;6;1;15;4;4;14;13;12;11;19;7;6;1;15;2;20;8;5;3;19;7;6;1;15;4;14;13;12;11;10;3;3;3;3;
?;?;?;?;?;?;?;?;?;?;19;7;6;1;15;2;20;8;5;3;3;19;7;6;1;15;2;20;8;26;25;24;23;21;9;8;5;3;3;3;19;7;6;1;15;4;4;4;4;4;
?;?;?;?;?;?;?;?;?;?;7;6;1;15;4;4;14;13;12;11;10;3;19;7;6;1;15;4;4;4;4;4;4;4;14;13;12;11;10;3;3;3;3;3;3;3;3;3;3;19;
?;?;?;?;?;?;?;?;?;?;14;13;12;11;10;3;3;19;7;6;1;15;4;4;4;4;14;13;12;11;10;3;3;3;3;19;7;6;1;15;4;14;13;12;11;10;3;3;3;19;
?;?;?;?;?;?;?;?;?;?;5;3;3;3;3;3;3;3;3;3;3;3;3;3;19;7;6;1;15;4;4;4;4;4;4;4;4;4;4;4;4;4;4;4;4;4;4;4;4;4;
?;?;?;?;?;?;?;?;?;?;7;6;1;15;2;20;8;5;3;3;3;3;19;7;6;1;15;2;20;8;5;3;3;3;3;3;3;3;3;19;7;6;1;15;4;4;4;4;4;4;
?;?;?;?;?;?;?;?;?;?;10;3;19;7;6;1;15;4;4;4;4;4;14;13;12;11;10;3;3;3;3;3;19;7;6;1;15;4;4;4;14;13;12;11;10;3;19;7;6;1;
?;?;?;?;?;?;?;?;?;?;19;7;6;1;15;2;20;8;5;3;3;3;19;7;6;1;15;4;4;4;4;4;4;4;4;4;4;4;4;4;4;4;4;4;4;14;13;12;11;10;
?;?;?;?;?;?;?;?;?;?;19;7;6;1;21;9;8;5;3;19;7;6;1;15;2;20;8;5;3;3;3;3;19;7;6;1;15;4;4;4;4;14;13;12;11;10;3;3;3;3;
?;?;?;?;?;?;?;?;?;?;7;6;1;15;4;4;4;4;4;4;4;4;4;4;4;4;14;13;26;25;24;23;22;4;4;14;13;12;11;10;3;3;19;7;6;1;15;4;4;4;
?;?;?;?;?;?;?;?;?;?;3;3;3;3;3;3;3;3;3;3;3;19;7;6;1;15;4;4;4;4;4;4;4;4;4;4;4;4;4;4;4;4;14;13;12;11;10;3;3;3;
?;?;?;?;?;?;?;?;?;?;7;6;1;15;2;20;8;5;3;3;3;19;7;6;1;15;2;20;8;5;19;7;6;1;15;2;20;8;5;3;3;3;19;7;6;1;21;9;8;5;
?;?;?;?;?;?;?;?;?;?;7;6;1;15;4;14;13;12;11;10;3;19;7;6;1;15;4;14;13;12;11;10;3;3;3;3;3;3;3;3;19;7;6;1;15;2;20;8;5;3;
?;?;?;?;?;?;?;?;?;?;4;4;4;14;13;12;11;10;3;3;3;3;3;3;3;19;7;6;1;15;4;4;4;4;4;4;4;4;4;14;13;12;11;10;3;19;7;6;1;15;
?;?;?;?;?;?;?;?;?;?;4;14;13;12;11;10;3;3;3;3;3;3;19;7;6;1;15;4;4;4;4;14;13;12;11;10;3;3;3;3;3;3;19;7;6;1;15;4;4;4;
?;?;?;?;?;?;?;?;?;?;20;8;5;3;3;19;7;6;1;15;4;4;14;13;12;11;10;3;3;3;3;3;3;3;3;3;19;7;6;1;15;4;4;4;4;4;4;14;13;12;
?;?;?;?;?;?;?;?;?;?;9;8;5;3;3;3;3;19;7;6;1;15;4;4;4;4;4;4;4;4;4;4;4;4;4;14;13;12;11;10;3;3;3;3;3;3;3;3;3;3;
?;?;?;?;?;?;?;?;?;?;14;13;12;11;10;3;3;3;3;3;3;3;3;3;19;7;6;1;15;4;4;4;4;4;4;4;14;13;12;11;10;3;3;3;3;3;3;3;3;3;
?;?;?;?;?;?;?;?;?;?;4;14;13;12;11;19;7;6;1;21;9;8;5;3;3;19;7;6;1;15;4;4;14;13;12;26;25;24;23;22;21;9;8;5;3;3;3;3;19;7;
?;?;?;?;?;?;?;?;?;?;4;14;13;12;11;19;7;6;1;15;2;20;8;5;3;3;3;3;3;3;3;3;19;7;6;1;15;4;4;4;4;4;14;13;12;26;25;24;23;22;
?;?;?;?;?;?;?;?;?;?;9;8;26;25;24;23;22;4;14;13;12;11;10;3;3;3;3;19;7;6;1;15;4;4;4;4;4;14;13;12;11;10;3;3;3;19;7;6;1;15;
?;?;?;?;?;?;?;?;?;?;7;6;1;15;4;4;4;4;4;4;4;14;13;12;11;10;3;19;7;6;1;15;4;14;13;12;11;10;3;3;3;3;3;3;3;19;7;6;1;15;
?;?;?;?;?;?;?;?;?;?;4;4;4;4;4;4;4;4;4;4;4;4;4;14;13;12;11;10;3;3;3;19;7;6;1;15;4;4;4;14;13;12;11;10;3;3;3;3;3;3;
?;?;?;?;?;?;?;?;?;?;4;14;13;12;11;10;3;19;7;6;1;15;4;4;14;13;12;11;10;3;19;7;6;1;15;4;4;4;4;14;13;12;11;10;3;3;3;19;7;6;
?;?;?;?;?;?;?;?;?;?;15;4;4;4;4;4;4;14;13;12;11;10;19;7;6;1;15;4;4;4;4;14;13;12;11;10;3;3;19;7;6;1;15;4;4;4;4;4;4;4;
?;?;?;?;?;?;?;?;?;?;4;4;4;4;4;4;4;4;4;4;4;4;4;4;4;4;4;4;14;13;12;11;10;3;3;3;3;3;3;3;3;3;3;3;3;3;3;3;3;19;
?;?;?;?;?;?;?;?;?;?;2;20;8;5;3;3;3;19;7;6;1;15;4;4;4;4;4;4;4;4;14;13;12;11;10;19;7;6;1;15;4;4;4;14;13;12;11;10;3;3;
?;?;?;?;?;?;?;?;?;?;19;7;6;1;15;2;20;8;5;3;3;19;7;6;1;15;4;4;4;4;4;4;4;4;4;4;4;4;4;4;4;4;4;4;4;4;14;13;12;11;
?;?;?;?;?;?;?;?;?;?;7;6;1;15;4;14;13;12;11;10;3;19;7;21;9;8;5;3;3;19;7;6;1;21;9;8;5;3;3;3;3;3;19;7;6;1;15;4;14;13;
?;?;?;?;?;?;?;?;?;?;4;4;14;13;12;11;10;3;3;19;7;6;1;15;4;4;4;4;4;4;4;4;14;13;12;11;10;3;3;3;3;3;19;7;6;1;15;4;4;4;
?;?;?;?;?;?;?;?;?;?;2;20;8;5;3;3;3;3;3;3;3;3;3;3;3;19;7;6;1;15;4;4;4;4;4;4;4;4;4;4;4;4;14;13;12;11;10;3;19;7;
?;?;?;?;?;?;?;?;?;?;19;7;6;1;15;2;20;8;5;19;7;6;1;15;4;4;4;14;13;12;11;10;3;3;3;3;3;3;19;7;6;1;15;4;4;4;4;4;4;4;
?;?;?;?;?;?;?;?;?;?;3;3;19;7;6;1;15;4;4;4;14;13;12;11;10;3;3;3;3;3;3;3;3;19;7;6;1;15;4;4;4;4;4;4;4;14;13;12;11;10;
?;?;?;?;?;?;?;?;?;?;19;7;6;1;15;4;4;14;13;12;11;10;3;3;3;3;3;3;19;7;6;1;15;4;4;4;4;4;4;4;4;4;4;4;4;4;4;4;14;13;
?;?;?;?;?;?;?;?;?;?;21;9;8;5;19;7;6;1;15;4;4;4;4;4;4;4;4;4;4;4;4;14;13;12;26;25;24;23;22;4;4;4;4;4;14;13;12;11;10;3;
?;?;?;?;?;?;?;?;?;?;2;20;8;5;19;7;6;1;15;4;14;13;12;11;10;19;7;6;1;15;4;14;13;12;11;10;3;3;3;3;3;3;3;3;3;19;7;6;1;15;
?;?;?;?;?;?;?;?;?;?;9;8;5;3;3;19;7;6;1;15;4;4;4;4;4;4;4;4;4;4;4;14;13;12;11;10;3;3;3;3;3;3;3;3;3;3;3;3;3;3;
?;?;?;?;?;?;?;?;?;?;7;6;1;15;4;14;13;12;11;10;3;3;3;3;3;3;3;3;3;3;3;3;19;7;6;1;21;9;8;5;3;19;7;6;1;15;4;4;4;4;
?;?;?;?;?;?;?;?;?;?;6;1;15;2;20;8;5;3;3;3;3;19;7;6;1;15;4;4;4;4;4;4;4;4;4;4;4;4;4;4;14;13;12;11;10;3;3;3;19;7;
?;?;?;?;?;?;?;?;?;?;9;8;5;3;19;7;6;1;15;2;20;8;5;3;3;3;19;7;6;1;15;2;20;8;5;19;7;6;1;15;4;4;4;4;4;4;4;4;4;14;
?;?;?;?;?;?;?;?;?;?;2;20;8;5;3;3;19;7;6;21;9;8;5;3;3;3;3;3;19;7;6;1;15;4;4;4;4;4;4;4;4;4;4;4;4;4;4;4;4;4;
?;?;?;?;?;?;?;?;?;?;3;19;7;6;21;9;8;26;25;24;23;22;4;4;4;14;13;12;11;10;19;7;6;1;21;9;8;5;3;3;19;7;6;1;15;4;4;4;4;4;
?;?;?;?;?;?;?;?;?;?;19;7;6;1;21;9;8;5;3;3;3;19;7;6;1;21;9;8;5;3;3;19;7;6;1;15;4;4;4;4;4;4;4;4;4;14;13;12;11;10;
?;?;?;?;?;?;?;?;?;?;7;6;1;15;4;4;14;13;12;11;10;3;3;3;3;3;3;3;3;3;3;19;7;6;1;15;2;20;8;5;19;7;6;1;15;4;14;13;12;11;
?;?;?;?;?;?;?;?;?;?;19;7;6;1;15;4;4;4;4;4;4;4;14;13;12;11;10;3;3;3;3;19;7;6;1;15;4;4;4;4;14;13;12;11;10;3;3;3;3;3;
?;?;?;?;?;?;?;?;?;?;19;7;6;1;15;4;4;14;13;26;25;24;23;22;21;9;8;5;3;3;3;3;3;3;19;7;6;1;15;4;4;4;4;4;14;13;12;11;10;3;
?;?;?;?;?;?;?;?;?;?;19;7;6;1;21;9;8;5;3;3;3;19;7;6;1;15;2;20;8;5;3;3;3;19;7;6;1;15;4;4;4;14;13;12;11;10;3;19;7;6;
?;?;?;?;?;?;?;?;?;?;19;7;6;1;15;4;4;14;13;12;11;10;3;3;3;3;3;3;3;19;7;6;1;15;4;4;4;4;4;14;13;12;11;10;3;3;3;3;3;19;
?;?;?;?;?;?;?;?;?;?;19;7;6;1;21;9;8;5;3;3;3;19;7;6;1;15;4;4;4;4;4;4;4;4;4;4;4;4;4;4;4;4;4;14;13;12;11;10;3;3;
?;?;?;?;?;?;?;?;?;?;3;19;7;6;1;15;4;4;14;13;12;11;10;3;3;19;7;6;1;15;4;4;4;14;13;12;11;10;3;3;3;3;3;19;7;6;1;15;4;4;
?;?;?;?;?;?;?;?;?;?;19;7;6;1;15;2;20;8;5;19;7;6;1;15;2;20;8;5;3;3;19;7;6;1;15;4;14;13;12;11;10;3;3;19;7;6;21;9;8;5;
?;?;?;?;?;?;?;?;?;?;2;20;8;5;3;3;19;7;6;21;9;8;5;3;3;3;19;7;6;1;15;4;14;26;25;24;23;22;4;4;4;4;4;4;4;4;4;14;13;12;
?;?;?;?;?;?;?;?;?;?;3;3;3;3;3;3;19;7;6;1;15;4;4;4;4;4;4;4;4;14;13;12;11;19;7;6;1;15;2;20;8;5;3;3;3;3;3;3;3;3;
?;?;?;?;?;?;?;?;?;?;4;4;4;4;4;4;4;4;4;14;13;12;11;10;3;3;3;3;19;7;6;1;15;4;4;4;4;4;4;4;14;13;12;11;10;3;3;3;3;3;
?;?;?;?;?;?;?;?;?;?;19;7;6;1;21;9;8;5;3;3;3;3;19;7;6;1;15;4;4;4;4;4;4;14;13;12;11;10;3;19;7;6;1;15;4;4;4;4;4;4;