?;?;?;?;?;?;?;?;?;?;?;2;15;14;27;25;22;21;18;4;4;4;4;4;4;4;4;4;4;2;15;14;13;11;50;24;24;24;23;20;6;1;12;8;4;4;2;15;14;13;
?;?;?;?;?;?;?;?;?;?;?;4;4;4;4;4;4;4;4;4;4;4;4;2;15;14;13;11;50;24;24;24;24;24;23;20;6;1;55;54;9;52;51;50;24;24;24;24;24;23;
?;?;?;?;?;?;?;?;?;?;?;1;12;8;4;4;4;4;2;15;14;13;11;50;24;24;24;23;20;6;1;12;8;4;4;4;4;4;4;4;2;15;14;13;11;50;24;24;24;24;
?;?;?;?;?;?;?;?;?;?;?;44;43;4;4;2;15;14;13;11;50;24;24;23;20;6;1;12;8;4;4;4;4;4;2;15;14;13;11;50;24;24;24;24;24;24;23;20;6;1;
?;?;?;?;?;?;?;?;?;?;?;4;4;2;15;14;13;11;50;24;24;24;24;24;24;24;24;24;24;24;24;24;24;23;20;6;1;12;8;4;4;4;4;4;2;15;14;13;11;50;
?;?;?;?;?;?;?;?;?;?;?;23;20;17;38;35;33;0;7;19;16;4;4;4;4;4;2;15;14;13;11;48;47;45;44;43;4;4;4;4;4;4;2;15;14;13;11;50;24;24;
?;?;?;?;?;?;?;?;?;?;?;5;3;30;48;47;45;44;43;4;4;4;2;27;25;22;21;18;4;4;4;4;2;15;14;13;11;50;24;24;24;24;24;24;23;20;6;1;12;8;
?;?;?;?;?;?;?;?;?;?;?;2;15;14;13;11;48;47;45;44;43;4;4;4;4;4;4;2;15;14;13;11;50;24;24;24;24;23;40;37;34;32;29;28;26;31;3;30;24;24;
?;?;?;?;?;?;?;?;?;?;?;22;21;18;55;54;9;52;51;50;24;24;23;20;6;1;12;8;4;2;15;14;13;11;50;24;24;24;24;24;24;24;24;24;23;20;6;41;39;53;
?;?;?;?;?;?;?;?;?;?;?;10;36;52;48;47;45;44;43;4;2;15;14;13;11;50;49;46;45;41;39;53;5;3;48;47;45;44;43;4;4;4;2;15;14;13;11;48;47;45;
?;?;?;?;?;?;?;?;?;?;?;9;52;51;50;24;23;20;6;1;12;8;4;4;4;4;4;4;4;4;4;4;2;15;14;13;11;50;49;46;17;38;35;33;3;30;24;24;24;24;
?;?;?;?;?;?;?;?;?;?;?;4;4;4;4;2;15;14;13;11;50;24;24;24;23;20;6;1;12;8;4;4;4;4;4;4;4;2;15;14;13;11;50;24;24;23;20;6;1;12;
?;?;?;?;?;?;?;?;?;?;?;10;36;52;51;50;24;24;24;24;24;24;24;24;23;20;6;1;12;42;10;36;52;48;47;45;44;43;4;4;4;4;4;4;2;15;14;13;11;50;
?;?;?;?;?;?;?;?;?;?;?;42;10;36;52;51;50;24;23;20;6;1;12;8;4;4;4;4;4;4;2;15;14;13;11;50;24;24;24;24;24;24;23;20;6;1;12;8;4;2;
?;?;?;?;?;?;?;?;?;?;?;21;18;4;4;4;4;4;2;15;14;13;11;50;24;24;24;24;24;23;20;6;41;39;53;5;3;30;24;24;23;20;6;1;12;8;4;4;4;4;
?;?;?;?;?;?;?;?;?;?;?;24;24;23;20;6;1;12;8;4;4;2;15;14;13;11;50;24;24;23;20;6;1;12;8;4;2;15;14;27;25;22;21;18;4;4;4;4;4;2;
?;?;?;?;?;?;?;?;?;?;?;10;36;52;51;50;24;24;24;24;24;24;23;20;6;1;12;8;4;4;2;15;14;13;11;50;24;23;20;6;1;12;8;4;4;4;4;4;4;4;
?;?;?;?;?;?;?;?;?;?;?;15;14;13;11;48;47;45;44;43;42;10;36;52;51;50;49;46;17;38;35;33;3;30;24;24;24;23;20;17;38;35;33;3;30;24;23;20;6;1;
?;?;?;?;?;?;?;?;?;?;?;9;52;51;50;24;24;23;20;6;1;12;8;4;4;4;4;4;4;4;4;4;2;15;14;13;11;50;24;24;23;20;6;1;12;8;4;4;4;4;
?;?;?;?;?;?;?;?;?;?;?;47;45;44;55;54;9;52;51;50;49;46;45;44;55;54;9;52;51;50;24;23;20;6;1;12;8;4;4;4;4;4;4;4;4;4;4;2;15;27;
?;?;?;?;?;?;?;?;?;?;?;24;24;24;24;24;24;24;24;24;23;20;6;1;12;8;4;4;4;4;2;15;14;13;11;50;24;24;24;24;23;20;6;1;12;8;4;4;4;4;
?;?;?;?;?;?;?;?;?;?;?;9;52;51;50;24;24;23;20;6;1;12;8;4;4;4;4;4;4;2;15;14;13;11;50;24;24;23;20;6;1;12;8;4;4;4;4;4;2;15;
?;?;?;?;?;?;?;?;?;?;?;10;36;52;51;48;47;45;44;43;4;4;4;4;4;4;4;4;4;4;4;4;4;4;4;4;2;15;14;13;11;50;24;24;24;23;20;6;1;12;
?;?;?;?;?;?;?;?;?;?;?;12;8;4;4;4;4;4;4;4;2;15;14;13;11;50;24;24;24;24;24;24;24;24;24;24;23;20;6;1;12;8;4;4;4;2;15;14;13;11;
?;?;?;?;?;?;?;?;?;?;?;2;15;14;13;11;50;24;24;24;23;20;6;1;12;8;4;4;4;4;2;15;14;13;11;50;24;24;23;20;6;1;12;8;4;4;4;4;4;4;
?;?;?;?;?;?;?;?;?;?;?;10;36;52;48;47;45;44;43;4;2;15;14;13;11;50;49;46;45;44;55;54;9;52;51;50;24;24;24;24;24;24;24;23;20;6;1;12;8;4;
?;?;?;?;?;?;?;?;?;?;?;47;45;44;55;54;9;52;51;50;49;46;45;44;43;4;4;4;4;4;4;4;4;4;4;2;15;14;13;48;47;45;44;43;4;4;4;4;4;4;
?;?;?;?;?;?;?;?;?;?;?;6;1;12;8;4;2;15;14;13;48;47;45;44;43;4;4;4;4;4;4;2;15;14;13;11;50;24;24;24;24;24;23;20;6;1;12;8;4;4;
?;?;?;?;?;?;?;?;?;?;?;24;24;23;20;6;1;12;8;4;4;2;15;14;13;11;50;49;46;45;44;43;4;4;4;4;2;15;14;13;48;47;45;44;43;4;4;4;4;2;
?;?;?;?;?;?;?;?;?;?;?;4;4;4;4;4;4;4;4;2;15;14;13;11;50;24;24;24;24;24;24;24;24;24;24;24;24;24;24;24;24;24;23;20;6;1;12;8;4;4;
?;?;?;?;?;?;?;?;?;?;?;47;45;44;43;42;10;36;52;51;50;24;24;23;20;6;1;12;8;4;4;4;4;4;2;15;14;13;11;50;24;24;24;24;24;24;24;24;24;24;
?;?;?;?;?;?;?;?;?;?;?;4;4;4;4;4;4;4;2;15;14;13;11;50;24;24;24;23;20;6;1;12;42;10;36;52;51;50;24;24;24;24;23;20;6;1;12;8;4;4;
?;?;?;?;?;?;?;?;?;?;?;4;4;4;4;4;4;4;4;4;4;2;15;14;13;11;50;24;24;23;40;37;34;32;29;28;26;31;3;30;24;24;24;24;24;24;24;24;24;23;
?;?;?;?;?;?;?;?;?;?;?;10;36;52;51;48;47;45;44;55;54;9;52;51;50;24;23;20;6;1;12;8;4;4;4;4;4;4;4;4;4;2;15;14;13;11;50;24;24;23;
?;?;?;?;?;?;?;?;?;?;?;46;45;44;43;4;4;4;4;4;4;4;4;4;2;15;14;13;11;50;49;46;45;44;43;4;4;2;15;14;13;11;50;24;24;24;24;24;24;23;
?;?;?;?;?;?;?;?;?;?;?;24;23;20;6;1;12;8;4;4;4;4;4;4;4;2;15;14;13;11;50;24;24;24;24;24;24;24;24;24;24;24;23;20;6;1;12;8;4;4;
?;?;?;?;?;?;?;?;?;?;?;5;3;30;24;24;24;24;24;24;24;24;24;23;20;6;1;12;8;4;4;4;4;4;4;4;4;4;4;4;4;4;4;4;4;2;15;14;13;11;
?;?;?;?;?;?;?;?;?;?;?;49;46;45;44;55;54;9;52;48;47;45;44;43;42;10;36;27;25;22;21;18;4;4;4;4;2;15;14;13;11;50;24;24;23;20;6;1;12;8;
?;?;?;?;?;?;?;?;?;?;?;51;50;24;24;23;20;6;1;12;8;4;2;15;14;13;11;50;24;24;23;20;6;1;12;8;4;4;2;15;14;13;11;50;24;24;23;20;6;1;
?;?;?;?;?;?;?;?;?;?;?;24;23;20;6;1;12;8;4;4;4;4;2;15;14;13;11;48;47;45;44;43;4;4;4;4;4;4;4;4;4;2;15;14;13;11;50;24;24;24;
?;?;?;?;?;?;?;?;?;?;?;45;44;43;4;2;15;14;13;11;50;24;24;24;24;24;24;23;20;6;1;12;8;4;4;4;4;4;4;4;4;4;4;4;4;2;15;14;13;11;
?;?;?;?;?;?;?;?;?;?;?;46;45;44;55;54;9;52;51;50;24;23;20;6;1;12;42;10;27;25;22;21;18;4;4;4;4;4;4;4;4;4;4;4;2;15;14;13;11;50;
?;?;?;?;?;?;?;?;?;?;?;4;4;4;4;4;4;4;4;2;15;14;13;11;50;24;24;24;24;24;24;24;24;24;24;24;23;20;6;1;12;8;4;4;4;4;4;4;4;4;
?;?;?;?;?;?;?;?;?;?;?;2;15;14;27;25;22;21;18;4;4;2;15;14;13;11;50;24;23;20;6;1;12;42;10;36;52;51;50;24;24;24;24;24;24;24;24;24;24;24;
?;?;?;?;?;?;?;?;?;?;?;10;36;52;51;50;49;46;45;44;43;42;10;36;52;51;50;24;24;24;24;23;20;6;1;12;8;4;4;4;4;4;4;4;4;4;4;4;4;4;
?;?;?;?;?;?;?;?;?;?;?;9;52;51;50;49;46;45;44;43;4;4;2;15;14;13;11;50;49;46;45;44;43;4;4;4;2;15;14;13;11;50;24;24;23;20;6;1;12;8;
?;?;?;?;?;?;?;?;?;?;?;49;46;45;44;55;54;9;52;51;50;24;24;23;20;6;1;12;8;4;4;4;4;4;4;2;15;14;13;11;50;24;24;24;23;20;6;1;12;8;
?;?;?;?;?;?;?;?;?;?;?;4;2;15;14;27;25;41;39;53;5;3;30;24;24;23;20;6;41;39;53;5;3;30;24;24;24;24;24;23;20;6;1;12;8;4;4;4;4;4;
?;?;?;?;?;?;?;?;?;?;?;45;44;43;42;10;36;52;51;50;24;24;24;24;24;24;24;24;24;24;23;20;6;1;12;8;4;4;4;4;2;15;14;13;48;47;45;44;43;4;
?;?;?;?;?;?;?;?;?;?;?;24;24;24;23;20;6;1;12;8;4;4;4;4;4;4;4;4;4;2;15;14;13;48;47;45;44;43;4;2;15;14;13;11;50;24;24;24;24;24;
?;?;?;?;?;?;?;?;?;?;?;24;24;24;24;24;24;24;24;24;24;24;23;20;6;1;12;8;4;4;4;4;4;4;4;4;4;4;2;15;14;13;11;48;47;45;44;43;4;4;
?;?;?;?;?;?;?;?;?;?;?;23;20;6;1;12;8;4;4;2;15;14;13;11;50;24;24;24;23;20;6;1;12;8;4;4;4;4;4;4;4;4;4;4;4;4;4;4;4;4;
?;?;?;?;?;?;?;?;?;?;?;24;24;23;20;6;1;12;8;4;4;4;2;15;14;13;48;47;45;44;43;4;4;4;4;4;4;4;4;4;4;4;4;4;4;4;4;4;4;4;
?;?;?;?;?;?;?;?;?;?;?;15;14;13;11;50;24;24;24;24;24;24;24;24;23;20;6;1;12;8;4;4;4;4;2;15;14;13;11;50;24;23;20;6;1;12;8;4;4;4;
?;?;?;?;?;?;?;?;?;?;?;6;1;12;8;4;4;4;4;4;4;2;15;14;13;48;47;45;44;43;4;4;4;2;15;14;13;48;47;45;44;43;4;4;4;4;4;4;4;4;
?;?;?;?;?;?;?;?;?;?;?;9;52;51;50;49;46;45;44;43;4;2;15;14;27;25;22;21;18;4;2;15;14;13;11;50;49;46;45;44;43;4;4;4;4;4;4;2;15;14;
?;?;?;?;?;?;?;?;?;?;?;47;45;44;43;42;10;36;52;51;50;24;24;24;24;23;20;6;1;12;8;4;4;4;4;2;15;14;13;11;50;24;23;20;6;41;39;53;5;3;
?;?;?;?;?;?;?;?;?;?;?;47;45;44;43;4;4;2;15;27;25;22;21;18;55;54;9;52;51;50;24;24;24;24;24;24;24;24;24;24;24;23;20;6;1;12;8;4;4;4;
?;?;?;?;?;?;?;?;?;?;?;4;4;2;15;14;13;11;50;24;23;20;6;41;39;53;5;3;30;24;24;24;24;24;24;24;23;20;6;1;12;42;10;36;52;51;50;24;24;23;
?;?;?;?;?;?;?;?;?;?;?;18;4;4;4;4;4;4;4;4;4;4;4;4;4;4;4;4;4;4;2;15;14;13;11;50;24;24;24;24;24;24;24;24;24;24;24;24;24;24;
?;?;?;?;?;?;?;?;?;?;?;29;28;26;23;20;6;1;12;8;4;4;4;2;15;14;13;11;50;24;24;23;20;6;1;12;8;4;4;4;4;4;4;4;4;4;4;4;4;4;
?;?;?;?;?;?;?;?;?;?;?;45;44;43;4;2;15;14;13;11;50;49;46;45;44;43;42;10;36;52;51;48;47;45;44;43;42;10;36;27;25;22;21;18;4;4;4;4;4;4;
?;?;?;?;?;?;?;?;?;?;?;45;44;43;4;2;15;14;13;11;50;49;46;45;44;43;42;10;36;52;51;50;24;24;24;24;24;24;24;24;24;23;20;6;1;12;8;4;4;4;
?;?;?;?;?;?;?;?;?;?;?;2;15;14;13;11;50;24;24;24;24;24;24;24;24;23;20;6;1;12;42;10;36;52;51;48;47;45;44;43;4;4;2;15;14;13;11;50;49;46;
?;?;?;?;?;?;?;?;?;?;?;47;45;44;43;42;10;36;52;51;50;49;46;45;44;43;4;4;4;4;4;4;4;4;4;4;2;15;14;13;48;47;45;44;43;42;10;36;52;51;
?;?;?;?;?;?;?;?;?;?;?;10;36;52;51;50;24;24;23;20;6;1;12;8;4;4;2;15;14;13;11;50;24;24;23;20;6;1;12;8;4;4;4;2;15;14;13;11;50;24;
?;?;?;?;?;?;?;?;?;?;?;36;52;51;50;49;46;45;44;43;42;10;36;52;48;47;45;44;43;4;4;2;15;14;13;11;50;24;24;24;24;24;23;20;6;1;12;8;4;4;
?;?;?;?;?;?;?;?;?;?;?;15;14;13;11;48;47;45;44;55;54;9;52;51;50;49;46;45;44;43;42;10;36;27;25;22;21;18;4;4;4;2;15;14;13;11;48;47;45;44;
?;?;?;?;?;?;?;?;?;?;?;15;14;13;11;50;49;46;45;44;55;54;9;52;51;50;49;46;45;44;43;42;10;36;52;51;48;47;45;44;43;4;2;15;14;13;11;50;24;24;
?;?;?;?;?;?;?;?;?;?;?;4;4;4;4;4;4;4;4;4;4;4;4;2;15;14;13;11;50;24;24;24;24;24;24;24;24;24;24;24;24;24;24;24;24;24;24;24;23;20;
?;?;?;?;?;?;?;?;?;?;?;9;52;51;50;49;46;45;44;43;4;4;4;2;15;14;13;11;50;24;24;24;24;23;20;6;1;12;8;4;2;15;14;13;11;50;24;23;20;6;
?;?;?;?;?;?;?;?;?;?;?;12;8;4;2;15;14;13;11;50;24;24;24;23;20;6;1;12;8;4;4;4;4;4;2;15;14;13;11;50;24;24;24;23;20;6;1;12;8;4;
?;?;?;?;?;?;?;?;?;?;?;45;44;43;4;4;2;15;14;13;11;50;24;24;24;24;24;23;20;6;1;12;8;4;4;2;15;14;13;11;50;24;24;24;23;20;6;1;12;8;
?;?;?;?;?;?;?;?;?;?;?;36;52;51;50;49;46;45;44;43;4;2;15;14;13;11;50;49;46;45;44;55;54;9;52;51;50;24;24;24;23;20;6;1;12;8;4;4;4;4;
?;?;?;?;?;?;?;?;?;?;?;47;45;44;43;42;10;36;52;48;47;45;44;43;4;4;4;4;2;15;14;13;11;50;24;24;24;24;23;20;17;38;35;33;3;30;24;24;24;24;
?;?;?;?;?;?;?;?;?;?;?;55;54;9;52;51;50;24;24;24;23;20;6;1;12;8;4;4;4;4;4;4;4;4;4;4;4;4;4;4;4;4;4;4;4;4;4;4;4;4;
?;?;?;?;?;?;?;?;?;?;?;46;45;44;55;54;9;52;51;50;49;46;45;44;43;4;4;4;4;4;2;15;14;13;11;50;49;46;45;44;43;42;10;36;52;51;50;24;24;24;
?;?;?;?;?;?;?;?;?;?;?;45;44;43;4;4;2;15;14;13;11;50;24;24;24;24;24;24;24;23;20;6;1;12;8;4;4;4;4;4;4;4;4;2;15;14;13;11;50;24;
?;?;?;?;?;?;?;?;?;?;?;47;45;44;43;4;2;15;14;13;48;47;45;44;55;54;9;52;51;50;24;24;24;23;20;6;1;12;8;4;4;4;4;2;15;14;13;11;50;24;
?;?;?;?;?;?;?;?;?;?;?;9;52;51;50;49;46;45;44;43;4;2;15;14;13;11;50;24;23;20;6;1;12;8;4;4;4;4;4;4;4;4;4;2;15;14;13;11;50;24;
?;?;?;?;?;?;?;?;?;?;?;46;45;44;43;4;4;4;2;15;14;13;11;50;24;24;24;24;23;20;6;1;12;8;4;4;4;2;15;14;13;11;50;24;24;24;24;24;24;24;
?;?;?;?;?;?;?;?;?;?;?;45;44;43;4;2;15;14;13;11;50;24;23;20;6;1;12;8;4;4;4;4;4;4;4;4;4;4;4;4;4;4;2;15;14;13;11;50;24;24;
?;?;?;?;?;?;?;?;?;?;?;2;15;14;13;48;47;45;44;43;4;4;2;15;14;13;11;50;24;24;24;24;23;20;6;1;12;8;4;4;2;15;14;13;11;50;24;24;24;24;
?;?;?;?;?;?;?;?;?;?;?;24;24;24;24;24;24;23;20;6;1;12;8;4;4;4;2;15;14;13;11;50;49;46;45;44;43;4;4;4;4;4;4;4;2;15;14;13;11;50;
?;?;?;?;?;?;?;?;?;?;?;47;45;44;43;4;2;15;14;13;11;48;47;45;44;43;4;4;4;4;4;4;4;4;4;4;4;2;15;14;13;11;50;24;24;24;24;24;24;24;
?;?;?;?;?;?;?;?;?;?;?;49;46;45;44;43;42;10;36;52;48;47;45;44;43;4;2;15;14;27;25;22;21;18;4;4;2;15;14;27;25;22;21;18;4;4;4;4;2;15;
?;?;?;?;?;?;?;?;?;?;?;9;52;51;50;49;46;45;44;43;4;4;4;4;4;4;4;4;4;4;4;2;15;14;13;11;50;24;23;20;6;1;12;8;4;4;2;15;14;13;
?;?;?;?;?;?;?;?;?;?;?;24;24;24;24;24;24;24;24;23;20;6;1;12;8;4;4;4;4;4;2;15;14;13;11;50;49;46;45;44;43;4;4;4;4;4;4;4;2;15;
?;?;?;?;?;?;?;?;?;?;?;10;36;52;51;48;47;45;44;55;54;9;52;51;50;49;46;45;44;43;4;4;4;4;2;15;14;13;11;50;24;24;24;24;24;24;24;24;24;24;
?;?;?;?;?;?;?;?;?;?;?;49;46;17;38;35;33;3;30;48;47;45;44;43;42;10;36;52;51;50;24;24;24;23;20;6;1;12;8;4;4;2;15;14;13;11;50;49;46;45;
?;?;?;?;?;?;?;?;?;?;?;13;48;47;45;44;43;4;4;2;15;14;13;11;50;24;24;23;20;6;1;12;8;4;4;4;4;2;15;14;13;11;50;24;24;24;24;24;24;24;
?;?;?;?;?;?;?;?;?;?;?;24;24;23;20;6;1;12;8;4;4;4;4;2;15;14;13;48;47;45;44;43;4;4;4;4;2;15;14;13;11;50;24;23;20;6;1;12;42;10;
?;?;?;?;?;?;?;?;?;?;?;2;15;14;13;11;50;49;46;45;44;43;4;4;4;4;4;4;4;4;2;15;14;13;11;50;24;24;24;24;24;24;24;24;24;24;24;24;24;24;
?;?;?;?;?;?;?;?;?;?;?;49;46;45;44;55;54;9;52;51;50;49;46;45;44;55;54;9;52;51;48;47;45;44;43;4;4;4;4;2;15;27;25;22;21;18;4;4;4;4;
?;?;?;?;?;?;?;?;?;?;?;15;14;13;11;50;24;24;23;40;37;34;32;29;28;26;23;20;6;1;55;54;9;52;51;50;24;24;24;24;23;20;6;1;12;8;4;4;4;4;
?;?;?;?;?;?;?;?;?;?;?;15;14;13;11;50;49;46;45;44;55;54;9;52;51;50;24;24;24;24;24;24;24;24;23;20;6;1;12;8;4;4;4;4;4;4;4;4;4;4;
?;?;?;?;?;?;?;?;?;?;?;10;36;52;48;47;45;44;43;42;10;36;52;51;50;49;46;45;44;43;4;4;4;4;2;15;14;13;11;50;24;24;24;24;24;24;24;24;24;24;
?;?;?;?;?;?;?;?;?;?;?;45;44;43;4;4;2;15;14;13;11;50;49;46;45;44;43;4;4;4;4;4;4;2;15;14;13;11;50;24;24;24;24;24;24;24;24;24;24;23;
?;?;?;?;?;?;?;?;?;?;?;2;15;14;13;11;50;24;23;20;6;41;39;53;5;3;30;24;24;24;24;24;24;24;24;23;20;6;1;12;8;4;4;4;4;4;2;15;14;13;
?;?;?;?;?;?;?;?;?;?;?;45;44;43;4;4;4;2;27;25;22;21;18;4;4;2;15;14;13;11;50;24;24;24;24;24;24;24;24;24;24;24;24;24;24;23;20;6;1;12;
?;?;?;?;?;?;?;?;?;?;?;49;46;45;44;43;42;10;36;52;48;47;45;44;55;54;9;52;51;50;24;24;24;24;24;24;23;20;6;1;12;8;4;4;4;4;2;15;14;13;
?;?;?;?;?;?;?;?;?;?;?;4;4;4;4;2;15;14;13;11;50;24;24;24;24;24;24;24;23;20;6;1;12;42;10;36;52;51;50;24;24;24;24;23;20;6;1;12;8;4;
?;?;?;?;?;?;?;?;?;?;?;33;3;30;24;24;24;23;20;6;1;12;8;4;4;4;4;4;4;4;2;15;14;13;11;50;24;24;24;24;23;20;6;1;12;8;4;4;4;4;
?;?;?;?;?;?;?;?;?;?;?;4;4;4;4;2;15;14;13;11;50;24;24;24;24;24;24;24;24;24;24;24;24;24;24;24;24;24;24;24;23;20;6;1;12;8;4;4;4;4;
?;?;?;?;?;?;?;?;?;?;?;23;20;6;1;12;42;10;36;52;51;50;49;46;45;44;43;4;4;4;4;4;4;4;2;15;14;13;11;50;49;46;45;44;43;4;4;4;4;4;
?;?;?;?;?;?;?;?;?;?;?;47;45;44;43;42;10;36;52;51;50;24;24;24;24;24;24;24;23;20;6;41;39;0;7;19;16;4;4;4;4;4;4;4;4;4;4;4;4;4;
?;?;?;?;?;?;?;?;?;?;?;47;45;44;43;4;4;4;4;4;4;4;4;4;4;2;15;14;13;11;50;24;24;24;24;24;24;24;24;24;24;24;24;23;20;6;1;12;8;4;
?;?;?;?;?;?;?;?;?;?;?;10;36;52;51;48;47;45;44;43;4;4;4;2;15;27;25;22;21;18;4;4;4;4;4;4;4;2;15;14;13;11;50;24;24;24;24;24;24;24;
?;?;?;?;?;?;?;?;?;?;?;15;14;13;11;50;24;24;24;24;24;24;24;24;24;23;20;6;1;12;42;10;36;27;25;22;21;18;4;4;4;4;4;4;4;4;2;15;14;13;
?;?;?;?;?;?;?;?;?;?;?;45;44;43;4;2;15;14;13;11;48;47;45;44;43;4;2;15;14;13;48;47;45;44;43;4;4;4;2;15;14;13;11;50;24;24;23;20;6;1;
?;?;?;?;?;?;?;?;?;?;?;2;15;14;13;48;47;45;41;39;53;5;3;30;24;24;24;24;24;24;24;24;24;24;23;20;6;1;12;8;4;4;4;4;4;4;4;4;2;15;
?;?;?;?;?;?;?;?;?;?;?;2;15;14;13;48;47;45;44;43;4;2;15;27;25;22;21;18;4;2;15;14;13;11;50;24;24;23;20;6;1;12;8;4;4;4;4;4;4;2;
?;?;?;?;?;?;?;?;?;?;?;6;1;55;54;9;52;51;50;24;24;23;20;6;1;12;8;4;4;4;4;2;15;14;13;11;50;24;23;20;6;1;12;8;4;4;4;4;4;4;
?;?;?;?;?;?;?;?;?;?;?;10;36;52;51;48;47;45;44;43;4;4;2;15;14;13;11;50;24;24;24;24;23;20;6;1;12;8;4;2;15;14;13;11;50;24;24;23;20;6;
?;?;?;?;?;?;?;?;?;?;?;2;15;14;13;11;50;24;24;23;20;6;1;12;8;4;4;4;4;4;4;2;15;14;13;11;50;24;24;24;24;24;24;24;23;20;6;41;39;53;
?;?;?;?;?;?;?;?;?;?;?;49;46;45;44;43;4;2;15;14;13;11;50;24;24;24;23;20;6;1;12;8;4;4;4;4;2;15;14;13;11;50;49;46;17;38;35;33;3;30;
?;?;?;?;?;?;?;?;?;?;?;36;52;51;48;47;45;44;43;42;10;36;52;51;50;24;24;24;24;24;23;20;6;1;12;8;4;4;2;15;14;13;11;50;24;23;20;6;1;12;
?;?;?;?;?;?;?;?;?;?;?;53;5;48;47;45;44;43;4;4;4;4;4;4;4;4;4;4;4;4;4;4;4;4;4;2;15;14;13;11;50;24;24;24;24;24;24;24;24;24;
?;?;?;?;?;?;?;?;?;?;?;50;24;24;24;24;24;24;23;20;6;1;12;8;4;4;4;2;15;14;13;11;50;24;24;23;20;6;1;12;8;4;4;4;4;4;4;4;4;4;
?;?;?;?;?;?;?;?;?;?;?;47;45;44;55;54;9;52;51;48;47;45;44;43;4;4;2;15;14;13;11;48;47;45;44;43;42;10;36;52;48;47;45;44;43;4;4;4;4;4;
?;?;?;?;?;?;?;?;?;?;?;6;1;12;8;4;4;4;4;4;4;4;4;4;4;4;4;2;15;14;27;25;22;21;18;4;2;15;14;13;11;50;24;24;24;24;24;24;24;24;
?;?;?;?;?;?;?;?;?;?;?;47;45;44;43;4;4;4;4;4;4;4;4;4;4;2;15;14;13;11;50;24;24;24;24;24;24;23;20;6;1;12;8;4;4;2;15;14;13;11;
?;?;?;?;?;?;?;?;?;?;?;24;24;24;24;24;24;24;24;23;20;6;1;12;8;4;2;15;14;13;11;48;47;45;44;43;4;4;4;4;4;4;4;2;15;14;13;48;47;45;
?;?;?;?;?;?;?;?;?;?;?;47;45;44;43;42;10;36;52;51;48;47;45;44;43;42;10;36;52;51;50;24;24;24;24;23;20;6;1;12;8;4;4;2;15;14;13;11;50;24;
?;?;?;?;?;?;?;?;?;?;?;4;4;2;15;14;13;11;50;24;24;24;23;20;6;1;12;8;4;2;15;14;13;11;50;24;24;24;23;20;6;1;12;8;4;4;4;4;4;4;
?;?;?;?;?;?;?;?;?;?;?;47;45;44;43;42;10;36;52;51;50;24;23;40;37;34;32;29;28;48;47;45;44;43;4;4;4;4;4;4;4;4;4;4;4;4;4;4;2;15;
?;?;?;?;?;?;?;?;?;?;?;20;6;1;12;8;4;4;4;4;4;4;4;4;4;4;4;4;4;4;4;4;4;4;4;4;4;4;4;4;4;2;15;14;13;11;50;24;23;20;
?;?;?;?;?;?;?;?;?;?;?;9;52;51;50;49;46;45;44;43;4;4;4;4;4;4;4;4;2;15;14;13;11;50;49;46;45;44;43;4;4;4;4;4;4;4;4;4;4;4;
?;?;?;?;?;?;?;?;?;?;?;10;36;52;51;50;24;24;24;24;24;24;24;23;20;6;1;12;8;4;4;4;2;15;14;13;11;50;24;24;24;23;20;6;1;12;8;4;2;15;
?;?;?;?;?;?;?;?;?;?;?;24;24;24;24;24;24;24;24;23;20;6;1;12;8;4;4;4;4;4;4;4;4;4;2;15;14;13;11;48;47;45;44;43;4;4;4;4;4;2;
?;?;?;?;?;?;?;?;?;?;?;20;6;1;12;8;4;2;15;14;13;11;50;24;24;24;23;20;6;1;12;8;4;4;4;4;4;2;15;14;13;11;50;24;24;23;20;6;1;12;
?;?;?;?;?;?;?;?;?;?;?;2;15;14;13;11;50;24;24;24;24;24;24;24;24;24;24;24;24;24;24;24;24;24;24;24;23;20;6;1;12;8;4;4;4;4;4;4;4;4;
?;?;?;?;?;?;?;?;?;?;?;48;47;45;44;43;42;10;36;52;51;50;24;24;24;24;24;24;24;24;24;24;24;24;24;24;24;24;23;40;37;34;32;29;0;7;19;16;4;4;
?;?;?;?;?;?;?;?;?;?;?;46;45;44;43;4;4;4;4;4;4;4;2;15;14;13;11;50;24;24;24;24;24;24;24;24;24;24;24;24;24;24;24;24;24;24;24;24;24;24;
?;?;?;?;?;?;?;?;?;?;?;23;20;6;1;12;8;4;4;4;2;15;14;13;11;50;24;23;20;6;1;12;8;4;4;4;4;4;4;4;4;4;4;2;15;14;13;11;50;24;
?;?;?;?;?;?;?;?;?;?;?;24;24;24;24;24;24;24;23;20;6;1;12;8;4;4;4;4;4;4;4;4;4;4;4;4;2;15;14;13;11;50;49;46;45;44;43;4;4;4;
?;?;?;?;?;?;?;?;?;?;?;47;45;44;55;54;9;52;51;48;47;45;44;43;4;4;2;15;14;13;11;50;24;23;20;6;41;39;53;5;3;30;24;23;20;6;41;39;53;5;
?;?;?;?;?;?;?;?;?;?;?;18;55;54;9;52;51;50;24;24;24;24;23;20;6;1;12;8;2;27;25;22;21;18;4;4;4;4;4;2;15;14;13;11;48;47;45;44;43;4;
?;?;?;?;?;?;?;?;?;?;?;47;45;44;43;4;4;4;2;15;14;13;11;50;24;24;24;23;20;6;1;12;8;4;4;4;2;15;14;13;11;50;24;24;24;24;24;24;24;24;
?;?;?;?;?;?;?;?;?;?;?;4;4;4;4;4;2;15;14;13;11;50;24;24;24;24;24;24;24;24;23;20;6;1;12;8;4;4;4;4;4;4;4;4;4;4;4;4;4;4;
?;?;?;?;?;?;?;?;?;?;?;4;4;2;15;14;13;48;47;45;44;43;42;10;27;25;22;21;18;4;4;4;2;15;14;13;11;50;49;46;45;44;43;4;4;4;2;15;14;13;
?;?;?;?;?;?;?;?;?;?;?;9;52;51;50;49;46;45;44;43;4;4;4;4;4;4;4;2;15;14;13;11;50;24;24;24;23;20;6;1;12;8;4;2;15;14;27;25;22;21;
?;?;?;?;?;?;?;?;?;?;?;10;36;52;51;48;47;45;44;43;42;10;36;52;48;47;45;44;43;4;4;2;15;14;13;11;50;24;24;24;24;24;24;24;24;24;23;20;6;41;
?;?;?;?;?;?;?;?;?;?;?;45;44;43;42;10;36;52;51;50;24;24;24;24;24;24;24;24;24;23;20;6;1;12;8;4;4;4;4;4;2;15;14;13;11;50;24;24;23;20;
?;?;?;?;?;?;?;?;?;?;?;2;15;14;27;25;22;21;18;4;4;4;2;15;14;13;11;50;24;24;24;24;24;24;24;23;20;6;1;12;8;4;4;2;15;14;13;11;50;24;
?;?;?;?;?;?;?;?;?;?;?;10;36;52;48;47;45;44;43;4;4;2;15;14;13;48;47;45;44;43;42;10;36;52;51;48;47;45;44;43;4;2;15;14;13;11;50;24;24;24;
?;?;?;?;?;?;?;?;?;?;?;47;45;44;43;42;10;36;52;51;50;49;46;45;44;43;42;10;36;27;25;22;21;55;54;9;52;51;50;24;23;20;6;1;12;8;4;4;4;4;
?;?;?;?;?;?;?;?;?;?;?;45;44;43;4;4;2;15;14;13;11;50;49;46;45;44;43;4;4;4;4;4;4;4;2;15;14;13;11;50;24;24;24;24;24;24;24;24;24;23;
?;?;?;?;?;?;?;?;?;?;?;15;14;13;11;50;24;23;20;6;1;12;8;4;4;4;2;15;14;13;11;50;24;24;24;23;20;6;1;12;8;2;15;14;13;11;50;24;24;23;
?;?;?;?;?;?;?;?;?;?;?;51;50;24;24;24;24;24;24;24;24;24;24;24;23;20;6;1;12;8;4;4;4;4;4;4;4;4;4;4;4;4;4;4;4;4;4;4;4;4;
?;?;?;?;?;?;?;?;?;?;?;45;44;43;42;10;36;52;51;50;24;24;23;20;6;1;12;42;10;36;52;51;50;24;24;24;24;24;24;23;20;6;1;12;8;4;4;4;4;4;
?;?;?;?;?;?;?;?;?;?;?;50;49;46;45;44;43;4;4;4;4;4;2;15;14;13;11;50;24;24;24;24;23;20;6;1;12;8;4;4;2;15;14;13;11;50;49;46;45;44;
?;?;?;?;?;?;?;?;?;?;?;46;45;44;43;42;10;36;52;51;50;24;23;20;6;1;12;8;4;4;4;4;4;4;4;4;4;4;4;4;4;4;4;4;4;2;15;14;13;11;
?;?;?;?;?;?;?;?;?;?;?;47;45;44;55;54;9;52;51;48;47;45;44;43;42;10;36;52;51;50;24;24;23;20;6;1;12;8;4;4;4;2;15;14;13;11;50;24;24;24;
?;?;?;?;?;?;?;?;?;?;?;45;44;43;4;4;4;4;4;4;4;4;4;4;4;4;2;15;27;25;22;21;18;4;4;2;15;14;13;11;50;24;23;20;6;1;12;8;4;4;
?;?;?;?;?;?;?;?;?;?;?;24;24;24;24;24;24;24;24;24;24;23;20;6;1;12;8;4;4;4;4;4;4;4;4;4;4;4;4;4;4;4;2;15;14;13;11;50;24;24;
?;?;?;?;?;?;?;?;?;?;?;45;44;43;42;10;36;52;51;50;24;23;20;6;1;12;42;10;36;52;48;47;45;44;43;42;10;36;52;51;50;24;23;20;6;1;55;54;9;52;
?;?;?;?;?;?;?;?;?;?;?;45;44;43;4;2;15;14;13;11;50;49;46;45;44;43;4;2;15;14;13;11;50;24;24;24;24;24;24;24;23;20;6;1;12;42;10;36;52;51;
?;?;?;?;?;?;?;?;?;?;?;4;4;2;15;14;13;11;50;24;24;24;24;24;24;23;20;6;1;12;8;4;4;4;4;4;4;4;4;2;15;14;13;11;50;49;46;45;44;43;
?;?;?;?;?;?;?;?;?;?;?;2;15;14;13;11;50;24;24;24;24;24;23;20;6;1;12;8;4;4;4;2;15;14;13;11;50;24;24;24;24;24;23;20;6;1;12;8;4;4;
?;?;?;?;?;?;?;?;?;?;?;36;52;51;50;49;46;45;44;43;4;4;2;15;14;13;11;50;24;24;24;24;24;24;24;24;23;20;6;1;12;8;4;4;4;4;4;2;15;14;
?;?;?;?;?;?;?;?;?;?;?;9;52;51;50;24;24;23;20;6;1;12;8;4;4;4;4;4;4;4;4;4;4;4;4;2;15;14;13;11;50;24;24;24;24;24;24;24;24;24;
?;?;?;?;?;?;?;?;?;?;?;15;14;13;11;50;24;24;24;24;24;24;24;24;23;20;6;1;12;8;4;4;4;4;4;4;2;15;14;13;11;50;24;24;24;24;24;24;24;24;
?;?;?;?;?;?;?;?;?;?;?;2;15;14;13;48;47;45;44;55;54;9;52;51;50;49;46;45;44;43;4;4;2;15;14;27;25;22;21;18;55;54;9;52;51;50;24;24;23;20;
?;?;?;?;?;?;?;?;?;?;?;2;15;14;13;48;47;45;44;43;42;10;36;52;51;50;24;24;24;24;24;24;23;20;6;1;12;8;4;4;4;4;2;15;14;27;25;22;21;18;
?;?;?;?;?;?;?;?;?;?;?;53;0;7;19;16;4;4;2;15;14;13;11;50;24;24;24;23;20;6;1;12;8;4;4;4;4;2;15;14;13;11;50;24;24;23;20;6;1;12;
?;?;?;?;?;?;?;?;?;?;?;45;44;43;4;4;4;4;4;4;4;2;15;14;13;11;50;49;46;45;44;43;4;2;15;14;13;11;50;24;24;24;24;24;24;23;20;6;1;12;
?;?;?;?;?;?;?;?;?;?;?;4;4;4;4;4;4;4;4;4;4;4;4;2;15;14;13;11;50;24;24;23;20;6;1;12;8;4;4;2;15;14;13;11;50;24;24;24;24;24;
?;?;?;?;?;?;?;?;?;?;?;2;15;14;13;11;50;49;46;45;44;43;4;4;2;15;14;13;11;50;49;46;45;44;43;4;4;4;4;2;15;14;13;11;50;24;24;23;20;6;
?;?;?;?;?;?;?;?;?;?;?;4;4;4;4;4;4;2;15;14;13;11;48;47;45;44;43;4;4;4;4;2;15;14;13;11;50;24;23;20;6;1;12;8;4;4;4;4;4;4;
?;?;?;?;?;?;?;?;?;?;?;4;4;4;4;4;4;4;4;4;4;4;4;4;4;4;4;4;2;15;14;13;11;50;24;24;24;24;24;24;24;24;24;24;24;24;24;24;24;23;
?;?;?;?;?;?;?;?;?;?;?;10;36;52;51;50;24;23;20;6;1;12;8;4;4;4;4;4;4;4;2;15;14;13;11;48;47;45;44;43;4;4;4;2;15;14;13;11;50;24;
?;?;?;?;?;?;?;?;?;?;?;46;45;44;43;42;10;36;52;51;50;49;46;45;44;43;4;4;4;4;4;4;4;4;4;4;4;4;4;4;4;4;4;4;4;4;2;15;14;13;
?;?;?;?;?;?;?;?;?;?;?;45;44;43;4;2;15;14;13;11;50;49;46;17;38;35;33;3;30;48;47;45;44;55;54;9;52;51;50;24;24;24;23;20;6;1;12;8;2;15;
?;?;?;?;?;?;?;?;?;?;?;4;2;15;14;13;11;50;24;23;20;6;1;12;8;4;4;4;4;4;4;4;2;15;14;13;11;50;24;24;24;24;23;20;6;1;12;8;4;4;
?;?;?;?;?;?;?;?;?;?;?;10;36;52;51;50;24;24;24;24;24;24;24;24;24;23;20;6;1;12;8;4;4;4;4;4;4;4;4;4;4;4;2;15;14;13;11;50;49;46;
?;?;?;?;?;?;?;?;?;?;?;47;45;44;43;42;10;36;52;48;47;45;44;43;4;4;4;2;15;14;13;11;50;24;24;24;24;24;23;20;6;1;12;8;4;4;4;4;4;4;
?;?;?;?;?;?;?;?;?;?;?;24;23;20;6;1;12;8;4;4;2;15;14;13;11;50;24;24;24;24;24;24;24;23;20;6;1;12;8;4;4;4;4;4;4;2;15;14;13;11;
?;?;?;?;?;?;?;?;?;?;?;46;45;44;43;4;4;2;15;14;13;11;50;24;24;24;24;24;23;20;6;1;12;8;4;4;4;4;4;4;4;4;4;4;4;4;4;4;2;15;
?;?;?;?;?;?;?;?;?;?;?;54;9;52;48;47;45;44;43;4;4;4;4;4;4;4;4;4;4;4;4;2;15;14;27;25;22;21;18;4;4;4;4;4;2;15;14;13;11;50;
?;?;?;?;?;?;?;?;?;?;?;10;36;52;48;47;45;44;43;4;2;15;14;13;11;48;47;45;44;43;4;2;15;14;13;11;50;24;24;24;24;24;24;24;24;23;20;6;1;12;
?;?;?;?;?;?;?;?;?;?;?;9;52;51;50;49;46;45;44;43;4;4;4;4;4;4;4;4;4;4;4;2;15;14;13;11;50;24;24;24;24;24;24;24;24;24;24;24;24;24;
?;?;?;?;?;?;?;?;?;?;?;45;44;43;4;2;15;14;13;11;50;24;24;24;24;24;24;24;24;24;24;24;23;20;6;1;55;54;9;52;51;48;47;45;44;43;4;4;4;4;
?;?;?;?;?;?;?;?;?;?;?;44;43;42;10;36;52;51;50;24;24;23;20;6;1;12;8;4;4;4;4;4;4;4;4;4;4;4;4;4;2;15;14;13;11;50;24;24;23;20;
?;?;?;?;?;?;?;?;?;?;?;9;52;51;48;47;45;44;43;42;10;36;52;51;50;24;23;20;6;1;12;42;10;36;52;48;47;45;44;43;4;4;4;4;4;4;4;4;4;2;
?;?;?;?;?;?;?;?;?;?;?;10;36;52;51;50;49;46;45;41;39;53;5;3;30;24;24;24;23;20;6;1;12;8;4;4;4;4;4;4;4;4;4;4;4;4;4;4;4;4;
?;?;?;?;?;?;?;?;?;?;?;49;46;45;41;39;53;0;7;19;16;4;4;4;4;2;15;14;13;11;48;47;45;44;55;54;9;52;51;50;49;46;45;44;43;4;4;4;4;4;
?;?;?;?;?;?;?;?;?;?;?;47;45;44;55;54;9;52;51;50;24;23;20;6;1;55;54;9;52;51;50;49;46;45;44;43;4;4;4;4;4;4;4;4;4;2;15;14;13;11;
?;?;?;?;?;?;?;?;?;?;?;45;44;43;4;4;2;15;14;13;11;50;24;24;24;24;24;24;24;24;24;23;20;6;1;12;42;10;36;52;48;47;45;44;43;4;2;15;14;13;
?;?;?;?;?;?;?;?;?;?;?;47;45;44;43;4;4;4;4;4;4;4;2;15;14;13;11;50;24;24;24;23;20;6;1;12;8;4;4;4;2;15;14;13;11;50;24;24;24;24;
?;?;?;?;?;?;?;?;?;?;?;47;45;44;43;4;4;2;15;27;25;22;21;18;55;54;9;52;51;50;24;24;24;24;23;20;6;1;12;8;4;4;4;4;2;15;14;13;11;50;
?;?;?;?;?;?;?;?;?;?;?;47;45;44;55;54;9;52;51;50;24;23;20;6;1;12;42;10;36;52;51;50;24;23;20;6;1;12;8;4;4;2;15;14;13;11;50;49;46;45;
?;?;?;?;?;?;?;?;?;?;?;47;45;44;43;4;4;2;15;14;13;11;50;24;24;24;24;24;24;23;20;6;1;12;8;4;4;4;4;2;15;14;13;11;50;24;24;24;24;23;
?;?;?;?;?;?;?;?;?;?;?;47;45;44;55;54;9;52;51;50;24;23;20;6;1;12;8;4;4;4;4;4;4;4;4;4;4;4;4;4;4;4;4;2;15;14;13;11;50;24;
?;?;?;?;?;?;?;?;?;?;?;23;20;6;1;12;8;4;2;15;14;13;11;50;24;23;20;6;1;12;8;4;4;2;15;14;13;11;50;24;24;24;24;23;20;6;1;12;8;4;
?;?;?;?;?;?;?;?;?;?;?;47;45;44;43;42;10;36;52;48;47;45;44;43;42;10;36;52;51;50;49;46;45;44;43;4;2;15;14;13;11;50;24;23;20;6;41;39;53;5;
?;?;?;?;?;?;?;?;?;?;?;10;36;52;51;50;49;46;45;41;39;53;5;3;30;24;23;20;6;1;12;8;2;27;25;22;21;18;4;4;4;4;4;4;4;4;4;2;15;14;
?;?;?;?;?;?;?;?;?;?;?;24;24;24;24;24;23;20;6;1;12;8;4;4;4;4;4;4;4;2;15;14;13;48;47;45;44;43;42;10;36;52;51;50;24;24;24;24;24;24;
?;?;?;?;?;?;?;?;?;?;?;4;4;4;4;4;4;4;4;2;15;14;13;11;50;24;24;24;23;20;6;1;12;8;4;4;4;4;4;4;2;15;14;13;11;50;24;24;24;24;
?;?;?;?;?;?;?;?;?;?;?;47;45;44;55;54;9;52;51;50;24;24;23;20;6;1;12;8;4;4;4;4;4;2;15;14;13;11;50;49;46;45;44;43;4;4;4;4;4;4;