?;?;?;?;?;?;0;6;1;4;4;2;9;8;7;0;6;1;4;4;4;4;4;4;4;4;4;4;4;2;9;8;5;3;3;3;3;3;7;0;6;1;4;4;4;4;2;9;8;5;
?;?;?;?;?;?;7;0;6;1;4;4;4;4;4;4;4;4;4;4;4;4;4;2;9;8;5;3;3;3;3;3;3;3;7;0;6;1;2;9;8;5;3;3;3;3;3;3;3;7;
?;?;?;?;?;?;3;3;7;0;6;1;4;4;4;4;4;4;2;9;8;5;3;3;3;3;3;7;0;6;1;4;4;4;4;4;4;4;4;4;2;9;8;5;3;3;3;3;3;3;
?;?;?;?;?;?;8;5;7;0;6;1;4;4;4;2;9;8;5;3;3;3;3;7;0;6;1;4;4;4;4;4;4;4;2;9;8;5;3;3;3;3;3;3;3;3;7;0;6;1;
?;?;?;?;?;?;4;4;4;4;4;4;4;2;9;8;5;3;3;3;3;3;3;3;3;3;3;3;3;3;3;3;3;7;0;6;1;4;4;4;4;4;4;4;2;9;8;5;3;3;
?;?;?;?;?;?;5;3;3;3;3;7;0;2;9;8;5;7;0;6;1;4;4;4;4;4;2;9;8;5;3;7;0;6;1;4;4;4;4;4;4;4;2;9;8;5;3;3;3;3;
?;?;?;?;?;?;0;6;2;9;8;5;3;3;7;0;6;1;4;4;4;4;2;7;0;6;1;4;4;4;4;4;2;9;8;5;3;3;3;3;3;3;3;3;7;0;6;1;4;4;
?;?;?;?;?;?;0;6;1;4;4;2;9;8;5;3;7;0;6;1;4;4;4;4;4;4;4;2;9;8;5;3;3;3;3;3;3;7;2;9;8;5;3;3;3;3;3;3;3;3;
?;?;?;?;?;?;2;9;8;7;0;6;1;4;2;9;8;5;3;3;3;3;7;0;6;1;4;4;4;2;9;8;5;3;3;3;3;3;3;3;3;3;3;3;7;0;6;2;9;8;
?;?;?;?;?;?;0;6;1;4;2;9;8;5;7;0;6;1;4;4;2;9;8;5;3;3;7;0;6;2;9;8;5;3;7;0;6;1;4;4;4;4;2;9;8;5;3;7;0;6;
?;?;?;?;?;?;0;6;1;2;9;8;5;3;3;3;7;0;6;1;4;4;4;4;4;4;4;4;4;4;4;4;2;9;8;5;3;3;7;0;2;9;8;5;3;3;3;3;3;3;
?;?;?;?;?;?;0;6;1;4;4;4;4;4;4;2;9;8;5;3;3;3;3;3;7;0;6;1;4;4;4;4;4;4;4;4;4;2;9;8;5;3;3;3;3;7;0;6;1;4;
?;?;?;?;?;?;0;6;1;4;2;9;8;5;3;3;3;3;3;3;3;3;3;3;7;0;6;1;4;2;9;8;5;7;0;6;1;4;4;4;4;4;4;4;2;9;8;5;3;3;
?;?;?;?;?;?;7;0;6;1;4;2;9;8;5;3;3;3;7;0;6;1;4;4;4;4;4;4;4;4;2;9;8;5;3;3;3;3;3;3;3;3;7;0;6;1;4;4;4;2;
?;?;?;?;?;?;9;8;7;0;6;1;4;4;4;4;4;4;2;9;8;5;3;3;3;3;3;3;3;7;0;6;2;9;8;5;3;3;3;3;7;0;6;1;4;4;4;4;4;4;
?;?;?;?;?;?;9;8;5;3;3;3;3;7;0;6;1;4;4;4;4;2;9;8;5;3;3;3;3;7;0;6;1;4;4;4;2;9;8;7;0;6;1;4;4;4;4;4;4;2;
?;?;?;?;?;?;0;6;1;4;2;9;8;5;3;3;3;3;3;3;3;3;7;0;6;1;4;4;4;4;2;9;8;5;3;3;3;7;0;6;1;4;4;4;4;4;4;4;4;4;
?;?;?;?;?;?;6;1;4;4;2;9;8;5;3;7;0;6;1;4;2;9;8;5;3;3;7;0;2;9;8;5;3;3;3;3;3;7;0;2;9;8;5;3;3;3;7;0;6;1;
?;?;?;?;?;?;0;6;1;2;9;8;5;3;3;3;3;7;0;6;1;4;4;4;4;4;4;4;4;4;4;4;2;9;8;5;3;3;3;3;7;0;6;1;4;4;4;4;4;4;
?;?;?;?;?;?;9;8;5;3;7;0;6;1;2;9;8;5;3;3;7;0;6;1;2;9;8;5;3;3;3;7;0;6;1;4;4;4;4;4;4;4;4;4;4;4;4;2;9;7;
?;?;?;?;?;?;9;8;5;3;3;3;3;3;3;3;3;3;3;3;7;0;6;1;4;4;4;4;4;4;2;9;8;5;3;3;3;3;3;3;7;0;6;1;4;4;4;4;4;4;
?;?;?;?;?;?;0;6;1;2;9;8;5;3;3;3;3;7;0;6;1;4;4;4;4;4;4;4;4;2;9;8;5;3;3;3;3;7;0;6;1;4;4;4;4;4;4;4;2;9;
?;?;?;?;?;?;0;6;1;4;2;9;8;5;3;7;0;6;1;4;4;4;4;4;4;4;4;4;4;4;4;4;4;4;4;4;2;9;8;5;3;3;3;3;3;7;0;6;1;4;
?;?;?;?;?;?;3;7;0;6;1;4;4;4;4;4;4;4;4;4;2;9;8;5;3;3;3;3;3;3;3;3;3;3;3;3;7;0;6;1;4;4;4;4;4;2;9;8;5;3;
?;?;?;?;?;?;0;6;1;4;4;2;9;8;5;3;3;3;3;3;7;0;6;1;4;4;4;4;4;4;2;9;8;5;3;3;3;3;7;0;6;1;4;4;4;4;4;4;4;4;
?;?;?;?;?;?;0;6;1;4;2;9;8;5;7;0;6;1;4;4;2;9;8;5;3;3;7;0;6;1;2;9;8;5;3;3;3;3;3;3;3;3;3;7;0;6;1;4;4;4;
?;?;?;?;?;?;9;8;5;3;7;0;6;1;2;9;8;5;3;3;7;0;6;1;4;4;4;4;4;4;4;4;4;4;4;2;9;8;5;7;0;6;1;4;4;4;4;4;4;4;
?;?;?;?;?;?;3;3;3;7;0;6;1;4;4;4;2;9;8;5;7;0;6;1;4;4;4;4;4;4;4;2;9;8;5;3;3;3;3;3;3;3;7;0;6;1;4;4;4;4;
?;?;?;?;?;?;3;3;3;3;3;3;3;7;0;6;1;4;4;4;4;2;9;8;5;3;3;7;0;6;1;4;4;4;4;4;2;9;8;5;7;0;6;1;4;4;4;4;4;2;
?;?;?;?;?;?;1;4;4;4;4;4;4;4;4;4;4;4;4;2;9;8;5;3;3;3;3;3;3;3;3;3;3;3;3;3;3;3;3;3;3;3;7;0;6;1;4;4;4;4;
?;?;?;?;?;?;9;8;5;3;7;0;6;1;4;2;9;8;5;3;3;3;3;7;0;6;1;4;4;4;4;4;4;4;2;9;8;5;3;3;3;3;3;3;3;3;3;3;3;3;
?;?;?;?;?;?;0;6;1;4;4;4;4;4;4;4;4;4;2;9;8;5;3;3;3;3;3;7;0;6;1;4;2;9;8;5;3;3;3;3;3;3;7;0;6;1;4;4;4;4;
?;?;?;?;?;?;0;6;1;4;4;4;4;4;4;4;4;4;4;4;4;2;9;8;5;3;3;3;3;7;2;9;8;5;3;3;3;3;3;3;3;3;3;3;3;3;3;3;3;7;
?;?;?;?;?;?;0;6;1;4;2;9;8;5;3;7;0;6;1;2;9;8;5;3;3;3;7;0;6;1;4;4;4;4;4;4;4;4;4;4;4;2;9;8;5;3;3;3;3;7;
?;?;?;?;?;?;8;5;3;3;7;0;6;1;4;4;4;4;4;4;4;4;4;4;2;9;8;5;3;3;7;0;6;1;4;4;4;2;9;8;5;3;3;3;3;3;3;3;3;7;
?;?;?;?;?;?;9;8;5;3;3;3;7;0;6;1;4;4;4;4;4;4;4;4;4;2;9;8;5;3;3;3;3;3;3;3;3;3;3;3;3;3;7;0;6;1;4;4;4;4;
?;?;?;?;?;?;0;6;2;9;8;5;3;3;3;3;3;3;3;3;3;3;3;7;0;6;1;4;4;4;4;4;4;4;4;4;4;4;4;4;4;4;4;4;4;2;9;8;5;3;
?;?;?;?;?;?;9;8;5;3;3;7;0;6;1;2;9;8;5;7;0;6;1;4;2;9;8;7;0;6;1;4;4;4;4;4;2;9;8;5;3;3;3;3;7;0;6;1;4;4;
?;?;?;?;?;?;1;2;9;8;5;3;3;3;3;7;0;6;1;4;4;4;2;9;8;5;3;3;3;3;7;0;6;1;4;4;4;4;2;9;8;5;3;3;3;3;7;0;6;1;
?;?;?;?;?;?;9;8;5;3;3;3;7;0;6;1;4;4;4;4;4;4;2;9;8;5;3;7;0;6;1;4;4;4;4;4;4;4;4;4;4;2;9;8;5;3;3;3;3;3;
?;?;?;?;?;?;5;3;3;7;0;6;1;4;4;2;9;8;5;3;3;3;3;3;3;3;3;7;0;6;1;4;4;4;4;4;4;4;4;4;4;4;4;4;4;2;9;8;5;3;
?;?;?;?;?;?;8;5;3;3;7;0;6;1;2;9;8;5;3;3;3;7;0;6;1;4;2;9;7;0;6;1;4;4;4;4;4;4;4;4;4;4;4;4;2;9;8;5;3;3;
?;?;?;?;?;?;7;0;6;1;4;4;4;4;4;4;4;4;4;2;9;8;5;3;3;3;3;3;3;3;3;3;3;3;3;3;7;0;6;1;4;4;4;4;4;4;4;4;4;4;
?;?;?;?;?;?;0;6;1;4;4;2;9;8;7;0;6;1;4;4;4;2;9;8;5;3;3;3;7;0;6;1;4;2;9;8;5;3;3;3;3;3;3;3;3;3;3;3;3;3;
?;?;?;?;?;?;0;6;1;4;2;9;8;5;3;3;7;0;6;1;4;2;9;8;5;3;3;3;3;3;3;7;0;6;1;4;4;4;4;4;4;4;4;4;4;4;4;4;4;4;
?;?;?;?;?;?;0;6;1;2;9;8;5;3;3;7;0;6;1;4;4;4;2;9;8;5;3;3;7;0;6;1;4;4;4;4;2;9;8;5;3;3;3;3;7;0;6;1;4;4;
?;?;?;?;?;?;9;8;5;3;3;7;0;6;1;2;9;8;5;3;3;3;3;7;0;6;1;4;4;4;4;4;4;4;4;2;9;8;5;3;3;3;3;3;7;0;6;1;4;4;
?;?;?;?;?;?;6;1;4;4;4;4;2;9;8;7;0;2;9;8;5;3;3;3;3;7;0;6;2;9;8;5;3;3;3;3;3;3;3;7;0;6;1;4;4;4;4;4;4;4;
?;?;?;?;?;?;9;8;5;7;0;6;1;4;2;9;8;5;3;3;3;3;3;3;3;3;3;3;3;3;7;0;6;1;4;4;4;4;4;4;2;9;8;5;7;0;6;1;4;4;
?;?;?;?;?;?;9;8;5;3;3;3;3;3;7;0;6;1;4;4;4;4;4;4;4;4;4;4;4;2;9;8;5;7;0;6;1;4;4;2;9;8;5;3;3;3;3;3;3;3;
?;?;?;?;?;?;3;3;3;3;3;3;3;3;3;3;3;3;3;3;3;3;7;0;6;1;4;4;4;4;4;4;4;4;4;4;4;4;2;9;8;5;3;7;0;6;1;4;4;4;
?;?;?;?;?;?;3;3;3;3;3;7;0;6;1;4;4;4;4;2;9;8;5;3;3;3;3;3;7;0;6;1;4;4;4;4;4;4;4;4;4;4;4;4;4;4;4;4;4;4;
?;?;?;?;?;?;3;3;3;3;3;3;3;7;0;6;1;4;4;4;4;4;2;9;8;5;7;0;6;1;4;4;4;4;4;4;4;4;4;4;4;4;4;4;4;4;4;4;4;4;
?;?;?;?;?;?;6;1;4;4;2;9;8;5;3;3;3;3;3;3;3;3;3;3;7;0;6;1;4;4;4;4;4;4;2;9;8;5;3;3;3;7;0;6;1;4;4;4;4;4;
?;?;?;?;?;?;3;3;3;7;0;6;1;4;4;4;4;4;4;4;4;2;9;8;5;7;0;6;1;4;4;4;4;2;9;8;5;7;0;6;1;4;4;4;4;4;4;4;4;4;
?;?;?;?;?;?;0;6;1;2;9;8;5;3;3;7;0;6;1;4;4;2;9;8;7;0;6;1;4;4;2;9;8;5;3;3;7;0;6;1;4;4;4;4;4;4;4;2;9;8;
?;?;?;?;?;?;9;8;5;3;7;0;6;1;4;2;9;8;5;3;3;3;3;3;3;7;0;6;1;4;4;4;4;4;4;2;9;8;5;3;3;3;7;0;6;2;9;8;5;3;
?;?;?;?;?;?;9;8;5;3;7;0;6;1;4;4;4;2;9;7;0;6;1;4;2;9;8;5;3;3;3;3;3;3;3;3;3;3;3;3;3;7;0;6;1;4;4;4;4;4;
?;?;?;?;?;?;4;4;4;4;4;4;4;2;9;8;5;3;3;3;7;0;6;2;9;8;5;3;3;3;3;3;3;3;3;3;7;0;6;1;4;2;9;8;5;3;3;3;3;7;
?;?;?;?;?;?;2;7;0;6;1;4;4;4;4;4;4;4;4;4;4;4;4;4;4;4;4;4;4;4;2;9;8;5;3;3;3;3;3;3;3;3;3;3;3;3;3;3;3;3;
?;?;?;?;?;?;7;2;9;8;5;3;3;3;7;0;6;1;4;4;4;4;4;2;9;8;5;3;3;3;3;7;0;6;1;4;4;4;4;4;4;4;4;4;4;4;4;4;4;4;
?;?;?;?;?;?;8;5;3;7;0;6;1;4;4;2;9;8;5;3;3;7;0;6;1;4;2;9;8;5;3;7;0;6;1;4;2;9;8;7;0;6;1;4;4;4;4;4;4;4;
?;?;?;?;?;?;9;8;5;7;0;6;1;4;4;2;9;8;5;3;3;7;0;6;1;4;2;9;8;5;3;3;3;3;3;3;3;3;3;3;3;7;0;6;1;4;4;4;4;4;
?;?;?;?;?;?;0;6;1;4;4;2;9;8;5;3;3;3;3;3;3;3;3;3;3;7;0;6;1;4;2;9;8;5;3;7;0;6;1;4;4;4;2;9;8;5;3;3;7;0;
?;?;?;?;?;?;9;8;5;3;7;0;6;1;4;2;9;8;5;3;3;7;0;6;1;4;4;4;4;4;4;4;4;4;4;4;2;9;8;5;7;0;6;1;4;2;9;8;5;3;
?;?;?;?;?;?;0;6;1;4;2;9;8;5;3;3;3;3;7;0;6;1;4;4;4;4;2;9;8;5;3;3;3;3;7;0;6;1;4;4;4;4;4;2;9;8;5;3;3;3;
?;?;?;?;?;?;6;1;4;2;9;8;5;3;3;7;0;6;1;4;2;9;8;5;7;0;6;1;4;4;4;2;9;8;5;3;3;3;3;3;3;3;7;0;6;1;4;4;4;4;
?;?;?;?;?;?;6;1;4;4;2;9;8;5;3;7;0;6;1;2;9;8;5;3;3;7;0;6;1;4;2;9;8;7;0;6;1;4;4;4;4;2;9;8;5;3;7;0;6;1;
?;?;?;?;?;?;6;1;4;4;2;9;8;5;3;3;7;0;6;1;2;9;8;5;3;3;7;0;6;1;4;2;9;8;5;3;7;0;6;1;4;4;2;9;8;5;3;3;3;3;
?;?;?;?;?;?;4;4;4;4;4;4;4;4;4;4;4;4;4;4;4;4;4;2;9;8;5;3;3;3;3;3;3;3;3;3;3;3;3;3;3;3;3;3;3;3;3;3;7;0;
?;?;?;?;?;?;0;6;1;2;9;8;5;3;3;7;0;6;1;4;4;4;4;2;9;8;5;3;3;3;3;3;3;7;0;6;1;4;4;4;2;9;8;5;3;3;3;7;0;6;
?;?;?;?;?;?;3;7;0;6;1;4;4;4;2;9;8;5;3;3;3;3;3;7;0;6;1;4;4;4;4;4;4;4;2;9;8;5;3;3;3;3;3;7;0;6;1;4;4;4;
?;?;?;?;?;?;9;8;5;7;0;6;1;4;4;4;2;9;8;5;3;3;3;3;3;3;3;7;0;6;1;4;4;4;4;2;9;8;5;3;3;3;3;3;7;0;6;1;4;4;
?;?;?;?;?;?;6;1;4;2;9;8;5;3;3;7;0;6;1;4;4;2;9;8;5;3;3;7;0;6;1;2;9;8;5;3;3;3;3;3;7;0;6;1;4;4;4;4;4;4;
?;?;?;?;?;?;9;8;5;3;7;0;6;1;4;2;9;8;5;7;0;6;1;4;4;4;4;4;2;9;8;5;3;3;3;3;3;3;7;0;2;9;8;5;3;3;3;3;3;3;
?;?;?;?;?;?;3;7;0;6;1;2;9;8;5;3;3;3;3;3;7;0;6;1;4;4;4;4;4;4;4;4;4;4;4;4;4;4;4;4;4;4;4;4;4;4;4;4;4;4;
?;?;?;?;?;?;8;5;3;3;7;0;6;1;2;9;8;5;3;3;7;0;6;1;4;4;4;4;4;4;2;9;8;5;3;3;7;0;6;1;4;2;9;8;5;3;3;3;3;3;
?;?;?;?;?;?;8;5;3;7;0;6;1;4;4;4;2;9;8;5;3;3;3;3;3;3;3;3;3;7;0;6;1;4;4;4;4;4;4;4;4;4;4;2;9;8;5;3;3;3;
?;?;?;?;?;?;9;8;5;3;7;0;6;1;4;4;2;9;8;5;7;0;6;1;2;9;8;5;3;3;3;3;3;7;0;6;1;4;4;4;4;4;4;2;9;8;5;3;3;3;
?;?;?;?;?;?;0;6;1;2;9;8;5;3;3;7;0;6;1;4;4;2;9;8;5;3;3;3;7;0;6;1;4;4;4;4;4;4;4;4;4;4;4;2;9;8;5;3;3;3;
?;?;?;?;?;?;8;5;3;3;7;0;6;1;4;4;4;4;2;9;8;5;3;3;3;3;3;3;7;0;6;1;4;4;4;4;4;2;9;8;5;3;3;3;3;3;3;3;3;3;
?;?;?;?;?;?;8;5;3;7;0;6;1;4;4;2;9;8;5;3;3;3;7;0;6;1;4;4;4;4;4;4;4;4;4;4;4;4;4;4;4;4;2;9;8;5;3;3;3;3;
?;?;?;?;?;?;0;6;1;4;4;2;9;8;5;7;0;6;1;4;4;4;2;9;8;5;3;3;3;3;3;3;7;0;6;1;4;4;4;4;2;9;8;5;3;3;3;3;3;3;
?;?;?;?;?;?;9;8;5;3;3;3;3;3;3;3;3;7;0;6;1;4;4;4;4;4;2;9;8;5;3;3;7;0;6;1;4;4;4;4;4;4;4;4;2;9;8;5;3;3;
?;?;?;?;?;?;9;8;5;3;7;0;6;1;4;4;2;9;8;5;3;7;0;6;1;4;4;4;4;4;4;4;4;4;4;4;4;2;9;8;5;3;3;3;3;3;3;3;3;3;
?;?;?;?;?;?;9;8;5;3;3;7;0;6;1;4;2;9;8;5;7;0;6;1;4;4;2;9;8;7;0;6;1;4;4;4;2;9;8;7;0;6;1;4;4;4;4;4;2;9;
?;?;?;?;?;?;0;6;1;2;9;8;5;3;3;7;0;6;1;4;4;4;4;4;4;4;4;4;4;4;4;2;9;8;5;3;3;3;7;0;6;1;4;4;4;4;2;9;8;5;
?;?;?;?;?;?;8;5;3;3;3;3;3;3;3;3;3;3;3;7;0;6;1;4;4;4;4;4;4;4;2;9;8;5;3;3;7;0;6;1;4;4;4;4;4;4;4;4;2;9;
?;?;?;?;?;?;0;6;1;4;2;9;8;5;3;7;0;6;1;2;9;8;5;3;3;7;0;6;1;4;4;4;4;4;2;9;8;5;3;3;3;3;3;3;3;3;3;3;3;3;
?;?;?;?;?;?;9;8;5;3;3;7;0;2;9;8;5;3;3;7;0;6;1;4;2;9;8;5;3;3;3;3;3;7;0;6;1;4;4;4;4;2;9;8;5;3;3;7;0;6;
?;?;?;?;?;?;4;4;2;9;8;5;7;0;6;1;4;4;4;2;9;8;5;3;3;3;3;7;0;6;1;4;4;4;4;4;4;2;9;8;5;3;3;3;3;3;3;3;3;3;
?;?;?;?;?;?;5;3;3;3;3;3;3;7;0;6;1;4;4;4;4;4;4;2;9;8;5;7;0;6;1;4;4;4;4;4;2;9;8;5;3;3;3;7;0;6;1;4;2;9;
?;?;?;?;?;?;6;1;4;4;4;2;9;8;5;3;3;7;0;6;1;4;4;4;4;4;4;4;4;4;2;9;8;5;3;3;3;3;3;3;3;3;3;3;3;3;3;3;3;3;
?;?;?;?;?;?;9;8;5;3;3;7;0;6;1;2;9;8;5;3;3;7;0;6;1;2;9;8;5;3;7;0;6;1;4;4;4;4;4;2;9;7;0;6;1;4;4;4;4;4;
?;?;?;?;?;?;6;1;4;4;2;9;8;5;3;3;3;3;7;2;9;8;5;3;3;3;7;0;6;1;2;9;8;5;3;3;3;3;3;3;7;0;6;1;4;4;4;4;4;4;
?;?;?;?;?;?;6;1;4;4;2;9;8;5;3;3;7;0;6;1;2;9;8;5;3;3;3;3;3;3;3;3;3;3;7;0;6;1;4;4;4;4;4;4;4;4;4;4;4;4;
?;?;?;?;?;?;0;6;1;4;2;9;8;5;7;0;6;1;4;2;9;8;5;3;3;7;0;6;1;4;4;4;4;4;2;9;8;5;3;3;3;3;3;3;3;3;3;3;3;3;
?;?;?;?;?;?;8;5;3;7;0;6;1;4;4;4;2;9;8;5;3;3;7;0;6;1;4;4;4;4;4;4;4;2;9;8;5;3;3;3;3;3;3;3;3;3;3;3;3;7;
?;?;?;?;?;?;6;1;4;4;4;2;9;8;5;3;3;3;7;0;6;2;9;8;5;3;3;3;3;3;3;3;3;3;3;7;0;6;1;4;4;4;4;4;4;4;2;9;8;5;
?;?;?;?;?;?;9;8;5;7;0;6;1;4;4;4;4;2;7;0;6;1;4;4;4;2;9;8;5;3;3;3;3;3;3;3;3;3;3;3;3;3;3;3;3;7;0;6;1;4;
?;?;?;?;?;?;9;8;5;3;3;7;0;6;1;4;2;9;8;5;7;0;6;1;2;9;8;5;3;3;3;3;3;3;3;3;7;0;6;1;4;4;4;4;4;4;2;9;8;5;
?;?;?;?;?;?;0;6;1;4;4;4;4;4;4;2;9;8;5;3;3;3;3;3;3;3;3;3;7;0;6;1;4;2;9;8;5;3;3;3;3;3;3;7;0;6;1;4;4;4;
?;?;?;?;?;?;7;0;2;9;8;5;3;3;3;3;3;7;0;6;1;4;4;4;4;4;4;4;4;4;2;9;8;5;3;3;3;3;3;3;7;0;6;1;4;4;4;4;4;4;
?;?;?;?;?;?;4;4;4;4;4;4;4;4;4;2;9;8;5;3;3;3;3;3;3;3;3;3;3;3;3;3;3;3;3;3;3;3;3;3;7;0;6;1;4;4;4;4;4;4;
?;?;?;?;?;?;8;5;3;3;3;7;0;6;1;4;2;9;8;5;3;3;7;0;6;1;4;4;4;4;4;4;4;4;2;9;8;5;3;3;7;0;6;1;4;4;4;4;4;4;
?;?;?;?;?;?;9;8;5;3;7;0;6;1;4;2;9;8;5;3;3;3;3;3;3;3;3;3;7;0;6;2;9;7;0;6;1;4;4;4;4;4;4;4;4;4;4;4;4;4;
?;?;?;?;?;?;9;8;5;3;7;0;6;1;4;4;4;4;4;4;4;4;4;4;4;2;9;8;5;3;3;3;3;3;3;3;3;3;3;3;3;3;3;7;0;6;1;4;4;4;
?;?;?;?;?;?;0;6;1;4;2;9;8;5;3;7;0;6;1;4;4;4;4;2;9;7;0;6;1;4;4;4;4;4;4;4;4;2;9;8;5;3;3;3;3;3;3;3;3;3;
?;?;?;?;?;?;6;1;4;4;2;9;8;5;3;3;3;3;3;3;3;3;3;3;3;7;0;6;1;4;2;9;8;7;0;6;1;4;4;4;4;4;4;4;4;4;2;9;8;5;
?;?;?;?;?;?;8;5;3;7;0;6;1;4;4;2;9;8;5;3;7;0;6;1;4;4;2;9;8;5;7;0;6;1;4;4;4;4;2;9;8;5;3;3;3;3;7;0;6;1;
?;?;?;?;?;?;0;6;1;4;4;2;9;8;5;7;0;6;2;9;8;5;3;3;3;3;3;3;3;3;3;3;3;3;7;0;6;1;4;4;4;4;4;4;4;4;4;4;2;9;
?;?;?;?;?;?;0;6;1;4;4;2;9;8;5;7;0;6;1;4;4;2;9;7;0;6;1;4;4;2;9;8;5;3;3;3;3;7;0;6;1;4;4;4;4;4;4;4;4;2;
?;?;?;?;?;?;3;3;3;7;0;6;1;2;9;8;5;3;3;3;3;7;0;6;1;4;4;4;4;4;4;2;9;8;5;3;3;3;7;0;6;1;4;4;4;4;4;4;4;4;
?;?;?;?;?;?;0;6;1;4;2;9;8;5;3;7;0;6;1;4;4;4;2;9;8;5;3;3;3;3;3;3;7;0;6;1;4;4;4;2;9;8;5;3;3;3;3;7;0;6;
?;?;?;?;?;?;0;6;1;4;4;2;9;8;5;3;3;3;3;7;0;6;1;4;4;4;4;4;4;4;4;2;9;8;5;3;3;3;3;3;3;3;3;3;7;0;6;2;9;8;
?;?;?;?;?;?;9;8;5;3;3;7;0;6;1;4;4;2;9;8;5;3;3;3;3;3;7;0;6;1;4;4;4;4;4;4;2;9;8;5;3;3;7;0;2;9;8;5;3;3;
?;?;?;?;?;?;6;1;4;2;9;8;5;3;7;0;6;1;4;2;9;8;5;3;3;3;3;3;3;3;7;0;6;1;4;4;4;4;2;9;8;5;3;3;3;7;0;6;1;4;
?;?;?;?;?;?;7;0;6;2;9;8;5;7;0;6;1;4;4;4;4;4;4;4;4;4;4;4;4;4;4;4;4;4;4;2;9;8;5;3;3;3;3;3;3;3;3;3;3;3;
?;?;?;?;?;?;2;9;8;5;3;3;3;3;3;3;3;3;7;0;6;1;4;4;4;4;4;2;9;8;5;3;3;3;3;7;0;6;1;4;4;4;4;4;4;4;4;4;4;4;
?;?;?;?;?;?;9;8;5;3;7;0;6;1;2;9;8;5;3;7;0;6;1;4;4;4;2;9;8;5;3;7;0;6;1;4;2;9;8;5;7;0;6;1;4;4;4;4;4;4;
?;?;?;?;?;?;3;3;3;7;0;6;1;4;4;4;4;4;4;4;4;4;4;4;4;4;4;2;9;8;7;0;6;1;4;4;2;9;8;5;3;3;3;3;3;3;3;3;3;3;
?;?;?;?;?;?;9;8;5;3;7;0;6;1;4;4;4;4;4;4;4;4;4;4;4;2;9;8;5;3;3;3;3;3;3;3;3;7;0;6;1;4;4;4;4;2;9;8;5;3;
?;?;?;?;?;?;8;5;3;3;3;3;3;3;3;3;3;3;3;7;0;6;1;4;4;4;2;9;8;5;3;7;0;6;1;4;4;4;4;4;4;4;4;2;9;8;5;7;0;6;
?;?;?;?;?;?;9;8;5;3;7;0;6;1;4;2;9;8;5;3;7;0;6;1;4;2;9;8;5;3;3;3;3;3;3;7;0;6;1;4;4;4;4;2;9;8;5;3;3;3;
?;?;?;?;?;?;0;6;1;4;4;4;4;2;9;8;5;3;3;3;3;3;7;0;6;1;4;4;4;2;9;8;5;3;3;3;3;3;7;0;6;1;4;4;4;4;4;4;4;4;
?;?;?;?;?;?;9;8;5;3;7;0;6;1;4;2;9;8;5;3;3;3;7;2;9;8;5;3;3;7;0;6;1;4;4;4;4;4;4;4;4;4;4;4;4;4;4;4;2;9;
?;?;?;?;?;?;3;3;3;3;7;0;6;1;4;4;4;4;4;4;4;4;4;4;4;4;4;4;4;4;4;4;4;4;4;4;4;4;4;4;4;2;9;8;5;3;3;3;7;0;
?;?;?;?;?;?;0;6;1;2;9;8;5;3;3;7;0;6;1;4;4;4;4;4;4;4;4;4;2;9;8;5;3;3;7;0;6;1;4;4;4;4;4;4;4;4;4;4;4;4;
?;?;?;?;?;?;0;6;1;4;2;9;8;5;3;3;3;3;3;3;3;3;3;7;0;6;1;4;4;4;4;4;2;9;8;5;3;3;3;3;3;7;0;6;1;4;4;4;2;9;
?;?;?;?;?;?;3;3;3;3;3;3;3;3;3;3;3;3;3;7;0;6;1;4;4;4;4;4;4;4;4;4;4;4;2;9;8;5;3;7;0;6;1;4;4;4;4;4;4;2;
?;?;?;?;?;?;5;3;3;3;7;0;6;1;4;4;4;2;9;8;5;3;3;3;3;3;7;0;6;1;4;4;4;4;4;4;4;2;9;8;5;3;3;3;3;7;0;6;1;4;
?;?;?;?;?;?;1;4;4;4;4;2;9;8;5;3;3;3;3;3;3;3;3;3;3;3;3;3;3;3;3;3;3;3;3;3;7;0;6;1;4;4;4;4;4;4;4;4;4;4;
?;?;?;?;?;?;4;2;9;8;5;7;0;6;1;4;2;9;8;5;3;3;3;3;3;3;3;3;3;3;3;3;3;3;3;3;3;3;7;2;9;8;5;3;7;0;6;1;4;4;
?;?;?;?;?;?;8;5;3;3;7;0;6;1;4;4;4;4;4;4;4;4;2;9;8;5;3;3;3;3;3;3;3;3;3;3;3;3;3;3;3;3;3;3;3;3;3;3;3;3;
?;?;?;?;?;?;3;3;3;3;3;7;0;6;1;4;4;4;4;4;2;9;8;5;3;3;3;7;0;6;1;4;4;4;4;4;4;4;4;4;4;4;4;2;9;8;5;3;3;3;
?;?;?;?;?;?;5;3;3;3;3;3;3;3;3;3;3;3;7;0;6;1;4;4;4;4;4;4;4;4;4;4;4;4;4;4;2;9;8;5;3;3;7;0;6;1;4;4;4;4;
?;?;?;?;?;?;9;8;5;3;7;0;6;1;2;9;8;5;3;7;0;6;1;4;4;4;2;9;8;5;3;3;3;7;0;6;2;9;8;5;3;3;3;7;0;6;2;9;8;5;
?;?;?;?;?;?;2;7;0;6;1;4;2;9;8;5;3;3;3;3;3;3;7;0;6;1;4;4;2;7;0;6;1;4;4;4;4;4;4;2;9;8;5;3;7;0;6;1;4;4;
?;?;?;?;?;?;9;8;5;3;7;0;6;1;4;4;4;4;2;9;8;5;3;3;3;3;3;7;0;6;1;4;4;4;4;4;2;9;8;5;3;3;3;3;3;3;3;3;3;3;
?;?;?;?;?;?;4;4;4;4;4;4;4;4;4;4;2;9;8;5;3;3;3;3;3;3;3;3;3;3;7;0;6;1;4;4;4;4;4;4;4;4;4;4;4;4;4;4;4;4;
?;?;?;?;?;?;7;0;6;1;4;4;4;2;9;8;5;7;0;6;1;4;2;9;7;0;6;1;4;4;4;4;2;9;8;5;3;3;7;0;6;1;4;4;4;4;2;9;8;5;
?;?;?;?;?;?;0;6;1;2;9;8;5;3;3;7;0;6;1;4;4;4;4;4;4;4;4;2;9;8;5;3;3;3;3;3;7;0;6;1;4;4;4;2;9;8;7;0;6;1;
?;?;?;?;?;?;0;6;1;4;2;9;8;5;3;7;0;6;1;4;2;9;8;5;7;0;6;1;4;4;4;2;9;8;5;3;3;3;3;3;3;3;3;3;3;3;7;0;6;2;
?;?;?;?;?;?;9;8;5;7;0;6;1;4;2;9;8;5;3;3;3;3;3;3;3;3;3;3;3;7;0;6;1;4;4;4;4;4;4;4;2;9;8;5;3;3;3;3;7;0;
?;?;?;?;?;?;0;6;1;4;4;2;9;8;7;0;6;1;4;4;4;4;2;9;8;5;3;3;3;3;3;3;3;3;3;7;0;6;1;4;4;4;4;2;9;8;5;3;3;3;
?;?;?;?;?;?;0;6;1;4;2;9;8;5;7;0;6;1;4;4;4;2;9;8;5;7;0;6;1;4;2;9;8;5;3;7;0;6;1;4;4;2;9;8;5;3;3;3;3;3;
?;?;?;?;?;?;9;8;5;3;7;0;6;1;4;2;9;8;5;3;3;7;0;6;1;4;2;9;8;7;0;6;1;2;9;8;5;3;3;3;7;0;6;1;4;4;4;4;4;4;
?;?;?;?;?;?;8;5;3;7;0;6;1;4;4;4;2;9;8;5;3;3;7;0;6;1;4;4;4;4;4;4;4;4;2;9;8;5;3;3;3;3;3;3;3;3;3;3;3;7;
?;?;?;?;?;?;6;1;4;4;2;9;8;5;3;3;3;7;0;6;1;4;4;4;4;4;2;9;8;5;3;3;3;3;3;7;0;6;1;4;4;2;9;8;5;3;3;3;3;7;
?;?;?;?;?;?;1;2;9;8;5;3;3;3;3;3;3;3;3;3;3;3;3;3;7;0;6;1;4;4;4;4;4;4;4;4;4;4;4;4;4;4;4;4;4;4;4;4;4;4;
?;?;?;?;?;?;9;8;5;7;0;6;1;4;2;9;8;5;3;3;3;3;7;0;6;1;4;2;9;8;5;3;3;3;3;3;3;3;3;7;0;6;1;4;4;4;4;4;4;4;
?;?;?;?;?;?;2;9;8;5;3;3;7;0;6;1;4;4;4;4;4;4;2;9;8;5;3;3;3;3;3;3;7;0;6;1;4;4;4;4;2;9;8;5;3;3;7;0;6;1;
?;?;?;?;?;?;8;5;3;3;7;0;6;1;4;2;9;8;5;3;3;3;7;0;6;1;4;4;4;4;4;4;4;4;4;4;4;4;4;4;4;4;4;4;4;2;9;8;5;3;
?;?;?;?;?;?;9;8;5;3;7;0;6;1;2;9;8;5;3;7;0;6;1;4;2;9;8;5;3;3;3;3;7;0;6;1;4;4;4;4;4;2;9;8;5;3;3;3;3;3;
?;?;?;?;?;?;8;5;3;7;0;6;1;4;4;4;4;4;4;4;4;4;4;4;4;4;2;9;7;0;6;1;4;4;4;2;9;8;5;3;3;3;7;0;6;1;4;4;4;4;
?;?;?;?;?;?;9;8;5;3;3;3;3;3;3;3;3;3;3;3;3;7;0;6;1;4;4;4;4;4;4;4;4;4;4;4;4;4;4;4;4;4;2;9;8;5;3;3;3;3;
?;?;?;?;?;?;9;8;5;7;0;6;1;4;2;9;8;5;3;3;3;7;0;6;1;4;2;9;8;5;7;0;6;1;4;2;9;8;5;3;3;3;7;0;6;1;2;9;8;5;
?;?;?;?;?;?;9;8;5;7;0;6;1;4;4;2;9;8;5;3;3;7;0;6;1;4;4;2;9;8;5;3;3;3;3;3;3;3;3;3;7;0;6;1;4;2;9;8;5;3;
?;?;?;?;?;?;6;1;4;4;4;4;4;2;9;8;5;3;3;3;3;3;3;3;3;7;0;6;1;4;4;4;4;4;4;4;4;4;4;2;9;8;5;3;3;7;0;6;1;4;
?;?;?;?;?;?;4;4;4;4;4;2;9;8;5;3;3;3;3;3;3;3;7;0;6;1;4;4;4;4;4;2;9;8;5;3;3;3;3;3;3;3;7;0;6;1;4;4;4;4;
?;?;?;?;?;?;6;1;4;2;9;8;5;3;3;7;0;6;1;4;4;4;2;9;8;5;3;3;3;3;3;3;3;3;3;3;7;0;6;1;4;4;4;4;4;4;4;2;9;8;
?;?;?;?;?;?;0;6;1;2;9;8;5;3;3;3;3;7;0;6;1;4;4;4;4;4;4;4;4;4;4;4;4;4;4;2;9;8;5;3;3;3;3;3;3;3;3;3;3;3;
?;?;?;?;?;?;4;4;4;4;2;9;8;5;3;3;3;3;3;3;3;3;3;3;7;0;6;1;4;4;4;4;4;4;4;4;2;9;8;5;3;3;3;3;3;3;3;3;3;3;
?;?;?;?;?;?;0;6;1;4;4;2;9;8;5;7;0;6;1;2;9;8;5;3;3;7;0;6;1;4;4;4;2;9;8;7;0;6;1;4;2;9;8;5;3;3;3;3;7;0;
?;?;?;?;?;?;0;6;1;4;4;2;9;8;5;7;0;6;1;4;2;9;8;5;3;3;3;3;3;3;3;3;7;0;6;1;4;4;4;4;4;4;2;9;8;7;0;6;1;4;
?;?;?;?;?;?;7;0;6;2;9;8;7;0;6;1;4;4;2;9;8;5;3;3;3;3;3;7;0;6;1;4;4;4;4;4;4;2;9;8;5;3;3;3;3;7;0;6;1;4;
?;?;?;?;?;?;9;8;5;7;0;6;1;4;4;4;4;4;4;4;4;2;9;8;5;3;3;7;0;6;1;4;4;2;9;8;5;3;3;3;3;3;3;3;3;7;0;6;1;4;
?;?;?;?;?;?;4;4;4;4;4;4;4;4;4;4;4;4;4;4;4;4;4;2;9;8;5;3;3;3;3;7;0;6;1;4;4;4;4;2;9;8;5;3;3;3;3;3;3;3;
?;?;?;?;?;?;0;6;1;4;4;2;9;8;5;3;3;7;0;6;1;4;4;4;2;9;8;5;3;3;7;0;6;1;4;4;4;4;4;2;9;8;5;3;3;3;3;7;0;6;
?;?;?;?;?;?;7;0;6;1;4;4;4;4;4;4;4;2;9;8;5;3;7;0;6;1;4;4;4;4;4;2;9;8;5;3;3;3;7;0;6;1;4;4;4;4;4;4;4;4;
?;?;?;?;?;?;6;1;4;4;4;4;4;4;4;4;4;4;4;4;4;4;4;4;4;4;4;4;2;9;8;5;3;3;3;3;3;3;3;3;3;3;3;3;3;3;3;3;3;7;
?;?;?;?;?;?;0;6;1;4;2;9;8;5;3;3;3;7;0;6;1;4;4;4;4;4;4;4;4;4;2;9;8;5;3;7;0;6;1;4;4;4;4;2;9;8;5;3;3;3;
?;?;?;?;?;?;8;5;3;3;7;0;6;1;4;2;9;8;5;3;3;7;0;6;1;4;4;4;4;4;4;4;4;4;4;4;4;4;4;4;4;4;4;4;4;4;2;9;8;5;
?;?;?;?;?;?;9;8;5;7;0;6;1;4;4;2;9;8;5;3;3;7;0;2;9;8;5;3;3;7;0;6;1;2;9;8;5;3;3;3;3;3;7;0;6;1;4;4;2;9;
?;?;?;?;?;?;4;4;4;4;4;4;2;9;8;5;3;3;3;7;0;6;1;4;4;4;4;4;4;4;4;4;2;9;8;5;3;3;3;3;3;3;7;0;6;1;4;4;4;4;
?;?;?;?;?;?;0;6;1;4;2;9;8;5;3;3;3;3;3;3;3;3;3;3;3;7;0;6;1;4;4;4;4;4;4;4;4;4;4;4;4;4;2;9;8;5;3;3;7;0;
?;?;?;?;?;?;9;8;5;3;7;0;6;1;4;2;9;8;5;7;0;6;1;4;4;4;4;2;9;8;5;3;3;3;3;3;3;3;7;0;6;1;4;4;4;4;4;4;4;4;
?;?;?;?;?;?;9;8;5;3;3;3;7;0;6;1;4;4;4;4;2;9;8;5;3;3;3;3;3;3;3;3;3;7;0;6;1;4;4;4;4;4;4;4;4;2;9;8;5;3;
?;?;?;?;?;?;8;5;3;3;7;0;6;1;4;4;4;2;9;8;5;3;3;3;3;3;3;3;7;0;6;1;4;4;4;4;4;4;4;4;4;4;4;4;4;4;4;4;2;9;
?;?;?;?;?;?;7;0;6;1;2;9;8;5;7;0;6;1;4;4;4;4;4;4;4;4;4;4;4;4;4;2;9;8;7;0;6;1;4;4;4;4;4;4;2;9;8;5;3;3;
?;?;?;?;?;?;0;6;1;4;2;9;8;5;7;0;6;1;4;4;2;9;8;5;3;7;0;6;1;4;4;2;9;8;5;3;3;3;3;3;3;3;3;3;3;7;0;6;1;4;
?;?;?;?;?;?;0;6;1;2;9;8;5;3;3;7;0;6;1;4;4;4;4;4;4;4;4;4;4;4;4;2;9;8;5;3;3;3;3;3;3;3;3;3;3;3;3;3;3;3;
?;?;?;?;?;?;9;8;5;7;0;6;1;4;4;2;9;8;5;3;3;3;3;3;3;3;3;3;3;3;3;3;7;0;6;1;2;9;8;5;3;7;0;6;1;4;4;4;4;4;
?;?;?;?;?;?;8;5;7;0;6;1;4;2;9;8;5;3;3;3;3;7;0;6;1;4;4;4;4;4;4;4;4;4;4;4;4;4;4;4;2;9;8;5;3;3;3;3;7;0;
?;?;?;?;?;?;0;6;1;2;9;8;5;3;7;0;6;1;4;2;9;8;5;3;3;3;7;0;6;1;4;2;9;8;5;7;0;6;1;4;4;4;4;4;4;4;4;4;4;2;
?;?;?;?;?;?;0;6;1;4;2;9;8;5;3;3;7;0;6;2;9;8;5;3;3;3;3;3;7;0;6;1;4;4;4;4;4;4;4;4;4;4;4;4;4;4;4;4;4;4;
?;?;?;?;?;?;9;8;5;3;3;7;0;6;2;9;8;7;0;6;1;4;4;4;4;2;9;8;5;3;7;0;6;1;2;9;8;5;3;3;7;0;6;1;4;4;4;4;4;4;
?;?;?;?;?;?;9;8;5;3;7;0;6;1;2;9;8;5;3;3;3;7;0;6;1;2;9;8;5;3;3;7;0;6;1;4;4;4;4;4;4;4;4;4;4;2;9;8;5;3;
?;?;?;?;?;?;9;8;5;7;0;6;1;4;4;4;2;9;8;5;3;3;3;3;3;3;3;3;3;3;3;7;0;6;1;4;2;9;8;5;7;0;6;1;4;4;2;9;8;5;
?;?;?;?;?;?;9;8;5;3;7;0;6;1;4;4;4;4;4;4;4;4;2;9;8;5;3;3;3;3;3;7;0;6;1;4;4;4;4;4;2;9;8;5;3;3;3;3;3;3;
?;?;?;?;?;?;9;8;5;3;7;0;6;1;4;4;4;2;9;7;0;6;1;4;2;9;8;5;3;3;3;3;3;3;7;0;6;1;4;4;4;4;4;4;2;9;8;5;3;3;
?;?;?;?;?;?;9;8;5;3;7;0;6;1;2;9;8;5;3;3;3;7;0;6;1;4;2;9;8;5;3;3;3;7;0;6;1;4;4;4;4;2;9;8;5;3;3;7;0;6;
?;?;?;?;?;?;9;8;5;3;7;0;6;1;4;4;4;2;9;8;5;3;3;3;3;3;3;3;3;7;0;6;1;4;4;4;4;4;4;2;9;8;5;3;3;3;3;3;3;7;
?;?;?;?;?;?;9;8;5;3;7;0;6;1;2;9;8;5;3;3;3;7;0;6;1;4;4;4;4;4;4;4;4;4;4;4;4;4;4;4;4;4;4;2;9;8;5;3;3;3;
?;?;?;?;?;?;3;3;3;3;3;7;0;6;1;4;4;4;2;9;8;5;3;3;3;7;0;6;1;4;4;4;4;2;9;8;5;3;3;3;3;3;3;7;0;6;1;4;4;4;
?;?;?;?;?;?;9;8;5;3;7;0;6;1;4;2;9;8;5;7;0;6;1;4;2;9;8;5;3;3;7;0;6;1;4;4;2;9;8;5;3;3;3;7;0;6;2;9;8;5;
?;?;?;?;?;?;0;6;1;4;2;9;8;5;3;3;7;0;6;2;9;8;5;3;3;3;7;0;6;1;4;4;2;7;0;6;1;4;4;4;4;4;4;4;4;4;4;2;9;8;
?;?;?;?;?;?;9;8;5;3;3;3;3;3;3;3;7;0;6;1;4;4;4;4;4;4;4;4;4;2;9;8;5;7;0;6;1;4;2;9;8;5;3;3;3;3;3;3;3;3;
?;?;?;?;?;?;0;6;1;4;4;4;4;4;4;4;4;4;4;2;9;8;5;3;3;3;3;3;7;0;6;1;4;4;4;4;4;4;4;4;2;9;8;5;3;3;3;3;3;3;
?;?;?;?;?;?;9;8;5;3;7;0;6;1;2;9;8;5;3;3;3;3;7;0;6;1;4;4;4;4;4;4;4;2;9;8;5;3;3;7;0;6;1;4;4;4;4;4;4;4;