000000000000000000000000000000000000000000000000000000000000000000001111111111111111111110000011111111100000000001111111111111111111110000111111111111111111111111100000001111000000000001111111111100000000111111111111111111111111111111000000000111111111111111111111000000000001111111100000011111111111111111111111100000000000001111111111111111111111000000000000000001111111111111111111111111111111110000000000000000000000000000001111111100000000000000000000000000000000000000000000000000000000000000000
111111111111111111111111111111111111111111111111111111111111111111111111111111111111111111111111111111111111000000000000000000001111111111111111111111111111111111111111111111111111111111111111111111111111111111100000111111111111111111111000001111111111111111111111110000000001111111111111100000011111111111111111111111111111111111111111000001111111111111111111111111100000000011111111111111111111111111111111111110000000000000011111111111111111111111111111111111111111111111111111111111111111111111111
111111111111111111000000000111111111111100000000000000000000000000001111111110000000000000000000000000000000000000000000111111111111111111111111111111111110000000000000000000000000000000000000000001111111111111111111111111111111111111111000000000000000000000000000000000000111111111111111111111111100001111111000000111111000000000000000000000000000000000000000000000000000000000000000000000000000000111111110000000000000111111100000000000000000000000000000000000000001111111111111110000000000001111110
100000001111100000001110000000011111111000000000000000000000000000000000000000000000000000000000000000000000000000111111111111100000011111100000000000000000001111111111111111111111111111111111111111111111110000001111111111110000000000000000000000000000000000000000000000000000000000000000000000000000000000000000000000000000000000000000000000000000000000000000000000000000000000000011111110000000000000000000000000000000000001000000000000000000000000000000000000000000000000000000000000000000000000000
111000011111111111111110000000000000001111111110000000000111111000000000000111100000000000000000000000000000000000000000000000000000000000000000000111111111111110000000011111111111111111111100000011111111111111111111111111100000000011111111111111111111111111111111111111110000000000000111111111111111111111111111111111000000000000011111111111111111111111111111111100000000000000000000111110000000001111111111111111110000000000000000000000001111111111111000000011110000000000000000000000000000011111100
000000000000000000000000000000000000000000000000001111111111111111111110000000000000000000000111111111111111111111110000000000111111111111111111111111111111111111100000000011111111111111111111111111111111111111000000000000000000111111111111111111111111110000000000000000000111111100000000000000000000000000000000000111111111111111111111111110000000000100000000000001111111111111111111111111111111110111111111111111111111111111111111111110000000111111111111111111111111111111111100000000000000000000000
011111111000111111000001111111111111100011111111110000000000000000000000000000000000000000000000000000000000000000000000000000000000000000000000000000000000000000000000000000000000000000000000000000000000000000000000000000000000000000000000000000000000000000000001111111110000000000000000000000000000011111111111111111111000000000000000000000111111111111111111111110000000000000000000000000000000000000000000000000000000000000000000011111111111111111111111111111111111111111111111111111111111111111111
111111111111111111111111111111111111111111100000000001111111111111111111111111111111111111111111111111111111111111111111111111111111111111111111111111100000000000001111111111100000000000000000111111111111111000000000000000000000000000000000000000111111111110000000000000000000000000011111111111111111111100111111000000000000011111111000000000000000000000000000000000000000000000000000000000000000000000000000000000000000000000000000000110000000000000000000000000000111111111111111111111111111111111111
000000000000000000000000000000000000000000000000000000000000000000000000000000000000000000000001111111111111111111100000000000000000000000000000001111111110000000000000000000000000011100000000000000000000000000000000111111111000000000000000000000000000000000000000000000000011111111111110000000000000000000111111111111100000000000000000000001111111111111111111111111111111110000000001111111111111111110000000000000000000000000000000000000000000000000000000000000000000000000000000000000000000000000000
110000000110000000000000000011111111111111110000000000000000000000000000000000000000000000000000000000000000000000000000000000000000000000000000000000000000000000000000000000000000000000000000000000000000000000000000000000000000000000000000000000000000000000000000000000000000000000000000000000000000000000000000000000111111000000000000011111111111111111111111111111111111111111111111111111111111111111100000001111111111111110000000000000000000000000000000000000000000000000000000000000000000000000000
111111111111111111111111111111111111000000000000000000111111111111111111111000000000000000000000000111111111111111100000000000000000000000000000111111111100000000000000000000000000000000000000111110000000000000000000000000000000111111111100000000000000000000000000000000000000001111111111111111111000000000000000000001111111111111111111111110000000000000000001111111111111111111111110000000000000000000000000000000000000111111111110000000011111111111111111111111111111111111111111111111111111111111111
100000001111111111000000000001111110000000000000000111111111111111111111111111100000000011111111111111111111111111111111111111111111111111111111111111111111111111111111111111111111111111110000000000011111111111111111111111111100000000000000000000000000111111111111111111111111111111111111111111111111111111111111111110000000000111111111111111111111111111111000000000000000111111111111111111111111111111111110000000001111111111111111111111111111111110000000000000000111111111111111111111111111111111000
000000000000000000000000000000000000000000000000000000000000000000000000000000000000000000000000000000000000000000000000000000000000000000000000011111111111111111111111111111111111100000000000111111111111111111111111111111111111110000000001111111111111110000000000000000000000000000000000000000000000111110000000001111111000000000011111111111111111000000000000000000011111111000000000000000000000000000000000000000000000000000000000000000000000000000000000000000000000000000000000000000000000000000000
000000000000000000000000000000000000011111111111111111111111111111111111111111111111111111111111111111111111111111111111111111111111111111111111111111111111111111111111111111111111111111111111111111111111111111111111111111111111111111111111111111111111111111111111111111000000000000011111111111110000111111111111111111111111111111111111111111111111111111111111111111111111111111111111111111111111111111111111111111111111111111111111111111111111111111111100000111111111111100000011111100000000000000000
111111111111111111111111111111100000000000000111100000000000000000000000000000000000000000011111111111000000111111111111111111000001111111111111111111111111111111111111111111000000000000000001111111111111111111111110000000000000000000000000000111111111111111000000000000000000000000000111111111111111111100000000000000000001111111111111111111111111111111111111000000000000111111111111111111111111100000011111111111111111111111111111111111111111111111111111111111111111111111111111111111111111111001111
111111111111111111111111111111111111110000000000111111111111111111111111111111110000000000000001111111111111111111111111000000000000000000000000111111111111100000000000000000000011111111111111111111111100000000000000111111111111111111111111111111111000001111111111111111111111111111111111100000000000000000000000000000000000000000000000000000000000111111111111111111111000000000000000000111111111111111111111111111111111111000000011111111111111111111111111111111111111111111111111111111111111111111111
001111110000011111111111111110000000000000000000000000001111110000000000000000000000000111111111111111111111111111100000000000000000000000001111111111111111111111111111111110000000011111111100011111111111111111111000111111100000011111111111111111000000000000000000000000011111111111111111111111111111000000000000000001111111111111111111111111111100001111111111111111111111111111111111111111111111111111111111111111111111111111111111111111110000000000000011111111111111111111111111111111111111000000111
000000000000000000000000000000000000000000000000111111111111111111111111111111111111111111111111111111111111111111111111111111111111111111111111111111111111111111111111100000001111111111111111111110000000000000011000000000001111111000000000111111111111000000000000000000001111000000000000111111111111111111000000000000000000001111111111111111110000000000000000000011111111111111111111111111111111111111111111111111111000000000000011111111111111111111111111111111111111111000000000000000000000000000000
100000000111000000011111110000000011111111000001111111111100000000000000000000000011111111111111111111111111111111111100000000011111111111000011111110000000000000000011110000000000000000000000000000000000000111111111111111000000011111111000011111111111110000011111100000001111111100000001111111111111111111111111111111111111111111111111111111111111111111111111111111111111111111111111111111111111111111111111111111111111111111111111111111111111111111111111111111111111111111111111111111111000001111000
000111110000001111000111110000000000001111111111000000111111111111111111111111111111111111000000000000000000000000000000000000000000001110000000000000000000000000000000000001111111111111111000000000000000000111111100000000000000000000000000000000000011111111111000000000000000000000000000111111111111000000001111000000000000111111111111111110000001111111111000000111111111111111111111111111111111111111111111111111111111111111111111111111111111111111111100000000000000000000000000000000000000000000000
111111111111111111111111111111111111111111111111111111111111111111111111111111111111111111111111111111111111111111110000000000000000011111111111111111111111111111110000111111110000000111111111111111111111111100000001111111110000000011111111111111111111111111111111111111111100000000000001111111111111111111111111111111111100000011111111111111110000000001111111100000000000000000000000000111111111111111111111111111111111111111111111111111111111111111111111111111111111111111111111111111111111111111111
110000000111111111111111111111111110000000000000000000000000000111100000000111111100000000011111111111111111111111111111110011111111111111111111111111111111111111111111111111111111111100000000000000000111111111111111111111110000000001111111111111111111111111111000000000000000111111111110000000000000000111111111111111111111100000000000000000011111111111111111111100000000111111111111111111111111111111111111111111111111100000000111111111000000000000000000000000000000000000000111111111111111100000111
111111111111111111111111111111110000000000000111111111111111111111111111111111000111111100000000000001111111111111110000000000000000001111111111111111111111111111111111111111111111111111111111111111111111111111111111111111111111111111111111111111111111111111100000000111100000111111111111111111111111111111111111111111111111111111111111111111111111111111111111111111111111111111111111111111111111110000000000000000000000111111111111111111111111111111111111111111111111111111111111111111111111111111111
000000000000000000000000000000000011111111111111111111111111111111111111111111111100000000000000000000000000000000000000000000000001111111110000000000000000000000000000000000011111100000000000000000000000000000000111111111111111111111111111111111111111111111111111111111111111111111111111111111111111111111100000011111111111111111111111111000000011111111000001111111111111111111111111111111111111111111111111111000011111111111111111111111111111111111111111111111111111111111111000000000000000000000000
111111111111111111111111111111111111111111111111111111111111111111111111111111111111111111111000000000000000001111111111111111111111111111111000000000000000000000000000001111111000000000000000000000000000000000000000000000000000000000000000000000000000000000000000000000000000000000111111111000000000000000000000000000000011111111111111111111111111111111111111111111111111111111111111111111110000011111111111111111111111111111111111111111111111100001111111111111111111111111111111111111111111111111111
110000000111100000000000000001111111111111111111111000000000001111111111111111111111111111111111111111111111111111111111111111111111111111111111111111111111111111111111111111111111111111111111111111111111111111111111111111111111111111111111111111111111111111111111111111111111111111111111111111111111111111111111111111111111111111111111111000000000001111111111111111111111111111111111111111111111111111111111111111111111111111111111111000000111111111111111110000000000000000001111111111111111111111000
000000000000000000000000000000000000000000000000111111111111111100000000011111110011111111111111111111111111111111111111111111111111111111111111111111111111111111111111111111111111111111111111111111111111111111000000011111111100000000111111111111111110000000000001111110000011111111111111111111111000000000000000111111111111111111111111111111111111111111000000111111111111111111111111111111111111111111111110000011111111111111111111111111111111111111110000000011111000000000000000000000000000000000000
111111111111111111111111111111111111111111000000011111111111111111111111111111111111111111110000000000000000011111111111111111111111111111111111111111111111111111111111110000111111111111111111111111111111110000000000000000000000000001111111111111111111111111100000000000001111111111111111111000000000000000000000000111111111111000000000000000000000000000000000000000000000000000000000000000000000000001111111111111111111111111100000000000000011111111111111111111111111111111111111111111111111111111111
000000000000000000000000000000000011111111111111111111111100000000000111111111111111111111111111111111111110000000000000000000000000011111111111111111111111111111111111111111111111111111111111111111111111111111111111111111111111111111111111111111111111111111111111111111111111111111111111111111111111000000000000000000011111111111000000000000001111111111111111111111111111111111111111111111111111111111111111111111111111111111111111111111111111111111111111111111111111111111111111111111111000001110000
000000000000000000000000000000000000000000000000000000000000000000000000001111111111100000111111111111111111111111111111110000011111111111111111111111111111110000000001111111111111110000011111110000000000000000000000000000000000000001111111111111111111111111111111111111111111111111111111111111111111111111111111111111111111111111111111111111111111111111111111111111111111111111111111111111111111111111111111000000111111111000011111110000000000000000000000000000000000000000000000000000000000000000000
111111111111110000000000000000000000000111111111111111111111100000000000000000000000000000000011111111111111111111111111100000000000000111111111111111111111111111111111111111111111111111111111111111100000000000111100000000000011111111100000000111111111111111111111100000000001111111111111111111111111111111111111111111111111000001111111111111111111111111011111111111000000011111111110000111111000000000000000000000001111111111110000000000000111111111111111110000000000000011111111111000000011111111111
000000000000000000000000000000000000000000000000000111111000000000000000000000000000000000000000000000000011111100000100000001111111111111111111110000000000000000000001111111111000000000000000001111111111111111111111110000000111111111000001111111111111111111111000000000000000001111111111111111111111111111100000000000000000000000000000000000000000011111111111111111111111111111110000000001111111111111111111111111111111000000000000001111111000000000000000000000000000000000000000000000000000000000000
000000000000000000000000000000000000000000000000000000000000000000000000000000111111100000000000000000000000000000000000000000000000001111000000000000000000000000000000000000000000000000000000001111111111111111000000000000000000000000011111111111111111111111110000011110000000000000111111111111111111111111111111111111111111111111111111111100000000111000000000000011111100000111111110000000000000000000000111111111111111111111110000000000000000000000000000000000000000000000000000000000000000000000000
000000000000000000000000000000000000000000000000111111111111111111111111111111111111111111111111111111111111111111111111111111111111111111111111111111111111111111111111111111111111111111111111111111111111111111111111111111111111111111111111110000000111111111111111111111110000000000000000000000000011111111110000000000011000000111111111111111111111111111111111111111111111111111111111111111111111111111111111111111111111111111111111111000111111111111100001111111111110000000000000000000000000000000000
000000000011111111000000000000000111111111111111111111111111111111111111111111111111111111111111111111111111111111111111111111111111111111111111111111111111111111111111111111111111111111111111111111111111111111111111111111111111111111111111111111111111111111111111111111111111111111111111111111111111111111111111111111111111111111111111111111111111111111111111111111111111111111111111111111111111111111111111111111111111111111111111111111111111111111111111111111111111111111111111111111111111110000001
111111111111111111111111111111111111111111111111111111111111111111111111111111100000000000000000001111111111111111111000000000000000000000000000000000011111111100000000000000000000000000011111111111100000011111111111100000000000000111111111111000000000011100001111111111111111111111111111111111100000000000000000011111111111111111111111111111111111111000000011111111111111111111111111100000000000000011111111111111111111111111111111111111111111111111111111111111111111111111111111111111111111111111111
110000011111100000000111111111111100000000000000000111111111000000000000000000000000000000000000000000000000000000000000000000000000000000000000000000000000000000000000011111111111111111111111111111111111111111111111111111111111111111000000011000000000000001000000000000000000000011100000000001111111111111111111111100000000000111111111111111111111111111111111111111111100000000000000000000000000000000000000000000000000000000000000000000000000000000000000000000000000000000000000000000000000000111000
111111111111111111111111111111111111111111111111111000000000011111110000000000000111111100000011111111111111111000000000000000000000000000000000000000000000000000000000000000000000000000000000000000111110000000000000000000000000000000000000000111111111111111100000000000000000000000000000000000000000000000000000000000000000000000000000000000000000000000000000000000000000000000111000000000000000000000000000000000000000000000000000000000000000000000000000011111111111100000000001111111111111111111111
000011000000011110000000000000000000000000011111111100011111111111111111111111111111111111111111111111111111111111111111111111111111111111111111111111111111111111111111111111111111111110000011111111111111111111111111111111111111111111111111111111111111111111111111111111111111111111111111111111111111111111111111111111111111111111111111111111111111111111111111111111111111111111111111111111111111111111111111111111111111111111111111111111111111111111111111111110000111111111111111000000000000000100000
111111111111111111000000000111111111111000000000000000000000000000000000111111111111111110000000000011111111111111111111111111111111111111111111111111111111111111111111111111111111111111111111111111110000000000001111111111111111111111111110000111111111111111111111111111111000000001111111111111111000000000000000000000000000000011111100000000000000000111100000000000000000000000000000000000011111111111111111111111111111111100000000001111111111111111111111111111111111111111110000000000011111100000111
000000000000000000000000000000000000000000000000001100000000000000000000000000000001111111111111111111111111111111111111111111111111111100000000000000111100000000000011111111111111111110111111111000000000000011111111111111111111000000000000000011111111111111111111111111111000000000111111111111111111111111100000000100000000000111111100000111111111111111111111111111110001111111111111111111111111111100011111111111000000000000000111111111111111111111111100000000000000000000000000000000000000000000000
000000000000000000000000000000000001111100000000000000000000000000011111111111000000111111111011111111111111111111111111111111111111111111111111111111111111111111111111111111110000000111111111111110000000111111111111111111111111111111111111111111111111100011111111111000000001111111111111111111000000000000001111100000011110000000000011111000000000000011111111111111111111111111111111111111110000000111111111110000011111111111111100000000000000000000000000000000000000000000000000000000000000000000000
111111111111111111111111111111111111111111111111111111111111111111111111111111111111111111111000000000000000000000000000011111111111111111111111111111111110000000000000000000000000000000000111111111111100000000000000000000000000000000000000000000001111111100000000000000000000000000011110000000001111111110000000000000000000000000000000011111111111111111111111111111111111111111111111110000000000000000000000000000000111111111111111111111111111111111111111111111111111111111111111111111111111111111111
000000000000000000000000000000000000000011111111111111111111111111111111111111111111111111111111111111111111111111111111111111111111111111111111111111111111111111111111111111111111111111111111111111111111111111111111111111111111111111111111100001111111111111111111111111111111111111111111111111111111111111111111111111111111111111111111111111111111111111111111111111111110000000011111111111111111111111111111111111111111111111111111111111111111111111111111111111111100001111111111000000000000000000000
111000000000000000111111111111111111111110000000111000000001111111111111111111111111111111111100000000111111111111111111111111111111111111111111111111111111111111111111111111111111111111111111111111111111111111111111111111111000000000000000011111111111111111111111111111100000011111110000011111111111111111111111111111110000000001111111111111111111111111111111111100000000000111100000000000000000000000111111111111111111111111000000000000111100000000000000000000000000000011111000001111111111111111100
000000000000000000000000000000000000000000001111111111111111111111100000000111111100011111111111111111111111111111111111111111111110111111111111110000011111111111111111111111111111111111111111111111111111111111111111111111111111111111111101111111111111111111000000111111111111111111111110000000000000000000000000000000000000000000000000000000000000111000000000111111111111111111111111111111111111111111111111111001111111111111111111111111111111111111111000000000000000000000000000000000000000000000000
000000000000000000000000000000000000000000000000001111111111000000000000110000000000000000000000000000000000011111111111110000000000000000111111111111111111100000111111111111111111111111111111111111111111111100000000000011111111111111111100000000000000000000000011111111110011111111111111000000000000000000000001111111111111000000000000000000000000000000000000000001111111111111111111111111111111111111100000000000000000000111111000000000000000000000000000000000000000000000000000000000000000000000000
111111111111111111111111111111111111111111111111111111111111111111000001111111110000000011111111111111111111111111110000000000000001111111111111111111111111111111111111111111110000000001111111111111111110000111111111111111111111111111111111111111100111111111111110000000000001111111111111111100000000111111000000000001111000000000000000000000000000000111111111111000000111111111111100000000011111110001111111111000011111111111111111111111111111111111111111111111111111111111111111111111111111111111111
111111111111111111111111111111111111111111111000001111111111110000000000000000000000000000000000000000000000000000000000000000000000000000000000000000000000000000000000000000000000000001110000000000000000000000000000000000000001111000000001111111111111110000000000011111111110000000000000000000000000000000000000000000000000000000000000000000000000000000000000000111110000000000000000000000000000000000000000000000011111111111111110000000000000111111111111111111111111111111111111111111111111111111111
000000000000000000000000000000000000000000000000000000000000000000000000000000000000000000000000000000111111111000000000000000000111111111111111111111111111111111111111111111111111111111111110000011111111111111111111111111111111111111110001111111111111111111111111111111111111111111111111111111111111111111111111111111111111100001111111111100000000111100000000000000000000000001111111111111111111111111111111111100111111111111100000000000111111111111110000000000000000000000000000000000000000000000000
000000000000000000000000000000000000000000000111111111110000000000000000000000011111000001111111111111111111111110000000000011111111111111111111111111110000000000000000000000000000111111111110000000000011111111111111111111111111111111111111111000000000000000000111111111111111111111000000000110000000000000011111111111111111111110000011111111111000000000001100000000000001111111111111111111111000000000000000000000000000000000111111111110000000000000000000000000000000000000000000000000000000000000000
000000000000001110000000000011111110001111111111110000000000000000111111111111111111111111111111110000011111111111110000001111111111111111111111111111111111111111111111111111111100011111111111011111111111111111111111111111111111111100000000000111111111111111111111111111111111111111110000000000000011111111111111111111111111111111111111111111111111000000001111111111111111000000000000111111111111000000001111111111111110000011111111111100000000111111111111111111111111111100000000000000000000000000000
111111111111111111111111111111111111110000000000000000000000000000011111110000000000000000000000000000000111111111111111111000000000000000000000111111111111111111111111111100000000000000000011111111111111111111111111111111111111111111111111111111111111111111110000011111111110000000000111111100000000000000000000111111111111111100000000000000000000000000000000000000000000000000000000000000000000000000001111111111111000000000000000000000000000011100000000000000000000000000000000111111111111111111111
000000011111000000000000000000000000000000000000001111111111111100000000000011111111111111111111111111000001111111111000000000010000000001111111111111110000000000111110000001111111110000001111111000000000000000000000001111111111000000000000000000000000011111111111111111111111111111111111111000000000000000000011111111111111111110000000111100000000000000000000000000001111111111111100000000000000000000000000000000000111111111111110000000000000011111100000000111111111111111111111000000000000000000000
100000000000000000001111111111111111111111111100000000000000111111111111111111111111111111111111111111111111111111111111111111111111111100000000000111111111111111111111100000000000000001111111111111111111111111111111111111000000000000000000000000000111111111111111110000000000000000000000000001111111111111111111111110000000000000000000000000000000000000000000000111000000000001111110000000000000010000000011111111111111111111111110000000111100000000000111111111000000000000000000000000000000001111000
110000001111100000000011111100000000001111110000000000000000000000000000111110000000000000011111111100000000000000000000011111111111111111111100000001111111100000001111111111111111111111111111111111111111111111111111111111111111111111111111111111111111111111111111111111111111111111111111111111111111111111111111111111111111111111111111111111111111111111111111111111111111111111111111111111111111111111111111111110000111111111111111111111111111111111111100000000011111111111111111111000001111000000000
000000000000000000000000000000000000000000000001111000000000011000000000000000011111111111111111111111111111111100000000001111111111111111111111111111111111111111111111111111111111111111111111100000001110000000000000000000000000111000000000000011111111111111111111000000000000000000000000000000000000000000000001100000000000000000000001111111111111111111000000000000000000000000000000000000000000000000000000000000000000000000111111111110000000000000000000000000000000000000000000000000000000000000000
111111111111111111100111111111111111111111111111111000111111111111110000001111111111110000000000000000000011111111111111111111111110000000000000000000001111111111111100111111111110000000000000000000000110000000000000000000000000000000000000111111111111111111000000000000000000000000000000000001111110000000000000000000000000000000000000000001111111111111111111111100000000000000000000111111111111111110000000000000000000000011111000000001111111111111000000000000000000000000000000111111111111111111111
000011100000011111111111111111000000000000000011111000000000000000001111111111111111111111111111111111111111111111111111111111111111111111111111111111111111000000000000000000000111111111111111111111111111111111111111111111111111111111111111110000000000011111111111111111111111111111111111100011111111000000000000000000001111111111111111111110000000000000000000000000000000000000011111111111000000000000000000000001111111100000011111111111110000000000111111111111111111111111111111111000001111110000011
111111100000001111000000000011111111111111111111111111110000111111111111111111111111111111111111100000000000000000000000000000000000000000000000000000000000000000000000000000001111111111111111111111111111111111111111111111111000000000000000001111111111111110000000000001111111111111111111111111111111111110000000000111110000000000000001111100000000000000000000000000000000000000000000000000000111111111111111111111111111111111110000000000000000000000011111000000000000000000000000000111111000111111100
000000000000000000000000000001100000000000000000000111111111111111111111111111111111111111111111110001111111111111111111100000000001111111111111111111111111111111100000001111111111111111111111111111111111111111100000001111111111111111111111110000111111111111100000001111111111111111111111111110000111111111111111111111111111111111100000000000011111111110000011111111111111111111111111000000000000001111100000000000111111111111111111111111111111111111111111111111111111111111111111111000000000000000000
001111111111111111111111100000000000000000000111111111111111111111111111111111111000000000000111111111111111111111111111100000000000000011111111111100000001111111000000000000000000000000001111111111111111111111111111111110000000000000000000000011111110000000000000000000000000000000000000000000000000000000000000000000000000000000000000000000000000000000000000000000000011111111100000111111111110000000000000000000000000000111111111111111100000000000000000000000000000000000001111111111111111111111111
000000000000001111111111111100000000000000000000000000000000000000000000000000000001111000000011111111111111111000000000000000000000000000000111111110000001111110000000000000111111111000000000001111111111111110000000000011111100000000011111111111111111000000000000000000000111000000000000000000000000000000000000000000000000000000000000000000000000000000000000000000000000000000001111111111110000000000000000000000000000000111111111111111000000000000000000000000000000000000000000000000000000000110000
000111100000111111000000000000000001111111111111000000000000000000000000000000000000000000000000000000000000000000000111111111111111100000000000000000000000000000000000000000000000000111111111110000000000000000000000000000000000000000000000000000111000000000000011111111111111111111111111000000000000000000000000000000000000000000000000000000000000000000011111000000000000000000000000000000000000000000001111111111111000000000000000000000000000000000000000000000000000000000000000000000000000000000011
110000000110000000000000000001111111111110000111111111111111111111111111101111111111111111111111111111111111111111111111111000000111111111111111111111111111110011111110000000000100000000000001111111111111111111111111111111111111111111111100000000111111111111100000000000000000000000000000000000111111111111111111111111111111111111111111111111111111111111111111111111111111111111111111111111111111111111111111111111111111111111111111111111111111111111111111111111111111111111111100000000000000000000000
111111111111111111111111111100001111111111100000000000000000000000000000000000000000000000000000000000000000000011111111111111111100000111111111000000000000000000111111111000000000000000000000000000000000111000000000000000000000000000000000000011111000000000000000000000000000000000000000000000000000000000000000000000000000000000000000000001111110000000000000000000000000000000000000000000000000000000000000000000000000000000000000000000000000000000000000000000000000000000000000011111111111111111111
