State number: 0
00000000000000
00000000000010
00000000000110
00000000000100
00000000001110
00000000001100
00000000001000
00000000011110
00000000011100
00000000011000
00000000010000
00000000111110
00000000111100
00000000111000
00000000110000
00000000100000
00000001111110
00000001111100
00000001111000
00000001110000
00000001100000
00000001000000
00000011111110
00000011111100
00000011111000
00000011110000
00000011100000
00000011000000
00000010000000
00000111111110
00000111111100
00000111111000
00000111110000
00000111100000
00000111000000
00000110000000
00000100000000
00001111111110
00001111111100
00001111111000
00001111110000
00001111100000
00001111000000
00001110000000
00001100000000
00001000000000
00001011111110
00011111111110
00011111111100
00011111111000
00011111110000
00011111100000
00011111000000
00011110000000
00011100000000
00011000000000
00010000000000
00010111111100
00111111111110
00111111111100
00111111111000
00111111110000
00111111100000
00111111000000
00111110000000
00111100000000
00111000000000
00110000000000
00100000000000
00101111111000
01111111111110
01111111111100
01111111111000
01111111110000
01111111100000
01111111000000
01111110000000
01111100000000
01111000000000
01110000000000
01100000000000
01000000000000
01011111110000
11111111111110
11111111111100
11111111111000
11111111110000
11111111100000
11111111000000
11111111000110
11111110000000
11111110001100
11111100000000
11111100011000
11111000000000
11111000000010
11111000110000
11111000111110
11110000000000
11110000000100
11110000001110
11110000111110
11110001100000
11110001111100
11100000000000
11100000001110
11100000001000
11100000011110
11100000011100
11100001111100
11100011111000
11100011000000
11000000000000
11000000000010
11000000011100
11000000010000
11000000111110
11000000111100
11000000111000
11000011111110
11000011111000
11000111111110
11000111110000
11000110000000
10000011111110
10000000000000
10000000000110
10000000000100
10000000001110
10000000111110
10000000111000
10000000100000
10000001111110
10000001111100
10000001111000
10000001110000
10000111111100
10001111111110
10001111111100
10001111100000
10001100000000
10111111111110
10111111100000
000000000000000
000000000000010
000000000000110
000000000000100
000000000001110
000000000001100
000000000001000
000000000011110
000000000011100
000000000011000
000000000010000
000000000111110
000000000111100
000000000111000
000000000110000
000000000100000
000000001111110
000000001111100
000000001111000
000000001110000
000000001100000
000000001000000
000000011111110
000000011111100
000000011111000
000000011110000
000000011100000
000000011000000
000000010000000
000000111111110
000000111111100
000000111111000
000000111110000
000000111100000
000000111000000
000000110000000
000000100000000
000001111111110
000001111111100
000001111111000
000001111110000
000001111100000
000001111000000
000001110000000
000001100000000
000001000000000
000001011111110
000011111111110
000011111111100
000011111111000
000011111110000
000011111100000
000011111000000
000011110000000
000011100000000
000011000000000
000010000000000
000010111111100
000111111111110
000111111111100
000111111111000
000111111110000
000111111100000
000111111000000
000111110000000
000111100000000
000111000000000
000110000000000
000100000000000
000101111111000
001111111111110
001111111111100
001111111111000
001111111110000
001111111100000
001111111000000
001111110000000
001111100000000
001111000000000
001110000000000
001100000000000
001000000000000
001011111110000
011111111111110
011111111111100
011111111111000
011111111110000
011111111100000
011111111000000
011111110000000
011111100000000
011111000000000
011110000000000
011100000000000
011000000000000
010000000000000
010111111100000
111111111111110
111111111111100
111111111111000
111111111110000
111111111100000
111111111000000
111111111000110
111111110000000
111111110001100
111111100000000
111111100011000
111111000000000
111111000000010
111111000110000
111111000111110
111110000000000
111110000000100
111110000001110
111110000111110
111110001100000
111110001111100
111100000000000
111100000001110
111100000001000
111100000011110
111100000011100
111100001111100
111100011000000
111100011111000
111000000000000
111000000000010
111000000011100
111000000010000
111000000111110
111000000111100
111000000111000
111000011111110
111000011111000
111000111111110
111000111110000
111000110000000
110000011111110
110000000000000
110000000000110
110000000000100
110000000001110
110000000111110
110000000111000
110000000100000
110000001111110
110000001111100
110000001111000
110000001110000
110000111111100
110001111111110
110001111111100
110001111100000
110001100000000
110111111111110
100000111111110
100000111111100
100000000000000
100000000001110
100000000001100
100000000001000
100000000011110
100000000011100
100000000111110
100000001111100
100000001110000
100000001000000
100000011111110
100000011111100
100000011111000
100000011110000
100000011100000
100001111111000
100011111111100
100011111111110
100011111111000
100011111000000
100011000000000
101111111111110
101111111111100
101111111000000
distribution: P(0) = 0.969492	P(1) = 0.0305079	
transitions: T(0) = 0	T(1) = 1	
P(state): 0.55272

State number: 1
00000000000001
00000000000011
00000000000111
00000000000101
00000000001111
00000000001011
00000000011111
00000000010001
00000000010111
00000000111111
00000000100011
00000000101111
00000001111111
00000001100001
00000001000001
00000001000111
00000001011111
00000011111111
00000011000001
00000011000011
00000010000011
00000010001111
00000010111111
00000111111111
00000110000011
00000110000111
00000100000111
00000100011111
00000101111111
00001111111111
00001111100001
00001100000001
00001100000111
00001100001111
00001000000001
00001000001111
00001000111111
00011111111111
00011111100001
00011111000011
00011110000001
00011000000011
00011000001111
00011000011111
00010000000001
00010000000011
00010000011111
00010001111111
00111111111111
00111111100001
00111111100011
00111111000011
00111110000001
00111110000111
00111100000011
00110000000111
00110000011111
00110000111111
00100000000001
00100000000011
00100000000111
00100000111111
00100011111111
01111111111111
01111111110001
01111111000011
01111111000111
01111110000001
01111110000111
01111100000011
01111100001111
01111000000001
01111000000111
01100000001111
01100000000001
01100000111111
01100001111111
01000000000011
01000000000111
01000000001111
01000001111111
01000111111111
11111111111111
11111111111101
11111111111001
11111111111011
11111111110001
11111111110011
11111111110111
11111111100001
11111111100011
11111111100111
11111111101111
11111111000001
11111111000011
11111111000111
11111111001111
11111111011111
11111110000011
11111110000001
11111110000111
11111110001111
11111110011111
11111110111111
11111100000111
11111100000001
11111100000011
11111100001111
11111100011111
11111100111111
11111101111111
11111000001111
11111000000001
11111000000011
11111000000111
11111000011111
11111000111111
11111001111111
11111011111111
11110000011111
11110000000001
11110000000011
11110000000111
11110000001111
11110000111111
11110001111111
11110011111111
11110111111111
11100000111111
11100000000001
11100000000011
11100000000111
11100000001111
11100000011111
11100001111111
11100011111111
11100111111111
11101111111111
11000001111111
11000000000001
11000000000011
11000000000111
11000000001111
11000000011111
11000000111111
11000011111111
11000111111111
11001111111111
11011111111111
10000011111111
10000000000001
10000000000011
10000000000111
10000000001111
10000000011111
10000000111111
10000001111111
10000111111111
10001111111111
10011111111111
10111111111111
000000000000001
000000000000011
000000000000111
000000000000101
000000000001111
000000000001011
000000000011111
000000000010001
000000000010111
000000000111111
000000000100011
000000000101111
000000001111111
000000001100001
000000001000001
000000001000111
000000001011111
000000011111111
000000011000001
000000011000011
000000010000011
000000010001111
000000010111111
000000111111111
000000110000011
000000110000111
000000100000111
000000100011111
000000101111111
000001111111111
000001111100001
000001100000001
000001100000111
000001100001111
000001000000001
000001000001111
000001000111111
000011111111111
000011111100001
000011111000011
000011110000001
000011000000011
000011000001111
000011000011111
000010000000001
000010000000011
000010000011111
000010001111111
000111111111111
000111111100001
000111111000011
000111110000001
000111110000111
000111100000011
000110000000111
000110000011111
000110000111111
000100000000001
000100000000011
000100000000111
000100000111111
000100011111111
001111111111111
001111111110001
001111111000011
001111111000111
001111110000001
001111110000111
001111100000011
001111100001111
001111000000001
001111000000111
001100000001111
001100000000001
001100000111111
001100001111111
001000000000011
001000000000111
001000000001111
001000001111111
001000111111111
011111111111111
011111111100011
011111111000001
011111110000001
011111110000111
011111110001111
011111100000011
011111100001111
011111000000111
011111000011111
011110000000011
011110000001111
011100000000001
011000000011111
011000000000011
011000001111111
011000011111111
010000000000111
010000000001111
010000000011111
010000011111111
010001111111111
111111111111111
111111111111101
111111111111001
111111111111011
111111111110001
111111111110011
111111111110111
111111111100001
111111111100011
111111111100111
111111111101111
111111111000001
111111111000011
111111111000111
111111111001111
111111111011111
111111110000011
111111110000001
111111110000111
111111110001111
111111110011111
111111110111111
111111100000111
111111100000001
111111100000011
111111100001111
111111100011111
111111100111111
111111101111111
111111000001111
111111000000001
111111000000011
111111000000111
111111000011111
111111000111111
111111001111111
111111011111111
111110000011111
111110000000001
111110000000011
111110000000111
111110000001111
111110000111111
111110001111111
111110011111111
111110111111111
111100000111111
111100000000001
111100000000011
111100000000111
111100000001111
111100000011111
111100001111111
111100011111111
111100111111111
111101111111111
111000001111111
111000000000001
111000000000011
111000000000111
111000000001111
111000000011111
111000000111111
111000011111111
111000111111111
111001111111111
111011111111111
110000011111111
110000000000001
110000000000011
110000000000111
110000000001111
110000000011111
110000000111111
110000001111111
110000111111111
110001111111111
110011111111111
110111111111111
100000111111111
100000000000001
100000000000011
100000000000111
100000000001111
100000000011111
100000000111111
100000001111111
100000011111111
100001111111111
100011111111111
100111111111111
101111111111111
distribution: P(0) = 0.0378909	P(1) = 0.962109	
transitions: T(0) = 0	T(1) = 1	
P(state): 0.44728

