State number: 0
0000001111
0110001111
1111001111
1111101111
1110001111
1100001111
1000001111
00000001111
00110001111
01111001111
01111101111
01110001111
01000001111
11110001111
11111101111
11111001111
11100001111
11000001111
10000001111
distribution: P(0) = 0.051876	P(1) = 0.948124	
transitions: T(0) = 1	T(1) = 3	
P(state): 0.0472099

State number: 1
0000011110
0000001110
0000000110
0000000010
0000111110
0001111110
0011111110
0111111110
1111111110
1111100110
1110000010
1110000110
1100001110
1100111110
1000001110
1000000110
1000011110
1000111110
1001111110
00000111110
00000011110
00000001110
00000000010
00000000110
00001111110
00011111110
00111111110
01111111110
11110000010
11110000110
11111100110
11111111110
11100001110
11100111110
11000001110
11000000110
11000011110
11000111110
11001111110
10000011110
10000001110
10000000110
10000000010
10000111110
10001111110
10011111110
10111111110
distribution: P(0) = 0.995129	P(1) = 0.00487062	
transitions: T(0) = 9	T(1) = 11	
P(state): 0.0514905

State number: 2
0000000000
0010000000
0110000000
0100000000
1110000000
1100000000
1000000000
00000000000
00010000000
00110000000
00100000000
01110000000
01100000000
01000000000
11110000000
11100000000
11000000000
10000000000
distribution: P(0) = 0.826613	P(1) = 0.173387	
transitions: T(0) = 2	T(1) = 11	
P(state): 0.211875

State number: 3
0000011111
1111011111
1110011111
1100011111
1000011111
00000011111
01100011111
11110011111
11111011111
11100011111
11000011111
10000011111
distribution: P(0) = 0.0900136	P(1) = 0.909986	
transitions: T(0) = 1	T(1) = 4	
P(state): 0.045085

State number: 4
0000111111
0001111111
0011111111
0111111111
1111111111
1110111111
1100111111
1101111111
1000111111
1001111111
1011111111
00000111111
00001111111
00011111111
00111111111
01111111111
11110111111
11111111111
11100111111
11101111111
11000111111
11001111111
11011111111
10000111111
10001111111
10011111111
10111111111
distribution: P(0) = 0.160056	P(1) = 0.839944	
transitions: T(0) = 1	T(1) = 4	
P(state): 0.258869

State number: 5
0000100000
0001100000
0011100000
0111100000
1111100000
1001100000
00000100000
00001100000
00011100000
00111100000
01111100000
11111100000
11001100000
distribution: P(0) = 0.921648	P(1) = 0.0783519	
transitions: T(0) = 10	T(1) = 11	
P(state): 0.0461013

State number: 6
0000000111
0011000111
0111100111
0111110111
0111000111
0100000111
1111000111
1111110111
1111100111
1110000111
1100000111
1000000111
00000000111
00011000111
00111100111
00111110111
00111000111
00100000111
01111000111
01111100111
01110000111
11110000111
11111100111
11111110111
11111000111
11100000111
11000000111
10000000111
distribution: P(0) = 0.0340587	P(1) = 0.965941	
transitions: T(0) = 1	T(1) = 0	
P(state): 0.0488421

State number: 7
0000010000
0000110000
0001110000
0011110000
0111110000
1111110000
1100110000
00000110000
00000010000
00001110000
00011110000
00111110000
01111110000
11111110000
11100110000
10000010000
10000110000
distribution: P(0) = 0.951587	P(1) = 0.048413	
transitions: T(0) = 5	T(1) = 11	
P(state): 0.048103

State number: 8
0000011000
0000001000
0000111000
0001111000
0011111000
0111111000
1111111000
1110011000
1000001000
1000011000
00000111000
00000011000
00000001000
00001111000
00011111000
00111111000
01111111000
11110011000
11111111000
11000001000
11000011000
10000111000
10011111000
distribution: P(0) = 0.973791	P(1) = 0.026209	
transitions: T(0) = 7	T(1) = 11	
P(state): 0.0493656

State number: 9
0000011100
0000001100
0000000100
0000111100
0001111100
0011111100
0111111100
1111001100
1111111100
1100000100
1100001100
1000011100
1001111100
00000111100
00000011100
00000001100
00000000100
00001111100
00011111100
00111111100
01111111100
11111111100
11111001100
11100000100
11100001100
11000011100
11001111100
10000011100
10000001100
10000111100
10011111100
distribution: P(0) = 0.977418	P(1) = 0.0225816	
transitions: T(0) = 8	T(1) = 11	
P(state): 0.0504743

State number: 10
0001000000
0011000000
0111000000
1111000000
00001000000
00011000000
00111000000
01111000000
11111000000
10011000000
distribution: P(0) = 0.897037	P(1) = 0.102963	
transitions: T(0) = 2	T(1) = 11	
P(state): 0.0422518

State number: 11
0000000001
0000110001
0001111001
0001111101
0001110001
0001000001
0011110001
0011111001
0011100001
0111100001
0111111001
0111111101
0111110001
0111000001
0110000001
0100000001
1111000001
1111110001
1111111101
1111111001
1111100001
1110000001
1100000001
1000000001
00000110001
00000000001
00001111001
00001111101
00001110001
00001000001
00011110001
00011111001
00011100001
00111100001
00111111001
00111111101
00111110001
00111000001
00110000001
00100000001
01111000001
01111110001
01111111101
01111111001
01111100001
01110000001
01100000001
01000000001
11110000001
11111100001
11111111001
11111111101
11111110001
11111000001
11100000001
11000000001
10000000001
distribution: P(0) = 0.0122249	P(1) = 0.987775	
transitions: T(0) = 1	T(1) = 12	
P(state): 0.0504743

State number: 12
0000000011
0001100011
0011110011
0011111011
0011100011
0010000011
0111100011
0111110011
0111000011
1111000011
1111110011
1111111011
1111100011
1110000011
1100000011
1000000011
00000000011
00001100011
00011110011
00011111011
00011100011
00010000011
00111100011
00111110011
00111000011
01111000011
01111110011
01111111011
01111100011
01110000011
01100000011
01000000011
11110000011
11111100011
11111111011
11111110011
11111000011
11100000011
11000000011
10000000011
distribution: P(0) = 0.0210006	P(1) = 0.978999	
transitions: T(0) = 1	T(1) = 6	
P(state): 0.0498583

