000001111100000000000111111110000000011111111111000000000001111111111111100000000000001111000000111111111111111100000111111110000011111111111100001111100000000000111111100000000011111111100011110000000000000000011111111111100000111111111100000000000111111100000000001111111000000001111111110000000111111100000000011111111000000000000001111111111100000000000000000000000111111111110000000000000000111111111110000000011111111000001111110000000001111111100000000000000000000000000000000000011000000011110
000011111100000000000001111111000000000000000111111111000000000000000000000001111100000111111000000011111110000000000000111111110000000000000000000000111111000000111111111100000011111000000000111111111000000000111111000000001111111110000000000000000000011111111111100000011111111111110000000000000011111111111111000000000111111100000011111111110000000000111111111100000000000000000000000111111111111111111111111111100000000111111111111111111111100000000111111100000001111111000000011110001111111000000
000001111110000001111111000000000000000000000000000000011111111111111111111100000000000111111000000111111111111111111110000000000000110000011111111100000000111111100000000000001111111111111111111111100000111100000000000000001111111111111111111111111110000011111111000000011111111111000000000111100000000001111111000011111111111000111111111111000000111111000000000111111111111110000000000001111111000000000000000000000000000011111111111111111111110000000011111111000000000011111111111111111000111111110
000001111000000011110000111111100111111111100000011111111100000000011111111111111111111111111111111111111100000000011111111111000000000000000111111111110000011111111000000011111110000000011111111000000001111111011111111000000000110011111111110000111111111000000000000000011111111000000011111111111000000000001111111000011111111111100000000000000011111110000011111111000000000000000111111110000000000011111111111110000000000000111100011111100000011111111100000000000000000001111111000000010000000001110
111100000000000000011111111110000000000000001111000000000111111111000000000000000111111111000000000111111111100000000011110000001111111110000001111111111000000000000000000000000001111111110001111111111111111111100000000001111111110000111111111110000000000000000000000011111111111000000011111111000000000000000000111110000000111111111000000000111111111000111111100000000000000000000000011111000000000000000011111110000000000111111111111111100000000000111111111111111111111111111111111110000001111000000
000011100000000000000011111111000000000000111111111100000000000111111111111100000011111111110000000001111111000000000011111000000000011111111111000000000000000001111111111111000000000001111111111000000000000000011111111111111000000000001111111000000011111111111111111111011110000000000111111100000000011111111111111111110000000000000000000000000000111111111111111111111000111111000000111110000000000011111111000000000000000000000000000001111111111000000000111000000000000000111110000000111100000011110
111110000011110000000000000011111111111111111111000000000001111111111111111100000111111111111100000000000000000000011111111111111111000000000000000111111111110000001111111111000000011111110000000000011111111111111110000000000000000000000000011111111111111111111100000000000000000000111111000000000111111111000000000111111110000000011111100000000000111111111000000111111100000000000011111111111111111110000000000000001111111111111111111110000000001100000000001111111001111111111111100000000000010000000
000000000000001111111111111111000000000000000010000000000000000000000011111111111110000000000011111111111111111111000000000000000000001111111111111111000000001111111000000000000000000000001111111111000000000011000000111111111111111111111111111111111110000000000011110000000000111111111111000000000000000000111111111111011111111110000000001111111000000000000001111111111111111110000000111000000000011111111110000000000000000000001111111111111111111111111110111111111111011111111110000000000111111100000
111111111111100000000000001111111111111111111111110000000111111111111111110000000111111111111111111111111111111100000000001111111100000111110000000000000000000000011111111111111111111000000000000000000111111110000000001111111111100000000000111111110011111100001111111111110000000001111111000000000001110000000010000000111111111111111000000000001111111111111000000000111110000000000001111111110000000000000111111111000000000011111111111110000000000000001111110000000011111000000000010000000000111000000
111110000000001111000000000111111111100011111111110011111111111111111111111111111111100000001111111110000000000000000000000000000000111111100000001111111100000000011111111111111111111110000000001111111110000000000111111110000011111110000000011111100000111111111000000000111111111111100000000111111111110000000011111100000000111111111000000011111111100000000000000001111111110000000000000000111111111110000000000001111111111000000001111110000111111111000000000011111110000000000000001100000000110000000
111110000011111100111111111000000000000000001111111000000000000000000000000000000000000000000011111111111111111111110000000000000001111111111111111110000000000011111111111111111111111111111111100000000000011111000001111111111100000000001110000000000111111110000000111111111111110000000000001111000000001111111111111111111000000000000000001111111110000000111111111100000000000000000011111111111111100000000011111111000000011111111111111111111111111111111111100000000000111111111111111111111111111111110
111100000011111111111000000000011111111110000000001111111111111110000000000000000000001000000000000011100000000000000000000000111111110000001111111111111000000000000000001111111111111111100000000011111110000000011111111000000001111111100000000000000000001111000001111111111111111111100000000000000000011111111000000001111111111000000000110000111111111000001111111100000011111100000000000011111111111111111000000001111111100000000011111111111111111111111111111111111100011111111111111111111111011111110
111110000011111100000000111111111100000000000011111111111100000000000000011111111100000011111100000011111110000000000011111111111001111111111100000000010000000011111111000000111111111110000000011111100000000111111110000000001111111111000000000000111111111110000001111111100000001111111000011111111111000000000000000011111111100000000111110000001111111100000001111111100000000000011111111111000000000011000001111111100001111110000000000000000001111111000000000011000000000111110000011111100111111000000
000001111100000111110000000011111111111111111000000000001111110000001111111110000000011111111100000000001111111000000000001111111111111111110000011111110000000000000000000000000000011111111111111111111100000111111000000011111111111000111111111111111111111110000000111111111000000000011111111100000000000000111110000001111111000000001110000000001111111111111000000000001111111111111110000000000011111100000000000000000111111111111111110000000001111100001111111111111111000000111111111000000001111000000
000001111100000111110000001111111100000000000000000000111111000000000011111100000000111111111100000000000000000000001111111111100000000001111111111111111111000000000000000000000111111000000011111100001111111100000001111100000000111111111110000000111111100000001111111000000000011111111111111000000011111100000000111111100000000111111111111111110000000000001110000000001111111000000011111111000000000111111111111100011111111110000000111111111111100000000001111111111111000000000111111111111110000111110
111111100000000011111111111110000000000000000001111111110000000000011111111100000000000000000111111111111111110000000000011111111000000000001111111111100000001110000000000011111100000000111111111111100000000011111111000000111111111000111111000000000111111100000000011111111110000000000100000000000111111111111111111100000000000000001111110000000000111111111111111111111111000000000011111111000000001111111110001111110000000000000000000011111111111111111100111111111100011111111100000000011110000111110
111110000011110000000010000000011111111111111100000000000000000000000000111111111111111111000000000000000000001111111111000001111111111111000000000000000000001111111111111100000000000000001111111000000011111111111111111111111000000000011111111111111111110000000000000000011111111100000111111111111111111111111111111111100000000000000000000000011111111000000000111110000000111111100000001111100000000111100000000011111111111111111111000000011111111111000000111111111111111111111100000001111110001111110
000001111000000001111111111111100000000000000000000000011111111111111111110000000001111111000000000000000000111111111111111111111111111110000000011111110000000000010000000000001111111111111111000000011111110000000111111110000000111111000111111111000000111110000000000011111110000000011111111110000011111110000000111111111110000000000000111100000011111111111000000000011111111111111111000000000111111111000000000000000000011111111000000111111111100000000000011111111111111111000001111100000001110000000
000001111100000000000000111111100111111110000011111111111111110000111111111111110000000001111111111100000000111111110001111111111111100011111111111111100000000000000000001111111000000011111111000000000000001111111111111100000111110000000000000111111111110000111111110000000111111000000000000000000011111110000000111111000000000000111110000000000111111110000011111111000000000111111110001111111111111000000000000000011111111000000000000000000001111100000000001111100000000111111110000000000000110000000
111110000011111100011111000000011100000000000000001111111111111110000000000000000011111111111110000000011111111110000000000100000000000000000000111111111111111111111111111111110000000000111111000000001111111111111111110000000000111000000001111111111100000000111000000000001111111110000000000000000000001111110000011111111000001110000000000011111111111111111111111111111000000000000000000111111111000000000000000000000000000000111111111100001111111111111111100000000000000011111111000000000001111111110
000001111111111111100000000000000000011111100000000000000001111111111111110000000000001111100000000111111100000001111111111111111111000000000000000000000000111111111111111111000000000111111110000001111111111000000100000001111111100000000000001111000000001111110000000000000001111111110000000100000000001000000000011111110000111111111100000000000111000000000111111111111000000111111111111111000000001111111100000000001111111111111111111111110000000111111110000011111111111000000001111111111111111110000
111110000111000000111111111000000011111000000111111111000000011111111111000000000000000000011111111111111111111110000000000000000000000001111110000000111111110000000000001111110000011111111111111000000000000000000000011110000000000000000011111111111100000000000011111100000000111111111000000000011111111000000001111111110000000000001111111110000000000000011111000000011111111111111111000000000111111111111000000001111111111000000000000000000011111111111000000000111111111111000000000001111111110000000
111110000111100000000111111111000000001111111000000000011111110000111111110000000001111111100000000001111110000111111000000000000000000000011111111111000000000111111110000000001111111111111000000000111110000000111111111100000000000011111100011111111111111111100000001111111110000000000111111111111100000000111111111000000000001111110001111111111000000000001100000000001111111111111111111100000000111111111000000000000111111111111111111111111111111111111000111111111111100111111111111100000011111100000
000011111111111100000000000000000000001111111111111111111111000000000000000000000011111111111111000000000000000000000000000000111111111110000000011111100000000000000000000011111111111111111111111000000011100011111111110000011111110000000111111111111111000000000111111000000001111111110000000000011111111110000000000000000000000000111111000000000111111111111111111000000000001111111100000000001111111111111000000000000000000001111000000000111111111111111000000000000000011111100000011000000111111000000
000011111100000001111111100111111111111110000000000000000000000000000000000000001111111000111111000000011111111100000111100000000001111111110111111000000000000000000000111111111100000000111110000000000000000111111111111111110000011111111000000000000000000001111111111111111111111000000000000000000011111111111111111111000000000011100000000000011111111111111111111000000011111110000000000111111111111100000001111111111111100000000000000000011111111111111110000000000000001111111001111111000111111100000
000011111100000000000000111111000000000000000000000001111111110000000000011111111111111000000000000000000001111111000000001111111111100000000000111000000000000000111111111100011111110000000111111000000000011111111111000000111111100000000000000011111111110000000000000000011111111111111111100000000111111111000000011110000000000011111111000000000000011111111111000011111111111111111111111111111111100000000011111111111110000000001111100000000001110000000000000000011111110000000000011111111111101111110
111100000001111111111111111000000000000000000000000000111111111111000111111110000000000000000000001111111110000000001111111111110000000000011111110000000001111111110000000000000000001111111110000011111111000000001110000000011111111110000000001111111000000011111111000011000000000001111111111111111111111111111000000000000000000000000000111111110000000000111110000001111111100000001111111100000000000000001111111111000011111111111111111111100011111111111000000111111111111111111111111110000000000111110
111100000111100000000011111111110000001111111110000000000000000000001111100000001111100000000000111000000000000000000001111111111111111100000000000000000000000011111111111111000000000111111111111111100000001111111111111111000000000000000000000011111111111111111000011100000000011111000000111111100000000000111111110001111111111100000000011111111111110000000000000000011111111100000011111111100000000111111111111111111100000011111100000000111111111110000000001111111111111111100111111111000011111100000
000001111100000000000000111111000001111111111110000000000011111111111000000000111111111111111100000000000000000011111111000000000000000000000000000000000000001111111111111000000000011111111111111111111111111111110000000000001111111111111111111110000000011111100000001111111111100000000000000011111000000000011111110000001111111111111111111111110000000000011111111100000000111111111111111100000000011111111110000001110000000000000000111111110000000011111111111111111111000000111111000000111100000111110
111000000111111111111111111111111000000000000001111111000000001111111111111100000001000000000000111110000000000000000111111111111110000000000001111100000000011111111111111111111100011111111000000000001111111111111111100000000000001111111111111111110000111100000000000111111111100000000000000000000111111111111111111000000000000000000001111110000000011111111111100000011111111111111111111111111110000000000001000000001111111100000111111100000000000000000000000000000000000000000000000000000000000000000
111101111111110000000111000000000011111111000000011111111111111111000000000001111100000011111111110000000000000000000001111111101111100000000000000000000111111110000000111111111100000000011100011111111110000000111111111100000000000000111111000000000001111111111110000000111111111111111111111000000000000001111111111110111110000000000111111111100001110000000000000000000000111111111111111111111111000000000011111111111111111111000000000000000011111111000000011111110000000111111111110000000000011111110
111110000011111000001110000000011111100000011111111111110000000011111111100000011111111100000000000000000111111100001111111111111000000000000000111111111000000011111111000000000000001111111111111111111111111111111000000000011111111111111111111111100000000000000000001111111111111111111111100000000000000000000000111111111100000111111111000000000000011111100000111111111111110000000000000000011111000000011111111111111100000000000000000000001111111111000000011111111111100000000011000001111100000111110
000001111100000011111111111111000000111111000001111111111111111111111111111111111100000000000001111111111111111111111110000000000000000001111111110000011111111110000000000000000000111111100000100000001111111111000000000111000000000000111111111111100000000000000000001111111110000000000111111111000000001111111000000011111110000000011111110000000000000011111111110000000000111111111110000000000000011111111111111111111111100000000001111100000001111111100000111111000000000000000000000000011111111100000
000001111000000001111100000111111111111111100000001111110000000000001111111111111111111111111111111100000000000000000001100000111111111111111110000000000000000000000000000111111111000011111111000000000111100000001111111110000111111100000001111111110000000000111111111111111110000000000000111000000000111111111111111111000000000000000000111111111100000000000000011111110000000000001111111111100000000000000000111111000001111111111111111110000000000001111111111111110000011111111111110000000111111110000
111110000011111100000000000001111111000000011111100111111111111111111111111110000000011111111111111111111000000000011111111111100000000000000111111111000001111100000000000000000000000000001111111111111111111110000000111111111110000000000000000001111111000000011111111000000001111111110000000000111111100000111111110000111111111111000000011111111110000000000000000001111111111000000000011111111111000000000000000000000011100000000001111111111111111000000000000000001111111111111110000011111100000111110
000011111000000000000000001111111111111000000000111111110000000000011111111000000000000000000000011111111100000000000000000111111110000011111111100000000000000011111110000000001111111111111110000000000001111111111110000000000000000000011111111111111110000011111110000000001111111111111100000000000000001111111111111111111111111100000000000000000011111110000011111111110000000001000000000000111111111111111111111110000000000000000111111111111111111111111110011111110000001111111111111111111111111100000
000011111100111111000000000000000001110000001110000000000111111111111111100000000111111111111000000000000100000000111111111100011111111100000000011110000000000111111110000000111111111110000111111111111000000000000000011111111111111100000000011111110000011110000001111111100000011110000000111111111111111111100000001111111000000000000011111100000000001111111100000000001111111111111111111110000000000011111110000011111100000000011111000000000000111111111000000000001111111111111110000000111110000011110
000001111111111110000000000000001111111110000000000111111111111111111000000011111111111111110000000000011111100000011111111110000000001110000000000000000000000111111111111111111100000001111111110000000000011111111000000001111111100000000111111111111111111111100000000001111111111000011111111110000001111111000000000000000000000000001111111111000000000000000000011111111111111111100000000000001111110000000011111100000000001111111000000001111110000000000011111111110000000011111100001111111111111100000
111110000111111111110000000000000000011111111111111100000000000111111111111110000000000000000000000111111111111110000111111110000000000111111100000000001111111100000000000000100000000000000000111111110000011111111111111111111100000000111111000000000001111111110000000000000000111111111000000001111111111111111110000000000000011110000000111111111111111100000000000111111110000000000000000001111111110000001111111111111111111111111110000000000111111111111111111111110000000000011111000011111100000111110
111100000001111111000000001111111111111111111111111111110000000011111111100000000001110000111111110000000001111111100011111111000000011111000000000011111100000000001111111000000000011111111111111111111000000011111100000000000011111110000001111111111100000000000000011111110000000111111111000011111000000000001111111110000000011111100000000001111111111000000001111111111000000000000011111111111100000000000111111111111100000000001111111111100000000011111111111111111111111111110011111110000000111000000
111110000011111100011111100000000000000000011111111111111111111111111111100000000000011100000000001111111110000000001111111100000111111111111000000000111111110000000001111111111111111111111111111111000000000111110000011111111110000000000000111111111000111111000000011111111100000000001000000000001111111111000000001111111111100000000000001111111111111100000000000000111111100000000011100000011111111110000000000000000000001111111110000000000000000000000000000000000111111111000000000000000000000000110
000001111111000000000001111111111111111000000000000001111111111000000011111000111111111111000000111111111111110000000001111111111000000000000000001111111000000000110000000000000000011111111111111100000000111111000000000000000111111111000011111110000000111111110000000111111111000000000111111111111110000000000000000000001111111111111000000000001111111111111100000000000000000011111100000001111111100000000001111111110000000000000111111111111111110000111111100000000001111111111100000000000000000000000
111100000011100000001111111100000001111111111100000000000011111111100000000111111111111111111100000000000000000111111111111111000000000111111111000000000000000011111111111111000000011111110000000000100000011111111100000000001111111111100000001111111100000111111100000011111000000000111100000000111111111111000000000000000011111111100000111111111110000000000000000000001111111111111111111111000001111000000000000000000011111111110011111111111100000000000000001111111110000011111111111100000001111100000
111110001111111110000000000000000000000111111111111111111111110000000011111111110000011111111111111100000000000000000000000000111111111111100000000000011111111111000000001111100000000000000000000000000000111111110000000000000000011111111111111100000111111111000000001111110000000000111111111110000000000000000000000000000011111111111111000000000011111111111111100000000000011111111111000000000000111000000000000000000011111111000011111111111111100000000000000000000000001100000000111110000001111000000
111110000011111100001111110001111000000011111100000000000001111111111000000000000000000001111111111111111111111000000000011111110000000001111111111111111111111111111111110000000000000111111111111111110000000000001111111111111000011111111100000000000000001111111111111000000000111111110000000000000000000000111100000000111111111111100000000011111111111100000000000000000000111111110000000011111111111111000111110000000000011111111111111111100001111111111111000111111100000000000001111111000011111100000
000001111100000111111111111111000000000000000000011111111111111000001111111111100000000000000000000011111111111111111111111111111110000000000000000000000000111111111111001111111110000000000000011111111100000110000000000000000000000111111110000011111111110000000000000000111111111111111111100000000000000111111111000000001111111111111000000000000011111100000000011111000000001110000000011111111111111100000000000011111111000000001111111111000111111110000001111000000000011111111111000000111100000111110
000001000000011111110000000011111000001111111111000000000111111000001111111111000000111111100001111111111111111111111111111111100000000000111100000000011111111111111111000000000001111000000000111111111000000001111111111111000000111110000000111111111111111100000000001111111100000011111111110000011111100000000000011111111111111000000111111110000001111110000000011111000000000000000000000001111000000000000011111111110000000111111100111111111100000000000111111100000000000000000000000001111100000111110
000001111111100000000000011111110000000000000000000000000000000000000000000000000000000011111111111110000000000000000111111111111111111111111000000000000000111111100000000011111111111111000000011111111000000000000000001111111111110000011111111111100000000000111111100000000111111111000011111111100000011111111000001111000000000011111111111110000000001111111111100000000000011110000000011111111111111111111111111111000000111111000000000111111111000011111111111100000000011111111111111111111111111111110
111110000111111000000011100000000001111111110000001111111100000111111110000000111111110000001111111100000000011111111111100000000000011111110000000011111110000000000000000000111111111000000000111111111111100000000111111111111111111100011111111111100000000000000000000000111111111111111111111110000000000000011111111111111111111000000000011110000000001111110001111111111100000000000000000001000000000111111111000111111111100000000000111111111111111111111111111111111111111111111110000000111110000111110
111111000011110000000111110000000000000000001111111000000000000000001111111111111111111111100000111111100000000000111111111111111000011111111111100000000000111111111000000000000011110000000000011111111111111110000000011111111111000000000000111111111110000000000000000011111100000000111111111111000000000000111111100000001111111111100011110000000000011111110000001111111110000000000000000000000000000000001111111111111110000000000000011110000000001111111111111111110000000000000000000000111111110000000
000011111000000111111000000000000000000001111111111100000111111111111100000000000011111111110000000111111111000000000111111100000000000000000000111111111100000000000000111111111100000110000000001111111111110000000011111111110000000111111000000001111111000000000011111111111111111111111111111100000000001111000000000000000111111111111110000000000111111111100000000000000011111111111000000000000000000000000000011111111100000011110000000000011100000000000011111111100000000000111111000001111110000111110
111110000111100000000000111111111111100000000000000000000000000011100000011111111111111000000000000111111111111000000000111111110000000000011111110000000000011111111100000001111000000000111111111110000000001111111111110000000000111111100000000000011111111111110111111100000011111100000000000011111111111011111111111110000000000000000000000001111111111111111111111111110000000000000000111111110000011111111111000000000000000000000001111111111001111111111111111110000000011111111000000000011111111100000
000011111100000111000000011111100000000111111111110000011111111111100000000000000000000011111110000011111111100000000000000000000001111111000000000000000001111110000000011111111111001111111111111000000000011111111110000000000000000011111110000000011111110000000111111111110000000001111111111111111000000011111111110000000000001111100000000000000111111111011111111100000000000000011111100000000001111111100000000111111111110000000001111111111111000000001111111111111000000011111100000000000000000000000
111110000011111100000100000000000000001111111111111111111111000000000001111111111111111000000000011111111111000000000001111111111111111111111111111000000000000010000000011111111111111111100011111111100000000111111111111111110000000000000000000111111111100000000000001111111000011111111111000000001111111111110000000000111111111100000000000001111110000000000011111111111100000011111111000000011111111100000000111111111111111100000000000000000111110000000000000001111100011111000000000110000111111100000
111110000001111111111100000001111000000001111100000000111111111100000000111110000000000000001111111111111111000000000000000111000000011111110000000001111111000000011111111100001111111111100111111111000000000011111111111111100000000000011111111110000001111111111000000000000001111000000001111111110000000000000000011111111000000000000000000001111111100111111100000000011111111111100000000000001111111110000000000001111111111111111111110000000000000000000000000001111111111111000000001000000000000000000
111100000011111000111111100000011110000000011111111111111111111111111111000000000011111111000000000000011111111111100000000000000000000000001111111111111111111000000000000000011110000000011111110000011111110000000111111100000111111111100000000111111100000000011111111110011111110000000000111111111111111111111111111110000000000000111100000001111111110000000000000000000000000000000011111111111111000001111111111000000000111110000111111111111111111111111111111111111111111000111111000000111111111111110
111111000100000000111111100000000001111111110000001111111000000111111110011111111111100000001111111111000000000000111111111111111100000000011111110000000000000000000000111111111111100000000000111111111111110000000000000001111111000000000111111000001111111111111000000111111110000000000000000001111100011111111100000000000000111110000000111111111111000000000000000011111111100000000111111111111100000000000000011111111000000000001111111111100000000000000000000000001110000000000000000000000000000001110
000000111000011111111111111111110000000000001111111110001111000000011111111100000000000011111111110011111111111100000000011111100000000000000000000000011111111111000000000001111111111100001111111111100000000001111000000001111111000011111111000001111111111111110000000011111111110000000011111111111111000000000000001111111111110000000111111000000011111111110000000000011111111000000000011111111111111100000000000000000001111111000000000000000000111111111000000000000000000111111110000011111111000111110
000001111110011111110000000111111000001111000000000001111111111110000000000000000001111111111111110000000000000000000001111100000000011111000001111111100000000000111111110000000111111111000000001111111111111111100000000111111110000000011111100000000000000111111111111111111111000000000000000000000001111111111111110000000111000000000001111000000111111111100000000000000000001111111111111111110000000000000000000000000111111111111100000000000111110011110000001111111100000011000001111110000011111000000
000011111111000000000000000011111110000000000000111111111111111111111100000000000000000111111111100000111111111110000000000000000000000111000000000000011111110000000000000000000000000001111100000111111111111111111111111111111111111110000000000111111000000000000001111111111111111111000011111111111111111111111111110000000000000111100000000000111100011111110000000000000000000111111111111111111111111110000000000000011100000000001111111111111000000000000000111111111000011111111111111111101111111000000
000001111111000000011111000000001111111111111111111000000011000000001111111100001111111000000000111111111100001111111111000000000000000011111111110000000000000111111111100000000011111111110011111111100000000011110000000011110000111111111100000000111000000000011111111111111111111111111111111100000000000001111111111111111111100000000000011111110000000111111100000011111111111000000000011111111100001111111111111111100000000000000001111111111111111111111000000000000111111111111110000000111111000000110
000001111110001111100000001110000000111111111100000000001111111111111110000000000000000011111111111111111111100000001111111111000000000011111111111111111000000000011111111000000000000111111110000000000000000000000001111111111111111111111111111111000000000000100000000001111111000000000000011111111111111111111111111111100000000111111110000000001111111110000000000111100000000000000000111111111110000000000000111111111100000011111110000001110000000011111111111000000000000111111111111000000111111111110
000011111100000111100000000111100000000000011111110000000111111111000000000001111111111111000000000000000001111111110000011111111100000011111100011111111111000000000000000111111110000011111111111111001111111110000000011111111111100000000000000000111111111000000000111111111100000000001111110000000111111100000000111111110000000000001110000000111111111111111111110000001000000000001111111000000011111111110000000000000000011111100000000001111100000000000111110000000000000000000000000001100000000011110
111110000000100000000011111110001111111111110000011111111111111111000001111111111000011111100000111111100000000001111111111110000000000000011111000000000011111111111000000001111111111100000000000011111111111111100000000000111000000111111111111111111111111111111111100000000000000111111110000000001111111111110000000000111111111111100000000000000011111111110000000000000000111111100000000011111111111111000000001111111100000000111111111111111110000000001111111100000000000000111111110000000011111000000
000011111111000000000000011111111111111000000000000000011111111111111111111100000011111111111111111111000000000000000000000000011111111110000000000000000011111111000000001111111000000000111111111000001111111111000000001111100000000000000000001111111110000000011111100000011111111000001111111111110000011111100000000011111110000000000000000000000011111111111111111111111000000000000000000000011111111111111100000011111111000000000000011111111111111110000000011111111111111110011111111111111111111111110
111110001111110000000000011111111111111000000000011111111111111111111111000000000000000000000011111111111111110000000000000000000000000001111111100000000000011000000000000001111111111000000000111111100000111111111111111111111111100000000000111111111110000000000000000000000110000111111111110001110000000000111111111110001111111111000000000000000000001111111111111111000000000000000000000000000011111111111111111111111111000000000111111111111111000000000000001111111111111111111111111111110000000000000
