State number: 0
111111111111
111111111101
111111111001
111111111011
111111110001
111111110011
111111110111
111111100001
111111100011
111111100111
111111101111
111111000001
111111000011
111111000111
111111001111
111111011111
111110000001
111110000011
111110000111
111110001111
111110011111
111110111111
111100000011
111100000001
111100000111
111100001111
111100011111
111100111111
111101111111
111000000111
111000000011
111000000001
111000001111
111000011111
111000111111
111001111111
111011111111
110000001111
110000000111
110000000001
110000000011
110000011111
110000111111
110001111111
110011111111
110111111111
100000011111
100000001111
100000000001
100000000011
100000000111
100000111111
100001111111
100011111111
100111111111
101111111111
000000111111
000000011111
000000000001
000000000011
000000000111
000000001111
000001111111
000001110001
000011111111
000011110001
000011100011
000111111111
000111100011
000111000111
001111111111
001111111001
001111100001
001111000111
001110000001
001110001111
011111111111
011111110001
011111110011
011111100001
011111000001
011111000011
011110000001
011110001111
011100000011
011100011111
011000000001
1111111111111
1111111111101
1111111111001
1111111111011
1111111110001
1111111110011
1111111110111
1111111100001
1111111100011
1111111100111
1111111101111
1111111000001
1111111000011
1111111000111
1111111001111
1111111011111
1111110000001
1111110000011
1111110000111
1111110001111
1111110011111
1111110111111
1111100000011
1111100000001
1111100000111
1111100001111
1111100011111
1111100111111
1111101111111
1111000000111
1111000000011
1111000000001
1111000001111
1111000011111
1111000111111
1111001111111
1111011111111
1110000001111
1110000000111
1110000000001
1110000000011
1110000011111
1110000111111
1110001111111
1110011111111
1110111111111
1100000011111
1100000001111
1100000000001
1100000000011
1100000000111
1100000111111
1100001111111
1100011111111
1100111111111
1101111111111
1000000111111
1000000011111
1000000000001
1000000000011
1000000000111
1000000001111
1000001111111
1000011111111
1000111111111
1001111111111
1011111111111
0000001111111
0000001110001
0000000111111
0000000000001
0000000000011
0000000000111
0000000001111
0000000011111
0000011111111
0000011110001
0000011100011
0000111111111
0000111100011
0000111000111
0001111111111
0001111111001
0001111100001
0001111000111
0001110000001
0001110001111
0011111111111
0011111110001
0011111110011
0011111100001
0011111000001
0011111000011
0011110000001
0011110001111
0011100000011
0011100011111
0011000000001
0111111111001
0111111111111
0111111110001
0111111100011
0111111100111
0111111000001
0111111000011
0111110000001
0111110000011
0111110000111
0111100000001
0111100000011
0111100011111
0111000000111
0111000111111
0110000000011
0110000000001
distribution: P(0) = 0.0385262	P(1) = 0.961474	
transitions: T(0) = 1	T(1) = 0	
P(state): 0.529159

State number: 1
111111111110
111111111100
111111111000
111111110000
111111100000
111111100010
111111000000
111111000100
111110000000
111110001000
111100000000
111100000110
111100001110
111100011110
111100010000
111000000010
111000000000
111000001110
111000001100
111000011100
111000011110
111000111100
111000100000
110000000100
110000000110
110000000000
110000011100
110000011000
110000111000
110000111110
110000111100
110001111000
110001000000
110011111110
100000011110
100000001000
100000001110
100000001100
100000000000
100000000110
100000111110
100000111000
100000110000
100001110000
100001111100
100001111000
100011111110
100011110000
100010000000
100111111110
100111111100
000000111110
000000111100
000000111000
000000110000
000000100000
000000010000
000000011110
000000011100
000000011000
000000000000
000000000010
000000000100
000000000110
000000001000
000000001110
000000001100
000001111110
000001111100
000001111000
000001110000
000001100000
000001000000
000011111110
000011111100
000011111000
000011110000
000011100000
000011000000
000010000000
000111111110
000111111100
000111111000
000111110000
000111100000
000111000000
000110000000
000100000000
001111111110
001111111100
001111111000
001111110000
001111100000
001111000000
001110000000
001100000000
001000000000
011111111100
011111111110
011111111000
011111110000
011111100000
011111000000
011110000000
011100000000
011000000000
010000000000
1111111111110
1111111111100
1111111111000
1111111110000
1111111100000
1111111100010
1111111000000
1111111000100
1111110000000
1111110001000
1111100000000
1111100000110
1111100001110
1111100011110
1111100010000
1111000000010
1111000000000
1111000001110
1111000001100
1111000011100
1111000011110
1111000111100
1111000100000
1110000000100
1110000000110
1110000000000
1110000011100
1110000011000
1110000111000
1110000111110
1110000111100
1110001111000
1110001000000
1110011111110
1100000011110
1100000001000
1100000001110
1100000001100
1100000000000
1100000111110
1100000111000
1100000110000
1100001110000
1100001111100
1100001111000
1100011111110
1100011110000
1100010000000
1100111111110
1100111111100
1000000111100
1000000010000
1000000011110
1000000011100
1000000011000
1000000000000
1000000001100
1000001111110
1000001111100
1000001110000
1000001100000
1000011100000
1000011111110
1000011111000
1000011110000
1000111111110
1000111111100
1000111100000
1000100000000
1001111111110
1001111111100
1001111111000
0000001111110
0000001111100
0000001111000
0000001110000
0000001100000
0000001000000
0000000100000
0000000111110
0000000111100
0000000111000
0000000110000
0000000000000
0000000000010
0000000000100
0000000000110
0000000001000
0000000001110
0000000001100
0000000010000
0000000011110
0000000011100
0000000011000
0000011111110
0000011111100
0000011111000
0000011110000
0000011100000
0000011000000
0000010000000
0000111111110
0000111111100
0000111111000
0000111110000
0000111100000
0000111000000
0000110000000
0000100000000
0001111111110
0001111111100
0001111111000
0001111110000
0001111100000
0001111000000
0001110000000
0001100000000
0001000000000
0011111111100
0011111111110
0011111111000
0011111110000
0011111100000
0011111000000
0011110000000
0011100000000
0011000000000
0010000000000
0111111111000
0111111111110
0111111111100
0111111110000
0111111100000
0111111000000
0111110000000
0111100000000
0111000000000
0110000000000
0100000000000
distribution: P(0) = 0.956957	P(1) = 0.0430429	
transitions: T(0) = 1	T(1) = 0	
P(state): 0.470841

