State number: 0
000001111101
000001000001
000000000001
000000011101
000000010001
000000100001
000011111101
000011111001
000011110001
000011100001
000111111001
000111111101
000111110001
000111100001
000111000001
000110000001
000100000001
001111110001
001111111101
001111111001
001111100001
001111000001
001110000001
001000000001
011111100001
011111111001
011111110001
011111000001
011110000001
011100000001
011000000001
010000000001
111111000001
111111111101
111111111001
111111110001
111111100001
111110000001
111100000001
111000000001
110000000001
100000000001
100011111001
0000011111101
0000011111001
0000011110001
0000011100001
0000000000001
0000000011101
0000000010001
0000000100001
0000001111101
0000001000001
0000111111001
0000111111101
0000111110001
0000111100001
0000111000001
0000110000001
0000100000001
0001111110001
0001111111101
0001111111001
0001111100001
0001111000001
0001110000001
0001000000001
0011111100001
0011111111001
0011111110001
0011111000001
0011110000001
0011100000001
0011000000001
0010000000001
0111111000001
0111111111001
0111111110001
0111111100001
0111110000001
0111100000001
0111000000001
0110000000001
0100000000001
1111110000001
1111111111101
1111111111001
1111111110001
1111111100001
1111111000001
1111100000001
1111000000001
1110000000001
1100000000001
1100011111001
1000000000001
distribution: P(0) = 0.0121803	P(1) = 0.98782	
transitions: T(0) = 1	T(1) = 8	
P(state): 0.0508349

State number: 1
000001111110
000000000010
000000000110
000000001110
000000011110
000000111110
000011111110
000111111110
001111111110
011111111110
111111111110
111110000010
111110000110
111110001110
111110011110
111100000010
111100000110
111100001110
111100011110
111100111110
111000000010
111000000110
111000001110
111000011110
111000111110
111001111110
111011111110
110000000010
110000000110
110000001110
110000011110
110000111110
110001111110
110011111110
110111111110
100000000010
100000000110
100000001110
100000011110
100000111110
100001111110
100011111110
100111111110
101111111110
0000011111110
0000000000010
0000000000110
0000000001110
0000000011110
0000000111110
0000001111110
0000111111110
0001111111110
0011111111110
0111111111110
0100000001110
1111110000010
1111110000110
1111110001110
1111110011110
1111111111110
1111100000010
1111100000110
1111100001110
1111100011110
1111100111110
1111000000010
1111000000110
1111000001110
1111000011110
1111000111110
1111001111110
1111011111110
1110000000010
1110000000110
1110000001110
1110000011110
1110000111110
1110001111110
1110011111110
1110111111110
1100000000010
1100000000110
1100000001110
1100000011110
1100000111110
1100001111110
1100011111110
1100111111110
1101111111110
1000000000010
1000000000110
1000000001110
1000000011110
1000000111110
1000001111110
1000011111110
1000111111110
1001111111110
1011111111110
distribution: P(0) = 0.989634	P(1) = 0.0103659	
transitions: T(0) = 11	T(1) = 0	
P(state): 0.0517625

State number: 2
000000000000
000010000000
000110000000
000100000000
001110000000
001100000000
001000000000
011110000000
011100000000
011000000000
010000000000
111110000000
111100000000
111000000000
110000000000
100000000000
0000010000000
0000000000000
0000110000000
0000100000000
0001110000000
0001100000000
0001000000000
0011110000000
0011100000000
0011000000000
0010000000000
0111110000000
0111100000000
0111000000000
0110000000000
0100000000000
1111110000000
1111100000000
1111000000000
1110000000000
1100000000000
1000000000000
distribution: P(0) = 0.82347	P(1) = 0.17653	
transitions: T(0) = 2	T(1) = 0	
P(state): 0.20974

State number: 3
000000011111
000111011111
000100011111
001000011111
011111011111
010000011111
111111011111
111110011111
111100011111
111000011111
110000011111
100000011111
0000000011111
0000111011111
0000100011111
0001000011111
0011111011111
0010000011111
0111111011111
0111110011111
0111100011111
0111000011111
1111110011111
1111111011111
1111100011111
1111000011111
1110000011111
1100000011111
1000000011111
distribution: P(0) = 0.0953678	P(1) = 0.904632	
transitions: T(0) = 1	T(1) = 12	
P(state): 0.0453927

State number: 4
000001100000
000000100000
000011100000
000111100000
001111100000
011111100000
111111100000
100000100000
100001100000
100011100000
100111100000
0000011100000
0000000100000
0000001100000
0000111100000
0001111100000
0011111100000
0111111100000
1111111100000
1100000100000
1100001100000
1100011100000
1100111100000
1000000100000
1000001100000
1000011100000
1000111100000
distribution: P(0) = 0.915832	P(1) = 0.0841683	
transitions: T(0) = 13	T(1) = 0	
P(state): 0.0465677

State number: 5
000001111111
000011111111
000111111111
001111111111
011111111111
011101111111
010001111111
111111111111
111101111111
111001111111
111011111111
110001111111
110011111111
110111111111
100001111111
100011111111
100111111111
101111111111
0000011111111
0000001111111
0000111111111
0001111111111
0011111111111
0011101111111
0010001111111
0111111111111
0111011111111
0100001111111
0100011111111
1111111111111
1111101111111
1111001111111
1111011111111
1110001111111
1110011111111
1110111111111
1100001111111
1100011111111
1100111111111
1101111111111
1000001111111
1000011111111
1000111111111
1001111111111
1011111111111
distribution: P(0) = 0.171111	P(1) = 0.828889	
transitions: T(0) = 1	T(1) = 5	
P(state): 0.21376

State number: 6
000000001111
000011101111
000010001111
000100001111
001111101111
001000001111
011111101111
011111001111
011110001111
011100001111
111111001111
111111101111
111110001111
111100001111
111000001111
110000001111
100000001111
0000011101111
0000010001111
0000000001111
0000100001111
0001111101111
0001000001111
0011111101111
0011111001111
0011110001111
0011100001111
0111111001111
0111111101111
0111110001111
0111100001111
0111000001111
0110000001111
0100000001111
1111110001111
1111111101111
1111111001111
1111100001111
1111000001111
1110000001111
1100000001111
1000000001111
distribution: P(0) = 0.0604994	P(1) = 0.939501	
transitions: T(0) = 1	T(1) = 3	
P(state): 0.0483302

State number: 7
000001110111
000001000111
000000000111
000010000111
000111110111
000100000111
001111110111
001111100111
001111000111
001110000111
011111100111
011111110111
011111000111
011110000111
011100000111
011000000111
010000000111
111111000111
111111110111
111111100111
111110000111
111100000111
111000000111
110000000111
100000000111
0000010000111
0000000000111
0000001110111
0000001000111
0000111110111
0000100000111
0001111110111
0001111100111
0001111000111
0001110000111
0011111100111
0011111110111
0011111000111
0011110000111
0011100000111
0011000000111
0010000000111
0111111000111
0111111110111
0111111100111
0111110000111
0111100000111
0111000000111
0100000000111
1111110000111
1111111110111
1111111100111
1111111000111
1111100000111
1111000000111
1110000000111
1100000000111
1000000000111
distribution: P(0) = 0.0308027	P(1) = 0.969197	
transitions: T(0) = 1	T(1) = 6	
P(state): 0.0497835

State number: 8
000001000011
000000000011
000000111011
000000100011
000011111011
000010000011
000111111011
000111110011
000111100011
000111000011
001111110011
001111111011
001111100011
001111000011
001110000011
001100000011
001000000011
011111100011
011111111011
011111110011
011111000011
011110000011
011100000011
010000000011
111111000011
111111111011
111111110011
111111100011
111110000011
111100000011
111000000011
110000000011
100000000011
0000011111011
0000010000011
0000000000011
0000000111011
0000000100011
0000001000011
0000111111011
0000111110011
0000111100011
0000111000011
0001111110011
0001111111011
0001111100011
0001111000011
0001110000011
0001100000011
0001000000011
0011111100011
0011111111011
0011111110011
0011111000011
0011110000011
0011100000011
0010000000011
0111111000011
0111111110011
0111111100011
0111110000011
0111100000011
0111000000011
0110000000011
0100000000011
1111110000011
1111111111011
1111111110011
1111111100011
1111111000011
1111100000011
1111000000011
1110000000011
1100000000011
1000000000011
1000111110011
distribution: P(0) = 0.0190242	P(1) = 0.980976	
transitions: T(0) = 1	T(1) = 7	
P(state): 0.0505566

State number: 9
000001110000
000000010000
000000110000
000011110000
000111110000
001111110000
011111110000
111111110000
110000010000
110000110000
110001110000
110011110000
100000010000
100000110000
100001110000
100011110000
0000011110000
0000000010000
0000000110000
0000001110000
0000111110000
0001111110000
0011111110000
0111111110000
1111111110000
1110000010000
1110000110000
1110001110000
1110011110000
1100000010000
1100000110000
1100001110000
1100011110000
1000000010000
1000000110000
1000001110000
1000011110000
1000111110000
1011111110000
distribution: P(0) = 0.957711	P(1) = 0.0422893	
transitions: T(0) = 4	T(1) = 0	
P(state): 0.0487322

State number: 10
000001111000
000000001000
000000011000
000000111000
000011111000
000111111000
001111111000
011111111000
111111111000
111000001000
111000011000
111000111000
111001111000
110000001000
110000011000
110000111000
110001111000
100000001000
100000011000
100000111000
100001111000
100011111000
101111111000
0000011111000
0000000001000
0000000011000
0000000111000
0000001111000
0000111111000
0001111111000
0011111111000
0111111111000
1111111111000
1111000001000
1111000011000
1111000111000
1111001111000
1110000001000
1110000011000
1110000111000
1110001111000
1100000001000
1100000011000
1100000111000
1100001111000
1100011111000
1101111111000
1000000001000
1000000011000
1000000111000
1000001111000
1000011111000
1000111111000
1001111111000
1011111111000
distribution: P(0) = 0.969744	P(1) = 0.0302563	
transitions: T(0) = 9	T(1) = 0	
P(state): 0.0502474

State number: 11
000001111100
000000000100
000000001100
000000011100
000000111100
000011111100
000111111100
001111111100
011111111100
111111111100
111100000100
111100001100
111100011100
111100111100
111000000100
111000001100
111000011100
111000111100
110000000100
110000001100
110000011100
110000111100
110001111100
110111111100
100000000100
100000001100
100000011100
100000111100
100001111100
100011111100
100111111100
101111111100
0000011111100
0000000000100
0000000001100
0000000011100
0000000111100
0000001111100
0000111111100
0001111111100
0011111111100
0111111111100
1111111111100
1111100000100
1111100001100
1111100011100
1111100111100
1111000000100
1111000001100
1111000011100
1111000111100
1110000000100
1110000001100
1110000011100
1110000111100
1110001111100
1110111111100
1100000000100
1100000001100
1100000011100
1100000111100
1100001111100
1100011111100
1100111111100
1101111111100
1000000000100
1000000001100
1000000011100
1000000111100
1000001111100
1000011111100
1000111111100
1001111111100
1011111111100
distribution: P(0) = 0.982869	P(1) = 0.0171306	
transitions: T(0) = 10	T(1) = 0	
P(state): 0.0508349

State number: 12
000000111111
001110111111
001000111111
010000111111
111110111111
111100111111
111000111111
110000111111
100000111111
0000000111111
0001110111111
0001000111111
0010000111111
0111110111111
0100000111111
1111110111111
1111100111111
1111000111111
1110000111111
1100000111111
1000000111111
distribution: P(0) = 0.113705	P(1) = 0.886295	
transitions: T(0) = 1	T(1) = 5	
P(state): 0.0410637

State number: 13
000001000000
000011000000
000111000000
001111000000
011111000000
111111000000
0000011000000
0000001000000
0000111000000
0001111000000
0011111000000
0111111000000
1111111000000
1000001000000
1000011000000
1000111000000
1001111000000
distribution: P(0) = 0.891832	P(1) = 0.108168	
transitions: T(0) = 2	T(1) = 0	
P(state): 0.0423933

