State number: 0
1111111
1111101
1111001
1111011
1110001
1110011
1110111
1100001
1100011
1100111
1101111
1000001
1000011
1000111
1001111
1011111
0000001
0000011
0000111
0001111
0011111
0111111
11111111
11111101
11111001
11111011
11110001
11110011
11110111
11100001
11100011
11100111
11101111
11000001
11000011
11000111
11001111
11011111
10000001
10000011
10000111
10001111
10011111
10111111
00000011
00000001
00000111
00001111
00011111
00111111
01111111
01110001
distribution: P(0) = 0.0385001	P(1) = 0.9615	
transitions: T(0) = 1	T(1) = 0	
P(state): 0.528987

State number: 1
1111110
1111100
1111000
1110000
1100000
1100010
1000000
1000100
0000000
0000010
0000110
0000100
0001110
0001100
0001000
0011110
0011100
0011000
0010000
0111110
0111100
0111000
0110000
0100000
11111110
11111100
11111000
11110000
11100000
11100010
11000000
11000100
10000000
10001000
00000010
00000000
00000110
00000100
00001110
00001100
00001000
00011110
00011100
00011000
00010000
00111110
00111100
00111000
00110000
00100000
01111110
01111100
01111000
01110000
01100000
01000000
distribution: P(0) = 0.956965	P(1) = 0.0430347	
transitions: T(0) = 1	T(1) = 0	
P(state): 0.471013

