State number: 0
11111111
11111101
11111001
11111011
11110001
11110011
11110111
11100001
11100011
11100111
11101111
11000001
11000011
11000111
11001111
11011111
10000001
10000011
10000111
10001111
10011111
10111111
00000011
00000001
00000111
00001111
00011111
00111111
01111111
01110001
111111111
111111101
111111001
111111011
111110001
111110011
111110111
111100001
111100011
111100111
111101111
111000001
111000011
111000111
111001111
111011111
110000001
110000011
110000111
110001111
110011111
110111111
100000011
100000001
100000111
100001111
100011111
100111111
101111111
000000111
000000011
000000001
000001111
000011111
000111111
001111111
001110001
011111111
011110001
011100011
distribution: P(0) = 0.0385067	P(1) = 0.961493	
transitions: T(0) = 1	T(1) = 0	
P(state): 0.529046

State number: 1
11111110
11111100
11111000
11110000
11100000
11100010
11000000
11000100
10000000
10001000
00000010
00000000
00000110
00000100
00001110
00001100
00001000
00011110
00011100
00011000
00010000
00111110
00111100
00111000
00110000
00100000
01111110
01111100
01111000
01110000
01100000
01000000
111111110
111111100
111111000
111110000
111100000
111100010
111000000
111000100
110000000
110001000
100000000
100000110
100001110
100011110
100010000
000000110
000000100
000000010
000000000
000001110
000001100
000001000
000011110
000011100
000011000
000010000
000111110
000111100
000111000
000110000
000100000
001111110
001111100
001111000
001110000
001100000
001000000
011111110
011111100
011111000
011110000
011100000
011000000
010000000
distribution: P(0) = 0.956964	P(1) = 0.0430359	
transitions: T(0) = 1	T(1) = 0	
P(state): 0.470954

