State number: 0
1111111111
1111111101
1111111001
1111111011
1111110001
1111110011
1111110111
1111100001
1111100011
1111100111
1111101111
1111000001
1111000011
1111000111
1111001111
1111011111
1110000001
1110000011
1110000111
1110001111
1110011111
1110111111
1100000011
1100000001
1100000111
1100001111
1100011111
1100111111
1101111111
1000000111
1000000011
1000000001
1000001111
1000011111
1000111111
1001111111
1011111111
0000001111
0000000111
0000000001
0000000011
0000011111
0000111111
0001111111
0001110001
0011111111
0011110001
0011100011
0111111111
0111100011
0111000111
11111111111
11111111101
11111111001
11111111011
11111110001
11111110011
11111110111
11111100001
11111100011
11111100111
11111101111
11111000001
11111000011
11111000111
11111001111
11111011111
11110000001
11110000011
11110000111
11110001111
11110011111
11110111111
11100000011
11100000001
11100000111
11100001111
11100011111
11100111111
11101111111
11000000111
11000000011
11000000001
11000001111
11000011111
11000111111
11001111111
11011111111
10000001111
10000000111
10000000001
10000000011
10000011111
10000111111
10001111111
10011111111
10111111111
00000011111
00000001111
00000000001
00000000011
00000000111
00000111111
00001111111
00001110001
00011111111
00011110001
00011100011
00111111111
00111100011
00111000111
01111111111
01111111001
01111100001
01111000111
01110000001
01110001111
distribution: P(0) = 0.0385153	P(1) = 0.961485	
transitions: T(0) = 1	T(1) = 0	
P(state): 0.529102

State number: 1
1111111110
1111111100
1111111000
1111110000
1111100000
1111100010
1111000000
1111000100
1110000000
1110001000
1100000000
1100000110
1100001110
1100011110
1100010000
1000000010
1000000000
1000001110
1000001100
1000011100
1000011110
1000111100
1000100000
0000001110
0000001100
0000001000
0000000100
0000000110
0000000000
0000000010
0000011110
0000011100
0000011000
0000010000
0000111110
0000111100
0000111000
0000110000
0000100000
0001111110
0001111100
0001111000
0001110000
0001100000
0001000000
0011111110
0011111100
0011111000
0011110000
0011100000
0011000000
0010000000
0111111110
0111111100
0111111000
0111110000
0111100000
0111000000
0110000000
0100000000
11111111110
11111111100
11111111000
11111110000
11111100000
11111100010
11111000000
11111000100
11110000000
11110001000
11100000000
11100000110
11100001110
11100011110
11100010000
11000000010
11000000000
11000001110
11000001100
11000011100
11000011110
11000111100
11000100000
10000000100
10000000110
10000000000
10000011100
10000011000
10000111000
10000111110
10000111100
10001111000
10001000000
10011111110
00000011110
00000011100
00000011000
00000010000
00000001000
00000001110
00000001100
00000000000
00000000010
00000000100
00000000110
00000111110
00000111100
00000111000
00000110000
00000100000
00001111110
00001111100
00001111000
00001110000
00001100000
00001000000
00011111110
00011111100
00011111000
00011110000
00011100000
00011000000
00010000000
00111111110
00111111100
00111111000
00111110000
00111100000
00111000000
00110000000
00100000000
01111111110
01111111100
01111111000
01111110000
01111100000
01111000000
01110000000
01100000000
01000000000
distribution: P(0) = 0.956961	P(1) = 0.0430385	
transitions: T(0) = 1	T(1) = 0	
P(state): 0.470898

