State number: 0
00000100001
00000000001
00001111101
00001110001
00011110001
00011100001
00011000001
00111110001
00111111001
00111111101
00111100001
00111000001
00110000001
00100000001
01111100001
01111110001
01111111101
01111111001
01111000001
01110000001
01100000001
01000000001
11111000001
11111100001
11111111001
11111111101
11111110001
11110000001
11100000001
11000000001
10000000001
000001111101
000001110001
000000000001
000000100001
000011110001
000011100001
000011000001
000111110001
000111111001
000111111101
000111100001
000111000001
000110000001
000100000001
001111100001
001111110001
001111111101
001111111001
001111000001
001110000001
001100000001
001000000001
011111000001
011111100001
011111111001
011111111101
011111110001
011110000001
011100000001
011000000001
010000000001
111110000001
111111000001
111111110001
111111111001
111111111101
111111100001
111100000001
111000000001
110000000001
100000000001
distribution: P(0) = 0.0131894	P(1) = 0.986811	
transitions: T(0) = 1	T(1) = 9	
P(state): 0.051688

State number: 1
00000111110
00000000110
00000000010
00000001110
00000011110
00001111110
00011111110
00111111110
01111111110
11111001110
11111111110
11110000110
11110111110
11100001110
11100000010
11100000110
11100011110
11100111110
11101111110
11000011110
11000000010
11000000110
11000001110
11000111110
11011111110
10000111110
10000000010
10000000110
10000001110
10000011110
10001111110
10011111110
10111111110
000001111110
000000001110
000000000110
000000000010
000000011110
000000111110
000011111110
000111111110
001111111110
011111111110
111110000110
111110111110
111111001110
111111111110
111100001110
111100000010
111100000110
111100011110
111100111110
111101111110
111000011110
111000000010
111000000110
111000001110
111000111110
111011111110
110000111110
110000000010
110000000110
110000001110
110000011110
110001111110
110011111110
110111111110
100001111110
100000000110
100000000010
100000001110
100000011110
100000111110
100011111110
100111111110
distribution: P(0) = 0.993448	P(1) = 0.00655152	
transitions: T(0) = 12	T(1) = 0	
P(state): 0.0528297

State number: 2
00000000000
00010000000
00110000000
00100000000
01110000000
01100000000
01000000000
11110000000
11100000000
11000000000
10000000000
000000000000
000010000000
000110000000
000100000000
001110000000
001100000000
001000000000
011110000000
011100000000
011000000000
010000000000
111110000000
111100000000
111000000000
110000000000
100000000000
distribution: P(0) = 0.817851	P(1) = 0.182149	
transitions: T(0) = 2	T(1) = 0	
P(state): 0.208356

State number: 3
00000111111
11110111111
11100111111
11000111111
10000111111
000000111111
010000111111
111110111111
111100111111
111000111111
110000111111
100000111111
distribution: P(0) = 0.110015	P(1) = 0.889985	
transitions: T(0) = 1	T(1) = 4	
P(state): 0.0422761

State number: 4
00001111111
11101111111
11001111111
10001111111
000001111111
111101111111
111001111111
110001111111
100001111111
distribution: P(0) = 0.158347	P(1) = 0.841653	
transitions: T(0) = 1	T(1) = 14	
P(state): 0.0378016

State number: 5
00000100000
00001100000
00011100000
00111100000
01111100000
11111100000
10011100000
000001100000
000000100000
000011100000
000111100000
001111100000
011111100000
111111100000
110011100000
100001100000
101111100000
distribution: P(0) = 0.9247	P(1) = 0.0753002	
transitions: T(0) = 16	T(1) = 0	
P(state): 0.0478615

State number: 6
00111111111
10111111111
000111111111
110111111111
100111111111
distribution: P(0) = 0.248184	P(1) = 0.751816	
transitions: T(0) = 1	T(1) = 15	
P(state): 0.0254891

State number: 7
00000001111
00100001111
01111101111
01110001111
11111001111
11111101111
11110001111
11100001111
11000001111
10000001111
000000001111
000100001111
001111101111
001110001111
011110001111
011100001111
011000001111
111110001111
111111001111
111111101111
111100001111
111000001111
110000001111
100000001111
distribution: P(0) = 0.0511202	P(1) = 0.94888	
transitions: T(0) = 1	T(1) = 13	
P(state): 0.0489107

State number: 8
00000000111
00010000111
00111110111
00111000111
01111000111
01110000111
01100000111
11111000111
11111100111
11111110111
11110000111
11100000111
11000000111
10000000111
000000000111
000010000111
000111110111
000111000111
001111000111
001110000111
001100000111
011111000111
011111100111
011111110111
011110000111
011100000111
011000000111
010000000111
111110000111
111111000111
111111110111
111111100111
111100000111
111000000111
110000000111
100000000111
distribution: P(0) = 0.0288167	P(1) = 0.971183	
transitions: T(0) = 1	T(1) = 7	
P(state): 0.0503302

State number: 9
00000000011
00001000011
00011111011
00011100011
00111100011
00111000011
00110000011
01111100011
01111110011
01111111011
01111000011
01110000011
01100000011
01000000011
11111000011
11111100011
11111111011
11111110011
11110000011
11100000011
11000000011
10000000011
000001000011
000000000011
000011111011
000011100011
000111100011
000111000011
000110000011
001111100011
001111110011
001111111011
001111000011
001110000011
001100000011
001000000011
011111000011
011111100011
011111111011
011111110011
011110000011
011100000011
011000000011
010000000011
111110000011
111111000011
111111110011
111111111011
111111100011
111100000011
111000000011
110000000011
100000000011
distribution: P(0) = 0.0186972	P(1) = 0.981303	
transitions: T(0) = 1	T(1) = 8	
P(state): 0.0512868

State number: 10
00000110000
00000010000
00001110000
00011110000
00111110000
01111110000
11111110000
11001110000
10000110000
10111110000
000001110000
000000010000
000000110000
000011110000
000111110000
001111110000
011111110000
111111110000
111001110000
110000110000
110111110000
100001110000
100000010000
100000110000
100011110000
100111110000
101111110000
distribution: P(0) = 0.962135	P(1) = 0.0378647	
transitions: T(0) = 5	T(1) = 0	
P(state): 0.0497439

State number: 11
00000111000
00000001000
00000011000
00001111000
00011111000
00111111000
01111111000
11111111000
11100111000
11000011000
11011111000
10000111000
10000001000
10000011000
10001111000
10011111000
10111111000
000001111000
000000001000
000000011000
000000111000
000011111000
000111111000
001111111000
011111111000
111111111000
111100111000
111000011000
111011111000
110000111000
110000001000
110000011000
110001111000
110011111000
110111111000
100001111000
100000001000
100000011000
100000111000
100011111000
101111111000
distribution: P(0) = 0.973422	P(1) = 0.0265781	
transitions: T(0) = 10	T(1) = 0	
P(state): 0.0511016

State number: 12
00000111100
00000000100
00000001100
00000011100
00001111100
00011111100
00111111100
01111111100
11111111100
11110011100
11100001100
11101111100
11000011100
11000000100
11000001100
11000111100
11001111100
11011111100
10000111100
10000000100
10000001100
10000011100
10001111100
10111111100
000001111100
000000001100
000000000100
000000011100
000000111100
000011111100
000111111100
001111111100
011111111100
111110011100
111111111100
111100001100
111101111100
111000011100
111000000100
111000001100
111000111100
111001111100
111011111100
110000111100
110000000100
110000001100
110000011100
110001111100
110111111100
100001111100
100000000100
100000001100
100000011100
100000111100
100011111100
100111111100
101111111100
distribution: P(0) = 0.985101	P(1) = 0.0148987	
transitions: T(0) = 11	T(1) = 0	
P(state): 0.0518423

State number: 13
00000011111
01000011111
11111011111
11110011111
11100011111
11000011111
10000011111
000000011111
001000011111
011111011111
011100011111
111110011111
111111011111
111100011111
111000011111
110000011111
100000011111
distribution: P(0) = 0.0917553	P(1) = 0.908245	
transitions: T(0) = 1	T(1) = 3	
P(state): 0.0464112

State number: 14
00011111111
11011111111
10011111111
000011111111
111011111111
110011111111
100011111111
distribution: P(0) = 0.198836	P(1) = 0.801164	
transitions: T(0) = 1	T(1) = 6	
P(state): 0.0318151

State number: 15
01111111111
11111111111
001111111111
011111111111
111111111111
101111111111
distribution: P(0) = 0.177486	P(1) = 0.822514	
transitions: T(0) = 1	T(1) = 15	
P(state): 0.108159

State number: 16
00001000000
00011000000
00111000000
01111000000
11111000000
000001000000
000011000000
000111000000
001111000000
011111000000
111111000000
100111000000
distribution: P(0) = 0.88478	P(1) = 0.11522	
transitions: T(0) = 2	T(1) = 0	
P(state): 0.0440968

