State number: 0
111111111111111
111111111111101
111111111111001
111111111111011
111111111110001
111111111110011
111111111110111
111111111100001
111111111100011
111111111100111
111111111101111
111111111000001
111111111000011
111111111000111
111111111001111
111111111011111
111111110000001
111111110000011
111111110000111
111111110001111
111111110011111
111111110111111
111111100000001
111111100000011
111111100000111
111111100001111
111111100011111
111111100111111
111111101111111
111111000000001
111111000000011
111111000000111
111111000001111
111111000011111
111111000111111
111111001111111
111111011111111
111110000000001
111110000000011
111110000000111
111110000001111
111110000011111
111110000111111
111110001111111
111110011111111
111110111111111
111100000000001
111100000000011
111100000000111
111100000001111
111100000011111
111100000111111
111100001111111
111100011111111
111100111111111
111101111111111
111000000000001
111000000000011
111000000000111
111000000001111
111000000011111
111000000111111
111000001111111
111000011111111
111000111111111
111001111111111
111011111111111
110000000000001
110000000000011
110000000000111
110000000001111
110000000011111
110000000111111
110000001111111
110000011111111
110000111111111
110001111111111
110011111111111
110011111100001
110111111111111
100000000000001
100000000000011
100000000000111
100000000001111
100000000011111
100000000111111
100000001111111
100000011111111
100000111111111
100001111111111
100001100000001
100011111111111
100111111111111
100111111111001
100111111000011
101111111111111
000000000000001
000000000000011
000000000000111
000000000001111
000000000011111
000000000111111
000000001111111
000000011111111
000000011110001
000000111111111
000000111100011
000000110000001
000000100000001
000001111111001
000001111111111
000001111100001
000001111000111
000001100000011
000001000000011
000011111110001
000011111110011
000011111111111
000011111100001
000011111000011
000011110001111
000011100000001
000011100000011
000011000000111
000011000000001
000011000000011
000010000000111
000111111100001
000111111100011
000111111100111
000111111111111
000111111111001
000111111110001
000111111000001
000111111000011
000111110000001
000111110000111
000111100000011
000111100001111
000111100011111
000111000000011
000111000000111
000110000001111
000110000000011
000100000001111
001111111000001
001111111000011
001111111000111
001111111001111
001111111111111
001111111110001
001111111110011
001111111100001
001111111100011
001111110000001
001111110000011
001111110000111
001111100000001
001111100000011
001111100001111
001111000000111
001111000011111
001111000111111
001110000000111
001110000001111
001100000000001
001100000000111
001000000011111
011111110000011
011111110000111
011111110001111
011111110011111
011111111111111
011111111111001
011111111110001
011111111100001
011111111100011
011111111100111
011111111000011
011111111000111
011111100000001
011111100000011
011111100000111
011111100001111
011111000000001
011111000000111
011111000011111
011110000000001
011110000001111
011110000111111
011110001111111
011100000001111
011100000011111
011000000000011
011000000001111
010000000111111
1111111111111111
1111111111111101
1111111111111001
1111111111111011
1111111111110001
1111111111110011
1111111111110111
1111111111100001
1111111111100011
1111111111100111
1111111111101111
1111111111000001
1111111111000011
1111111111000111
1111111111001111
1111111111011111
1111111110000001
1111111110000011
1111111110000111
1111111110001111
1111111110011111
1111111110111111
1111111100000001
1111111100000011
1111111100000111
1111111100001111
1111111100011111
1111111100111111
1111111101111111
1111111000000001
1111111000000011
1111111000000111
1111111000001111
1111111000011111
1111111000111111
1111111001111111
1111111011111111
1111110000000001
1111110000000011
1111110000000111
1111110000001111
1111110000011111
1111110000111111
1111110001111111
1111110011111111
1111110111111111
1111100000000001
1111100000000011
1111100000000111
1111100000001111
1111100000011111
1111100000111111
1111100001111111
1111100011111111
1111100111111111
1111101111111111
1111000000000001
1111000000000011
1111000000000111
1111000000001111
1111000000011111
1111000000111111
1111000001111111
1111000011111111
1111000111111111
1111001111111111
1111011111111111
1110000000000001
1110000000000011
1110000000000111
1110000000001111
1110000000011111
1110000000111111
1110000001111111
1110000011111111
1110000111111111
1110001111111111
1110011111111111
1110011111100001
1110111111111111
1100000000000001
1100000000000011
1100000000000111
1100000000001111
1100000000011111
1100000000111111
1100000001111111
1100000011111111
1100000111111111
1100001111111111
1100001100000001
1100011111111111
1100111111111111
1100111111111001
1100111111000011
1101111111111111
1000000000000001
1000000000000011
1000000000000111
1000000000001111
1000000000011111
1000000000111111
1000000001111111
1000000011111111
1000000111111111
1000001111111111
1000011111111111
1000011000000011
1000111111111111
1001111111111111
1001111111110011
1001111111000001
1001111110000111
1011111111111111
0000000000000001
0000000000000011
0000000000000111
0000000000001111
0000000000011111
0000000000111111
0000000001111111
0000000011111111
0000000011110001
0000000111111111
0000000111100011
0000000110000001
0000000100000001
0000001111111001
0000001111111111
0000001111100001
0000001111000111
0000001100000011
0000001000000011
0000011111110001
0000011111110011
0000011111111111
0000011111100001
0000011111000011
0000011110001111
0000011100000001
0000011000000111
0000011000000001
0000010000000111
0000111111100001
0000111111100011
0000111111100111
0000111111111111
0000111111111001
0000111111110001
0000111111000001
0000111111000011
0000111110000001
0000111110000111
0000111100011111
0000111000000011
0000111000000111
0000110000001111
0000110000000011
0000100000001111
0001111111000001
0001111111000011
0001111111000111
0001111111001111
0001111111111111
0001111111110001
0001111111110011
0001111111100001
0001111111100011
0001111110000001
0001111110000011
0001111110000111
0001111100000001
0001111100000011
0001111100001111
0001111000000111
0001111000011111
0001111000111111
0001110000000111
0001110000001111
0001100000000001
0001100000000111
0001000000011111
0011111110000011
0011111110000111
0011111110001111
0011111110011111
0011111111111111
0011111111111001
0011111111110001
0011111111100001
0011111111100011
0011111111100111
0011111111000011
0011111111000111
0011111100000001
0011111100000011
0011111100000111
0011111100001111
0011111000000001
0011111000000111
0011111000011111
0011110000000001
0011110000001111
0011110000111111
0011110001111111
0011100000001111
0011100000011111
0011000000000011
0011000000001111
0010000000111111
0111111100000001
0111111100000111
0111111100001111
0111111100011111
0111111100111111
0111111111111111
0111111111110001
0111111111110011
0111111111100011
0111111111100001
0111111111000011
0111111111000111
0111111111001111
0111111110000111
0111111110001111
0111111000000001
0111111000000011
0111111000000111
0111111000001111
0111111000011111
0111110000000001
0111110000000011
0111110000001111
0111110000111111
0111100000000011
0111100000011111
0111100001111111
0111100011111111
0111000000011111
0111000000111111
0110000000000111
0110000000011111
0100000001111111
distribution: P(0) = 0.0360055	P(1) = 0.963994	
transitions: T(0) = 1	T(1) = 0	
P(state): 0.441136

State number: 1
111111111111110
111111111111100
111111111111000
111111111110000
111111111100000
111111111000000
111111110000000
111111110000110
111111100000000
111111100001100
111111100011110
111111000000000
111111000011000
111111000111110
111111000111100
111111001111110
111110000000000
111110000000010
111110000001110
111110000011110
111110000110000
111110001111100
111110001111000
111110011111110
111110011111100
111100000000000
111100000000110
111100000000100
111100000011100
111100000111110
111100000111100
111100001100000
111100011111110
111100011111000
111100011110000
111100111111100
111100111111000
111000000000000
111000000001100
111000000001000
111000000011110
111000000111110
111000000111000
111000001111110
111000001111100
111000001111000
111000011000000
111000111111100
111000111110000
111000111100000
111001111111110
111001111111000
111001111110000
110000000000000
110000000000110
110000000001110
110000000011000
110000000010000
110000000111110
110000000111100
110000001111110
110000001111100
110000001111000
110000001110000
110000011111100
110000011111000
110000011110000
110000111111110
110000110000000
110001111111110
110001111111000
110001111100000
110001111000000
110011111111110
110011111111100
110011111110000
100000000000000
100000000001110
100000000001100
100000000011110
100000000011100
100000000111110
100000000110000
100000000100000
100000001111110
100000001111100
100000001111000
100000011111110
100000011111100
100000011111000
100000011110000
100000011100000
100000111111000
100000111110000
100000111100000
100001111111110
100001111111100
100011111111100
100011111110000
100011111000000
100011110000000
100111111111100
100111111100000
000000000000000
000000000000010
000000000000110
000000000000100
000000000001110
000000000001100
000000000001000
000000000011110
000000000011100
000000000011000
000000000010000
000000000111110
000000000111100
000000000111000
000000000110000
000000000100000
000000001111110
000000001111100
000000001111000
000000001110000
000000001100000
000000001000000
000000011111110
000000011111100
000000011111000
000000011110000
000000011100000
000000011000000
000000010000000
000000111111100
000000111111110
000000111111000
000000111110000
000000111100000
000000111000000
000000110000000
000000100000000
000001111111000
000001111111110
000001111111100
000001111110000
000001111100000
000001111000000
000001110000000
000001100000000
000001000000000
000011111110000
000011111111110
000011111111100
000011111111000
000011111100000
000011111000000
000011110000000
000011100000000
000011000000000
000010000000000
000111111100000
000111111111110
000111111111100
000111111111000
000111111110000
000111111000000
000111110000000
000111100000000
000111000000000
000110000000000
000100000000000
001111111000000
001111111111110
001111111111100
001111111111000
001111111110000
001111111100000
001111110000000
001111100000000
001111000000000
001110000000000
001100000011110
001100000000000
001000000000000
011111110000000
011111111111110
011111111111100
011111111111000
011111111110000
011111111100000
011111111000000
011111100000000
011111000000000
011110000000000
011100000000000
011000000111100
011000000000000
010000000000000
1111111111111110
1111111111111100
1111111111111000
1111111111110000
1111111111100000
1111111111000000
1111111110000000
1111111110000110
1111111100000000
1111111100001100
1111111100011110
1111111000000000
1111111000011000
1111111000111110
1111111000111100
1111111001111110
1111110000000000
1111110000000010
1111110000001110
1111110000011110
1111110000110000
1111110001111100
1111110001111000
1111110011111110
1111110011111100
1111100000000000
1111100000000110
1111100000000100
1111100000011100
1111100000111110
1111100000111100
1111100001100000
1111100011111110
1111100011111000
1111100011110000
1111100111111100
1111100111111000
1111000000000000
1111000000001100
1111000000001000
1111000000011110
1111000000111110
1111000000111000
1111000001111110
1111000001111100
1111000001111000
1111000011000000
1111000111111100
1111000111110000
1111000111100000
1111001111111110
1111001111111000
1111001111110000
1110000000000000
1110000000000110
1110000000001110
1110000000011000
1110000000010000
1110000000111110
1110000000111100
1110000001111110
1110000001111100
1110000001110000
1110000011111100
1110000011111000
1110000011110000
1110000111111110
1110000110000000
1110001111111110
1110001111111000
1110001111100000
1110001111000000
1110011111111110
1110011111111100
1110011111110000
1100000000000000
1100000000001110
1100000000001100
1100000000011110
1100000000011100
1100000000111110
1100000000110000
1100000000100000
1100000001111110
1100000001111100
1100000001111000
1100000011111110
1100000011111100
1100000011111000
1100000011110000
1100000011100000
1100000111111000
1100000111110000
1100000111100000
1100001111111110
1100001111111100
1100011111111100
1100011111110000
1100011111000000
1100011110000000
1100111111111100
1100111111100000
1000000000000000
1000000000000010
1000000000000110
1000000000001110
1000000000011100
1000000000011000
1000000000111110
1000000000111100
1000000000111000
1000000001111110
1000000001111100
1000000001100000
1000000001000000
1000000011111100
1000000011111000
1000000011110000
1000000111111100
1000000111111000
1000000111110000
1000000111100000
1000000111000000
1000001111111110
1000001111110000
1000001111100000
1000001111000000
1000011111111110
1000011111111100
1000011111111000
1000111111111110
1000111111111000
1000111111100000
1000111110000000
1000111100000000
1001111111111000
0000000000000000
0000000000000010
0000000000000110
0000000000000100
0000000000001110
0000000000001100
0000000000001000
0000000000011110
0000000000011100
0000000000011000
0000000000010000
0000000000111110
0000000000111100
0000000000111000
0000000000110000
0000000000100000
0000000001111110
0000000001111100
0000000001111000
0000000001110000
0000000001100000
0000000001000000
0000000011111110
0000000011111100
0000000011111000
0000000011110000
0000000011100000
0000000011000000
0000000010000000
0000000111111100
0000000111111110
0000000111111000
0000000111110000
0000000111100000
0000000111000000
0000000110000000
0000000100000000
0000001111111000
0000001111111110
0000001111111100
0000001111110000
0000001111100000
0000001111000000
0000001110000000
0000001100000000
0000001000000000
0000011111110000
0000011111111110
0000011111111100
0000011111111000
0000011111100000
0000011111000000
0000011110000000
0000011100000000
0000011000000000
0000010000000000
0000111111100000
0000111111111110
0000111111111100
0000111111111000
0000111111110000
0000111111000000
0000111110000000
0000111100000000
0000111000000000
0000110000000000
0000100000000000
0001111111000000
0001111111111110
0001111111111100
0001111111111000
0001111111110000
0001111111100000
0001111110000000
0001111100000000
0001111000000000
0001110000000000
0001100000011110
0001100000000000
0001000000000000
0011111110000000
0011111111111110
0011111111111100
0011111111111000
0011111111110000
0011111111100000
0011111111000000
0011111100000000
0011111000000000
0011110000000000
0011100000000000
0011000000111100
0011000000000000
0010000000000000
0111111100000000
0111111111111110
0111111111111100
0111111111111000
0111111111110000
0111111111100000
0111111111000000
0111111110000000
0111111000000000
0111110000000000
0111100000000000
0111000000000000
0110000001111000
0110000000000000
0100000000000000
distribution: P(0) = 0.971285	P(1) = 0.0287153	
transitions: T(0) = 1	T(1) = 0	
P(state): 0.558864

