State number: 0
111111111
111111101
111111001
111111011
111110001
111110011
111110111
111100001
111100011
111100111
111101111
111000001
111000011
111000111
111001111
111011111
110000001
110000011
110000111
110001111
110011111
110111111
100000001
100000011
100000111
100001111
100011111
100111111
101111111
000000001
000000011
000000111
000001111
000011111
000111111
001111111
011111111
011111101
011110001
011100001
011000001
1111111111
1111111101
1111111001
1111111011
1111110001
1111110011
1111110111
1111100001
1111100011
1111100111
1111101111
1111000001
1111000011
1111000111
1111001111
1111011111
1110000001
1110000011
1110000111
1110001111
1110011111
1110111111
1100000001
1100000011
1100000111
1100001111
1100011111
1100111111
1101111111
1000000001
1000000011
1000000111
1000001111
1000011111
1000111111
1001111111
1011111111
0000000001
0000000011
0000000111
0000001111
0000011111
0000111111
0001111111
0011111111
0011111101
0011110001
0011100001
0011000001
0111111111
0111111001
0111111011
0111100001
0111100011
0111000001
0111000011
0110000011
distribution: P(0) = 0.0315786	P(1) = 0.968421	
transitions: T(0) = 1	T(1) = 0	
P(state): 0.557717

State number: 1
111111110
111111100
111111000
111110000
111100000
111100110
111000000
111001100
110000000
110011000
100000000
100000010
100011110
100110000
000000000
000000010
000000110
000000100
000001110
000001100
000001000
000011110
000011100
000011000
000010000
000111110
000111100
000111000
000110000
000100000
001111110
001111100
001111000
001110000
001100000
001000000
011111110
011111100
011111000
011110000
011100000
011000000
010000000
1111111110
1111111100
1111111000
1111110000
1111100000
1111100110
1111000000
1111001100
1110000000
1110011000
1100000000
1100000010
1100011110
1100110000
1000000000
1000000110
1000000100
1000001110
1000011110
1000111100
1001111110
1001100000
0000000000
0000000010
0000000110
0000000100
0000001110
0000001100
0000001000
0000011110
0000011100
0000011000
0000010000
0000111110
0000111100
0000111000
0000110000
0000100000
0001111110
0001111100
0001111000
0001110000
0001100000
0001000000
0011111110
0011111100
0011111000
0011110000
0011100000
0011000000
0010000000
0111111110
0111111100
0111111000
0111110000
0111100000
0111000000
0110000000
0100000000
distribution: P(0) = 0.960191	P(1) = 0.0398085	
transitions: T(0) = 1	T(1) = 0	
P(state): 0.442283

