State number: 0
11111
11101
11001
11011
10001
10011
10111
00001
00011
00111
01111
111111
111101
111001
111011
110001
110011
110111
100001
100011
100111
101111
000001
000011
000111
001111
011111
distribution: P(0) = 0.0359722	P(1) = 0.964028	
transitions: T(0) = 1	T(1) = 0	
P(state): 0.442778

State number: 1
11110
11100
11000
10000
00000
00010
00110
00100
01110
01100
01000
111110
111100
111000
110000
100000
000000
000010
000110
000100
001110
001100
001000
011110
011100
011000
010000
distribution: P(0) = 0.971273	P(1) = 0.0287273	
transitions: T(0) = 1	T(1) = 0	
P(state): 0.557222

