000000000000000000000000000000000000000000000000000000000000000000000000000000000110000000000000000000000000000000010000000000001100000000000000001000110000011101000000000000110000000010000000000011110000000001100010000000010111000000011000110000000000001000000000000000000000011000000000000000000000000000000000000000000000000000000000000000000011100
000000000010000000000000000111110000001000000111111110000011000000000111001100000001100111000000000010011101110000111111111111100100000000000011000011101101000000000000000000000000111100001111111111111111111111011111000000011000111001111111111111111101111110111110011111111000111110000011000000000000001100100001001000000000010000100100000110000001110
100001111110011110000111101000000000010000110001000001111100000110000011000100000000000000000011000011111001110000000011111001000111111111100011110000111111111111110011111110111101111111111111001111011001100111111111111111111111110011110111111111100111111111111111110000011101100000000000000011110000000000000000000000000000000000100001100000000000011
111111100011011111111111000011111111111000100001100001111110001101111111111001111111111110011111100000000001111111000001111111111111111000111100011000000110001110000000111111000011100001111110011000001111110000011110111100111111111111111001111111111111111111111110011111111111101111100111011111111111111001110111011110110111110111111111111110011111111
111111111111000011111110000111111111111111111111111111111111111000111111111101111111111111111111111111011111111110111110000000000011000000011110001111111000000110001100000000011100000000110011101100001101111010000000000011111110000000011000000000011000000011100000000010000000000000111000000000000011111111110000000000011011000000001000000000011111100
101111111111111110011111000111001111111110001111100111111111110000000110110000011111111111100111111100000001110000011111111100001110001110001110000111100111111011111111111100111000111111011111111111111111111111111111111011111111111111111111111111111110000111111111111100011111111111100001000111110100000011110011111111111111111011100010011111111101111
111110000000110000000000000000100000100011111111110011110000011111110011111111111111001111000011111111111111100111111111111111111111111111111001111111111100000111000000011111111100000000000000000000000001111101000000000000000000001001111100001111111111100000110000001000110111111111111000110011111011110011001000100000000100100011111111111111111111111
110001111111100111111001100000011110000011100010001010000011001000000000000000000000100110011110001100000111000000001001111111111110011111100011101101100000000000000111100000000110000011111100110000000011111100000001111001111110000000011100001000001100011111000001111100001100010011100000100000110000000000010000000000001000000011100000001111100001110
000000000000000000000000000110000001011110001111111000000000001111111100011111111100000111000111111001111100001111000000000000000001111100000000001111000001000110011111100000110000000111110111111110001111111111111111111111111111111011111111000111111111111111100000111100111111111111100011111110011111110011111111111111111111101111111111111001111111111
000000000111000000000000001100000000000000000000000000001111111100000000001000000000011000000000000000000000000110010000000000010011000011101100000110000000000000000001111011100001111111111111000000000000000000000001100000100000111110000000000010000001100100000000000001111110011111111100000111011000111100111100011000010010000001111111111001111111111
111111111111100011111111100100000111000000111110000111000111011111100000001111000100000011111111111110000111111111100011111111010000000001001111000011000000110000000010000000000000000111000001111111101111111100000111000000001110011111000001111111111111101100000000011001111000011111110001111110011100011101111111000100000011100000000011000000010001111
000000000000000000000010001100011110011100001110000010000000001111000011001100000000011110100000000001110000000111111000001111000000001100011000000001000000111111000110000011000000000000001100000000000010001110000111001100110000000011111110001111111110000111011111111100111100011111000111100000000011111000111111001100000000000001111100011011000000001
000110011100111111000111000000010000000000000000000000110110010000000001111110111000000100111111100000000011100110110000001110001100000011000100000110000000000000100000000000000000000011000011001100000000000000000000000001111100000100000011000011111110111100011111001111111001110111111000000111111100111110000000011001111111011111000000011110001001111
111100000000000010000011000000000111101111111100110011111111111111111111111110000011101111100001111100111100000001000111111000111110011100000100000000111000000000011001100000011000000000001111001111000011001110011111001110000000100111000110011111111110000011111111111100001111110000011110000010000011000111111111111111111011111111111111111000001111011
000000100000000010000000000000000000001110011100001000000000011100000000001000000000001001111000001100000010110000000001110000000000000100011100000000000000110001100000000000000000011001110010000000000000100000000011000111110000000000000000000010010000000000000000000000000000000000000000000000000000000000000100010000000000000011000100000000001111111
100000000000000000000001000000000000000001100000000000110001100011000000000011000000001110000000110000000000000000000000011111011111100111110000000000000000000000111000011100110000000011111111100011111100000000000000100000001111100000000000111110000111111000000000110000110111011000000111100111111111001111111000111111111100001001111001111001110010001
001110010011111111110000001111111111111111001111111111101111111101111111011100000011111111111111111111111001111001111100001100111110100000000000001111111001000111000001011111100111011111111111100000111111000110001111111111111111100000011100000011100000111111111011111111111110011111100111111111101100011100000000000000111000001100000000011100000011000
000010110000000001101111111100011111111111111110111111111110000001111111111111111111111101111111101111111111001000001111110011100110000111100011100001100010000011110000000111100011111111111111110011111001000011111000111111100011001111111110001111111111111111111111111111001111111000011111111011111100011111111100000001110000000110001100001111111111101
111011111111101111111101111100010011100011100001111111000000111100011111100001111111111111011110000011110011111111111111000011011110000100011111001111111111111100011100001111111111100011111111111000000100111101110000001110000111111100111000110001101100001100110000001111000000001000000000000011000000000000000000000000001111100011000000011111011100100
000111000000011100000111000010111011111110000100001101111111100001111111100011111100000000010000000000000000000100000000000000011000000000000000000000000000000001000111000000011111000000000001000000000000000000000011110000110000000010011100000000000000000011110000000000001111100000000011000000000111110000010100000000001110000000001110011111111100000
111110000000011100000000000000000000001111100011111000111110000001111000000000000000000001100000000000000000000000000000000000000000011100000001000000000000000001110010000000000000000000000010000000000000000011000000000001110000100010001100000000011010000001000000001111100111000000000110001011110000000001110111000011100000111100000000001100000000000
000000000000000000000000000000001000011100000000000001100000000000000001000000000000111111111100001001100000011000000110000000110000110000111100011110111111100001101100000001111111100011111111111011000111100011101000011111000000000001111101001000000001100000011100001111000000001000000001000000000001111101000011111111110000111111100111111111111111110
111111111000000011111001100000110000000000000001000000000110011111111000010000000000001110000000000000000000000111000011111111111101001111111111111111000111110000001111100100000011100110000001100111111111111111001111111000011001110001111111111111111001111111110000110111100001111111111001100001100001000011111111011100000001100110001110011000000000011
001111111001111111111001111111001111001111011100111111111110000000011110110011111110001111000111110111100111111010000000111110001111100001111100011111111001111111001110111100000111110000011011111111111000000000011001111111100001111110000100000011111001110010000111011100000011111100000000111111000111111110010010000111111000111001000001100000111100000
111001111111111100111111111111100011111100111111111111011111111111110111101111111111111111111111101111111101111100111110101110111111111110111111100011100110000111111111111100011111111011111011111111111110011011000111000001001111111111001000001110001100011111100000111000000110110000000000111100011000000000000000000000000000011000000011000000011110001
111100011001111101111111111111100000111111111111111111111111111011111111101111111111111111111111111111101110011111100001111111100100111000111110001111111100000001110000001110001111110000011000000111000000000001100000000000110000000000000000000010000011111000100001111100000000000000011000000000001000000000111000000001101111001111100000111111100111110
111111111111111111111111111000000111111111111001111111111111111110000000100011001100111111110000001110111000001001111001111111100011111100000000000011100100011000111111111100011011100000000001111000001111111101110001000000100011001001111111111000000111111000010000111110001111100001100000000111000000000000011100000000011111111100111111100111111111111
111111110011111111111111111001110001001111111001110000111111111001110011000001000000000000000000000001000000000000000000000000000000000000100000000000000000000000000000100001000000000110000000000000000000000000000000000000000000010000000000000000000000000000000000000000000000110000000000000000000000000000000000000000000000000000000001000000000000000
000000000000000000000000000000000000000000000000000000000000000000000000000000000000000000000000000000000110000111000000000000000000000001000000000000000000001000000000000000000000000000000000000000000000000000000000000000000010011000000110000000000000000000000000000000000000000000000000000000000000000000000000000000000000001000001000000000000010000
110000110111111111111000001100000111111111111000000111110111000111000100011111100011111111111101100000001111111000100011111110011000100000000100000100111110011111011111111000111100110100000110111000111111100100000000111000000000111000111111111111111111111111111111111111111111111111101101111111111111111111110110111111111100000011111111111100011111111
111110011111111111111111111111011100011111111100111100111111111111111111111111111110011111111111111111111111111000000000000011100000000110000011111111111100001100011100011111111110011111111111111111111111111110111111111111111111111111111111111111111111111111111111111111111111111111111111111111111111111111111111111111111111111111111111111111111111111
111111111110000111111111111100001100011100001100100000001111100111001111110000000000000000000100000011000000000000000000111000000000000000100100000000011011100000000000111100000000011111100000000100000001111111111000001100000010000000000011111100001000000011000000000000000000000000000000000010000000000000000000000000000000000000000000000001100000000
000000001100111110110000000111111000000000011111111000001111001001111111111100110111110001110111111111111111110001110001001100111111100111010001001110000111000000000011111000110001110110001110000110001100011111000011001001111111111000000000000110011111111000000000000000100000000000010001100000000000000000000000000000010001111011000000011100000000011
111111111100000011111000001111100000110000001111100001111100111111111111111111111111111100100011111100001101111111111111111110000000001100110111110011100000000111100001111111110000000000001100000111111111111101111000111011111100000111111111111111101111111111111100011110011111011111111000000001001100011100000011111001000111111110001111110000001111000
110111111111111100111110011110111111110001001111111111110011111000011110111111111111111110011111111100000111111111111111111111111000000011000111111111111111111111110000000110001000110001111111111111111111000111110000001001111111111111111111110111111111110111111100011100000111101111111111111111111111011100011110000111100011111111111111000011110011111
011110001110000001001111111101110110001111110011100110011001000000001011111101111111111111110011110000000000000000001000000000000000000000000000000001100000000000000000000000000000000000000000000000000000000000000000000000000000110000000000000000000010000000000000000000000000000000000000000000000000000000000111000000000011100000000000000110111111111
111000000100000000000000000000000000000000000000000000000000000000000000000000100000000000000000000000000000000000000000000000000000000000000000100000000000000011000000000011110000000010000001100101110000000000000011110001001100000000000000001100000000000000000011100000000000001111100000000000000000000000000000000000000000000000000000000000000000000
001111111111100000000000000001000100000000100000000110011111111110000000001000001001100111110000011100011111111111101111110000010011000100100000000000111110110110111111110110011100111111111000000000011100001110111111000000011110000010000000000011111111111111111101111011100101111111111011111110111111100111111111100001111001111111110110001111000111111
000000000000000000001000000000000000010000001111111011110000111000111001111111000001111111110111110110000011000111000000001111000001110011110111101000000000000000000000000000000000101110001111110000000000000110011000011011110000000111001110000000000011000111110000111111111011110000000100001100000110000001110010000000011000000011100001101000000000000
000000011110000000001100110000000000000001110000000000000000000000000000000000111100000000100000000000010000000000001000000000000001001100000000000001100000000000011000000000000001000000000000011100000000000000000000000000000000000000111000000000001000000000110001110000000001100000000000000000000000000000001100000000000000000000000000000000000011110
111111111110011100111111111111111111111111111111111110001111011111111111100001110011110001100001000011000011000000100011111100011110100011111000110000111001111111000010001000111110111110011111001111111111100001111111111101111111111101111111111111111111111100011111110001111000111111110111100000011100110000000000000000010000000000000000100000011111000
101000001110000001100000000000000111000000001100000000111110001111111111100000000001000111000000001111111010000000001001111110001110000011000000100011110001111000001111111111001111111110011111111111100011111100111000111111111100110000010000001110000010111111111111011111111111111001111111000111111111111001111111001111110100111111111110011111101111011
100000000111111101111111111111111111111000000111111100000001111000000001110000000111001100000000111000000000001100000001100000011111011110011111111111110001111111111100000000000000000001000000000011000001000000100000010010000011100000011100111111100000011000111110011111111100100001111111110000111011100011111111111011000000111111001100011111011101111
000111000000000000001111100000111000000111111001110000111111111100000000111111100000111111000111000001110011000111110011111111111110000110000001000000011000000000000000111111100111111001000110111111110001101100000111111111100000001000111111000110001111111011110001111111100011111111111111001100000000000000111001100000011110000111100010111011111111111
011111111111000001111100010000000111111110001111111000111011111111111110011111111111111111111111111111111011111111111111111111111111001111111001111111111111111111111111110011111011100011111111111100001101111111111111111111110011111111111111111111111111100111001111111110000011100111111110011111111111111011111101110110011111111111111111111011111100011
010000000000000000000000000000000000001100000000000010000001100000000000100000000000000110000000000000001100000000000011100000000000000001110000001111000000000000001000000010000111111100111110111000000011101111000011000100000001110010000000110110111000111111110000011000001100000000000000000111001111111100000000000110010111000001111111111011111111111
111111111100111001111111111001111111111100000000111100110000111000000000000000000000000000000000001110000000000000000000011111101111100011001100000000111010000111011111001100000001100001111111111111111000000010011101100011111111111111111111111011111110011111111111011111111110110011110011101111111111111111111111111111111111111111111111111111111111101
111111001111111111111001111111111111111111101111111111111111101111111111011111111111111111111111111111111111111111011111111001111111111111100010001111111111111111111111001111111111011111111111111111111110011111110011101111111111111110011111111111100011101111111111111111111111111111011111111111100111111111111111111111100111111111111111110111111111111
111111111111110000000111111111100011111111111111111111011000010001111111111111111111111111111111100000111111110111100000000000000000000011100111100011110011000000000110011100000111011101100001110000110010000001100001110011101110000111001001111111111111111000100110000011111111111111111111100111110111111000110111111111111111111111111111001111100111111
000111110001110000011011001000000110000111100111011000111100111111000000000100011111001111111110001100011000111000000110110000000000000000000000000000011000010000000000000000000001000011001100011001100011110000000011100001111111111000100000000000000000011101000000111100000100111001000011111100000100000000010000000111000011111111111100100000001111111
000000000000000010000011111111101111100000100000011000000011111000001111000000000001110000000000000000000000000000000110011111111000011111110111111011111110001111000111111111000000000000011111111000000001001101000000000000000000111001001111111110011110000000000001100000111111110011111111111111111111000111011100001111111111111111001110000110011111100
111111111011011100001100111000011111001111111000111111111111111101111111111000010011111110000110111101111000000000110001110000000111100000000100010011001000000111001110000101111111111111111100000111100001100000110000001000011100000001111111100011111111100011111100000011111111111111111110011111111111000011000000001000001100000000000011111111111111000
111111111111111111101110011111110011111111110001111111000011100111111111111111111111111110001111011111111000111111111110001111000000000000000000111111000001111100000010000000111000100011000011111101111100111110011000000000000001100110000000000000000000001000110010000000100011000111100000110000011000000000000000000000000000000000000000000001100001111
000011000010000000111100001000000100000100110011100000001111111110011110001100011111111110001110000100011110111111011110011111100111110011111111111111111111111000111111100111111111111101100111110011111111111111111110111111111100111111111111111111111111111111111100111111111111111111111111111111111000001100001100000001100010000111111000111111111111000
111100000000000110001100000000000000001110000000000011111111100000111111011000000000000001110000000000011110000000000000000110000000000000000000000000000000000000111000000000000000000000100001100000011000000000100000000011000001000000000001100000011001111000011001101100111111110011110000011000000011000000000000000000000111111111110000000001111111000
111111111001111111111100011111001110111111110001101111001101110110011111011111111110011111111111011000100011111111000111110000111110000000000010001000011110000000001000011100010000000011000000000000001111000000001110000001100010000011101000001101111100000000000011100001110000111000000000010001000000000001111001111111100011111111111100000111000110000
110001001111100000100111100011111111100111111111111110000001111001111111001100000111111111001110001001011100000010110001110001111111011100000101100011111111111110011100000000110000000011000110001100110000000000000011100011001111111100000000000000010000011001000000000000000110000001111111000001001111000000000000011000111001000000100000000110000000111
111111111110111100000111111111111111111111110000000011111111111111111111011111000011111000111110000011110000000000000001110001100000010110000000000010000000001111001111110000010011111110001110000101111011011101111111001110001000111111111111111111100110011000000001110000000000011001111001110011111111111111000111111111110001111111110000001111111000011
111100000110000110000000000000011100011100000110000011000000000000000110001111111111100000111111111100000000000110000110011000111111100000001100000000011011111111111100110000011111000000000011100000000000000000111000001100000000000000000010001000000011000000001100001111111101100100000111111000111011111111111110011000011111101100011111111111100011111
011000000100000011110001111111111110000110001110000011111111100000000011101111000000000000000000001111100000000000000110000001000000000000000000000000000000000000000000000000000000010000000000001110111101100000001111000000000001100011111111110011111110100111100111110001111100010011100000000000011111001111100000000000010001100000010000000111101111000
111111100000011000000000000000011000000000011110001101111000001111000000111111001100111111111100111111111111111100011111100111110000001111111111000011100100000000001110000001111111100011110011000000000000000001110111100001000000110110000100011100111111100000100000000000000111000011000000000111101000000000111111000000000000000000000011000001111111111
110000000000000001100000011111100000001111111100111000001111000000000000000010011100011100000001111110000000100001000000000000000000000000000000000001000000000000000000011000000000000000000000000000000000000011100000000000100000010001110000000000010000000000000000010001110111111110011000000011000000110011110110000110000000011001100011111111111111111
110001111100001111100111111100111110000010000000000001111000000011100110010000111000000001111001101111100000000000100000000011111110000011111100110000011000001100111111000001101111111111111100000000011001111100000000111111111111111000000011001100111100000000100000111000011111111101111111000000000000000001111111001100000000000000000000000000000000000
111111111110111111100111111111111111111111111111111111110011111111111111111111111111111111111111011111111101111111111111111111111111110111100111111111111001111111111001111111111111001111111111111111111111111111111111100111111111111111111111111111111111011111111111110110111111111111111111111111111100011111111111110011100111100111011111010011111111110
111111111111111111100111111111000111111111111111110111111111111111100111111111111111111110011111111111111011111101111111111111100011111001100111100000100111110111100010000111111000111000110001100100111000010000100000001000001100110000100000000010000000110111000000000000011000111111000011100110110000000100001011111100001111111111110111111011000001111
011111111111111111111111000111111111110001000000000000000000000000011000000000000110010010001000000010010000000010000000000000111111111000000001000000000110000000000000000000000000100000000000000000000110011000001111000000000000000000000000000000000000010000000000000111000000000000000000000000000000000000000000000001000000000111111110001110000010001
111111100001111111110111111111111110111110000111110011111111101111111111111111111111111111111111111111111111111111111111100111111111111110111111111111111111111111111111111111111000111111111111111111111111111111111111111110110111111101111111110001111111111111111111111111111111111011111111111111110111111111111111110111101111111001111111111111111111111
111111111111111111111111101111111111111111100111111111111111111111111110111111110111111111111000111111101111111111111101111111011111000110001101110001110001111100000111111100000011111000001000000110001000001110000110001000011001111000110000011000000001100010000001000000000110000000000000000000000001100000000000000000000000000000000000000001000000110
000010000000001110000001111100000000000000000000011000000000000000011110000001111000000000000000000000011000000011100100000111000011111011100000000011100001110000000001100111100000100000000011000000110001100001110111000000100001111100000000100000001000000000000000011000000000000000000000000000000000011110000000000000000000000000000000000001100000000
000000000000000000000000000000000000000000000000000000000000000000000000000000000000110000000000000001100000000000000000110001100000000000000000000000000000000000000000000000000000000000000000000000000000000000000000010000001100001000000110000011001110000000000000000000000000000000000000000000000000000000000000000000100000000000000000000000000000010
000000111111111100011000110001111110001111100000001111000000000000000000000000000000000000000001100000000000000000000000000000000000001000100000011000000000000000000000001100000000000000000000000000000000000000000000000000000000000000000000000000000000000000000000000000000000000000000000000000000000000000000000000000000000000000000000000000000000000
000000000000000000000000000000000000000000000000000000000000000000000000000000000000000000000000000000000000000000000000000000010000000000000000000000000000000000000000000000000000000000000000000000000000000000000000000000000000000000010000010001100000000000000001100000000000001100111000000001101100111111110000111100011111111111111111001111111111111
111100111111100011111101111111001110011111111110001111111000001111111111111111111111111100011111111111111111100000011111110011111000111111111101111110000010011111000111110010011111111111111111000111011111111011111111111001111111111111111111000111111111110011111111111100111111111111011111011111111111111111111111111111111111111111111110111111111111111
111000011111111111111111110011111111111111111111111111111111111111000111000100011111111110000000000000000111000000000001111111001100000000000000000000011000000000001000000000000001110011001000111000000000000000011110000000001110011000000000011100000000000000000111110000000000011110000000000000000000000000000110000000001000000000010000000000000010000
011101111000000000110000000000100000000000000000000000010001011100000000100000000000000000110000000000011100011111100111111111111111111000110011110011001110000011000011000011000000000000011000000000000000011000000000100001001001000111000000110000110000000000000000001000110000000000000000000100000000000000000011100000000000000110001100000000000000000
000000000011000000001101110001100000000000001100000100011000011000001100011000000000011110000000111110000000000000000000111100000000000000000000100000000000000000000000000000000000000000100001000000000000000000000000000000011000000000001111000000111111000000000000000000000111111000100000000000000000111110000000000000000000000000000010001100000011100
001111011100110000000011001111100011111100001111110000001110000100111000100000110111100011000000000100000000000000000001100000000000000011111100110000000000000000000000000000000000000000000010000001100000000000000110111000011101000010000111011000111011111111111100100011111111111100000000000000011000000000000000011000011110000111100011110011111111111
101111111011111110001111111100000011111111110000000001111100000111111111000011101111110111111111111111110001111111111111111111111111111111111110111111111111111111111111111111100111001111111111111111111111111111111000111111111100101111111111111111011111111001111100001111111111100001111111100001100011111111000011000000001000000000000001110111000001000
101000010000001110111001111100011111111110000111111111011110000011110000000001111000000000010000110000000000000000000000000000110000000000011000000000000000000000000000001110111000000000000010000111000000000000001111111111100100000000000111001110000111111101111111001100000001111101111111110111001111111111111111111111111111000001111111110001000001000
001111100000111110000111000000111000000001000011111001000000000100001000001011001111110011000000111100111111111001111100111111111111111111001111000011111111110011111111111111111110000111111111111100011111111100000111111111111100011110000001111111111111100000111000011111111111111000111111110011111100000010111111100110000111111111111111111111100011111
001111111111111111111111111111111110111111111101111111111111111111111111111111111101000000111111111111111001101111101111001111100000111000011111100000001011000000000000001100000000000000000000000000000000000001100000000000000000000000000000000000000000000000000000000000000000000000000000000000000000000000110000000000000010000000000000000000001000111
011111111111111110000111111111111011111111111111100011111111111111111111111111111111111111111111110001111111111111111111111100001111111111111101111101111101111111110001111111111000111100111000011111110001111100000110000110001110001000111111111111111100110000000000011110001111111111111110001111111111100000000111110000111111111011111111100011111111111
111111111111110000110000111001111011110111110001100111111111111111111100001111111111111111111110000111110011111111101111110111111111111111111111111110011111111111111111111111111101111111110111111111111111111101111101110111111111111111110011111111111111111111111111111111111110011111111111111111111111111111111110111111111111111111111111111111111111111
001111111110000000000111111100110111111100110011111111111111111111111110000111111100011111111111111100101110010000000001110111000000000000000000001000000001000000000000011111110000000000000000000000011100010000110011110011000000001111111111001111111011111111111100111000000000110000011100000000000100011000000000011111100000111100001001110000110000011
111111111000111001001110000000000111000111111111111111000100011100110000011110000001111001111100000000000010001100000000000111110111111111000001111100000011101100011111111001000111100000111101111111111111110001111111101111001111111100000000011111111111100000001111111111000000000000000011100000000000111000111100000000000000000000000001100000011000110
111111100110111100110000011000011100000001111111111111110000000000111111111111111110011111111110011111111111011111111111111111111110111111111110001110111111000111111111111111111111111110001111100111001111100111111111100000000110110111111000000001000000000111100011000011001111000011111111100011001100111110000010011111110111111111111111101111100011111
011000111111111111111111111111100111111111111111111100111111111111111111011111101111111111111111111111111100000010001111111111100111111111111111111111101111111111110000111111111111111111111111111111111111100011100011110011111111100111111110011111111011111110011100000111111111110011111111111111100011111111111111111111110001111110011110001111111111111
000001110001011111100001111111111111111000000111111111111110111111111111111111110000000011111111111001110001110100000100000011110011101111000110011001100000011000110011100011001111111111111110110111000011000100000110000011000000111110000001000111111100000000000000001100110001111110000000000000000000001111111001111000000100000000000000000000001100000
000001100011111000110000000011100100000000000100000000000111111110001110011111100000111100001100010110001000000001111111101110000011110010001000001101000000011111111100000000000000000000001101110011111110001100000000001111111100001111110011111111100000010011111111000100011111100000111001111111100001000001111001011001111111100000000101100000000000000
100000111111111100000001100001111100000000000000100011110001111111111000011111111111111101111100111111111111111111111111111111111111111111111110111111111111110000001111111111111111111111100111111111111111111111111111111111111011111111111111111111111111111111111111111100111111111111111111111111111111111111111111111111011111111111111111111111111111111
111111111111111111111111111111111111111111111111111111111111110111111111111111111111111111111111111110011111111111111101111111111100011111111111111111111111111111111100111111111011111000011111111111100111111111111100011111110111100001111111111111111111111111111110000111111000110110000011111111100111111000001111001111111111000000000000010001101011000
000110111111000000000000110001110011000000111001111000000001100001111000000000001101111100001111111111110011111100100000011111111111111001111110011110011000111000011000011001111110000110011100011101100111111100000000000000001100111110011110010000000000000000011000111000000000000000010000000100011110000000000000010000000111000000100000000001100010000
011001110001000011101000011111111100011111111000100111111000110000111111111100000011100000000000000011100000010000111010000000011001100000000000000011000011000000000000011111100000110000000010000001100001111110000000000000111110000110000011111111111100011110000000000001110000010000110000111110111110001101110111111111000010000011111111111111100111111
001111111111100011111110111000011110001111111111111110111111101110000000000111111100000011111000001100011111111111011111110001110011111111111111111000111110000000011111110011101111111001100000011111000000011000011101000000000110111100111001111111111111111111111110011111111111111111111111111110001100110011111111111111111111000000000111000000000110001
000000011111111111001001111111110001111000111111111110001111111100111111110111111111111111111111111110001111111101111011101100000000000000000000000000111111100010000000000000001100000000000001101100000000000000000000000000100100000110000000000000000000100000000100000000000000000000000000110001000000001111111111100011000000000000000110000111111101110
001100110000110010000000000000000000000110011100000000110000000000000111111100001110000110010000000111100100000010000000110000000000011111000111000001111111000000111111100111001110001110111111100111000111100111111100000001111111111000010000011111100111111111111111111111111000001000000011100000000011000000000111000000000000001100000000000000001111000
010000000000001000000000011111100110000000000000000000011100110000110011111010000000000000000000000000111111111100000011000010000000011001000000000000001111000000011000000011000000001000001111111011000000000001111000001111011000000111111000000000111110100000000000011100110000000000011111111001000000000000000011111000110000110011000111111111110011111
000000000010001100000000000000000000000110000000110000111000111000111001111000000011111000000000000001100000000000011000000000000000000000000000001000111000001111000000000000000000000000000001000000000011100000000000000000000001111111100011000000000000001000000000000000000000000000000110000000000011111111100000000000001110000001111001110000000000000
000000000000011011100011000000001100111000111100000011101110001111000010001110101110000000000000000000111111110000111000011111111110000011100001111100000001111111111111111101101110011110111111111110000111111111111111111111111001111111111110111001111111111011111111111111111111011111111110001111111111111111111111001111111100011111111111111111111111101
111111111011111111111111111110001111111111111111111111111111111111111111111111111101111111111111111100111111111111111111111111101111111111101111111111111001110111111111001111111000000001110001111111100111001101100000000000111100000011111111000111111100111000010000000011111111110011111111100001001101110000000000000010000000000001111111111111100000000
000000000000000001100000011111111111001111000001000001111110000000011100000000000000011000100000000000100000000000000000000000010000000000010000000001111111111000000000000000000100000100000000000001000000011100000000000000011100000001100000011100001111110000000000100000000010001101111111000000000000000000000000001000000000000000000000000111101111111
111110001111111001110111000011100000001111110011101111111111111110111111000000000111000100000011111000011111001111111100110011111111001101111011000000001111100111100000001111100000011000111111111110001110000111000111110000000000111000001111111111110011111110111110111111110011111111111111110011100001100111110000001110011111001110000011111111100111111
111001111111111111111111111111111111111111111111110111111111111110001111111111111001110000111111110000011100011111001111111011111100111111000011111110001001111111111111111000000000000011111111100001110001110111011111111100010011111000001110111111111110110001101100000111111111110000000011110001100011110000000000000000000001111100110011000000000000110
111111110000000111111000001111111111111111000001111111110000000110000000100000000111000011111101111100000110000110000000011000011000000011100011011101111110000000001111100000011100111111111111110001111111111111110000111100111111100111111110000011111111111111000011110001111111111111111111111111111111110111110000000111101111100111111111100111111111000
001111100011111111111001111100000111111111111111111100111001111100000111111000110011101111111000001111100011100000011111100001000001110111000111001111111111111101000001110001111110111111100011101100000011100111101111100011111111111111111111111110011111111111111110011110001111111111111111110000110011111111100011111011100001111000000001110000011111001
111111110000110111111111011100000011111101110010000000001100000000101111000000000000111000000110001100000000111101111111110001100011000000011111100001111111101111111100000001100000011111000011111000111000011100111011001111111000110011100110000011111111000111001100100000000000001110011000000110011100110111000011110001111111100000011111000011100111111
000000110111000000000001100000000000001110000000010000000000000000000000000010000000000000000000000000000000000000000000000001100000000000000000000000000000000000000000000000000000000000000000000000000000000000010000000000000000000001110000000000011000000000000100000000000001100000000110000010011111001000000011000100000000000000000000000000000000111
000111111111111111111111100011100111111111011111111111001111111111111111111110001111100111111111101111111111111000111111111111111111111110011111111110001111111111110111111000011111111111011111111111111011101111111001111111100011111111111111000011110000011100011111110001111111111111110000000111111111000011101111111111111001111111111111111111110111111
110001111111111001111110000011111001110000011111111111111111111111000111111111111111111111111111111111111111111111111110011111111111111111111111111111100111111111001111111111111111111111111110011111111111110111111111111111100111011111111111111110011111111110011111111110011111111111000001111111111111111111111111101111000111111111111111111111111111001
000011100000011110000001000000000000111100011100111000000111111000011111110000011111111111111111111111111111111111011111101111111111111111111000011111111110001111111111111111111111111100111111111111000011111111111110000001111111111111110010011111111111111100111111111001111110000111110011111111111111111101100001111000101110011111000111111111110001111
000000001000000000000000000000000000000000000000000000011000011000000000111000000010000000001100000000000000000000110000000000000010000001110000000000010000000000000110000000000000000000001000000000001000011000000100001000000000000000011110000001111111000000110011000011100000000000000000000001000000000011111000000000000111000000110000011100000000000
000000111111111111001111111101100011111110111111100111110011110000111000111111111111111111111111000011111111111111111111011111111111100111111111101111111110111110001011100011000011111111111111111111111111001111100011111111111101011111111001111111111110111111111111110001111111111111111111111111011110001111111111111111111111111110000000111111100111111
111111100011000000000000110011111000000001001001100100000000011100000000000010000001111110001111011111100000000011000000000000000110000000001000000000000000011000000000000000001000000000000000001000001100000000000000000000000000000000000000001111111001100111000000000000100011100000000000000000000000000000010011000110000000000011101100000111111011111
111100001011100011100001100000011000000001000000100111000000011000000110001100000000001100000001001100001000011000000001100000000001100001111000100000000000000000011100011001111111110011000111000011011110001110100000001100010000110000000000001101100000000000001110011111100000000000000110001110100000001100000111111110001000111000000011110000111000001
111111111111111111111111111100000111111110111111111111111111100011111111111111001100011111111111111111111111111111000111111111111111101111111111100001111111111111111111111001111111100101111111111000101111111111111100011111111111111111111111111111111111000111111100111100001110110000011100001110000011000000000000111111100011110000111111100000000000000
000000001100011100001100000000000111000000000011101100000001100000100111111100000111000011111111001100001100011111110010011111001111111100000001111111100111100000011110011111110000011111100000011000001000000000000001111110001111000000011100110000111111111100011111000000110000111101100000000001111110011000000000000011100110001111000000100000000000100
100111110000000001110000000001110000110000000000000000000011100001110000000001001111000000000011000001111110010011111111000000001100000000011111100001100001101100111100001110001001100111000011111111110111111111110001000000000111100000010000110000000000111000011000000000010000011000001100111110000000011101100001110110001110001110000011111111111110001
111110011111111111111000000111111111111111111111111110011100111011111111111100000111110000010001111110000110000011111111001100001000000011100000010000000010000111111000000111111011100000011000000000000000000000000111100110000000011000000000000000000000000011100111100000000000110000000000011001001100000000000000000000000000110011000111100000000000000
000000000000010000100000111110000000000011000000111110000000000000001100000001111000000110000111000000000000000000011111000111000000001100100111111110000001111000000011111100000011100000010000110011000000000001110000000000100000100000000000000000000001111000000001100000100000111000000000000000000000011111000000000000000000000010000000011100000000000
000000000000000000000000000000100000000110000000000000001100001100000000000000110000011110000000111111101110000000000000010000111001111111000111111001110001111000000000000001000000000111111100000000010000001110000100000000000000000011000000000111101111001110000011000000000000001100001110000000000110000000010000000011000000010000000000000001000000000
000000001100011000000011001111000010000000001000000000001000000000000000111000111111111100000111001110000000000000000000111000000000011111100000000000000001000000000000000000000000011000000000000000000000000000000000000000000000000000110000000000000000000011100000000000001111000000000000000000000000110000001110001110000000000000000110000000000000110
000000000000000000001101000000000000000000000000000000111000100000000000000000000000000011000000011111100000000000000000000000000000000001000110000010000000000000001100110011100000000000110000000000011100000000000011010000000000000110000000001111011000011100001010000011111110000000011111110000011111111110111101111111111110001111111111111011111111111
000111111111110000000000100100110000001110000001000000000011101111001110011000000001111111110000111111111111111110001111111100100111111111111111111111111000011111100000111111111111111001111111111111111111100111111111111111111110011111111111111111100111111111111111111111111111111111111110001111111111110011111111111111110011111110011001110011111111111
111110001111111111110111111111111110000001111111111000000111000101111011001111111000111111111100111111101111111001111111111111111111111111100011111111111111111100111111111110001111110111111111111111110110000111111110000001111111110110000001111111111111111111111111110011111111110011111111111111111110011011110001111111100111111011111111000111000111000
111111111111111111111111111111111111111111111111111111111111111111111111111111111111111111111111111111111111111111111111111111111111111111111111111111111111111111111111111111111111111111111111111111111111111111111111111111111111111111111111111111111111111111111111111111111111111111111111111111111111111111111111111111111111111111111111111111111111111
111111111111111111110000001111111111111111111111111111111111111111111111111111110110011111110111111111111111111111111111111111111111111111111111111111111111111111111111111111111111111111111111111111111111111111111111111111111111111111111111111111111110011111111111111111111111110011110000110011100011111111100000011111101111111111111111111111111111111
111111111111100110011111100011111111111111111110110011101111111111111111110011111111111111110111111111111110001111111111111111111101111110000111110011111110100000000011111100000011111000111111001111100110011111111111100110000000001111111111111111111111110001111111111111111110000011111111111110111100011111111111000011111111111111111111111111111111001
011100000000001111111111000000001100010000000000000000000000000110100000001000000011111111100011111111111110000000010110000111011100110000011111111110011000001110011100110111110000011000111111100011111111111000001111000000111100000111111111111101100001000000000011000000011000001011111100000011000001111100001111111111111111111111000111111111011100000
111111111111111110111111111111100001111111110011111111111111111011111111111111111111111111001100111111111111110001111111111111111100011111100111111111111111111101111000111111111111111000011111000000000000100111100001111111110000110011111111110011111110011111111111111111101111110000111110011100001111111110000001111111000000000000000110000111110000000
001100000110000000000000000000000011000000000000101110111000001111011111000001111000001111111000100011111111110000000000000011000000111111101111100000000000000000000000000011111000001111000111111100000010000000001100000000001111011110111011111111111101111000111111111111111111111111111111000001000000001111100011111111111100001111111111111110111111111
001101111111111111111111100001111111111111111111111011111110011111111111111111111111110111100001111111000000000000111011000000111111110010001111000000000011000000111110000000110000011100111111100000000000000000000000000001000000000000000000000000000000000000000000000111111111110000001100111100001110010000000000000111000011100000010011100000000000000
110011001110000001111111111111111110011110111111100001111100011111111111111111111000011111100000111111111100011111111111111111111000111111011111111101101110110011111110000000111101111111111111111111100111111111111100011111111111000000011111000111111111100000011100000001110001001110000111100000000000111100000000100000011111111100000110000000001000000
110000000000000000000000000000000000000000000000000000000000000000000000000000000000000000000000000000000000000000000000000000000000000000000000000000000000000000000000000000000000000000000000000000000000000000000000000000000000000000000000000000000000000000000000000000000000000000000000000000000000000000000000000000000000000000000000000000000000000
000000000000000000000000000000000000000000000000000000000000000000011100000011000000000000000000010000000000000000000001100000000000000000000000000000000100000000000000000000000000000000000000011110000000000000000000000000000000000000000000000000000000000000000000000000000000100000000000000000000000000000000000000001100000000000000000000000000000000
111111111111001000011000000000000011001111100000000001111110011110011110111111110111111111111111110111111110000000000000011001100000000001111100011111110001100111000000011111111110000001111101111111111001111111111111110011111101111110011111111111100111111111001111111111111111111111111111111111111111111100011111111100011111110000001111110001111011111
111111111111111100111111100111111111111111000011111111111100000111100000000111111111111001111111111111111111111111111110010011110111111111111111111111111111111111111111111111111111111111111111111111111111111100111111111101111001111110011011100011111111100000001111100001111111111001111111110001111111111111111111111101111111111111111111111111111111011
000000000000000001100000011000000000000000000000000000000000000000001110000000000000000000000001111100000000001111110000100000100000000011000100000000101111111000001111111100111011001000000000000000000000000000000000000000000000000000000000000000000000000000000000000000000000000000000000000000000000000000000000000000000000000000000000000000000000000
111111110111111011111111111111111100111111111001111111111111111111111111111111111111111111111111111111111001111111100001111000111111111111100011111111011111000000011000111000111111111111111111111111111111111111111111111111111111111111111111111111111111111111111111111110111111111111111111111111111111111111111111111111101111111111111111111111111111111
111111111111111111111111111111100111111111111111111001111111111111111100111111111000111111001110000110001111110110001111110011111111111111011111111111111111111111111111111111111111111111111111111111111111111111111111111111111111111111111111111111111111111111111111111111111111111111111111111111111111111111111111111111111111111111111111111111111111111
000000000000000000000000000000000000000000001000000000000000000000001000000010000011111111111100011000011111001111110011111100000011110011111111100000111111000001111011111111100111111111000010111111111111001111111111111111111111011111110011100000111111000011111111000111111111111000100000011100000100111100000000111111111111111111111100000010000111111
011011111111100111110111110001101100000001100000010110110000011111100110001111100000110111000000000001000000111111000000001100000000000000000000000000000000000000000000000000000000000000000000100000000000000000011000000000000000000000000000000011000000000000001100000000000000000000000000000000000011110000000000000000000000000000000000000000000000000
000000100000000000000000000000000000000000000000000000000000000000000000000000000000000000000000000000000000000000000000000000000000000000000000000000000000000000000000000000000000000000000000000000000000100000000000000000000000000000000000000000000000000000000000000000000000000000000000000000000000000000000000000000000000000000000000000000000000000
000000000011100011111100000001100110001111111000000001111000000000001111011100000010001100000001110000001100000000111100000010000000000001100000000011111110000000000000000000000111000001000000000000000000000001000000000000010000000000000000000000000000011000000000110000011111100010000000000000000000001110001110000000000111011110011111111111111111110
111111111111111111111111111110000111111111000111111100011111111111111111111111111111111111111111111111111100111111111111111111111111111111111111100111111111100001101111111111111111111011111011111100110010001111110000010011111111000000011111111111100111111111000111111000011111111111111111110010010011111110011111111101111111000111111111111111111011111
111111111111111111111111100110001111100001111101111111100000100011110000001111111111110100100000000011100001100000000000001111011111111111111110001111111111111100000011111100111111111111111111111111011111111111111111111111100111111111100001111111111111111111111111111001001111111100111000001111111111111110111111111111111111111100111111111111111111111
000000000000000000000001111111111111111000011000001100000000011100000000000000100010000111111000000000000000000000010000000000000000000000000011100000110000000000111000000000000000000000000000000100010000000000001100010001100001110011111111100000011001101111111111111111111110000110000111000111100000000111111111111111111001100111111111111111110011111
111110111000111111111111111111111111111111111111000001111001111110000000011110011111111000000111111000000000001100000000000000000000000000000000000000000000000001110001101100000000000010000110000001111110001000011111111001111111111111111001111111111111111111111111111111111111111111111111111111111111111111111111111111001111111111111111111111111111111
000011000000000000111111111110000111011100001110011111100000111111111111000011100110110000110011110011111111111111111111111110111111101111111111111111111100111111111111111111111111111111111111111111111111111111101111111111111111111111111111111111111111111111111111111111111111111111111111110011111111111110011111111111111111111111111111111111111110011
111111111000011000000000000001111111111111110000011110010001011000001100011110001111111111111111111100011111000000111110010001111111110001111000000011111100011000000000000000000000000001100000000000000000000000111000000000000001000000000011100000000000000001000000000110000000000000111100000011100000000000000000000000111100000011111111100000111111111
000111000000000000000000000000000000100000110000000100000011111101100110000000110001000011100000001100001100011111010000001100000010000000000000000000000000000000000000000000000000000000000000000000000000000000000000010000000000000000000000000000111000000000000000000000000000111000000000000000000000000000000000000000000000000000011110111000011000111
100001111111110011111111111111111111111111111111111111111111111111111111111111111111111111111111111111111111111111111111111111111111111111111111111111111111111111111111111111111111111111111111111111111111111111111111111111111111111111111111111111111111111111111111110111111111111111111111111100111111111111111111111111111111111111111111111111111111111
110011111111111111000011111111111111111111110000000001111111101111111000001110000001000011111111111111100000000000000001110110011000000000001111110000000000000000000000000000000100000000111001111110000000011100000000011100100000000000000000111011111100000000000000001111000000000010000000000000110000000000000011000111010000000001111110000000000000001
100111000011110011110011100000000000000001111110000001100000000001111111111111111100100000011111111000001101111100111111001111111100000100111111000000111111001111110011100000011111111000111000011000000011111101111111111100000011111111101111111100001111110000000000010111111110000011000001111100111111100000011111111111111111111111111111111111111111111
111111111111111111100111111110011111111111011111111110011111111001111111111110111111111111111111111111111111111111111111111111111111111111111111111001111111111111111111111111111111111111111111111111111111111111011111111111111111111111111111111111100111111111100111111111111111111111111111100111111000011111111111111111111111111111111111111111111111111
111111000011111111111111111001111111111111111111111111111111111111111111111111111111111111111111111111111111111111111111111111101111111111111011111111111111111111111111011111111111111111111110001111111111111000000111111111111111111111011111111101111111001111111111111111111111111111100000001111111101111100111111111111111110011111111111111111111110011
000011111111111000000000000111111111100000001111110000111101100000010000111011111000011111111111111111111110001111111111100000001111110000001111111111000011111111111111111011111111000100011111100001100001111111000111111111101111111111111111111111111111100000111111111111111001111111111111111110000000000011111111000011111100001111111111111111111111111
011110000000000000000000000000000000000001110000000000000000000111111001110000000000000000100000100000001100000000000000000000000100111011110000000000110001101100110001111111100000000110111111111100001101100000000000000111111000000100000000001110110000000000000000000011000000000000000000001000000000000001100000001100000010001111100000001110001000010
111111111111111111111111111111111111111111111111111111111111111111111111111111111111111111111111111111111111111101111111111111111111111111111111111011111111111111111111111011111111111111111111111111101101111111111111111111111111111111111111111111111111111111111111111111111111111111111111111111111111111111111111111011111111111111111111111111111111111
011111111000111111000000000000000000000000000000000000000001000000000011000000000000000000000000000000000000010000000000000000000100010000000000000000000000001100000000000000110011000001000000000000000000000000001100001111110000000000000101100000000010000000000000000000000000000000010000000000000000000000000000000000000000000000000000000000000000000
111111111001111111111111000000001111110001000000000011111001100111111100001110000000000011000000011110111111100010000000000001001111100000000000000001100000000000000000000000000000000000000000000000100000011100000000000000111111111100000000000000000000000000000000000100000000000000000000000000000000000000000111000000000000001000000000000000000000000
111100000111111111111111111100111111000000011111111110011111110001111111111000001000000001111001100010111000101111111111000000111111111111111111111110000111110011100001100111111111011100000111101110001111001110011111001101111101101111111100111111111111111100111111111100011111110111111111000011111111111100000000011100000111111111000001111111111111100
111111111111111111111111111111111111111111111111111111111111111111111111111111111111111111101111111111111111111111111111111111111111111111111111111111111111111111111111001111111111111110000100000011111111111111100011111110011111110011111111111111111111111111111100001111111111111111111001111111011111111111111110001111111111111111111111111111111111111
000001100000000000000000000111100111111000011100000111111111111011000000011010000000000011100000000001100000000001011110000011000000101000000000000000000000000000000000000000000000000000000000000000000000000000000000000000000110000000000000001110000000000000000000000000000000000000000000000000000000000000100000000000000110000000001100000100100000110
111111111111111111111111111111111111111111111111111111101111111111111111111111111111111111111100111111111111111111111111111111111110111111111111111111111111111111111111111111111111111111111111111111111111111111111111111111111111111111111111111111111111111111111111111111111111111110111111111111111111111111111111111111111110010011111111111111111111111
001001111111101000111111111011111111111110000000011001111000000000111001111111100000111100111110111111110111111111111000111111100000110000111111110000001111111111111100000111110000011100000000001111111111111111110001111111111100001111111011111111001111110000000001100111111110000011111100011111111100011111001111111111111110000110001111111111111111111
111111111111111111111111111111111111111111111111111111111111111111111111111111111111111111111111111111111100011111111111111111111111111111111111111111111111111111111111111110111111110111111111110001111111111001111101111111111111111111111111111001111111111111111111111111111111111111111111111111111111110011111111111111111111111111111111111111111111111
111111111111111111111111111111111111110011110111111111011111111111111110111111111111001111100111000001111111111110001111000111111111100000000111110100110000111000000011001100011100000000000110000000111000000000000000010001100000001000000000000000000011111111001111111001100101100100000100011000001110001110000011100000011001001101100111100111111100000
000000000000001000000000000000000001100000000000000000000000000001010000010000000000000000000000000000111000000000000000000000001110000000000000000001111110011000000000000000000000000000000000000000000000000000000000000000000000000000000000000000000000000000000000000000000000000000000000000000000000000000000000000000000000000000000000000000000000000
001000110000000001000000000000011110000000001000000111000000000001110011110111000000001000111111010111110000110000001100000000000000001111111100010000001111111100001111111111111000001101111100111011111011000011111000001111111001111101111111111111100000000011100000000000011100111110100011101100000000001000010000000011111100000000001111100111111100011
111111100001110000000011100000000110001111111100100010000110000000111110000010111100000011000100000011100000011111110000000011111111111111111111111111110001111111011111111110011110000000001111111000000111111101111111001111111111111111110001111111100000000000000000001111100000011000000000001111111000000011111101111110000001111111111110011101111111110
111111111111111000111111111111111111111111111111111111111111001111111111111111111111111111100110111111111101111111111111111111100011111000111111111110011111111000111000111000000001111111111100111011111110001111111110001111000001111111111101000111111111111111011100111111111111111111111111111111111111111111101111111111111111111111111111111111111111111
111111111111111111111111111111111110111111111111111111111111111111111111111111111111111111111111111111111111111111111111111111111111111111111111111111111111111111111111111111111111111111111111111111111111111111111111111110111111111111111111111111111111111111111111111111111111111111111111111111111111111111111111111101111111111111111111111111111111111
111100011100010000001100001111001110000001110000001110110000100000000000000001111110000110000001111101110000011011111000011111110000000000111001101100000011100000001111111110000011111111000000000010001110000000000000111111100111111000010000001100011100000111100000000000000000000111000001000000000001111000000011000000111111000000000100000000000000000
000000000000000000001111110110000000000000001101000011001000011111100000010000000100011100111100000000000000000111110000000000000000000000000000011100000000000000010000000000001000000000000000000000000000000000011111100000000000000001111100001100100000000000110000000111100000000000000000011111000000000000110000000011111100000000000000100000000000000
000000000111111000000111111110000000000011100100000000111110000000000000000011001001000000000000110011000110011101111110000000000000000000000000000000000010010000000000000000000000000011100000000000000000000000000000000000000000000000000000000000010000000000000000000000000000000000100000000000000000000000000001110000000000010000000000000000000000000
111111111111111111111111111111111111101111111111111111111111111110111111111111111101111111111111110111111111111111111111111111111100001111111111111001111111111111111111111111011001111111100000111111011111111100111111111111110010011111110100011111101111111111111111111000011101111111111100001111101100101000111100111111110000000000010000000000000000000
000111111111000011101111111111111111000110001110000111000011111111100000110110110111111111110001111111111111111000001111110010000000000111000001110000011111001111011011111110000011001111111111111111110000111111011111111100000111100111110001111111110010010000010000111100011111111000000000001111110000000111111000011111000000011111111110110000011111111
110011100111000001111110000000001110001110000111100001110000001110110000001110011011111110000111111110001000000011111000111111100111111100000000111111111111100000011111100011000110001110111100000110000000001100011110110110011110000000111100011111111111100111111110001100111111000000111000011101101100011001100011001100001000000001100000000000001100011
100111111110000000000000000000000000000000000000000000000000000000000000111000000111111111111001100000000000000010000000000000000000000110000000010010011100000000011111111100111111111111111111111111111111100001111111111000111111111110000011111001111111000000011111111111101111011111111001100000011111110011000000000000000110000000000000000000100000001
000101100001000000000000111111000000000100100000000000000011111111000000000001111111100000000000000100000000000000000000000010000000000000000000000000000000000000000000011101111111100000000000011110000000000001111000000000001000000001100000000000000000000000100000011100000000000000000000000000001100000111100000000111010000100000000000000011000110000
000000000110000100000000000000000000000000000011000011111111000000110111100010000000111111110000001111111000000000000100001000111100000011111001101110000000000000100110000000000000000000000000000010000000010000000000000000000000000000000010011111000000000000011110000011111100011000000000000000000000000000011000000000000001100000000000110000000000011
111111111110001111111110001111111111111111010000011000001111111111111111111111100111000000001111100111111000000000111100000000000000000001000000011000000000100111000000000111111011111111111111111000011111111111111111111100000111110000000000110001111111111111111111111110000101110111111100000111111101110001111000000111111111111110000111011111100011111
111111111111111111111111111111111111111111111111111111111111111111111111111111111111111111111111111111111111111111111111111111111111111111111111111111111111111111111111111111111111111111111111111111111111111111111111111111111111111111111111111111111111111111111111111111111111111111111111111111111111111111111111111111111111111111111111111111111111111
111111111111111111111111111111111111111111111111111111111111111111111111111111111111111111111111111111111111111111111111111111111111111111111111111111111111111111111111111111111111111111111111111111111111111111111111111111111111111111111101111111111111111111111111111111111111111111111111111111111111111111111111111111111111111111111111111111111111111
111111111111111111111111111111101110000001100000000000110011110000000100111111011101000111111111100000100111111000011110000001111111000011011111111111111000000110000000000001100011100000011001111111111110010000000000000000000000000000000000000000000111101100000000000110001111000000011100000000000000000000000000000000010000000000000000000000000000000
000011000000000000000000010010000001100000000111000000000000000100001100000000000000011110000011111111100000000000000000000010000000000000000000000000111100001111110000011110000000110000001000000100000100000011001111111111000111100000100110000000111100000000000001100111100000110000000010000000001111110011011111111000111111111111011111111101111111111
000000000000000000000000000000000000000000000000000000000000000000110000000000111111100011000000000011000000000000110000000110001111100000001110000100000000000010000000000111100110011000000111001100000000011000000001100000001110000000010000000000000000000000100000000000111111011100100000000110000110000000000000000000000010010111111100000000000110011
111111111111111011100001111110000000000111110001100001110001000000000001100011000001000000000000111111111111011111111111000111110001110000000000001000000011000000000000000000001001110011000000111000000000001000011100000001100000000111111000000000001100001000000000000001100001111110000000000000000111111100000000000000000000000000001111100000000000000
000010000000000000000000000000000000111111000000000000000000000000000000000000000000000000000011000000000000000000000000000000000000000000000000000000000000000000000000000000000000000000000000000000011000000000000000000000011100011001000000000000000100000000000000000000000111000000000000000000000000000000000000000000001111000000110110000000000000000
010111100100110000001111111111111111001110111110011001111111111111111110011111111111110000011111000000011111111110001100001111100001110111111100011111000111111111111111111111111111111111111111111111111110011111111111111111111111111111111111111111111111111111111111111111111111111111111111111111111111111111111111111111111111111111111111111111111111111
111111111111111111111111111111111111111111111111111111111111111111111111111111111111111111111111111111111111111111111111111111111111111111111111111111111111111111111111111111111111111111111111111111111111111111111111111111111111111111111111111111111111111111111111111111111111111111111111111111111111111111111111111111111111111111111111111111111111111
111111111111111111111111111111111111111111111111111111111111111111111111100000111111111111111111101111111111111111000111111111100111111111111110010011111111011101111111111111111000011111111110011001111111111111110000110000001100000001000011111110000000000011001110000000011111111100110000000000011101100000001111110001111000000001111110000000000011000
000000000000000000000000000000000000000000000000000000100000000000000000000000000000000000000000000000000000000000000000000000000000000000000000000000000000000000000000000000000000000000000000000000000000000000000000000000000000000000000000000100000000000000000000000000000000000000000000000000000000000000000000000000000000010000000000000001100000011
000000000000000000001111000011000000000000100000000000000110000000000001110100000000000100000000000000000100000000000000000001000000000000010000000100001000000001100000000010000000000000000000000000000000000000000000000000000000000000000000110000000000000000000000000000000000000000000000011101111000111000000011110001111111111000000111110000110000000
001100000011110000100000000000000000000000000000000000000000000000000000000000000000000000000000000000000000000000000000000000000000000000000000000000000000000000000000000000000000000000000000000000000000000000000000000000000000000000000000000000000000000000000000000000000000000000000000000000000000000000000000000000000000000000000000000000000000000
000000000000000000000000000001000000001100010000000000000000000100000000000000000000000000100000000011111100000000000000000000000000000000000000000000000000000000000000000000000000000000000000000000000000000000000000000001111111101000000010001100000000000000000000000000001110000000000000010000001100000000011001111000000010001111000000111111100000000
110010000000000000000000000000111111111011100010010011000001000000001100110000000000000100000001100000000011000000000011111000000000010011011000000000110000111111000011000000000011100001111111000111000000010000000000001111111111101011100110111111011111100001111111000001111111111110011111111000000001100111000000001111000111111111111111000011111001110
110011000010001111100000111101100111111011111111111000011111111111111000111111111111111111111111111111111111111111111111111111111111111111111111111111111111111111111111111111111111111111111111111111111111111111111111111111111111111111111111110011111111111111111110111111111111111111111111111111111111111111111111111111111111011110111111111111111111111
111111111111111111111111111001111111100111111111111111111111111111111111111111111111001111111111001111000000000000000000000000000000000000000000000000000000000000000000000000000000000000000001110000000000000000000000000000000000000000000000000000000000000011010000000000000000000000000000000000000000000001111101111001111001000011100000000000000000110
000000000000000000000000000011000000000000000000000101000000000000010000000000000000000000000000000000000000000000000000000000000000001000011110011000000000000000000000000000000000000111000000000001011111100000000000001000000111000000000000000011100110000011111100000111111111111111100110110000000000000011110010000000001000010011000000011111100111111
001111100110111110000001000000111110001000011111000111111111111000111000001111111111111100011111111111111111111001111111100011001111111100111111111111100001110110111111111111111111101111111110111111111111111111111111110111111001111111110000001111111111100010011000110000111111000111000000011001100000000011110000010000111100111000111111000000001111000
111111110011111111111111111111111111110001111111111111111111111011111111111111111111111111111111111100011011111111111111111111111111111111111111111111111111111111111111111111111111111111111111111111111111111111111111111111111111111111111111111111111111111111111111111111111111111111101110111111001111111101111111000000010001111111111111000000000111110
100000000111100000000000000000000000000000000000000000000000001111110111111100000001111100000111000000011111000000000100011000000010111101000000000000011111111001100000011001110000000011000000110000000111111100000000000000000000000000111111000000001001001100000000111110000000110000000111100000000000001110000000000000111001111100111111111000000000000
111111111111111110111111111111111111111111111111011101111111111111111110011111111000110011111111111110111111111111111111111111111111111101111111100100111111111111110110000101111111110000011100000110000001111100001111111111100111111111111001111001111111111000111100001111100001100000001110111111111111100000111111110000000011100110000111111111110000110
111111111111111000000000011000111111110000011111111111111110011000000111111111110000111011110000111000011111000011111001111111111111011111111110000000011111011110111111111111111111111111111111111111110001101000000111101100011110000000000000001111110000011100000000000000000000100010000000000000000000000110001000000000000000000000000000000001000111000
000101110011100000001100111111000000011111000001111111111111111111111111111111111011100001111111110111111110011111111001111111111111111111111001111111111111111111110111111111111111111011111111111111110111111111111111101111111111001000111111111111111111111100011101111111000111111011110111111111111001110000011110000111111111111001110000111111111111111
111111111111111111111111110011111111111111111111111111111111111100111100000011111111100111111110011111101111110010000001101111110000011110011111111000111100011011111111111111111110000001101111111111100111111111111111111111111111100011111111111111111111111111111111111100111111111111111100111011100000111110010000110110111111111000111111100001111111100
101000000001111111100000001111000000001111111100111100000110000000111111111101111111000110000001110000000010011111101000000000000000100000000011000100111100000100000000000000000000000000000000000100000000000000000000000000000000000000000000000000000111000000000000000000001100100000000000000000000000000000011000011100000000000000000010000000111111111
000000000000000110000001100100000010000100000000000000000000100000000001100000000000000001000000100000001111000000000000000000000000011111100000000000011100000000000000000000000000000000000000000000000000000000000000000000000000000000000000000000000000000000000000000000000000000000000000000000000000010000000000000000000000000000000000000000000000000
111111111111111111111111111111111001111111111110011100011111111001111100000000000001100111000011001000000001111100000111100111011111110000010111001111111001111111111111111110000000000000000001000000010000000000111100000000010000001000000000000000111001111100000011111111110000000000011100100001111111110001111111000011111101111110000011111111111111111
100010011000111000000000000001100010000000000000000000111100000000100000111001001100101100001000000000000001111000000100010011000000000011111100000000000000000000000001111111110001100000000000000100011000000000110000000000001101111110111000001111110111000000000000000000000000000000011110000111111001000111111000000000000000000000000000000000000000111
010000011111100110000111111110000000011100001100011111000000000111100110000011101000011100011111111110111011100000011111100111111110001001111111111100111111111100010000011110000011111111111111111111100111111111111100001111111111100001111111111111111111111110000111111111111111111111111111110000111110001111111111100011110011111111111110011111100011111
000001111001111110000000010001110000000000111110000001110001111111111000000000100000000111101110001110000000000000000000000000011111000000000000000010100000000000000000000000000000000000000000011111110000000000001000001111111000011110111001000000100000011001111010001100000000000011100110000000000000000000000000110000111100001111111111111100111111111
000000000000000000000000000000000000000000001000000000000000100110000000001111100001111000000000010000111111111000000001111111111111011111000000000011110000001111000000011000000001110001111100000011011000111001111100011111111111111010000111111111110010111111111111111111111111111111001111111111001111111111001111111110111111111111111111111110001111111
