00000111100000110010011100001001101111001111110000011001001111110011001111100000100110001110010111000110011000111000110011110000011011111001111111001001100110111100011100011111000011101110000011001111001111110000011111111110011000000000001000011100011111001111000000011111000101000111001100011111000011001111110000111111100001100110011110010110000110
00100111000001111100111111000110000111100011100111010011001111111000001111101110100110000111000100110011000001001000111001101110000001101100111000111111100000111000011110001110110011110000010001111101100111100000011111110111100111000010000100011101101110000110011000111100111100011100110111111000001101111011100001110000011111000001111000110110111000
11011111000011011101110011111000011110001111111000111000001101001001111001110001011011100110111000011101101110011110000110011100100111001110000011100111001111100000011111001110011001111100001100011101001110011110000000011100111000111000001100110000110011110010000001100111000111011100001000111100001100111110000011100011101101100111110001100111000111
01110011000111001101111000100011101100111011100000110011001111001111110000010001110110011001100000010110111100111110001100110000110001110010011001111001111100000111111100001000111110011001101110000011101111100011110011000111011100000111100001100110001110010011010001111000000001100111100111000110011110011011110000111100010011101111100100100000111001
00000111001111110000011001100100111100011001110000000011111000111100101101110000100010011001110011011001110000001110011110000100001000111110000001100110000110110010011000001111000111001110011010110110000001111110010000001111100000110011011100011111100000011100000001100011110000001110110001110110011000001110011100011100001111100000111100111001000111
00011110011010010001111100001100011110011011001100110000010011100110110011000011110011111100001100100011111111011001001100001000000111100001000110001101000011111111000110011100101111000011111000011001111111100110110001110011000111001111001111110000011001111001100001110000110011110000011111110000110011001111011100000011100011000111000100111100010011
00110110011110001110011001100011111000110010110111100011111011000110001100001100110011101110000000100110011110000001100111100011101100001100111110011001111000011010011000011110001110000000110111001001100001111001111100111101100011111000100011100000001111101100111000110011101100011100000110010111001100111000011011001111101100001100100011101111100011
01111110000110011111000011111000111110001101110000011111001110001000110011100111100011111100110010011100001001110000110011001101100011000100110001000011111000111100011110001110110000110010011100011111111000100110001110011000001110000011001101110001111100011011000011011011000111110011110000110010001111100001101110010011001001111100000111001110000110
10001101001110000110011110110001001100011100001101100011110011100111111000011001110011110000000001110000011100110011110011011011100001100011100110001111110011100000110011011011001101111000011111000001111111011101110000010011111000110010111100010001111111011110011110000111111000010011111100000100101100111000011100001111011000011000110110000101111111
11001111000111100010010011011000000111000000111000000111100000011111001111000111111000111110011110011111111100011110000111001110001100100110001111000000111100111000010011111000001111100110011000001110001111110010010011100110100110011111100011111100011011000110111000000111111001110011100010001110000110111001100011100001101110000001111111001000011011
10111011011011100000011111110110011100011100000111001111011110011111000110001110000001100011000110000111011000011001110000011011000111100010111000100001111100001101100111001101110001110000111000000110011011001111100111001110001100111001001110010011110111000000110001110000010011111000001001110000111100111110011111000001110001110011000111001100111110
01100011110001010011110011100001111001100111011100010000111100110011000011011100000111100001001100011000010110011011000011100000110110000011110011100001100111100011101101111110000011111100110001100111100100111111110011011011000010011000000111110000010011000000111100010001100011111000011001100110001100111000000111111100100111110011000110001101111001
11001110000111000011100111100100111100111100000000111111101111111000011100011011001110001001101100101111000111000110011100111100000001110111110000000111000001100110011101110010001111110000000110011011110010001110111000111100011110010001001110000000001110011101101100000110011000011000110011100000001100110000111100001001001110011111000110011111011000
01100110000100111111000100001110011000110011110000011110110111110000110011110111100110011000000111000110011000111000111100110110011110001111000111110011011110000111100000111001111001000110111110010000110011100111001111000100011001100101111100111000011110000011001110111001100110110011001101110011110000001101111001110110111000001110011001111011000111
01110011110001101100111100001111000011001110110001110000011001111000111001110000000111001111001111000100111001100001111001100000110110011000110010001100011011100001001100111001101111000000000011111011001110000110000111100111110000010101111011110000111111011011111100111000001111100110111110111100011000111001110001001110000111010011001111101111111000
10110110001100000011110011100000001101110001001101100110100110110000011111100101111100000110010100111110011011000100110011110000011111101110111000111000011100110011011100001111110000111100001100111011110011100000011111110011100000000111111111000110011100011111000000111110011001001110000001111100001111100011000110111000111100000101101100001111110001
11100011000011010011110001001011000111111100000110111011110011011000011111101110000110111100010001100001110001111000010110011100111110011100000011010011010011111110000111110011011100011100001100111100001100111100001100110111001101110001000111101110000110000011100111110110001110011111011100001100001110000001011110000110100010011100000110111011001111
11011011100000100110111100000101111101100110000011110000000011100110110111000100011110000011101111001111000011001001100111000010100100111111000010010011100000110010011110011110000011111001110110001111100011001100111000000011100000111100111111111000110011111100000110110111000010000011101100110000111100000111000001001100110010010011001011100000111100
11001101101110000000111100011110111000001100110000110011100000111001100111110111000011011000110111101111000000111110000110111100000111000110001100110010111110000011001110110011001101100001110110111000001111100010010001100100111110011111000001001101111001110001000111100110110011111100000000110011100111110001101111110000001101100011100100011111000111
10111000011101100111111000011110000011100000110001111001011011000011010010110111110000110011000110011100000111110011100001000011111100111000000011001111000011111100001110011011001110000110110110000011001110011100000010111001101001100111011111101110000000011110011110000000111100111100000110011110111000111110111000001110110011001110000111000111111001
00011011110000011101100100001101110000011110000100110111000001111100100011001111110000011101000111000000011111111000001110011111001111111000011011010011110111110000011111001110000011001111000001100101101110000110001000110011111000110000111000000110011101111000101110000011100111110000011111000000001110011111000011001110001000110011001101111100001110
01001011011100011111001111000001101110011101100000110111100111111110001101100000111100011111100100011001101100011001110001111100011011001101110000011111001111001000110001110000011001110001111111000011000111111000110010011101100000010111111000001101111000001111110001110110011110000110000110011110011000111000000111111110111011100000111001110000011111
10111000110010001110011001111000000101111101111001100111110001110000111111001110000101110110000011100001111100111110100011100111011000011001000100110001110111100111001111100000110111000110011110000111111100111001101100001100111111000011111000001001110001111000000111001111100110001001110000011110001100011100111000001100100111011000101111000100111100
11101001100011001111000001100011100011110011001100110110111100000001011100011000110111000111000011100111101110000110100011110000111100111111001000110011100001100110110011011011100111110000000011001001110111110001100110011000100000110110001111100001100010010001110001111100111101110000100111001110110110110000110011110000100110011100010110010010111001
01111000001111100101101001000111110000001100111000111100001110000001100111100100011100111000000110101100011111001110001001011100011001111111100001111001001001110001110000110011101000110010001111100000111111111001111100001110111011100111001100100100011001110000011101100011100010110011100111110011100010111001111010011101111000110011000111100000011001
11001110001100110111000110001100000011100000101100001110000011001101111100110001001100111000010001101101100111001101100111000011000011000001111001000010111000100000110111011001001110001111100100011100111000011001011100111111100001110111000011001011100011110011110010011100111100010000111001110011000111011111000000000111111011100000011110001101100111
01111000111001111000001111111100111000110110110000011011110111101100001000100110000111011001110000111001111100000000011001100011000001111000110001001101110000110110000110111001110110001011100011100000011100110001110011100011100111110001111001111100001111001110000110010001110011001100011111100110000111101111000001100110100110000011100100111100110101
10001110011110001111001100111100110000111100011110001101110011000110011111000110000011100101001110010111000100111110000001111100011001001100001000111000001101110011111001000111001001101110000001111000011001110011010000011001011110000100011111000000011111001110000011000110111100011011100011001111000111110011000111101100100110011100000000111100010011
10011011001100000110001111100110000011001110000011001001111001001110001001100110011011100011101100000011111100100100011100000100011110011001100001101110000011111100001100011011000101100000110000110000011101110111100111100111000001111000010001100111001110011000011001111001110001110000100111000011110010010010110100011101101100100110110011011011001110
00111110000101100001011100000110010011110000011110000011001101110000011110011000111000001110100110100100110011011000011100110000111011110000100111000010010011100001100111110011111000011000001100111110000111101110010001110001100110011000111000001001100111111000001100011110001110000001110001111001011001100011011100110001111000110001110111000000001110
01111110000000110001001111101100100111000011100110111000001111111100000111001110001110110000111000110011001110001111001110000001100101100111001111110001101110001010010111100000110011001110000111110000111111001100000100110111011000111110000111100011000100011110001100111101100011111100000110000011100111111100000100011111011001100111000011001000011110
00000110010011110111000011100111110000000001100110000011011001110011100111100111011001000110110010001110000110010011111100110100010010011100001100111001110100111110000110001111100000110011101100110000000011100111110001100111000111000000110000110000000001111000100101111100011001111000010000011111110011110010011111000110011000110011100111001100010000
11011001101100101110000111000110110011001111100010111000010111001100111100110011110011100001111100110110110011110000100111001100111100000110000111100000011001001101100000111110011010000111100111000011001101000011001011100011001110110010111001101111100000111100111100011101110011000111000111100110010011000000001111001101001111110011000011111001110011
01111000000110011100000111010001100100110010011111100011001100110111110001110010001111101100110001100100111110000001111100011100001101111100000111100001110010110110011000011001100110000011100111001111100001110011111001100001110000111011100000111000111101111110000000111000111001101100111001100001111000101110100011001100110000110010011000111100111100
11011000100101110001101100111100011000111000001110011110001111000001111100111001000110000001100000000011100000110011001000111000010011110001110001111100000000001110011100110000011100111010010001111100001011011100111100110111110001011010011100000110000111111001110001100000001100111111001100111000001001110000111100101100011100111011001100011100001101
00110000110011001110000111101100110011100011001110000111110000111011110111000100101111100011110000001100110011110010011110110011000101110000100110011101100111001100110011110001100110011100110000011001100100111001110011001111000110111110000111111001001011110000011000111011001011100000000111110010110000110111111001001110000011001001110001001110000111
10111000100011011001111000000000111010001110011001111110001011000111001110010000110000011000011110110000111100111000110111001111001101110010111000100111001100011110001110011011100111100111110000000011111001101100110011110011011100011000111001111000110011001110000011011001111111001110011100111000011100011110110100011101100000110011000011001110010000
01110011001111111010000011100000011110010010001111000111001110001110011000000111100110011100000100111110011001100011110011000011101101111110001100110000111111100001100001110001111001111110011100001110011110011011001100011100000111100111000111111000011100000110000111100111001111000101110000111000000011000111100001110011010001000111001101111010110010
00011001100000011110110011001110001001101110110000001101111000001100110000111000110100001011111000000000011000011110001110110011111100001001001000101111100111100011001110000100101100011100111100110011100111100000011011001111110110011001100011011111000101000111101000111100001111100111100000111000010011101111001100111110000011111001101111000110000001
11001100000001101001101100100011000111100001111100011110000111001011000001110011100110110011001110000011001001100011100011100011100001101111100111001110000100001110000111011001110000001110011011000001111001100011001111100000001100100111001111100000011011001110011100001100110111100000111000110111001100011100011111100000110001110011001110011001100111
01100001110011011001100001111100011000111111110011100011111000011100110011100110000011100001110000111000010011011011100011011100001110010111011100000001001110000011100011100111110001001100100011000110110111100110110000110011100110110010011011111100000100000110001110000111011100011001110011100111001001100111100110010011001101100011000111000011111100
00110100111110011100010011000100110000000110001111001110111100011001110000000010111001110000000011100011111110000011111100011000011000111000011001110011001110011100001111100011110000010001111111000001111100110011000001110000111100111100001111000001110111110010011000101001101110000111000110011100110110000001110001101110000001100011100111111000001111
01111011000111100110111011010001111100010110011001110011110111000000011111110000011000111000001001011101100000110011111000010011100111011001101110000111000110011100110011111000000110100110110100110000001101101110001110000111100100001111100001110001110011011100111001100011100110111001001100111110000111001001100110011100000001101100110000110010110000
00001110111000001110010110001100010011011001111000011110001111100100011001100000111000001100110011100000011110010001100110000111110000001111011100010000101110010011001100110111000110011100000101100111100111110010000011100001111001100011001111000111111001100111110001100111000111001101111001111100100000111000001001001110011011000011001001100011001111
11000111011001011000000011001100011001111110001110011011100110001111000100110011000110011111000011001100001100011111100110010111100111000110011100000010001111000001110110000100011110001011100110100000111100111100011100111111111110011100000111001110111000001111111001110111000111001100110011110000011001111111001001111000000011100011011110000001100011
00100001110010011000110001001110000001100010011011000111001101111001100011110000011001110011001110011001100110111011100000111011000111110011000001001111111110000110110010011111100000110100110111000110001111000110111111101100111011100011000110011100000111000001001011101110000100001100110001111000011111100000111000011011110001001111001110000000100111
11111000011110000111001100011111000000111111011000010010001110000111000100111001100110011100000001101110001110000111010110001000110000111111000001100001100011001111110010000111100000101100100100111000011000011110000011011100111001111001001110000110010000111001111100000011111000011111100100110001111101100000100110010011100110110011100100111001111111
11111011001100111110000000011000110011110000001111001111111111111000010011011000110110111100000000111000110011000011001111100111000110011110011100011110011011100010011011011001111000011100101111110001101111111000001111000011001100110001111110000011111000101111000101110010011110000111001100000001111100001100111110001111110000011110011101111001100001
11100010011001110110011110000100011011111000001111110000010000111001110011100000100011100001110011111000010111000111111100011010011100110011100001100110111101110001110001111001011100001100111001100111001100110110011110001110110000011101110000111001001100011100011001111001001100000111110000011111000011000111001100001100111111110000110011110011001111
10011011101100000110111000001111000001110001101110000011110110000110011011110000011101001100011111110000110111100000011110011000110000110011001001100110011100011100000110001111110011111000001100001101100011100010011100000100100110011001000001110001110000011100110001110100011100001101110110001111011000011100011110011001111011100110011100111011111001
01001111110000110011110011110011000000011001100110010011111000001110111000101110011110001110011001011100110001100111110000001000011100101110100111011100000011000101100111111100000000001100111000110011100000111110100111011110001001111100110001110011100001111100001101110000011101111101100110011100000001110110010010011100010011111110110001100001110001
11100001110011111100011110000110110000111000011100001100111001110001110001100000111000000110011100110000100011011000001111100011000110001110100100010011101001001110110001100110001100110000010011100100111000010000011110000010011101111011001110111100010011011001110001101100001111100011001100110010011111100100111000001111101100110011011111001111001100
11111011100110000001111001110011100011100001110001110011001111100000110111000110000111000011111110001000110011111001000011111011100000111111110001110001100111000001100011101100110010001111000011001011101110110011000111001100110000010111000011000011110000010001000111000111011100000011000111111111100111100100110011000110011100011111000111100110000001
10111011001111111100000100111000011100010111000011000001110011100111011011100000110011100000111110000011000100111100011000111100110110000001110011001100111000011110000110110000111110000000110011010000111011110000111000011111111110010011001111100111011100100011110001101110001111111000011110111100010011011001100000110111000010000110011110001110000010
00100111100110110001110000001100110011100111001110000011011111100110001110000001000111100111110000011100001100111001110000011110011111110000011111000010111100011001100011111111110000011111000110001111000000111100111001100001101100110001111100111001111110000011110010000000110111001111110001100000110110110011011000001011101100111001100111111100001111
11000001111100110011110100011100011000001111000011110111001110011011100011110011100110011100111000000100011101100000111001110000001111000111111001110001111110010111001100000011100110000110110111001110100111100000111000110010011111000000110011100110111000011001100001100011110011100010010111011010011001101110000100111011011001111000110011100000111100
10000100111011110001101110000111001100011101111111000111000011001101111111000000111001000111010001110001110001101101100100111000001111000110100110111100001101101100111100011111000011011000001001111100111010010000111100010000111000000001101111000000000111100100011000100110011001001111001001110000001101100110011100111110001000111100001110001111101110
01111000111011000110011111111100000110010001110000000011001111000111001111101101110001111100001100110101100011100011001110011000111000111101101100000111111000000111110100110110001000011001110101100111100011001110011111000011110011110000111000111001001101110110000001110001110000110001110000101001100111111001001110111000100110100101100001100001111110
10011100011100000100010001111001100100111000001100111111001110000111000100111000110111100011110000010111111000010011000011111010010001100011100000101100100011110010011100000100110000110000111001100101110011011110010001100000111000110000111011001001100001111111100111000001001110110001110000011111001111110011011100000111001100111001111100100101111000
00111100111000110000111000111100011111000011001100100011010011000011110001111100000111100001001100100011000111100000100110011100110010011100000110001100111000110111100001100110011000111000011111000001100000110001100011111111000011111000011111000000011011100011100001110001000011011001110000011100011100111000001111100011011111000110000001111011110010
01001100100110011101110000001110001101100011100111000000011000011100110001100110000111011000011000111111110001111000011100001111100000110100001110100110011111000001100011101100000111001111000001111100110011000001111001111100111100011100011100110000111100011000111000011110011000000111000011110011100001100001111011100000111100110010011111001100011000
11000100011110100110110110011110001111100011100000110001100110001110000100110110000011101110000011100000110001111001100111100111100000011110110001100111000001111000111001001110000111110000110010001011000111100000111101110000111011000111001110110001110001000111100110011000011001101001101110001110011110110001111100011011111110000011000111100010111000
00111001111000001111111000111100000001111001111000011100010011110000110001110110111111110000111001110001111100001110010111000100111110001100111110011100100100000011000011001110010011000111000011110000100111000001100001111111111000100111100111110011110111001100000100111110011110011111111101110001001111001100011100100100100111001111100010001110111100
01100111111011100000110101111110000001111001111110110000011000011100011100001100001100111000011101101110011000111100001101100001110111111000110110000011001001110000111000110011100011111000001110111100000111000000011111100100011111100000011110000011111000011101100111110011111110000001100011100011100111001101100001100000110011100010011100100100010111
00111000010111001101001000110011000111001110000011000111111000011001110000100001001110011000100100011001001001111100001001110011000111011000011100000001110000011001110011100100011100011110011111011000111111000100111101100011000111001111100001101110001110001111000111001100011111000111000011111000111000110011110000110011001100001110001111110000011100
10011110000001111011000001111000110110011110011111000001100110111100011111000111001111001001100011011100011101110011001110011110010000111100011110010011100000001000111100010011011100111111000010011011100011001100000111101001100110001110011111110000011011110011100000011110011001110110111000100011101110011100001110011110111100001111110001100010011011
01100001111111100010100101110001101100011000011111000010110000111000111011100010110001110000011100000110111001111111110011000111001100011001111011111000001000111110011100000111110000000110000001100111110000001110011001100000110111000000011001111011100011001111100100111000000111000000111100001110000011011100110011001110011000101100110001001111011110
01100100110011100010011000110011110111110000000110011110000111001110011001110001001100001000111111000001100111001101100011001001110000011001000011001110000110011100011011100001000001100110001000111111011100000111100100000111011110011100000000101110110111111011100011001110011010011001111000011100001111000100011111100011001110000011110011011011001111
00011100110110111011011000011001101100011000111100000000011001111011100001100111100111100001111110001100011001111000001100011100101111011000111111000010011001110011000001110000111100000110000111101101011110000111000001111101100001110001100111110000000011111000001100100111100011000011100111001000111001100111000000111110011100011110011100100111111000
00110011001111101000000110011111100111111100011100011100001101110011011000001100001111111000101111000011001110000110000100111001100001100111100111111100000110111001101100111111100011100111100001101000011100111000000110011100111110001111000111011100111111001111001100100111000111011001100100111100000011100111100000000111100101100011110000011111000101
00011001111100011000111110001111111110001100110000111000010011100011101110000010001111110000000011011000110011100111001100000001111100010000111001110011110011100001101110001111000001111011000101100111100110000010000111110000011100111100011001111100111100000101111000001110010011100011101111011100010011001100111111001111000001111000100101001111000000
11000011001110000010011001111100001101100111000110011100000011001100011001100111100011000111011100000001111000001100111000111011110011011111000111000011110000111000001100111001001001111000010011111100111000111110000111110000010011111000111110000011001011000111100000011001111011110011101100001100111011001111001100100100011110000010001110010001100110
10111111010001111110000000110111001111011001110000111111111000110011000001110010010011110001110000011101100110111100001101110000110110101100111000000001111111001101100111110011110000010011100111110011100000011100111000011111100000010011101110011110001100111001111110001111000011011000100110001111001110010000011110000110001100101100011111000001111110
11110000011000011111000110011110111000001110111111001001110000110110100111000001110000110001101100111111110000110011100110011111000001110110100100111111111100000110001110011000111110000001011001110010011110000111011100100001100011100001001110111110011111000000011011111000011100111110001111000111110000011000110001000111000000100111011111111000011110
00111000011100110010011111000001001110011001111110000011111000100100111100100110001101111000111111001101110000111011110011110011110011100000111110111111001001110001000111110001111100011110011011100000011110010100111001000111110000000111110000000111111000011011101101111110001000110011000110001100111100011001100110001100000011100000001111011011110000
01111001110000000110001111000110011100000111001110100111001110000111000000111000111111001100000111000011011100111010011000011100001001001100110111110011100000100110001111011001110001111011110011001001111100001101100000011000011000000110011001100011000110011000111111000011100011100110111110000011100011110001110000000110111101110111000011001111100100
01011100000111100000011001110011011000110011110011111100111110000011100001100010011011100011111111000111100001001001110011111111000000110010001001101110000011000110000111000111000111000010111101110001111100000100111110111100011111110011010011001110000111111100001111101111000010111100001000111110000011111011000001100011110000001011001110001101111000
00011001110000111101111000001101100001001100111011101110001001100011110001110001111110110000011001110000011100011001100110111000000011100110100101101111111000001011011101100100001101001111110110000010011001110001110111000001100110011011110001110000010001100100111111000000011001110011011000001101100001111100011111100000000110100000011011001110000111
11100011011000011100111101100111001110001100111000010001110110110000001101101000000010011100011100000001100111100111000001110111100001000111101110110011110001011100010001111100101000011111011100000100110000000100100101110000111011000111110011101110001011011011111110111100100111100000011100111111001100110100011001111000011111100011110011110011110000
11011100110111111001011100110001110011001111000000110111110011110011000100000111000111100011101111000001111000111110110000110001110001100111000110001101110001110110010011100011111011010001110001111111110011111110000011001111111111000110001110010001111000110010111000111001100001100110001100000110001000111110011011111100000001110011111111110000110110
11000100110011111100010010011011101101100110011100100001101100001001100110011011100110010011110000011000110011011101111111100001100111111000111111001011100011100101100000111001111011100000110110011110010011001111110001101001110001110001001110000111000110011001111000000011110000000111110011100011110000001111111000111110001110110000111111100001111001
01110001110001110111110110011111000100111111111000101000111111100000011100111000011111100110011000001111011001110011110000110011110011100111001110111000111000011111000111011111000010000001111101110011001110000100110010011000011111000011101101001110011110000110110011000001110001100011001110110111001100111001000000011011001110000001110011101111000000
00110110011011100000111110011000111111100010011011100011001100100110111000110011000111101100001110001000011110000010001110011111000001111111100010011000111100001100001100100110011100101001110011111100100000111100110000011111001110111100100011110000001101111001101110011110000110011111001100111100100110110010001100110111000000110011100110011111000001
00010001110111100110111100000110001111100110011100001001111100010011101110011100000110111100101100011111101110000110001111011100111011001100001110000111011110011110110100011110110000011111110000010000100110010011111100011000110101100011110111111111000001001101110011000110011111011000111100010111000011000001100110000111011100111000011001100011111000
10011110011100000111000110001110011100011110000011000110110010111100100111001000111100011111100100001110000010011000111010001110111110000001111100111000011100001110000011001110011100111000001100110010001100011001101110001101110001111110000110011110000011111001101001111100011100000100111100100010110011000011001100001111101111100001110010011111011110
11100000001110100011011011100000110111010011111000100110111000100111011001100101111110111100111100001111111000011111001001111000110001110110011110000010011111000011101001110100101110000000011011100111100011100011100001111011011000100111111000001100111100111111000100010110111111000000011001011100100010111011110000100110111000001011000011011100001000
01111001110000111100111001100010001110011001111100000011011100011110010011011110000001111001111000011011011001110111110111100110001101110010011110111000011001111101101111000100011111001111001100100011011110110000010010011000011100100000001100001111000101111001100110010001100011100000011100000110001011110100110000101110110011001110000011110010010000
01100011111000011101110001110000001100011000001110000111111011011000111001001011011100011001110110000011001110011001000111000001111001101110011110011110000010110011100001111100000111000111001111001000110010000110110111011011100000011100010000111110001000111001101110001110110011000011111000001000111000111100110000001100101111110011110000000011100100
00011011100001101111111000110000001110001111001111111000001100010011011000101101100011100000011011011010011010010000011111111000011110111110010001100110011100001100011111000110011111000011011100011011100111000011110000110001100110001110011100000110011000001111111000111111111011100111110000010011100000001100001110010000110000011001101100000001111001
11000110011011100011001110011001100001100111100000011100111101110011011110000111000011000011111000010011110001100111100000110011000100110010011000110011001101111001001111110000010001111000011011000011111011001111000001101110001100011111100001100011110001000111000011001110110011110000100110011011110001100001111100000111001100111110001111100000000001
11000000110011100111101110000110011001100011111001110000001111001000000011111011100011101100110110011100110000010011110011110001001100110011011100000011100010010001011100110100110111000011101110011100001100111001001110000011100011011100010011100110111000011001100100000111100101111000001111000001111100011100101101011111000111011001110110001111001110
11111110110001101101110011000111100001111110000000110111000001100111011001111100000111110001110000111000000001001100100110011100000001100111001100000110100011100011011000111000110011101110000111001011001111001111100000011000001100010010011100000111000001110110000011110000010011111010011110000011110000110001110010001100111111000001001101110001101100
01110100110001111000001000111001011100000110011000011001111110000111000001111001111000011110010011111000001111100110011100110110100111100001001110001110111001001110010111001110001110100110011101100010011110001001110111000000111000011111001100110000001111110000011100111110111000011111011100000111100011000011100001100000110011110000011011000011100111
00110000000011110001110010000000111001000110001111100010001111110000001011001101111011111100100100000111110001100111001100011110011001110011100001001100110011001100001111110000000110110011000011111000011001111000000111000001100110001110000111111000110011100111010011000011001110000011100111000011110001111110000001110000001110011100110110000000011100
10010001100111100001001100011101101100001110100011001111000100001111100111000110000100010111011100000111101100001111001000111100111100001110001001111001101110010011111000010110011011011100011110011100111101110000011011100110111110001100011111001001001011100000100010010011100000100110111000001111001001111101110000111100000011111010001111011000011100
01110110011010011111111000111110110011001101011100101101110000000011100011100011110000100010111000011100011110011100000111110011011111000011001011001001100111011100001110111000001101110011100110011111001111110000001110011011100000001100011101100111100001111100011100001111000110001110000111111001100010011011110010111110111011100000100110111100111001
11000011001100000110111011000111000011100111110011100110011001011000110111000110011000110010010011000111100000110011111111100000010001111001111001111100011111100001100111110000110110000111000110011110011100000010011111100011001100001110000100110011100001111100100111110011000100111100000101111100100110001100111111100001110001100000111100001101100000
11111000001111111000111001110010010011100010011000011110001111001001011001001110000011110100011001001110111001100110011011000111000011000011100110110110011100111000001011110110111000011000011001110000110001111111011100011111000111001100110110001111110011110000111100011000111100110000011101101001100100000101100001001111000110100110001110110000000101
11000011100000010111100110001111001011111100010000110111000110010001111111100000000110010011111000011011000111000111000011110001110000000111100011111001100000111001110011100011000110001110010110011110000001100111111000111001111111110000011011100111001110111111001110000011100010000110110011100000110011100100111000111100011111010011100111000011100110
11100001111100110010011011100111000011100000011000011001111111100110011100110011000110110001100011011111001110000011001111111110000000011100110000111100001010111011110011110111111110000011111100111001101100011101100000101110001111001000111111100100011110001001000111100000111100000000011100001100110001111000111001001110111001100110110000110001111001
00001110011001111100001100001100101100110001111111100011100100110011111100000111100001110011110001110011001101111000001111000011110011011011100110000111000010010010110000011110111000000111000011011011010111110000011011001000111100100100110001111000100011110011101100100111000110011001100110000011001100110001111000100001110000100001101101110000001110
00111000001111111000110001111011100011001110000110001110000110001110011100001110000110001010011001000100110011001100010011110011101111110001001111001101100010011000001111111110011000011100000001100110001110011011101100110000001001110001001110011111100011100001111011011001111010011001110000001100111000011011110011111001111100000100011100110110001111
01111001110000110000001000001100111000001100011100111000001111100001111111000110000110010001111001111111000000011110110111110110110011110001001111000001011011000101100111111100001111000011000110011100110011100001000111011110000111110011001011110111000001001111100011000001011100011011100111001100110100011111110000011011000011001100011100001111100110
11100000110011000011110011111000100110011101110001100110110000100110111110000111100011100110010111001100001110011100011110110001101101100111100100011110011000000011111001110001001111100011111110000001110011101110001100001100110001110000111001001110011001111000001111110011111001001111011110000001111001100000111110110000111010010011001111001100101100
11111001011011000011001011001000001101100100011111100011001111000111001110001000111000001110000001101111000110110011100110001111000000001100000100111110010111000010110011110011100000111110000111100000011101001100000111111101100011100001110000000011001101110000001110000111110111000000111000111110111000111000010011010011101110001110000000111011111001
11000111111110000100110001100011001110011000111111100011001001100000011100111000110000110011001100100100111100001100110011001110000010011000111111010111000001101100111100111100000111110001100010000111110001100110011000111111111000111110001100001111000010011000011110001001000111001110000000111011001001100100011000000111100111100001111001100011111001
01110001100111011001110110000011001111001110001111110001001100100111000111001111000011101111000100010001110011101100011101100011100110111000001100011001101110001111100110111000010011110011011101110001101111001100000110011110010011111001000111100011000011001100001110111000011000111001111000111100000111111110001101000111000011011000111000110110011110
01111000001100110011100001100010111000100110001110010000011001101111000110101111001111000111110000001110011110000011110011100110001110001100111100000110111110000001110001100110010011111011111000000110100110111111101110001101100001001011100011100000011100011000111100000011000110001001001110001100011111101111100000111111110100110111100000001101110001
11110001110011100011101110000110010111111100000111110100110011100110000110010011100011101011100000111111000011001111110011001111101100111100100000100010110010100011001110000111000111000001111110001110000011100010111001100000010111001111100110111100001100111001110011001111100000001110100111001110001100101110000001101100110111100011100001100001100000
11110111110111100000110000010011111000011111000011111100000111100001111100000111110111110001000010001001111000110001110001111110001001100101101101100000100110010000111000111001100110001100001011011110001111001101100100100111001000001110110011111011000011111100001101110011100011000110011000011111111000001110110111000101110000011001101111110010011111
01110011100001110000111110000111111000011001101100100111100000110010111000101111001110000011110001011001110100001111000001110011000011110000011100111111011000000011111100110011110000010011100111000100000100011100110000100111111010001101111111000000011100110011100111100010000011001110011000111100000001110011101110000001111000000110110011110000100111
11110001100110110000011100111100000100111111000110111000001111100110000111100100110111000010110000111000011111100000100111001111110011001100010010011111011001110000001101001100111000110000011001110011111011000000011110011000001111000011001000011000010011100001001110010111110000011111100111110001101110001100111100100110000110001001111000011111001101
00011000001110111110000011111110000011111111111110001101110011000011101111000110111100000111110010011011010011000111000001101111100110001110000010111110000110011001111001111100011000001111101111000011110001000011111010011001011100001100001100111000110011100001100111001110000110011110001100111000110000110011100001100111111100100011100001111111111000
00011001100000111110011100111000011110000111001101100000001111000011100011000111110110011001000111100011100000011011110011100011100111111000011111000001111001110000111111010011111100000011111011001001110010011011100010011110110000111011001110000011001111001100110111000101110000001110000111011000110010011100001000100110000111000001111011100000111001
00001101001001111101111110111000110000111100110011100100000011001111001111001000110011011000000110011000111011110001111000011100111100000100110001100100110010011000011000111110000111100111110000001111100101111000011000111000011001100111000111001110011001111011000111001100111000110001000011001111111100011011000011100011000111111110001111100001101100
11001001011000000110011000011111100000110110001111001100001101100111111100000000010011100010000000110011100000011110001111000100110001110011100000100111001001101101111011100000011110000011000110011100010001111111100100011001110000111000111111011111100011110011110011100111100000000111111110110011100001000111100011100010111000011111100110001110011111
11000100100001111110001111000011100000011101101100110110011100011100111111000011011100110110011100001100110011110010001110111000011001110011001111100111001000011100001110010000111110001110100111000000100011110000111011110001110000001110000111010001110001001011001110001010011111000011100011100000100010011111110001111100001110011001000111100000001111
11011011000111110001001100110000111100011100111000000111111110100000110010001111000010011101001100001111110000000111100100110111011100011100000001111110000111110000111100010011110110010001111001111000010111000011100000011011111000011010011001111001110001001011000111111111100011000111111011100011111000000011000011100110110011100011100101110011100111
01000111000111000011011111101110100100100000111000011011001100100000001001111100100000011100100010110010000111011100110011000011110001001100110000010001110110011001111011101110000010110001110001100000111000111100001100010011111011100000011111110000111110001100111110000111110000110011001110011011100001111111100111100110110000000100111001110010011001
00111010011100000110010011100110011001111000110011111100011000111010111101110000011111111111000011000011011000011110001011101100111100111100000001111101110110111000001101111001101110001011001111001100110111000010011100011100111100001110011100111110001100011011100111000011000011011011110000100111011001100110010010011111001101111111110000011110011100
00011111100011100110010011001111100001110110000110011011100111100001100111111000010001100111110000011100011001110000000111110100110011100001100111110000011101011100010011000111110100111010011000000111001001011000001100110111000111001111110000111001011001011110011001110000000001101100011111001101011001100110010111100011111001101001110000011110010110
01000100111100000111000111000110000110011000111100000010011001111111011000011110001100011110000111101101111100000001111000110111000110000111011100110000011011110011000111111000001111110011011000000101100001101100111001111000111001111000000011001101100110010001111100100000110010110001100110011100000111100011000110001011011011100000110001101100111100
00011111111000011000001111000010011001101001000011111001100001111100011110000011111000111001001011000010110111011110001100001011100011110000100111110001000001101100111011011011111000011011001100011100001111001011110010000001110001011001101111111000111000011011100010111001111100001110001111100000100011111000001111001111000010011111001111100010000111
00000000111000001100110011000111000111111000000010011001101001110100111000010110111000000110011011100110000011101101110001110001111011110001110011111110000011111001100110011100110011111000011000111001101100001111001100001011111001100011000000110000111000111001100011000110111011110000011001100001110001110111000011011000111101001100111110000111001111
10000110000110011010001000111000110001111111100001000110001100110010000011011001111000000110111100011111101110111000100111110000001111110100110110001100110011111000001110110111000000111010000110010000111011000001101100111110000010011001100100111000001110000100110110011001110111000100011111001111011001111110111000011011001101100001111000001100111110
10011110001001011111001001011100110011100110000001111001101000001100110011111110000000100111000111000011011001101100001101100110111100000111111110011100110110001111100011001111110001100110111100100110011100001100011111110000110001000100111110001101111111100011100010001100001101110001110011000001110000011110001111000001100011111000000011100111000001
00011100011110001001100100000011000111100011001111011100001110000110110000000011110001110110011001110000001110000110110011100011100001100110111001100110000110001100111001101111101100110111000000111101101000111100001111000001111001111100111001001110001110000010111000110011110000111001011101110000000110011100111000000111100001000011110011110110011011
11111110000011000011100100011110001101110110110011000001100011001101100011111100011100000111110011000011001011111000100011101110001111100000001111101000111000001101111111001110000010111001000111110000011011000110111100110111000111100000001101100111100001111001001110000011110000011000110010010001111000011000111000111100001111110001111100001101111100
10000011101101110000011011110001110001001100111001100111001111000001101110111100001101100001110001100111111110011000111001100110001100110111001111101111000001101100010001001101111101111000000111110011000101101110001000111000011101001111100111100111000110011011001100000110001100111100001001100110011110000110111011111000001100110111000001111110010011
01110001111101000001100000000010001110011110001111100110010001100111100011110110010011100111000001111100011101101110000110110011100001100010011001011100001000000111000111000001101100001101111110110000000110110111110001001110000111001100111100000111000000111001001011011000011000011100001111100001100100111000001100011110001100011000111101110000001111
00111000111111011000011100011001111011001110000111100111100110000011110011100000111111110001100001111011100011100110110011001100000000111111000011001100100111110110010111000011111110001100100111010001111000011001100110110011111000111000001101001100011101100001111011000001001001001000110011011111100001111100000111001100100011001100001111101110000110
00001101110010001111110010111111000000110010001111100011011111100011100000000011100111000100100010001100000111001100011110011000000111001110000001110011111100110010001110000001101100100011011110011100000111101100001100100101111100011001111000111010111000000101100110000011100010001110111100011111000011101001110011111110001110110001000011001011111000
11100011100000110101111000110011001100001111110000011011000011001100011111011111000110001111110010001100001110011111100000111100000001100001111110011000001000111001111111000011100101111000011100011001110101110000001101111110000110001110001100100110001111110000010000100100001111100110011001111000000110001011101101100000111001111110001001101110011011
01110011100010001011111000001000111100101110000011001110111000001111000011001111000111110011111000001101111100100110000110011111100110000011001111100000010111100100110011100100111000011001111110110000011001000111001100111100000110011110001110100110001000111111000110001111001100111111000100110110000111011011011111000011110000011000000111110011100011
00011111100011011011100011000011100110011100100110000101100011001110001110010010011010001100110011011100011011001000001111000100011001111000001011000110110011100000111110011111100000111110011111100110010011000000111100011111100110111001110000111000111011001110000111011011100111110000010111011001110011111100111100000001101100111111100010010011101110
00011011100000110100110000111110000000001110011100001100111000011110001100111001001100011011100010011110000001000110001111010011000100111000011110111100000111100011001000001110000000100110110110010111110011100001110000100110011010001110001001100000011100001110011111100010010010010000001110111100011001110010011100001100100101100011110001111100000011
00001100110110000111001001101110000110011100100001110000111000011000011001111000100110001111001110100011111001000001111000000011100111001100111000011100111000001101101100011000111111001100001101101110001001100000110111100000111110000100011111111000011100110000000011101111000001100010010011001100011100011000011101000100111100111001111001101111110011
11001110011000111100111101000110100110011100001100011110000100111011001111000000111111100000111001001111000011111110000011100011000001100101110111000110011011001000111000111111110000100110011000110011011001110110000100100111000000101111100011001011000001110001000011111000111001101111100111000010011111011001111110001100000111101110000000110111001111
00111110111000000111100111110000111001101100110001100100111110111000011101101111000100111110001000110001111010011100000110011001101110000011100000100110011110000100011001100111001110011001100010100111000001110001110011100011100000111001100001110011111100001101100000111100111001100001111001110111000001000001110011000010011110000101100001110111100011
11100000111011000001001101111000011110001101110001111001110001111110000110001000001001111000011000111101111000011011110000111100110011100000111100001110000110001100100100011011011001111001111100110000001100111001011001001001110011000001111000000011001110011111100000011011010001001111110000110011111001001100011110000010001011100100110011111100100011
11111001100000011111000001111111001110000001100110011111111100011101111001100000110010011000011001110000011000101110001110000001100111100111110011100111001111000001101101111110001101100101110000011001101110011110010110110111011000000011111110011000111100111000001100101111100111111001110001110010001110011001001011110001010011110001100001000110001000
10111000100111100010011011100001111001110010111100011100110011000111110000011001011111000011111000001110110011001011111111000110000011110000110110110011001111001111100000000011001111000000111011100001100011110110110011011100001100110010011111110011101110000000011100111100110010011100110011000001100110111100001001000111100100111001110001100000111011
11100110110110110110000101111000001000011111000011111000111000000111001111000011011001110001101100001110111111000111110000110010011011011001110110100010001111000111110001001110100110110011011000000011100111001111111000111111100011000110010011100010011001110001001011000111000110011001110001111000011101111100001100011010001111011100011100111100001011
10011101000011011001001110100101110011001100011110001100110000111001111100000000110011001101110100011101100000110011011001111000011001111110011100111011001110001111100000110011001000110011000001001111100110000111001011100001000111001111011111000110100110111001111100001001110011100110110111001111100001000011000011100110011011000011100010111100000111
11011011010001110010011010111000011111000111000101100111100000000111001100001100110001000111011001100110011001000000000111110011110010001101100100011001100100001001110000000000011100011011100011000111110000010111000100111101000001111010000110001100011111111110000011110000001110010001100110000011111111111000011000001110000011000110011111100110001111
11000011101111001101100110010010000110011101110010011100000100110111100000011100011111100000111110010111001101100000111000000110111000000001110011100010001110111000001001101001110000110001000111011011011100110000100111101110000001001100110011100100001111100000000100111111001110010011000111011100000100001001110011101100110010001001100001000011101110
01000110000111000111001110111110001101111011100000100110011011000011111000011100111100011011010001110000011100111000000111001110001100000111100000100011110100011100000011101111100010000011111011011110001110011100011110011111011000111100011100111100000011100000111111100110011000111111100001101100001101111100010010001111000110110111100111101001100000
00111100100110110000001100011111000111110011100011011001110000111110001100001011110000101001111001000000111100000110001111001111000011000110010010000110001011101110110000011100101111100000011100111011100010110001111111000100110011100000011101001110001110111110000010011111000110011000011101001111110000011100001000010001111000110011000000111101000011
00000011011110010011100111100011110111110001000100111011100001111000111100011001001111111000000000011100111110011001000001011001110001001111001110011000110011011000001110001111011100000111011001111100001101101101100000110001111101110000110011101100000011111011001001000010001111000100110011111011000001101100000111100110001110110110000001111001110010
00111100111111001111000100011111110001101011100110011111001001001000011011001001100111000011011100111100010100110000111111001111000001110000011000110000011011000001111100011110011110011000011100110001110000111000111001111110000011010011011110000010011111001110001001110011011000001001100111011000111110000110001000111000111001001110110001000111101100
10011001110000001111000001111111000010111000000011111001101110011100000000111000110010110011011001111100000011100100001100100001001111000111000100110011000110111110000111001100000111000110011001101001100110110111000011111011101100100011010011001100101110011001111110000111110011001000010010011100001111111100011100011111000011001000011101111100011011
11001110000011111101101000110110010001100111001100011110110110000000110011001101100111111110000001111000111001111100000111110001111110000110110110001111111000100110000000100011111001001101100000000111110000011001100110000100011001001111000001100110111001111001111000000011110110011100100111100011111111001000111100110001111000111000011000111000100111
11101111100001110001111100001101001101110011100010010011011001100000011111011100010001110011011111001111100011100101100111100000011001111100001110000011001110000111100011100110011001100111100000011001111101110001100111000001101001111101100110011111111000011001111100111100011011100011100110011001100011011011001110000111001111100000011110011000110000
00000111000100011101100100001111000111110001111100000111000001100111011000111110011000000111001100110011100000000111001100000110000111000111000100111110000111011011001110000001110001111100100111010011110100100111100000000110111000111110011011001100000110011001001100100100110011111000000001110001100011000000110011100100011001101011011100110000011111
11111111111110011100000011111000011110000111000100110011001001110111100000011100001110011001101100000110011000001111100011000001110001000110010000111001100101110011111100000001110110110000111110000111001110000001000110001100001110010001011000011100001101100011100001101100010111111100001110010111000111100100011001001110000011001111001110011011100110
11111001100000110000111110011111001111110000111011110111000000101100100110001101100110001111100111110111000001100001100110110001001101110011111000011100111111100001001111000011110110011100000001111000010001111000100000111000011101110000100110011110011110011100111110011100110100011000111001100110111110011111000001101110011100000000011100110011001111
01100010001110011100111110001101011100111111110011011100001100010011111000001100011100001100110000110000100111000110111110011111001100101110000011001101011000101001100001110011100001001110111000110001111110001001111101110011100000001110000111100001111110011100011110000100011100000011001100111101001111100011110011000001111000011001100100011100111000
00011001101110001100110011110000011110011001110000111110010000001111000000111100011000001101100111000111110000101000110111110010001111000001111111100000011100100001110011110001111000111011100000111011110010000111011100000011100011110111001110000110111100010001100110001100110110000011110011100000001111110001100010011101110000110011001101100111101100
10011000110001011100001001110001111100011001111110011001110001011100100011000011100000101101111100011001111000011101110010110011010011100001110011000110111100100111011100000011110000001111100000100001111111110000111110011111110000110010011110000110111110000111001100100011110001000110000111010001100110110011111001100100100110001100111000011001001110
00100000111101110011111011001100011001111110000011110011110011100011110011111110000011110111100100111001110000001101100001110000001111000101100001100011111100110000011100110110011011100000110011111100010001111001110000111001110110110000000111110010011101111001001000111110001100011110011111001100010011000100001100110011110011110001111001111001100100
01001100111110001100011000011100001101111000011100111111100111001100110110111000011100011100111110000011011000011001110010110001111000100011110100000010111111111100100111100010100110010000111100011011001110011001110000111010011001010011100110010001100011100000100111100111000011110000011001111100001100110110110001111000000001110000001100111011111000
00001111001100111011001111110000000110111001001100110011000011100011100011110011001110010000111100000111110000111100011100001110011001110000110010000001110011111110000011111100000101100110011001100111001110000010011101110110111000111110000011011001100011110100011100010110010010001011001101100111000000111001000011100110000111110000100011100000011001
11010001101100010001110110000110000011110011100000011111111100000101100111011000010011110000111110011111000110000110000000110110000000111111101100100110111110000011100000111011001000111110010110000011111000011001110100110010000111001111100000011111100011110000110110011101001110010011011100011011000011100001101110000111110011000011100111111100011001
00011001100001100010011100000110011001001110001110000111101000001111001000110000011001100111000111111100000110011100111101111000100111111100010011111110001001111001101100111011000000110110011100111101111100001100110000110011100001110000110010110011011110111110001011011000111111110001100110111110000011111100010111001111011000000011011100000110001111
11111110000011100110011011011111001100001100011011001111110000000111101110001001100110111001110011000011101100011101100111011001100111000011000011100011100011001110000001110110111001011001001100001111101111110010011001111011111000011000111110011101100111110000000110011001110011111110001001100101101110011100001110000110111110011000111000111001110001
01001100111000001101100100110001110001011110000100110011100001001100110011000111100010011011100111100101110001111100011110010001110011001110010000111000111000110011110001001101111001100011110000011100011000111110000011011000111110001001011001011001100000011011110000001100011100100010011101001100001110000011110110001101110001100011011100100111000001
00001111100011100110001100110001000111100001110011110111110011001110000111100000001100111111011001111111001100000011110011000010001110000011000011000111101101110000100011110011110011110000111110011111100101110000100100111100110011111001100001100110000011001100011001111000010110010011000100001110111000111111000110001111111000000111110001111000010011
00110111001111000011110000011000110111100110011011100010110011111000011100011100001110001100011100000111001100011111000110110110110111011101100110011110000011100110110111110001100111100010010011111001000011000111100001111100110000011100101100001100000001110010011001100011100001110011000100111100011001101100001111100100101001111000110111100010011111
10000110000011000111100011111100001111001100000111000111100001110011100000111000100001110100110000111100001101110010001110000011100111110011111100001111100001110000111100111001100001100001110001100011110011100000110011000111111000110000100111100111010011101110000001101110000001111001111100100011110001100010111000001111100011000011100011000011111110
00110001110110011001101111000011000110110011000011011111111000011000100011110010001111100011111000011110001111001011000111110100111000001111000110001110011100100000001111001100001100011001110011011110011100001100110111111000011011100101100010011110001110001001001111000011000111111000001100011001001110111100100111000001111110010000110100111110001100
10110001000011001111001100110011110001111100001111100111100100011000001011100001110100011100001001001110011100011110000111111000000111001110011111001100110001110000111110000011010011100001111000111111000001100111110000100110011110001101110001000001110110000110000111110010101110001100111110110000011010001111101111000011011001100011000011111100000110
11100010111000011100011100011011001111111110001101110000011011111100100110111001100011110011100000111001111000011000011101001111001111100000111001011011011100011110011110111110001111010111100110011001100011101001110000011111111001100110000110111000100111100111110001100011111000011100100111100110000111110011111100000101100100110111100011010000000011
00110111111100001110011001111011001011110000110011000001010000111111000101100100010011000101100111100011110110001001101100110001111001110110110011001100111100110000111111011000110001110011001110011011001101100110011101000110110011001111000000011110110001110000110110011100000110111110001100110000100111000110110001110011011100010000110111001100011100
11011001111100000011111000110011000001111100001100101111000011001001110111000100010111100100111100001101101110000111000011100001101110001110011111100100110011001100001100111110111000001100100110011110001111001001011101100011000111011000111000011100001110011000011100111111100010001110000111100111000110110011000001111100001000100111000111000110000011
11111000011101110001110000011100011011100001110000110110011001001111000111100000111100111001000101110011001110010011111100100111100000110000000110011001111110001110011100111011000000111100000001100111000011000111110000111111000111001110001001100000001001111100111000110000001111001100000001100111001100011000111001100001001001110011001001110000000011
00001100110001111100011011000111111000011101110000100100010001111001111001101111000011100100000111101100100011000111011100001111100000110011110000110110001100110110001100011110000110110011110000010000011110001101110001111000110000011110000111001000110011111000000110011111000011100011000111000001010011101100100111111001110001101100010011101100110010
01100000011001110011011000000111111100011001110000011110011011110110001110001110010110011100000111010011000011100110100111001101100011000011110001100011100110001100100111001100100111010011011001111000001111000011000111110000001110010001111001100111000000011100011101101111000000111100001100100010000111001110011011111111000111110001110011100110011000
00111011000011110001000011111000000110001001110000000111001111011000110111001111110011110001100011110001111100110110001100100110110011111110000001110001111100110001100110001100110001110000011100011111001110001110010010011100100111111000111011100011111110000110110011100011001110000111001110000111000111001000011000000011001101110000100001100111100100
00011110001111000111100110000001111100000011101110011001111001100100000110011000110011111000110011000100011100001110010011011001100110011111000011100001100110000111100000010011101110110001100111110000111001001100111100011110000111000111100111100100100111001111000011111010001110000111000010001111000000000111110011001001101100111000111001100001110000
10000000011011100000000110010011110000001100011001001011000110000111001100110111100110001001111100011101100000111111001000001100101100000110011110011111000111000110110011001001100100110011001000001110001000110011011000011111000011001100010011000001110010000111001110001000111000011111000111000011011001100110011100011000011001101011000110001001101100
00000101110001111111111010000010011100111100001110001100111111011000110011000110110010110001001111000000110001000111100111011001110011110001100000111100011100111011001110000100001100110000001110001011001100001110000011100110011100001001110000100011100011101111000011101100111100000001100011111100100110110011001111011000010011100110000101100011110010
11110001110111000011011001101000011011100000111000011110000110011100001001111000110001100100111110011001110000011000011100001100100111000111011000001110100110111000000100100000011100011110011110011011000000110011111000011100011100000000001110011111000011000011000111110110001011100001001111000111001110000011100110001110011001111110110000000011100010
01100011011110011100000011100110111100001100110011111100011100000111100011111100110011011001001100110000111100011011001100000011001110001100111000110001110011001111001100001100011111000011000110010111001110010011011110001000111100100010001001111100001100101110000000001110110011000110000001101110000111011000101111001111110001110001000101100000001111
00111001111001000111001110000111001001111100011011011100011111011100011100000110011011000111001011001001000011001111000001001111001100111110000000111110001100110000111110000100111000001111011001110010000011000111110000111100011110001110001110010011001110000100110000011000000111100110011000011110000111001111001011100011100011110001100111100111011000
00101100001110111100100111100000010001111110011001000001100111011100000100011101110010000011100011111100001110001100000001110110011110111110011000111000011111001111001000111100010001100011000011111110000110001110001110001100001111100111000011100110000110110000111001100100111101100000111001110011111001100001110001110011110001000111110001111111001100
01110000111100001101111000011110011000000011110111111000000111001101100110011000111100011100110111000111001100111111100110001101110001111001110011000110001100101100100110011110001100100111111000111100100110010001100110000111000111100110011001110000010001111110011001100110011100010111100000111000100000011100000011111000111110001100111010011100110001
10001111110000011110001001100011101111001110011000011100000100110011100111000011100011111101100111100110001100011110001100110011000110010011101001100000100110001110110011111000001111101100111000111100001110001110010011001000111000011110011011100001100111100111111100110011000011001100110000111111011100110001101101110110011100100111001110011011110000
01101110000110110011000110000111000001111011000110001111001011100000111111110110001111111011000111001100100100011001111000011110010001110001100110000111011110110011000000111001100000110110000011001110011100100111111100110001001101000001111000110111010011100000000111000111110011100111011000100100111100110010011110001110011001100000001110000110100110
11100011100011111111100011110000111110000100110011100000111011001110001110000000011111100111000011001111101000110011111000110001111100000000111100000111110011000111000111001110110110011110110000000111001000110111001100111100011001111110011100000100011100110011001100011111000100111100110011111011110001110011000110000000110001110011001110000011000111
11110011110010011001110000001111100111111100111110011111011110001110000100100110111000001110100001100011010011110001100110100111100011111000111000011000011111000110011100111100111100110011111100011000110011110000111100011000110111000110011001100111101000111011101101000011101100001111100011110000111001111011110001101100110000000110011001000001111001
11000111100010110010001101001000011100010111000110000000011110000001001001110011000111010011100100011100100111001000010000111100100101110001110000011000000111111000001100111111001001100110000111001110000110000011001001100111000110011001001110011100011110001111100011111001100111100001001111100011111000001111100111000110011001110011100111100111000111
00101111000001111111001111000000100100011100001110111100111000011111001110110011111000111111011001010011010010010111110000111100001100011100110011101100011011000001100010001110011010001110011011001000011101111000011010011001111001000000111110000111111000101110000011110000000111011110110000110111100001100111000011001111001110011000011100110000011101
01001110011011111000011001001101000011111000100110001101111001100111110010100111000000100001111100100110111001111001101101111100100110000011000111100010001111100100110111000100011111001100111111001111100110001011000110011000001110111000001100010111000001100111001111011000011001110111000001111000110010110000111111001111111111100111100111111111000010
11111000111000110011100111100100110000111000111001110011111001110011011100011110001100101011011100000000111100000010001110000111100000011000111100110111110001001110001110011111011100001110110100011100000100111000011111011000100100110010001100011001111001100110000011011110011111000000111110001100011100111100000000100110011100010011100011111100001110
01111100110001101110010000111111111000110010010011000101111000000111001101100001111110000000111110011110001101001111001101100100011001111000000110011110001110111100010111101100110010011011111011100010001100110110100111100100001100000011011100001100000111110110000000111001100100111001001110000001111001111100001100100111111110001111011100001100000110
11001100011011110001111100111100011011001111100000011011100010111100111111100001110011011100110001111000000111000011100001111110001100011111100000011110001111000110011001100111000011100010011101100011111001110000110011110001111100000110011000110110110011100000001100011011101100001111001100001110111100011111110011000100100110001000100100110111100000
00001011110001111100011111111110011001100000110111100111011110011011110100110000110001111001001000010000111011000110000100110000000110111100001100011110000110000011110110011001111001100011111000011010110000100111000001101100110000111000001011011110111000111000001111111000011001111110110011100010000111000001111100000010011100011101110001111111001001
00111111111110001110001110000111011000011110000011101100001100100110000110110011001101101111101100000111110011001000111010001110100011001110000010001110000111000111000100111000000001110001000111011100010011100100111100111110001000111111010010011110001100110100100111111000011001111001100110010010011011100011100010111100111111100000111001001101110011
11011010001101101100001100110110001110011001101100011110110110000001111001111001111110000110001100010001110000111000111111000000111111000001100100111001000101110001110111000011111001100110110001001101110011100110000111011000110011100000111000010111100000011001111010010010011001111000001101100110001110011111111000100111100000110011010011000001110111
10111001100111000001111100111110001111011001100011001100100111001000111000111000110010001110010011000110111011100001110001111001100110000001110011100011000111000011000111100111000001111100001100001110011001100110111000001100001110000001111100001100010111100110010011000000110001100111100010011001001100010111110011100011110001111000110000001110000111
11110111001011100000110000111110000000100011111000011100010011110011011100011100011000001100011100111011001110000110000011100001111110001111110100011000111110011100011111100111111100011100111100000110010011011111111000001110000011100000011011000011100011111000001110001110000011111001100111000100100001100000110011110000111001000111001111001111001101
11100110111110011111110000010001110001000111110000011111000001100011000111100000110111000110011000110110011111101110011110001100111110100111110000010000111001100000111011000100110011110011000110001111000000110011000111101100000111001111011111111100110001110001011011000111011001110000101111000001100100011110001100000010011001001101000111111000101100
00001111000100110001111110010011011000110011110011011110000111110011110011110000000011111001110001001101100110011100001110011000100011000111001110000011110000010110010011100111100110001111000010011001110011111000111100000111011001100010001110011101100011110000001111000111001001100001100011110011111000001111000100001100011111000001101111110000111000
01000110011100011100110000011001101110110110011000111100100111100010011110010010110001100100111010010011011001001100000111000110011111001110011000111110110001111111100111110000111000001111110000000011001101001001100110001110011110110011000011110000100010110010000000011111100111000110011001001100110111011100000111100001001111110011000110011111100010
01001101100111000010011001011000111111101111001111100111000000110010000111001100110011111101111001111000001110000001111100100110011100001110011000110011100000100111011001110011001110001110111110001100110000111000111000001011000011100000000000101111001001100000111110011100000111110001101111100110000011001100111111000110001100011110011111000000110110
10010011011110011110011100010001100111000000010111111001110001100100110011100111100111001001101100001110001100110000111110011001100000011011001100111110001110011100011001111001000110000000111001001101111000011110001101111001100110011010001111100000000011101110000000001101100100100011011111000011110011001001110000001111110000011000011100100111100011
00110010011110010011011100100000111001110010011000011111100011001101110010111001100011100110011111000001110110000110000111111000001111100100011100011000001111001000011000110011100110011000111011100000111000111000011100000111110000000111000111110000011100011100110110100111011001100100001110110011010111000011111011000011100110011110000110000110011000
01110000110001100110011111011011111000111100110001101001111000000011111011000001111100110011000011001111100111110000111001100111001110110010001101111001111110001110000111100111000110110011111100001100110110000001110011110000011110000110110110011110010011011100001101100010000111001110100001110000010000011111000011000011100011100000111111110000111110
11100111110000011111100011001111111001111000001110001111000111100011100111011000110101111000110001101100000111001111001110001110011000111000100000001110011000011001000111001001100000000001100011000011100110011000111110001110001110011100100110110011111000111100001000011001110001111000011000000110001110011110110001110011100110011001110011110000111100
10011011001001111000000011000000110111000110011001111111001110100111001100011100000011011100100000011011001100100011000010000111000011100111011100001111111000011110001100001111111011001100010000011101101111000011011001001100111000111000011110000010001110111011001111011100011100011001100001110001100011111100111110000011101100100000110011100110001111
00111000011100011001001110001100100111100110001110001100011111100011100100110100111010001101100011001100110011110000111110000010000110001110001001100111100001100011110000000001100011100011100110000000111110000110001100001100111100111000110011100001111111000111000110000110001111000001100110111001000011000111000011011001101100011110000110011110010000
01110011000001110111000111110011001100110000111001110010111000000001101100110111001110000111100001100111110001001110011110111100110000110000010011000111001110011000110011100000000111011000110011011000011011000111100001000111001111001001100111100001011110000001110000111001001111100110001111100010110010011100111000111000011100001111001100100001111001
00011111001100100010000001111000001101100110001100001111101000110000001111001100001111011100001011001100110011100000011111001111011001001001001100000111011011100111111000000101100111101110001000111100110110011100111001110001100001101001110000001000011100111110011001100111000110011001100001110011100100001110010000111000111000001111000111011001111001
00011000111000001001110000111111100111110001100011100001110001110000111110011100111100001110011011100010100111100110001001101100100110000111100110001000111100101100011111000000011110010001110000011110000111001100011111001100111000011001110001110000000001110111001110001000011110000110011001110001111100011110000110011011100110011000110011000101111000
