State number: 0
10000000010
10000000110
10000001110
10000011110
10001111110
10011111110
10111111110
11111111110
11111000110
11111001110
11111011110
11110000010
11110000110
11110001110
11110011110
11100000010
11100000110
11100001110
11100011110
11101111110
11000000010
11000000110
11000001110
11000011110
11001111110
11011111110
00000000010
00000000110
00000001110
00000011110
00001111110
00011111110
00111111110
01111111110
100000000010
100000000110
100000001110
100000011110
100001111110
100011111110
100111111110
101111111110
111111111110
111111000110
111111001110
111111011110
111110000010
111110000110
111110001110
111110011110
111100000010
111100000110
111100001110
111100011110
111101111110
111000000010
111000000110
111000001110
111000011110
111001111110
111011111110
110000000110
110000000010
110000001110
110000011110
110001111110
110011111110
110111111110
000000000010
000000000110
000000001110
000000011110
000001111110
000011111110
000111111110
001111111110
011111111110
011110000110
distribution: P(0) = 0.991279	P(1) = 0.00872093	
transitions: T(0) = 10	T(1) = 1	
P(state): 0.0456837

State number: 1
10000000001
11111111101
11111111001
11111110001
11111100001
11111000001
11110000001
11100000001
11000000001
11001111101
00000000001
00000001001
00000011101
00000111101
00000111001
00000110001
00001111101
00001111001
00001110001
00001100001
00001000001
00011111101
00011111001
00011110001
00011100001
00011000001
00010000001
00111111101
00111111001
00111110001
00111100001
00111000001
00110000001
00100000001
01111111101
01111111001
01111110001
01111100001
01111000001
01110000001
01100000001
01000000001
100000000001
111111111101
111111111001
111111110001
111111100001
111111000001
111110000001
111100000001
111000000001
111001111101
110000000001
000000000001
000000001001
000000011101
000000111101
000000111001
000000110001
000001111101
000001111001
000001110001
000001100001
000001000001
000011111101
000011111001
000011110001
000011100001
000011000001
000010000001
000111111101
000111111001
000111110001
000111100001
000111000001
000110000001
000100000001
001111111101
001111111001
001111110001
001111100001
001111000001
001110000001
001100000001
001000000001
011111111101
011111111001
011111110001
011111100001
011111000001
011110000001
011100000001
011000000001
010000000001
distribution: P(0) = 0.00643354	P(1) = 0.993566	
transitions: T(0) = 0	T(1) = 12	
P(state): 0.0493163

State number: 2
10001111111
10011111111
10111111111
11111111111
11101111111
11001111111
11011111111
00001111111
00011111111
00111111111
01111111111
01001111111
100001111111
100011111111
100111111111
101111111111
111111111111
111101111111
111001111111
111011111111
110001111111
110011111111
110111111111
000001111111
000011111111
000111111111
001111111111
001001111111
011111111111
011101111111
010011111111
distribution: P(0) = 0.165925	P(1) = 0.834075	
transitions: T(0) = 0	T(1) = 2	
P(state): 0.214776

State number: 3
10000010000
10000110000
10001110000
10011110000
11111110000
11000110000
11001110000
11011110000
00000010000
00000110000
00001110000
00011110000
01111110000
100000010000
100000110000
100001110000
100011110000
101111110000
111111110000
111000110000
111001110000
111011110000
110000010000
110000110000
110001110000
110011110000
000000010000
000000110000
000001110000
000011110000
001111110000
011111110000
distribution: P(0) = 0.946365	P(1) = 0.0536353	
transitions: T(0) = 13	T(1) = 1	
P(state): 0.0430714

State number: 4
11111000000
00001000000
00011000000
00111000000
01111000000
100011000000
100111000000
101111000000
111111000000
000001000000
000011000000
000111000000
001111000000
011111000000
distribution: P(0) = 0.883422	P(1) = 0.116578	
transitions: T(0) = 14	T(1) = 1	
P(state): 0.0402755

State number: 5
10000001111
11111101111
11111001111
11110001111
11100001111
11000001111
00000001111
00001001111
00011101111
00111101111
00111001111
00110001111
01111101111
01111001111
01110001111
01100001111
01000001111
100000001111
111111101111
111111001111
111110001111
111100001111
111000001111
110000001111
000000001111
000001001111
000011101111
000111101111
000111001111
000110001111
001111101111
001111001111
001110001111
001100001111
001000001111
011111101111
011111001111
011110001111
011100001111
011000001111
010000001111
distribution: P(0) = 0.055273	P(1) = 0.944727	
transitions: T(0) = 0	T(1) = 16	
P(state): 0.0465612

State number: 6
10000111111
11110111111
11100111111
11000111111
00000111111
00100111111
01110111111
100000111111
111110111111
111100111111
111000111111
110000111111
000000111111
000100111111
001110111111
011110111111
011100111111
011000111111
distribution: P(0) = 0.112792	P(1) = 0.887208	
transitions: T(0) = 0	T(1) = 2	
P(state): 0.040102

State number: 7
10000000000
110000000000
010000000000
distribution: P(0) = 0.812194	P(1) = 0.187806	
transitions: T(0) = 8	T(1) = 1	
P(state): 0.0198367

State number: 8
00000000000
100000000000
000000000000
distribution: P(0) = 0.859601	P(1) = 0.140399	
transitions: T(0) = 8	T(1) = 1	
P(state): 0.12001

State number: 9
10000001000
10000011000
10000111000
10001111000
10111111000
11111111000
11100011000
11100111000
11101111000
11000001000
11000011000
11000111000
11001111000
00000001000
00000011000
00000111000
00001111000
00111111000
01111111000
100000001000
100000011000
100000111000
100001111000
100111111000
101111111000
111111111000
111100011000
111100111000
111101111000
111000001000
111000011000
111000111000
111001111000
110000001000
110000011000
110000111000
110001111000
110111111000
000000001000
000000011000
000000111000
000001111000
000111111000
001111111000
011111111000
distribution: P(0) = 0.966296	P(1) = 0.033704	
transitions: T(0) = 3	T(1) = 1	
P(state): 0.0445816

State number: 10
10000000100
10000001100
10000011100
10000111100
10011111100
10111111100
11111111100
11110001100
11110011100
11110111100
11100000100
11100001100
11100011100
11100111100
11000000100
11000001100
11000011100
11000111100
11011111100
00000000100
00000001100
00000011100
00000111100
00011111100
00111111100
01111111100
100000000100
100000001100
100000011100
100000111100
100011111100
100111111100
101111111100
111111111100
111110001100
111110011100
111110111100
111100000100
111100001100
111100011100
111100111100
111000000100
111000001100
111000011100
111000111100
111011111100
110000000100
110000001100
110000011100
110000111100
110011111100
110111111100
000000000100
000000001100
000000011100
000000111100
000011111100
000111111100
001111111100
011111111100
distribution: P(0) = 0.979739	P(1) = 0.0202611	
transitions: T(0) = 9	T(1) = 1	
P(state): 0.0454388

State number: 11
10000000111
11111110111
11111100111
11111000111
11110000111
11100000111
11000000111
00000000111
00000100111
00001110111
00011110111
00011100111
00011000111
00111110111
00111100111
00111000111
00110000111
00100000111
01111110111
01111100111
01111000111
01110000111
01100000111
01000000111
100000000111
100111110111
111111110111
111111100111
111111000111
111110000111
111100000111
111000000111
110000000111
000000000111
000000100111
000001110111
000011110111
000011100111
000011000111
000111110111
000111100111
000111000111
000110000111
000100000111
001111110111
001111100111
001111000111
001110000111
001100000111
001000000111
011111110111
011111100111
011111000111
011110000111
011100000111
011000000111
010000000111
distribution: P(0) = 0.0355518	P(1) = 0.964448	
transitions: T(0) = 0	T(1) = 5	
P(state): 0.0483265

State number: 12
10000000011
10011111011
11111111011
11111110011
11111100011
11111000011
11110000011
11100000011
11000000011
00000000011
00000010011
00000111011
00001111011
00001110011
00001100011
00011111011
00011110011
00011100011
00011000011
00010000011
00111111011
00111110011
00111100011
00111000011
00110000011
00100000011
01111111011
01111110011
01111100011
01111000011
01110000011
01100000011
01000000011
100000000011
111111111011
111111110011
111111100011
111111000011
111110000011
111100000011
111000000011
110000000011
110011111011
000000000011
000000010011
000000111011
000001111011
000001110011
000001100011
000011111011
000011110011
000011100011
000011000011
000010000011
000111111011
000111110011
000111100011
000111000011
000110000011
000100000011
001111111011
001111110011
001111100011
001111000011
001110000011
001100000011
001000000011
011111111011
011111110011
011111100011
011111000011
011110000011
011100000011
011000000011
010000000011
distribution: P(0) = 0.018299	P(1) = 0.981701	
transitions: T(0) = 0	T(1) = 11	
P(state): 0.0491531

State number: 13
10001100000
10011100000
10111100000
11111100000
00000100000
00001100000
00011100000
00111100000
100000100000
100001100000
100011100000
100111100000
111111100000
110001100000
110011100000
110111100000
000000100000
000001100000
000011100000
000111100000
011111100000
distribution: P(0) = 0.931366	P(1) = 0.0686337	
transitions: T(0) = 4	T(1) = 1	
P(state): 0.0405612

State number: 14
11110000000
00010000000
00110000000
01110000000
111110000000
000010000000
000110000000
001110000000
011110000000
distribution: P(0) = 0.8539	P(1) = 0.1461	
transitions: T(0) = 17	T(1) = 1	
P(state): 0.0355612

State number: 15
01111100000
101111100000
001111100000
distribution: P(0) = 0.814103	P(1) = 0.185897	
transitions: T(0) = 4	T(1) = 1	
P(state): 0.00341837

State number: 16
10000011111
11111011111
11110011111
11100011111
11000011111
00000011111
00010011111
00111011111
01111011111
01110011111
01100011111
100000011111
111111011111
111110011111
111100011111
111000011111
110000011111
000000011111
000010011111
000111011111
001111011111
001110011111
001100011111
011111011111
011110011111
011100011111
011000011111
010000011111
distribution: P(0) = 0.07851	P(1) = 0.92149	
transitions: T(0) = 22	T(1) = 6	
P(state): 0.0436429

State number: 17
11100000000
00100000000
01100000000
111100000000
000100000000
001100000000
011100000000
distribution: P(0) = 0.80797	P(1) = 0.19203	
transitions: T(0) = 21	T(1) = 1	
P(state): 0.0303469

State number: 18
10011111000
11011111000
00011111000
100011111000
111011111000
110011111000
000011111000
distribution: P(0) = 0.986188	P(1) = 0.0138122	
transitions: T(0) = 20	T(1) = 1	
P(state): 0.00369388

State number: 19
10001111100
11101111100
11001111100
00001111100
100001111100
111101111100
111001111100
110001111100
000001111100
distribution: P(0) = 0.986283	P(1) = 0.0137174	
transitions: T(0) = 18	T(1) = 1	
P(state): 0.0037449

State number: 20
10111110000
00111110000
100111110000
110111110000
000111110000
distribution: P(0) = 0.941011	P(1) = 0.0589888	
transitions: T(0) = 15	T(1) = 1	
P(state): 0.00364286

State number: 21
11000000000
01000000000
111000000000
001000000000
011000000000
distribution: P(0) = 0.808909	P(1) = 0.191091	
transitions: T(0) = 7	T(1) = 1	
P(state): 0.0245204

State number: 22
10000111110
11110111110
11100111110
11000111110
00000111110
100000111110
111110111110
111100111110
111000111110
110000111110
000000111110
distribution: P(0) = 0.988555	P(1) = 0.0114449	
transitions: T(0) = 19	T(1) = 1	
P(state): 0.00373469

