State number: 0
11110000010
11110000110
11110001110
11110011110
11110111110
11111000110
11111111110
11111100010
11111100110
11100000010
11100000110
11100001110
11100011110
11100111110
11101111110
11000000110
11000000010
11000001110
11000011110
11000111110
11001111110
11011111110
10000001110
10000000010
10000000110
10000011110
10000111110
10001111110
10011111110
10111111110
00000011110
00000000010
00000000110
00000001110
00000111110
00001111110
00011111110
00111111110
01111111110
111100000010
111100000110
111100001110
111100011110
111100111110
111101111110
111110000010
111110000110
111110001110
111110011110
111110111110
111111111110
111111100010
111111100110
111111000110
111000000110
111000000010
111000001110
111000011110
111000111110
111001111110
111011111110
110000001110
110000000010
110000000110
110000011110
110000111110
110001111110
110011111110
110111111110
100000011110
100000000010
100000000110
100000001110
100000111110
100001111110
100011111110
100111111110
101111111110
000000111110
000000000010
000000000110
000000001110
000000011110
000001111110
000011111110
000111111110
001111111110
011111111110
distribution: P(0) = 0.990985	P(1) = 0.00901455	
transitions: T(0) = 11	T(1) = 1	
P(state): 0.0500102

State number: 1
11110000001
11111000001
11111111101
11111111001
11111110001
11111100001
11100000001
11000000001
11001111101
10000000001
00000011101
00000000001
00000111101
00001111001
00001110001
00001000001
00011111001
00011111101
00011110001
00011100001
00011000001
00010000001
00111110001
00111111101
00111111001
00111100001
00111000001
00110000001
00100000001
01111100001
01111111101
01111111001
01111110001
01111000001
01110000001
01100000001
01000000001
111100000001
111110000001
111111111101
111111111001
111111110001
111111100001
111111000001
111000000001
111001111101
110000000001
100000000001
000000111101
000000000001
000000011101
000001111001
000001110001
000001000001
000011111001
000011111101
000011110001
000011100001
000011000001
000010000001
000111110001
000111111101
000111111001
000111100001
000111000001
000110000001
000100000001
001111100001
001111111101
001111111001
001111110001
001111000001
001110000001
001100000001
001000000001
011111000001
011111111101
011111111001
011111110001
011111100001
011110000001
011100000001
011000000001
010000000001
distribution: P(0) = 0.00758663	P(1) = 0.992413	
transitions: T(0) = 0	T(1) = 13	
P(state): 0.0499388

State number: 2
11111110000
11100010000
11100110000
11000110000
10000010000
10000110000
10001110000
10011110000
10111110000
00000010000
00000110000
00001110000
00011110000
00111110000
01111110000
111100010000
111100110000
111111110000
111000110000
110000010000
110000110000
110001110000
110011110000
110111110000
100000010000
100000110000
100001110000
100011110000
100111110000
101111110000
000000110000
000000010000
000001110000
000011110000
000111110000
001111110000
011111110000
distribution: P(0) = 0.94913	P(1) = 0.0508696	
transitions: T(0) = 14	T(1) = 1	
P(state): 0.0472041

State number: 3
11110001111
11111001111
11111101111
11100001111
11000001111
10000001111
00000001111
00011101111
00111101111
01111101111
01111001111
01110001111
01000001111
111100001111
111110001111
111111101111
111111001111
111000001111
110000001111
100000001111
000000001111
000011101111
000111101111
001111101111
001111001111
001110001111
001000001111
011111001111
011111101111
011110001111
011100001111
011000001111
010000001111
distribution: P(0) = 0.0595745	P(1) = 0.940426	
transitions: T(0) = 0	T(1) = 15	
P(state): 0.0471633

State number: 4
11111111111
111111111111
011111111111
distribution: P(0) = 0.156539	P(1) = 0.843461	
transitions: T(0) = 0	T(1) = 4	
P(state): 0.100939

State number: 5
11111000000
10001000000
10011000000
00001000000
00011000000
00111000000
01111000000
111111000000
110001000000
110011000000
100011000000
000001000000
000011000000
000111000000
001111000000
011111000000
distribution: P(0) = 0.882151	P(1) = 0.117849	
transitions: T(0) = 6	T(1) = 1	
P(state): 0.0411429

State number: 6
11110000000
00010000000
00110000000
01110000000
111110000000
100010000000
100110000000
000010000000
000110000000
001110000000
011110000000
distribution: P(0) = 0.853107	P(1) = 0.146893	
transitions: T(0) = 8	T(1) = 1	
P(state): 0.0363469

State number: 7
11110111111
11100111111
11000111111
10000111111
00000111111
01110111111
111100111111
111110111111
111000111111
110000111111
100000111111
000000111111
001110111111
011110111111
distribution: P(0) = 0.110663	P(1) = 0.889337	
transitions: T(0) = 0	T(1) = 17	
P(state): 0.0404694

State number: 8
11100000000
00100000000
01100000000
111100000000
000100000000
001100000000
011100000000
distribution: P(0) = 0.805039	P(1) = 0.194961	
transitions: T(0) = 20	T(1) = 1	
P(state): 0.0309898

State number: 9
10111111111
00111111111
110111111111
100111111111
000111111111
distribution: P(0) = 0.204207	P(1) = 0.795793	
transitions: T(0) = 0	T(1) = 21	
P(state): 0.0249898

State number: 10
11110001000
11110011000
11111111000
11100011000
11000001000
11000011000
11000111000
11001111000
11011111000
10000001000
10000011000
10000111000
10001111000
10011111000
10111111000
00000011000
00000001000
00000111000
00001111000
00011111000
00111111000
01111111000
111100011000
111110001000
111110011000
111111111000
111000001000
111000011000
111000111000
111001111000
111011111000
110000001000
110000011000
110000111000
110001111000
110011111000
110111111000
100000011000
100000001000
100000111000
100001111000
100011111000
100111111000
101111111000
000000111000
000000001000
000000011000
000001111000
000011111000
000111111000
001111111000
011111111000
distribution: P(0) = 0.965726	P(1) = 0.0342738	
transitions: T(0) = 2	T(1) = 1	
P(state): 0.0489082

State number: 11
11110001100
11111000100
11111001100
11111111100
11100000100
11100001100
11100011100
11100111100
11101111100
11000000100
11000001100
11000011100
11000111100
11001111100
11011111100
10000001100
10000000100
10000011100
10000111100
10001111100
10011111100
10111111100
00000011100
00000000100
00000001100
00000111100
00001111100
00011111100
00111111100
01111111100
111100000100
111100001100
111100011100
111100111100
111101111100
111110001100
111111111100
111111000100
111111001100
111000000100
111000001100
111000011100
111000111100
111001111100
111011111100
110000001100
110000000100
110000011100
110000111100
110001111100
110011111100
110111111100
100000011100
100000000100
100000001100
100000111100
100001111100
100011111100
100111111100
101111111100
000000111100
000000000100
000000001100
000000011100
000001111100
000011111100
000111111100
001111111100
011111111100
distribution: P(0) = 0.981491	P(1) = 0.018509	
transitions: T(0) = 10	T(1) = 1	
P(state): 0.0497551

State number: 12
11110000111
11111000111
11111110111
11111100111
11100000111
11000000111
10000000111
00000000111
00001110111
00011110111
00111110111
00111100111
00111000111
00100000111
01111100111
01111110111
01111000111
01110000111
01100000111
01000000111
111100000111
111110000111
111111110111
111111100111
111111000111
111000000111
110000000111
100000000111
100111110111
000000000111
000001110111
000011110111
000111100111
000111000111
000100000111
001111100111
001111110111
001111000111
001110000111
001100000111
001000000111
011111000111
011111110111
011111100111
011110000111
011100000111
011000000111
010000000111
distribution: P(0) = 0.0351134	P(1) = 0.964887	
transitions: T(0) = 0	T(1) = 3	
P(state): 0.0489286

State number: 13
11110000011
11111000011
11111111011
11111110011
11111100011
11100000011
11000000011
10000000011
10011111011
00000000011
00000111011
00001111011
00011110011
00011100011
00010000011
00111110011
00111111011
00111100011
00111000011
00110000011
00100000011
01111100011
01111111011
01111110011
01111000011
01110000011
01100000011
01000000011
111100000011
111110000011
111111111011
111111110011
111111100011
111111000011
111000000011
110000000011
110011111011
100000000011
000000111011
000000000011
000001111011
000011110011
000011100011
000010000011
000111110011
000111111011
000111100011
000111000011
000110000011
000100000011
001111100011
001111111011
001111110011
001111000011
001110000011
001100000011
001000000011
011111000011
011111111011
011111110011
011111100011
011110000011
011100000011
011000000011
010000000011
distribution: P(0) = 0.0172715	P(1) = 0.982728	
transitions: T(0) = 0	T(1) = 12	
P(state): 0.0496939

State number: 14
11111100000
11000100000
11001100000
10001100000
00000100000
00001100000
00011100000
00111100000
01111100000
111111100000
111000100000
111001100000
110001100000
100000100000
100001100000
100011100000
100111100000
101111100000
000000100000
000001100000
000011100000
000111100000
001111100000
011111100000
distribution: P(0) = 0.928976	P(1) = 0.0710237	
transitions: T(0) = 5	T(1) = 1	
P(state): 0.0445816

State number: 15
11110011111
11111011111
11100011111
11000011111
10000011111
00000011111
00111011111
01111011111
111100011111
111110011111
111111011111
111000011111
110000011111
100000011111
000000011111
000111011111
001111011111
011111011111
011110011111
011100011111
010000011111
distribution: P(0) = 0.0783879	P(1) = 0.921612	
transitions: T(0) = 0	T(1) = 7	
P(state): 0.0440408

State number: 16
11011111111
10011111111
00011111111
111011111111
110011111111
100011111111
000011111111
distribution: P(0) = 0.183047	P(1) = 0.816953	
transitions: T(0) = 0	T(1) = 9	
P(state): 0.0305918

State number: 17
11101111111
11001111111
10001111111
00001111111
111101111111
111001111111
110001111111
100001111111
000001111111
011101111111
distribution: P(0) = 0.151339	P(1) = 0.848661	
transitions: T(0) = 0	T(1) = 16	
P(state): 0.0360612

State number: 18
00000000000
100000000000
000000000000
distribution: P(0) = 0.859447	P(1) = 0.140553	
transitions: T(0) = 18	T(1) = 1	
P(state): 0.113439

State number: 19
10000000000
110000000000
010000000000
distribution: P(0) = 0.801942	P(1) = 0.198058	
transitions: T(0) = 18	T(1) = 1	
P(state): 0.0199694

State number: 20
11000000000
01000000000
111000000000
001000000000
011000000000
distribution: P(0) = 0.800655	P(1) = 0.199345	
transitions: T(0) = 19	T(1) = 1	
P(state): 0.024949

State number: 21
01111111111
101111111111
001111111111
distribution: P(0) = 0.205233	P(1) = 0.794767	
transitions: T(0) = 0	T(1) = 4	
P(state): 0.0198878

