01000000111100011101100100110011110000000110110010001110000010001001110010001111000001111011000001111000011011100011100111011000100110001100111000100110110001110011010011100111011001111011011100111011110111001111100011100100101100010110011001001000001111110010000011100011111100110011110111000010001101100100011111000110001011001100111000011000001011
00111100110001111001111011100011100001110000110110000110111001001100001111001100111111001000001001110100010110110111100100011111001100100110001101111101100110000001001100110011101100011000011000110111000000110001100001111001111000011110001110001001111001101000001101110010011110011011001100110000001111001110110001111000110001000111011100011111100011
00011100111001100000011011111001100110111100110011001101110010001111110000111000000110011001110000001101111100001111100110011001000001111011100000000110011111111000001110000111100000110010000011110011111000111100000111001100111110001101110000011010011000001101100100000111111101100100111000000111100011110011101110000001001111110011000001001001000111
11110001110001111001101111010000001111110100100111001100011110001110011000111100001101110011100001100011101101100110011110001100001111110000010011100000000111111000111111001110110001110001110010000100110000000010111100110001000100111101100110110000011110000110001000111000010011000111111000111001100111000110000000001110011001110001100110010110011100
01100100110100110001111110000010001100001110010101100000110110011110111001111100001110001101110001110000001001110110001111000111000011111111001110010011001110011100111001100110001111101100001100100110111001111110110000110100001101100111111100000100110011011011100001110001011101100001110110010001000100110011110001100110110011100000111000110000111100
11001110011111111011100000001100011110000100000011011101101100010011001110110011110011100110000001101111111100000110111001001110011001110100011111001100110011011000100111100100000011100011001111111100001110111001100010011111110010001111000000111001100111000000111110010011011001100000111110111110011001110011000000111000111001100011100110011000111100
11100111000111001101110001001000111110001111000001001100110000011110000011100110001100100100111110000000000110111011100111100000011000010000100110111111111100111111001001100000000001111000001100111100001100010001110110111011110110001111111000000000001110001101110011011011001100000000001000111111110000110011011110001111100110111000100110011001101100
01110000011110011011011001111000001100011101001000111100011010110111000000000001100011101101111100100110010011001100111111100111000000000001110110011100011001111110011110001111100100110111001111100010010000000100101111100000111011001001100110011001001100011101100111000001110010001110100110110011100010011011001110011111100011110000000111001111100111
01110001000100000111111101100000011001000001110011001100000111111000011001100110001110110011100111011101101000001101100110010011000011110100111000001110011001100010000000010011110011100110000001101100111100100111110001101110001110011001100110001111100011111010011111110001100101100111010000011110110001101011110011000111110011110000100111000111101101
10010110011110001001110011111011001101000111100100111001000001001110011111100101100100000001111000111101100110110000000100110110011000110001011001001000000011111000001110011011111100001110001100111010000111001110110011100010110111100100000000111110000001111110001000111011001101001111001000111000011000111110000100000000110110011010010011000111000111
11001111111110011111001100100100100000000100011101101011000110111100010110010011011100001100100110110000110010110011001100000010001111101101100100001111011100011011001100100011110110111100110110011100110000110001100111111001001001111100000100100110110010000101111000011100001111110000111110001100001101110000111000111000100111100011100100001011100111
11001111000101100100111110011001011110000110110001110011000111011100011100000110110011110001001111100010001011111110010011100010011100111100010011100000111001110011100110010011000100001001110000111000111010110000011111001100011100100111110100011000001100110011111111010001110001100011001101011111000000001100011110011001001101001001110000010010001110
01000111110000011111111011100011101100000011111001011100000100010001010001110001100101100001110000111011111010011011101100001100100110010000110100110010010011100001001101111001100111001100011011001100110110111010000011111011011111000000011000111110000011110000011110011011011000111000011001011110011001001100111000111001110011001110001111011001100000
01100110110111000111110000110001100110110000011110000011001111100000110010111111000011000110010011001111010001000100100111001001001000011001001101000111111000110010011110011110010010011001001111000101101100011100011011110000000001100111110001111101100011001110011111001001100001111110011001000111001011011000100110011111100010111011011110001001111001
10111011101100110011000110001101100011110000011000011001110011111001001001100100011000111110011001001001111110001100110010110000001100001111110110110110000111000011111001011100011111100000011110011100110010011100111000000011001100111001110110011110010011111000110011001100000010110010010011101000100110111001000111100111001110011100011011100011000011
00011001110011011000011110000110110110011001100000000110001101111100001110001001110100110111000011101011001101000110100111011000011000000001100111100001001000111111111001100100111011001100011111000001100111100110000110111000110010011100001110100011001100000111001100000111111110111000001101000001110011011101101000000010001100001101100011011110010110
00011011001011001100001101100000011100010001100001000111001100111111001000100010111010011110001001101101101000001111001100100111000111110000011000111100011100100011011111001111000001011011110001000110111011111000011011001101100001110011111111001111001101111011000011001011011000000111110111001100110011111000100110011001111100001101110010000111001111
00110010110111111000110001100100111111000110001111011001000001001110011111000000100111000011000001110100110110010001000011100000001111110011011011111100111110000111000001101101100101110011001000011001100011101101100001110011011000100110101100001100110000111100001101100111111100100100110011110011101100011000011000110001001100001100001111100110011001
11000111110001001111100110011111100100111001000100110000111000011011110011111000110111000011001110011000110110011001000001101100001110000011100110001000001001111011101100100111110000011000010011011000100011100110000110000111100011100111100110000110111000111110011000001001110100011011011111100011001000000110000110111001110000000011101001110011000111
10000000111011000000111110000011100110110000110110001110011100110011001101111110000111111111000011100111101100101100111000011011100000110011000001000111111100111000111011011000110110000011100010011110000110100001100110000110001100111100110011101100110011110011100110111001110001100111100000001111011110010011000100000111000001001000110011001100111100
11101111100100000111110000000110000011000110111111001111101001110001000000011011110011001100000110011000011011000011100110011110111011110110001100011111111001000000111100100111100000111011000000001100110001100001111111000010111100011111101100000100100000110011100100011111000011111000011111000011100110011110011000000100000100011100011000000000011111
00010011100100101100011100000011001000011100110000111100110000011001001110100011100000111110010110011101111010001111001100010000000110011001100001111000001100110011001100110001000011011001110001100001111111000110000110010011111100111000100000100100110001100110001111001100100010111011000110100010010010010011100001100110100010011010111011100110001100
00100111001101110111110001000110011001000000001111100011001110000011011110110010011000011111000100111100111110010011001001100000011111000111011100000111111011100111100100111100000111101100111000011001110011001111100011001100100100001101110011001111001001111100110100110000111011001000110111100010111010011110010000110011100011011001111000100011001111
00110011001110000100011110001001100110011111001111110001100101111001100110011100100011010010001111100110011100110001001101110011101111110000001110111001100110011111100010011010011000011110010110111011000110000111011100000011100011001100001101110110000111000110000100111111010001111000110011100010011100111011001100001100011100010011001001100000010011
00111111100001101110001000100111011110111000110011001000111100111101100110000011110000111001001111110010011100000110001000011011111110011101100000011100100110110001111001111101110010111001100001100001110010111000001001110010001001100110001001001100110010011001001111000010001111011000111010110010011100001110000111100011111000000100100011111011001000
00011111100000101100111100100111001001011110000001100101101100111110111111000100111001110110000011110110011001100111001111100011000100111110010011001111001100010011100000111100110001110100010011111110010001101100110011001100110000101100000011001011001101101100011110000100110001111100011101001100011111100000011000001110011100001110111011111001111001
11000111000001011100001001100001110111111110001110110011010000011100011010011111111001100000110011111100011011101110100010000111110010000011111000110000111011100000111100011000111100000100111111000111000111011101110001110011001100000011000000110001101101011100010011000001000111001110011111100010110001011100000001101100110000011100011111000101111101
00111111000100001100110011111000011001111000011001000111100011100011001011111101110100011111110001000010001100001110010001111111101100111000110111011000011111100110010000011111111001001001000000011100110011101001101111100000001100000000111100001111110011010110011001110100100000111110111001110011011100011111100001100100011001001110111100011001100111
00111010010111001100001110011000110110011110000010110011001110011100001110011001110000001110100111110111100101100111011000000110010101110011001000111001001111110000011100100001101100000110111000011111111100100110011101101110011001100001111110011001111000011111100111001011011100000001100110011001011110111001110000011000011100110011000011110110001111
00110010000111110001100111100011100110011000100110011110000100011101100010011001111100000111100011100100111000001111100101001001111101101100011100111100011111000000001111011000100101110000011100011101000110010110001100101111000111011000111100011011001001101100010011111100111110010001001110110000110000001101100111111100000110111110011000111010001111
00110010001000011001100000110000111011000011100111001001110110000001100110111011100110000111011100100100001111100010111110011111100000111110001111100011011000110011001111001001001100111110110000011101111111000001100000111100001001101001111001111100110010011011110000000110000011100110110010000110001101110010010011111110110011000010010011001001000111
11000111000111110111100000100000010011000000000110001100111110100111111001000001100011100000010010000111100010111100111100001111100000110010000011001101100111011000111110100011110011000100011110011111011111101100000111000111011001100011000001100110111111100101111000101100000011100001111100111111000111110000011001001100111100000011001100011100010011
11011011100011000110001100001100010111000001000110111011100000110111100111000101001100111000101111111001000111001111111110001100011001110000110000110110011011110010011100100011001100111100000100100000001001111000100111001100101100110011111100110000100111100111011001001100011110100011111100011100110000010011001100011100111001110110000011001000110011
11000011111001000111111111001111001001101100000000110110011111111111101001001110011100001110011011101001100111001001001110000110000011011000001100100111000001100111011001111111100110011001100100111101111001111000101100011000011000010011110001111100010111100111110010000000110110011100100001101100001100110110011000111000111000110010011000011000111111
00111101100100011100000101100110001101101101101111001110011001100110011011001000000001100010111000111000110001110000101110000111100001100111100110111000001011100111011100110010100011011100110001000100010011001100000111000001101100001110010000111000100110000100110011110001110110011111101110000001011111100001011001110011000111100011011100000000111100
00110011001110010001110100110011100000000000011110000011110111111100110001100100110011001011100100011100100110100011001111111000011000110011001110001100001100111000001101110001100100111100000000111110011110011100100111111011011100001110000011011001100011000010010110011100111110000111000110000110010110010010011000110000110001100000111110110000000110
10000001100010101110000011100101111001110010001011001000001100111111100101001100110111011000110011001101111000110110011110000001000111110000110011100011101100100000001101001100100111111100111110011001110000111010011101000111000110011111111001100101000011000110000111110010000111110011111100110001100000110110110010010011010001111001100111111000001101
10001001101000111100001110111000010011000011000001101100111100011011110000111110100011100101011001101111000110100011111000111001100100000111000011000111100000111101001100110100101100111000001110000001101101100100100110000000111000101111000001101111011001011000011000110001111000110111011100111100000000010010011000110111100111100010011011001100111001
01111000000001111100111001000110011011101100100100110011101100001101110000100001111100010011110000100011000110010001000000111100011110011011000110011011000001101110000111001001110000100011001101111011000111001111000011011100000100011110001111111001001010100111011000111100001110000110000110000111010001001001100111110000010000001111100000110111000001
10000010011100001110001100110011011110010001110011110010010011001001100110110011110011000110010001110110011110000111110001110000011000000111011110011100000001100100011000001111000111111100011100001111100001001110011111011000001001001111100001110010011011100111110110000001011110011001001001101000110011011111110011001000001001001110011000001001111111
11001100111100110000001011011110011110011001110010110000011110000111011000111100011011110011011001000110110000111111110011010011000000111001001100001111110000010110011011101000001001101110001000100011110001101111100111100001100000011000100001110000011110011100001111100100001001111111000011000110011110010001000100110001000001111001111110001110011001
10110011100001110011001110001110100001000111001100110011000110001111100000101101110010001111010000110111000110110011001100000110011100101100011001100111101001100010001001100110011001001110001110001110110001110011101100110111000011001100000011001001011110011111001100111100111100000011000011100001101110001111100111111101100010001100010011001000100111
11011011100011100011001111000011100011100111001110110111110011011010010011001111000111001100010110011100111101100011110001001000000111011001100100111111001000011001001100000111001101100001110011001101110000111100111111100011111001110011110011100011100101110110100001111101111111101101100100111000000000001110000000011110011001001111010001110111011001
10000001000110001100000100011001110000101110010011001001111001000001011100111000001111001101110001011100011111101111110010001000011000101111100010111001101000100110111110100111110010011110000001000111100001110011000110110111010011011100110001100001011000011011110110000110011000010011110011100111110000101110010000111010001100101111100000111011000011
11001110010011100010111100000111000011111110110011100100100100011111000111110001100100011101000111010010001001100100100110010100110111000001111000111111001111100011001110000111000111110000011001100110001000110011111101100000011001101001000110110011111001001001111111000001000110011010001100000000100110001111100110011001110111000001011001111100001100
10001000001111111000111000000111100101111100000110011110011000110000111001100100110001000110100111110000111111000001100101111000001111011011001010011100011111000011000100110000001111001100100110000011000000000000011110011101110011100111001100000111110001001001111001001110000011110111100100100110011000001101100110110001111110000111011101110001001100
00001011110000100011000111000100111000111100111001100001110001101110011011100100100100011110110001101100011000110111001001101100011001110001110001111110000011111100010110011011001111111000001111001111100011000110001100001111100011000000100000111111100001101100001100001111111000001100111000110111100011001101110000110011011011000001100100111100011001
11001110010000110010001101101000110111100011111011000100011000001110110011100011111001001111001100001110011101100011111001100011001000011011111101111100110000001110110000011001100111111000011110001110111000011110010011101101101110100011000111000111000001001110011001110110111000011111100100011111001100001110000110110000011011111001100001100111000011
00111011000011111001000111000110110011000111000110110001110001101101110000110111000000010111100111100110111000010011100100010010011110000000011000011000011110011001111000110110010011100000111000011111111100000001111001111001100001110010011010011011001001100111110011110011111110011111000101100000001101100011100000001111001111111001000010000111000001
01000001100000001001111100010111111000001101100000110011110011011100001100000001111110000111110110110011000111001111100110100001001100111101110001111100000111100010001110100011111001111011001110011010000001110100110110010001100010011001110110100011100011001101100111111001001100110001100100100111101000111100111111111000000110111000111100110000011011
00111110000010010001111100000001001100110111100011000001100000001110010110110000110111011100000110011100111111110011011001100110001100100111001111001100110111101100001100111111001001100110110010011010000010000011100110110000011111101100011000000100101100010011001000000011111110110010011111001000110111001110111000001100110011101111100100111000000111
10001110010001110000010011000001101100011100100110110001111111100100110111100100101110000110011110011100000110000000011110011011111111100000001111001001111100000000001110111110000011001110000000011011000111100100000110001110011000100111100010011000110000100110011000011001100010001100110011111011000011000000110100011111100011100011000010011111000011
10011111001101100110000111001111011001100011001100111100100011001101111000011110011100000100111001110000010011001000111100001110001110110011100011001110111000111001011100000000110001111000000111001100110011001100111100101100001100111101100110010001111111000011000000011001110011001111100011001100111111100001001101100000100110010011111000110010010011
11001101110000100010011001110001100000001101100100011000111000111100000011110001110111001000111100100110011011011011000010010011111100011000000010011111111101110011011100100001110001100000010000111001110011001101111101100000100110001100011001001100011111110001000010010001111100011101111000110011100001110010011000011001000101111000011011110011010111
01100111011110100011011101110000000111001000000111011001000101110010000011001100111011110011001100010111110000110001000000011100011101100000011101111001101001000011010011110001111111000011100011000001001100111110000110011001111001000111001101101100001110001111001000001101111011011111100110100111001111111100000100001001100111100001101100110000001111
01111000011000110000011001111001110111100111000000110110001110100110000100100110001100111111001110100001001101111100001100111001100110010011011100011101100111010011110110001101100011100110011011001010011000111110110011001100001100011001100000000110001100110001111000010011100011100001101101101110000111101001101111001001000110111000111110000011001111
00110110111110000001110110011100001110011010000111001000111101100011111100100110011010011000111100110011100011000000111001100111110011001100011100100001101000110000011100000111001111100110011011000111001111110011001100111001110001100001110011111000110011001001100001011001110000111100110111000111001000111000111000111000001110010001100110011011000100
11100010011011101100110011001001001000111001000110011101001101101110011001111111001100001100110011100001100011000000111110000100110110110011001000111111100110010010000111000110011001000111100011100011001001100111100110011000001100001111100001100110111001000001111000111001110011111100100011111001100100111001100010110010001001110011100011100111001000
01100111001001010011000010111001100000000001000011011100010001100110000111111001100111011110001100111001001100110011101011001110111100001111100001100000111100011001101111100111000001110001000111000001110001111111110110000000101110001111100010011111001011001111100000111000000110000110111000111100110000111001100000001110011001011010001110011111101000
11110010001110011001111001111000001100110001000000011001100110110001110011011011001110000110000010011110010011001100011100011001100110100011001111110110001000011001001101100111000100101100000111100000011100001110011100111100001110011010010010001111000010000001100001001100011111001110110011011001001110011001000000010011011100011110011110000110000001
00110000011110000011001100100010011001100000110011101100011010000111100000111111110011110000111000111110100111100001110011111011000011000100111110011100111010001110011001100000011111111100010001000100111011001000010011100000111110001110010001001111100001100011000111000001111110011000110011010000011111000000000101100111111001011100000100111100110000
00111000011011110011110011110011100011001000111011001110010001110000000111011001100110111011011100110110110111111000111011000111100111110000011100110011010011001111110011110010000001111111111101100001110001011101001110100000011110001000011101100011011111000111101110110110011111100001100001100110010111100110000110000111100000111000000101100001000011
01100001111001000110110111100100111001100110111001100011001101100011011111100011001111001001100000001100000110011001110001100000011000011001100111001111000000000111100111100110100000110010001110010000111001101110011100110010001100101100111011100001100011000111000001101111001111110000000110111000111001100001000111000010011100111100010001100011011001
10011111001110011001110011111000111001110011100001110010011111100001100110001100110010010011101100011100000101111000001001001111100100100011100011111001101100110110001111100011110001100111111100001111100001100110110011110010011100010011100000110011000111111100100011110010011011111001111000101000001110010011110001011110110001001000111001111000011000
10000010010110001101111100000000011001011001111000001000111001011011100001100001100111110000111101100111101111001111111100001111001101100001100111100001100011100100110011000000110010011011001111100111001110011110001110000001001111000111100001100111110101100011100100011001100111001110011110001111100111101100111111001100100011111001111100010001111100
11101011111100111001100111001100011111000000011110011000100110001111101000011100000011000011100001111101001100110110000110001100111001110010011110001110011000001100001111101111101110111001101100011101001000011001111110000011001110000001110010001000001110000011011011000100110000110110010001001100000111011011011001000111001101110000000001111001110001
00010011011100001111000011111100100110011001101110011101101111001101110000110011110111000110011100110011001100000110001100111110111000011001001000001111000111111010110011100000100111011001110001011011001100001001110100001101100111000110000011101100000111011110000011000111100011100001100110011100000111100001110011000111110001100011001110011101100010
01001001000110110001110001110000000110011000101111100001100111110000111001101110110010001110010011001100000111110001001110001100001110011000110011111000100000111111000010010011111011110000000110001001111110000011000001100110001110100110110011011101100000100011001101100100010001111111001100111110001100100000111001101110010000111100011110100110011000
11100011100001001111010011001111000001011101100011111000111100110000111011000001000011100100111111000011100001100011001100001111000110011011011101100000000011001110001100001101110000011000110011100111000110000110010000011001100110011000011000001100111110011100010011001110011000001111110011101001100011110000011001111000110000011000011110111011000111
11001110011000000111011100110011110111001110000000111001001100110011111111011001110000111100001001111111101101100101100111100100110110000011100110000110110011011110000010011000111110111100000011110110011110011101100001110000011110000111111101100000000100011011100011101100100111111000011010110011001111100111100110000011001001100110110111100001100100
10111100010010011111001111110001111000011001101100100000000011000011111101111100000111100001100110000011100011111001011000001100110000001111110011011101100011000000100011000011100001001110110011100010001100000110000111100011111000011011010011001100000111110011010000010001000011110001001100110011000111000110110010011000110000100000101000001100001110
00000100010000100110110111110001100100110011100110011011100001101101111101001110000100111101110110000000111011110011011101100000111001000000101110001100000111001111000011111010011101000011001100100011000111000111101100000001001111100111100000111110000111101000111001100000000111111111101100000001100111010001100111111110010011111001011100010011001000
10001110001001111100110011110000100000011111111001111110111100110000110011000111001101110000011001101111000111011001101100100001011100000111001100000001001111011000110000011111011001101100100010011010011111111000000110011111111110010011110110110100010111000111111001100100001111110000000110110011100000111011101100111100000010011001100111000001101011
01111000000000110010010111110011101111101100011110001111001111000001111001001111110011000110010010011110000000110010000011001100111100110010000111111000111000110110011111100001111111110111100110001100000110000111000001000110011001100111110000111010110010010000011000110011100110110000111100100010000001110011111100001100110010011000010011100111110011
00111110011111000000011100111011101100011110001000011100110001111001101001100011100111111101111100001101001101111100110000001111111001111001001100110110011110001000110111111011100110000001110001000111000111001001110011011100011001100011110000100100001111100110111000000110110000011111000110001001100110011111100110011001000100011110001100000111110011
11111010001001110011110110001100111001100110010011000010111100111001101111111001110111110000011000000111110111001110001000000011100110011111001101110100111011000000110000111100111100000110111000111110000001101000111001000110011111110001100001101110000001010001111001111101011001100000100011000110010000000111000100111101101100011110011000000000110010
11011100001110110100100010000001011111011011111100001101100110110001100100001100110011100011011101100101100000000000000111000111111001101100100011111100111001100111000011001100001111111001100000111001001000001001111000100110000011000111110000001111100111110001111011000110010000111110001110010000110011011011111001100110000010010011110010111101111001
01110011000011111011000000110011000111100100010010011110000111100000111001100011101001110010011101100111110000001101100110000000111001101100011001100110010011001011100011011001001100101111100001111000111100010011010011011000010010110110011010010001000111101100001000010111011000001100111000011100110011000110100100110000100011111000011001110001111001
11110011000110111000111000011000100110000001110000011100010011001000011011001001100001111010111000001001100111100111110001111001100001111011000011111100110001110001111100110000100011000001001011101101101101000011001011100100111100010011110000101100010011010110101110010110000011101100001111100100110110110001011001100000011000010011001111100110011000
11110000111001100111000110001100111111011100000110011111001100110010000111100110001100111100110000011001101011111000100110011111000100011100000110011001100010001111000010011001110100000101110111000001101110011110010011111011000110011001100010001100111001100110011000000100011100110000110000001110100011001110000111000011101001110000001111001111111100
11100010011100110001110011101100110111000110110100111010001100011000110100011101100011100011001110100011001101111000110111000111101001100010100001110001110001001001101111111000111000001111111000100011000011011001111101011010001000100000110001111110001111000110111001001111100001100000100110000111101100111010111001001001111110011111100111000000001110
10000001101001110000001111011100110011111010011011001100011100011100011011100110000000110001000001111100001001100011001110000011001011110010011110000010111100000100000011101100111000001011000100001000100111001111110001111100001101101100010001101100110011100100011000111100111010000100110010011110110011100111100100001100011001100000110011001001100111
11001100111000110111011001100100111100001110110001110110011110111100111100011111101001001100111100001100111100100010011101100010110010011011000110011001100000100011100111110111001101111100000111001101101100011011111000110100011001100110100110110010000111011000110111100110011000001111010011001110000011100110010010110011110011000011000011001111001001
01110011011011100001111111000110111000001001001100111000011011110010011000001111111001100000011101111011000011010000100110011001100111100001100001111001100100010011000110011111000110010011000110010001100110011000100100011000011011000111100000111000100111000001111000011110100111100111111100001100001110000000110000011011101110000110011110110000011001
01000001110001100101110000011011000010011001110001110001010011111111001001001111100010011011000100111000100011000111111100100111110110011001010100110010010001111000110001100110010001001100011000111110111000111001100001101110000110001111110000011100011111110011110011100001101100110001111001111100011000110000000110001100100111000011011111111001110111
11001001100010011011110011000000011011110010100011110100110011001100111100001111100011111001001100010001111110001110001001000011000001111001101110011110001100001111001100100110001100110010011100110011001011011001100110000111001111011111000110110011000110010000100111001100100111100011100100010011111111001101100111010001110011001001100011001100101000
11011000111001101110000010100111110110000011111100100100011011000011101100001100110000011000111101000001100011111100001111001111000110000110110011011011100000000000000111011001000111000010000011000111111100010011100001100110000111100001100111111000000110111001011000001111011001011001111000001011100011001110000110010011001111110000110000001111100100
11111101111001101110011111110000000010000011001000111010011011111111110000011100100111011000011000000110111001011000011101101100011000000110110100010011000110010011001100001100100110011100110110001100101111000011110011001000111111001110101000101110000011000111000001100001101001101100110111000110011011000001111101100010011011000100011000000111111100
11011001111101111001100100110010011111000110011001101100000111101101100010011100100011000111100100001111110111100111100110011100000111111110011000100111101100001100001111000001101111001111100111000010110110011000011001001110110001110111000111000011110011001111011001001111100011001110000110111001001100000100001111001110110000011001000111001110000000
01110001100111111111100100100110000111001111000011011101100100110011100110010111000011000001100110000110011100000100110000011111000100111000011100001111000100100111000011111000001001100111100011100011000000110111000001111001100100001100110000110011001111001100110000111100001000110011110110111100110011001000000100011110000110001101111001101101000011
01100100111000011110100110001111001110001111001000110011001111001100111001011110011011000001100111101110000011001101111000110110111111000001111001110111000011111100000011001100100001111000111101100110100110000110000011111110110011100010011100110001110001110000110011000011011111000001000001001001100011100110011110000011000111100000011100100011001001
11001100001110001111100111100001111110000111100111000110001000000111110000110000100000101100101111001001110000001110001100110111000001100110011001001001110000011111101000111100111001001110010011100000000110011011100111100000111110011110000110110001001100001100010011111011111000001011111001100101100100100111011100100110011101100011011110100000100111
10000011001100001000111001100110110011001111111011001100011000000000111100011100111111111000000011110110010011110110001110000111000111001110010110110001100001100110001110001100001100111110010000011001100000001110001111110000111011001111001110010000011111000110111000110011111000011010011000111000110011001000000011001001111111011001101100110001111000
11110000110011000111000010011000101100100110011111000111011001100011011011000111110011001100110110011110110010010011111001100001110011100110110010001110000110111110000111011010010011001100011011100000011011000110001100010011011011000111001100110110000111001111001100001101000111001101100001110000110011110001100100010011100110011001101100011100000011
00111110011001100001100001100110011100001100000101111110100111111000001001001100100011100110110000100111001100001101000111000110100100111001111001100110001100100111100100111001100110011001011011011110010110011111111010011111001110100110011001101100100001110000001100111011101100001100110010111101100000111110001100110111000011010011000011001000111011
00111000000110011011000100010011111111100010111110000000101101110010011001001001100010110001101111000110110011011001000111110001111000111111001001110111001100000011011001100100000001111111001100111100001110011101111000011100001111001101000000111110011111000000011100011100011100000011000111100100110000111001101100000100011011001001111111110000110010
11111100010110001100111010000011001110010011111000011001000011110011011001101111100000111000011010011101100100111110010001100011100001110110011011110011001100001100110111001001111000001100001111001100001100000010001111111110010010011011100000110010011100011100000011110011000110001111001111000111011100001100000111100000110011011110110111110011110010
11000110111100100000010000011110000111001100011000100011001001111100011001101110010110110000011111100111000001101100000011100011001000101001100111000111000111111001010011011001101110100111111001111100111110010011100000111110000111110001111111100101100111001100010000110111000001111000111001111111100011001111001100110000111100111111000111000000001100
00111110000110011011110010001111011100100111110000000110011100110000001100111001111111001000011110011101100011111110000010000011111100111100001001100011001100111111110000011001100010001110000001101111110111001101100000011011111110100110001001111100011110010001110000001111100111000000010011100111001111110000110110110111000010111001100010010011000001
00011111100110001111000000111100000110111000111110000110010001101110011001111001110101110111001110111011100111111100000011111010110000011111011001100001110000111100100111111000100111000011001110011100110111001110001111000001001111111001110110011011100011011001011010000111001000011100011110000111000011011001100011001001011011001100000011000111010000
00001110001100110011101100011001111001100001100100000111011011100000011001100000110100000100110000111100100001100111010010000011111001101100000011111000111011100110010110011000001100011011011001001111001111000001100000111011100010011001100000000111101101110110001110000111110001100000111100000110011001110011001111000101101110011000000111100111001001
00101100110000110011111100001100001101101000110000100110100011001101110000111110010000001110011100011001100100011101100011001011100000000111100001110010011100000001001111111011101001100111000111110000001111100100100110011010011000010011100001111111000111111001101100000111000100110011111100110011001000110010000111000011110010011111001111110010011110
10110110100110001111100111100011100100100110001100000110010011100110000100011110110011100100001111000000110010011111100111110001110010011011001110110011000111100110010011111100001100101111110000111000101110000110110000111100001000010011111100011101000011110111111110001011100011111000111000110010001110100111001000111001101100001100001111100001101111
10011001110011100011100111110010000111000010001001110001111000011000011100011001001111100001000111000111000110001001110110010011011100100111110011000011011001010111111100111001100110001110011110011001100010011000111111100000111111000111011011001000111111111000100000111001000110011100011001100011100000101001101111100011001001100110011000100000010010
11111011100011010011100111100110001001111101100000010110000011111111100011001111010011001000111111001110000010011001111100111001111100111000110001111100010011000111100011000110010011100110000001111110011110001001001011111000100110000001100000011111001110011111001111100110000011000100111001100001001101111111001110011001001100111111000001111111011111
11011100100001111000100000111100111111111000100011100110100010010011111000101110000110011001001001100111110001111111111111100000111100101110001111011001101100011100000110110011111111000000100011100000010011001110110111101100100011010110001100100111100111100011100000001111001110111100010011100111100110011111101110000111001110000001101111101110001110
11000100110011000010010110010011011000110100001100110110110011111001001100001111111100110001000111111000011100111011010001000011101111101100110001101100011001001101110000111110000011001100110011100010011100111001001100000111100110001110001111000101100111001100001111110010010011100011011001100111011111011111110001101110000100110011001100110001111100
10110000001110011001000011000111011111011011000111111001100110001001101100110011100010001001100100111110000011000110111100100000110011100110110011001111001110000011111111000011000110011110011100010001110001111111001100111000001100101110000111110010011110001111101101100100000110000001100000111110001111110011111100110010001001000111100001000000111001
00000011110110001110001110011000001101101101110001101100100001000101111100110011001110001001110001110000111111000111111110011000000011100000111011000111010111001001101110000110000000000100000111110111111110010010011111000000010001111110001011100001111100011111000001111100110111001110000110110110011011100111001001100111111100111000110001111011100100
11100001111011011011001100000011011111110011001110011000011000110000000011011011111100110111001001111010001111000011111001111000111111001100110010011001100001110110110000011001000111101100001101100000111000110000110011011001100100111101100001001100000111111111111001100100000011000000110011000100110011001110000110001100000101000001001001111000000110
00000111111001111000001110000011011100100110000111011010001110001101110111100011110110001100010001001100101100000011101100100110001111100110010001101110011101100000111010000010000001111001001100110001001000111001100111101101100000011111100011001100110100001111001111001001111100100111001100111000100110000010110000111100010110000011001111100100011110
00000110111001100011100111001100100000000011011101111000011001100110110110110111001100000111001101110000011111100011101110010001111001110001011001100111100111011111001000010011110000110100110011001100001001110000000001100110100011001111011111100111110001101111111000100000111001011011011101111001001110010011100000111000110011100011110000001111100110
00100111001111110010001011100011100001100110000111111000000111011111000111110000111111001110111001110010011110000000100111011110010011100110110000011011000011000000011101100110010100110010001100110000111011111000001110001101100110011000100110110001001110001110011110111000011111001100000111111000001100001101100001111010010011011000111100001100110011
10001111100010011011001110000001101110001100111011000011111100011111000011100000110000111101000110111000011100000011100010011011000011001111100000011110011011001000110000001110111000011100100011100100100011111110011100110100000111011001111000001110001110110010010100011001111100001110001011100110011100011000010001111001100000011001110011111000000110
01100000110011101110001100001111100000100110010001101001101110001111000001001101100110011100110010011011000111000111000000111000000110100000110000011101111000110001110000110010100110111001101101100110011110110011101110000011110001110000010111110000110011111111100011000011110111111111100011111000110011100100011001000011011011001000111001110011001111
10001101110001111111000110000111000100011011111000000000011011001110001111100000111111110110110010110011001110010001110111100000001111000001100001111101111000001100111110000111001100111000100110111001100001100100100111110111110001111000011111100010111100011001100011011001110010011100000011100001111001111111100001110000001111001001001100001110000111
01001110111000111111100110000111100111100111001110111110000000011110110000111000101111111110011100100010111100000011111000110110010011100001110011001000011111100000000110011000110101110000011111000110001011111100001101111111000000001110011001100111100110011111000011001100111100110001110001100110010000011001001000110110010010011110100110111111000011
00000011110011100010011110000111110000001110010011100001111000100100000111100010011001110111110011011000010011001001001110010000010011100001100001001110001111100001111001101110110111100011110011000110111010001110001111000010011100111001001100000111001100111110001100111100000111110011001001001100110011100001100011111000100111000011100111011110001001
00100110110001111100111100011111100111000100000110001000111100111011001111100000100100110000111001100110110000111101000110110000110111000100001111110110010001111001110001100100110001111000011101001100100011011000011110011111001101000110001110001011100110011000011000111100111000000110001110011100011001001111001110110011001100011011000001110011001101
10001100100111001110000000101110011010000110011000000001111000001101110011110001111100100111000000001000001110000011011001110001011000001100011001011000001100011110001001111100110000111100111100000111011100011001110000111110011001001100011011100011010011001100011110111001000011101100110011110001111000100011110010001101001111001100011011000111001111
10110111000001111110011000001101111111011000001111100001111000110011000010011100110010111111000111100011111100000110011100110010011100011111110000011111000001000011111110000001100101100111001000001100101111011001011000001111100000111000000011110011110000111110110011000001111001100111000001100001111100100011000011001100011001000111010000111100011100
00111111111110000110011000001000100011001110011110001111110100100110111011000110011110011100010001000111110001100111000000110010000110011111000101111111100011100001101011001100001111110011111111000110010011100000110110000011111000011010000101110011011100000111110011000011111000000100010010001111001001001110011000000000111010001001101111011000110110
00011011110000111000101111001111000100011111011111000011001101100111000110100001111100111011000101100100011000000011100010010001111110001111001001011100011011001011001100111101001101110001110010000111011001000011100000100111001000011011000000011011100001100100011100111100011111111011101111010010111110000011100000110001011100001100001111011000001101
00110011100011110001111000011111100000111100011110000111110001100100001111011000111110001110110111110000001011000001000011110100010011011100000011001100111001111001110001000010011111000011001100011100000010011000001111011111100100000101110110000011110001111101101100000111110001100100110110011011010011001110000110000011111000100011000100001110100100
01100111101100111100011110010011000111000110001111000011100010001111001100110011001110000110011001100000011100001110000010011100001110101111000000110010001111000011111001100110000011001100110010001110111100001100011111001100000011010110001000110010000001001001001111001111000110111001111100000001000001001111110001111000011101001001100101110011011101
11001110000110010011111000011111100011111000011000001111001111110010011010000001110000011101111011100011011100111001100011100100001100001100011011100001111001101100110110110000000010000000110000011110011001111100001100011000000000010111001100011001111001111000011100011100100010100000011001101100111111011000010011100110011011000101001101111000111011
00111011000000110000011000001110011010010010011110100100111000111111001100000110010001100110000011111000110011100000000011000011111110011110000100010100001100100000001111011100001110000111001101100110000001101001111110011111000111000110001001001110000111011110110100110000001100111100100100100001100000011111100111001101110100100100110110010000011100
11011011101001100100110000011011001110010001111111000000000011110011110110000000110011000110011001110001111110010001001101001111001111001100110111001000111100001100110001111100110110101101100110000110001100110100111111110100100110010110110000011111110001111100111100011100001100011101101111000001111100001111111001000000000100111110110100011100001101
11001100100111110110001100000001100011000000110111100100110100111000111110000000100000011111111110010111001011001001110110010010110001101110001100011111001000111011001110110011000010001000001100111100011100111000100111110011001100000111000011110000000110111001101001111100011100011000110010111000000001111111101100100111000111101100011111001001100111
11111100010010001100011000111011001111100011110100100010001011100011001101110000011111010000110011001111001001011001001111100110010110000010110011000011100000111011011101000011111001111011001100110110000000001111101101111100111100110111000100000110011110001100111110011100110011001001100110001001110011100100110011000000100100110011000111001001000011
00110011000011100001110111100010110101000100010110100011011011100100110011010000111111110011011011000110000111110000111101000111100110111011110110001011000001110001111000111111000011111100000011011000001110010000011001101100100110010110011111100001110110000000010011111100110010000110011011011101001101100001000100101110001001110011011000110110010111
11101111001100011111000011100010001000011111101100110001110011000001101100010000100110011110110011111100011111000011111100011110010011011100001100100011100011100100111110000011100001110110110111011011100011100000110011110111000000100110000100011110010111010011011001001000001111000110111011011001101100110000110000011100011001010110000011001100001101
11000000110000111111011011101100110000011110001111011011001110001111000111111100100010001000001011111100110011000001110011111000001110010001011011100101110011111001101100100110110010011000110110001110111000011001001111110000010001111101110001100110110000110000001011100011111111100111001101101111111001000111110100001110111110000001101110110100110000
00000100100111001100000111111110011000011111110011101000000110000001110011000111011111000111100111001110000010000110111001110001001000111100111110001011011001111000001101000001110011011100111011000111000000110001111011000001110001000111000100101000111111001111000011001000111100000000100110001111111011011000111100001100000011011000111110110010011111
00011100001101111100111111111001100011000011100011111001100110100111100110110001100100110001110111110010011001100001111000011001101001110011110000011001111100110001100010010001001101101100111001100110011111001111010011000010011100011110100011100100111110000111000000011000111000001111100110010000111100100111011000001111000011011011110000100011000001
10011100101100110011100011111001000100110011000011100000110011000110011000111000000111001100000110111011001001100100111000110100000111000011111000111111100011100000110000011110011011000000111110010011101001111000111100000001001100111001100111100011011111011100001000010011010001000011100001001100001110001100111100001110000011001000111111110111010011
01111001100110011110001110001000111100011100011111110001111000011001100111000100011101100101100011100110110010111111100110011001001111100011011000000111100011011011111111001100000111110011111111010111000011001000011111110000100110011001000000011001110110011110011000111100110011000111000111110011101100001100001111001101111111000010111110011110100001
11110100000001001100001111000000110001011011100111110001100111001111000000010011001100110001000001100001001001000001101100111100000111010011101000000110011110110001110001111111000111110010001100000000111000111111001110001101101100111001110001100000000100001101100100101110111100111011010011001101000110011011110011011111000011001100011111000000000110
11110000110000111101101111001111011000001111000001111100011000000011110001111100011110111001001101011100010110000111110000001110011011110011000000011111111111110010001111101000000111100110001110000011110011111100000111101100110010010011100010100111111001011110001110001110001100000001100111110110111000000100100100111110001000111110110111000110110111
11101110000110011100001111001000111111000100000011111000111111110010001110110110001101000011000011001111000001100111101001101101001110000100110010110011001001110001101101100111000101101100110110111000011001001100110000111100001100110111110011001100010111011000110011011000011001000001110010010011011000011111111100001110000101101100110011011000010011
00011001011100011000001110000111001000111011000111000111000010011101100110011011111011011111000100011111100100011111010010001100001111001111001001101100100011000110011001101111000001011000000011110001111011111101111111100000001001100111111111000010011100001100110011000011010001011111011000011011100110001001100110111110000110000011111111001000011111
00000100111000110000011100000011111100111100001111011000111101111011000111100011100110001100011001111110011111000001111011000100011111001000011001001100010011010000010010000110110001111000111000110011000011000000111100011110000010111001000011110000011000111110011011000001110100101111011000011111000001000110000011110000011111100011111110011111100110
00110100110011100000011011001001111001110011001000110000111000110000000110001111110010001000110011110000011100110000111001110011001110110000110011011101011000000000001100111111100110010011001110010111001111100011110110001100000011001110011001110011100011000111111111110000010011100110000011110001111100011011010110111100110100100111110001000111111001
10000111000001111110011000001001100110011100010111110000111110001000001111100001100110000110011001000000011111001110011110000100011101100111001110110100000010000001111100001110001111111011001111100110110100000000000100110111010011111100001111100111000000011011000011000111101100101110000011111000011001101110011011110000100110000011111111110000110011
01100100110111000011001000001111100110111110011011111100100000011110011111100000001111110001100001110011101100100001110011110100001110110001110000111011001101110011111001100000010011101100000110011111111001111100000100000011110011000011110001100011100000001111011000011000010011011111100110000111001100011000011001111000001110001100011001110001100110
11001000001001110111000101100011110011001100111100001001110001001111000001100110110111100111001100100000111111100011110000001110011110011100001101110011100110011011110000001110001101101000101110001111100001101100001101100011100000111001011110100011111000111001100110011001100001100111100000110111101110000111110011110011001111000100011100011100111010
11011100001000000101110110001100111110000011111110000001110000010001000111111110001001111111100110110001100000011100011111111001100111000000000111100000001100000111100110111011101110010001110000000000100010011001100111111011110000000100110000011100010011100111101110001111111010011111000110001101100001110100001001100100001110011111000001110011000110
00001001000110011011110001110010000011001000011011100011000001111100000111100100111011110001001110000000110010001100110111110100011111001110011110111110000010000111100011111001001100110011110010000110000110111000011111101110010010011000011110000111000010010011001001100111000001010000011111000011100111110000001000100100000100110111001111000001001110
00100110110000110001110000000111000100000000011001111111110011110000100001100111000001100100111110000011100001100001001000011000010011011110110001100001000100000111001110010011101110000000000000010000011111100111111100110010011001100001000000110111001101111111001011001111001100111010011100100011111001001001100011001100110000000111001110011000001101
10000110011001110110011110001110000100110000111100000011000000111010000011100001100100011100010111101110000110011111001110011011111000111111100000110001111110000111111000011001011101100011011000001100001111100011111000001110000111011111111001100111000111001100011100000111110000011100011001100110110110001111001111111011101110111000001110011111000110
10001100000001100001110000000111011110000011001110000111100101100011111001100011001111110000111110011011000111111000110001100010011000001011011111110001011000110001001101100100110010001010011011110110111111110000011001111000110001100000110100000111000111100000111100000001100000111110011000000011110000001100100100011100110000000111110011100100110010
01001001110110000111001111011110011111000110111000111011110001100110011001011111110011001100011110001111100001011111100110100011000100111110011110000011001111001000011100001111111100100011001100111100110111100011100110011011000001100111100000111110000011100011110111100110000001001000111100100111000001001100111110000110000001111110000110000011001111
11001100011000100111100000011001001111100000111011011110000000110011011110000111011000110011011100011110000011111001111101100110010001100110000111000111100000100110011001110000110001001101100000101101100111001111100011110000011111110001111100000000000111100111011000111010001110000001110011101110100011100100111110000000111110011100100110000100100001
01110001001110000001110000111011000111110001111011110011000001100100110010001110001100011100111110000111001100110000110100110011100100111000000111011110110000001110001110100000111011000011100111000100001100010011000001111100110111111111101111000100000011011000001100110011110011011100111100000000000000011100011111111111110011001100110011000001000100
10011100111100111111011011000000000110110010011000011011000110010000111100011110011111001110000110001111000110110011111000000000110011111100000111100011011001111001111000000000011101101111100111100100001100000110110000111001110011111111100000111001100011010011110000001100000111111100011010001101000001101101111100011001011011001110001111110000111000
00110001110011111110110110011000001111001100100110011110011001110011001110000110001111100001111110000110011000111001101110001110011000011110011000000110011100111100011110011100110010001110110011001110011000011000111000100110000111100110110001100100111000000111100001100110111111100011001110010011100100110001110010011001110011111000001110010001011001
11101100111001110000111000011001101110000110011001110011001100000111111100001100100000001001100101111000110000110110011001000010000111111000001000111100011100111110001110000011110001101100000001100000110011111000010011100110011110011001000001111110011001100001110011111100110100110011111000001001111111001100001100111000011100011111000110000001110010
11111000110000001100000111111101111000011111000001100100011011111001110000011100111111111001100110011110100000110110110100111110011100111110001111101111111010000011000111000110010111001111000110011001111100111001011100001101111100001111000010011101101100111011000110010011011100111100111001110011000111001111100111001100011011111000111000000000000011
11110000111110010010010011110001111011001100100010011000111111011001101000011100100100100001111001101110011001101100010011100000000011001011111111000111000110001100111100111111100000110011110001110011011001001100100111000000100100100111110011100010111000001100110001110000011001111001100000110000100110001010000000111000111110000001111110000111100100
10110011111100100101100111101100100110000011111001101110001001111111011010011001111100110110000010011001101110001100110011011101101100111100010011100111100000111001001110110000010011111000100011100111100111001100011110010011111000011101100011001110000001010011001110010011111011101100000100011001001111111011100000100100111011000011110111001101100011
11110011111001110011000101100000011101001000001111011001100000110010011001110011011011001100111011000111000111101110011100111000011000010011011111001111001000111000111011001101100000111100001011100000110011110110001111001001111100000111000000111000001110000001110100011001001101001011001100111001110001100110011000001111000011100100010110000111110001
11001100111001110111000001100000111001100110000000110010011000000110000111001101101110111001110001111100100110001101111001100110000110110011011001000110110000011100111001001100010011011110001100100111001100011010001111110001011110000110110011110000111100011011001001101100001101110000111001011111000001110011100001000110110000011000110110011101000011
10110011011100111100000011001001011100111100011111000000111100000110111011100000111101111100000011100110011110110001111011100110000000001110110010011001101110000111000111001101100011110011111000000111100101111110100000110011001100001111100001011001110011110011001000110001111110001000000001100001110110110111110000111111100100110011000111001111000111
11000111000011110000001111100101100011100111001111100011100100010001101100010010110011100111110001111100000111000001110110111110011011011001101100111100000111000100011110000000011100001110010000100011101100111000001111001001101000101100100111110010011000111100010001000000111100000011100100111000111111101111100000111110000011110011111110000000001011
11011100000111000010010001100011101110010001111111001111100000111011011000110000000100110000000110011100001110011111000000101100111111100001100111110100111110001001110010000100110011100001110110000111010000000010000111011111110001111000001111001111111111001110000100110011100011101100000111000001111110001111110011011100011001110010011001101100100111
01111110011100110000110001100001110011010010001111011111100010010011000000100111110010111011000000100011100000001011100011111101111001001111000000110000110010011001111011000011100000111111001110011100000001110000110111011001110011011011001100100011000000110110011011001111110000011000000110011001110010000111110011111000001110101000111111010001111100
00011110000001100100111010001110011001111000000111101000111110011110000011100001110001001111111000110011001000001110001001101100100110001111100101100011110000110100111100111000101111100011100001111001000000011000010111101110000110011110011000001111100001110011001111001001001100110001111000110001100111000110110000011001100011000011110001101111011111
11110011110001110001111110001001011110001100001100110001110010011110011110010011100001100011000011100100111000011011100001110001100000000001110011001110001110110000110011100000100111001100001100001110110111110001100011100111001000000110110011000001110001110000011110000011111000111001001110011001110011110011000000011001111100001111000111110000011111
00011111111100111001011000000011110011110000011001011111110001111111111011000000111000001000111101100011011111110011111100101100001111100100000000000011011111000111111101100111001100001000110000001111011101110000001100110010010011100000110011100011111000111001110000001001001001001111000001100110001100000101110000111101001111100001100100111000001101
00001110001110011001101110000111001100111110011111000001011100011000110110001101100110010001100001011011001111100010001100011110011100110000010111010000011011001101111100011100011110110001101000100110110011111000011001111111100000111111001110110111000001110110100001000011100111110011000100000010110010010011001101001110010111001111011000011000110000
10010001100011110010010000000110111000111000001110110110010000101110001110110011110110110011000011111001101110011001000001100100000110111001110001100100111110110011001100011100000011101100111000110011000110010110011110010001111001001001001100011100111000111110000001111100000110011000111111100011001110010011001110010011111111000001100001100101100110
10000001101111100000110001101110111110000000010011001001100000011111001010011100100000110011100100111011110100000001110000011001101100111011010001101100000101110001001110111000011011101110110010100110001001110000111000111110000011100010000111000111100000100110011011000001100001111101011011011001100000110110010011110001110011000111110001111010000110
00100110000100011100110011100110011100100110110110001111011100001111100100110000110010000100010001011001101100011110110111110010011110011110000011011011011100011100101100001001000111100011010011111100100110000001011100010011100001110110000000110011000111011010111000110011111101000111100001110010010111001110010000111000101100110001100110000001111011
10001110110000111001011000001101101100110011000111101100011100000101111110000011111100010000001111100111110110000101100011110010011001000000111000001111100000001001101110111000000110000111110011001100100110110110011000000111100000001100110000110011111011111000001111100110001100100011100110011110010010000111001100111001101100001111100011000000011111
10001101100001101000100110000111111111110110100011001001000000111110000111111100110011111110001110011000111100100111000011001001101111110011001000111000011110000001111011000001101110010011000010011110110011001001110110001111110000011001110100100011110110000010001100100111110001001100000110010110011000001111000100111000110000011100010011001110010111
01110011000110000000001111011011011100111110000111000001110001001000000110000100000100011010010011110000111100110011001011111000011011001111000111110000011001100111110110011010011011000010010001110001000001111000100011001101100101100110011001100000000011111000100110000011111100110111000010000000011100000110000011111001110010011010010011110110100110
00111000111111100011111011101100000011101100000111000111010001100100001111100011111000001111001101100000011000011100111101100011011001111001011001100100111011001110010001100110011111110000001110011001100011101110110011001110010011000101111100011011000100111111000001100100110011011100001111100011000011000110000110001111101110001110001111001100101101
11001110001110001010001111000110111110011001100001001110111011011000111100100011000001011100111110100100111001001110000010001111100011000110111001110000111000000111110000110001100110000001110011101100000001100000001100001110011000001101111000111100001011111110011001111000001111111000001111001100010001110000110110000110110011000111001111100011001100
00001110001000000110011100001110000011111100001110001110010001110000110011100110100100001101100110011001111100110111001001100000111011100110001101100001001001100110000011111110001100110110110010001100011011001111111110001001110001000111100110001100100001101000011011100010001111001100000001100011100001100010011100100110011001110000000100111000100011
10011110000011011100110000110111001110011110011001100011111000011100010011001111100100111110011110001001100110001111100011000111111000101100111000000110000010001001111001101110001111100000011100101100000001101001111100000111110001111110011011000011111100011100011100011001110000011111110010010011110001101110010111001001111100010000111001111101111001
11110000011001100111110011100000101100010110100110110011011011111001100001101110011111100001000110111110000110000010011011001111100011100100000110000111000000110110010001101110111000000110011111001011000110011000110011100001111111000111000000011011001111111011110001100111001100110000000111110001101100110010011010000110010111111000011000100111101110
01100001111110111110000011100000001100011111001101111100110011001111101001101111001100000111111100111100011011101111111000100111000011000111100011011111000111110000000101100001110011100110001101111101100010011000000001001001101100001001110000110011100001110011000111000110000011110011101110000000100100100001110011110000111011011000111100110111011001
10110001111000001100110001100000111000011011100010000100011111001100111100110010011011100001111100111001100011101100100110001100110110011001101100100100000011110011100110000000011110010000011001100001110011111001100110111100110110110011010011000110011100000011001100111000000111000100011100111001101100110001111110001001110000110001001111100011100001
00000011111011011111011111111000001111100000101100110010001111100011111000100110010010010000011001100100111101001100011001101111000001000011011111110000111000000000011111001100110000001000111100111110111000100010000110011011001111000111110000001000110111111110011000011011101100110001111001001110000011000000011111100000100111111000010011100111110011
01100100111111110010001111001001111000011011001011111100010110011001100010011000011000110000111100111111001111100001000000100111000011111011001100010001100011001000100010001001111000011000000011001111000111100110100000100110011111100111111000110110101110001100000011001100011111100111110010110011000111110001110001110110010011100110111000000110011000
11011000110011101110011111110001100110011011100011000011001110000110110010001011001001100011111100000001110011000100110000001111100111110010011010000111001001111000001100110111101100000000011110010011100000111110100001110100100011101100010000010001100111000111100110011110010001100111110110001001100011100011001101111110001011100110001110001100100011
11001100110011000110000111000000111011011000001110111100100110001001100001101110000110110001111000110011100001110000001001100110110011111000100110000110011100110000000111000001100011110001110110010011111000100011000111001101110001111100110100110011111111000111111101110000110011100110011111100010100111001000111000110010100110011001111011001100010000
11100000100111000010110010011011001110010010110001101100001111001101111001010001110011011000000001110001000011100011111001101110000010011100010110011111000000110011100111000001100111110000011100010011001100110010001001110001111010000011010000111110000110011001111000100110011011100011111001001000000011111001101100001110111000001111111100100000011000
10111001111100000110100011111001111000110011000001111110011100000001111100110001000111001101110001011100010001100011000011011111000100110001110000111111000011111001101100000001100001001110011111000000111001101110001011101000111100000110110001111100001110011000110000111100001110000111100110110111001111011011111000001000000000001101000110100011111111
01110001111001100111000011001100111000011100110001111000110111001111001111100110110011001000101100111111110011000110111000110111101111110011001110000110011011000110111011000010011011011101111110000001110000010100010011011000011100011110000010111111110000000110011000011110010011000001111011001000110011101111000001001110010001100011001100000110000110
00000011110010011000111001111001101111000110100011001000011001100111110000110110001111100110000000101110011110111000010011010011000111101000001100011111100100111011011100000111110000110110001101111101110110001001001100000011100000111110010011110001001001001111000110111100110111001000000001111110000111000111101000111100010011011001110111100010000111
10000011100000111011100111110001111001111001100111001110110000001111111000011011001000100011001000111001001100001111001101100100100011110001100111100100110001101100111000101100111001110010011001110001110000001100110001110001110100011111100100110000001000001101001111000110010100111001110001011000100011000000000011001100110111001101000000011110001001
11000011100011001110001101100001111000100110000110010011101100011110001111001100011101000000111110011001111111100011110001110001100001111001100110010000000000110001100101110000111010010010011100000111011001111000001100111001100000111111101101100001111001000111100110100010011100001111101000111000001100110011001100011001001111011001011000111111000011
11000011101000001111001000000001001100111110011000101100010001000111111011000010111011000010011101101111110000010001101110110111000000100000111000011110000011101100111000101100110000111101101100000011100000111001111001110010011001101111000011000000011110011000001110011110110011001111001100011000010011110111100110011010000111110010000001101111100101
11100011000000001111101001001011001111000001001100110000011001001101100100110000111111100011000000111000001111110011000011111001111111110011001100011100011111110000111111011101000111000110111100000110110100010001011111000111100000000111001011100000111000111100000100010001110000011110000110110010111110001001100000111000100111100010011110000111100011
00001001110011101100111000000011100110011100011010011100111111001100011000001100010110011000001110011110111000110011100001011000110110011011001110001100111100010001110001100100010011111000011100000110011000111001100111110011111000110111000110011100010111011111100000010011011000111100110001110000001110000111100011101000010001110111110001111001100111
11000111000000001111011011001110100110001110000111011001111000101110011000000111011001110000011000001101110011000011100111001100100110000000111111001100100000011100011100100011000011101001001110000111001101100111001100000011001000111110011100110001001001111100001111000011000010001000111111100111100100110011001111110000110110011101110001111100001110
00111110111100011100111011010011000000001100010011110001110000001100111100000001111100001001000111111000111111000100111001111101111100010111100011110010011001000000001110000100111110011001100011000000110011100001001110010001001100011010011011100000000000111100011110011000111100100100011001111100001100011111100100011111100110110000011110001110000111
00000110011011100100111001100000110011111100011101100001110011111100100111001000101100111100010101100100111110110011110110010000110011110011001000100111011011001100011001111000000111010011000111001111111001100000100111000011100000111111101000000011011001001111001001100001101110010111001111100011011000100000001101111100010001101111000011111011001101
00001111000000110001100010001001100000001110001111001110011000001011100010100111010011001001001111110000011100011110000000011101101101111001101000011100001100111110001100011111000111000110000001111111001100110010100100110011100111100001111111000110110000011111100010011100000100110110110001101100111110011111111101110000110000011011110000110110110111
11000111001110001000111100001110111001110000001111000111111000110110011011000111010011001100011011100001110100010111101100110011001101100011110000011100110011000000001000001110011001100111001101110111100000100010000111000111000011101110001100011110001001110000000110011011001000111110010011000110001110111110011010000001111000100111111100111100011111
11001100011000100110011000001110000111011001011100111000110011100110011110000111110010001110001001111111000001101000000100100110111110001110001001110011001000001110100001110011001001111100000011111011000110010100010110110110011110011101111100001111111100110010011110000111000001111111001001000001101110001111001001110010001100011110000111100000011111
01101111110000000111111000111001001001111011100111000111100110110000110001001111111110011100011001100111110000101100100000000011110010111111001100100011101000011110011011001000001111001011100001111100001110001111100110100000000110000011111000111011001000110110011010011001000000111000001100000110001111111001111001100111111001101101100111100000111011
00110111110011000101111001011100011111000010000001100111100010011000011000001100100110000011011111111011000110001110001110000101100001100110011010010011001100111001111001100011011001100111000011111110011011001100010001110011001110000011000000011110000011000011000011000111111000111011111000011111001000001100000110001100111000111111011110000110000000
11100100100100011111000000111110011011001101100100111011100001101100011000010011000011001001111110000001110011101110011100100000110011001110101110010001001001111110110001100001110110110111100001110011001101001111001000111000000110011001101110001000001111111001000101100111100001100110010010011001111011100000010011101110111000111100001111001110011001
01111000011000000110011000111100011110110001111000011111000111001101011011100001101011111000011011100111100000110011001111100000110000110111001100000100110001001111000111110000011011100110000111100001101110000111111010000001100110111001100100111100000011100110011110001100011100111000100111000100111110110010011110011111100010001001001100000111110000
11110010011000111100110110110010011110000111101110010000001000110011111101110011000000110000011100110111000001100011001110000111000011110000101110001101111100001000111100011100101001100101100011110001101101100011001111100011011000000111100100011110011100000111001000011001100110000011110001101110010011100011001101100111001111000011111100000011110011
00001100011000000110110001100110110110001111110001101100000111100000110000010001100111000001110111100001001110001000000011110110111100111110000110110001101100001100000000111011110011010011110000111001110011001001001100100101111110111111111010010011101100000000100000000000110111110011011111011111111111100110011110000000000001110001110111100110111000
10110000111100111110011000011100110011001100011001111100111101111001001100001110011011110010001000000110010011111111011000011111001111110011000111001111000001100010110010010000011000101111100101100010011100011111011001111100011100011110001000110011111100000011101111001111011110110000111001001100110011001100011111000100100110111001101100101101000100
11011011011100010010001110011000110011000011100001111100001111100010000100111000111011100110011100111100110111000000111100001111010011111000011001000110011011100000011100001001101101100010000100010011100110110000011011001101111011001110000000011000011110001100110010000110011110100011100000110110000111111001111001111100011001100110001100011111110011
10000011110001111110000110111000011110000001110000100100011100011001100000111111111100000100000110011100111011110011100000001110011001000001100111000111001011000100110011111001111000110010000100100111000011001101101100111001100011100111000001110101111111001110011001110000111101100110011100110011011111100011001100001111001100011011000110000001111110
11000110110010000111000001111001110011011110000111011100001101110110011000110000110011001001111110001111000011000110001100010111001111100011001110001100100000100110011111100001100100111000111100010001111000111000100111101100011110010011100011000100101100100001110011110000111100011000110001111001100111000111110001110001001000000001111001100111000111
01100100000111011110000011011111011001100110000111100011000010001001101111101001100110001100001000111110000011000111110001000110001101110001110000100110111000110011001110001101000111111100110111100110011011110100001011110000011010101111001000110011001111000011110001110000011101100100100100110001000111100011010011100111110011000100011110000011000101
10011101110000111100000111100110011100100110000011100101001011000110010011011001011000111111100000111100110111010011110000011101100011001110110000011111000001011001111001000011110011101100000110000111001111111001000011001111011100000000011111111011100011100110000110100000011111000011111111100111100000100111000001101111001001100111001101100110001100
