State number: 0
1101111
1001111
0101111
0001111
11001111
11101111
10101111
10001111
01101111
01001111
00001111
00101111
distribution: P(0) = 0.525815	P(1) = 0.474185	
transitions: T(0) = 4	T(1) = 8	
P(state): 0.0372473

State number: 1
1101010
1100010
1110010
1111010
1011010
1010010
1000010
1001010
0111010
0110010
0100010
0101010
0001010
0000010
0011010
0010010
11011010
11010010
11000010
11001010
11100010
11101010
11111010
11110010
10111010
10110010
10100010
10001010
10000010
10011010
10010010
01110010
01111010
01100010
01101010
01001010
01000010
01011010
01010010
00011010
00010010
00000010
00001010
00110010
00111010
00100010
00101010
distribution: P(0) = 0.797667	P(1) = 0.202333	
transitions: T(0) = 3	T(1) = 7	
P(state): 0.0385378

State number: 2
1101101
1111101
1011101
1001101
0111101
0101101
0001101
0011101
11011101
11001101
11101101
11111101
10111101
10101101
10001101
10011101
01111101
01101101
01001101
01011101
00011101
00001101
00111101
00101101
distribution: P(0) = 0.181301	P(1) = 0.818699	
transitions: T(0) = 1	T(1) = 14	
P(state): 0.038402

State number: 3
1101100
1100100
1110100
1010100
1000100
1001100
0110100
0100100
0101100
0001100
0000100
0010100
11010100
11000100
11001100
11100100
11101100
11110100
10110100
10100100
10101100
10001100
10000100
10010100
01110100
01100100
01101100
01001100
01000100
00010100
00000100
00001100
00110100
00100100
00101100
distribution: P(0) = 0.415399	P(1) = 0.584601	
transitions: T(0) = 13	T(1) = 5	
P(state): 0.0959302

State number: 4
1101110
1111110
1011110
1001110
0111110
0101110
0001110
0011110
11011110
11001110
11101110
11111110
10111110
10101110
10001110
10011110
01111110
01101110
01001110
01011110
00011110
00001110
00111110
00101110
distribution: P(0) = 0.810353	P(1) = 0.189647	
transitions: T(0) = 10	T(1) = 2	
P(state): 0.0771571

State number: 5
1101001
1111001
1011001
1001001
0111001
0101001
0001001
0011001
11011001
11001001
11101001
11111001
10111001
10101001
10001001
10011001
01111001
01101001
01001001
01011001
00011001
00001001
00111001
00101001
distribution: P(0) = 0.218649	P(1) = 0.781351	
transitions: T(0) = 1	T(1) = 9	
P(state): 0.0851717

State number: 6
1100110
1110110
1010110
1000110
0110110
0100110
0000110
0010110
11010110
11000110
11100110
11110110
10110110
10100110
10000110
10010110
01110110
01100110
01000110
01010110
00010110
00000110
00110110
00100110
distribution: P(0) = 0.732257	P(1) = 0.267743	
transitions: T(0) = 3	T(1) = 2	
P(state): 0.0890024

State number: 7
1100101
1110101
1010101
1000101
0110101
0100101
0000101
0010101
11000101
11100101
11110101
10110101
10100101
10000101
10010101
01110101
01100101
01000101
01010101
00010101
00000101
00110101
00100101
distribution: P(0) = 0.0824272	P(1) = 0.917573	
transitions: T(0) = 1	T(1) = 9	
P(state): 0.00779722

State number: 8
1111111
1011111
0111111
0011111
11011111
11111111
10111111
10011111
01111111
01011111
00011111
00111111
distribution: P(0) = 0.595348	P(1) = 0.404652	
transitions: T(0) = 4	T(1) = 8	
P(state): 0.0295995

State number: 9
1101011
1100011
1110011
1010011
1000011
1001011
0110011
0100011
0101011
0001011
0000011
0010011
11010011
11000011
11001011
11100011
11101011
11110011
10110011
10100011
10101011
10001011
10000011
10010011
01110011
01100011
01101011
01001011
01000011
01010011
00010011
00000011
00001011
00110011
00100011
00101011
distribution: P(0) = 0.524731	P(1) = 0.475269	
transitions: T(0) = 6	T(1) = 11	
P(state): 0.134685

State number: 10
1111100
1011100
0111100
0011100
11011100
11111100
10111100
10011100
01111100
01011100
00011100
00111100
distribution: P(0) = 0.53446	P(1) = 0.46554	
transitions: T(0) = 13	T(1) = 5	
P(state): 0.0625543

State number: 11
1100111
1110111
1010111
1000111
0110111
0100111
0000111
0010111
11010111
11000111
11100111
11110111
10110111
10100111
10000111
10010111
01110111
01100111
01000111
01010111
00010111
00000111
00110111
00100111
distribution: P(0) = 0.516951	P(1) = 0.483049	
transitions: T(0) = 4	T(1) = 0	
P(state): 0.0770892

State number: 12
1100001
1110001
1010001
1000001
0110001
0100001
0000001
0010001
11010001
11000001
11100001
11110001
10110001
10100001
10000001
10010001
01110001
01100001
01000001
01010001
00010001
00000001
00110001
00100001
distribution: P(0) = 0.167987	P(1) = 0.832013	
transitions: T(0) = 1	T(1) = 9	
P(state): 0.0732585

State number: 13
1101000
1100000
1110000
1111000
1011000
1010000
1000000
1001000
0111000
0110000
0100000
0101000
0001000
0000000
0011000
0010000
11011000
11010000
11000000
11001000
11100000
11101000
11111000
11110000
10111000
10110000
10100000
10001000
10000000
10011000
10010000
01110000
01111000
01100000
01101000
01001000
01000000
01011000
01010000
00011000
00010000
00000000
00001000
00110000
00111000
00100000
00101000
distribution: P(0) = 0.400558	P(1) = 0.599442	
transitions: T(0) = 13	T(1) = 12	
P(state): 0.122147

State number: 14
1111011
1011011
0111011
0011011
11011011
11111011
10111011
10011011
01111011
01011011
00011011
00111011
distribution: P(0) = 0.581723	P(1) = 0.418277	
transitions: T(0) = 6	T(1) = 11	
P(state): 0.0314198

