State number: 0
11011100
11111100
10111100
10011100
01111100
01011100
00011100
00111100
110111100
110011100
111011100
111111100
101111100
101011100
100011100
100111100
011111100
011011100
010011100
010111100
000111100
000011100
001111100
001011100
distribution: P(0) = 0.534194	P(1) = 0.465806	
transitions: T(0) = 3	T(1) = 5	
P(state): 0.0625732

State number: 1
11011010
11010010
11000010
11001010
11100010
11101010
11111010
11110010
10111010
10110010
10100010
10001010
10000010
10011010
10010010
01110010
01111010
01100010
01101010
01001010
01000010
01011010
01010010
00011010
00010010
00000010
00001010
00110010
00111010
00100010
00101010
110111010
110110010
110100010
110001010
110000010
110011010
110010010
111000010
111001010
111011010
111010010
111111010
111110010
111101010
111100010
101110010
101111010
101100010
101101010
101001010
101000010
101011010
101010010
100011010
100010010
100000010
100111010
100110010
100100010
011100010
011111010
011110010
011000010
011001010
011011010
011010010
010011010
010010010
010001010
010000010
010111010
010110010
010100010
000110010
000111010
000100010
000101010
000000010
000001010
000011010
000010010
001100010
001110010
001111010
001001010
001000010
001011010
001010010
distribution: P(0) = 0.797695	P(1) = 0.202305	
transitions: T(0) = 12	T(1) = 7	
P(state): 0.0385003

State number: 2
11011101
11001101
11101101
11111101
10111101
10101101
10001101
10011101
01111101
01101101
01001101
01011101
00011101
00001101
00111101
00101101
110111101
110101101
110001101
110011101
111001101
111011101
111111101
111101101
101111101
101101101
101001101
101011101
100011101
100001101
100111101
100101101
011101101
011111101
011001101
011011101
010011101
010001101
010111101
010101101
000111101
000101101
000001101
000011101
001101101
001111101
001001101
001011101
distribution: P(0) = 0.181187	P(1) = 0.818813	
transitions: T(0) = 1	T(1) = 13	
P(state): 0.0384867

State number: 3
11011000
11010000
11000000
11001000
11100000
11101000
11111000
11110000
10111000
10110000
10100000
10001000
10000000
10011000
10010000
01110000
01111000
01100000
01101000
01001000
01000000
01011000
01010000
00011000
00010000
00000000
00001000
00110000
00111000
00100000
00101000
110111000
110110000
110100000
110001000
110000000
110011000
110010000
111000000
111001000
111011000
111010000
111111000
111110000
111101000
111100000
101110000
101111000
101100000
101101000
101001000
101000000
101011000
100011000
100010000
100000000
100001000
100111000
100110000
100101000
100100000
011100000
011101000
011111000
011110000
011000000
011001000
011011000
011010000
010011000
010010000
010001000
010000000
010111000
010110000
010100000
000110000
000111000
000100000
000101000
000000000
000001000
000011000
000010000
001100000
001101000
001110000
001111000
001001000
001000000
001011000
001010000
distribution: P(0) = 0.400403	P(1) = 0.599597	
transitions: T(0) = 3	T(1) = 11	
P(state): 0.122217

State number: 4
11011110
11001110
11101110
11111110
10111110
10101110
10001110
10011110
01111110
01101110
01001110
01011110
00011110
00001110
00111110
00101110
110111110
110101110
110001110
110011110
111001110
111011110
111111110
111101110
101111110
101101110
101001110
101011110
100011110
100001110
100111110
100101110
011101110
011111110
011001110
011011110
010011110
010001110
010111110
010101110
000111110
000101110
000001110
000011110
001101110
001111110
001001110
001011110
distribution: P(0) = 0.810392	P(1) = 0.189608	
transitions: T(0) = 0	T(1) = 2	
P(state): 0.0770687

State number: 5
11011001
11001001
11101001
11111001
10111001
10101001
10001001
10011001
01111001
01101001
01001001
01011001
00011001
00001001
00111001
00101001
110111001
110101001
110001001
110011001
111001001
111011001
111111001
111101001
101111001
101101001
101001001
101011001
100011001
100001001
100111001
100101001
011101001
011111001
011001001
011011001
010011001
010001001
010111001
000111001
000101001
000001001
000011001
001101001
001111001
001001001
001011001
distribution: P(0) = 0.2186	P(1) = 0.7814	
transitions: T(0) = 1	T(1) = 9	
P(state): 0.0851884

State number: 6
11010110
11000110
11100110
11110110
10110110
10100110
10000110
10010110
01110110
01100110
01000110
01010110
00010110
00000110
00110110
00100110
110110110
110100110
110000110
110010110
111000110
111010110
111110110
111100110
101110110
101100110
101000110
101010110
100010110
100000110
100110110
100100110
011100110
011110110
011000110
011010110
010010110
010000110
010110110
010100110
000110110
000100110
000000110
000010110
001100110
001110110
001000110
001010110
distribution: P(0) = 0.732241	P(1) = 0.267759	
transitions: T(0) = 12	T(1) = 2	
P(state): 0.0889622

State number: 7
11000101
11100101
11110101
10110101
10100101
10000101
10010101
01110101
01100101
01000101
01010101
00010101
00000101
00110101
00100101
110110101
110100101
110000101
110010101
111000101
111110101
111100101
101110101
101100101
101000101
100010101
100000101
100110101
100100101
011100101
011110101
011000101
010010101
010000101
010100101
000110101
000100101
000000101
001100101
001110101
001000101
001010101
distribution: P(0) = 0.0825769	P(1) = 0.917423	
transitions: T(0) = 1	T(1) = 9	
P(state): 0.00780633

State number: 8
11011111
11111111
10111111
10011111
01111111
01011111
00011111
00111111
110111111
110011111
111011111
111111111
101111111
101011111
100011111
100111111
011111111
011011111
010011111
010111111
000111111
000011111
001111111
001011111
distribution: P(0) = 0.59543	P(1) = 0.40457	
transitions: T(0) = 4	T(1) = 8	
P(state): 0.0296586

State number: 9
11010011
11000011
11001011
11100011
11101011
11110011
10110011
10100011
10101011
10001011
10000011
10010011
01110011
01100011
01101011
01001011
01000011
01010011
00010011
00000011
00001011
00110011
00100011
00101011
110110011
110100011
110001011
110000011
110010011
111000011
111001011
111010011
111110011
111101011
111100011
101110011
101100011
101101011
101001011
101000011
101010011
100010011
100000011
100001011
100110011
100101011
100100011
011100011
011101011
011110011
011000011
011001011
011010011
010010011
010001011
010000011
010110011
010100011
010101011
000110011
000100011
000101011
000000011
000001011
000010011
001100011
001101011
001110011
001001011
001000011
001010011
distribution: P(0) = 0.524761	P(1) = 0.475239	
transitions: T(0) = 6	T(1) = 10	
P(state): 0.134588

State number: 10
11010111
11000111
11100111
11110111
10110111
10100111
10000111
10010111
01110111
01100111
01000111
01010111
00010111
00000111
00110111
00100111
110110111
110100111
110000111
110010111
111000111
111010111
111110111
111100111
101110111
101100111
101000111
100010111
100000111
100110111
100100111
011100111
011110111
011000111
011010111
010010111
010000111
010110111
010100111
000110111
000100111
000000111
000010111
001100111
001110111
001000111
001010111
distribution: P(0) = 0.516822	P(1) = 0.483178	
transitions: T(0) = 4	T(1) = 14	
P(state): 0.0771369

State number: 11
11010001
11000001
11100001
11110001
10110001
10100001
10000001
10010001
01110001
01100001
01000001
01010001
00010001
00000001
00110001
00100001
110110001
110100001
110000001
110010001
111000001
111010001
111110001
111100001
101110001
101100001
101000001
100010001
100000001
100110001
100100001
011100001
011110001
011000001
011010001
010010001
010000001
010110001
010100001
000110001
000100001
000000001
000010001
001100001
001110001
001000001
001010001
distribution: P(0) = 0.167991	P(1) = 0.832009	
transitions: T(0) = 1	T(1) = 9	
P(state): 0.0732405

State number: 12
11010100
11000100
11001100
11100100
11101100
11110100
10110100
10100100
10101100
10001100
10000100
10010100
01110100
01100100
01101100
01001100
01000100
00010100
00000100
00001100
00110100
00100100
00101100
110110100
110100100
110101100
110001100
110000100
110010100
111000100
111001100
111010100
111110100
111101100
111100100
101110100
101100100
101101100
101001100
101000100
100010100
100000100
100001100
100110100
100101100
100100100
011100100
011101100
011110100
011000100
011001100
011010100
010010100
010001100
010000100
010110100
010100100
010101100
000110100
000100100
000101100
000000100
000001100
000010100
001100100
001101100
001110100
001001100
001000100
distribution: P(0) = 0.415057	P(1) = 0.584943	
transitions: T(0) = 3	T(1) = 5	
P(state): 0.0959919

State number: 13
11011011
11111011
10111011
10011011
01111011
01011011
00011011
00111011
110111011
110011011
111011011
111111011
101111011
101011011
100011011
100111011
011111011
011011011
010011011
010111011
000111011
000011011
001111011
001011011
distribution: P(0) = 0.58181	P(1) = 0.41819	
transitions: T(0) = 6	T(1) = 10	
P(state): 0.0313888

State number: 14
11001111
11101111
10101111
10001111
01101111
01001111
00001111
00101111
110101111
110001111
111001111
111101111
101101111
101001111
100001111
100101111
011101111
011001111
010001111
010101111
000101111
000001111
001101111
001001111
distribution: P(0) = 0.525978	P(1) = 0.474022	
transitions: T(0) = 4	T(1) = 8	
P(state): 0.0371924

