State number: 0
11110111
11010111
10110111
10010111
01110111
01010111
00110111
00010111
111110111
111010111
110110111
110010111
101110111
101010111
100110111
100010111
011010111
011110111
010010111
010110111
001010111
001110111
000110111
000010111
distribution: P(0) = 0.566561	P(1) = 0.433439	
transitions: T(0) = 16	T(1) = 14	
P(state): 0.0167336

State number: 1
11110101
11111101
11101101
11100101
11011101
11000101
11001101
10110101
10111101
10100101
10101101
10010101
10011101
10001101
10000101
01101101
01100101
01110101
01111101
01001101
01000101
01011101
01010101
00100101
00101101
00111101
00110101
00011101
00010101
00001101
00000101
111101101
111100101
111110101
111111101
111011101
111000101
111001101
110110101
110111101
110100101
110101101
110001101
110000101
110011101
110010101
101101101
101100101
101111101
101110101
101001101
101000101
101011101
100100101
100101101
100111101
100110101
100011101
100010101
100001101
100000101
011011101
011000101
011001101
011100101
011101101
011111101
011110101
010010101
010011101
010000101
010001101
010110101
010111101
010100101
010101101
001001101
001000101
001011101
001010101
001110101
001111101
001100101
001101101
000111101
000110101
000100101
000101101
000011101
000010101
000000101
000001101
distribution: P(0) = 0.162026	P(1) = 0.837974	
transitions: T(0) = 6	T(1) = 5	
P(state): 0.0458719

State number: 2
11110010
11100010
11010010
11000010
10110010
10100010
10010010
10000010
01100010
01110010
01000010
01010010
00100010
00110010
00010010
00000010
111100010
111110010
111010010
111000010
110110010
110100010
110000010
110010010
101100010
101110010
101000010
101010010
100100010
100110010
100010010
100000010
011010010
011000010
011100010
011110010
010010010
010000010
010110010
010100010
001000010
001010010
001110010
001100010
000110010
000100010
000010010
000000010
distribution: P(0) = 0.786576	P(1) = 0.213424	
transitions: T(0) = 10	T(1) = 1	
P(state): 0.0309232

State number: 3
11110000
11111000
11101000
11100000
11010000
11000000
11001000
10110000
10111000
10100000
10101000
10010000
10001000
10000000
01101000
01100000
01110000
01111000
01001000
01000000
01010000
00100000
00101000
00111000
00110000
00010000
00001000
00000000
111101000
111100000
111110000
111111000
111010000
111000000
111001000
110110000
110111000
110100000
110101000
110001000
110000000
110010000
101101000
101100000
101111000
101110000
101001000
101000000
101010000
100100000
100101000
100111000
100110000
100010000
100001000
100000000
011010000
011000000
011001000
011100000
011101000
011111000
011110000
010010000
010000000
010001000
010110000
010111000
010100000
010101000
001001000
001000000
001010000
001110000
001111000
001100000
001101000
000111000
000110000
000100000
000101000
000010000
000000000
000001000
distribution: P(0) = 0.399164	P(1) = 0.600836	
transitions: T(0) = 3	T(1) = 15	
P(state): 0.0941182

State number: 4
11011000
10011000
01011000
00011000
111011000
110011000
101011000
100011000
011011000
010011000
001011000
000011000
distribution: P(0) = 0.463266	P(1) = 0.536734	
transitions: T(0) = 3	T(1) = 15	
P(state): 0.0280723

State number: 5
11111011
11101011
11011011
11001011
10111011
10101011
10011011
10001011
01101011
01111011
01001011
01011011
00101011
00111011
00011011
00001011
111101011
111111011
111011011
111001011
110111011
110001011
110011011
101101011
101111011
101001011
101011011
100101011
100111011
100011011
100001011
011011011
011001011
011101011
011111011
010011011
010001011
010111011
010101011
001001011
001011011
001111011
001101011
000111011
000101011
000011011
000001011
distribution: P(0) = 0.565869	P(1) = 0.434131	
transitions: T(0) = 8	T(1) = 0	
P(state): 0.0384339

State number: 6
11111010
11101010
11011010
11001010
10111010
10011010
10001010
01101010
01111010
01001010
01011010
00101010
00111010
00011010
00001010
111101010
111111010
111011010
111001010
110111010
110001010
110011010
101111010
101001010
101011010
100101010
100111010
100011010
100001010
011011010
011001010
011101010
011111010
010011010
010001010
010111010
001001010
001011010
001111010
001101010
000111010
000101010
000011010
000001010
distribution: P(0) = 0.879761	P(1) = 0.120239	
transitions: T(0) = 10	T(1) = 1	
P(state): 0.00743804

State number: 7
11111001
11101001
11011001
11001001
10111001
10101001
10011001
10001001
01101001
01111001
01001001
01011001
00101001
00111001
00011001
00001001
111101001
111111001
111011001
111001001
110111001
110101001
110001001
110011001
101101001
101111001
101001001
101011001
100101001
100111001
100011001
100001001
011011001
011001001
011101001
011111001
010011001
010001001
010111001
001001001
001011001
001111001
001101001
000111001
000101001
000011001
000001001
distribution: P(0) = 0.225009	P(1) = 0.774991	
transitions: T(0) = 2	T(1) = 12	
P(state): 0.0865429

State number: 8
11110110
11100110
11010110
10110110
10100110
10010110
01100110
01110110
01010110
00100110
00110110
00010110
111100110
111110110
111010110
110110110
110100110
110010110
101100110
101110110
100100110
100110110
100010110
011010110
011100110
011110110
010010110
010110110
010100110
001010110
001110110
001100110
000110110
000100110
000010110
distribution: P(0) = 0.752603	P(1) = 0.247397	
transitions: T(0) = 17	T(1) = 1	
P(state): 0.0582364

State number: 9
11100011
11000011
10100011
10000011
01100011
01000011
00100011
00000011
111100011
111000011
110100011
110000011
101100011
101000011
100100011
100000011
011000011
011100011
010000011
010100011
001000011
001100011
000100011
000000011
distribution: P(0) = 0.51361	P(1) = 0.48639	
transitions: T(0) = 11	T(1) = 19	
P(state): 0.0605138

State number: 10
11110100
11100100
11010100
11000100
10110100
10100100
10010100
10000100
01100100
01110100
01000100
01010100
00100100
00110100
00010100
00000100
111100100
111110100
111010100
111000100
110110100
110100100
110000100
110010100
101100100
101110100
101000100
100100100
100110100
100010100
100000100
011010100
011000100
011100100
011110100
010010100
010000100
010110100
010100100
001000100
001010100
001110100
001100100
000110100
000100100
000010100
000000100
distribution: P(0) = 0.362422	P(1) = 0.637578	
transitions: T(0) = 3	T(1) = 7	
P(state): 0.0308101

State number: 11
11000110
10000110
01000110
00000110
111000110
110000110
101000110
100000110
011000110
010000110
001000110
000000110
distribution: P(0) = 0.702208	P(1) = 0.297792	
transitions: T(0) = 17	T(1) = 1	
P(state): 0.0310443

State number: 12
11110011
11010011
10110011
10010011
01110011
01010011
00110011
00010011
111110011
111010011
110110011
110010011
101110011
101010011
100110011
100010011
011010011
011110011
010010011
010110011
001010011
001110011
000110011
000010011
distribution: P(0) = 0.543447	P(1) = 0.456553	
transitions: T(0) = 8	T(1) = 19	
P(state): 0.0670473

State number: 13
11111100
11011100
10111100
10011100
01111100
01011100
00111100
00011100
111111100
111011100
110111100
110011100
101111100
101011100
100111100
100011100
011011100
011111100
010011100
010111100
001011100
001111100
000111100
000011100
distribution: P(0) = 0.527078	P(1) = 0.472922	
transitions: T(0) = 3	T(1) = 7	
P(state): 0.0621129

State number: 14
11101111
11001111
10101111
10001111
01101111
01001111
00101111
00001111
111101111
111001111
110101111
110001111
101101111
101001111
100101111
100001111
011001111
011101111
010001111
010101111
001001111
001101111
000101111
000001111
distribution: P(0) = 0.533153	P(1) = 0.466847	
transitions: T(0) = 16	T(1) = 18	
P(state): 0.0374405

State number: 15
11110001
11100001
11010001
11000001
10110001
10100001
10010001
10000001
01100001
01110001
01000001
01010001
00100001
00110001
00010001
00000001
111100001
111110001
111010001
111000001
110110001
110100001
110000001
110010001
101100001
101110001
101000001
101010001
100100001
100110001
100010001
100000001
011010001
011000001
011100001
011110001
010010001
010000001
010110001
010100001
001000001
001010001
001110001
001100001
000110001
000100001
000010001
000000001
distribution: P(0) = 0.158853	P(1) = 0.841147	
transitions: T(0) = 2	T(1) = 9	
P(state): 0.0720141

State number: 16
11111110
11101110
11011110
11001110
10111110
10101110
10011110
10001110
01101110
01111110
01001110
01011110
00101110
00111110
00011110
00001110
111101110
111111110
111011110
111001110
110111110
110101110
110001110
110011110
101101110
101111110
101001110
101011110
100101110
100111110
100011110
100001110
011011110
011001110
011101110
011111110
010011110
010001110
010111110
010101110
001001110
001011110
001111110
001101110
000111110
000101110
000011110
000001110
distribution: P(0) = 0.808817	P(1) = 0.191183	
transitions: T(0) = 13	T(1) = 1	
P(state): 0.0767466

State number: 17
11101100
11001100
10101100
10001100
01101100
01001100
00101100
00001100
111101100
111001100
110101100
110001100
101101100
101001100
100101100
100001100
011001100
011101100
010001100
010101100
001001100
001101100
000101100
000001100
distribution: P(0) = 0.427759	P(1) = 0.572241	
transitions: T(0) = 4	T(1) = 7	
P(state): 0.065529

State number: 18
11111111
11011111
10111111
10011111
01111111
01011111
00111111
00011111
111111111
111011111
110111111
110011111
101111111
101011111
100111111
100011111
011011111
011111111
010011111
010111111
001011111
001111111
000111111
000011111
distribution: P(0) = 0.575725	P(1) = 0.424275	
transitions: T(0) = 16	T(1) = 18	
P(state): 0.0303175

State number: 19
11100111
11000111
10100111
10000111
01100111
01000111
00100111
00000111
111100111
111000111
110100111
110000111
101100111
101000111
100100111
100000111
011000111
011100111
010000111
010100111
001000111
001100111
000100111
000000111
distribution: P(0) = 0.496657	P(1) = 0.503343	
transitions: T(0) = 16	T(1) = 14	
P(state): 0.0600535

