11000011111011001110001111000100111001100111011001110000111000010011000011001100011011110010011011001100001110001011111100011100011110110010010000001111000110110011110010001110000010111000111000111100110000100110011011100001110001101101110011100110110011110010011001111000001001100110110001100011111100111111011100111000110011110000111000011010001001
11100001110000011100110111100011111001000111001101111001111000011101100011011000011110011011111001101110001110000011100011011011011110111011100110000111100000111010000110010111001110111000111101100000111000111000001101100100110011000011011111110000010110011101101100011100100110010001110000110100011110000100111110011100110110110010011110001111100110
11000011000011011100010001110000110000000110011011110011011011001111100001001100000100011100000111111100011111100001001100111001011001100001111100111000000011111100111100110110010110011001111111000111001000100010111001110100100011000110110110111001001111000011100011101111000010011110000011011000001111000000011000111110011000000101011000011011001000
10000011110000011100111111100011101100111100011111000001111100110011100101110000011111000100110111011000101110010010001001100000011011110001110100001110011011000110011000001111110001100000111111011111100001100010010111100110011100001111101110010011100111000001101101111000011100000100100111100000011011001001101100111110000001100011100010001100000111
11000001111001110111000011110110001100111100100000110000111111000011100011100011101110001110111000011011100100110110011101001001000001100001001110000111000110000001100110011111100000110011100110001001100010001010000110110001110000100011110010000100111000101110010011011100011110000011110000010110011111110100011011001100001100111100011100011111101110
10100011100001110011110001100000111110011100011001101100011101100011011000011010011010011101111100011101000011111000011001001111001110111001001111001110010011110110001100001100110000011110000100000101101000001110000100111000011110001101100011101101001100000111110100110000101110110011101100110000110011110011100100110111011011001100110111111110010011
11111000111000110011001001111011001111100111110001111010001110110110010011110110011000011101110000101100001110000000011110010001100100100000110111000011000001111000011000101100111100001111001110010110001100110110000000110001101101000011100101100111000001100001100110010011010011000011110000111101100011000000011000010111001101110000011111011011110001
10000011111111100100011101111000110010001111100011110000111001111100000011111001001111100011011001100111011100111100110000000111000111110001001110001000100001111100110000010001110001111100000111000001111000011111001001100001111111011001100100111000001000001110111000100111011001000110011001011110000110011110000110010011011111001100111000000011110000
11100000110100011101000001101101000111000011111001111101100111110011100001111100000110000000001000100110000001110001001101001110110001111001111000011001101100110000111011100111111001011100000011011000110100010011100001110011000011001100010011001100100101100110110010011011001110000111001111011001001001011001110011100011100011111000110001110001111000
11011000011111100110110011101111001100000100111000011100110111100111100000011111011011001000111100111001100001100111111000010011111100011111001101100010011011001100110110110010000000111001000011001101100100011110001001100000110000001011100011101000001110100111111101110110000111100011111100100011001110000011100100011110011101100011001100011111100011
10110000000011011010000001111001111010011011000001110001100101100111011011011110011000010010011110001111000011011110011111000110110011100001101101000011100100010010011101100011111100010110011011010011001100111111000001100000011000010110000110111100001001111011000011001100000000000111110000011001001110010010110111011001100100111010011001001110010011
11110000010011000111110000111100001100001001110011000110000111100001110000011110011001110000111100011010011000001110011101001000111100011110001111000001111001110111001111000000010000001111001110011000001111000011110001110011001111001111100000110011111100100010011111001101001011101111100100011000110011111001101100001101110000111000001110010111110001
01110000110110001100000000110000001111001111100111000010011111110000111000111001000011111000111100001110000100111000001000001101111001110000011101100111111000001111000111000001110110001101100011100011111110000111000111011000001100101111111100111110000011110000111000110111001111100011110011001110110010011011001110000011110000110000011110000011001100
00101111001001011011001000100110110111100110110000111000011110010011110001101100000101100111100111001111100110111000110111000000011000110011100110001111000100111111011011000110111110111001100011001101100100011001110011111010011111100001110011000110000111100000101100111100110001011100010110110011100011111000001111000011110000100110001111000001111001
01110011000111000011110010001110011001110010000011100111100000111111001110000011000011001100010111100100111001101100000011000000000000000111110011111111111111111110010011111110000111110011101111101110000110000001001100100101100111100111110011110011000011111100111111000010011011000111000100110001111011100110000111000001110100001101000000111100110100
00001110001111001111100110100111100001001001101100001111111001100110000111110111000110011000001001100011111110111001100110000010011110010011000100000100001110000001001100011010011110000000111001111001110001100000110010001111100111110001101100000111001001111000011011010001110001110011110011011001111010011011000111110000111111000000110011000001101001
00011011011001111001011100100001100011100100001111001111100100011000100110001111111000001110011110011011111110001100000111001101110110000011100101111000011110110011001011001100111000001101111100111011000111001000111100010011101111011000000100000001100001101100011100111111001100110010011100100110100001111001100001000011101100000011000111110110000111
00110111000011101110001111001110000110011001111100011110011000010110001111000011100000001100110011100011111110011000100011101100001111000011100010011000111110010011111111110010010011000101111010001110011011110001111100111001000111011000011001110001100000111100111101100011011000010011011111100000111000000111000001111001001000000111100111100000111100
00001111001011111000011110010111010110111110011100001100011000111000001110000001100110011100000100110011010011100111100000110001111001101100111001111100100110001111011001111110011111100110000110001111000111110001111100111001100001100110001100001110001100101000110111110000011100110000111011001000110100110111100001111000001100011111100001111100000011
01001001000111110111100000111111100110110011001100000001001000110110011001001000111000001100011011110011111100011110011111001101100110001110101100110000011010011111001110110000101101100110011000111100011111101111111000001101001111110000111101000110110100100100011100001001111000001001100011001101001100011011101111000011100110000101100001110000001100
00000010000111111001111100000001101011110000001110000011111000110010000111100110011000111110000111011111101100001110100111100001001100001011100011000111011011000111001000011100011100000000110111100011000111110111011111100111100011010011111000000111110001111000110001100111110011011000110010000011111100111011110011111000011100100111101001100110000110
10110111111111011000011100111011110001111000011001000110001001100111110011100001111001110110001111100111110000100111000011100011011100001110011001111001101000010011011001001100010010011000011101111001000100110110010110010011000101110000000110001111100110011000111101100100110000011110001111001110100100100001000011001100110011011111001101011001110001
01000111110011111010011000011111100111100011001111011001100110001000100111001001110000110111100111010111101111000110001011000001111100111100010011101100000111000111000111011001100110000011100000011001001111000110111110011111000001110011111110001111000011100100011100001111111001111010001110110000110000111111000110000011110001101100100011101100001110
10001011000111111000111100011111000110001110011011100111000000111101100111100011000010111110011001100001110000011001001111110111110010000111100010111000111100000100000010110110011110000111100100101110000111111011000011000111001111011000110010011001100000110000011011001110000110011110111000000001100011001111001011100110110111100111100001100011001100
01100111001110010000111000011111100001101110000110001100110001101100110011100001110001100111000011000011100110001001001001111001110100100111100111110110010110011101110001011110011110100111101101111000110110000011111100100110001111111011000011000111111100110010110111001111110010011110011101100111000100000001001001101100110010000111100100111100001101
01100111100011000000111110000111000101100011001110001000010010011100100111000111101001001110011011001101101100101110000011000000111111000011100011011100111100110011110010011000111011100111101000111011000111100110110000101100111100001110000110110000110000010001011001000010110000111000110000100100111000100011111011110000011100010111100101000000011001
10001111001111100001111100100111100011111101001000001111110110011100001111000001111001111000000111011001101100001001100011110010011110100111000110001100000111100011110000111000011110011101101011001000110011110000011100001111001001001001111111110011001101110100111101110111100011100100001100011100110000100011001100111001111110110111100110000011001111
11001111001011001011110010001100011000111100111000001111100010011000001100000001000011001000001110011011110000001100011001100000011100001111100000110001000110001000110110011110001110011001111111100111011111000010011110100100100110111001001011001110011110111000111100100001110010011001001110110010011001001111100010001100111110010111100011101110001000
10001111000011110001011001111001110001100011001110001001100000110000000110100111011100110100001110110000111000000011000011011000001110011101100000111000001100100101111000010000010000000000000001100111011111110011111110011011100110011101100000110011110001110110111110110111111100111110011000110001111000000111100111001100110010011000100000101001110011
00000110001100011001110100011110100001111100011111101110111110010010011011000000111100111111111110010001111000111111001111001110001110001100011000100110000110001100111001001101001111100111100000001101100011100011000011001111100000011001000111001111000110011100110011100001110001100110000011100001101100001001100011101100011110010011110011110001110011
01111000011110011101110011011001011001101110011001100101001100010011111001110001110111000001110010001110011001100001100110110100010110010000011110000011100110011110011110001001111110011001111110110110010000110010001110001011001110000011110100111010011001001100110110010011001100010100011101101100101110110011000000001111000011100100111100000111111000
11000100111110010011001100111001110011001111000001111110001110011011001011001111000011100011011001111100000001100001000110011001100001111100011111000111100010011001000001100010011100000111001011100100110001111000000001011001110010001111100100111100001111001111100010111000001111100011101000010011000110100001101000111100000111111001001100111011000011
11110000011011001100000111100000110011001101110000111001001111011100110000111100000110001111001000001100111111110000110111000111001100100111011100001111110011011010011001110011100010001000010111110001111011001110001101110000111011010010110011101000111111000011010000001100110011001100100110011001000110110011110011111011000011110001100000101110110001
10010011101100011001001011110001111110011111100000110000110011000011100001111111110111100011100110011000111000000111001100011000100001100110011110001000100110111000110011001100110011110100010000100011111001111100001111000011100110011111000001110000111110010011100101100100011011100000110101100011001111110101110000111011100100111000011010000111100011
11110011001100111110000011000000011000110011100000011000011111000011110100110000111001100000000000000000000111101111111111101111100110011000011110001111100011110110011110011011110000011101101111100110011100111100010111001100111100010011101100011000011110110111111101111110001111001110011011111010001110010011111110000011010011100000000110001110001100
11110000011000011100000011110011001111000111110000001000011001000111111011111011100111110000111001110110011011011001100110000110011001101100111100011110001110010111001111111111110000001100011110100100111001110011000010011001111111100011000111011100000110100001000000110000011011100000111001111110001101100000110000011110111001100001110011001000100011
00111011001101001011001011001100001001101101101110010001111100000110000110001111000110001001111001110000000110001011000100000111001111011001001100110110000011111001111011001000111100110011001101100110011101100111010011000011110001101111000111110111011000100011100000101100111011000011100011110000111111000001100100111100110011110001110001000111111100
11000011001100100110010010110010011000101101100011100100100110111110000111001110001001110011000001110010011100110011011000001111000011111010011000001100101001110000011110001101000000010110011011001001111001110000111011110110111110011001100110110010011000011100100001110000001111000001110000111000111100001001110000110000110010010111001100110011001101
11001001101110011001000001100011111110001011000001110011001111100011000101100010001011001101001000110011001100110011100000111001110000011000111110000111010001011110011100000111110000011100011001111011100011000110001100100110010001100011000111000011001111001001100011101101110110001000110011100110011001100100100011011111000101110000111100100110100100
00110011100011111111110000100111111100011000011001111001110010011011110011101001100110011000000001101100111111110001110011110000000011010000110000001100100111110011011000111110011000110001001111001110011000011110111100101001111101111000011111000110110100011100110011001000110001100110110111011100111111100111110010011000000111100011001111000111000011
00011111100011100011001100110001110000011101110000110001011100110010011001100111101110000010000101110011110111100000111001001100110011000001111000001100011001010000011110011110001100001100101110111110000001100110100111100001110000111111000110011110100100011001000011001110011110001110111101100111001111100011110000111001001111000100111100000111100011
00001110010011001000001100111011000001111000011100100110001111000110000101110011011000000110000111100100000111111111001000111110000111000011101100111000000011101110001110001110000001111001111110000011000001111100001100000001111000010011111110000111001100111000010011010001111001100110100011110001101110000111100000111000000110000011011000011011010000
10000000110000111100001111001101110001011100011110001000110110011101100001100001101100011000001001101100011111101110011000111110001111100111001100001111000011110011111000001110011000111001111100100011000000110110011001100001100001110011100011001100001111001100010001110011011110000111001100110100011001001111011000111001110000110011011000011100010000
10011111110011101100100001000000011001100110001110000011101100111111001110001111000011000110000001111001001100001111100110001000001101100111110000010110010011100000011000110110110001100010011000110011000001111100001110001110110000111011001101100110000111011001011011000110111100100001100111011001011011011000001100111111100000100001111001111001111100
00011110001100111000111110000110011010010011001111100001001011001100000000110001111100111101100110111100110011011110000000110000111000001001100110010000110001100100111111001110011100111001100110001110011000010001000001110011110011110001110111000111010000110010001110111001111000111111111001010000011000001111000110001100001100111011011100011110100111
00110011000110011001110111001110111010011000110100110001100110001100111110011000110110111100111001100011001100011111110001110001101001111011100001100111000011001100100111011100011001100000111100111110100011110010011110001111100100111100001101000001111011011000011011110010111100100010111001110010011110000110000101100001001110011110000000110010010011
00011110001101111000001111100111111001111100000111100100011001001111001001110010111000100100000010011100111110000011011001000011111111000111001000001110000111000110000000111000000011001100111100001100111000110001111110000110110010011110011100110001010001010001110011011001010110011001000011000010011001100011110001101110001001001111110001110010000101
11100011100000111001111001001100110010001100110110001001100011111000001100111001101000011001000111111011110010100110000110110000001001000011000001000010011111100100111000111110000110010010110110001110000111000110011010011011110010100000011100100111110000110010001110000100110100110110000110011001100111001011000110110111100000000001101110000010110011
00111111000011111100001100000110010000011100010110011110011100011100100110110111110000111000110011110001110010111001100001111001001011000001110001110000010011001100011001001100000110011001111001001100101001101001011001000100111110111111100110011001101000110011000111110000011110011110001111100011111000100110110001111100011000110111001110011100110010
00010011000111101100011111110011110010011000100111000110011011100110110001110110110100100011001001100001111000110110100011100011001101101100110011011011110100111000011100001001001000111000001110111110001001111011001110000111000000001100011000111100011100011001100100110011111001001101001110011000011101100011000001111000011100001110001100111110001110
00000010100000110001100011111011000011111100011001100011100011101000011100011001100110101110000001001111111100100110110100110010011101001000110110110010000100110010011000011100111100100011000100001111000110100011011011001111000000110001111101000101110001110011010011111110011000001101000011110000110000001100100100111001111001110001110000011110001101
01100001111000011111000010000001110100000111111101100110011100110011110011110110110110001110110110111110011110011110011000000011110011110001001100001110000001111100000110001011110010110000001000001110000110011000010011110001110010001100100111011001111110110110011001000111001111000100001100001110011110010110111000011111000110010011100111100000110001
00000101100111011001001110011001111000111110110011001111111110000111000011001101000011000001100011111101101111000011100000000110011111100000111100001100110011001111110011000001100100100110001001001011100010010000110100000111100100110011001011100010011110110110101100110011001100110011001110111001100110000011100000110010011011111000110000111001000111
10100010011100011100011100100011100100000110100111110000011110010011100111011101100110000101111111110111001111100001111000111001001101110001111111100110000100111101100111001111100000110110001101001001100110011011000011100011111100011101001111000001001110000011000001111000001110001011000111100100110111110001100110110011000011100000000100000100100000
10111111111001101110111011001110011100111100110111100000011101000010011000110110000110000011111000011100000011111110011001001111100101100011001110001100110001111100011001000100011000110011000110110011110001001110110011111100111110001011011100011100110011001111110010110111001101100011011000011100000111110000001100011111000110111001011110100110110000
10110011001001101100110011001000001100010011111001001111011001100011111100110010100001100100110000110110011110000011011101100110000111010011001000100111100000100110111011001001100000011000000011100111100001111010001111010010011100001110110111111000000010001111010011110100001101100111111001110111010010110011001111111100100011011001000010001100010001
00111100110011001001000111111000110011001111001101110000111001100111000100111110011000110011000000001100110011000111000110000010011011001001111001000100111110001100001110111001111100111001100111100000111100101100011001100110011000000110100110111011000100110011110010000011000111000001111000111100110010000100111100011001000111111000000010000100011011
10000110011111101000000110111110111110001100110100111000001100001111001100110000011100000011101011111000001001100110001100100110100001001100011110010111000100110000111011000011001100011000011111000011111001110000011011110010011110011100100011100000110010001111101001011100001110000000000011110010000011000011011001001100010001111000011010001100110000
11000111100000101110000010000000000100000010000011001000111111111011111101101110001110001101111001100110100111011000110000111110011001111011111001100111010001110010110001101101100011011110011110010000111100001111111001111011110001001100001100011000001111000111100110111100011100100001100000011010011110110111101110100110010011110000001101100111000011
11100110110001111011100000011001110001111000110111001000001111000111001011100001100111110001100001001011001111001100110001111000000001001000111101101100100011111110000111000111100000110010001001100000000011001101100111110000011001100111111100111001001100000011011001111000110011101111111011101111000111111000111001100100100011110011111110011100010000
11100011110001111001000001110011011100000111000011011000111111101001111110001101100111110111000000110110011101111000110111011000000011101000110001100011000110010110100110011001100100100110010000110011000110011100111101110010011000000111100011100110100110011001001001110000011100001101100100110011000111001110110110011100111001100100001100011111110010
11111000111111100011000001101101111001001011110011001001100111100111000000110011110011100010111000111100110000000010010010001110110110011000001101100110011111101100011111001100111011001110100011110010011000110111001001100001110011001100011100111111001101000100011001110010011110110000111000111001001001100001001100000111000011011100100110000011100000
01110001111000110000110011001111011011000011110011001100100011001100001010001110110011000000111100001111001001111110110010010111000100110000001100001001100000011111001001110011101001111110001100110000111110011010001100111000001110110011110011110110011100001001111000110001100111101100111001100011100011110001000111101110100010011001111110001110011001
11111100110110001100100111110001111001111110010001111100001111100011011001011100010110110000111000111111100111011000111001110111100001100110010110011000110000111000110001111110011101101100010011100011011100000001100011110011100011001100100111100110111110001001000001110011101111101111110000111000001000110001111100110011001111100100111001110011001110
01110000111001110110001100110011111010001011000110111000010011100011001100111000001100110111100000111011000110000110011011001100111011111000011110011111100110011110000111010111011101001100000011100000011001100111110011100111111100100011100111100110001110001111000011110111011100000011001001110001110011001100110010010010000111110011100100000011000110
10001100110000000110001000000111001100000111111001110011110011100110011110011110011100001110011000010011000110000011100000110001000110010001011100011111011011100000011111001101111110110000001110000000110000001110001011011001111100001110110011100011011001100111001101100100100111101100110010010010000011111000011100101100101100110111001110001110110010
01110110110000100110110001110010111011101110000101000001101101100011110000110110011000001100001110011000011000110001111100100011100011111100101100110000011111001110110001010011011000111011100101110110111000001011000011011001011000101111100011100110001101000100110011000100110100110010011000110011100011100000111100110111000010011000111110000111100110
11000011001100011000011011111000011000011001110010011100110010011100011100111110011001001100110000011001100110011000011001111111000111001001100111010001110000010010001100110011011001100011010011100110110010011001111001110000100110000111100011111110001101100111001001001000000111100001110110011011111110011100110110011101100111111100011110011100111000
00111000111110011100000110011000011011001001110010011000011111100001100000011100001110011010011000011111100100100100011110001110011001110100000001011110011101110010000110111000011000111011100111100100110100000111100001110001111111001100010001110000110011001001001000001111000100001100110111100111000110111001011110011011100011101100110011100000111100
01111000111100001100110011000111100011011001110111001100001111001100110000111000110011100011110000111100000000110011011000000111001100111001111111000011001100001110011101100111100000111100110011000001110000011100000111110000111011011000011000111100110001101111110011011010001100110000111000010011000111011000011000011001100011011000011110011011110011
11100000111100110111000011100011011000011101110000111001100010000111000011011100001100101111100100111110011110110000001111001111001001111011001111000111000100110100011111100111001101000110011111000011100100111100100011100010011100001001100001001111001110001111100111000000110110001001111001001110000111100110111110001100000100111000111000100111010010
00111110001110001001001100110011101111100001100101111000001000111001100000100001110110111001101110010001100100011110001101100110011001101100001111000100000000110111001000110011111110001101100011011101100011000110000011001100101110011100011100111100110100100111111100111011011000100000001100000010000100111100100111111101100110101111001001001101111001
11111101111111111111111111111101100111110011110000010110011111100011011000001100011100111110011110001111100110110110011101100101100100110010000111001100011100011000110000010011110011110011000110001100010011000111000000110011010010001101011001110000010010001101101100011001110011110010011110000110000001110010011001100011011101111000001110000111100001
01100100100111100011011011101101100011100001110001100110111001110000111110011111100000111110110010010011000110011100111101100011100001111110011100110000000110000101011000011100110010000110000000110011011000011101110000111100001101100100110110011110010010110011100110011011001001110100011000110111000011110001100001000011110001100011001110001110011001
01110001001101101001110001001000010110110010001100111110011011100011100001100111000111000110111001101000000011100100000000011100000011101100011111010001100111111101000011111001111001100111100000000110111111001111100111000011100011000000111000111110010110010011100011001100111101110011011100011111000111110011011001100100110010111001100110000001111100
00100110100111110110011001111100000111000110001101111000010001110011010110001111110011111000100100001111110011110100101100001101001101101111000011000010011110001101110011001101101101100111000111100110111110110011001000111100000001100110001100010000010011110011001000001000000111111001111110001111001100011001111111000111100111001101100010111100111100
00110000101111001101110000111110011110010011100001001110000111100110000110001100100110011101001100111100110001111100001111000010010011100110000110001111011001101110001100111001100110100111000001100001101101110110011001110011100011100001110011001001001101110000010001111101001100111110111100100010001101100000101100010001111001100110011100110001110110
11011001111100001100111001110010001100101100111100101000011000111111001100100100100110011100110001100001100011011110001101110001110000011100100010011001110000111101100000111000111111000111110011110010011000000111001100011100011011000011100011111111110011110011101100000000000010011100001100100100111000111101101101100011001100001100010100100101100110
00111100111100000011100100110110000000011110001000111001011111000011001100110011000011001000100001101110110000111001000110001001111000111000010011100011001100010001111000001100100011100111001001010111001000111111110000100110001111000100110011001000100110000110111000100000000011010011011100100011010011101110000011011111000110010110001100100101111000
00111001100100011000000001111100000100101110011000111000011000000001111100011111100111001100110111110011000000110000001111101000001000011110100110110000110010111000101111110100110011000111011110110001011001000111111010111110001111110001110011001110000111011001101100001000001100001000000000000010000001101101111111111111111000111111110111000001111001
01100000111011000110011001100100111101110001110011010110011110010001110001110000011011110000110010011011100001111000000001001100000000101100111000001110011001101011110011100011100100010011000011100110001110000111100011111001100010000011011011001110001100110001111000100100011001110011100100111100110001111100010110010011000010110110011010001011101011
01100100011111000111100110111000000111001101110010000110111011000000111000110011001100110010111000001100100111111100111110001100110000110000011101100100110001001111001111100100011100101100000011011001111100001111100110011110010111110010001100110011000111100111101000011110011001011001101101100110001111000011011110010011001100001100001100111001111000
10010111101100010110000000110011111111100110011000000011111000100011100100101111000111010010011011010001000110011100001111000011100010011001111111001111101111100011001110110000011110110001000001110000101100110110011000111100001101110011111010111110000111000111011001100011010011100011100110110110011001001000111000100110010000011000111001001011001000
00110110000011010011100011000101100101100001111000001111100011000111100101100110001111111111100111000110111100111001100100100001110001111111001101000110001101111111000111000011100110001110100011011001000110010011000110011111100110111001110010110100110011100010111001101100110000110001110011111110011011001100010011000011000011001110001100001111011000
11001000111100000111110111100011111001001100111110100100111110001001101000110010000001110001110011001100000000011111001100010011001110001110011111001001011001011111100111101101110001101111001001100100011001000100110011111001100100000011110011111100001110001101100001101000010011100010000110011111100111000011001110011011110011001101111100000010000000
01100010011011001111110000011111001110000011111000111011001100110000111001101100000011001011001111000110001001100100110110000011000000111100110001100001110011100111001111101001111110001100100011100000111100010011101110011101011001101110000000011110111100001011001101011101000011110000110000010011110001100001001011111110011100100110000110001111011001
01100010111000001001110000011110000100111001011111000110001100110011011100110011110000110000110100000100110011111000011000000000110110110000111100100011110010011110010011000011110010011001011011001110001110000111001111001100011110011110110000110001001111100111100100001110000011110001001001100110000111101100011110011001100100100111100110011001101011
10011011001001100001110000111111001111001111000011000011100011101101110000011000110011111001100111100001100100110000011001110010000010011000011101100111011011001111001100110010011100010011011100100110011001100111000001110000100111010010011111011111100111000011000110011110011000001100000011101111001101110000110110010011100000100000011100011001100010
11010000011110000011100001110011000100000011110001100110001110011000001011000001101110111111001100001101100111110000011110010001100100110000011011100010011000110101000110010001110011011001111001001101110011001110001110001001001100110110110000110011000111010011001100001000111000110000111100111001001111110011111110011100100011111011001000000111100111
11110001000110001100110011100001111010000111100011100011001110000111110100110000011001011001110110010001111011110000110001110011000011111111011000010111100011100011011001110001100110110110010011100100101100100100000111011011111001010111001100001110010001100011011010110000101100000011100111001110001111110110011100100011000011001000010010000011000011
11100000110110011011100001110011110001110111100000111100011100010010011001000111110010011011110000011011100000110111100001101111100011001100111110001111110100110011001001100011010001100001001001100011110011011001110011000011000011110000111101001100001100110011001110011000111111111000111100111110011110110010011001001101101110001011110010010001000000
00000100110001100110000110001011001100100111111100001001111001100111001100111100110110001001001100110011000011000011110011001111001100100111000010000000000000000000100111111111111111111111111111110111111101111110000011000110011110010010011110001101100011100011111001101110000011000011101011001001111110011011000000101101100011011000011000010001110000
00111000011110010011101111001101001110000111000011011100000110001111101001110011011110011101111000111001000011100100110000110110001110111000111001100110001100110100111111001100011100001101001111110110011100011110000110011000001110001101110001110001111001110011011001111100100111000011100110111111100001101111100100011101101001111100110111001100000011
01100111000011000010000110110111100110001111001110111100000001111000110011001100001100110010011100111001100000110001011011000110000010000110001100110001110000001111000110011000111111001101110011111011001110011110010001100000111101100000111100011110110000110111111000011100001111100000110111100001100001100011011111000011001100110001100111100100111111
01111001101011011001110001111100100111101110011001111110001100011011001100110001000011001000110001110110100110100011001011110000110011001100110111100110111000001000000011110010011100110011000111001110001011010011000100111100001110011001100110011111001100110011001010001110010011110001111001100100110011111001111100001100110110111000100001100000100001
11001100111111100111010011100110001000001001101100011110001100110010110010001100000111010001110010011100011000011011001110010011100011000011011100110001111001111001000111011010000111000100111001110000111000000111000010111100000110000011000110111111000111100110110000001100000010111011101000111110011000011110001110000000100011101110011100001110101110
11110001101001110000111001011100111111100011110001110110100110001100001001100111001110110011001100000111100101110011100010001011000111001100001001100011100001111110001011011001111100001100110110011000010011110110010001110001111101000011110011100110000110000100000001111110000111000011010011110011000011001111001011000011011011100100000111000001111001
01110000111111101100011000111001100110110011100111111011111001111001110110011011000001110001100010011110100010011000011101100110110011011011110001100011100101101110001000000000011000001001101100110110011100010011111011011111010001101001100110011010000001110011000110111000011001110010001000110110000110110100101110000111100011000100001111100000110010
11111000101111000110110110110010011100111001111011011000011001110011110000000011100011001110011001100110000100110000011001001000111001101110110100110001110111100011011011100100111111110011101111110100000110010111001011011000000100000110000110011010001111110010111001100111001110100000011000001100111001101100001111001110110000011101100110011000000011
11100110011111100111011000111000111111101100111000111111011100001110000110000001110011111100011000001111011010011100001111101000111000111000000111011100100001000101000011001001111110011110011001110000100111001111110000011100011000101100110001011001000100110000110010001100111000001110000110011110111000111000110111000100110010011000011010111001110000
01011000111100100111011001100110000001100110110001110110011100001001110000011001101101000001101110011001101100001100100111100111001100111001001011111111100110000111001101001100010000111001100110110010001101110011111000011110011001101001100100001110001111001101110011100111100011000100110011000111111000111100001101100001111001000111000100110001100000
11001110001101100111000110001110110010001101100100010010011001001001011101001111110001111100101110011001110011100000011100000001101100110110000111111001100011011111100100011000111000110000110011000111100001001111000100011100011110001001100010011000010011000011010010010001100111011001110110011111000000111100110011100100110010010000110000010001111000
00111100001101000001000100110111001110110001111101100001100010010000011110110001000101111111100010001111001100111100111001001101110011111001100110110011111010000110011001000000001011001111100000111100110011010011011000110000001111100100111000011011011110110000010001101100001111001000110111000111101110011100010110000111101100110100000100100110011001
10000000111100100101001101011001000111111001100111001001001111000000110011011110010011001001001110010011110010010100011011101000000000111011001101110010111000111000101111111001011000000001101100110000111100000100111000110011001011000100111100001111100011011000111110011001100000111001110011100111000011110110001110000011110011001110000110110100111000
00111100101110010001111100101110000011001100111101110011110001100000111111001110000111110011111100111101111100111000001100100011110110011110000001100011001110001100000111100001110000001110011000110010001111001110000011111011011111111110011000011011001101100011100110011001000001110011000011010001100110111100011100000100011001100010000001110001111000
00111100011011000111110011111110010110011001001100000011000001100000000110000100110011100101110111000001110110011010001110000110011001110010000010010001111111110010011011111100011000001110110000111110010001101101100100010110001111110001100111011100001101011011111000000111100000111101100011000110011001101110001100100000111000011001100110000011011010
01111010011001100001110001101100010011110000111000111100001000110011001000000011111001100101101111100001100000011101000110110110101100001111100011011100000010001111001111100100110111000110110010011000010011100011100011111001100011111111100000111001000111001000001101010111000110111111000111001111000110001000010011110011011001001100100011011000111100
11100111000011100111100011000100110110110001001111001000011000011111000000100000110001100001110000111000011100000100111100011011100011011111110000001101100101011100011000010010000110111100001110110001110000000011100110000011101100001101100001111000110011100011000011110010000011000011110011111000111110001101100000011110000110100100111100011111100001
00001100101100001110010011100000111100110111000100000000011000111000111100110001100011001111010000110001110011100001111011001110001110000001110000101100000110110110111110010110110111001111001101000100111000110100110001111011110001100100110011000110010010011001100010011010011110000100000100111001100100001101110011011100110000110000111101110010000110
01111001110010011001111111011001001001110011100000000110011011001101000000010000111001011001100000011111000100111101110100011100011110011011100110110110111001110000111001110001110011011001100011100111011001000110000111000011111011001001001100110001110011100100000111011001110110001001111100110011000000000011111001011100110011100000100100001101001110
10011001111000100111111100000010110010111011000111111000011100001110011011011011001011111011000010011111100011000111110000111000011001001101111000100110001011100010011100110011110011101011001100000000000000000000000100001111110111100110111011111001111100111100111011111001011000111011111000110000111001000111100110011100111101110010011100001110001110
00011001100100111100000100100111110010110000000111100111100100011110000110010000001111011111000110100111000111001101110000001100000001100111111001000110000111100000011110001001100011000011011110001001110111100010011111001110011110011110000011000110111100000011100001110000111011001111000110001000001011001111010001100110111011100001111000011000011001
10011000110001111001111000011011100110011110010111100110111000011010001011110001010011111100000111000001100111100111000110110000011111011001111100111001100011110110011001101100000001100000000111000011011100100000111110001011100000011100000011000001100111011001100111001111100000011001111000111000111111000011100110001100001100011000011001110011110011
10011001110001101100001101101011000111100110011001001001100000110111110001111001100110000110011001100101011011011111000100110000001111000111110000011011000110000111001011000001110001101100101100110111110001110010011111001111100000011000100111011001110001001110110011110001111100011100110000111001111000111001000000100110111110000011000001100011001111
00000001110001110110000110011001111011001110010111101110010111110001100111111000011110000111110011110000001001100001110000011010011011100001111010011110000011000011100110011110000001101001111110001100011000011000111111110001110001001100110011100000011001001101111001110001110000110000100100111000110100000110111011111000100110001101101100001100011011
11000111100111011000011011000011001101100110011000000110011001001100100001100110111100111110110110111100011100110001011001000011001111100011111011010011110011100000110000001001001001100000001001110110000111110000001100110011101100111100100110000110110000110011000011110000001100111110010001111000111110000111110000100011100111000011000001110001100111
11000011111001111110001111101000111001111110000011100001100010011011001100110001000110001111100101101001100111100110001100011100011110011001100001111110001001001001011100001110001000010011001110001011001111000111100001110001111000011100011110000100000001001100001101111010001111110011110000111000001111001110000011100110011110001000111001000100000110
11001111100101111101111100011101101100110000110010001101001000100110001011000110010000100001100111010010011100110111111101100000011100101110011000010000110011100000000110001110011001100110011000001100100011001000011110010010011001111010001100000101000010000000001111000101110100110111001001111000110011001001100101111100110111001100100110110001101100
10111111001001111000100011000111001111001100100100011100101000011001100011110000110110000011100011101100001111011111110000111110001111100111001000011110000110011001101110011100000111111001011110000011000001111011001100110011001100111100001111110100110001110110010011011100010011111110000110110001111000110000100001100111111001001101111001001100100100
00011111001100010001110011000110010001110001100111000011001011001110000011110000001000111110110110011001110110010001100110111101110010010110111100111001110110011000001000110011000011010001111000111001111111001001100100100110010011100100111001100111011000111100000011100000110000111110001111000011111100011111000001001111001111100110011001101100111000
10110010001110001100111001100011100001111100110000011011001100011000111001100010000110000110011000110011101100101111100011111001111010000011100011111100011110000111000001100011000010111100001100001111100011110000011110110000100000011001011110001100010100000110000110011001110001001111000011011100110010011001110111111100011100111001101001100000000001
10000011100110111101111011101001100000110100110001100011001111001111100011110001101000100110011110010010000011100110111011101111000010000111001000100110001110011001101111100011100010001001100001000100100010010000110111001111010011001100001110011000000111001110000111100100110000011101000111110011110001010010000000011101100111110011001100111011001111
00011100100111001001111000000011100001111100011001001111000000011100110110001101101001100110001001110011001110011101110000111100011000001111100011111000011111000111000110001010000011110100110011001011001111011111011011000100010000111100011100000001110110011111011001100100111100001110001110100111000111001001000100110111111100011111110011111001011001
00110100001001110010011000110011110010011111001110011001100001100000111001110010110000011001100101110100011100100111001011110001001100110010110001110110011110011111000111110000111011100000011101110010011000010001111000011001101001000110100011010001110000111100011111100011111001101100011111101001001110000111010011111000001101110010000110011011010110
00111110001111001101110000110011000000110001001101110011001100011011100100110000111110001110011111000011011011101100100000110101100110010001100000011110011000101100001110001001001101110011111100001101100111100011110001111110000110100100011000001110110111000111011011100011111110011010010011011011011100001110011001011000011011100110111000111100001110
00110010011011110001111100100100011100110100110110001100101111001100001100100011111101000001000110000011001101110111100011111100110000111101001100100110000001110011100011100111100110011100111000001000001100010010001110110111001101110001000100000001110000110110101111010011001001001100001000001000111001101111011011001100000111010000011001100001101111
00100110110011111000110110011110100001110000111100000011100011100011011100111011100000011111000110001111100110011100000011110000001110010110110001111100101111111000010000111010100011100001110101001111111111001011011110000000100010000010111011011111110000111111010011000001000110011100011100110011101100111101001101001100011000110001001100111000011111
00011000111100100011111110000011011001001100110011001101110001100110011100011001111000001000011100100010010011001110100011011001101110001111000000100001101101001101100110011110000111001001100111001101100110110011100001001110001001100001110110000000110000000001111110011001100110011110011011111111011001111110011001110010011000100000001000110001110011
10011000110000000110001110011000111110001110011001110010110111001110011110001100011111001101111100001100111001111001100110000110000010110110111000000011001110111110001001101111011011000110110110010011110000010011100110011000011110011110000100111011001111100001100110010100110000001101100100101110011011100111011000011111001100000001111000011110110000
11110011001110001111110011110010011100110001100000011000110001100011100000011000000100010011111100011001111001110011111100011100011011011011111110011110111000011001100001111001110010010011000100100100110001001011001000110011110000000111001111101100001111001110011001100100011001100000111100011101111100110011011101101100011111010001111000001101100111
00000011100110000110000011100001111100110001001111011001100110110011001101110000110110001100011001011111000001111001110111100111100110100110110011101110110001100000011000000111000000111111000111100001011001111110001101111000111101000101110001011001110110110111110001111100011001100100011100111110100011001001111101100111110011011001111110001000100000
11100011111100011011111000100010000011000111000011011000100110011011010010011100101100111001110011011010000111000001100011001111100100011001111100110011100011111100011111000100111100110110011000100101100001100011001110000000111110000001000011100000010010011111100111101100111111100100100000000000000000000011111110111101111111111111111101111110011111
11011001001101100110000110100111110000011001110010011000110011100110001100011100110011001111001100110001101111011111111011011011001111000110000000011001100011001110011011000001110011110000101001100111000010111000100110001100111100010011111000111001111110000110000001111100111100000110000110110011111110100011011100101111100011111000011000010011100001
10011011011000111011001011000111011001001000000001111001110010110000111100110000100111010011000001101111101110000001111100011111010011100101000110001111100001110010011010001100110001110100011001100011111001111000100000101101100111001110001111011000111000110110001001111100111001100011110000111000011101100000011000011111001110110011110000000011000011
00100111110001001000111111000111001100001101100011100001001110100010001100000100011111011000110000011100001110011011100000111111000011011010011100010011001001110000011101101110000000110011110001110011001001100110011001000111100000100011110001001100011001000110011111110011001001111000011100110110011100011001100100111100010011111000001111101101100001
00011001100010011000110010110011100110011001000011111010001110011100110011011101110011100011111000111000000011101110000010011001100010010001110000111111000111111001110010011111110001110011000001100011011001110110000111110011001001100100000110011000010000000110011001111011001101011011001100110000100011100010011011011000111110000100001100001110010011
11110011001101110110000111001100011000001111001110010011100100100110001101100000011000000001100100111110111000100011001001000110111111000110011011100001001111111001111000011011000110001100011000110001110001111110011101110011011000000010010110111110010000111100001111101111111110000110110001101000111111000111100000110011001001100001100111001000000011
10001100100100011001100000100000001110011010000111100111100111011110001111001110110010011001100110011100000011001111110011101100110110001001111100011110011001100011111011000001010000001100111110011100011001100100011100110001110000110010001111000101111011001001100110010011011110000110110001100100011111100010010010011100011100010001111100110011011111
10010011110011111000111011000001101000001100011111001001100110000111100001001110011000001100100100101111000001100111100011110010001011011001111000001101100110010011001111010110010001100100001110001000100110010011011110000001001001110000010001110000011001000011000101111001111001000110111111100110011111000101100001001110000111000010110001001101001100
00001100100110010000110011000011110011001100011011010011011000011000111001111100111100010000110000011000111011110000011000011001100111100110111100110111001110000110111000110110011100111000011001000010110011011001100110011001101000000011010011100111000110001100010000111011001100011101100110101111111101100111000110111011001100000001101110011111100011
11000110000111110001100111100011000100010011011100111101100110001111001001001100011000110111001100010000111000011110110101110001101101100001011001111001100111110111100110011000110011110011111000011110000101100000100101111110000111001100000111110001110001101110001100110001100000111110010011001001001000011101110001110100111000111000001100110011100111
10001100100010111110011101100011000100111111010011000111111001101100011001110001100110001000001001000011100100110011100000000100001110000100011011010000010110011001001001101100000100110110011011001111001101101100101111000110100001100110001111000011101100110011001110011100011000100001111000011001111000111110110110000110011001001001110001110001100101
00011110110010100001101110000110000011000110000111000001111101111000000100100111110100101111001000111001111010001100010000111111011111000001101111000010001111011000110000010000000011011100001100001111111000011001001111100000111001110001100100101111111100001100000110000101110011111001101001100011001100110110000011101100101100000011000011100110110111
01101111100111100101101001111100000010001100011010000111111000110011110111010011100001101110001011110011100100011110100001100001100100011100111100011011000100000100100100110111001111011000111000000110000101111001110110000110000011001100111100101111001111011100111000110011100001000011000111100010000110001110111101101110000110010111100001100011001100
10011110110001111100001111001110011100111010001100110001110000011011100011011001101110001111110110011000001111000110011100011101100000000110010000111000001111001100100001100101100110110110111100001100111011011001100110011110011001100001101001000111110010000011000111100110111000110011001001101000010011010111000101100110111000011000011100110011100111
11000110100111101100110110000111110010001110100111100010010000011111000001111001110011100000100010111000110011011110000011100001001101001100011011001000011001100011111111101100111110110010110010000111100011110000011000011000110011111000001110111000000110011110011001001101100100100001001111110000101110001110000111111000110000000110000011111100010011
10011111001100010000001100000001100100011000101100000001100100111100110001000111011101100100011001001110110011000110011001111000110110001110001111111000011101111011000000010010110110000011010001111111000011100111111001110000000011101001111000011111001001101100001110011110000001100110001101100111110000110001011100011000011101110111100001100001001100
00011111100110100010011001111111001100111000000011001110000011100011101101100011111011111100000111100000000000000000100111110010111111111110111011101110111011001111001011111001001111000011001110111101100001100011100011000000011100011111101100011001110011001001101100100111111000100001001101100110011000001110001111100110011011000110000111110000110011
11011010000011110001100110000011000110000111110100100011100001100110111100111000111100110011011011011011110000111000000110111100110110010111000110001101100110110011100101101100110010100110110001110000100111100101111100011110010011111100111100101110111001001110001110100110100111110011101100111000110001110000001100100001101100111101001111111011100111
01111110011110000011001111100111111001101001000100110001111110000011001100011110010001110100001111000011011101100100011111000010000011000101100001111001111111011000000001000100011000011001111100110000011111000110110110011001010000111100111100001101000011111110011100010111000110111101100101100011100010001111001111000010011001111010000010110010110100
10110011001101000001111000110000011100010000111111001111000111001110111100100110000001000000011100011001100000110100010011001101000111111011000011100110011110011100110011000011011110010011000100011001000100011110011001100110100111100111110100001011000011000000111100111111000111101001111010010011110000011111001001011100100110011100100111000111111000
00110001001111001111010000111100011110011000011100110000100011000111011010000000110001100000001101100110111000000110000111100010110001100110011110000011101110001111001100110110011001101110011000001111110011010110110001111100101111101110011101111110011000110010010111001110000111110010010010011111001100001100011111110011110011100110001111001001110000
11000001100100110011100100110110000001111011100111000000110011000011110010011001110001101110011000111111110000011001001001000000111001111101101111100001100011011100001111000011100111100110111001101100111000011011100001111100110000100001110001110011000111000111000110011110001001100010010110010111000001100000001100011110110010001100001110011100001100
11001111000011100100011110000000110010000101101100001100011001110001101111001110000011100000001100110001110001101000110011000111000111111110001110011000101110011100111010011001101100111000100000000011000110011110110000100100111110001000110000001100111001110111111101100111001110000010011110110011111000111000111000001100111100011000000111111100111000
00110011111001011101100000110000100110110011001001110011111100111001111000111001000011011100111100111001100001100001001101100111110010011000100110010001100001111100011001110000011100001111111111111001111000010011110011111001111011100111000000010000011100011100111000100000011001100001100100001111111110011111000100000011000111111000001100000011011000
11100011011011011111000001110110011001000000110011001100110011110110001100100001100001110010011111000000110011011011000011111100110001100011001101100000110001111110000110011000111000110001100011011110011100110000110000111000100011001000000011001001001111000100110110001111001111100001111011100110001110111001110111000101110010011100101100011101000000
10011001100010000110000111100000110110001111100100111110001110100011001000110011100110011001100110010100110011000010011100010110110001111001001111000110011001111000101111000001110011011011010111100001100111000011000011001000110111100110010110111000011001100000110011110011001000011001111000011110000111011100110110001101100111101110011100110111000000
11110001101001001100100011011001111100000111000110111100011100100110010001110100000110010011101100100011100000110001111001101000000000110011011000111110001111011100110001110001111001000100000110000011101100110110000011100111110000001100001101100010011110010010011001110000001001110011010010011100110111111000001100110001111101100100111100110100110000
10000011011000011100110110100011001100001101000010000000111001001001100111100001111111001101110011000100111011011001110010111100010010000111110100011111001101000000011111000100110011111000001110011111110000011110010001100000100100000111001101101100001100011111100101111001100010011111101100100000001110001111100110011110111000000000111000000110001111
10000011000011001011000010110000101100000111000110011111111011001111110000111000011000001011100111100100110001110000111000010001001001100111000110111100011001111100110011000110000111110001111011100100111110111000000111000111101000011001100001011000100010001111100011100000001100100011111110011001000110010000111100111110111110011001000100011100011111
01101100111111111011000111011000110100111000000001000000101111011001111000111110110011111001010001111001110011100111100000011110011000011011011000001111011101000001001100000110000111000111100100011001100001000001110011000011111111000111100101100111001111000111000100110110001001001001011001110110011110000011100001111110011100100011011000001101001101
10110001101001001000000111100001100100111111001111110010111101110001111001100000001110000111110000000011011111010011011100110011000011001000011111000011001011001011001100001100110110011001101111000001001000110011110001101111000000011100010011011001101110010011000010000011110011011000000100110110011001110011101100110011001100010001111100100011100001
10100010010011110011011000000110010010011110011100011111100001100111101100111000011001000111000000100100111011001000111100011110011111000010110000111011010011011000011110000010010001111100001110111001100001111000010010000011100001101101100111100100111000110011111001110000011001111110111100100100001100011111101101000100010011100110010000000111001110
01011110110000011100011011001111001101000010011110111001001111111100011001011100011000010000011100001001001101100001110001110011001111110011011101110011000011000010011001100101111001101100011001001110010111100011001101100110000001001001000110001100011000001110111011111000001100011100001111110010100001101110001000010001101101001101101110000110000011
10110010100100111001100011010011001100111100110110100000111000111000010011011001101100101101101100111001001110000000110000110000111100110011101110011000011110010011101100111011000000100110001100111001110001111000111000111001110010011011001100110001001000110111110011100111001100100111000110110011110100000100110000111010011110001111001001110010000100
00000110111001101100111110000011100111000001000110110011011001001110110011011001100111000001110001110000110110110110110000000110111110111000110000111100100110111101100001111100111011001011000000111111000000100010000110001101101001111000001110110011111001001110001110011101111100010011001101000111100100000001100011101000100100110110111100011001101100
11000111101101110000100111000111110001100010001110110000100000011100110011100110011100001111001111100011001110011010100001111001110001100001111011110001100011111111111000101100000011000000011110001110000111111001100111000001100011000100110111100011111000000100110110111110010001101110011100011011011101000110011100111100110010001111000011000100000011
01100010000000111001101000110111001100111110011100100111001100011100000110001001101100000011100111011001100000001110001001100001101100111111110010111100001111001111100100011000001110011001100100000100000011010011000000011110110111011000011001000110010001111110011100011011000100110010011110000111000110001001000001110011111100110011110111001100011000
10011111000001101011001100010010000111111111000110001011100100111100110110110000111000001111000011001110001100101100000111100011011000110011101110011001100111000001110000001100111100110010011001110010000011000010001110011001110000111000110011001001100110010110011111100110011000111011000110010000111100001111000111100000110011000110011111111000000111
01001110010010110000001100111000011001000011100001001111111000111000001110101101110000110110111111001101100011001111000001100011011110000011100001110011101100000011011000111100110011000001100110001111000001110001111110001100000001111101110010000100010001111001101100100111111110011111111101110011100000001111000111000000110110100111100110011100000111
00011100111001110001011000001111011000100111001000110011000011110011111100100101110001001110001001110011011110001001110011001001101001101000001100111101000101100011000011011000010001110011000110001111110011110000011111100111100001111101011001100111000111110110100111100110011100001111011000100111001100000111000011111000000000110110110101111000000001
00111100110000110001110110000110111001100001100000100011000111110001011001100110110001011011110011000110011001011001100000001101100000111001100110011101100100001001100110011001110011010000111000011111001111101101110000011111001100110011111001100110110011111000011100111011101101111110010001110011100000010011001001100010000011000011100011101011001101
00111001001111010000011100111110001000001111000111001011110011001100110011001101111001100100110110110000111100011100001111111001101110011011110000011000001111001011011000011111001100100111100000011100000111100100001100110110100111110010000011000111000000110011001110000001111001101101000110010001111001001100110011011001100110010110011100111000100011
01101111100111001011111111000000100100110001011101001111000100110011001110010011111001101100110011100100000000111001110001111001011000110111110001111000111000111000111000010110000110010101100100111100101100110111001110000001110011101101111100101100100001100110011100100001001101111110001100010001100001111001001001110110110011000110001100011000010111
00011111000011111011110111000111100011001001001110001111110111011000111100100011100011011111000011111001101110111000000110001000011001100111000001111100001100000110111100011110110010011000111100011001100000011001100110000001100011110001111001111001100110011100011101100000111000011100011011000111001000011100011010001100111110010011100011000000010011
00011111001111001110110110011110010011100110000011001111001100100110111100110011111000001100110001101100111100001101111000110010010010000111110011011100011001100010000011011110001111000000110001101110000011011110011100001111100010001001011110010010000011100001110100110011000000011000110011110111110011001001100111001000001110001111100111110001011110
00110011000011110001110010110111000101101111100111100011010110111011100110011001111001100110100111000011110001000100000011110010011100110111000111110110001101001011100001101110010000111111000010011111011001000001111101100101100101100100011111100110010011111100011110001111110000000000011100000001111000011100110011110011100100100000110000001000110111
00011100011100110001110010111011000011111000010010000111000000111100001001001111110011110000100111100011111000000111000000110011100011001100011001001101110010011001110001110011000110001111011001111011000100111100111000011000011110011011001000001110011011100110011000011100110000110000001110000000111000111100010000010001110000001101100011000110000110
01111000000110100011101100111100000001110011011111001111100111001100111011000011100011111100000111100100110011101011111010010011101100001001100011101100000110100110110001101001100001000110011001001110011110001100101100000111000110110010110000111001100110011110001110001101100011111100100111001001110001100000001101000001101110011110000011100110011000
00011010000111010011111000011110000011001101011000001101100111001100101100010011001111011110000111110110101110001111000000111100110110111010011001100001110010000110100111001000111110001011111110011110001100110001111110001100111110010011000110001110001101100001001110011111011001101000011101000111100000011000001011001011100001111001100111001100101100
11111110011100001101101111001100001100000111010011101100001111000100011001111111000011101100011000100110000011011001001100100011110001100111011100000111000000111000011001100001100011001110011111000110001100000110000001111000011000000011100011110011011001100001100000000111000001001110110001000111000010110001111110110111001000010011111110001110010000
00010001101100001111001111001001111000001011001100100111111011100000011001000001101101111100011100001110011000111000110111001100110011101001110001100010110111110001000001000010001000111100001110011100111100111111000111011001101011100010110011111000111010001001110110111101100100110011000011001110001011100011001100010011101100011100011011100001110001
10010010011110010011100101111000111111000110110111000011000111100001110000110100100110100010010001011000000000011000000100011010001001110001101110101110000011000111001101101111001100111000001011100000100111001100011000111110011001100110000111110001111011100010000010000110110011001100011100111111000011110010011000001111000011100010110010000000000111
11000011111000111110011001001111011100001110000001111100001100000110010001111110110001111110010001001100000111110111110110010111001111100111000011001001100000110111001100000111101100011100011110010001101100001101101110000000011100100110011111000000011110001100110010110110011100101001101000011110000101100101111001000100110011010001000010000011100011
11110110110000001111100001111011101111000111100000111001001001100111111000110010001111001000111110001000000011111000011100100110110011100110011000000111101100100010110110000111110001111001001000000101101111000001001110110111111100100111111111100100000111001000110000111000100100000001111000011110001101110000111100010011000011000000100110011111000001
11100111001111100011001011100010011110001001101001111101111100110011000110000001100101100111111000111111001101101100111100110111100110000100110100110111010000111000101100000110001110011100011010011001111110111001011001110010011001101111000100111000000100011000110011011001100111110000111000111000110111100111001100011001100100110001100110111010000010
11110000111000110111110110111110111000000110011100001100100110001100010011011100010111110001100001111110000111000000111000110000111011000001110110011011110011100110011001100100111011111110100011011011110011011001111111000011011000000100001001111101001110111000110111000100101100001100111000111011100011110001100000011110011000001110011110000100100110
11111001110110001111100001111000001110010011001101100110000100000001101110001100000111100000111100000110001111110010110010011001111111001100011110011110010011110011001100110001001111001110001100011000110001001100011101111101111100001111100011100000110011001011001100111111000001000101100111011100001111100001111000111001000000110010001110011111000110
11100111100000100011101100011110010001000111100100110100111000000011110011011100110110110011000001111110011000111000101100011111110011101011011100111110001110000111001111000011001000110110011111000110111000001000001110011010001100111111100111001101100110000110010001100101001100000111001100011110000001001100111001100011000110111001110110001100110000
01100111001111001111000011100010110001110000110011100000001110001000010001110110001110011000110001110100111100101100110010001100110110010000111110011001100011100000101100100001100110010010001110001000101111001100000111100001100110011111000011000001011101110011100110011000001100100110011000110011111110000111011001111001111011000110110110100010000001
00101100110000111110000001110000001111110110001011100110110010011110001001100000011011000000011001111110011101100000101000000111110110011000001110011100000110011000100111110011111000100011100111000111011111011100000110000011001100001111000011101011110110100111011001101000111000000001110011110110011111101001110001000000001110000001110001001001001100
00001111011001111000001101100101100111111111000110011000110000000100100000101100111100001110110001001100000000110001111110000011011110100000111100001110001111110000011111001111001000100100000111110010110010011100011011100111001001111100001111001110011100011100000100100001110001111001000000111100011111111100001001110000100000011111111001110110000111
11110001110011001110000111001111110011011011001001101111000110001101001001101100001110001011100011111111000111000001111100110010011101100110110001101111101100100011111111001001100111001100100111100011011001001100001100111111110010001110011110000100111100110110111001100011001100001110111000111100111100001101001000010011000010001000111000101001111100
10010100111000011100110011110001110000011011000000011000010001100111000110110011001100000110011000111001000111101100011000011001111000100000011000110111000111100000111100001001100100111000111011001111001100101100010011001001110011000111110011100101111110000011001111100011000001100010110011110000111011011001001001111110000110000010011110001101010011
00100000011100111100000111100000011100001100000111110010001100010011100111001100000001001111100111011001111100011011000110001101001100110011111000001100110010111001111110001111100011111000001111000100011100001101001100001001110001001111000000111000110010110110011001110110001110001100011001111100111000001110000000111000011110011101111100110011100001
11000111110110011100111011100011110000110110100110100110010001001011100000100100110000001101100111000001101111001110000001100001101111111100110010011000000111000001100000001110000111011001100111000110110001111100001110010011011000110000100011110011111000001100001111100000110000111100000011000001001100000111001110111100111100001001000111110000001100
10000011100100110000001100000010010010011000100000001111100001011000110011111001011000011110011001100000000110011011100110111000100111100110010001110001000101100110011000111000011001111001111000000111100111110000011110111100110001110011001100110001101100010011001000111001101100111000000011100011110000111001110010011100011110011000110000000011100111
00101111111000110011000000011111100011000100101110011001110011001111000111111000111000111011001001001111110110000001011001110001001101100011001000111100011100111000001011111111010011100110111000001111000011011000110010011011110010001100100011000011001001110011000001101100110001100001100111001100111110011100001101110000010011000011000010011001110111
00110001100101111001001010010011001111001100000001001111010000011100100001100001110000111110100011100011011110001100010011011100100101100110000001111100001111100100110010011001100110010111110100011100011001001100110011000110100001100100011001000001111011010110001111100011111000111100010010000110011100001111000011000111101110011111111000111100101110
00001001001100110000011110000111111111111000011111000001111001110000011001100011101100000001000101110011001100011111100001111001000111000010110001110001101111000001001000001110000110000011110000001000111111100011100010011110000111101001110011000110010011111100001111100001111110001110010000000000100110000111011111011000111100100110000000100110111100
01001111001001100111001111001101001110111001001110001001110001110001001111001011011000111110010000100010000011011000011001111000111001100011100111001000001001000011000111100001111111111001101100101110001001100000100100001110001100110011110110001101100000110001001111000111000010011111001001100011111110001100010011110001111100000100001110010000111000
01110000011111001110111000011001011011100010100000101110000011000001110000010000100111101100111111000001111000011110110110010001000110010011001110111001111100111101100111100000111110001100100010110010111011011000011000001100001101100000110000001100110011100000000100100111110000111001110011110011110000110010001111100011100011110000010011001100111100
01100011110001110011000000111011111011001100101100001111011001100011110100110011100001111011001110000010110011110100101100110011000001100110000111100110000111001111100011110000001110001100001101110000011100010011000011110011001100010011110110001000111110011100101100100110011001110001101110100011110000011001110110000110011000111110011001100001100001
11101000001110110011100110001110000000111000011001101110010010011011100000111111000011001000011010000001100110011101100110001111100110011000011111100110000010011110000011100011001111101001000111000011111000011111100001111000110001000001110110011010000011000011101100001111001110001000011110001001111100110011011110110110011001100100100100001101100111
11111001111100001111100011110000011000000111010001110010000111100101100011001001001111001000000110110000001111100011000111011011110000011100001110001001111001011110011001110010001100001101100011000000111110011011100001100110011100010011100001110100011110000100111000011100110111111000101100100011001100110100011110010011100100000111001010001001111000
11011001001100000011001101110011001111110011000011001110001000111000111110011110001001100011110000000001100111001100001111100110110110011000000001100111011100001110001001110011011100001100110001111011100111000100100111001100011101000111001000011100110011000000000111001111000011101100111100100110100011110000111100110001001110011100100001001101111001
11110110010010010000000110001000001110000011100111001110011010001100011000110011011110110000111101100111100111011010010001110111000001101111001100110010011101100000000110110001100000001100010011110000111000111001101110011001110010010011101100111000000111000010000011111100010111001101111100001111100011110000110100011111100110100000001110001100111000
11100110100110111110011001111100000011000111110000011100101101101101101110011011000110110000101110001101100011010001011100100110000000001001100110000111111000110110010000110010001111001110011111011000011100011111001111000110010000000001111011111000011111011101101100000111000111100000011000011111100011100111111100000100100100110000111011100111111011
11000000101101110001100111011011111011101111000000011100001100000001110011000010010000110000111100011101111001110001101100000000100100110000000111001011011111110110010000001000000000000000001011001100111110111111110010111000111111111111100111111110001111110001111000111100001101100011101100111110100011100000111000001111001011001110101000001111110011
01110000111100111110001110001110001100100111100110011000001110011100000111110011100001001110001100001111000111001000100110011000011111001100110001101110010001110110011011000011110010011100001100110011100100001110111111000100010110110111101101101101110011000010110011110000100111000011110110111011100111100000011110001110000001111000111100001100110001
00110011000001011100000111110001110000111111001111100000111100110111100000110010000111110001111000011100100111100011100001100110011110111000011000011110001000011010011001000111001101110000010010011001100100111110011011011000111000110111000111000111000111001100011111111100000100011100110000110111000111011000001100001100110011011100011100001101111001
11100011101100000100110000111000111000001111001101111100110110011100011001101100011110000001100000110010010111100110011000110000001110001101110100001111100011101100011100001111100001110100111111010001110011110010011111000110011101100001001001100110110010011110000001101100000111000111100100110011001100001110011000001101011001111001110000011100110001
10011001011100110011111000100000011000011001100011010011001111100110000000110100011010011110010001111100001100100101111000111111110010011110110110001111000110011000100110000110000000110010011101001000001001101100111101110011001001111001100100110000000011101111101000110011001100011100100001110001100110100110010011000010011111110011011000011101001110
01000011100110111110000111111001100000011011100010000111001010001111000110000001110011110011101100110101100011000100011110001100011011000001111000001110011000110001111000001101111001111110110011011001111000001100111001101001001001100001100111100111001001000111001111011001100010000000110001110000100111100111011001111100000111100001110010011000010011
