111111111111111111111000000000000000000000000000000000000000000000000000000000100000000000000000000000000000000000000000000000000000000000000000000000000000000000000000000000000000000000000000000000000000000000000000000000000000000000000000000011100000000000010000001111000000000000000000000001000000111000000000000001110000000000011110000000011000000
111111111111000011100000001111111111100110111100111111100001110000111111000111111101111000001111111111111000011111111111111111111111111111111111111111111111111111111111111111111111111111111111111111111111111111110001111111111111101111110000001000100000000000000000001110000110111111111110011111111111111111111111111111111111111111111111111111111111111
111111111111110111111111111111100011111111111101111111111111111111111111111111111111111111111111111111111111111111011100000001111100110111111111111111111111111111100110001111111111110000111001100000110000000000000001000100111111111011101111111110011111111111111100011111100011110001111110000101111111111111111111111111111111111111111111111111110001111
111111111111111111111111111111111111111111111111111111111111111111111111111111111111111111111111111111111111111111111111111111111111111111111111111111111111111111111111111101111111111111100001111111111111111111111111111001111111111111111111111111111111111111111111111111111111111111111111111111111111111111111111111111111111111111111111110000000000000
111111111111111111111111111001111111110001111100000111000001111001001111001111000011111111111111101111111111111111111111111111111111111111111111111111111111111111111111111111111111111111111111111111111111111111111111111111111111111111111111111111111111111111111111111111111111111111111111111111111111111111111111111111111111111111111111111111111111111
111111111111111111111111111111111111111111111111111111111111111111111111111111111111111111111111111111111111111111111111111111111111111111111111111111111111111111111111111111111111111111111111111111111111111111111111111111111111111111111111111111111111111111111111111111111111111111111111111111111111111111111111111111111111111111111111101101100011111
000000000000000000000000000000000000000000000000000000000000000000000000000000000000000000000000000000000000000000000000000000000000000000000000000000000000000000000001110000011100000100000000000000000000000000001000000000000000000000000000000000000000000000000000000000000000000000000000000000000000000000000000000000000000000000000000000000000000000
000000001111111100001111011100010011100001100000000000000011000000000000000000000000000000000110000000000000001111111101100011111000000001001111100000000000000111000000011100000000000000000000000000000000000011110011111000000100000011110000000000000000000000000000000100000000000000000000000000110001111000000000000111000000000000000000000000000000000
111111111111111111111111111111111111111111000000100111111111111111111100000011110000000000000000000000001111111000000000110111110000000000001111111101111110001111001111110111011000000000111111110111001111110001111101111111011101111111111100011110000001000000011000001000000000000000001100000000000111111100000000011111111111111111111111100000000000000
000000000000000000000000000000100111111111111000000000000001110000000111100000000000000001000100000001000000000000001110001011111111111110000011111111111111011111100001111011111110001111111111111100011111100001100011111100000111110011111110000111001111111111111111100011111111111111001111111111111111111111111111110000000000111111100100000000001000000
001000000000000001011000000000000011000000000000000011000000000000000000000111100000011111110110000011000011111111001111100011100000001111100111001100111110111110011111111100011010000010011011000000000000000000000000000000000000000000000000000000000000000000000000000000000000000000000000000000000000000000000000000000000000000000000010000001110000000
001100100111111111111111111111111111111111111111100111111111111100110000000000000000000000000111000001111001111111110111111111111111111111111111111111111111111111111111111111111111111111111111111111111111100001111001111100000111110001111101111111100011100011111111111111111111111111111100000111111100111111101111111111111111111111111111111111111111111
111111111111111111111111111111111111111111111111111111111111111111111111111111111111111111111111111111111111111111111111111111111111111111111111111111111111111111111111111111111111111111111111111111111111111111111111111111111111111100011111000000001000011000001110011111100010011111111111111111111111111111011111111111111111111111111111110000011100000
111111111111111111111111111111001111111111111111111111111111111111111111111111111111111100001111100111111111111111111111111111111111111111111111111011111111000111100001111111111111100111011000000000000111111111111110111111010111111000111000000000000000000000000000000000000000001100000000000000000000000000000000000010000000000000000000000000000000000
111111111111111111111111111111110001110100000000000111000011110001111111111111111111111111111111111111111111111111111111111111111111111111111111111111111111111111111111111111101111111111111111111111111111111111111100111111000000111000111111000111111111111111111111111111111111111111111111111111111111111111110011111111111100011111111111111111111100001
000000000001100001011000001100000000000000000000000000000000000000000110000111100000000110000011000000000000000000000000000000011000000000000000000000000000000000000000001110000000000001101111111100000000000000000000011100000000000000100000000000000000000000000000000000000000000000000000000000000000000000000000000000000000000000000000000000000000000
000000000000000011111100010000000111110000110111111111111111111111111111111111111111111111011111111111111111111111000001111011111000011111111011111111100110001100110001111110011100000000000011000110001111100001111111111111111111111111111110001111000111110000100100011111100000000001011111100000000000000000001111100000111011001110000000000000000000000
000111000000000000000000000000000000000000000000000000000000000000000000000000000000000000000000000000010000000000000000000000000000000000001100000000111111001111110000011111011111111111110000001100011111111111111111111111111101110000000000000000100001111000000111100001110000011100110000000000000000000011111111110000011111110001100111110011111110000
000000000000000000000000000000000000000000000000000001000111101110000000000000000000001110000000000000000000000000000000000000100000011110000001100000110000001100111001111100011111000000110000011111111111100000111011100000000111100000110000011111110001110000001100000110000000011111101101000001110001111000000110011001111000000110000000000000000000000
111111000111111111111111111111111111111111111111111111001111111111111111111111111100111111001111111111111000000000011100011000011110001011000000110000011000000000000000011000000000100000000000000000000000000000000000000000000000000000000000000000000000000000000000000000000000000000000000000000000000000000000000000000000000000000000000000000000000000
000000000000000000000000000000000000110000000110111111111111111100000000000000000000000000000000000000000000000000000000000000000000000000000000011000000000000011110000000000000111000000000000011111110000001111000000000000000000011111111011111111110000111100000010000011100000111100111111110000111000111111100111110001101000111110000001110000000011000
011110000000000100000000000001100111110000001100001111111001111110000111000001111111111111111111100000000000000000000000000000000001000110110000000000000000000000000000000000000000000000111100000000000000000000110000000000000000010001111111110001111001111100001100000111111100111000001111111111111111000000000000010000000000000000000000000000000000000
111111111111111111111110011111111111111111111111111111111111111111111110001111111111101111111111111111000000000011111111111111111111111100011111111111100011100001111111111111111111111001111111111101101111111111111111110111111001111111111111110000000001111111100111111111111111111111111111111111111111111111111111111111111111111111111111111111111111100
000000000000000000000000001111111100111111111111111111111111111111111111100001111111111111111111111111111001111111110011111111111111111111111111111111111111111111111111111111111111110001111111101111111111100011111110011111000001111111111100000001110000000100001100001111111111111111001111111011101110011111111111111111111111111111111111111111111111111
011110000000011111111111101111100111111110011000000000000100110000000000000011111110111111110000000000000000000000000000000000000000000000000000000000000000000001100000000000000000011011111111111111111111111001111111111111111101110000111111111111111111111111011111100111011000010000001100000000000010001011100000000000000000000000000000000000000000000
000000000000000000000000000000000000000000000000000000000000000000000000000000000000000000000000000000000000000000000000000000000000000000000000000000000000000000000000000000000000000000000000000000000000111000000000000111000000000000000000000000111111110000011111111111111111101111111111110000001100000011000001100000011100000000000000000000000000000
001000001111111000111111111111111111111111001111111111110000011110000001110001111100001100000011100000000000000000000000000000001100000000100000000000000000000000000000000000001110000000000000111111100110000000011000000011111111111000000000000001110000011100011110000011111101110000000000000000000000000000000000000000000000000000000000000000000000000
000000000000000000000000000000000000000000000000000000000000000000000000000000000000000110000000000000000000000000000000011100000000000000000000000000000001000000000000000000000001111111110000000000001111011000000000000000000000000000000000000000000000000000000000000000000000000000000000000000000000000000000000000000000000000000000000000000000000000
000011010000000000000000000001000000000000000000000000000000000000000000000000000000000000000000000000000000000000000000000000000000000000000000000000000000000000111111000000000000000000111010111111111111111111111111111111100000111110001111111111111111111111111111111111111111111111101111111111111111111111111111111000011111000001001111100000000000000
000000000000000000000000000000000001000100000111110000111000000000000000000000000000000000000000110000110000011111110001111111111111111111111111111111111111111111111111111110000011111111111111111111111111110000011111000111111000101111110011100000000000001100000000000000011000000000000000000000111100010000000000111001000001111111111011011111011000000
111111111111111111111111111111111111111111111111111111111111111111111111111111111111111111111111111111111111111111111111111111111111111111110000110001100001111111111111111100111111100011110000000000011111011111111111000011000100111100000000001111100000000111110001111111111110111111101111111111110010001111111111111111111111111111111111111111111111111
111111111111111111111111111111111111111111111111111111111111111111111111111111111111111111111111111111111111111111111101111111111111111111111101111111111111111000111111001110000001000011000000000000111100000000000000100000100000000000111111110000011000000110000000000000110000001110000001110000000000111111001111111100011111111111111111111111111111111
100110000000011000110000000011100000000000000010000000011000000000000000000000011100000000000001110000000000000111100011111110011000000011100000000000000000000000000000000000000111111110000110001111111111111111101111111111111111111111111111110111111101111111111111111111111111111111111111111111111111111111111111111111111111111111111111111111111111111
000011000000000000000000000000000000000111100000000000000000000000000000000000000000000000000000000000000000000000000000000000000000000000000000000000000000000000000000000100000111111100000011000000000001110100000000000000000000000000000000000000000000000100000000000000000000000000000000000000000000000000000000000000000000000000000000000000000000000
000000000000000000000000000000000000000000000011100000000000000000000000000000000000000000000000000000000000000000000000000000000000000000000000000000000000000000000000000000000000000000000000000000000000000000001100000000010000111110000000010001111101110111111111111110000000001100000000000000011111111111111011111111111111000000000000000000000000000
111111111111111111111111111111111111111111111111111111111111111111111101111111110011100111100011111111111111111111111111111111111111111111111111111111111111111111111111111111111111111110011111111111111000000011111111110011111110000011001111111111101111100111000000111111111111000001000001111111111111111111111110000001100000001000000100000000000000000
100000001100000110000000000000000000000000000000000000111000000011100000000000000000000000000000011110000001111000110100000000000111110000000000001110010000000000000000000000000011111000000111111110000000000000000000000000000000000100000000000000000000000000000000000000000000000000000000000000000000000000000000000011111111111111101111110011000000000
111000000010011111111110000000111100000000000000100000000000000000000000000000011100000000000000000000000000000000000000000000000000000000000000000000000000000000000000000000000000000111000000000000000000000000000000000000000000000000000000111110001111110111111110000000000000000000000000000000000000000000000000000000000000000000000000000000000000000
111111111111111111111111111111111111111111111111111100000111110011100000011000011000100000001000111111000000000000000000000000000000000000000000000000000000000000000000000000000000000000000000000000000000000000000000000000000000000000000000000000000000000000000000000000000000000000000000000000000000000000000000000000000000000000000000000000000000000
111111111111111111110000001101111100000000000000000000000110011111000001111111111111111111111100111111110011111001110000001111111111111000111111111111111011111111000111000010000000000001000000000000110010011111111111111111111111111111111111111111101110000001100000001111000111000000111111111111111111111111111111111111111111111111111111111001100001100
111111111111100000100000000011101100000011100000111000111111001111111111111111111111111111111011110000000000000000000000000000000000000000000000000000000000000000000000000000000000000000000000000000000000000000000000000000000000000000000001111000000000000000000000000000000000000000000000000000000000000000111111111111000111111111110000000111110001100
110001110000000111110111111100111111111111111111111111111111100011110000011100000001000011111111111110111111111111111000000000000000000100011000000000000000100000000000000111111111011110011111100111111100011111100000111111111111111111111111111111111111111111111111111111111111111111111111111111111111111111111111111111111111111111111111111111100000111
111111111111111111111111111111111111111111111111111111011111110011100000111100111111110000000001111111100111111111111111111111111111111111111111111111111111111111111111111111111111111111111111111111111111111111111111111111111111111111111111111111111111111111111111111100001111101111111111111011111111100011111111000111111111111101111000111111001111100
110001011111111111000011111111111111001111111111111111111111111111111111111111111111111111111111111111111111111111111000011111100000110000001111100011111111111111111111110011110000110000000011111110011100011110000000000001111111111111111111111100110110000111100000000000011011000011111111000111001111110011111100001111101111000000000000000000000000000
000000100000000000000000000000000000000000000000000000001110000000000000011000000000000000000000000000000000000000000000000000000000000000000000000000000000000000000000000011110000000000000110001000111100000000000000100000001100011000100000110000111100001111000000000000000000000000000000000000000000000000000010001111100000111000000000000000000000000
111111111111111111111111111111111111111111111100111000001110011111110001111111111110000111111000011100001111100000000000000111111000000000001100000000000000100000000000001111110000000000000000000000000000000000000000000000001100000000000000000000000000000000000000000000111000000000000100100000000111111111110000000000000000000000000000000000000000000
111111111100001111000001111111111110000111111100010000000000000000000000000000000000000000000000000000000000000000000000000000000000000000000000000000000000000000000000000000000000000000000000000000000000000000000000000000000000000000000000000000000000000000000011110000001000000111111000011111001110000001111111111111111111110011111111111111111111111
000000000000000000000000000000000000000000000000000000000000000001000000000000000000000000000000000000001111111100000000000000110000000000000000000000000000000000000110000011000000111110011111000000100000000000000000000000000000000111000000000000001000000000001000000000000000000011110011111111111111110000001110000011100000010000011000000000000001111
110111111111111111100000000000111111111111100011000000000000000000000000001000000000000000000000000100001111110111011111111101000000000000000000000000001111111110011111111111111100111111000111110011111111110111110111111110011111100111110000011111000000000000010000010000000111111111111000011111111111101000111111001110000011110000001000000000000000000
111111111111111111111111111111111111111111111110111000111000000111111111111111111111111101111111111111000111111100111111000111100111111111111111110111111111111111111111111111111111111111110111111111111101111111110011110011111111011111111111111111111111111111111111111111111110000011011111111111111111111111111111111111111001000011111110000101111111111
111111111111111111111110000000110000000000000000010000000000000000100000001100111111111111111111111111100001111100011000000000000111011111111000000110000001111110111111111111111111111111111111111100110000000000000000000000000000000000000000000000000000000000011000011000000000000001100110000010000000111111101111001111110111111111111111111111111111111
000000000000000000000000000000000000000000000100000000000000000000000000000000000000000000000001100000000000000000001110001110000000000000001000000000000000000011100010000000000000000000000011000000111000000000000011110000000000000000000000000000000000000000000000000000000000000000000000000010000000000000000000000000000000000000000000000000000000000
111111111111111111111111111111111111111111111111111111111111111111111111111111111111111111111111111111111111111111111111111111111111111100000111111111111001001111111111111111111111111111111111111111111100000001111111111111111111111111110111111111111111110010000000011100000111011101111101111111111111001001111111111111100011100111111011111000000000011
111111111110000011111111101100111111110111110000001101100111110011000011000110110011111111111000000000000011101110011000000000000000000000000000000000000000111100000000000000000000000000000000000000000000000000000000000000000000000000000000000000000000000000000000000000001100000000000000000100001111000000000000000011100001000000000000000000100000001
110000000000001111100001110001111111000001100111111000000000000011000000000000000000000000000000011110001110111111111100011110011111011000111111110111111111111110011111110000000000000000000000000000000000000000000001100000000000010010000000000000000000000000000000000110000000000000000000000000000000000000000000000000000000000000000000000000000000000
000000000000000000000000000000000000000000000000000000000000000000000000000000000000000000000000000000000000000000000000000000000000000000000000000000000000000000000000000000000000000000000001100000000000000000000000000000000001000000000000000000000000000000000000000000000000000000000000000000000000000000000000000000000000000000000000000000000000000
000000000000000000000000000000000000000000000000000000000000000000000000000000000000000000000000000000000000000000000000000000000000000000000000000000000000000000000000000000000000000000000000000000001110000100000000110000000000000011000000000000000000000000000000011000000111000000000000000000000000000000000000000000000000000000000000000000000000000
000000000000000100000011101111011000100111111111111111111111111111111000011000001110000011111110111110001111100000111100000111111111111110011110111111111111111100000101100111111111111111111111111111111111111111111111111111111111111111111111111111111111111111111111111111111111111111111111111111111111111111111111111111111111111100111111111111110000011
111111111100001110011111111000000000001111111111111111111111111111111111111111111111111111111000100011111111111111111111111111111111111111111111111111111111111111111111111111111101111111111111111111111111111111111111111111111111111111111111111111111111111111111111111111011111111111111000111111001111111111111111111111111111111111111110000000000000000
111111111111111111111111111111111111111111111111111111111111111111111111111111111111111111111111111111111111111111111111111111111111111111111111111111111111111111111111111111111111111111111111111111111111111111111111111111111111111111111111111111111111111111111111111111111111111111111111111111111111110011111111001110000011111111111111111111111111111
111111111111111111111111111111111111111111111111111111111111111111111111111110111111111111111111111111111111111111111111111111100111111111101100000111001111111111111111111111111111111111111111111111111111111111110111111110111111111111111111111111111111111111111111111111111111111111111000001110000111111111111111111111111111111001111111111111110111111
000000000000000100000000000000000000000000000001110000000000000000000000000000000000000000000000000000000000000000000000000000100011111100000000000000011000111111001111011100011000001111000111100000001100000010000000100000001111100001111111111111000000011111110000000000000110000011000000011000000000000000000000000000000000000000000000000000000000000
000000000000000000000000000000000000000000010000011111001111111111100000001100000011000000000000000000000000000000000000000000000000000000001000000000000000000000000000000000000000000000000000000000000000000000000000000000000000000000000000000000000000000000000000000000000000000000000000000000111111111111100000000000000000000000000000000000000000000
000000000000000000011111010011111100000111110000111000000000000000000000000000000000000000000000000000000000000000000000000000000000000000000000000000000000011000000000000110001111111111111110001111011111110001111110000011110000000111110000001000000011000000000000001111111111110000011000000001000001100000000000000111111101111111100111111111111111100
100000000000000000000011000000000000000000000000011000000000000000111111110010000000000000000000000110000011001000000000000000001001111111111100000111111100110000011111000001100000000000000011111111111100011111110111111100100000000000111111111110011111111100111111111111111111111111111111111111111111111111111111111111111111111111111110000111000000000
000000000000000000000111111111111111111111111111111111111111111111111111111111111111111111111111111111111111111111111111011111111111111111111111111111111111111111111111111111111111111111000111110000001111000111110011111111111111111111111111111111111111111111111000111111111111111111111111111111111111111111111111110000000000100000000000000001111000000
111111111111111111000000000000000000000000000000000000000000000000000000000000000000000000000000000000000000000000000000111100000000000100000000011000000000000000000001100000000001000000000000000000000011111000000000001110000001000000000000000000000000011000000000000000000000000000000001100111111001111111000111000001111111001000000000111001111111111
001100000000000000000000000000000000000000000000000000000000000000000000000000000000011000000100111111111111111111111111111111111111111111111111111111111111111111111111111111111111111111111110011111111111111000111111111111111111111110111111111111111111111111111111111111111111111111101111111111111001111111111111111111111111111111111111111111111111111
111111111111111111111111111111111111111111111111111111111101111111000001000001110000011111100000001101111111100110000011111100111110011100000000111111111000001111111000011111100111111111111111111111111111110111110000000111111111110011111111111111111111111110011111001101110000000000000000001111111100111111101111111111111111011111100001111101111110000
111011000000110100111111011111111111111111111111111111111111111111111111111111111111001111000001000001111100000000000110100011111011001111001111111100111111000000011001111100111111110000001000111111111111111111011000111111101101111000111100000000000000001111111000000001111011111111111011110111000011111111100111111111110000000000000000000000010000000
111111111111111111111111111101111100000000011110001000001111111111111111111111110111111110000111110000111111111110000011111111111100000000000000000000011111111001100000000000000000000000000000000000010011100001110100000000000000110000000110000111111000111111111111000001001001111111011111111111111111111111111111111111110000000000110001110000111110000
111111100001101100111110000110000000010000000000000010000000000000000000000000000000000000000000001111111100000000000001000000000000000001000001111111111100001111001110111111100000000000110000000110100111100000110000001001000001111111111111100000111100111110001100000001110000000110011111111111111100000000000000000000000000000110110000010001111110000
000000000011000000000000000000000000000000000000000000000000000000000000000000000000000000000000000000000000000000000000000000000000001111100001100000000110001000000000000000000000000000110000011000000000000000000000000000000000110000000000000000000000000000000000000000000000000000001100000001111000000000000000010000011000000000000000000000000000011
111111001111111000000000000000000000000000000000000000100000000001111110011111111001111110000111100011111000000110011011100001111111111111110000100000011100001111100000110000000001000000000000011000000000000000000000000000000000000000000000000000000000000000000000000000000000000000000000000000000000000000000000000000000000001000000000000000011100000
000000000000000000000000000000000000000000000000000000000000000000000000000000000000000000000000000000000000000000000000000000000000000000000000000000000000000110000000000000000000000000000000000000000000000000000000000000000000000000110001001111111001111100000000000000111111000100001111110000011110111110000000111110111101111111111111111000111111100
110000000000100000000000001000000011110000000000000011100000000000000000100011110011111111111111111111111111111111111111111111111111111111111111111111111111111111111111111111111111111111111111111111111111111111111111111111111111111011111111111111111111111111111111111111111111111111111111111111111111111111000000011001111111111111111111111111111111111
111111111111111111111111111111111111111111111111111111110011111111111111100011110011111110111111111111111111111111111111111111111111111111111111111111111111111111111111111111111111111111111111111111111111111111111111111111111111111111111111111111111111111111111111111111111111111111111111111111111111111111111111111111111111111111111111111111111111111
011000000001000000000000000000001110000000001110000111100000000000000011000000000000000000000000000000000000000000000000000000000000000000000000000000000000000000000000000000000000000000000000000000000000000000000000000000000001000000000000000000000000000000000000000000000000000000000000000000000000000000000000000000000000000000000000000000000000000
000000000000000000000000000000000000000000000000000000000000000000000000000000000000000000000000000000000000000000000000000000000000000000000000011100000000000000000000000000000000000000000000011100000000000000000000000000000000000000000000000000000000000000000000000000000000000000000000000000000000000000000000000000000000000000000000000000000000000
011111111111111111111111111111111111111111111111111111111111111111111111111111111111111111111111111111111111111111111111111111111111111111111111111111111101001111111101111000111111111111111111111111111111111111111111111111111111111111111111111111111111111111111111111111111111111111111111111111111111111111111111111111111111111111111111111111111111111
111111011111111111111111111111000111110000111111110000110111110000000000000001100000111111111111101100110001111111000011110111111111111111111111111111111111111111111111111111111111111111111011111111111111111111111111111111111111111111111111111111111111111111111111111111111111111111111111111111111111111110011111111111111111101111101111100001111100000
111110011110000000111100100000010111110011111111111111111101111101111100000110000000000000010000000000000000110000000000000000000000000000000000000000000000000000000000000000000000000001000000011000000011000011100000011100000000000000011000000000000000000000000000000000000000000000000000000000000000000000000000000000000000000001000000000000000000000
000000111111000001111110011110000001111111111100000000000000000000000000000000000000000000000000000000000000000000000000000000000000000000000000000000000000000000000000000000000000000000000000000000000000000000000000000000000000000000000000000000000000000000000000000000000000000000000000000000000000000000000000000000000000000000000000000000000000000
000000000000000000000000000000000000000000000000000000000000000000011001000000011000100000000000000000000000000000000000000000000000000000000000000000000000000000000000000000000000000000000000000000000000000000000000000000000000000000000000000000000001111001111111111111111100111111111111111111111000111000001110000100000100100000000000000000000000000
000000000000000000000000000000000000000000000000000000000000000000001000000000000000110000000000000000000000010000000000000000000000000000000000000000000000000011000000000000000000000000000000000000000000000000000000000000000000000000111000000000000111100000110000001111000000000111111111111111111111111100000000110110000000000011111110010011111110000
111110100000000000000000000000000000000000000001111111000000111111111000000000000100000000000000000000000000000000000000000000000000000000000000000000000000000000000000000000000000000000000000010000111001000001000000000001101111111111111001110010000011111001100000000011100000111101111100000011111011100000000000000011011000001111000000110000001100001
000000011110000000010000011100000001100000000000000110000000000000000000000000000000000000000011111111111000110001111111000000111111111110011111100110110000000000000000000000000000000000000000000000001100000000000000111111101111111111110010000000001111100000000000000000000000000000000000000000000000000000001111111111111110001110011111100000011100000
000000000000101111100000001110000000000000000000000000000000000000000000000110000000000000000000000000000000111110110110000000011110000000001111111111111111111111111111111111111110001001111111111000011111111111111111111111101111111111111001111111111111111001111111111001111111111111111111000111100000000111111110000011111001111100011111110011000011111
111000111100000011110001111111001111111111111111111110011111110011111111111101110111111001111100101111110001111011001111111111111001111111111111111111111100011111100111111111111111111111111111111100110000000000001100110011111111111111111101111110011111111100000110011111110000000000000100011111111111111100011111100001111110111111111111111111111111111
111111111111111111111111111111111111111111111111111110000000000000000000000111100011111001111100001111111110001001111101111111111111111111111111100111111110011111111111111111111100110111111011101100111111110011111011100000000000000111100000000000000111110000111000000111111011111000111100000000000001110001111000000011010000001000011111100000100000000
111111111110000011111111111111111111111111111111111111111111111000011000000111110011110001111111000110010001111000111110001111110001101111111111100111111100111111111111111111011111111111111111111111111111111111111111111111111111111111111111111111111111111011111111011111111111111111111011001111000000000000000000100001110011111111111111111111111111101
111111111111111111111111111111001111111111111111111111111111111111111111111111111111111111111110001111111111111111111111111111111111111111111111111111111111111111111111111111111111111111111111111111111111100111110001111111111111111111111111111111110111111111111111111111111111111111111111111111111111111111111111111111111111111111111111111111111000011
000000000000000000000000000000000000000000000000000000000000000000000000000000000000110000011000000000000000000000000000000000000000000000000000000000000000000000000000000000000000000000000000000000000000000000000000000000000000000000000000000000000000000000000000000000000000000000000000000000000000000000000000000000000000000000000000000000000000000
011000100010000111111110000111111111111111111110111111111111111111111111111111111111111111011111000000110010000000000000000011111000000000000000000000000000000000000000000000000000000000000000000000000000001001100001111110011111110111111011000000001100000000000000000000000000000000000000000001111110000000000001000001100000000000001111000111110000111
111111111111111111111111111110011000000111100000001100000011100001111100000001000011100000111111111111111111110011011110000000010000000000000111111101111000011111111111111111111100000110011000000000000000001100000000000000000010000001111000000000000000111000111000000111000001100011110000000000000000000000000000000000011001001100001100000000000000000
111001111111111111111111111111111110011100111111111111111111111111111111001111100000000000000000000001000000000000000000000000000000000100001111100000011100001110011100000000000000001110000000000000000000000000000011000000000000000001111111000001000000000000000000000000000011100000000000000000000000100000011111111111111111111111111111101111111111111
111001111101111111100111111110111111111111111111111111111111110001110000111000000000000001111100000000000000000110011000000011000000111111111111111111111111111111111111111111111111111111111111111111111111111111111111111111111111111111111111111111111111111111111110011111111111111111111111111111111111111111111111111111111111111111111111111111111111111
111100011111001111111001111111111111111111111111111111000111110000000000011111111100000000000000000000000000000100001111000011110000111111001111111100011111111000000001110000000000011111100000000000000000000011111111100000000000000000000000000000000000000000011100000000000000000000000000111111100011111111111100000000000000000000000011110000000000000
000000000100000000000000000000000000100000111111000111101111110001111100001111100000000000000000000000011000000000000011001110110000001110000000000000001000000010000000000000000000010011000001100000000000000000000000000000000000000000000000000000000000000000000000000000000000000000000000000000000000000000000010000011000000000000000000000000000000000
000000000000000000000000000000000000000000000000000000000000000000000000000001000000000000000110000000000110011100000000000000000000000000000000000000000000000000000111111111111111111111110000011000000000000000000000001110111111111111111111111111111110000000011000000000000000000000000000000000111110011100001111111111111111111111110111111111100000111
111000001110000000000000000000000000000000000000000000000000000000001100001100000000000000011000000000010000011110111111100001111111110000000011100000111000000111111111111111011111111111111111111111111111110011111000001100000011111101110011111111111111100000011000000000000000000000000000000000000000000000000000000000111100011000000000000001111110011
111111111111111111111111111111111111111111111111111111111111111111101111000101111111111110111111111001111000000011001111100000110100000000000001110000011111100111111001101111100111111110011111111100001111111111111111111111111111111111111000111110000000000000000000000000000000000000000000000000110000011110000011100001111110000000000111100000001000000
111111110011000000111100111111001111111011111111001111100011111111111100000111111111111100111111111111111111111101111111111111111111111111111111111111111111111111111111111111111111111111111111111111111111111111111111111111111111111111111111111111111111111111111111111111111111111111111111111111111111111111111111111111111111111111111111111111111111111
111111111111111111111111110000001110011000000000000111111111111111111111100000000000000000000000000000000000001000111100010000001000000010000000011000000000000000000000000000000000000000000000000000000000000000000000000000000000000000000000000000000000001100111000000000000000000000000000000000111100111111111110000000000000000000000011111000000000000
100000000000000111111000000000000000000000000000000011100000111111111111000111111000111111111111111111111111111111111111111111111110001110000011111111111110000111100000001001111110000000000000000011001100000000000000000000000000000000000000000000000000000000000000000000000000000000111111111111111111111111111111111111111110001111111111110000000000001
111111111111111111111111111111111111111111111111111111110111111100001011111111111111111111111001111111111111111111111111111111111111111111111111111111111111111111111111111111111111111111111111111111111111111111111111111111111111111111111111111111111111111111111111111111111111111111111111111111111111111111111111111111111111111111111111111111111111111
001111110011111111111111111111111111111111111111111111111111111111111111111111111111111111111111111111111111111111111111111111111111000110011111111111111111111111111111111111111111111111111111111111001111111111111111111111111111111111111111111111110000100000001000000000000000011000001110100111111111111111111011111111111111111111111111111111111111100
001111111111111111111111111111111111111111111111111111111110001100111111110000111111111111111111111111111111111111111111111111111111111111111111111111111111111111111111111111111111111111111111111111111111111111111111111110001110000111111111111111111111111111111111111111111111111111111111011111111110000100110011111111111111110011111001111001101101111
111111111111111111111111101110000111111111111111111111111111110000000000011111100000111111111111100000111111111111111111111111111111111111111111111111111111111111111111111111111111111111111111101111101111111111111111111111111111111111111111111111111111111101111111111111111001111111111111111111110001101110000001111111111111001111111111111111111111111
111111111111111111111111111111111111111111111111100001100000110000000111111111001000000010000000100000000000000000000000100000000000001111100001111000011111000000000000011110000000001111111111111111000001111111111100111111111111111011111111111111111001111101111111111100111111111001000010000011111111111111111111111111111111001111001110000000011111000
111111111111111111111111111111111111111111111111111111111111111111111111111111111111111111111111111111111111111111111111111111111110001111111111111111111100000000100000000000001100000000111000000000000000000000000000000000000000000000000000000000000000000000000000000000000000000000000000000000000000000000000000000000000000000000000000000000000000000
000000000000000000000000000000000000000000000000000000000000000000000000000000000000000000000000000000000000000000000000000000000000000000000000000000000000000000000000000000001100000000000001110000000000000000000000000010000000010000000000000100000000000000000000000000000000000000000000000000000000011101111111111111111111111111111111111111111111111
111111111111111111111111111111111111111111111111111111111111111111111111111111111111111111111111111111111111111111111111111111111111111111111111111111111111111111111111111111111111111111111111111111111111111111111111111111111111111111111111111111111111111111111111111111111111111111111111111111111111111111111111111111111111111111111111111110001000000
111111110111111001111110111111111111111111111111111111111111111111111111111111111000011110011111111111111110111111111111111100001111111111111111111111111111111111111111111111111111111111111111111111111111111111111111111111111111111111111111111111111111111111111111111111111111111111111111111111111111111111111111111111111111100011100000000000000000000
111111111111111111111111111111111011111111111111111111111111111111111111111111111111111110011000001111111100011111111111111111111111111111111111111111111111111111111111111111111111111111111111111111111111111111111111111111111111111001110111111111111111111111111111111111111111111111111111111111111111111111111111111111111111111111111111111111111111111
111100111111111111111111000011100100111111111111001111111100111110000110000011111000001111000000000000000000000000000000000000000000000000000000000000000110000000010000001111111111100000000000001111001111111111111110011111000000010000000110000000000111111111111111111111111100001111001100011100100000011100000001000000000010000000000011111110111111111
000000000000000000001111111111111111111111111111110111111111111111011111111111111000000000000111111111111111111111111111111111111111110111110001111000000000011111111111111111000111100000000000000111000011000001101000000000000000000000000000000000000000001000001110011100111000011000000001110001100000001100000111110000000000001111110000000000000000000
000000000000000000000000000000000000000000000000000001100000000000000000000000000000000000001100001111100000000000000110000000011000000011100111111000001111110111111111111111111110000000011111111111100111111000011000000001111111111111111111111111111111111111110011000111111000111111000111100011111100000011110001100001111100000111111101110011111111100
000000000000000000000000000000000000000000000000000000000000000000000000000000000000000000000000000000000000000000000000000000000000000000000000000000000111000000000000000000000000000001101000000111000111111111111111111111111111111110011000000001111000011100001111000000000001111000011110000000011100111100011111111111111111111111111111111001111111111
111111111111111111111111111111111111111111111111111111111111111111111111111111111111111111000110000000110000001111111011111111111110000000111001101111000000111011100011111111111000000000000000000000000011100000011100001111100001100000000110000111111111111000000111111001110000001111000111011000011111111111111111111011111111111111100000100000011111111
001111100010000000001111111111111111111111111111111111111111111111111111110111111111100111011111111111111111111111111111111111111111111111111111111111111111111111111111111111111111111111111111111111111111111111111111111111111111111111111100001111111111111111111111111111111111111111111111111011111100001100000111111000000111000000000000000000000100000
111111111111111111111111111111111111111111111111111111111111111111111111111111111111111111110011111111111111111111111111111111111111111011000001111111001100011111111111111111111111111111111111000011111111000000100000000111100000000000000111000111100001111000000000000001111011011110000001111111111100111111111111111111111111101111000001100001111111100
001111111111111100011111111111000011111000001111111111111111111111111111111111111100011111011111111111111000001111110011000001111110000000000001111100000000000011111000000000001111111111101100001000000000000000000000000010000000010010001100000011111111111111111111111111111111111111111001111111111110011111001111111111111111111111111000100000001111100
000000000000000000000000000000000000000000010000000000010001001110000000000000000000000000000000000000000000000000000001100000000000000000000001100010000000110000000000000011100000000000100000000000000000000000000000000000000000000000111110000100000000000000000000000001000000000000011000000000110000001001101111110000001111000001111111111111111111111
000000000000000000000000000000000000000000000000000000000000000000000000000000000000000000000000000000110000000000000000000000000000000000000000111110000001110000000000000000000000001100000000000000000000000000000000000000000000000000000000000000000000000000000000000000000000000000000000000000000000000000000000000000000000000000000000000000000000000
000000001100000000000000000000000000010000000000000000000000000000000000000000000000000000000000000000000000000000000000000000000000000000000000000000000000000000000000000000000000000000000000000000000010000000000000000001000000000000001111111011110000011110011111000001111111111111000000000000000000001111111111111111111111111111111111111111111111111
000111111011111000000000001111111000001000001111100111000001110000000000000000111100000000001111110000010000001111000001111100000000000110000000000000000000000000000000000000000000000000000000000000000000000000000000000000000000000000000000000000000000000000000000000000000000000000100000000000000000100110000000000000000000000001000000000000000000000
111100011000000000011110000000000000000000000000000000000000010000000000000001111000000000000011100000110110001111000000110000000000000001000000000000000000000000000000000000000000000000011010000111111111100110101111111110011111111100111111111111111111111111100000000000000000001100000000011000000000000100000000000000000000000000000000000000000000000
000001000000000000000011000111100000000000000111110111111100000000100111110000111000110011100111100111000001111111111111111111111111111001101111111111100000000100111111111111000001111101111111111111110001110000011110000011111100011000000111000000000000000000000011100000111111111111000011111110000111111111111111111111111111100001111111111111111111111
000111110001111111111111111111111111111111111111111111111111111111110011000000011100001111111111111000000111110000000000110000001111000111001000111111110011111011111111111111001111111111111111111111100100000000011111111111111111111111111111111111111000001100000000000000000000000001100001111000001110111111100001111001111111100111111111111111100100111
000010000000000000000010000000000000000000000011000000011111111111000111000000011011111101110111100000011111101111111111111100001111111111111111111111101111111111111111011111111111111111111111111111111111111111111111111111111111111111011111111111111111111111111111100011111111111111111111111111111110011111111111111111111111111111111110111111111111111
111111111011111111111111110001111111111111111111111111111100000000000011111000001111101111100011111000010001111111111000111111100000000001111100001110000011111001110011100111111001111110011110000011000000111000111111111111111111111111111111111111111110011111101111110011000000000111100000000000011100000001000111111111111111111111111111111111111111110
011001111000000000001111111111111111111110000111111111111000001100000000000000011100000110000000000000000011100011111011101110111111111111111111111111111111111111111111111111100111111111111111111011111111110000011111000111100000000000011111000000110000000000000000000000000000000000000000000000000000000000000000000000000000000001110000000000000000000
111111111111101110001111100000000000000000000000000000000000000000110001000000000000111111110000110000001110000001100000100000000000000000000000111111000000000001111111111111110011100000111111111111111111111111111111111111111111111111111111111111111110011111111111111000111110000011111111110000000100000000000000001100000110000000011110001100111110111
000011100000000000000000000000000000000110001100000000000000000010000001100110011111111011111111111011111111111111111100110000111111110000000000111010000001111101111110011111111111111000111111000000000001111100000000000111100000110000000110000000000000000000000000000000000000000000000000000000000111001111111111111111111111111111111000010011110111000
000000000000000000000000010000000000000000000000000000000000011111111111111101111100000000000000111000000000000011110011111100111000000000000000000110000011100000000000111111000000111111111111111111100111111110001000000001111101111111111111111111111111111111101111111111111111111111111111111111111111100000111011110000001110111000000000011000000000000
000111110001111111101111100111000001100000000000000000001110000100000001101100111001000111100000000000011111001001100000000000000000100000000000111110111111110111111000111111111001100000001100000001100000000000011101100001000000110111111000000000010000000000000000000000000000111111111011111000011000001100110011110000011000111111111111111111111111111
110111111111111111111111100111111001111000001110000000111100000110111111111111111111111111111111111111111111110111110010111100011111111111111111111110001111111111111111111111111111100011111110111111111101111111111111110001110011100000000111111110111010001110000000000000000000001000000001110000000000000111010001000000000000000000000000000000000000000
000110000001110001111111111111111111111111111111100100111000111110001100000100000110000000000001110000111111111111110000000000000000000000000000000000000111000010000000000000000001000000000000000000000000000000000000000000000000000000000000000000000000000000000000000000000000000000000000000000000000000011110000000000000000000000000000000000000000000
000000000000011000011000010011111111111111111111111111111100111111011111110001111111111111111111111111111111111011111111111111111111111111111111111110001000000000000000000000000000111111111100000001000011110000000000000001000101111111111111100111111111111100000111111001111111111100000000000000010011000001111111111111111111111111100000001111110000000
000000000000000000000000000011100000000000000000000000000000000000000000000000000000000000000000000000000100000000000000011110011111111111111100000000111111110000000000011110000100000000001110001111111011111111111111110011000000000000000000000111110001111111111111111111111111110000001101100000000000000000000000000000000000000000000110011100001011111
000000000000000000000110001111110000000000000010000000000000000011111111110011011000000000000001000000100000000000000000000000000000000000000000000000000111111111111111000111111111110011110000000000000000000000000000000000000001111111111110000011000000000000000000000000000000000000000000000000010000111111111111111100000000000000000000000000000000000
000010000000010000000000011000000000001001100110000000000000111110000111110000110000001100000000011100111100000111110011111110001100000001100000010010000000000000000000000000000000000000000000000011000000111111001100000001100000111110000000000000000010001100000000000000111000000000000000000000000000000010000000000000000000000000000000000000000000000
100000010000000000011100000001110000011000000000100000000011000111000001101100011000011111100111000000111100000111000000000000000000000000001000100000001111100000001000111100000000000100111101111111111001111110011111000111001111111111111111111111111101111111100011000000000000000110000000000000011111001110000000000000110000000000110000001100000000000
111111111111111111111111111111111111111111111111111111111111111111111111111111111111111111111111111111111111111111111111111111111111100111100000111111111111101110000011111100000111110000100000000000000000000000001101111110000000000000001100100011111000000000000100000000011000001101111111100111000000000000000100110000011100000000000100111000001110000
000000000010111101100000000111111111111111111111110111111111111011101111111111011111111111111111111001111110001111110000111111111111111111111111111111111111111111101000001001000011111001111110001111101111110000011111100000000000000000000000000000000000000110001111100000000000000110000000000000001111000000000001111100000000000011110000010000000100000
111111111111111111111111100011000011111100111111111111111111011111111111111111111110111111111111111111111111111111111111111111111111111111111111111111111111111111111111111111111111111111111111111111111111111001111111111111111111111110001101101111111111111111001111111001111111111111011111111111111111111111101111111101111100000111100000000000100000000
000000000000000000000000000000000000000000000000000000000000000000000000110001111111001111111111111111111110111111111000111001111111110011111111111000000000000000000000001100000000000000000000000000000000000000000000000111110111111100000000000000000000000000001100000000011001111101100010000000011000000001100000000000001111111111111111111111111111111
001111111111111111111111111111111111111111111111111111111111111111111111111111111111111111111111111111111111111111111111111000000000000011000011111111111111111111111111111111111111111111111111111111111111111111111111111110010001111111111111111111111111111111111111111111111111111111111111111111111101111111111111111101111111111111100000111111110000000
111111111111111111111111001111110111111111111111001111111111111111011111111111111111111111111111111111111111111111111111111111111111111111111111111111111111111111111111111111111111111111111111111111111111111000111100100111100001111111111111111111101111111111101111001110000011111111111111111111111110011111111111111111111111111111111111111111111111111
111111111111111110001100000000000000000000000000000000010000011000000000000000000000000000000000000000011000000111100011110000111100010001110010000000001110000000111111000100001111111111111010111111110011100000001000000000000000011100000110000000011000000000000000000000000000000000000000000000001110000000000000000000000000000000000000000000000000000
000000000000000000000000000111101111111111001111111111111111111110011111111111111111101111110111111111111111111111111001100110111111100001110001111111000000000000110000000000000011100000000000000000000000011000000000000111100000000000000000000000000000000000000000000000000000000000000000100000000000000100000000000000000000000000000000000000000000000
111111111111111111111111111111111000011100111000000000000000000010000000000000000000000000000000000000100000001110000000000000000001111111111111111111100011000110000000110010000000100000111110011111111111111100111111111111111111111100001110000000000000111110011111110011111111111111001111111000111111101111100000011000011000000000000000000000000000011
000111111111111111111111111111100001100000011111111111111111111111111111111111111111111111111111111001111111111111111100111111111110011111111111111111111111110001111111111110111001111100000100011111100011110000011000000100000001100011111000000010000111111100000110000000111111111110011111111111111111111111110000111000000111100001111000100011111111100
111111111111111111111111111111111111111111111111111111111111111111001111111111111111111111111111111111111111111111001111111111111000001111111111111111111111111111111111111111111111111011111111111111111111111111111111111111111111111111111111111111111111111111110110000111111111111111111111111111111111111111111111111111111111111111111111111111111111111
111111111111111111111111111111111111111111111111111111111111111111111111111111111111111111111111111111111111111111111111111111111111111111111111111111111111111111111111111111111111111111111111111111111111111111111111111111111111111111111111001111111111111111111111111111111111111111111111111111111111111111111111111111111111111000111000000100111111111
111111111111111111101111111111111100000000000000001111111000001111111111110001110000000000000000000000000000110011000000001111111100000011111111111000111110110111111111111110001111111111111000111000000000000000001000000000000011000000000000000011000000000000000000000000000000011001111111111111111111011100000111100111000000011000000111111000001111111
000001110011110000110000111011111011110001111111000111111111100000011000011000111111100110001111111111111100111100111111111111111011101111100001111111111111110000000000000000000000000001110000011000000001000000111111011110000000000000000000000000000000000000000000000000000000000100000110000001110000011110000000000000000000000011000000000000000000000
111100000010100001111111100111111111111111111111110011000000001111111111111111111000111111111111111111110000000000000000000000011001111111100011111111111110000011100111111100001000000000000010001110000111111100110000111110010011111110011111111111110011111111111110000000111100111111111111111000110000011111111111111111111111111111001111111110111101111
000000000000000000000000000010000011111011000011000011100000000000000000000000000000000000010000000000011000001111110111110111111111111111111111100000000000000000000000000000000000000000000000000000000000000000000000000000000000000000000000000000000000000000001111100011111001111000000111101101111111111111001111100001111111101111111001111000111110000
000000000000000000000000000000000000000000000000001000000000000000000000000000000000000000000000000001001100000100000000100000000000000010000001110000001111000000000000000000000010000000000000000000000000000000000000000000000000000000000000000000000000000000000000000000010000000000000001100010000001100000000011110000110001000000000000000000000010000
011111011111111111111111111111000111110011111111100111111111111110001111100111111111111111111111111111111101110111100111100000011111001111101111111111111111111111111111111111111111111111111000111111111111111111001000001000100000000000001110000111100011111000111100000000000000000100001100000011100001100000000000000000000000000000000000000000000000000
000000000000000000000000000000000000000000000000000000000001110000111110011111111111111111110111110111111111111111110111100000000111110000000111111000000000000000000000000000000000001111000010000111111111111101111111011111111111111111111111111111111111111110000000000100001000001000011111001111111111111111111000000000011110000110001000000000000000000
111111000000000000110000011000111111111000011111111111100011111111000000000011111110111111111111111111111100010011100011100000011111100000000000011000001111111111100000000000001111000000000000001110000000001110111100000111111111100000000001111111100000000000000000000001100000001100011111100000000100111100010000000000000000000000000000000000000000000
000000000000000000000000000000000000000000000000000000000000000000000000000000000000000000000000000000000000000100000000000000000000000000000000010011000000000000000010111111111111111111111111111111111111001111111111000111100111111100111111111111101111111111111111110011100000000000000011000000000000000000000000000000000000000000000000000000000000000
000000000000000000001100010000000111100000111111111111111111111111111111111111111111111110111111111111111111111111111111111111110000111111111111111100111111111111011001111100000110000000000000000000000000000000000000000000000001000000000000000000000000000000000000000000000000000000000000000010110000000000000110000000000100000000000000000000000000011
000000000000000000000000000000000000000000000000000000000000000000000000000000000000000000000000000000000000000000000000000000000000000000000000110000001111100111100000111011111100000100110000011110011001110000111100011111000001100000010110000010000001000000000000000000000000110000000011000000011000001110001111000000000000000000000000000000000000000
000010001110000000011100000000000001100001000000000000000000000000001111110011110110011111001111111111111111111111111101110000011100000000000000000000000000000000000000000000000010001000000000000000000000000000000000000000000000000000000000000000000000010000000000000000000000000000000000000000000000000000000000000000000000000000000000000000000000000
111111111111111111111110011111111111111101111111111111111011111111111111111111111001101100001111101111001000000000000000000111111000000000000000000110001100000000001100000000000000111000011111001111000011111110000000000001100001111000011111001111100001111110001000000000000000000000000000000000000000000001011110110000111100011000000000000000000010000
011111111111111111111111111111111111111011111111101111111111111111100000000011111111111100111111111101100000000011100110000000011110000000111111111111111110011001110000000000000000000000000000000000000000000000000000000000000000000001001100111110011111111101101111111111111100111111111111111111111101111111111111111001111111000111000000111000001000000
001111111111111001111111111111111111111111111111111111111111111111110010000111100000000000000000000000011100000000000000000000011111011111111111111111111111111111111111111111111111110111111111111111111111111111111111001111001111111111111111111111111111111111111111011111100000000000011111111000001000011101111101111111111111111111111111111111111111100
111111110011111111111100111111110000001111111111111111111110111000001100110000000101101111111111111111111111111111111111111000111110011100000000000000000000000000000000000000000000000000000000111011000111111111111111111111111111111111111111111111111111111111111111111111111111111111111111111111111111111111111111111111111111111111111111111111111111111
111111111111111111111111111111111111111111111111111111111111111111111111111000000010011111111111111111111111111111111111111001111111111111111111111111111111111111111111111110000111111111111111111111111111111111111111111111111111111111111111111111111111111111111111111111110111011111111111111111111111111111111111111111111111111110111111111111111111111
110110000000110001111111111100111111111111000000010000000100000000000000000000000000000000000110000000000000000001110000001100011000000001100000000000011001100001111111011000000000000000000000000000000000000000000000000000000000000000000000000000000000000000000011111111110000000000000000000000011000000000000000000000000000000000000000000000000110000
000011100001000000000000000000000000000000000111111011111111011111101011111101111100001111100000000000000000000000000000000000000100000011000000110001000100000000000000000000000000000000000000000000000000000000000000000000000000000000000000000000000000000000000000000000000000000000000000000000000000000000000000000000000000000000000000000000000000000
000110000000000000111000000000100011111000011111110011000000011111101111110010000000000001110111111111111111000011110001110000000111000001111111101111100111111111111100000011110000011000111110000001100000000000000111100011111001111100100111111111111100001111110001100000011100000000000000000000001000000000000000000000001110000000000000000110000000000
000111100000000000000111110000000000011110110111111111110110111001111000000000000011111111000000111001000000000010000000001000000111111100011111111110000000000000111110011110000000110011111111000111111110111110111111111111111000111111000001001111111000000000000111100000001100011111111001111100011111111111111111111111111111111111110110011110111111000
000000000000000000000110000000000000000000000000000000000000000000000000111100000000000000000000000000000000000000000000000000000000000000000000000000000000000000000000000000000000000000000000000000000000000000000000000000000000000001000000000000000001110100000000000000000000000000000000000000000000111100110000111110000111111000011000111100110000000
000000000000000000000000000000000000000000000000000000000000000000000000000000000000000000000000000000000000000000000000000000000000000001111000000000000000000000000000000000000000000000000000000000000000000000000001000000000000010000000011000000000000000000000000000000000000000000000000000000000000000000000000000011000000000000000000000000000000000
111111111111111111111111111111111111111111111111111111111111111111111111111111111111111111111111111111111111111111111111111111111111111111111111111111100011111111111111111111111111111111111111111111111111111111111111111111111111111111111111111111111111111111111111111111111111111111111111111111111111111111111111111111111111111111111111111111111111111
111111111111111100001111111111111111111111111111111111111111111111110011111111111110001111110001111100001111011111111111111111111111111111111100111111111111111000011111101111111111111111111111001111111111111111111111100011111111111111111111111111111111111111111111111111111111111111111111111111111111111111111111111111111111111111111100000110000000100
111111111111111111111111111111111111111111111111111111111111111111111111111111111111111111111111111111111111111111111111111111111111111111111111111111111111111111111111111111111111111111111111111111111100111111111111100111110000011111111111111100111111111111000100011000111000000011000100010000000000000000110000000000001111110000000000011111100000000
100110000010000001111100110000000000110000011111111111110000000001111111000000000001110000000000000111110000000000000001111100011000000000000000000000000000000000000000000000000000000001110000000000000000000000000000000000000000000000000000000000000001000000000000000000000000000000000000000000000000000000000000000000001000000000000000000000000000000
011111111111111111111001000100000011110000100000000000000000000000011111100000000000000000000111000000000000000000000001100000110000000000000000000001110000000111100000000000000000000000000000010000000000000000100000000111000110001111000000000110000000000000000000000000000000011000000000000001100000000000000000000000000000000000000000000000000000000
000000000000000000000000000000000000000000000000000000000000000000000000000000000000000000000000000000000000000000000000100000000000000000000000000000000000000000000000000000000000000000000000000000001011110000011100111111000110001000110000000000000011111100011110000000000000000000000000000000001000010000000100000000000000000000000000000001111111111
000100000000000000000110000000000000000000000000000000000000000000000000000000000000000000000000000000000000000000000000000000000000000000000000000000000000000000000000000000000000000000000000011100000000000000000000000000000010000000111001000011011111111111111111101111000000000000000000000000000000000000000000000000000000000000000000000000000000000
011111111111111111111000001100000011111111111111111111111111111111110000000010000000001000000000000000110000000000000000000000000000011100000111110011110000000000000000011000111111111111110000011111111111110111100111111111111111111111111111111111000111111111110000000111100000000000001111000011100001111000000011111111111000001110000111011000011000000
111111111111111111111111111111111111111111111111111111111111111111111111111111111111111111111111011111111001111111111111111111111111111111111111111111111111111111111111111111111111111111111111111111111111111111111111111111111111111111111111011111111111111111101000001111110000000000000110000011000111111111111111110011111100001100000100000001110000100
011000000100000000000000000000000000000000000000000111111111110000000000000000000000000000000000000000000000011000011111000000000000000000000000000000000000000000000000000000000000000000000000000000000011000000010000000000000000000000000000000000000000011100110000000000011111111111111111010000000001110000000000000000000000000000000000000000000000000
000000000000000100000000000000000000000000000000110010000001000000000000000011000000110010000010000000011110000000000000000000000000000000000000000000000000000000000000000000000000000000000000010000000000000000000000000000000000000000000000000000000000000000001100000000000001110011000100111111111111111110000111001110000000001111100100000000111110000
111000111111111100110000011001111110000001111111111111011111111001110001011111110001100000000000100000000000111110000100011111111000000110001100000000000011100000000000011000001000000011000001111000011111100111110011111000000001110000000000001111100011111111111111111111110011111000001111000011000000000111000010000001111100011110011111000000000000000
111111111111111111111111111111111111111111111111111111111111111111111111111111111111111111111111111111111111111111111111111111111111111111111111111111111111111111111111111111111111111111111111111111111111111111111111111111111111111111111111111111111111111111111111111111111111111111111111111111111111111111111111111111111111111111111111111111111111111
111101111111111111111111111111111111111111111111111111111111111111111111111111111111111111111111111111111111111100000111011001000000011100000000000001111111111111110001111111111111111110011001111111111111001111111000000000000011100000001111111111111111111111111111111111111111111101111100001101110000110001000111001001100000000000000011100000000000000
000000000000000000000000000000000000000000000000000000000000000000000000000000000000000000000000000000000000000000000000000000000000000000000000000000111000000000000000000000110000000000100000000001111110000000110000000000000000000001111000010011110000000001001100001111111111100000111111111110000000001000000111100000110000000000000011100000000000000
000000000001111111111111111111111111111111111111111111111111111111111111111111111111111111111111111111111111111111111111111111111111111100111011000001111000011111111111111111011100000000110000000000000000000000000000000000000000000001110000000000100010000000011111110000000000000000000000000000000000000000000000000000000000000000000000000000000000001
111110011111111111110000111100000011100001110000000100001100000000001110000011001111111110011111100011100000001111111111111111111111111111111111111111111111111111111011111111111111111111100011111111111111111111110111111100011111000011101100111111111111111001100000000000000011100011000111111110011101111111111100111111111000000000000001111001111110000
111111110000000011110011011110011111000000010000000011100000000000001111001110000000000000000111100000110011110000000100000001111111111111111111111111111111111111000110000000111100011111111111111111111111111111111111111111111110111111111111111100111111111111111100011111111001100000010000011111100011110000001110000000000000011110000011100011111000011
000000000000000000000000010000000111000000000010000011000000000000001000000111100000000000000000000111100000001101111111111111000010011100110000000000000011111000000000000000000000000000000000000000000000000000000000000000000000000000000000010011000000000000000000000001100000000000000000000000000000000000000000000000000000000000000000000000000000000
000000000000000000100000000000000000000000000000000000000000000000000000000000000000000000000000000000000000000000011111100000000000000000000100000000000000000000000000000001100000000000000000000000001011101100000001100000000110000000000000000000000000000000011000000000000000000000000000000000000000000000000000000000000000000000000000000000000000000
101111111100000111111111111111111111111111111111111111111111111111111101111111111111111111111111111111001011111111100100000111111000110000000000000000000000000011000000000000000000000000000000100000000000011111100111111111111111100111101111000000000011110001000000100100000000000101111110000000011011110000000000001111111110000000001111000001100000000
111111111111000111111101111000111110011111111110011111111111111111111111111111111111111111111111111111111111111100111111111111111110001100111111111111111111111111111111111111111111111111100110000000000000000000000000001111111001111111101110000000001111111111111111111111100111000000011110011111101111111111111100011111100000011111111111001111111111111
110001111110000011111101110000001110011111111111111111110111111011111110001000000000000000000000000000000000000000000110000011111111111111111111111111111111111111111111111110011001111111100001111011001011001111111000010000111100000000000000000000000000000000110000000000011110100111111001111111111001011111111111111111111111111011111111000111011000111
000000001000000000000000000000000000000000000000000000000110000000000000000111111000000000010000000000000000000000011100001111000000000000111100000000000000000000000000000000000000000000000000000000010111101111111000011100001110001111111000011100000001100000000000000100000001100000000110000000000000000000000000000000000001110100011100000000000000000
100000011101000000000000111111000111001111000111111000011111111111100011101110000000000000000000000000111000000000000000000100111100011101111100000011110011111111111111111111111100111111111111111111111111111111111111111100000000000000000000011000000000000000000000011100011111111000000000000000000000000000000001000111100000000000000000000011010000000
111111111111111111111111111110011111111111111111111111111111011001111100111111111111111111111111111111101111100000011111100110100000000110011011000000000001111111000111111011111110001110000110100000001100111111110011111100000000000111100000001110011100110011111000110000000111111111111100011111111100111100000000000001000000000001111110000000000000000
111111111111111111111111111111111111111111111111111111110011101111110000001110000111100001111110000111111111111000000000000000000000000000000000000000000000000000000000000000000000000000000000000000000000000000000000000000000000000000000010111000000000000011100001111000000111110011111001111111000111110001111011111111111111110000011000001100000000000
111101110000000010000000000000000000000001000010000000000111000000111110011111000011110000000011111111111111111111111111111111111111111111000000000000111000000000010111111111111111111111111111111111111111000111000011111100001100000000000000000000001111100010000000001100010000001001111110000000000000000000000100000001100110000000001110011111000000111
100000011110111111001111111111000001111111110011111111111111011111111111111100111110000000000000001000001111111001111101111100011110111111111011111111100001111111111111111111111110111111111111111111111111011111100001100010111100111011111100011000011111111111111001111100000110000010000000111111111110000000111111111111100011110000000000000000100000010
111111111101111111100111111111111111111111100000000111111111111001111111111111000100001100001000011110000011111110000000000000000000011000011111000000001111111111111111000111111111111111111111111100000000000000000000000000000000000000000000000000000000000000000000000000000000000000001110011111011111111001111010000000000000000000000000000000000001110
111111111111111111111111111111111111111111111111111111111111110111111111111110011100000001110000111001111111100000000000011111000011100000000000001111111000000000001110000011000111111100000111100111110000000000000001100011111001111111111111111111111111111111110111111111111111111111111111111111111111111111111111111111111111111111111111111111111111111
111111111111111111111111111111111111111111111111111111111111111111111111110011111111111111111111111001111110111111111111111111111111111111011111100000001100000000110000000000000011111111100111111011111111110111111111011111001000110000111011000011111111111110011111110000000001100000000010000000011111111111111111111111111111111111111011111110001100010
111111111111111110011111111111111111111111111111111111111111111111111111111111111111111111111111111111111111111111100111111111111111111111111111111111111111111111111111111111000011111111111111111111011111111100111110011111111111111111111111100011111110000001101111000000111000000000000000001011111000001100000000010000011110011101000000000000011111100
000000000000000000000000000000000000000000000000000000000000000000000000000000000000000000000000000000000000000000000000000000000000000000000000000000011001111111100001111111100111111111111111111110111111111110111001111111100011110001111111111111111111111111111111111111111110111111111111111111111111111111111111111111111111111111111111111111111111111
000011101110111111111111111111111111111111111111111111111111111111111111111111111111111111001111111111111111111100000111111100111111111111111111111111111111111011100000000000000000001000011111111100011010010000010000000110111111111100000011000011110001110000000001100111111100111111100110000000011111111000000001111100111110000000000000000000000000000
