State number: 0
10000000000010
10000000000110
10000000001110
10000000011110
11111111110010
11111111100010
11111111000010
11111111000110
11111111011110
11111110000110
11111110001110
11111110011110
11111100000010
11111100000110
11111100001110
11111100011110
11111000000010
11111000000110
11111000001110
11111000011110
11110000000110
11110000001110
11110000011110
11100000001110
11100000000010
11100000000110
11100000011110
11000000011110
11000000000010
11000000000110
11000000001110
00000000000010
00000000000110
00000000001110
00000000011110
00001111100110
00011000000010
01111111000010
01111100000110
01111100001110
01111100011110
01110000000110
01100000000010
01100000000110
100000000000010
100000000000110
100000000001110
100000000011110
111111111110010
111111111000010
111111111000110
111111111011110
111111110000110
111111110001110
111111110011110
111111100000110
111111100001110
111111100011110
111111000000010
111111000000110
111111000001110
111111000011110
111110000000110
111110000001110
111110000011110
111100000001110
111100000000010
111100000000110
111100000011110
111000000011110
111000000000010
111000000000110
111000000001110
110000000000010
110000000000110
110000000001110
110000000011110
000000000000010
000000000000110
000000000001110
000000000011110
000001111100110
000011000000010
001111111000010
001111100000110
001111100001110
001111100011110
001110000000110
001100000000010
001100000000110
011111111100010
011111110001110
011111100000010
011111100011110
011111000000010
011111000001110
011111000011110
011110000000110
011110000001110
011100000011110
011100000001110
011000000011110
010000000011110
distribution: P(0) = 0.99609	P(1) = 0.00391007	
transitions: T(0) = 12	T(1) = 1	
P(state): 0.00526694

State number: 1
10000000000001
10000000001001
10000011111101
10000011111001
10001111100001
10111111100001
11111111111101
11111111111001
11111111110001
11111111100001
11111111000001
11111110000001
11111100000001
11110000000001
11100000000001
11000000000001
11000011111001
11000011100001
11000100000001
11011111111001
11011111100001
00000000000001
00000000000101
00000000011101
00000000111001
00000000110001
00000001111101
00000001111001
00000001110001
00000001100001
00000011111101
00000011111001
00000011110001
00000011100001
00000011000001
00000111111101
00000111111001
00000111110001
00000111100001
00000111000001
00000110000001
00000100000001
00001111111101
00001111111001
00001111110001
00001111100001
00001111000001
00001110000001
00001100000001
00001000000001
00011111111101
00011111111001
00011111110001
00011111100001
00011111000001
00011110000001
00011100000001
00011000000001
00010000000001
00111111111101
00111111111001
00111111110001
00111111100001
00111111000001
00111110000001
00111100000001
00111000000001
00110000000001
00100000000001
01111111111101
01111111111001
01111111110001
01111111100001
01111111000001
01111110000001
01111100000001
01111000000001
01110000000001
01100000000001
01000000000001
100000000000001
100000000111001
100000001111101
100000001100001
100000011110001
100000111111001
100000110000001
100001000000001
100011111111001
100011110000001
100111111110001
111111111111101
111111111111001
111111111110001
111111111100001
111111111000001
111111110000001
111111100000001
111110000000001
111100000000001
111000000000001
111000011111001
111000011100001
111000100000001
111011111111001
111011111100001
110000000000001
110000000001001
110000011111101
110000011111001
110001111100001
110111111100001
000000000000001
000000000000101
000000000011101
000000000111001
000000000110001
000000001111101
000000001111001
000000001110001
000000001100001
000000011111101
000000011111001
000000011110001
000000011100001
000000011000001
000000111111101
000000111111001
000000111110001
000000111100001
000000111000001
000000110000001
000000100000001
000001111111101
000001111111001
000001111110001
000001111100001
000001111000001
000001110000001
000001100000001
000001000000001
000011111111101
000011111111001
000011111110001
000011111100001
000011111000001
000011110000001
000011100000001
000011000000001
000010000000001
000111111111101
000111111111001
000111111110001
000111111100001
000111111000001
000111110000001
000111100000001
000111000000001
000110000000001
000100000000001
001111111111101
001111111111001
001111111110001
001111111100001
001111111000001
001111110000001
001111100000001
001111000000001
001110000000001
001100000000001
001000000000001
011111111111101
011111111111001
011111111110001
011111111100001
011111111000001
011111110000001
011111100000001
011110000000001
011100000000001
011000000000001
010000000000001
distribution: P(0) = 0.00765802	P(1) = 0.992342	
transitions: T(0) = 0	T(1) = 14	
P(state): 0.0449692

State number: 2
10000001111111
11111101111111
11111001111111
11110001111111
11100001111111
11000001111111
00000001111111
00000101111111
00001001111111
00011101111111
00111001111111
00110001111111
01111101111111
01111001111111
01110001111111
01100001111111
100000001111111
111111101111111
111111001111111
111110001111111
111100001111111
111000001111111
110000001111111
000000001111111
000000101111111
000001001111111
000011101111111
000111001111111
000110001111111
001111101111111
001111001111111
001110001111111
001100001111111
011111101111111
011111001111111
011110001111111
011100001111111
011000001111111
distribution: P(0) = 0.152836	P(1) = 0.847164	
transitions: T(0) = 51	T(1) = 15	
P(state): 0.0367556

State number: 3
10000000010000
10000000110000
10000001110000
10000011110000
11111110010000
11111100010000
11111000010000
11111000110000
11111011110000
11110000110000
11110001110000
11110011110000
11100000010000
11100000110000
11100001110000
11100011110000
11000000010000
11000000110000
11000001110000
11000011110000
00000000010000
00000000110000
00000001110000
00000011110000
01111100110000
100000000010000
100000000110000
100000001110000
100000011110000
111111110010000
111111100010000
111111000010000
111111000110000
111111011110000
111110000110000
111110001110000
111110011110000
111100000010000
111100000110000
111100001110000
111100011110000
111000000010000
111000000110000
111000001110000
111000011110000
110000000110000
110000000010000
110000001110000
110000011110000
000000000010000
000000000110000
000000001110000
000000011110000
001111100110000
011000000010000
distribution: P(0) = 0.960435	P(1) = 0.0395648	
transitions: T(0) = 17	T(1) = 1	
P(state): 0.00519507

State number: 4
10000000001111
11111111101111
11111111001111
11111110001111
11111100001111
11111000001111
11110000001111
11100000001111
11000000001111
00000000001111
00000000101111
00000001001111
00000011101111
00000111001111
00000110001111
00001111101111
00001111001111
00001110001111
00001100001111
00011111101111
00011111001111
00011110001111
00011100001111
00011000001111
00111111101111
00111111001111
00111110001111
00111100001111
00111000001111
00110000001111
00100000001111
01111111101111
01111111001111
01111110001111
01111100001111
01111000001111
01110000001111
01100000001111
01000000001111
100000000001111
111111111101111
111111111001111
111111110001111
111111100001111
111111000001111
111110000001111
111100000001111
111000000001111
110000000001111
000000000001111
000000000101111
000000001001111
000000011101111
000000111001111
000000110001111
000001111101111
000001111001111
000001110001111
000001100001111
000011111101111
000011111001111
000011110001111
000011100001111
000011000001111
000111111101111
000111111001111
000111110001111
000111100001111
000111000001111
000110000001111
000100000001111
001111111101111
001111111001111
001111110001111
001111100001111
001111000001111
001110000001111
001100000001111
001000000001111
011111111101111
011111111001111
011111110001111
011111100001111
011111000001111
011110000001111
011100000001111
011000000001111
010000000001111
distribution: P(0) = 0.0505985	P(1) = 0.949402	
transitions: T(0) = 0	T(1) = 5	
P(state): 0.0477105

State number: 5
10000000011111
11111111011111
11111110011111
11111100011111
11111000011111
11110000011111
11100000011111
11000000011111
00000000011111
00000001011111
00000010011111
00000111011111
00001110011111
00001100011111
00011111011111
00011110011111
00011100011111
00011000011111
00111111011111
00111110011111
00111100011111
00111000011111
00110000011111
01111111011111
01111110011111
01111100011111
01111000011111
01110000011111
01100000011111
01000000011111
100000000011111
111111111011111
111111110011111
111111100011111
111111000011111
111110000011111
111100000011111
111000000011111
110000000011111
000000000011111
000000001011111
000000010011111
000000111011111
000001110011111
000001100011111
000011111011111
000011110011111
000011100011111
000011000011111
000111111011111
000111110011111
000111100011111
000111000011111
000110000011111
001111111011111
001111110011111
001111100011111
001111000011111
001110000011111
001100000011111
001000000011111
011111111011111
011111110011111
011111100011111
011111000011111
011110000011111
011100000011111
011000000011111
010000000011111
distribution: P(0) = 0.0778773	P(1) = 0.922123	
transitions: T(0) = 27	T(1) = 18	
P(state): 0.0451232

State number: 6
10000001000000
10000011000000
10000111000000
10001111000000
11111001000000
11110001000000
11110011000000
11100001000000
11100011000000
11101111000000
11000011000000
11000111000000
11001111000000
00000001000000
00000011000000
00000111000000
00001111000000
100000001000000
100000011000000
100000111000000
100001111000000
111111001000000
111110001000000
111110011000000
111100001000000
111100011000000
111101111000000
111000011000000
111000111000000
111001111000000
110000001000000
110000011000000
110000111000000
110001111000000
000000001000000
000000011000000
000000111000000
000001111000000
distribution: P(0) = 0.858931	P(1) = 0.141069	
transitions: T(0) = 7	T(1) = 1	
P(state): 0.00458932

State number: 7
10000110000000
10001110000000
10011110000000
11110010000000
11100010000000
11100110000000
11000010000000
11000110000000
11011110000000
00000010000000
00000110000000
00001110000000
00011110000000
100000010000000
100000110000000
100001110000000
100011110000000
111110010000000
111100010000000
111100110000000
111000010000000
111000110000000
111011110000000
110000110000000
110001110000000
110011110000000
000000010000000
000000110000000
000001110000000
000011110000000
distribution: P(0) = 0.814815	P(1) = 0.185185	
transitions: T(0) = 21	T(1) = 1	
P(state): 0.0038809

State number: 8
10011000000000
11111000000000
11001000000000
00001000000000
00011000000000
00111000000000
01111000000000
100001000000000
100011000000000
101111000000000
111111000000000
111001000000000
110011000000000
000001000000000
000011000000000
000111000000000
001111000000000
011111000000000
distribution: P(0) = 0.790397	P(1) = 0.209603	
transitions: T(0) = 22	T(1) = 1	
P(state): 0.0251437

State number: 9
10000111111111
11110111111111
11100111111111
11000111111111
00000111111111
00010111111111
00100111111111
01110111111111
100000111111111
111110111111111
111100111111111
111000111111111
110000111111111
000000111111111
000010111111111
000100111111111
001110111111111
011100111111111
011000111111111
distribution: P(0) = 0.225162	P(1) = 0.774838	
transitions: T(0) = 38	T(1) = 23	
P(state): 0.025462

State number: 10
10000000000000
11100000000000
11000000000000
00000000000000
00100000000000
01100000000000
01000000000000
100000000000000
100100000000000
111100000000000
111000000000000
110000000000000
000000000000000
000100000000000
001100000000000
001000000000000
011100000000000
011000000000000
010000000000000
distribution: P(0) = 0.851216	P(1) = 0.148784	
transitions: T(0) = 10	T(1) = 1	
P(state): 0.106591

State number: 11
10000000001000
10000000011000
10000000111000
10000001111000
11111111001000
11111110001000
11111100001000
11111100011000
11111101111000
11111000011000
11111000111000
11111001111000
11110000001000
11110000011000
11110000111000
11110001111000
11100000001000
11100000011000
11100000111000
11100001111000
11000000011000
11000000111000
11000001111000
00000000001000
00000000011000
00000000111000
00000001111000
00111110011000
01100000001000
100000000001000
100000000011000
100000000111000
100000001111000
111111111001000
111111110001000
111111100001000
111111100011000
111111101111000
111111000011000
111111000111000
111111001111000
111110000001000
111110000011000
111110000111000
111110001111000
111100000001000
111100000011000
111100000111000
111100001111000
111000000011000
111000000111000
111000001111000
110000000111000
110000000001000
110000000011000
110000001111000
000000000001000
000000000011000
000000000111000
000000001111000
000111110011000
001100000001000
distribution: P(0) = 0.988189	P(1) = 0.011811	
transitions: T(0) = 3	T(1) = 1	
P(state): 0.00521561

State number: 12
10000000000100
10000000001100
10000000011100
10000000111100
11111111100100
11111111000100
11111110000100
11111110001100
11111110111100
11111100001100
11111100011100
11111100111100
11111000000100
11111000001100
11111000011100
11111000111100
11110000000100
11110000001100
11110000011100
11110000111100
11100000001100
11100000011100
11100000111100
11000000011100
11000000000100
11000000001100
11000000111100
00000000000100
00000000001100
00000000011100
00000000111100
00011111001100
00110000000100
100000000000100
100000000001100
100000000011100
100000000111100
111111111100100
111111111000100
111111110000100
111111110001100
111111110111100
111111100001100
111111100011100
111111100111100
111111000000100
111111000001100
111111000011100
111111000111100
111110000000100
111110000001100
111110000011100
111110000111100
111100000001100
111100000011100
111100000111100
111000000011100
111000000000100
111000000001100
111000000111100
110000000111100
110000000000100
110000000001100
110000000011100
000000000000100
000000000001100
000000000011100
000000000111100
000011111001100
000110000000100
011111110000100
011111000001100
011111000011100
011111000111100
011100000001100
011000000000100
011000000001100
distribution: P(0) = 0.99218	P(1) = 0.00782014	
transitions: T(0) = 11	T(1) = 1	
P(state): 0.00525667

State number: 13
10000000000111
11111111110111
11111111100111
11111111000111
11111110000111
11111100000111
11111000000111
11110000000111
11100000000111
11000000000111
00000000000111
00000000010111
00000000100111
00000001110111
00000011100111
00000011000111
00000111110111
00000111100111
00000111000111
00000110000111
00001111110111
00001111100111
00001111000111
00001110000111
00001100000111
00011111110111
00011111100111
00011111000111
00011110000111
00011100000111
00011000000111
00010000000111
00111111110111
00111111100111
00111111000111
00111110000111
00111100000111
00111000000111
00110000000111
00100000000111
01111111110111
01111111100111
01111111000111
01111110000111
01111100000111
01111000000111
01110000000111
01100000000111
01000000000111
100000000000111
100001111100111
100001110000111
100010000000111
101111111100111
101111110000111
111111111110111
111111111100111
111111111000111
111111110000111
111111100000111
111111000000111
111110000000111
111100000000111
111000000000111
110000000000111
000000000000111
000000000010111
000000000100111
000000001110111
000000011100111
000000011000111
000000111110111
000000111100111
000000111000111
000000110000111
000001111110111
000001111100111
000001111000111
000001110000111
000001100000111
000011111110111
000011111100111
000011111000111
000011110000111
000011100000111
000011000000111
000010000000111
000111111110111
000111111100111
000111111000111
000111110000111
000111100000111
000111000000111
000110000000111
000100000000111
001111111110111
001111111100111
001111111000111
001111110000111
001111100000111
001111000000111
001110000000111
001100000000111
001000000000111
011111111110111
011111111100111
011111111000111
011111110000111
011111100000111
011111000000111
011110000000111
011100000000111
011000000000111
010000000000111
distribution: P(0) = 0.029678	P(1) = 0.970322	
transitions: T(0) = 0	T(1) = 4	
P(state): 0.0488912

State number: 14
10000000000011
10000111110011
10000111000011
10001000000011
10111111110011
10111111000011
11111111111011
11111111110011
11111111100011
11111111000011
11111110000011
11111100000011
11111000000011
11110000000011
11100000000011
11000000000011
00000000000011
00000000001011
00000000010011
00000000111011
00000001110011
00000001100011
00000011111011
00000011110011
00000011100011
00000011000011
00000111111011
00000111110011
00000111100011
00000111000011
00000110000011
00001111111011
00001111110011
00001111100011
00001111000011
00001110000011
00001100000011
00001000000011
00011111111011
00011111110011
00011111100011
00011111000011
00011110000011
00011100000011
00011000000011
00010000000011
00111111111011
00111111110011
00111111100011
00111111000011
00111110000011
00111100000011
00111000000011
00110000000011
00100000000011
01111111111011
01111111110011
01111111100011
01111111000011
01111110000011
01111100000011
01111000000011
01110000000011
01100000000011
01000000000011
100000000000011
100000000010011
100000111111011
100000111110011
100011111000011
101111111000011
111111111111011
111111111110011
111111111100011
111111111000011
111111110000011
111111100000011
111111000000011
111110000000011
111100000000011
111000000000011
110000000000011
110000111110011
110000111000011
110001000000011
110111111110011
110111111000011
000000000000011
000000000001011
000000000111011
000000001110011
000000001100011
000000011111011
000000011110011
000000011100011
000000011000011
000000111111011
000000111110011
000000111100011
000000111000011
000000110000011
000001111111011
000001111110011
000001111100011
000001111000011
000001110000011
000001100000011
000001000000011
000011111111011
000011111110011
000011111100011
000011111000011
000011110000011
000011100000011
000011000000011
000010000000011
000111111111011
000111111110011
000111111100011
000111111000011
000111110000011
000111100000011
000111000000011
000110000000011
000100000000011
001111111111011
001111111110011
001111111100011
001111111000011
001111110000011
001111100000011
001111000000011
001110000000011
001100000000011
001000000000011
011111111111011
011111111110011
011111111100011
011111111000011
011111110000011
011111100000011
011111000000011
011110000000011
011100000000011
011000000000011
010000000000011
distribution: P(0) = 0.0204334	P(1) = 0.979567	
transitions: T(0) = 0	T(1) = 13	
P(state): 0.0498049

State number: 15
10000011111111
11111011111111
11110011111111
11100011111111
11000011111111
00000011111111
00001011111111
00010011111111
00111011111111
01110011111111
01100011111111
100000011111111
111111011111111
111110011111111
111100011111111
111000011111111
110000011111111
000000011111111
000001011111111
000010011111111
000111011111111
001110011111111
001100011111111
011111011111111
011110011111111
011100011111111
011000011111111
distribution: P(0) = 0.185564	P(1) = 0.814436	
transitions: T(0) = 38	T(1) = 9	
P(state): 0.0311602

State number: 16
10011111111111
10111111111111
11111111111111
11011111111111
00011111111111
00111111111111
01111111111111
01011111111111
100011111111111
100111111111111
101111111111111
111111111111111
111011111111111
110011111111111
110111111111111
000011111111111
000111111111111
001111111111111
001011111111111
011111111111111
010011111111111
010111111111111
distribution: P(0) = 0.157701	P(1) = 0.842299	
transitions: T(0) = 38	T(1) = 16	
P(state): 0.0993018

State number: 17
10000000100000
10000001100000
10000011100000
10000111100000
11111100100000
11111000100000
11111001100000
11110000100000
11110001100000
11110111100000
11100001100000
11100011100000
11100111100000
11000000100000
11000001100000
11000011100000
11000111100000
00000000100000
00000001100000
00000011100000
00000111100000
100000000100000
100000001100000
100000011100000
100000111100000
111111100100000
111111000100000
111110000100000
111110001100000
111110111100000
111100001100000
111100011100000
111100111100000
111000000100000
111000001100000
111000011100000
111000111100000
110000000100000
110000001100000
110000011100000
110000111100000
000000000100000
000000001100000
000000011100000
000000111100000
011111001100000
distribution: P(0) = 0.940299	P(1) = 0.0597015	
transitions: T(0) = 6	T(1) = 1	
P(state): 0.00507187

State number: 18
10000000111111
11111110111111
11111100111111
11111000111111
11110000111111
11100000111111
11000000111111
00000000111111
00000010111111
00000100111111
00001110111111
00011100111111
00011000111111
00111110111111
00111100111111
00111000111111
00110000111111
01111110111111
01111100111111
01111000111111
01110000111111
01100000111111
100000000111111
111111110111111
111111100111111
111111000111111
111110000111111
111100000111111
111000000111111
110000000111111
000000000111111
000000010111111
000000100111111
000001110111111
000011100111111
000011000111111
000111110111111
000111100111111
000111000111111
000110000111111
001111110111111
001111100111111
001111000111111
001110000111111
001100000111111
011111110111111
011111100111111
011111000111111
011110000111111
011100000111111
011000000111111
010000000111111
distribution: P(0) = 0.110226	P(1) = 0.889774	
transitions: T(0) = 51	T(1) = 2	
P(state): 0.041345

State number: 19
00000100011111
000000100011111
distribution: P(0) = 0	P(1) = 1	
transitions: T(0) = NULL	T(1) = 30	
P(state): 1.02669e-05

State number: 20
10001111100000
11101111100000
11001111100000
00001111100000
100001111100000
111101111100000
111001111100000
110001111100000
000001111100000
distribution: P(0) = 0.832248	P(1) = 0.167752	
transitions: T(0) = 46	T(1) = 1	
P(state): 0.00340862

State number: 21
10000100000000
10001100000000
10111100000000
11100100000000
11001100000000
00000100000000
00001100000000
00011100000000
00111100000000
100001100000000
100011100000000
100111100000000
111100100000000
111001100000000
110000100000000
110001100000000
110111100000000
000000100000000
000001100000000
000011100000000
000111100000000
distribution: P(0) = 0.75974	P(1) = 0.24026	
transitions: T(0) = 8	T(1) = 1	
P(state): 0.00316222

State number: 22
10010000000000
11110000000000
00010000000000
00110000000000
01110000000000
100110000000000
111110000000000
110010000000000
000010000000000
000110000000000
001110000000000
011110000000000
distribution: P(0) = 0.801239	P(1) = 0.198761	
transitions: T(0) = 10	T(1) = 1	
P(state): 0.0198871

State number: 23
10001111111111
11101111111111
11001111111111
00001111111111
00101111111111
01001111111111
100001111111111
111101111111111
111001111111111
110001111111111
000001111111111
000101111111111
001001111111111
011101111111111
distribution: P(0) = 0.205668	P(1) = 0.794332	
transitions: T(0) = 38	T(1) = 16	
P(state): 0.0197536

State number: 24
10000011111000
11111011111000
11110011111000
11100011111000
11000011111000
00000011111000
100000011111000
111111011111000
111110011111000
111100011111000
111000011111000
110000011111000
000000011111000
011000011111000
distribution: P(0) = 0.984756	P(1) = 0.0152439	
transitions: T(0) = 26	T(1) = 1	
P(state): 0.00336756

State number: 25
10000001111100
11111101111100
11111001111100
11110001111100
11100001111100
11000001111100
00000001111100
01100001111100
100000001111100
111111101111100
111111001111100
111110001111100
111100001111100
111000001111100
110000001111100
000000001111100
001100001111100
011111001111100
distribution: P(0) = 0.973294	P(1) = 0.0267062	
transitions: T(0) = 24	T(1) = 1	
P(state): 0.00345996

State number: 26
10000111110000
11110111110000
11100111110000
11000111110000
00000111110000
100000111110000
111110111110000
111100111110000
111000111110000
110000111110000
000000111110000
distribution: P(0) = 0.946349	P(1) = 0.0536513	
transitions: T(0) = 20	T(1) = 1	
P(state): 0.00359343

State number: 27
10000000111110
11111110111110
11111100111110
11111000111110
11110000111110
11100000111110
11000000111110
00000000111110
00110000111110
01111100111110
100000000111110
111111110111110
111111100111110
111111000111110
111110000111110
111100000111110
111000000111110
110000000111110
000000000111110
000110000111110
001111100111110
011111000111110
011100000111110
distribution: P(0) = 0.98827	P(1) = 0.0117302	
transitions: T(0) = 25	T(1) = 1	
P(state): 0.00350103

State number: 28
10111111110000
11111111110000
00111111110000
01111111110000
100111111110000
101111111110000
111111111110000
110111111110000
000111111110000
001111111110000
011111111110000
distribution: P(0) = 0.949947	P(1) = 0.0500525	
transitions: T(0) = 37	T(1) = 1	
P(state): 0.0294353

State number: 29
00000010001111
000000010001111
distribution: P(0) = 0	P(1) = 1	
transitions: T(0) = NULL	T(1) = 19	
P(state): 1.02669e-05

State number: 30
00001000111111
000001000111111
distribution: P(0) = 1	P(1) = 0	
transitions: T(0) = 51	T(1) = NULL	
P(state): 1.02669e-05

State number: 31
111111110000000
distribution: P(0) = 0.864289	P(1) = 0.135711	
transitions: T(0) = 44	T(1) = 1	
P(state): 0.0236037

State number: 32
10011111111000
10111111111000
11111111111000
11011111111000
00011111111000
00111111111000
01111111111000
100011111111000
100111111111000
101111111111000
111111111111000
111011111111000
110011111111000
110111111111000
000011111111000
000111111111000
001111111111000
011111111111000
distribution: P(0) = 0.96921	P(1) = 0.0307901	
transitions: T(0) = 28	T(1) = 1	
P(state): 0.0303901

State number: 33
10001111111100
10011111111100
10111111111100
11111111111100
11101111111100
11001111111100
11011111111100
00001111111100
00011111111100
00111111111100
01111111111100
100001111111100
100011111111100
100111111111100
101111111111100
111111111111100
111101111111100
111001111111100
111011111111100
110001111111100
110011111111100
110111111111100
000001111111100
000011111111100
000111111111100
001111111111100
011111111111100
distribution: P(0) = 0.981085	P(1) = 0.0189149	
transitions: T(0) = 32	T(1) = 1	
P(state): 0.0310062

State number: 34
00000001000111
000000001000111
distribution: P(0) = 0	P(1) = 1	
transitions: T(0) = NULL	T(1) = 29	
P(state): 1.02669e-05

State number: 35
00000000100011
100000000100011
distribution: P(0) = 0	P(1) = 1	
transitions: T(0) = NULL	T(1) = 34	
P(state): 1.02669e-05

State number: 36
11111111000000
111111111000000
011111111000000
distribution: P(0) = 0.901549	P(1) = 0.0984507	
transitions: T(0) = 31	T(1) = 1	
P(state): 0.026191

State number: 37
11111111100000
01111111100000
101111111100000
111111111100000
001111111100000
011111111100000
distribution: P(0) = 0.940959	P(1) = 0.0590406	
transitions: T(0) = 36	T(1) = 1	
P(state): 0.0278747

State number: 38
10000111111110
10001111111110
10011111111110
10111111111110
11111111111110
11110111111110
11100111111110
11101111111110
11000111111110
11001111111110
11011111111110
00000111111110
00001111111110
00011111111110
00111111111110
01111111111110
100000111111110
100001111111110
100011111111110
100111111111110
101111111111110
111111111111110
111110111111110
111100111111110
111101111111110
111000111111110
111001111111110
111011111111110
110000111111110
110001111111110
110011111111110
110111111111110
000000111111110
000001111111110
000011111111110
000111111111110
001111111111110
011111111111110
011101111111110
distribution: P(0) = 0.990468	P(1) = 0.00953164	
transitions: T(0) = 33	T(1) = 1	
P(state): 0.0312526

State number: 39
10000000010001
110000000010001
distribution: P(0) = 0	P(1) = 1	
transitions: T(0) = NULL	T(1) = 35	
P(state): 1.02669e-05

State number: 40
11000000001000
111000000001000
distribution: P(0) = 0.75	P(1) = 0.25	
transitions: T(0) = 3	T(1) = 39	
P(state): 4.10678e-05

State number: 41
11100000000100
111100000000100
distribution: P(0) = 1	P(1) = 0	
transitions: T(0) = 40	T(1) = NULL	
P(state): 4.10678e-05

State number: 42
11110000000010
111110000000010
distribution: P(0) = 1	P(1) = 0	
transitions: T(0) = 41	T(1) = NULL	
P(state): 4.10678e-05

State number: 43
11111000000001
111111000000001
011111000000001
distribution: P(0) = 0.00795229	P(1) = 0.992048	
transitions: T(0) = 42	T(1) = 14	
P(state): 0.00516427

State number: 44
11111100000000
01111100000000
101111100000000
111111100000000
001111100000000
011111100000000
distribution: P(0) = 0.814631	P(1) = 0.185369	
transitions: T(0) = 8	T(1) = 43	
P(state): 0.0278645

State number: 45
10111110000000
11111110000000
00111110000000
01111110000000
100111110000000
101111110000000
110111110000000
000111110000000
001111110000000
011111110000000
distribution: P(0) = 0.831681	P(1) = 0.168319	
transitions: T(0) = 44	T(1) = 1	
P(state): 0.00943532

State number: 46
10011111000000
10111111000000
11011111000000
00011111000000
00111111000000
01111111000000
100011111000000
100111111000000
101111111000000
111011111000000
110011111000000
110111111000000
000011111000000
000111111000000
001111111000000
distribution: P(0) = 0.854884	P(1) = 0.145116	
transitions: T(0) = 45	T(1) = 1	
P(state): 0.0110575

State number: 47
10011111100000
10111111100000
11011111100000
00011111100000
00111111100000
100011111100000
100111111100000
111011111100000
110011111100000
110111111100000
000011111100000
000111111100000
distribution: P(0) = 0.915084	P(1) = 0.0849162	
transitions: T(0) = 46	T(1) = 1	
P(state): 0.00922998

State number: 48
10001111110000
10011111110000
11101111110000
11001111110000
11011111110000
00001111110000
00011111110000
100001111110000
100011111110000
111101111110000
111001111110000
111011111110000
110001111110000
110011111110000
000001111110000
000011111110000
010001111110000
distribution: P(0) = 0.942571	P(1) = 0.0574289	
transitions: T(0) = 47	T(1) = 1	
P(state): 0.00989733

State number: 49
10000111111000
10001111111000
11110111111000
11100111111000
11101111111000
11000111111000
11001111111000
00000111111000
00001111111000
01000111111000
100000111111000
100001111111000
111110111111000
111100111111000
111101111111000
111000111111000
111001111111000
110000111111000
110001111111000
000000111111000
000001111111000
001000111111000
distribution: P(0) = 0.968941	P(1) = 0.0310591	
transitions: T(0) = 48	T(1) = 1	
P(state): 0.0101643

State number: 50
10000011111100
10000111111100
11111011111100
11110011111100
11110111111100
11100011111100
11100111111100
11000011111100
11000111111100
00000011111100
00000111111100
00100011111100
100000011111100
100000111111100
111111011111100
111110011111100
111110111111100
111100011111100
111100111111100
111000011111100
111000111111100
110000011111100
110000111111100
000000011111100
000000111111100
000100011111100
011000011111100
distribution: P(0) = 0.985361	P(1) = 0.0146391	
transitions: T(0) = 49	T(1) = 1	
P(state): 0.0101951

State number: 51
10000001111110
10000011111110
11111101111110
11111001111110
11111011111110
11110001111110
11110011111110
11100001111110
11100011111110
11000001111110
11000011111110
00000001111110
00000011111110
00010001111110
01100001111110
100000001111110
100000011111110
111111101111110
111111001111110
111111011111110
111110001111110
111110011111110
111100001111110
111100011111110
111000001111110
111000011111110
110000001111110
110000011111110
000000001111110
000000011111110
000010001111110
001100001111110
011111001111110
011111011111110
distribution: P(0) = 0.995968	P(1) = 0.00403226	
transitions: T(0) = 50	T(1) = 1	
P(state): 0.0101848

