00100100110111000110000100011100110001110100111000110000011100010011100001100110011001001110001100110000100011001100110011111111101100100011011001100110001000001110011001100100110011100100100110010011000010100011101111100110110111110110001011000110011111001110000110001100111000110001110011000011001100111000110111111010111000010011011000110010010000
11011011001111110010001000011100001100101110001001100100101100111011011011010110001110000011001001100110001100111110010011101100000010001000110110001110011110011100011001110001000110110011011101100111000110000011100011001100000001100011100100100111111001101000011010001001110000100111000110011111110111001111000011000001101110001111001111000011011111
01110000100110011110110111101100111110011001010010000110111000011000001011001100011111101110110011110010011110001100100000011100111000101100100100001111000111001111111110011000000110001001110111000111100110110010001000110011111100111011001101101110000011111100110001110000110100001100111001100001100000111001110000111001100000110110100111110110011001
00011101100011000110011011101110011000100100111111110011001001101100000100011000001000110010011001110100000110110000110011101101100110111100100001100110110011001110000111001101100111110001101100000000011001110011001111101100111011000011100000100110110010001100001111100011111001101100110000001101100100011100100111110010111000101100011000000011011000
01001100001110000110001111111111011000000010011001100111100110000100000000000000011100011001110010011100100100001111100111100001001100011001100110011101111100100010000111010011000111011001011001111100111001101101110100011100011111110111010000110010010010011000001111001101100001001100001111000100110011110011001011011100111000000000110000011100011001
10110010000000001001101111111100110100111110100111001101111001000001110000000001101111111011011011001000000101100110001100100110001100110011111001001000100001101101100011110110011110001000001101100000011001111000110010011011001000000000001101111001110011011100001111011101001100000011001000111011000110000011001001110010011100100011001001100111111110
00110000001101000110011001000011001100110110000110011100110111110011101000110000110001001011000101111111100000011111000111001111000001100111111001000110010011101101001100011110011111111100011000001110001001110010001111110011110011100001001000001011111001000011000001100001100110011101000000011000011000000011111000000000011011100111010001110100011101
10001100011001101111000110011011101111000111110011001100011100010111011110001000011000000011100111000111101100011100000011111001101100110110010000000000110011000110111100110011110001110010011011000110000000001101111100011111001101100011100000100110110111100100110111100100010010110000001001111000111101110000110000111011000110010011101110010001001001
00100110011001100001001101101100011000110011011001100110011110110011000111111111101100110000001100100111011001100110111000010001100110000111001000000110000111000110001111100000111110000111000000110100110011001110011100110011001110011001100001001100100111011100111000011100111110001001001100001101111001110001110011010110010001100000110011000001100111
10001100110001110011000000111111110111010010000110110111011001110011111000110011111000110011001001100001110001100110011000011010010000001110000100110110000111010001111000110001111100011000111001110100010000111101001111011111111000001111100100011111001100000011011011100111100100011111111100001100001110010000010110111100000110001001111111110111100100
00011001111000000111100000110110011001100011001000011010000100101100111111000000110111001110001100001001000000110011000000111010111111100111101000001001000000111001100100000111111101111111001110010010011000110010011110000100110110011001111001001111111000001110011100111000001111001011001100110000111001110001100101110001100110001001111110001111111110
00001001100001111101000010001100110110011011001100011100111011001100010000000010010011101101101100011001100100100110011001111001011001000011101100000110111000011101100110000000011100010001001110011100100110111111001100111000110010001101111011010011010110001100100100100000110000011010011011111110011001100011100001110011001000010010001000011110011101
11011111100000011111001100011001110010000001001111111100110001001100100000110001101101100100111111110000110010110000001111001111100111110011011101100011000011001101100110001001110001111000000111110000000001100000110110000111011011001111100011110010000111111001100011100111011100110011001111000011101100110010011100011011001100100000111100111000011110
00011001111100111110001110110011000001110110111000110011100100001100001100100000000000110011111001100101100001111001101101100111000000000011011000100110011011000010101100111001100111101101100001100000101110001110011111100010111001110010001110001101101111100110100000110110000100101110011100110011100110100100101110001011111000011001100110110011101001
10010011001000100111000110011001111001111001001010111001000110011001001000110000010011111111111000001110000001011001111100000000100110000011101111011011101111101100000110010000000100001110011100101100110011011100111110011100001101000010001111100111011100110001110000111000110000001100101100101101011011111010001100000110001110001110000111001001111100
11111111100010000011000000001110011111110001111000111111001000011000000111000100010011100100111110111001011111100100011001001001111001111100111101001101101101100110010100111100111001100010011100011011011011001100110110011100001110000011000010001100100111111101100000011100000011100110011100110001000011100011011010000011000001111100010001101111111011
11011001001111000101100100111111011101001111000111110110010110100100001000111101100110010001110000100000011000101101100100100011000110111001101111111000010000000000100111011001001111001100100001110011001100100100001101110011100111111011110000001001001100000111011010001110011110010000001000001111100001100100110100100111101110010111000101110011111011
10001111001100100111001001101000011111000110110000011001111111111011011000011110010000110001101111111111101101000111011001001100011100001111100110011001101110110100100100000000111111111101100011000110001001110001110011000100010001111101100010011101110001100000111001001010001110111000011110000011000111111100010111101110001100001101110000111011011000
11100100111100010110111010011110011000011100011110000110011111111001101110111011001100110010011101110000110011001110010000011111110001110001001100110111001100000001100011110111111110001100110110010000110110110011000000100000110111001101110011100110000010011001110001000000000010000100111100110011011011011011111101111001101100110001101111011011111010
00011100011011110111010001100000111101001111000110100010010011000110100000000111001100110110110011000001110011000110011110000110011100110111100111001100100011000110001110000011101111001100110011000111100110011100111010000001111001110010100111111111001001001001010000111011111000111011111000100000010001111111011111001101100111001110010011000111111000
00110011101111100100010011001101000000111111111111000011111000111000010000000111110011111000110110100011111101001001101101100010000000110001000111110111101111001011011001000000001000011010001110000111000110111010000110110001111110011110011010110101100011100000110000110011110000011100011010000111000000011101100100100010011001110000010110011110011000
11011100100110110010010010000011011100011001001111110111001100110001100111000110001000111011001001100111001100000110011000001011111100000000110100111011011001010011000001001100100100110000110000111110010111111111100110110011100110000111000110111111111011000111000100100000000111100011001111111001110011100110000011100100111111101111001100100010111100
01111001110011000111011000010011100110000001110001001100100000110000111111001111001000110000110001100011000110001100110011001100110110110010011110010000010000010001101110001111111111110100100001100000100011001110010001110011110001000001000000000011110011100001100011000111101101111011111000110001000011101000100110011111111111110100001000100111000110
11001001001100110011011100011011000011001101100100111001101111000110011000000001101101100001101100100111001100010011011000001101100011110011100110011000111111000000110011010011010111100100110011001100011110011011000110011101011000110111110000110010110011100001101111001001001111100000110111110111001100110000001001101100111100100110001100000011101101
10001010001101001100111100011111000010111100110000100011001111100010011110011001001100111101111001110011010011110001000001100100111100000011111001110001111101100011001101100000100011000110110011011100011111100100111001001000110010000011100111101110001111100011111110001100000100111100011110000011000110011000111100110000000111110011111101110101110010
01001100100000100100001111101001110000001100010000100011110111000111100100010000111000001101100100000001110111010011100110010001100100100000100010011110111111111110111000111111010001001101100010010011111111000110110011001110000111100111100111100011110001101110011000100001101100111001011110000111001100011001100011100100110000110011110011111110011100
11000100110111011000011011110001110011111000011101001101100110010100001000010011100110011100110001110011100110000001011100000011001100111000111001111111001111111010000000011110000110000011001100111101110110001011110011011000001100000000011000111100111000011000111100100111100011001000100111110001100000011100000000110001000111100111001110011110101111
00001111101000001100110000110000101011101100001110011101110001000110010011100111111010011111100011011000000110110010110110000001000001100001011001111001001100001000110011110011011100110000000110110011100110011110011010011011010000011000100110110011100011001100011000011100011100011111100111110010001011101111000110110011001101000100111001100000101111
00000110000111111100111110000011000001110100100110111101100100110000001100110011011001100100101110011001001000011011000011111000001100011000001101110000110000111100111111110011011011001100100011011100000011100011001100001101100100011000110000000011111110110110011000100000100000111101100110000110010001101111111110001100110001100110011101111100100100
10110011001001110011011100001100111111100110011000011100111100001100011111001110000011011100011110000011000011111000100011011111111000100001001100111100110011000111001111110000000110011000100000011110001110011100011100100001100011000110111100111100110000111010010010011000110001001110011100110001111000000010001110100110100111101111100001101100111000
00111111100001100000011110000110001000111001110001101100001101100100011101110111000111101110000001100011001111100001100111100100001111111110011000000100010000110000010100011101100001111001001100011000001011001110000111011111100011011000100001011110011100011001111011011001100111001011011001101100001100001110110011100110000110011011001100101100011100
10011110001100000011111011100110001110000110000001110011100110001001100011001110100100100000011110001100110111001000110011110001000010011111111100110100001001100011001001100111111101101101101110000000110011100011111101000001101001110111100001001110011110011100110000011001100000000100000111100001100000011101111100010110110011100110001111001110110111
00111000111000001111000110000000100011110000100011001111111111111111001010110000000000110010001100011100010010111110011110000100000110001110011110001100110110011001100010000111100110011001100100110000011001111100011110001110110011001001101000100001001111110111101111000011001100000000011111100100011110011111100001111110010011000111001110011110001100
00000111001001100011000110011111001001100111111001100011001100101100100001100111110011110111001100011100001000001000011001100110011100110000010011110110000111101111011000110000010010001100000101111110010000110111001111111000001110000011011001100010111011001100011010001110110001111011001001000001110001111001101101111011110110011001110011000000011100
01110100011001001111110100011011100110010011000011110111111111010011111100000000000011001111011110000001110100111100101110000010110011100110011000111000110011000110011110110111001100100110110011110011010001101101101101111000000000001110010010011100111000000110011000110001110100110110101110111100111111111100110100010000011001110001111100001111011110
11110010011111000111110000010011011100110000000110001100011101100001000000011001001001101100011011001111010010011011001000111001100001111001100000001100110001100111000011000000011000010111111100001111000010011001100011001000111110011101110111011000011001001001100100100110001110001110011001111101111001001101000011001111001100110000110011000100110110
00001001111111101111100000011000011000011100100110011111111110111110000000000111010001000110011001000100011110110011000001111001101000110001100110001100110011011001001000111100011111000101110001111001110110000001100111000011000111001001001011000111100111111010011011011000000000001111001110000011110011011110001100110001000100110011100110111110001111
00010001110000011010011100010011000110101111000100110110000011000110100101110011100011100000100101100111111000111110011001011001101000001111111010000110111011011001000011001001000001111100100111000100000110001100111100011011101101000001101100000110110011001100110011011111000000011011001001100101100111100000100111000001100110111001111110001101111011
00010000111110000110000100111001100001111100111000001001011110011001001110011011100111100011010001100011011100010000011001100011011001000011100010111001001100110010001111110110110000100001110011000000001111100011000110010000000111000100111000001100110001110011101100010001001100110001111100100011100000110001101100110011100001110001111111100000100001
01111110110010000100000000011111001110001001111001001000011110011111001100010011001111100100111011000100001110001101000111101101100110011110001001101100111001111011011001000001101111101111111000001100001111110000000110110011000111000111111001111110011100000011000110001100000111000110111101101100110000110011000100010000011000000111001100110001101100
01100000001001110011000110011001100011001100100011010000111011111000001100100010000110001100001111111011110011001100011000110000111110001100011111111101101110001001001110011000010000000110110011011101100111011001100011100110000001001001001110010010111100110100100110000110100000110000110111001011011110011000100001001100110000111100100111011111100110
11111111110100001111000100011100001111001100010001100100110000110000110100110011110011111000011001100011110000011000111000001101001110011001000100000011010011011011000001101100011001100110001101100000100011001110000110011001001110100110110001100100110010001100011001011000000000001111110011011110111011001010010001100100001100001110000011001000111110
01100110001111001101110011000001100111111001101110110011100000110010011100000101001111000011001101101111111110111000000011000100100011000001000011101111111000011000000100010011100011000111000100111101110111001100001101001110011010001111100000111110100011100110110100001100011101100010011000111111000000000011001001100011111100100100100011111111110011
10000100110001000000011100011001111111000000110110001110011000011110111001000101100011101100110000000100100011111100110011001001000001110011111000011000001100011110111011100001101100001000011001100011000000110001100011000001111101100001100100111110011001000011001100010110110011111000110011000011001111111001111000001000000010011000001111111111100010
01000111111011000011011111110100011111000010000000010001011111100010011110101111000110011100010110100001101111111100001100000110110001001100110000110111110011001100111101000111000001111110000001011011000110011011100110010010011000100110000000111001110011110111000011100000100111001000111110011101111111100000111110010001101001111000111111101001101100
00011001111101111001110011101100011101100011000001111001001111000110001100010011100011100001111011001100010011111100110010011000001110000000011101100011001110011000110000110011000001100100011001001111111111100100001100011100111000000001110110011100111011000010001100001001100111101101100100001100001100011000001000000000111110111011111011100111111001
01110011000100110011101110001011001011001101110010011101100011110001100000111111100000111100110110011111100100110110001111001000111100110110000110011001001101110001101011011110011110011110001100001101101111001100111000011001101001100111001001100110010011011100110000001100000011001111001100100010011100111100000000001000011011111111000100110100110011
01111001111111001001000100111100001100001111001101101100000101111011111000110001001100011100101100110000011011011011100101110110011001100111100110001110001100111011000100110011001100001110011000110001111000111100000000010011000011111001000010011001100111011001000010010011001001001100010110000111010011110011001100011111111100100011010011100001111000
10000111111001111000110011001111101111000110111000000000100110000111111100111110111000001100110011001000100000000100010000011011100011111100111100110111100110001001100001100111101101101101001100110000000011001000111001101110000111001111111100011001011000000011111011001111000010010001100111101100111100111100110000011001111001100111011100011000100100
10001111100111101111100100010011000010011001110001000111100011001100111110011011010000110000011100010001111111110011110000110011000001000000000000011111111111100110000110100011101101110000100000010000001100011111111111111100111010000111001101110100000010001001000111110111011110000011010000000001001100110001111000001111111111111100111100110000011100
01101000010001000101100001110011001101110001110110011100011100111100010011000111000110010000001111111101110100110110000000001110111011011001100100111100011111000100010011011001101101101100100011000011111001011000100110011000011110000011110010111111001111100001111100110001110001011000001101100110010011001110011100111001111100111110111111111100001100
00000011000000011110011001000001100110011001111000111001100100000001100111110111110000110110110000110011100100111000001000101100000111101110011110000001110011001001101100010101111000110011011111100100011000001000111011011000111101100110100001100110111000010000111011111110011101100110000010001001100110011011110011100110011100100110000110000001110010
10111111000000111000100110001001111001001101111110011111110011000000111100110011000001111110010100110111111001100110010011000110011100110000100110011001110000001100011001110110010111100100110000011001000110010001001001110100011111100111100010011110011001100011110111111001100001100110000101001100011001011111111000011001100100111111110011100001101111
00010001111001011000000000001000011110001101110001000011011000011110010000000000000011100111011111111000111000000100001100100000000111011111100111111000100100110000001110010010001111111111011000000110000011000000100011111111111111001111100000001000100001001110110111100011110111001100001110110110000011110000011111001101100110001111100111001100011110
00000110011111111111101001100000001100110111001111000001100000111001111000100100011001100001111110011001001110010011000111100001111000110110010000100111000011000110100110000100000100001111111111111110001000011001100000001111001111011111000110000110001111101101000000110001111110111000111101100100110001110010000011001100100100011111000000111111100011
01100100000010001111100110011110001111110000111000011100110000111100000110110110001110011001000110101100101110000011010011001100111011100100011111111101100100000100111001111111111010011001000101101110110110000011011110011001011001000011100110110110011011011011110010000011100011101110111111100100100110011011111011000110100110011110010011001100010000
00011100001001111101111000000111101100000111001101100011001110111110000111000100100000011101111100010111110010000000110011110000000001110000110001111001111001100010010011111000000011100011001111001000001001001100111111100001001100011100000010010011111110100011100000110110011000011001000111011000000110110000100000111100111100110010011100011100100011
01100111011001100001000111111000000111110100011001101000000011110000010000101001101101111110011001001100110100110011011100111000110111100011010000000100111001001100000110001001100010001111110011100011110000001100011100111110011001111001101100111111011000010000000011001110111101100011001100001011101000111001111100011011001110110011001000100001111011
00100111110010010000000011111110111100100110100111000111100110011100010011000111110011101100011001001101100000110110011001000111110001111001001111111000001111111111000100011001100000110001001101100001100111110000011001100100000011001000110111100110000011001111000110011110001000001111100111001101100111011100111100011111000000011101100110011111111110
11011000011001111001100110001111011001111110100000110011100011000110001111001110110010111100000011100110110001100010001111011111101111111101110001100010011100000000001111111100111011111110011001110111111111110000110000000110010001111111110110001111000100111100110011001000000011011110001111000110010011000110111000011110011001100100010000001101110110
10000110011100001110111110001111001001101100000011000011100011100110001100111000010011011100111011000011110001101111001000100001011101001110011100011010110011011110001100111111110000111000011110001100000110010000101110100110111100110011001000001101110100111001100111100110010000111001111000010011000010001010010011110001100111001101100011101110111001
00100110110111100110010001111001100010110011100110001100011011100111110000011001100110011101111000111100010011001111001100011101100011000011111110010000000101101110110000000011000111000111000100001100110011001110000011100111000111001100100001000011001101101110100110000110000100110111001111110111000110000101100100111111000110110011100111011110011000
00000000000000011101111111110111001100110011110111111100010000000001000101110011111111000011000110011001100001100100000000001111111111100111111100011011101101110111001110011000010011001100000000010011100111111001001111000111111000001000011001101100110011111100000010001110011011000111100001100000100110011000110011001110110011111100001000111101000100
10011011001110000110110001110011001001100111100111000110000111110001011001100110010011000110010011101100000100111111101110001110001000110011000000110011001100011001100111011100110000100001001111100111110010000110001110001110111001100111001011001000001100110010011001100001111111001111001100110011000000100110100011000110000010010110011000111100111111
10011000111001000001111100010011100110000111110011100010110010010010111101111100000000001011001111000000000111101100111110001100111110010001101001111000110001101111100111000000000011010011000111111001111001111011000011101110110000110111010000110000010011100110011001100110001001100110010010011100100111111101100011001001000111100010111100011011000111
00111011000001001100110011111111000010011001111111000011001001100001111110111110010000111100110011011001100011100110011011110110011111011100000110011000110111001100001001001111001100100111100110010000111000011101100111110111101110001001000000111001111110110011000000110000001101110000111110000000010000110011000111011001001001100111110000111110110010
00111100111011001001111110001100000010011100011011011101100110011100011001110000111110011100011111000001100110110010001011011110100110100000011111001100110110000100000110010011110110011100000000001001101101110000000001100110011101000111111101110001100110011011001110000001111101100001110111110000111000001101100000001001001100101100111000111100011001
00110000111100110111011001111000010110001100011100100011111100011001110000100000001000110011110000111101111111000111000011001100111110110000110011110010010001111100000011010001110111110110010011111001100011100110011110110001110001100100010011111001100110111001000110011001100100110000111100100110000111001001100110000110110001110100110011001111110011
10000000111000001100011111000011100111111000100011000111001100011110011011001101110000111011000001100111111110011000001000001110001001100110011111001110010011110000110011100110000110000100110111110001110000000100010100110011111000110110110011011100000001111100011110000100010000000110111001110011001101101101111001100000100010011001101101111111110001
11111100110000111100000110001110011101100110100010100011101000011110110000011101110011110100011110000111001100111101100110001001000110000000000110011110011111100001000100110000011011001111001111100100001100110011100110111000110011011001101100110111111011011000100111100110000011101100111001100110011001100100011000000000001111001111001111001101111001
10010000000011001111111111001110011111100110110000110010000010000000100011111100110010110011011000110000011000000000010111110011111100110011100011000000000010011111001100101100110000111110010001100000100011110110001110110110110011000011110011010011000000000000011011001111100110001011110011100000101000010001000010010011001100100111111111101100011000
11101100000100110001111000010001111001011011010011000001000110001111110001100001111001110010011101111011000110110000011100100001100011111101110011001001111111100001100111000010001001001111110110011101100111100110100000000111000100110111110011100111111110011011111000000000001001100110001101100010011111110110000000110100011111111111010011100111100000
00110010001100110001110011011000100111100111110000000000111001100111101110110011001111100000010011000100111011000000000010111011110111110110110010110000011100111001100011100011100011111011000111001110010110110010010110010011000110011111111000110011001100111000001100011001100111110011110001001100010000000000001001100111111111111101111110111111110000
01101110000110010011000000001101001100111001100010000111001100001101001011001011110001100111001100111101110100000001000010001100001110011001100111011100001000001100110001100110001111111101101101100100100100011011110000011000011011001011000011111100010011001110011001101100100111110000110010110011100011000000011000011001101100111000111110011000011110
00011110000110110100110000011101000000100101100100110001001111111100001001100100110000011001000111110011001110011100010111000001100011110001100110011110011100110011011001110011001100000011001111111110011000110001111010011001110111000111101100010000010111011000011001100111001001111010011100110011100110110011000111001110000100111110001111110011011111
00100010001100011100111110011110011100001100110010011001011011100110011111100111001001100100011011110100111000111010000111100011100110011000011100000111010100011001101110011100000110011001111110110101001110000100011110111000000001001110111000111100110001101110011000100011001100110011011011001110011001001101100110001101000011111000111111110000000111
10010000001100111001110000011100110110001111001100001111000111100011001110011011001101100000101111101100111000001111001000100000111110000111001110010011001001101001100111100000011001000111001110011110000011001100111101111100001110010110000000100110110110000110010011000011011001100110010011001001000011000110111001100001100111011001100111110011100001
00111100011101100011001001000100111011101111110001110001100001110000011001101011100110111000110001101001110100111111100110000000010010010001110010011001110010011110111100110000111111110011111001100100011111100011001100110111010000110011110011110100111011001100000111001111100011011001101100011010000100011100010010011000110001100110110000111011001101
00111110011000011011001100101101110000111011001001100111000001001110001100101100100100001100011000000000111010010011111011011001011000110010001000110010011011011001011111011100001000001100011111111001100110101000110011110111001011110011001110110011111010001110011001010011011111000110001000110000001011000111011111001100110110010000110001110011011100
00001000001001111111110100110100011001111000011110011100010110110001101100000111110011001110001110001100111001111000000000000010011100100011110011100000010011001000110110001011100100110100011110010011001001000100011101100111000110000110011111000111001100110100100111111001100000110110001100011101110111000010010010010011001111100100110000111000110000
10011001110011000100000110011111111110011011000011001011000110010001100111100001111001100001110010001100110010001100100001111011110110101100000100001100111100110011111110111000011101100001100110011100010001100110001110001110011011001100010000010011001100001110001001100111111010000000000010001100111001110001100111010111000011110001000000011011001100
01110001110110001101100000011110000110011011110111001110001110000001111000101110011000111100000110001110001011000110011000001101001111100110110010011000011001100000111101100111110011011111001110001100111010100011100011001011100111100010011011111001001111001000011010011101111011100001000110000111011000011000110011001100011001011001110001100111100011
00101100001000110011011011011000011111001110000111111001000100010011000010011000000110011001111001100110011110010110111001100001001101100010001111000110010110001110001111110000001110110011001000110111110011000100001101110001101111011111001101100011001110011000100110000110001110001110000110100110011000010110001100001100110111111011011110000100000000
01100001100100011110000110001100010001111100001100101111001101001100110110011100110011010011001110110011000011001100111000111011111011000101011000100000000011001110110011011001110011011000011001111100011100011111001011100001001001011111000000001110000011110011110011100100011100010010001010011001110001001101000111100111111001100111100110001001110001
00110010011011001111100011001001101111100011110000100111100111011001000011001100111110000001111111100001111000011001001100111011110011110010000111111010000111101110110011001000000110011001001110001000011001111011111110010011100110011101100110011110001111100000110110011100001100011101001011000111000011110000111001100110111100110100001000101110001000
11011110011011011001011000111001000100100101110100010111111011001111100001111011110001100111000110101110001001100010011111111100011000000110010000110011011011000111100011100100110011000000111110001111100000110001110000111000110010011110110010011011110010000110001111000011110000110100000111100110001101100001000001100001101100011011110011011100110111
00010000111110110001110000111110010011011011111101100100110001100111100011001001101111000011100011001101101101100100000011110011111000111000111001000011001100100110000000111110011000110011000011011111111001100110001001111001100100110011011011100111001100010011100000000001110000001100100001000111011011110001110110001100000110011100110100110111000011
00011100011011001111000111101001100110011000111001100111110011101100110000110011100010011001100110000001110011101110000111011001101100110111100000110000001100111110011011110001011000111011110000000100111111100100000011001001111101111001101111000101100111100010011100001000110000111111001100001100000111111100010010111000001100001100110111110011011011
11000010000011100101101101100111000011001100110110110001100100101000111011110001111000110110111011101000100010000000100011001100110011110000100111001111001100111110110111110110001000000110011111001000011100011011100000100011001111001100101100010110011001001101100111110111111000000001101100111000011001100111001111000100110111001110111000110110011101
00111100001110011000011001111011001001100000110011000111000111011111100110100001110000011011001101111001100011100011001000001100111111100001100001100000111100011001111001100100100111100001111000000011001100110110001011001011100011001011001011001110010011111111101001101100100100010110000111101100001110000011101111010111100000001001100110011001110110
10100110011100110011011100011000001100001111001100001110001100011101111011101111000100111100001110110010001101101100111001111100100111100100011100011100011000001100011110011100111000001000001001100111110001110011011000110110011110011100011001101111100100111101000111110010001110011011000001100011000110001100000011001000011110111111001001110000011111
01101100110010000000111110001100011110110010011100001100001110000011001111100000011000011000011110000001100001001100010001110011000110001100100111011110011000111000001111000000110010010001110011100100011000110011000111000110000001101110111101100111100110011100010110000010001110000110000111110011110011100111100111111110000100110011000100001100111111
00001000011100111001100011110011010011001100111100001100100010011011001100110101100101000001101100010110000110011000011110100110010011001110010000110001110000000111001001101100110001001111001101100100111011100100111000001110100110010011001100001111110011111010000110010000110111001100000111100110011010000110111011000011101101100000110100100111000001
10000011100100001100010001100110110110001001000111000110001101111110000110001110010010111000000110011100111100001011100011100111011011011000110100011100000111100110000111001101100101110011001110111110001111101100110111000000011100001110011001100000011111011111000001100111010011000110011110011100110000111001100110011100011111000010110000011111111101
11001110111000111101100100110110011011001001001000111100011000000011001111001110001101110010001111111001101011011001110111000001111100001100000110110001001101111000011111001100110001000100111001110011100101111001000011000111111100011111100000011100011011001101000010011111100011111001111100111000011000110011001100001100100011100110111011001000011011
00001110111110001001100110010001101100011000011000110000100100011110001111001000111011001111111001101100001110000000000100111001110011001100100011001110000111000011011000111001100000100111110111001011100011110001110011000001111001101100111001001100110001101011111111010111011000010001111000110010001110001100100010011100011100110011001111111001100111
00111100000001000011001111011100111100100100110111000110000000111111001001100011001000000100111011101001110011001110100000101111000111101101000110011001111011101110001100000100010000001001101100011001111011001100111001011000000011001110001111100111011011011000110000111100010000111010001100011000111000100110110000100111111000011110010000111100000111
00000110110001001100011100000111000110011100110011011001111010011110000111110001000110000100010001111111001100110110011000011000100101110000001110001110011110011111001111000001111110011110010001111001001101111001111011110001101110000111100000111001100011001111111000111000100000000001101111011001110100110010011110111000110110001100110011101000011111
01110011001111111100110011000110011000011010001100110001111000111001111001101110110000000111100011101111011001100110011110000010001101110111100100000111100100011011000011110011001100100001101100000100100111100011101100001100110110001100011101011111011001100001111001000110011001101001000000101100011011111110000000000000000000111001111111011100110110
11010110010100110101100000011000000011110001001111101100000001110111110011100011001101111011100010001110001111100110111000011100101100110011000110010000110011001110101100001101110011111110011100010000110011111100110100001100111010011000000010010000011100110011001100110000011011000001001001100001001001100110001000111100000001100001110111110000110001
01000001100000111001100110000011001001100011100110011110001101100011110010011110011001011001011011000001001101011101111110001100110011110001110001000111111100011011110110000101101111100111000011100111001101111100001111001101100011000111000111100010010011011101100110010111100111100110011000001100100000111110000100110000000011001100111111100111000111
01110011110011000011110110010001100100111110111001001111100100110011000111100011001001110001001111111001100110110000000011100111110000000001000111100011000110000011111101111001100000100110001111011110011000010011110001100111000001000000110011101100110011100000110011011010000000000011111000001011001100110010011000100011001110100000100001111111110011
11010000110011111000110001111001101000001111100010001111001111100100001001100011011011110010011111001100100001101000011001100011101001101100111001110111011110010010011011111111100100010001111000110011110000011011101101111110000110011100000001110101111001001101110000001100111111000000011100110011000011101100111100111001001000010110011001100010001001
10011001111000110000111000110011111100110001000000011111011011111110001100111100011001001101000001011011100110100011001000011001100110010011101100011010000100111110000001100001101100101111001001110000100110011001011001111101100001111110000000111111011101000111110011100011011111001101110001100101101001001100110000100111000011110000001101100111011110
01101101111000011100100100110001100100000011001100001100110110110011100101110000111100000000110010110000110111000001100110011001100111111100100110011001111001000000011001001111110001110011010001111001111110011000010001011001100110110011000111001011001000111100110100100110011100000000011000110010110011000111101101100010010011110001111100110110100001
00011111111001110011010110011000110011001100000110011100011000001000110011110110110010110011100110010111100001110111011000010011001100011001001000100010011100010011001100011000010000110110010100100010011111000011111011011111001110000110110001101110110111101110110010000100110011100000111000110000110011010000010011001001110010001100100110001111100111
00011001111001011000110011001011110000110110010011110000011001110011000111111000001111100001101111001110010011001101111010011000111000100001100110110000110011001010110001100111000101111100010010000011011110011000001011000001110001101110000001000011001110111111101110111000000011000110011100100111000000100011001100001111001111001110011011111110011011
00100110010001000101100110010011011000111110110011111100100111110011001110010110000110000110011001110011110011001111111000010000100111100110110010011110011100011011001101100100000001111000011100010011001101100110001110010011011000101111110011110001100100111100110011001100000001100011110001011011001111000001111100111100010011101111000010011000001101
00100110111000100110000110110000111100010001000111111011110001100111101001101101000011110011111110100110001001100111100001100011000111011101111100001111000000000000011011100110000101000011000000111111101111000000000111001100001111001111000011110100110001111001100010001110001001001100111000010011001001110011100111001100010000000011100111111100110011
11111100011000110011001100110111000011100011100010110010110010001101110011100000011100011001111100010111000111011001111000011000110011100111111110000001101001100011001110011001111100101111011101100110011001110110001110001101101110111110000001100111110011000111001110000100111000011110010000100100110001110011100011000011111101100111100001001100000101
11000010110010000000100110111110001111100100110011111001100000000111001110001111011000000011000110011110001110001110111000000110010001110011001100110000111001110001100000111111110000111011011011011000110010000011110011000111000001001111100011100011110000011110010001101001111010000110011101111000110000110110110110011000110000000110001111111101101101
00101100111110011011001100011100011011100001001111000010011001111110111100011111001110000000001110011111000010010001111100001110110010001101100111001100111000110110011100011000011001110111111111010011110011001000000110011001000110111011001101111000011001000001101110011101110011111011100100111100111000001111000000100011001001101110111110011100001000
11001100011011100011000001100110000001100111001100101111100111111001110001001000111111000001100110011110000110000111011111011001001100000011000011001000001001000110111011001111110000110000100110110011000010001101111100010011111000011100110011111000101110011011111001110000001111100011101100100010110011000100000110011101001111001110001100001100011100
00001000110001101100111100011001100011000011001101001101100111011111101000011110001111000110011000001000001100110110011001100110001101001001111011001100111100111001101011010011110001001000111100011001000000001100110011011110011010000001111000111101100111110011100001001100100000000110001100000000111111111011000011100000111011100000111000100011000111
01000000011111001101101101101111100000111100111010010011110011101110001011001001100110110110110010011110001100011111001110110011011001000000001101100000011101111000111000111001111001110000000000000110001110111011100110000000001011000011000001000111110000111100110010011000100010010011100110110110000001100000101100110000111011110111000110000011001000
11000100111011001110011101110011001001001111110110011000111111101100111000001001101000110011011100111101100100001100101100011111001110001100110100110110011100011111100110100010000001100110111110110011000011000001110011010011110001110110011001100010011010111001111111100010001111000100100010001111000000011110000110011011011000011001001101100111111101
01001000001100011001001100001110111001110011001110001101100000000000111000111101110010010011001100011001100100011101111101100111011000111110000011001110001100110111111110110100010000000110001101101110011100010011001001100100110110110001111111001001000010001001100101111100100111100111000000111001110001110011001000011111000011011000110001100000100010
00001111110111010001111000001110111100111001110001100100011000101101110001100001011100110011100111001000010011000110000110100000110010001100111111011111100010010011110001111100110101100111111101110001001100000011100100110110110111110011000000011100100011001100000101100110000011001101100110110010011000011100001111000111101110011011011001001101101110
10000011000001101100110001000001111011111000111001100111001100101110010011011011000111110110001000110001110000011000011001001110011100011100100010011100011101100100101110001000111001101100110001001100111001100011110001100011100000000110000000111100100011001001111110011110010011111001000011111000000111111001101100000111101100001101100110011011110111
10011101110010011001111011101100001100110011110110111011100111011100110011001100010000110001111000111110000110110011001100111001110001001110011100000111011100001110110000101100111011001100111111000011001100111111110011111101100010011111100110011000000110011101101100000011100111110110001100110011100011001100011000001001100110001101100011110011110001
11100000100000111100100110011100111000110000111110001001100010001100111101110011011101000000011001111111101100001000111001000011000111101000111101110011110000000110110100001111100001111001000110000111011111100000110001111101110011001111100000001111000100110011001100011101110011101111100000110011001100110011110001100111111100111000111100111111110001
10000110011100100000110010011001111001100011111001100011001001001101100011000111000111100100110011001111100110110010011000110000100010111100001111000101100100100111001110011111000111000011000110000000001111001100000110011011100011001001100001001100111001110001100111001110000011001100011001000011000110001100011000111001000001111111001110011001111110
10011100011001100000011000011111001101100111000111111111100001001001100110011011001001110011100011000001111011001100011111101111001100010001110011110000000011000000111100110110000001101100100110001110000110011100111000111100011001110011101100111100110001100011100000001100110011000110011100110011001101011110010011010000001000011111111111110111001100
00001111110011101011111000010001010000111100000001111110011000011111000011100001001100111100110011101011111100100011010110111001000111001001110011000111000101110011000111111000011001101100000011001100111001011000000101100110000000100000111110011100011010001100110001101101011001101100010001110001101101111110000011001100001110011111000001110001110100
10110111000110100010011001100001101101100011101001000111000110011111001001100001100110011111111011100001101110001111101100011000011011110011001000110100111100011001100011001001100000110001111000111111000011110000011101011101001111111001110010111001001100100111100100100110101110110011100011101100100011101001100000011000100100110001100101101110111100
11100000001001111011110110001100100000110010011100000111011001111011111100011000111101001001100011000011100000000011001111100001111001100001110001110001100110011101111000111000100110100110011001101111000011001100110000000111001110001111111010011010011001110011100110000000000100011011100111110011001110001111101110110001111110000000000111000000110011
00000010000110000111001101100111100100011010011000111111001110100011010110000100100101111011011100011000111111011010011000110000111100111110011111001100011011100000001111001100110011011000110101110001101101110011001111010000100100111000010001110000110000111100110100110011101101000111110001001011000000010111110001111100111001100111000010011000100110
11000001110011001111110011111100000001100100010000110000111000110011011111010011100111100111000110000000011111101001111001110011101100100110001100001110000011111100111100000011111010001011011011000110001000111110011100010011111100110100100001111101110000110010000011001100011000110010110011100111011001100001101100001110001101101100111000011101110000
00100011100100011011111111110110011100011001001110011000111011101100000111110000110001100000011000111111001110000110010000000111001111001101111111100110000100110011000111110111111001000110001100010011110000011100011001011110011011000111000100100110110000011100110111000110110010110100100000011101110111110001101111100110011100110011100000000011111011
01111100010011001101111101001110011000001100011100011011100110011101100100110011011000001110000001101101100100110110001110110001100011101101110011111001110110111001001100111001100001110001111111001110000011010000110000000011000111000111001100100011101111000111000100001110011110011010000011011110011011001111100111100010000110110011100000000110001100
01111111100001001000110010110000010000011110110001111000100100110010001111000001001100101111101110110100110000011001111011001111100010110011111100100110000000100010111001111001100110110110011001100001111000110011101101100011111011000001101110011100001111111001000001001100011100110011001011001110010010011110000011001111110000010011000100110111110011
10001101100100011100100100000001011100110010000011110110001100100011001111111100111001111001100011000011100110001100100110111110011000100001000010001111000111010010011011000001110000011101001100011011110011111100001001100011100111100011001100111100110000100000011000011100011001110100110000010010001110111110001000110000000101110011110110011000000000
01110010010010110001111100101110000000101110111011000100011000111101101100111100011110001100111100011100101001000111011011001100111100111100111000100001001000011100100111100111110011001001001100011000110010011000101001111001000010010010010011010011000011000110011001100110011111000100110110000000011001111100110011111000111110001100011101100011000110
00111001111001001011100011100001001001001001001100101101110011100100110000010011001110110110110000111000001110001111000100000011010011001001111111001111001000100000110001001001111111110000000011110011001100111001001011100110011111001100111000111001111100110110011000001100100000011101111110110001000001100110000011001101111001101110111110001110010011
00110000000110010011100110110111101100111001011011000110010011001111100100011011111000111100000010111111011110111011110011000100001000000000000101110010011001111101101111110011000001111101111100111001100110001001100011111100111000000111001101110011000100111010101110011101000100111000110111001001110011011111000011001100110000111001001100111101111100
01110001100011000001100001111101111110110110001110000000100000001111111100111001111000110001011001001100000111011001100011100010010100110011011111100110111101111001111000011001100000011111010001000000011011001111011001100101100110100111000100111000001000011100001111011111100100110000010011000001100100111111111101100001000110011000001111011001001111
01100110011110010110100011001110111111000011000100001100000011111110010011011100100110000011000100000110100111110011000110011111000100011000100110010110001110110110010010011100111100011110000110000011111001110000001100111001110000111100100100110000111111000111001110011000011001111111000010110011000011110011110101101111001100100000111010110011010111
00000110000111111001100110001100111110100011110000111110000001001100111001111000010011111000011001101111001100001100110110000110001100100111101110001101101110000100011001111111111000011000011001100001100011101100111100111001101001110110100011110011100100111011001110011111100010011101100011000011100110011000100111001100111000111001011000111000111111
11110111001100001100001100110001011111110011101100101100011100100111100110000011100111111001100101111011000100011101100000110100110010001101110110001110000111101100011111001100000100111111101110010111001001101100111110111011100000110111111001110000001100011111111100111001100111011100001100110001100001001100111100001100110011100000011111101111100011
10010000000011100111011111101101100110111111000001010000000000111111011101110111100001101100011011011000000010000000101111100111001100110100110001001110010011100100110010011100100010110110011111101100001110000110000011000110100111111100010110010011000010011110011110111100001100100111111001100100000110110010000010010010010011101100011100110011100100
00000111110001101111001001110001111000110110001100111100000111011111111000000011010011101100100010001100111011100000110000110000100111111111111101110010000001100110110110000110001111000100111111100110110111100000001100011110001110011001011011101101001100000000011110010001110010001000000110111110011011000111000111100010001101001111001101111001100110
00111111101110011111001011001001110001011000010011111011101100010110111011000011100111100011001100000110000000011100111111100110011000111101100000011001010011100001111000111000111100110010011100011000010011100110001111100001001100011001110000111011101101000001100100101110011011100110000001110000011110010000111111111111000011001110000110011111100001
11011011011100100011100110011100011001101011100011111010001111000110011100111111110000000000110011111101000110001000011110111011001100110001110011110001111110110000110011000110100110001110011001111001000111110111000000101100100110011111000111110000000001110011111100011000001001100011010001100111000100100110001111001000110000001111001000100111000011
11100111101101000110110110110001100100110001000111100111110011011110011000000100000000011100110011011110011001010011110000100111101110000110001100000010011001011100011110111000011001100110011110011001110000001111001101100111011111111001001110011011100100110011001100111000001101111111000011101100100000011011001101110011100011111001111100111110000111
11000000110010111100001100111111111001111001101111110110011000111011001011000011001110110011000110110011001100000110011000011101101100011011000001100000011011111011011001101001111100011001001011110000000000111100110001000100111110010110111011011001110111101111100000010010000110010110110000111101100111011001110011011100111100000100110100001001101111
10110101100110011110110011011000110001001100000011000100001111001110010000111001101110000111110000111100010011101100101100011001011001011000000100111001111100011001110111001011001111001000001111111011001100111001111100110000110010111001110011000100010010001100000000111110011100001110100100000000110000001100001100000111111011000001100010011011001011
00001100101001110110010000011000111101111001100001111011110000110010110000101001101001100111011100110011100010110110011000110000000111011110000110010011000011001110110001000000011111100110101110000011111001001001000001100111100110100101111100110001110100110000111111100001101111001110000110110011110111110001110011001000011001000000011100011111000111
01100110011000100011100110100011001001110000001111110110011001111000011100111000001100111000011000110110011010000000111100011010011100001000110011011111101101100011100110001100001111011000100110011000101110000000000000011001111110111111111100111101100010000011011000000010001100101110011011100111001100110000100100001101110001110000110011010111011001
10000100111101100110011001000110010011100110010011011000011000100110110000110111100100110011100000110010000011100011100101101100110000011000000011001100011100111011000111110001110010011000001111111110011000001100111110011011100110111110011000110011100101101111100100010111110000110011100001101100000100100100011000110011111000000000011101001111111011
11000001100110001001000011011100011100001101110111100101110000110011111110011110000100100001100001100111011111001111110011110011000000010000001000111111110111110010010011110001110010011011000000110000000001111111101111100100011011001011100001100010011110011000111100101111001100110001001110011010100110011000011011111110111001111100010000100100110110
00001100110011001110001111001001101000001111110110001110001111011100011011011100111001111000011001100111110011100100001100000110011111101001111011001001100110011110001001001001001111001110000110110001100100100111111111000110011011010011110001011000001000110111110010110010000001001100111001100100100110011110001001100001000011000100110111011000110100
01100011000010000001100110110011011100000111101110011100111110100100110000011001001100110001011111100111100111001111111011000010011000111111101100001110110010000111110010000011100000101100010111011000001110001110100000011011011000001000111101100110010111000001001001011001001110111100000100111001100011100001100010010010110011111000011110011000001000
11111001100110011001000100110100011000011001101000011000110110010011011000011100001111111100011111011100110011000110110011001111100000110011011111110110000000000111100111000100111000011001011001111100001000110110011000110000110111010000111111000001100111101100011000110010011011100100011100110111110000111000111111100010000100110100111101110011111001
00110000100111011101001001110011000011000110000001100110011111011000110111001000100111110000010011000100010100100000011101111110000011100110010100001000110000001100111011100110011011011011111111000011000010001111110010110110011111001101100000000100111100111001101100110110000000100011100100000000011101111110001100011111100110000010010010011011111001
10000100110011111000010110111100001110010000010000011010110110011001100011111100111010010011010001000010011111000110111100010001111001011100001111100001111111111100011111100110011100010001110011101100110010001100011001110000100000111101111100110111100011010011100100111100111100111110000001111000010000111000011101000001111001011101111001100001111001
11000110111111100011100000100010010111000001110000011100100011100011011100000110110111000011111100011000100000110000100110111101101000110010100011100101100011000000111100110110110001111000100100110011001001110000011001111000110110000110011111110000110011001111001100111001100111001001000111011001001000111001100110110011100001001101110011000001111000
00011110011001100110001110001111000011100110110001111100000111110011000011001100111110001100001100111000001111000110010000110001110011011001000001111100111000110000111011100011001101100110111011001101100011000000011110011100111111101001100111001100000001111100110000011010011111000111100011110001111001011101110001100001100011011101001000111100011100
01100111000001100110111001101000110011011110011001100011111011111001000011010010111001001110000111110001101111110000011100001100110011110001001100100111110011001011001110011000001100110001110000001111110111101100111000011001011011001110011001100110001100000111001111110000110100110000100011111111100110100110001111111100100111001100111000110110011111
10001100111000111001100110110011001111010000010111011001101000100111000010011001100000110110001101100111001101100110010011001111001100011001110110000001110001100011001101111001100110111110000110011010001001111000011101100110011001100011001100001111100100110010011110011000000110000110011011001100111001111000100001000110001100111001111001100010001111
11000110001001001001100011001101110000110000101000111001011110011101100100111111001100011000111111100111010001111100110010000010011101101110011011000000000111011110011000101111011000111011011111001100111111001110011101000100011100110001101111011001100110011000010110110001100010001100100011100011001110000100011011100111111011001100110011000110011111
00000110000011011011001010001001100110000100010010011100110111000000100000110011001100110110100111110011000110000100110011100111011001100110100010000011100111011111100111000000001100110110001100111001001001000001100100111111011111011100111001111101101000110011000100100111001101000110000011001110001000011110000111111100100001101100110001100011100001
11000110100110110111001000001100111000000111100001111101001100111110000110011111001111001100110011110010011011000010011011001100000111111011000001111011001111110010000011000111110111100001000111000100110011100011000001100011011000110111100100000000000110000000111000100010010111000001110010011011001110001100100010000110011001001111100010001111000111
01000111001001111000111000100110011001001011000011001011110011110010000011100111111000110011110010110001101111001101001100000000110011001110101111100111000100011001110001100110110011000000110110000111001001100110010011011001100100011000010010011011100110000001111111111000011000011011001101001001110011001100100000110011001110011001110111101111001001
00011011001111001100011100100011110111100111000110000111011100001110111000110000110100110111100111110001110011001101101100011000110011011001100000111001111100110001101100010011010011111100101110100110011000111000111010011111001100110000111001100111100001100011110001110011001111000110011001111100111000100110001111001000011000011100010011001101101001
11100110110111010010000111001110111001101110101100011100110100101101101111100000000010000011001111011001101111100001001000011011000110011001100101110100000010001110001100110011001001111100101111101100111000111110011110001110001110011000011000100110001111100110000010010001111000010001100100111100000100000111111011000000111001001100011111001100101111
11000110010001000111100011011001111100100011001100000011001001011000011100000000111100100111100110001111001111111000001100111100110001100000111000110000001110000100001111111011000001001110011100101110101100011100001111000101111000000011011110010001110001001110010100000011100001001111100010011001101111100110010010000000001100011101100011001111011101
10101100011001010001111011000110010001100101100111110001110011010100111100100100011100011011100110100111100111000001110111001100111000000011111001111110010011111001100000001100100110111001001110010001111001100010010011100001110001110011001010011000110010001000011000110111111001001000001001110010001000100111000010000000010010011011101111001100010011
00100011100001100000111000100011100110111101100000011110111110010010000001000100110111111111001111100010011011001100100000001110111110011011000001100001111100001100000011000111011011110100011100001001100011010000110011000100111110110001111001101111011100011011000111100110011001110001000011000000110111000000100001100110111011011000010000111000001111
11011001111000011001100010011100010110000001110000110111000001111100011111001100011001111001111001000000101001001111001100111000001101111100011000110111001100111000001001100110011111000010110001000000011100110000111100111000111100111111001101000011100000111100011110000100110110100111110011100010010110000011000011001110100111110000011000111100011001
11110010110001000111000100011001001101111000110100010001100100100110011111001111011110111001000011100000111100000000010010011111000110011100011100001100011111111100110000110000110111011111101100010000011100100100000101001111101101111111001000111011101001001101000111001100110010010100110110011101101101001110000100011011100011111100011101100011011101
00111110000000000000100000110001111001000110001101100110001101001111100110111100110010000111101111001001100001001001111100010011011000101100101100100110100111100110011110001001100111100000011100111111100011011111001100001101100000001110000110011100111001000001100011011001100111100111100000010001100010001000110000010001101001101101110001110011000011
00111001110000111100000011001101100011000001111101001100111011010011001001101100111100111110010001001100000111001100111110011111100011010000011000010001001111100110111100011100001001111100110110000110011100001111111111011000111000010110110010000011001000011100110001110011000010000111110000011111001101110001100110110011111011100011000011100110010011
00100011000011100110010011001001100100011001100010010011100110001111100011000011100110011000001111001011000001111110011011100011100110000100110011011001001111101111100110000010000000110110111101111110110011100111000111000110000001111001110100110001100100111001110000110011000001000110011000110000011011000100110000010010000111000111100011100110011010
10000011101011001100011111110001110001101100110011111111011101100010001001011110010110010010010001110111100001111001100000100011000100100011100110011101111110111001101100000100110011000111111001001100110000110110110001100000110001111001100100111101100011000110011000010010111111110100100111011101100110001000100101110000111111111001111000110000111001
10010111000100100000011011001001110011100001111001100110010000011000000110011101001100011001000100110011110100110011010000011000110011111101110110100000010000001110000110011011011110011011000001100000110001111000111100010001100111100100110000110001100000110010001100000100111111101100110010011000000000011100001001100011100111011110111111110010011000
11000011001110001110110110110110000011110010011000110000010001110110010011101110001100011100011111110100100110111100100011111001111000100111101100011100000011100111001100001110110011110111001001000001001111100011111000000100000000100011100011110111001001100110110110110000011001111100111001001111111000011100000000110001111000011000110001100001100101
00001100010110010010011000100011100011111110000111000111001110011001000000110110000000110000101100111101110110001111100110000001100100000110111001111000011011001110111000011100110001101100001111111100100001110000110110001100110010010011100000111111101111011001000110001110011000111000000011001011000011111001001110010100011110000010000011111001111001
01101100011011000000111001111000010011000011110000110110000110011100111101100100110110011100111001110011001100001110010001100110010111010011001001000000110011001100110100011100001100011001101001100100010011001110110011111001100010111100101100001111100100100111001111001001101110110110000001101110011000000000001101101111110000010110011001100110001111
00110010000000111111100101110001000111111100011000000011001100110011011001111000011000011111111001001100100000011100111000111101110111110011001100011100111000010000111010011111000111001100001111000110111001100000110000110011111000011100111000111101101100011100011000001010011001001101100110100111110001111010001100110000001100001100001111011110011000
01100011101100001100100011001100011100110000110011111111101101100111101111001000110000010011000011000110000011101110011101100111001111111100100000010000111100110110010000111001100001110111001001000100000001100111111001001100011111001100110011001111001100001110010001001100010001111111001100010001110111001100000011110110000000110111110011100011101101
10001111001110011001000101110111000011110111001100010010011100111000110110001001001111001011100011100110110011110001001001101110010000011010110011110001110000011000110001100010000111101001100011001100010011110110111100000111110011100001100110010001000011111111001110000000000110000100111100010001111101100111000000100001110011001110011100011111011011
01000001000011001000110111100110011001111011000001100111001110010011001000110011100111101100111110000110000110110011101110110000010011011110000011001111100011001000101111110000000111000111011001111100010011000110011000011100001110001111100000100001100011101111101011100001100110011001001100110100110000111111000100001001111100111001101101101100100100
11100110111001110010001000011111000011001001010011110011100000011111101111001001110010011000001111000011100100111000011110110011011111000001111111001001100100001101111011100001000011001001100100011001111100011001110010011011000111100011111011001001100011101100100001101001001111011001111000011110111100100111100000011111001110000001001110011001110001
00101111100100000111111101100111000000000111000101111101001110000011000100111110111100000011100101110011000001000011001000001011001111111110111000100100001101100011011111001110000000100111100001000001100110011000100110110000110011000001110010011100000011111111100100000001100000111001001101100110100110110001000001111111011111000011000010011100110011
11100101111001110001100000110001001110010011111100110110010011111001100111010000011001100111011010011000001101100011001001110001100010111101110000001100111100110111011011000100010011001100011111111011001001111100010110000111000100011001111001100100111000011110110011100011111110100110110000001000011100110110001101111001110111011110000100011101100000
00100110000001111100010001110111011100110110011111001100011100100011110011001110111000111101100111110100111010011110000111100110001100000000011000011001100110001110111100111101101101100100111001100111110001111110010010010000001111000111110000001100001111001101111011001000000100000001111100000111110110011111110000110001011110000011111001011001100110
01001111110000011010000111000001110011011001100110001001100000011010001111110011011100001000111001101101111110011100011001100001110110000100011100110110011000111001110000000110100101100101110011000000011000111001101100011100111111000110110000111111001101000001000000110011101110010000110001110000101110001101100001111100101110000011110011110000110110
11001110011001100100111110011011111101110011100111111000011001011011101000000110000111000011100100110011001100110110001110001100100011110001110011101110000011000111000111100111110011000000110000111000110001100001101111110000110111100100101100111100011001001001011011011000000110111111111001011100110000000001100001100100000000001101110011111110111100
10011111011110110001001111000000001111100111101001101000001101100011100011110011001111001111100111001001000011001001000100100111000100111101101000111001101111110011100000000111001111001110110000000100011011111111100111001000001001000111100011100011111110011110011111100110110010000001110000011110000011001000111001101111110000101000110011011001111011
10001100110100110010000011110011100100011011100011011100011011001111001001111100010111000011000011011110111011001000011101111001000001111111001100011000010110011100110010110001100011111110001110001111110011001101001100000000001001110110010011001100001111001111111001000100100010001001100010011000011000011111111011110100101011011011100011001111001100
00111000000100100110011100110001111000111100110111111001100101100100011000011001000001111100001110100000110001101110111011100100011001100110001100011100110011100011001001110011011110000000010011100110011100001100011011000110000001100111110001100011101100011001000100110011100110011111010001100000001101000111001111001100010001100011100001100111001111
00011011001011011111100011001101100100001001111111001110011000100110100100111001101000110011001100111011111011010000011110111110001000100011111100100000001101111000001000001100011100100011111000010001100111000111000110000111111011111001100000111001100110111011011000110110000000000110000110110001100111001101110001100110011001110011110011110000000101
00000011000010001000100111000001100011110000110000001000100111100111000111001100000110011100010011111001011001111100011000111001001110111011001101111000100010000011001100011011100100111000001100110011001100100110011001001100001101100100110010001111001111101000001100001100110001101111110010011100000100011111001100110010011111110000100010110010010011
11001101110010011001001100111001101110000011000000000000110011001111111100111001101101100111001100110000100111100000011001111001001011100011001100110000110011000111101100111100111110010001000011000011000011001111101100011100001100010011001110010010110110111000110010110010000000100011000110010010001111001101100011001100100011100110010001110011110001
01100110111000000011100110010001110110011110000111011100111000110011001110010000001101100000110011001111001100010110000001111100011001110011100111010011001101101100010111001100110011001101101111110010011011110110000100011001111110010011000110011010001110111100101100110001001000001100111111111100100011000001100001001110000000000110001110001100011111
11000010000010011000001111000011011110001101111000011100001100001100001110001011000000111100011100011001100010011101100011111111111000111100100111100010001110001000110110001110011011001110101110001100110011001001110011011101110110010100011000111100111110001110000011011111110001100000100110001000110011100011101111001101100000110011100100100110111111
11100100001100100111111100110010001000011100111001111110000010111011000011110000000110011000000111000111110110110011100100110000001100000011000110011111001101101111000110011111100011001100011100001110000011010011001000011000111101001111101001110000001001100110111100110000011010111000110000000001101001000100011111011000010011111110100011100100011011
01111100001110100100110011110000110011000001111100111001110011100111110000000100111001110000000011111100110010000000001100100110000011111110010011000001111001100011100011110100111111001101100110100010111100011000000111001110000111001101110100000000011111100110011100001100010011110001110000011110010011100011000000001000101110011100111101100101110001
00111111001101000000110001100111100011001111000111100011001100110001101110000100110001111100100011001001100110011111110011010001001111100111011001111001100110001100111001000011001001111001000000100011001001101111110011000110001000110011101000111110001100110010001001001100110001000111111000010010010100110000111001111000011001001011000011100110001100
00111000010011011000000000000001100001111001110011001101101001011100000001111110011110111011000010001101111111100000011110010011000100111011100001100011101100001100111110011001001011001111111110011011000111110001110000011011000111110001010011100100111001000011000110110011000100110000100110000000111111110100001101100111100111011001100110010001111110
01100011001100011011001111110001110000000100110011101110000011001101111100100111100000110001110011100001000011100000100001110000111111000110011101111000011111011001111110011100010111000001000110011010000000110011110110111001000111100100001000110110011100100111100111100100010001110100001000011001000110100111001100100110110011100010000011000110011100
01100000111001100100011000100110000111111011011001100011000011001101101111100110011011110000011000111001111101111011100011001110001110001100110011110001111000100100111001110111111000011011000110110111001101111100010011000000011100110110010011011110000110001101110001100101001111001111001110000000111101110000000000001000101110101110000110010111001110
11000001001011100111011111001100111011110001001110000010011000001100001111000011001000110000011100110001111011000111001110001100001001100010001100011001111101110011000000001000111100001001110100011001110000000001001111001111100011001110000011111000011000110011111100101110011001111011000110001111111000010000010111111101100100110010011011100010001111
00100011000100111100111111000110011100011100001110011000110011001111100001111001000110000110011101110000000000111011111111111111001110000010011100111001111011100000000001110100111111001100000000001100100110111100111111000100110011011000010000011110001100111110101001000110011100011001000101100101100000011100011111101111100100000100011000110001000011
00001100000111101111101111100001100011100000111110010011110011110001100110001110011110111111000000000111001101111110001100111000001100000100110000011101111111000011001100110011111100100100000110001111000011100101111101111000011001101110000011001100101100111100011001100011000110000100011001111000111001111111110011110000110000111001000111100000110011
01100111000010011110010010011100100100110001011100011010011001110001100001001111001101000011001101100100111110011110001011000110111000110001100111011011011111000110011110010001100110000011111000011100011111111000110000111001111001001010000000000011001100111101001100100111001001111100000011101100100100100111000111001001100000011100110011110001111000
00000100110001100010111111100110111000001111001001100100000011001001111000111110011100110000100000011100000011001100110011111000011100010011111110011100100000011111100110000100110000011011000111001111011100010000100111110001000110110011011001111000110000101001100000000000111011011111011001001100110111100110011100000000010000011110011000001111101111
00001110000000001000100110000100010011000110011100000111001111110010010011111000110011100111001100111001100101111001111001000100100010011001110011100110100110100110011000011100011000110111111000100011111110010001111011000011000000001111100001001000110001100100110011111111011111000111111011110010001100100011111010011101100110010011110110010000111110
10001100011001000001011011100011001110000011110000000110010111100111001110011000111100000110110110111001110011110010001101100010010110001101111101101000110011000010011011100110110001110000001101101100110010011110011111000111100111100000111001011000111000001100110100100011001111011111110100000111101111000001100010011000110011110001000001100100001000
10110010000011110001100010000000000110110010000011110011110011110000110000000110000001111011011000100111111110011100010110000001011010011001000111110110111110110011001001011000100100111110110000111101001011011011001101100010000101110111000010001100110110110011110001100001101111001111001111001001110011001111011011000010011000111110011000001100001001
00110111101100111110000100110011110000000100001100100011001001111110010010011100110001101101001100110001000011000011001001001100011101111011100011100000011111000111011011011000001100001111100100111100011111100001110110001110111111100111110001100001100011001000100100111110010000011001100011001001111000011000100001100110011111110011110110001001100001
11000110000010011000110011110011110100010000011110011100010010010001111111101100100001101100110011001000011000110011101100011011010011100111110000011111111100011001001001110110000000100000001100110110110001111100110100100000000001000001110011111101100011111001110001000000101111110000110010000111111110000001111100000011001100000011100010011101100111
10010010011001111110000001100111000100011111101101111001000110110001110111110011001110001110001101000100011110000111100001111100110010010011101111011100111001100011111000000111001110011000110000111100110000110000001110011110110010000011000000110011001100011101100111000000101110010011001101110000010011100100010000111111100110011001001000011111001100
