10001111110010011000000110000011011001100111011011100100111100001001100011110100011100010011011001111000001100000011100000111000111101100110011000001110000011011000111111100000100110110000001110000111110000101100001101100111100110011111000111000001110000110110011011011100111100001011110001100000100100000011110010111110001100100011100000111100000111
10000111110110010100100111000111111100110100010011100000111100001101100110001100111100000111000001101110001111000011011000111110000111001101110001001110000011001000110000100100000101100011011111000011110001001100011001000001110001011111001110001111111000001111100111100000011110000111000011101100011111000011000001110010100111100111111000001110011111
00110011010010011111001111100110011100001110010011110000011110001110010000111100011110111111110000111000011111001100111001001111000000110111111110000111001101111000011110000111100000011100001111110011100010010000110111000001111100011011000011110001101100001111001001110000011100100110000010111100000111000000110000111001110000000100101000111110001100
11001101111001011110000110110011101100111111100111110011100110000111110000111000001100110111011000011100110111000011101100001111100111110000111100001110000000111000011111000011100000111000111011000000011100011100100111100010110011001101001001001000111110000100100010111001001110000011111000111100100110000100111000110110010011100000011100011111100011
11000001111100000110000111110001111000011111011011011000011110000011100011100000101111000011111001101100000110110001100010001111001111110001001100001011100001100110001110011001001101110100000001100111011001110011000100110000111000011111100011110000110011001001110000110010010011000011010010110000111111100010110010011110000000110011111100000110000011
11100010011001001111011001110000111100111111100011111000011100000001111011011000100111110011111000001111000111110000110011001111100110011000001110001001100001111000001011011011111000011000001111000110111001011100001111110010011110000111101000111111001100000110110011001010001001000111001100001100000111110001110000001101101100100000111011000111110001
11000011011100011100110011110000001110011110000001111100000111000101110000111100110111000001111100010011001001110001100001001111000000111000111111000011100000101100111000000101111000111111000011000001101100001111000011110000011100001111100000111001011111000001110110011100001111001001110001111100000000010001110100000100001111000001011100000111110001
00010000011100010110100011111110011100001111000000011100010011100111110110011111001001100001111101100111100111011010011100011110011111110001001001000111100110011000000110100000111100001111000011110000011100010101110011111100011100011100110000111101001111100110011000011110000111100000111100001110000011100000111110000110001001110010111111000011110000
11110001100110010011000011110000011011100011100000011111000110110011101100011100110011100001100100000110000011100000011100000011100101100110001101110001100001110010001111100001111100001110010000110011000110000110011001111000011111000011110011000110001111000111011111001101100111010000011000001110001111000000111110000001100000111001111110000011110000
11101110011100001111110000011000001111100011110011001100111100100001100011001110000011110001110010001111001001110000011110000110110000111011001101000011011000111001000010110011111000101100000011111000110110001111100011111111001110000011111000111100001111000011011110011111100111100011010010001100000011111000011110000111000001001011001111000111100000
00111110001100000111100000101100100111100111110000111000000111110001111100100111101111110000011110000101100001110000011011000111011111011011000100000011110001001110000011000101111110001111100011111000111110001111110010110000001100110011110010011110100011100000110000001110000011110010011110001100110001111101001111000001100001101100111111000011111100
00011110000111001111100010000010000110110001111000111100010000110000011100001100100001111101001110000011110000111000001100000001111000011110000110010011110000011111000011100100011110000111100011101100001111001111111100111000001110100001111000011111001001100000110110001101000011001100001111001111110001111100001111000011111000010000000110011111101100
01111100000111100001111111001110010111110010011100111111000011000000111110000111110001111000011111001001111000011100110111100011111100111111000110001100110110000110011001111100111011011011110111100110001101100001111000111110001101110001111101001111000111100000011111000111000101110010001111000111100110001100001111001111000010001110011111111100101100
00111100010011110011111000001110000011110000011110001110000010110000001111000011111000111110000111000001111001110011111011100101100000001111110011111000011011000100110001111000011111000011000000110110001111100011001100011111000110110010001100000110110001110000111100000000110010011011001111100011011000011100001111100011110000001111100111100000011110
00011000000110110110111100011111100100011001001110001010010000110100001111000011010111111110011011100000111000011110010011110000111000110011100101110000111110000000010000011000101101100001101100011110000110010010010010001110000001001000011111100111110000111000001111000010110000011110011000000011111101100110011001100100111100100111100011111001111000
10011111000011000011100001100111100111110001111110010011100001001000000110000010011000101110001110100100111100100110100011111000011111100111000011110100011110001011101000111101101101100011111001011110001111000000110010000110100011110000000110001111100001111011110110010001110000111000011111001100101100011110000011100000110111001101100001111000111011
00011111000011000000111001011111111011001000011111100110010110100001001100001110111000111100001001100001111000000111000011100011111111001111110001111001001100000011101000111100111110000011011000111110000011100001111000001111000111111000011100000111110001101100111110001001100100011100000000110011100000011111000111110001111110001101100011111001101110
00001100000011110000111100001110000011000000011100011110110011101100011111000011110000011000001111100100111100011111100011110000011100001111101001100010011111000111110000010000011111100111111000000010000010011000111001000111000011111000010110000110111000110000110111100011100000111100000111100001110000011001000111000001111100101111001111111000111000
00011100001110000001111100001111001011111000001110000110110000111000011111000011100000011101100111100000111000000111001010110000111000100111000001100000011100000111100000111111011111100001110010011100000111100000110001001101010011110000111100110111000001000000011110001100110000111100101111100001111000011100010011110001101100001101100011011011001100
01101000100111000110111100011001000111100100010000001111110000111000111000001111110011111000001100100001100001110011000111001001111110001111001111100000011010000111100101111110001011000011011100010000001110110001110001111100000111110001110111100101100001100001101100011001110000110100011111100000100001001110011011100000101111000110000001101100011100
01001111000111110011011000000111000100011000011101000111110011111100010011000000111000010011000111000000111100110111100011011100011000000011100011111111101111100011111000001110000001000100111110001110110010011000110110000111100011001100011001100011100011111000001111100000111000011110000011000000111000111110001001111000011110000011000011111100000111
00000111000001110001110000000111100001111110011111111111001000011100001100100001001100011111110111110010111000011001100000001000111100000000110001111101011110001100111001111100000111000011101100111110000011110111011110001111000101110000011110110011000110110000011100100011110000111100001111111001100110011101000111110000111000111111000101110000001111
00110111100011111000011100001110000010110100001100000111100000111110010111111100001000001111110001100000111100000110100011100000011110000011110000111000011111000001110000111011101100110000111100011100000011111000011110000111000001111000000010010011100000000100000111100111111000011110010111100110110000001101110001110100111011001101100000011011001100
01101110001001110001111110011110011000011100001110000011110001111100000011100000111100001001110011110000111100101101100001001100011010000111100111111100001111000001110100111110110000100010111000110001000011011010001110000111110000110011111111000110000010011110001101100001011001101100010111110000110010011001100111100100011110000111100011111000011110
10000110010000111000111111001000110011001100110101100001110011000111000001110110011000001111110001100000111110011001110011011100001111100011111100111110011111000000111100001101000011011000111100110110110000110001100110000001110000111110001100111001111101001111000110110000000110111100000001011100111100000011100100111100001111100011111001011101100001
11001101110000011100001111001001111000011110000110110000111100000011000001111000011110011111100011100010001101100111110010100100000110000001011000011011011011110011111111001110100001110000000110000111100001100000001110100011100010011111000111100001111100001111000011010000111100001111100001111100011011000011011001001110011001100110011001111100111111
00000111100001111000011111100001100000111110001111100001100100000111000111100110111100001110100010111000011000000111001110011000000001100000011000011111000111100001111000001100000011100000111110011101100100111000100110000011101100111000001101100011101100111001100011100001110010001111100001111000111000001110110001110001001111100011110010011110000111
10000111110000110110001111000001101000011110001111100010011100000011100011110001110110000111100000111100011001100011110001110100011001000111001100111111100111110000111100111101001111111100000011000110111100111000000111100011011100010110000111100001101001001111000001110110111110001100100100111100011110001011110000101100100110001110000111011100001111
00000110110001111110011111000001111000011000000111100111000100001111100010011000110110001110000011111000001110000111000001111100100111000101111000100110000011111100111100100111100001111000011111000000111111111100011111000011001100111110000110000101111000001110010011100000011100100111001000110000011111000011110010111100111110000001111001111110000100
11000110010001111100110010010001111000001100100111000100111000100011110001111100010100010011001000110110001111000011101100111110000110100011110000001110000011010000011111100111000011110000000110000110110010011100101101100011101000011111000100110011111100001001001001111001110010000011100001111001101110000110010010111110001111001101101100011111000011
11000001110000011001100111100000110110010111100001111100110110001111010011111001000111100011011000111110000110110001111100001111000111110110111100000001101100111000001111001111110000111100100111100011111000001110000000111001100100001111000110111000011000011101100001100001101110000001110000110000010011100001111000100110000111011110111000001101101101
10001110000001111100011110000011101000110100001001100011101100011110001111000011111100001011100011110010011110011110100100011001101110001101110000011100011101100011111000011110010111110000111100000111100001110000111100000111000001111101000011000001100000111111000111011000111000001001001111110001101100000111001001111001101110000011111001111100000111
10100111000111111111001111000010110000110110000111100111110011111110011011100000111100011110000001111000011111000011000100100000000110000011110011111100011111100000111000011011000111100000111110000111000111110000011011000011111100110011001000000111111000111110000111100001110000001110000111110000111110000111000001111000111110001111011110011100101110
00000110000001100010011111001111110011011100111100001011111001110010110010000011110100001011100011111000111100000000110001111100111111001000110001111001001111100001111100011111000001111000101111001111000110111000010110011001110000110011100101000011110010010010011110110001111000011111000011000100010110001110010011100110011110000111110000100100001111
11001111000111001100111010000110110000111000001100010011111011111111110110010000111100011001110011000001101100001111100001100100111101000111000000011001101110000000011100111111100001100001111000110000000011111000111100100111100001011000011111100011001100111110001100000001110000011011010001100001111110011101100000011000110011001110110011111100011111
11110000100011111100011100001011011100111100000111101100101000011100100001110000011100011011000111000100111011000111110010000000011111100100111000011110001111100000111100001110000011000011111110011111000001100011011011000000110110011111000111001001111000001000000000000000100000001111100001111100011000010011001000100110001111110011011001100110000111
00000011000011111100011100000011100000111100000100000011111100111110011011101110111000011111000001000001111100000111001001111100111110000011100011000100010011100001111001111110000111110001111000001100110001100000011110000011110001111000000111001111100001111100110111000001101100001110011001110000111100011111111001110000111110000011111100111001001111
00000111000001111001001110000010110000111100000111110011000001001110000110110011011000001111000000011000111000001110111000110000111111000011111000111000001111100001101001100011000011100100111100000111000011110000010111000111000000110000001110000011011000011100000111100000110000001110000111110011100110000011100011111001011110001111110001110100100111
00001111000001110000011100110011110000111100100111000001011110011110001001110000111001100111001110110000001100110010100001111001001110000011110000111000001111001001111100111111000011110000110011001100100011110000011111000111100001111100011111000000110010011100100111000001111100011001010011110000111000000111100011011001100110110011111100001100000111
00000111100011000110001110001111100100110000110111100111110011111100000111110010011111000110010010010000111100001101100001111001001111011011110000011111010001100001100100011110010111110100100110011011000011110000010011011000000010011100110011001011011000011100000111000001011000011100010011111110111110001100000001110010011100000011100000011000001111
00001100000111000000011100011011000011110001101110001110111000111110000111001100111010000110001111110010111100010110100001100011001110001101100110111110001110000110110011111100000110001101111101111001100011000000110111001111100111111001101110000000111000111100001101100011011000011111001101100100111000100111000100000100011111001111001100111100111110
10001111000010011110011100110110110001110100001111000011100010011100111001101011001001111110000011100011011000111111001001111010001110000110010000001100001110010001100000111010001111100000111001000011000111011100111000100100110001111100011100000011100011100000001001100001101100111110000011100001111110001001001001110000011000000101110011011100001111
00011000001101111001111000100000000001110000111101100100111000111100000111100001111011011110000111111000111000011001000011100000011110010011100011111110011110001011011010011111000111000100111000011111011011111000111011001111000001111000011100000011110010111000001101100011011000001110010011100000111001000111110001111111011111000111100001111100000111
00001110000100000000111110001111100110100000011100010111100011001100000011100001110111011100100011110010011100011111000001110000011001011011100000110000000110001011110110111110011111101001110000001111000011110000111100010011100001110001011111100011110000100010001110011000111000011110000110000001111100011111110011011000111000000111000100111000111001
11000111001001111000110011000110110011111001000110000011110011011000011111000100110000011110000111110001100100011110110011001000011100000011100101111000001111100011111000110010110011110001100000011101111111100000111100111100000011110001001110001111111001110011001111100011001000101100000111100011111001000101110010010000100110000111100100111001111110
00011110010001100110011110011110000111111000001001100111110001111100001111100001110000011110001111010001011111001110000011111000111000000110110000011111101111100011110000001110001111000000011000011111001001110010011000001111001001100110011111000111100001111000001111001111011100011000001111000000111000111100100010100010111000001111001001111001111111
01001100000001111000111000100111011001111100001111000011111000110000001110110011110000001111001001010000111000101111000101111100111100110011100001110010001111100001011000011110100011110001110000001100001101110110011100000111000011111011011000000011010000011100101111001100111100010111000000110000011100000110001001100010001111111111000000110000001111
00001101100001111001001100100111110000111001001110000011110011111101100110010001111100011110000111001000110110001110000001101100011100000111110100011010001111000011101100111110000110000101111100001100011111011000111110000111001001111101101111100010110000111100001100100110110001111110000011100100111001001111001001100000111110001111100101111000000110
00000111000110110000011100000111001001111000011001001000011110011110000111100011111000111111100111000000111110000011000001110010011110011111100000111101100000011100111000111100000100110010011100001111000011110010011100001111100010011001111110000011000001111110011011000000110000011110100110010011111000001111000011110000111100000110111001111000111100
00001111000011100100110000100101100011110001011001000111000000111100001101000011000000111100010111000001111010001100001001000100011100001100000100111100111111000111000000111000110111110000110000011001000110100001101100000110011001111000111010011111100111100000000111000111111100110110000111100000011001101110000011100110111100111111110011110001111110
00011001000011100000111110010111000001111000011110011001110001111000001111000111100000111110000111111001111000001110000011011000111100000100110001111100001111000011110000011100001111100001101001001110011011110000111100000111100001001001111001000111110011110000001111001100111001110000001111000001001100001110011111111000111110011111100111111000001111
00010110000011111011011100000110100110011100110111110001110100111100000110011111001110011111000101110001100100011100000011111000011110001111100011100100111001000001110001101110001111100001111000011010001011110000111000001110001100111000011011001111100001111100001110011111010000010011001111100011101000110011000011100001111100001111110001111000111110
10110011000111001100000111000110110000111000111111001111111110011000000111100101111000001111000000111000110110001111000100001100001111000011110001111110001100000011111011011111000011110000111100001111000001110010011100011111101100110110001011001111011100111000001111100101110000011011000111110000011100101111100111110000011110001101110000011000001111
10001001110000110000001111100110010000011110000011100001111001000110000011100000111000001111110010011100011111000110000110111100100111000011111000001110110011100000101100001101001101111100111110001111100001101000011111111111011001110000000111100001110011001110010011100001111100001110011001000000010110000111100011000100001110011001110010110111000111
11000111001100011110011001101001100000011110011010000000011100100001101100111000111000000011110011111100000110000010100010011100001111101100110100011001000011111001011110000111100001111001001111001101100000111000001110100001110010011110011110000111001100101110010011100000001110000011110001111000011100010011100000110010001110100001111001111011000111
11000111000000011111001101100100100100111001000011110001110100000110000001100000011111000110010001111100001110000111101000111110000111100100111101110110010011110000011100110111100110111001001110000011110000011110011011111001111110001100000111100011011100001100110000011001111000000111100001111000110111100011111010011100001110011111011100011110000110
11000011110000011110000100100001111100011111000011100001111110100011100001111010011000110011110001111100010000000001001000011000100111100001111100011111000011110000011111000011100001110100001110000011111000011011101111100000110001101111000011111110011110011101100001110010000110000010110000111100000111000011101000011100011100110010001100011001100011
10001101111001100001100001111100111000001100000011111100011111000111000100110000001111000111001100011100011111110001011001001100010011111000111100000111100000011000011110000110010010011111000111100011110000001110100110001101101001000110011001110010111110000110000001111100111111000011011000111111001100011101011000110111000011110011111000001101100001
11100101110100001101000011111000111100110111100001101100011011001011110011011110001110010001111100001100000001111000111001000111100011100000011110001110110011111000000011000110010010110110011011110000111000001100000110110011011000101111000011011011001110000111101101111100000111000110011110011100001111100010110001000111001000110000111110011111001001
10110011101100110111100011100000011000011111000001111100011101000101110001111000111101101100111100110011000111111001100000001110000011100000011001100000111100000100100111011011110000111111000100001111101100110000110011001101100100101101110011110010001011011001100100111000000111011101111000001100000111110000110000001101100001111100011100000111011100
11100100111100011101100011101000111110000011000110011000111110000001111000111110001111000011110000001100101111110000111100001111000001110000001100000011100000001110001111000111111001111000100110100011101000011011001110111000110110011101000111001100011111000111110000011100011100100000110000011110010011100001111100001110100111111100011110001111110001
10110000111001001111001001111000011000001100000001110100110000111111110000111111000111100011111110011111001110100001100111001110000011100000111110000110001100011101111100100011111010111110000111110011100110001101000001110110000110001110000011101000011110000011110001000100111111000111111001111110001110000001110000011001011001110011111110011110000000
01111000011011000111111000111100100110010001111100110010001100000000111001101100100011111000110111000111111000110001001100000011111001110110001100110001111100110111001111000000111110000110001001110001111000110010110110111111001111000011011000011110010011100001111000011110000011111001111110011001100000111000011111000111110110111110001110001001111100
11000100111111001111110001011100011001001110011001111110001111110001111000000011100011111001001000110011011000011110001111001101100000011110011101111000111001001111001110110010011100000001110001101100101110000011001100111111100110000011111000011110000001110000011100001110000111110011101110000110000000111100001101001011110000011000001110100010111000
11110000111110000011110011011100001100011011110000000110110001110000111110100111000011011000111111000111000000111100001111100001110000011100000111110001111001001111011011110000000110000111100000111000011011000011001000111100001001101111111000111000001111110001100100111111010001111000011110000111100001111000001110011111110001110110011101100011001101
01111101100110011010000000111111001111100101111000111110001011100011001110001110000011110000011111001111100111111000001111001011110001100110000111100000111110001100000011000110011100011101100001111100011001000011100000111100000110001100110000011111100111100011111100000011000011111001011100000111100001111100000011000110111000011100001100111110110000
01111000011111000111000000011100001111100010011001111110000110111100011000001110001001111000110111001111000011100100011111000111111000110000000011111000111100101100000011110001111101001100001100111010011110000001000100110011111111001101101100011011001100111001110000001100101001111001111110100001110011100000001000001011100001100100001001111001110000
00110011000110000011111001001110001001011000111100100111100011000000011110001110010001110000111100011001100100110000000111101100111000011111000111110000011001100101100001100000011111100111110000111110001111100001110000011001100110110000101100111111110011111000011100011110001100011100001111000100110110011100001111110011111001110110010011110010101111
00111100001101110101101100011011000111110000110110000011000100110110011110011000110010110110001100111001111000100110001011110000111100011100100111110110010100110111100011100100111111011001110001110000000011000001111000010111000011110011111100001110000011110001011110001100010001011100001111100011110010011110011001100000110000011100000011100110111001
01011100010011100100110000011111110001100100100100100111000101110001000110001110110001110110011011000111110000011100010111110001101110011100100011110000110011001111100100110000001111000011100101101100101111100100110011100110010011000000111000111110000011111000110110000110010001000110001111000011001000011110001110100001101101100110000111100001110111
00110110000011001101111100111111000001110000110001100110010000111000001111000111110011001110010010000001110001001100000011111001111100001101100011111000011110000111110000111100111011100001001100110110000111110000100110111110100110000000011110001110100000111001001110011001100110110110000111000001100000100110001111100001111000100111101110011000111011
00111110000111100000110000001111001001110010011100011001100001111010010011000111110001111000111110110001100011011100000010110001100100111111001001110000011000100011100001011001101001110011111000011110000111110011111000111011000110010001111100001101100110011001101110010000110001110111001111000011111001001100000011100001111001101111001111100011110100
00001111011001110000111111001100000001111001110011000111100000011100100111110000111001100111110011100100111100000111100011010011110111001111100111110000110111000001100000000010010011110000111001111100111001110011111000000111000001111100011001100011111100111101110111001001100000000110010011110001011000000000000001110000111100111111100001111000011110
01100111000110011000111100010111100101100110000110000001110000111000001110001001111000011111001111111000111100000011000001111000011110010111100101111100001110001110110010110010000111100001101101001111000000110001100100100111111000011010011011001110110000110111000011100100111100011110011111100011110100010011000011110001111100000111100100110000011100
00111111100001111000001100010010011000110011000111100011111001001110010011000010011001100101100101111000011110011111011000011100110111000111011000011100011110100001111000011001001100110011001110111100100000110001001110001011110011001100001101111000011011001100110011001000111111100111001001111100111110011111000111101100001100110001111001111110011110
00000100000011011000011110000011011000111110001111011001111000110010110111100100011001001001100101110001101100001100110011111100000010001000111100011111001100110011111000111111000100110000111110011110000111011000001101111001000000111100001011110011110001111110000110110001111001001111000011000011011100100110100110011100001111000111011000111010001111
01000011100110111001000101100111111000110110000011100011111000011011000011010011000010000111100001111100011011001011110000011000001110110001111100011111100011110000111000011101100000011001011101100111000000101100001110011001110010011100110001100000110100011110000011100000111100100111001001100000011000000011100011100101100111100111011000111110001100
00100011100010100110010001100110011001111111010011110010110000001101100011111001001110011011100000111100001100011101111001001100100111010001100110011101100111110001111110000011000011100011000110000110110001100110101111001101110000000111100111110000011001000110010001111011010011010001100000111100000111001100110000011001001110000001111000001100110011
11001111110000011100010111000001111001111110011011110011111100111010001001111100110110000011000000011000111001000011111000011010011101100000111000011011001111011000111111001111100000011100011110011011100000111011000110000011011001001110011001110000110110011111000011111001001110110111000001111100000110000001110010011100110110100100111001111111011011
10010011011001101111000111100110111100111110001001001000011100010011011000100110001110001100110000011110001111100001001000011110011111100001111000001101100111001100011100100110100101111100011001100011110001101110000111100001101000100110011001110000111100100110100011110000101100011001110001100100100011010011100010010111000001100001110000000011001001
11100001110000011110000111110001110100001111000011110000111110010111100011111000111001100000110010011100011111100011100110001111000111110000111100110110010000111110011111011011110000011001100111100001110000011111001111000011111000001110000110111000111100001111000001111100110110000001100000011110000100010001111100011111000011100011110000001001000100
11100010110010001111000011110011001110011110110011101111001011000011111000111110010001001000111000011110000011000000110111001111001110111001001100100011111001110100000111000101111000001110001011110000111100000011011001101001111100001110110001111101000011100011100000011010011111000001111000001110110111110000010010011100000000111001111110000011100111
11110000011001001111100001110001011111000111110011111000001100110011110001110110000111110011111100001111110001111010001100100111100100111100001110001110010011111110001111000001111000110001100011110011101100101110001101110001111011001111100001111100001110001101110001000111100011100101111000100111000111110001110111001100111100111100011111000011100000
11101111110001111000011110000001110001011100001111110001111000011011000011110001100110000111100011000000111110001111100000010011111110000110011000011100110111100111100011001111000011110000111001110110000110110000011111000110100010111100001110000111110000011110000110110100111000110011000011100011111000001101100001111101110011001111100111110000001111
11000011110011000110001111100110111000011011100010011001110010011001100001100000111100001101100011100000011111001101100101111100000111100011101100111000010111101100110110011111000111110000111011000001001001111101001101100111110000011101000111000001111111001110000111000000111100011110000011110000001111000011111000111111111111100001001000111100000011
01100011110001111111100101100001110000001111000011000010011110001111100111110000011100000010000001111100011111100011011001111000000001110001111001100111001101100001110100111100100001111100111110010011110000111000011101101001110010011100110110110001111000100111000001100001100110110011000001111100001110010001100000111000000111001101111001100110010011
01000000110011110010000111101001110010011111000011110001100010000111000001110000100110000011101100111100011111100011011000011110000111100101111001000111000001111111011000000111100000111000001111000111110001111100001111110011110011010010010011111000111100011011000001011001111111001110001100110000111111111001100110011100001110110001101100100111001110
11100110011000100110000111000111111001101100110001100000111010001111100001011011001110011011100000111000001101000011110011001000101111110011111000011001001111100100111100100111111001101000010010000010010001100100011110000111111001111110000100011001100110001100100110001100010111011111111000011000001011000110011100011011001110011000111101101100001001
11000011110001100110000111000111011000001110000100100110101100111101100011111110000100011011110001001110001111000011100000111101001111110001000110001110000011111100111100100110000011111110011111100010110001101110011011000111110010001110011101100011111110001111000011100011001110000111111011101000111111000011011100111100100111001011011000111110001111
11110011011001101100000111000011011000101111000011100000111111001110100001100001100011000001101100100100001110010011000000111000100111100100111000001110000111110010011101001000100011011000001101110001111001111110010111001101111011001110011011100000111110001111111101101100001100001100110000111100011111100011111001110110000111000001110100001111001111
11000110101100110010011111000011101100001101100011100100011110000111110000111101001111000011111100111110000111100011111100111010000111000000111101101111000101101101101110001100100110101100001001100011100010111010011001110001111100011111100111111001111110011111100001110000010011001111001100110000100011000001110011000000010111111101111100100011100011
11110011100000011111000000011001011100011111111001110001001100000010011111111100000111100001111100001100000111010000110100011001100111001100011111000111000001111110001111000011011000110011000111100001111001001111100011100010111100001111110001111000110111000000110010011110001111000001100010111010100111100001111100001111000001110010111110000111100001
11100000111100111011000011110000110010001110111001111000100111000111100000110011000110000011011000011100011111110001111100011100000011110000110110000011100100111100011011001110110001011100000111100101111000001101100110011001011001001111000111001110010011000111100000011100000111000111110011100110011011100001110011000011001100110001110010001111001001
10000000111100001100000001111000011110000111001001111100011111000010011000001110000111101000111011001100001011111001100110000111011001111000011100001110011000100110000111000001100000011110100010010010111011011000100011110000110110000111001001111000011111000111110000011110000001100110011001110010011011110001101100011111000111110000000111111111100110
11000100110000001111110001110000001100000111110000011100011111000111101100111100001111100011010000011011000011111000111100000110100001101000001100000011110011111100001110001000111000011100111110000001111001001101100011100000011111001101100011111000111111000100110011111000000111110011011000011110000111100110100110000011001011110010000011001101110011
10111111111100110011110001110000011110011001110001100000011100000011001100011101110011100001110001011110000111110000011100100110110011111100110110000110000000001100001110000001110011001110011011001101111110001101100011100010011100000110111001111100011101000111011110110010000011100011111000001111000111110000110010000111110001111000001110000111111000
01110000101100000111011001100011111110001111100001100000101110100111101100100110001111100001111000111100000011001100111000001110001001100110001110000111110000111001000110000011110000011001001001100000111000001111000011110000111100011101001100111000011001110011110000110110011101100011111100011001100011100000111000000011001001111100110110000111000001
11001100110001001100111001011000001110011000110011111000011011001100111001111100000011000101110000011111001100111100011110000110000001100100011110000011111100110110011100000111111110011110010011110000001100011001110011110000111110000111100010011000001111001111100010111110000100110100110000011011000010010001110011001100100011001000111111000000110000
11111000111010001111100001111101001110001001100000111111001100110011111001101111000011100000111100011111001001110110011100000110100010011100111101000111111100110011000110000001111000011111001001110110011111000111110010110000011111000000110000111001001111100110110000011010000110111001111100100110010011111000001100000111000001111100111110111000110010
01100010011100011111100001111000000110011011000100111100001111100011110000111110011101110001111000000111001111110000111000001101111001111000001110000001111110011110000001100011100010011100001101100000111111001111100000111100111110011110000000111100011111001111101100111100011111100001111000100110000011110010011001001111100001100100011110010011110001
11100100001101100111100111100110011100110011011100011111000110011001110011001110100011110001100110000001100001101100101110000011110000111000111001100000111000011100010011100011011110001111000111001100011110011100100001111100100111001001111001110010001101100001110000001111000011011000111000110111100000110000011011001100110011111100001111110001111001
10011001111010000111100101110000011111001110111001011100100011100000111000011110010011100000111100100111100111100001100110100011010000110100001111001001111000000110110110011001111000101111001110001001111110001110100001111000001001100111110001111100000011001000111000011111000010000111100000001111110001110010011110000000100100111000011001001011111001
01011001011011000011110000101110010011000001110000011111100111100100011000100111011111110000011110001100100011110011001111000000110000011100001001111001111000010011000011110011110000110111001101110010001100110111100001101100001111100001001101111110010011100010111000011111110011110000011100011000010001111000001110000011100000111000011111001101110001
01111001001001100111110000011110001111100111001000011111000011110100111000001100000011001101000011000011110001101111001111000111111100111000001111100000011100111111000001100000011100100110010011111000000000001100110011111000001101111000111100011111001000110011011000001111100110011000010100000111100001111110001110011001111000111100011111000111111000
01101100001111001111101010011000110011100001101100001110010011110001110110001101100001100100001100100100111000011110001111000001100110111011001100110000111100011100110001001110011110000111100001101100100111100001110001011110100111110000111100010111011001110000111100001111000011100100011100000100110001101100001100110010110000011001000001110000111101
00111100011001001001111000111110010011100000111100001111000001100000011100110111000001110011001110001001100110111100000001100001111000011111001110110011111110001111000001101100111100010111000001101100011110000011011110001100001111100000111000001110011111110011111111000000110001111000011001100011000010110100000111100110010010011110000111100011111001
01100000111011001111100101111100011000001111110011110010011110000011101110011110000111110001001100000111001000111000011110000111100000001000111110000001110000110110010011100000111000111110010001110000011000001001000001100001100111100110011000111000000111001011011001111000000011100010111001101111000011110001001110000111100101101100111111001110110000
11110000010110000011100011001000001100111001110000111100100111000001110000011100110011110000110001101110011001101101111001000110100000111000011111010001111000011100100101100110011100001110000011110000011110000111000101111000110110001111100011001100001110001001111110011100000011100011111000011100000001110001111110011011110001100000101110001011100001
11111000111111000110000001110100011000000011110000110010001111100001100010011001001101111001101100011111100001011100001110000011110011111001001001100001111000001100001101100000111110001100000011111000101110000111000110111000001110011011100001111100000111000001100100001110000111110010110000001110011100110000001110001110110011100100011111100011110010
01111100011101000111011000111100111100001001111000111100000011110000111110011000001001110011111100110111110001000111001100000011110000110011111111000011001010001111001111100100011100001111001011111000011100000111000000001100101111001110010000000111000001100011101000011010010000111000110100000111100011111100011111000011011001111100110111000000111000
10111000001001100110110011001110000111000011110000110110010011000101111100001111000001110000011110000011100010001100100110000001111001111100000011110000011100011101000111001100010100001100110001110110001000000001110001110010001111111100110110111000110010001001110000011100001110011000111110000110000001100001101110000001010000011100011111100111111101
00111000001111110001111010001110000111110001101100001011000011110000111100001111101100111000111111011011000001100110000111001100111100011100110011111000111000111110001001000000000111001001110010111011001110110011000010001110010011001100111000100111011011110000110110001111100001111001011010001111100000111100001110000001011000111110011111100000111100
11111100111110000111001000011110000000100001111100011110010111111000110010001111100011100000011110010011010010011011011111001011111000001010000111100000011011100111100111001111011000100011100011111000011111000011010001011111100011100111111000011110011001110011111100001100000011100000000110010000000001111010001100111101110001011001101111100001011000
00011100000100110000011000110111000111000001011000001111101100110111111111000011000000110110001111000011111000011110000111110001111000001111100111110011111110000111000011101100000011000011111100011110100111100111000001011110000111000001101100111110100101110010001111001001110000101100000011000011111100011110000111100111111001000110001100001000111100
00001110011111000100111001000111000001111000111110000111110000111110000010110001110011011100000110110001111100000111000111010000011100000110011001011100001111100011111000111110001001100001110001110011100111111000111100011101100111111000001100000111100000111000011111001001011100010110000110100001111001011111000111110001111110100111000000101000110001
00000011000001111000011110001111000100111111101110001001111000111110000111000100111110000011000011110010011100010111100000011110011011001001110001111101011111100001111001011000000011100011111100111011000101111010001111000001110000111110001110001011110000110110011100110000111000001111000011110000111000100011100001111000001100000111110001111100111111
00001110000000111100000111000001100000111000000110001001100001011100010001100100011100000000000001110011110011001111100011111000111001000110100010011110001110000001111010011110000110010001000100101111000011110010011110001111100011111100011111000010110000000001101101111011011001000110000011110000110001111111000001101100110110000111100111111100000110
10000110011000001100110110000011110010001110011001000001100000111110010011100001111000001111000111110000001100100111100001111000001011001101100110011100000110000001111001001100001111110011111000001000100011011000111011000110010110111000111001000111100011101100001110110011101100001111001111110000110000001111000111100000111110000111110000111110001110
10000110010000111000001110000011111100011100100011000110011100011100010010110010111111001000100101111001001011011011110000111011001110000001110001001100000011111000110000001110001100101100001110010011111001001000001001100001110000001111100110110001111000011001100011110001110000111111000001111000001100000011100011011000001001100110011001011111000111
00001111110000011100111100011101100100011100100111000100110010011100010111011001110000111011100011111100110000011100111000011010011110000111100000111100011101101111000000011110000111100000111000001100000000111000111100000111100000111001001011000111110000111000110111001101111100011110000111000000110110001111101001111100111010000111110000011100011111
11001110110000110000100111010001111000011100011011100010110000001100100011011001111110000111110100011100100110000000110000011100010111100000111001111110010011100000011000000111100000111110011110001111100110111111001101100001100010011110000011000000000110001111110011011000111110011111000100111000001110000011111001101110001111100000111001001111000111
00000110111001111000001011110001000000001111000011110001111100001111001011100011001110010011110001100100101011100001110000110000110111110010011100011110000111110010011110001111000011001000001110100011110000111000001110000001110000010111000001111100011100001111000111111000001110010001110001001100011110001011100010111100000111110111111100110111011111
11000001111001111100000110010000111111000110000111110010011011001101100110111110000011001100111100110010001111000001111111001111000110110000011100001110000011100000011110010011100010111000001110110011110010000110110011000110011100111110001111100010011100011111100110110000001110001111100000111111000111000001110011001110000011001110111101001111001101
11100011111100000001100011110001111110000111000011011001101100000111110001111100011100000001110010011110010011100011111100101111000001110000111100000011100000110010001111001001111000110110000110010001111000001111000011100011100000000111000111111001001100100110110011100100011111000011111000011011100011110000111100000011001001110000011110011111111101
11000001001000111100000011110000111000100001100111001001101110001011100001111000111011000111111000011110010011001011111100011001001101110000011100011101100101110000011110000011100000011100011111001111111100001110010001110100110000001111000011111000111110000111001100111000001110001011110011101110001110000001100000000110000011110000111000011111110001
11100000000011101111001001001110111110001100110001111000011111110011110010110001101110100001110001101111100011100001101001100111110001110000111111101111100100110100101110011011100011001100011001101111100100001110001111110001101101101101100011101000011111001111100000110100000111000111110011110000011000110001111011001110000011000110111100000011100001
10110011111000000111100111111010011111000111100000111100011100000001110000011100000111100001101100001111000011110000111000010011100001101110011101001111110010011100011111000011100000110000000111100100111110001111100011100000110110000111000001101101001101110011110000111100100111100000111000111100000011110110111110001101100011011000001110110010010111
01110001111110000011110001111100001100000110110000111100011000100011101100111111000111110000110100011110000111110000011111110001101100111100000100100010010001111001101101100000111011001111000100111000011110011000000110111111001111000001100001111000001100111001001110011100010011101000110100001101000001110000011100101111110000111000011111000011111000
11011000011000100110110011111001001100100111111100111000100111100001110000011100010011110000111100011110000001101000001110000111100100111000000011100011100001011000100111110001110010011111000111111001110000001111100010011100011100010110110000011001100111001001111000111110000011110010001100001111001101110000011110000010000001111000000110011111111001
00111000110110000011100000110010001101000011100000011110000110100100111001001111000110110010111100001110001100110000111111100111110001100100101111110011011001001100110011001001011000000011000011111011110110001111110000111100001110000111110001001110011111110001111011001110001000110010111110001110101001101110001110010000000001110110000011100000111000
01111100011101000011110011111000100111000111011000011000000011000000110110000111000110011111011110011111000000111100000111011011110000111110000111001001100000111010011001110000110110011111100011111000111011000001110001000100001111100000111011011111011111100001100100000001001111111000111000000111000100110000001110000011110000101100001100110111110111
01110001101110001111111101111100001110000001110010011100100111100000001111110111111011111000001100100111110001100100011111001001110000111100000011100011111000001100001110110001111100011110011001110000110000011110000101111100001101100011111000011010000111100001111100011100001111011000001100100111000001111100011111000011110000011110000001101100110000
01111000011111110011110100111111000111000001101100011000001111111001111000001110001011100001111100010111101100111001000011000011110001011100000110001001011000011111000011100000110110001001000011111000111111000111110110110100011111000011000000011011001101100111110000101100000111111001101000011000000001100100111110101110110000011100100111001001100100
01100110000111000001110110001110000001111001111100001111111001110000011100001101100100111100001100001001110010111111000100100001111000110111000111100000110110000110011001111001010111100011000000001110001101100110010001011011001110110001111100110110011001100111101100000110000000011100001111000110010000111100100110011101111110001111000111100100110011
00111100001111000001111000111111000011110000111100011111000011001000011110001011110001001100011111100011111000111100000111100001100001001011000011110011101100100111000111111000001111000111100010110001100110010001110000111110000110000000111001001100001111110010011110010111100001100010001101001011110001111000000011100110011000111000000011110001111110
01111000000011000000110000111111111111100001111100001010010011010011011110111111100001111000010111001000110000111100000111000001111110010011010011100000111101110011000001000010011100000111100001100000011111011011110000000100011011000001101100111111000111011001111001101111110001000000001110000110100001110110111110010011011000110110011011100001111001
10011100001111100011111000001111100011010001111100010011000011011110011010000111100000111100111101100011111000111000000110110001101110011011100001111000111110001111100100111000011111000001100010010011000111101001111110001111000110111001110000000011011001111100111100000011100011111100001111000011100000111110000110110001101100001110000111110000111100
01010010000111111001111000011111001100110000001100000111110000001101111111100111110011011100010011100011110011001110000010011000011100001000110001111000011011000111000001111100000111100011100000011110001111100001111100111000000011110011100110000111000011111001101110010010000000111000001111000001110000011100000100010001100110001101100000110000110011
10001110110110000000111001001100000011100011111110000110000001111000111011001001100100111110001111000001111100111110000011100011011100001100001011010000011110000111000111100000110001000111100011011100001111100000110000111001110011110011111000011001101001101000011110001111000110111000001100010011111001111101001111100001111001001110000011111000111110
11000001111100001101100111100110111010001100100001011100001110011111100000111011000110001001101000011001101111000000111110000110010001110000011110000011110111100100011001000011110001110010011111100100111100011100000001101000111011000001110001110001000111010011110011111100001111000001111000011000010011110000111100001111100001111110011110000111110000
11100001110110000111100001111000011110001111010000001100011110001001111000010011110011011100100000011111000011100000111010000111100001111100111110000011010000111110011111110001100010001111001011110000111110000011000001110110011111000011100011111111000111000001011000000110100111000100110000001011000011110000011100000111100001111001011111001011100000
11110100011100001111110000111100110011001001101100011110010011000011111000100110001011011000011100100111000011111000111111001111000000111100000011000110111000011010000011110011111100011111000001110000011000100110001001111100001101100011111000111100010111000111011100011011000011100000111110001111100111011100011111010111110001100110001111100011110000
01111011000110000011100111110000001111100001110001011111001001100100111111011111000111110001101111001110010000001100011110010001111000111001001110010001111100011101000011100001101000001110000011011000111110000111000000111111000110110011110000111100100111000111111000001100001101110000111000000001001001100010011011000011001101111100111101000101111000
10011100000110010011110000111100110111100001100110001110001011110011111100100111000011111000011011000111100000011110001101100011111000001110000111010001111001101111000111110000111001100111100011111000011001000011000000110110011111101111110010011110000111110001110100001110000011110111001110000110000001111000001110001001100011111111011101101101100001
11011000011100010011101100111110001110000011100001111001000111000011101110001101100001110001011110001111100000110000011111000011110001101110001111100000011000001111110011000110011100111001010001110011001100010011110001011100011110000111111000011110001111100011000001001111000001110000111111111100100011111001100111000111110001110000001101100001111100
11111100001111000111000011010000110110000000110001001111000011111100001100111001100101110001011110001111110001111100001111000110110011001110000011100101111100011011001011110010011100001001100001110011001100001111110001111101100110110001111100001101100100110000011100001111000001111000011100000011100000001100000111001011100111111000100100110001111100
00100000011110011001110001111100001111100100111100111011110001110000011001100111100001110000011101000011000011110000010111000011011111110000000110110011001100000110100011001100011111000111111101111100011111001001110000111101100110000000111000011100111111110000011100001111000001100000001100110111001000111001000110011001100000110011001111110011110000
00110010010011100100110011101110010001110000110110101101100100111000011110000001000100110011100111001001111000001000000111100011110100000111110001111000111110000011100110010110011110000001110000111000001111100001111000011001100110011001111100100111100001001100011010001100100101111000001111000011111000110010000111100001111001111110000011111000011000
01011100001111100011101000011000011001110000110100001100110001110110011111100111100001111100001111100011111000111110011011010001100100001111000001101000111110000111100011111100011001101001100111110110000011000011110011110111000011100010011100000111000001111001111011000110111000110110011101100000111000011000000110110011001101001111000011110000011100
00110000000110001100111110001111001100110000011111011001100000110000001110011111110000011100010111000011111000011110000001110000111001000111100011111001111111001110000101111000011111000001100000011110000001100011001110111110000001101100111100000111000011011100001111000111111011111000001001111001100000011110000011100000111000100111100001111001111110
00001110000111111001111100101111000011000000111110001111000101111000011011000001110000011000100101100110110110011100001110100010011100011011100011110001110010000011110001111000001100000011011001111100100111100011111110011100011011110000011100001111100001110010011101111011100000011000000111000001110000001110110010000000111100011100011011110000011111
01101101000000110000011100000001100011011000111111001101110000011000000111001001110000111110001111100001100110001101101101110000111111001111101100111100001110000011110010001110001100100111111100010011100011110000110110001111100000110011001100000111110000100000001110011001111000000011001100110011001100001111000110110000111110011001100011111000011001
00000111000111000000001100101111100001110010011011000011110011110110001100011100011000111000000111000001111100001111000011100011100010011111001100111100001111000111100010011100011101100001011100001110000011110100110001100100110011111000011110000111110011111000001110000011001000011000001101110001111000001101100011110000111011000011111001111000111001
00011001100011101000110111000111000001001100000011100011111100011110000111000111111100011100000100110000111100000111100111011100000111110011100100111110000110000001111001001110000111110001111100000111000000111010011110011001110011111000101110000011111000111111000111100011111000001111000011110000011111001101100000111000111110000110000110011100111111
10010011111001111000100111100111110010010000011011111001110100011111000111110000111110000111100001100100011110000011110000110110001110110011011000000100111111110000011100111000100001000110111110011100110001100000111000100011100001100100001111100011001100011110000011110010111100100111100001111000011100000111100111100011000111000001111000000110000111
11000110000001111001011100010011111001011100100101100111111001011000100011010001111110000110111000011000110110000011100001111100111111100000110000011110010000110000111100011110010011111000111010001110000001110000001100110010110011011100100110000001111010011010000111110001100110011100010111001000011100011011100001111100011000001011111001001100011111
11000011011000001101100111000101111000001110000111011000100110001111000011100000111110000110000110110011001101100001110000111000110111100011111000111111000001100010011000010001100111110001011100000111100101100100100111000000011010111000011111000001100000111101100011100110011100000111110001111000011110001110110000011100011111110001101000011110011111
01100010011110100111100011001110011111001111110000010011001111100011000010000010001110100000111110011110000011110000111110001101100001111000011011100011100011111100001110100100111000011111000110110000110010000111101101110001111100011001110000111100011001000011100110011010011000100110011001001111000011100100010111111011000111111000001100000111111000
01001101001111110000111110000111000011110000111011010011001001110010001101100100110000011011000111100111111101000111000001110010101110001111100001111000001100010011011000111010001111100001100000111110000111000001111110001111000000001011001100011111100000111101001111000001100011001100010111000011111000011001000011111000111100011111100111010001111111
10000011100001111100100111000011001001100110000010000000011100011111000110110001110000001110010001011001001110001100110000110000001111101100110000101100000111111001111100001111000001110000011110011011111000111100110111000010110011001100001111000001110011111011001111110000111100000011100011110000011110000111110001110100110001100000111001111100001111
10000011000000011110000111011001111000011110100010111100111100111001000000110011111101100111100010111110001111001111110000111110000000110001111000001111100111110011111100000011100001101110011100000111100111110000000111001111011000111110001001100000111100011110010001110000010011001011000001110011001111001111110010011000000110001101100000001001110011
10010010000000111110000111000101110000001110000011111001100110000111000001100010111110000111000111101000111110000011100010011100000111100001110000001110001110110000110010001001100001111000011110000110110001111100001101100011011000111110000111110001111010001111000011110000111110001101110001111100011101000111100100111110001111100011111000111110000111
11001101111001001110000011110000111011000111000011011001001111000111100011101100001100000001110010010011001111000001111000001000010001110110111110000111111000111000011110000011111000001110001111000001111000001110011111000000110000001110001000111000011110110001110000111000111011000011111000011100000111100000110000001111010011110000111111000111000100
11100001111100000110000111110000011111000110010011100110001110010001111000110110011111000001111000011111000011110110011100001100100001111000110000000011110001111100011101000100110000111000001100100001111111000111100011000000011110000110110111101100000100000011110001001100000011101001110110011110010011000100110100010000111001110000011001000111100110
11100001111000001111100011110000110100011111100001111000011110000111100001111100001111000011111100011110010011100001110000111100110011011000110010001111100001000110011110010011100000110110001101100011010010011100011111110110001110010010000011010000111100100111100100110000001100000001110000110110000111000101111100111011000011110010001110000011101101
11100000111000011111001001110000101110011011110100010110001111001001000000000110001111100011111000011111000011111000111000001111100001100000011110011010110000110100001111100001111001001100000111100101111000110111000111110000100110000011110111111010001110000011110000100110000111000011111000011100000111011000111100001110000011111000011110000011100100
11110010011000011011100001110011011101100110010001111011001110001111111000111100011101000111000011101110000110010001111001101101100001011000000111000011100111110100000110000001110001101100001100000111011100011010010011110110111011100111100010011011001110001110010011111100111111000001001100111011000000100101110000001100100010111011110011101110000001
11100100110100000111100011111001110110011111100100101100011101000000110000111100011111111011111000011100010001100000110000001111100111110011111000001111100110001110000110001111110000111110000111100001111100001111000111110001111110001001111001100100011110001110100110111110001101001100110001111001100010110000110000001111100011110000010110000110110001
10110011111000000111000011111000001110000011100000111111001100000111001100011100110001100001110000001111100011110010011110000111110011111100011100001011110011111100000111100000011000001101000010000000111100001111001111111001110011000110011011110001000110000111001100000110010011100100111001000110010011100000111110000111111100111100011001100111110000
11011110011100110011100001111000001111100011111000110110000111000000111000001101100011111001110110011111100010111000011011100111110000111100000111100011001001011110000111100000111111101111110011100000011100010110010001111001101111000111100000111000110001100001001011011011000011100110011100001110011101101000011001000110110000111100011101100001111011
11000011110000000100000111000001111110000011011000111100000111000011111000011111000101110011111100111100000001110000011111000011100011000000011011001110110100111110000111000010011001011011000011100000011110011001101100110001011111000011100000111100111111000001110011110110000111100111101000001111000000110001100010000001100001111000011100000011011000
10111100111110000110100000111101000011000011011000111000000110011011111001101110010011110000100110000111000100011100011110000111100001111100001111000001101110011100011001110001111100011111100011111000011100000111100001111000011100110001111000111000100111000111111000011110010011100001110100111111100111011001100111000010110011101100010011110001100011
11110011000111000011010001111100001111100001111000011110000111000001111010011011000111011100011110000111000101111100011110000111100000110100000011100001110001001110001111100001110000001100000111100100111011000110000001110000010111000011111000111100000100100111101100011111000110010000111110000101100001100000011000100011110110111100001101100001111000
00001110011001111000011111000111110011001100001111001111111000011110011110110000111100001110100011110001111110001111110010001100010011000110110011111100111011100011101100111110000111000100001100001100000001111000011111110011100000111100001110011011111000001100011111100000011110011000011000000000110110001111000001111000000111011011110001100111001101
11000011110000111000111100110011110011100110011101101101100000011011100111110001110100001111001001111001011101100110110001111000111011100001110000110000000011110011111000000011000110110000010100000101100001111000011110010011010001111100110011100000110000011011000110110001111100000111100011110000011000000111110001101100010011000111100000111100011111
10000011000001110110011111001101110001000011000101100000111110001101000001111000111110110010110010011100001110110001100000011000000111100001101100001111000110010011111110001101110001111000011111100011100001111100100111100000110000011001110011111110110100001001100011111000011110010011110001101111011100000000010010011100100011111001111100001001001100
10000000001000001100000110000011110001011110000001110001101100000111100001111100111110011001100000111001001111000011110010001110000100000101111001111111000011100110111100001111100000111000111001000011011001100100110111010011001000111111000001101000111101100111001001100000001100010111100000111000011111000011110000011000001111100001111001011111100111
00100011110000001110010111000000111001111011000011010011001110000011100001110011011011001111100100101110001111000111110001110001000111100101101100011001000011100110011110110111100010111001111100000110111000100110001111011001101000011100000111100001100110001111100001001100100110100111000100111100011011000011001001111100110101000011001100110110010011
11010001110000011111000111110000110110011000000011110001111100001111100100110000001100000011110000100100001100000000111001111110000111100000111000001111100011000000111111100111100001101100011110000011110000111000110111000111111000001000000011001100111110100111001100110000011100110111000011001001111110011011010001111100000111110000111000011011010000
11101001111000001100110011100100011100001111000011111110111110000011100001111100001101100111100000011100001111100011111000001110000111110110111100100111111101111000011111000110110000111100001100001100010010011100011111100000111100011100000011100000111100000111110001100100011110011011110000111100011111000110111000011110000011011000111100011111001111
11000101111011001011000110011000111100001111000001111100111111000001110001101110001110001011011000010110000001110001110000001111000000110001111101001111101000111000111100000011000011011000001111100001111000111100010111100110011100001101001001111000011110100111110011111000000011000001100010110110000110000101100000011011000111101111111000000111001011
11000001110010000110000011110010110111001111001001100111111111010011100001111001001101000001111000111000000110110001111100111110010001111000010110001111110010001100011111000111100110111100000100000011011000110010001011110000111110001111100000011000011111000011100001110001001011001101100000111110000011110011111000001111001111001100110110011110000001
00110001110011011111001001111100111110001111100000111110001001000011110011111100010111001000011101111011000111100100111100101111000011011000111110000011000000110111011111000011010010011100011011100000111000011111001111100001111001001111000111001000100110001011110000111100001110010011011100011111100110100100111000000111001001100100011110011001100001
11011011011000001111100111011001111100000110000001100000001111000111000000110110011111100011111100111010000001100000110110011111000011111100111010000011110001101000001111100110000000011110110011100000001110001111000001100011111100000011111100011000011101110011110001110000110111000001111000001110010001111000110000001111011000111000111110001111100000
11000001110001001111000111100000111100101111101001110110011110000011110001110000110011000101111000110110000111100001111100000111100011110010011000000111110000111000011011000110000000110110001111100110111000011001100111011001111100001111001111110010011011000111100011001000011110011001111000010010011011100100110011001110100011111000111000000111001100
01100110001100111111000011110011011110000111011111011100011110000011000001111100000101110001111000100111001111001000111110000110110011101000111110000011000000110010110111100011111000011110000111110000111100011100000111110000011111100111100011000110011111100111110010011100000000000001101100111111000111110010111001000011111001111000111110011011100000
11110001111100000011000110011000011110000101110000110000000111100111110000011111000011100100011000011001110111000000000110001111100101110010011110000011111001111110000111000001110110011001110110110010111000011111000000011100011100001111110001111000011011000011001100011110100111100001101000010011000000110100111100001111100011110011001100000111110100
01100110001100001110110011111000011111000111110000011100001110000101111000011100010111000000011000001101100001000000111000100100111001100000001110000010011000011001000111100001110010011011000110010001111000011111001011111001100111000011100001111100011011000011111001111110001110010001110010011011000011001100011111001110000100111100011001000011101100
00111000111111001100110000011100011111110011000000111100011011000001101100011111001111100001111100000111100001110001111101000111110001110100011110010011111000011100000110100001111000100110000010011000111100011111100101111100011100000111000001100100001111110011110010011111100010000001100100001111000011111000111110000101111000111000011110000111110001
01100010000110100110001001111000001110000011011000111110011001000001110000011110011001110000111100111111000001101000011100000011100001111110011111000011110010011011000111011001111000001110010011100010011100000011101001111100011001100110110001110000001111000001111100010000000011111000110110001111000011111000011111001001110001001100011110010011100001
01110000110000110110111001110001000111110011111000111001000110100110011001100100000011110000011110000111110001101100011111110111011110010011000110001000111110100110000110110000110011000111000011111000111110000110100111011100001110011001000100111110011111000000011000011100110011110001111100011100011001111000001111000111000001111100011101000001100001
01110001111000010111110001101100001100000111100001111111000110000011111000001110001111100010011001110111000011111000110111000111110000011100111111000001001110111110000010010001111000100111100111110000110010000011110001101100001111000111110001111100101100111001100000001111100011011000111100110000100011111000111110000111111000111110011111000001100000
01100000111110000011100000110010011111111001101100000111000111100001111100000001000011110001111110011111000001111000001111000001110011011100001111100001110000100110000111110010111000001111011101110000011000100111000001101100001111001001101100011110011100111001111100011111000111000011111110000111100010110110011000010011010011001100000111100000111000
00011111001001000001111001111111000111100000011000001001000111011100110100100111100111011000011001001111100001110100001100100011110000111000110111000000111000001011000111100000111110000101100001001110011110001111100110111100011110000011111110011110010011110000111000011111000001110001001111100111000111111000111101100011011011110000000011100001111001
01100001011111000010010001111100011111100001110000110111010011110001111100101111000011100000111111000111000000101000001111110001100001111110001111000001011100000110000011100000101110001111001001111000011111000110111000111001001111000011111000011100000111010110111000011001000011110010110111001111100001110000010011001001110000110100011110001100111100
00011100000110110011001100010111000001111000111110011110000000011100111111000010011000111100001111000011011100110110000011100010111001001111100011001000001100000001100001111100001111000110110010011011000111100100111000001110000011110011001110001111100000101110010011001111110010100110001111001001001110011111000011100000110000011011000011111001111110
11001110000001100001111100001111000001110011001101100000111000110110000111100001110000111011100011101100110110000111100000100011001100011001100001111000001111000011110001001111000110110011011100001111000011110011111110001111100000111001001101100001110001100010000111000001101100001110000011110010111111001111001001111000000110001111111000111100000110
10000110110001101100011001100110010000011100111100100111111100001111001111100000111100101111001001111100110111100110000000111100000111100110010000011110001111100011011100001101101111100000111110000110000001111000001110000111100001111100111101000010011100011110010011111000011110011111000001100000111111000110000000011000111110000011110000111110011111
11001111110000111000101101000001100001111100000111111000111101101110011001000110011100001111110011101000111100100111110001111100001011111011111100011100011001110000111000001111100001110000011011100111000001110000011011000101111000110110010011100111100000011110011111000011111000000111100011110000110000001110110001111000111111000110011001111110011111
00000100110001111000000001000001110010011100000111100111001001111110000011110000111101100101100011111001011111000110110110001100001001101001111001111111000111111001111000100110000111110000111110000111000001100001101100000011100001110001100111000001111000001100000111100001100100011011000011110000110010000111011001111100100111000011110110011100011111
10000111100010000110001111100011101100011100110111100001111000001110010011100011011000000111000100111100011111110010000000110110001111100001111000111100001111110000111100101111000111100010111110001011100001111100111011000011011000110011000111001000111100011110000010110000111100001111100001111011011110000000110000111100111110000001111000111110010111
11000001110000111110001111000101110000011000000111110110000000110111001001110000011111100111100011111000011101000011111000111110011111000001111100011011000011100000110110001111100001111100011101101101110000011100000111100011110000011110001110000011001000011111100011111001111110001111101101100000011111001101110000011000001111100111110001011110011011
10000111111001110110101111100011111001001100000111100011001100011011001001110000011100000111110001111000011111000011100000011110010011000000000000111111000111110011110000100111100011111000000110000011101001111000111101100011110001111100100110110001111000001100001111101000001110001111000001110011111100100011111000111110011011000100111000011110001111
11001101111001111100000111111000110001001110100100110000011100011111110001111001100110000011010010011110000111001001110100011111001100110000011100101111100001110001011101100111100111111100001110000011110000111100001111001001111100001111100111100000110001001100100110111000111100000011011100111001111100011111110000111110000000000001110000011110010011
00011001111000001110000101110001110000100111001001100001111100011001000001100000011011011111111100001100111110110011100000111100000110010001100101011101110001110000111110001011000001100100011110000011110001111100001100100001111001111010010010110001111100001111100011000000010010000111111001101100001111001111110000110000000101110001101100001111000011
01100011101100110011000111100100111000001111011101110000011110001111000011101100001100000011101100111000011111111001100000011110010011110001111001000011100111111000001011000111100000111100110010010011111101101101100111100011110000001110000011100001111000000101001100110000011111110011000001100110000111000011011110000110001000000001111100111001001001
10000011110010001110000110011001111100101001001101110000011100001110100001111000001001000100110000011100011111100001111100011100110001110001111110010110000001111111011110000011100001111100111000000011111000001110001111111101100001001111000001110000011100001111100000010010001110000011100010111000011111000011001110011010000011100000111000001111011011
10011000111000011111000011001000110111000111100001011000111001000110010000001110001101110011110000111110000011111000111101001111000111111000111110000011101100111000001110001111000000011110001111100011111000011100000011100001100110001111100011100110011100000110100001111100111111000111110011111000010011000000111000001110000111111001001110000110110011
00100001111001100110001111100100111100001111000100111010111110001111110001110000011011000011110000111001100111100000110000001110001110010001111110100010000011111000011110001110100000011100011101110001110000111110000111100001111100100111000010010000110100000110000111101001111111001111110010011100001111100001110000011101100001100000111100000011100011
01000000111100110111100011110000011110010111000001111100110011000110110000111100011101100001111000011110011111100011111100000101001001110000011000011111111001110110001111000011111000111111000111100011101100011011000011000000111000001011000001100000111110000011110001111100011111000011100000111100011100100110110000011111000001100000111100000110110100
11100011101101110111000111000000111100000110000000100000001111001111011000110001000111101101001000011000001101100000111100011011001111011000110110010111001101100110001101100011100000011110000110100110001100111111000111100100001100001111000001100000111000000011011000111100001100000111110000111111000111100001100000001110001101110001111110100111000001
10000001111000001111000011100001111110000110000100111000001110000011101001111100000110001101111000011011000011110011111000011000100011101111011100000111110001100010001111101100110001110110010111100011111100111111100111100010010110000001110011110011001111000001110000111000000111001001110000011110011111110001110000111111000011000011001001100110011011
11110000111100001110000011011100011110000011000000111100010111100000111000111010010011110011110000011111001111111000011000101111100000011100001111010011110001110000001111100001111000100111000011101110011000001110000001111001111110001111100011101100001111001001111011001110000111100000111000011011000100011000111100100111001001111100001110000111100110
