10001110010000111001101100011100110000000110011100000111110001101100110011110011100011111000011111100011000010110010111000000111001000110011100111100000001110000011001110010010011110011101100001101001101100100001100011101111001110000111100111000011000001100001110011100010011111110001111110000001100000001000011111110001110000001111100110010001001100
00000110110011000100100110110010100111101100100011100000011001111001111100111101100101100001000001101110000110011000110111000010011000110111101111100001000110110011100100111100011110000111110110010011111011110001111011000011000110111001110001100110110010000011001100001110000001110011111100110000010010100110000001000001100110111111000111111110011100
00101000001101110011110010100110011001110001111100000001001000111000011001100110111111111110001100111011100000001100000100111110110000001111000000110110011110000100001111111000111110101111101111100001000011011000011000111111001111001100111001001111001111110000001100111100111001011000000011011100110011110000001110000000110010110011011001111110100000
00100110010000110001111100011101101110011011100110001110001100011000110000000011100100111001100110110010010000011111001100010011001110011101100001111001100110000110011011100110010011111001001000110000111100111111110100000100110001000100110000000111000111011000011110011111000111001001100010011001100010111010011000001110011111111110000100111111100010
00110011111110010001100110001110000011000111000111001001000101111010001110000011101100001110100110000110011100001100100001110011011000010011001000111100011100001110011001000110011100001110000111001110001000011000001110000111000011011000110010001001111001000110011110010011100110110111011000110000011100011111100011000000001100111110110011100010100110
00011100000011101101101100111111000010111000111000110001110001011000011110010011100110000000101111000010011001111111010001101100010000010011011100111100111000011111000001000111000110001000110011001110011011011101001000010011100011110001101110000111001000110011001111110000110000011110001000110000001001000111101111100001111111101110001111111000110110
11001100100000110110011000110011100101101101111100110001100100111100011111100011011000100001111001000001101111001110010011000110011001000011100011101101110001000011000001011101101101110111000001111100111110100001100101111111000011110001011011001111110010011000011001100011111000111111000110001100010000111001100010000110011100011101100000111000111111
00000101110011000011111000011111111000110000011000100010010001111101100011001101110011000110111100111011011010001110100110111000111111100110110110000111000100011001111000001110100110000000011100111011000110001000011001100111000001110011001110011001101000011111000111110000011100011110011111100001110000110011000011001101000110011001100100111100100001
11000010010001111110001100010111000101111101100100110001000010010011110111111110110110001111001100110011000110011100100000011100011011001111110110010000000100000100111010011000001110000110010011110001100010111111001110000111011100011110000011000110011001100000001111011000110000001100111000011110011000100011100110000000000110011000111001111100001111
01000110000000111111110001001011100011001100000111110001001110000110001111110001100110001100111001111111000110000110010010011001111100110001000111001100000110111011110001001111001001100000111000001110001110001110111110011100100011001111101111000011100100000100011011001100011111111110000011110000011100010010000001100100110000001111001101111100111001
10010010110000111100101111011011111100000101100110010011110011001110000000111001011110001101110001100000000010011101100001110011011111101111100011100000001111110000001100111111001111100100110011001100001100111000011100000011011001011000100110111110111010001010000110111000101100011111110111110000111001001110001110101000001101001101010011001011100111
11000111001110011100111110000000011001111110010110010001100110010110010011111001001001001100110110000110010110010011111000011100110010000110111101100110111110010000111101100110110001011000011110011001110011110111000010010010001110011001001110110100001101001110110010000000000110000111011111100111001100110001000000111100001100001110110000001100110001
11001101111000001110111110000001110110010011001110011011000100110100110001100000001110010011110011000001100001100001110100111110000011111001000110011100100111110011000000010011001100111011111001111011000001101100111100110001001100111001000001101100110010011011100011010011001100011111110000110000110011011001100000000010010000100011011000111111001100
01100000111001111001011111110110100010110110011001111000000100111101111100000110000100011011000111011011100011110001101100101100110001011001110000011000110011100000111101000111110001100001100011100011111110001110001000111100010001001111100001111000111111001101001101100000111111011111001011000110000011110001100110011110000011110001011101100000110001
10111000001110000111001110010001100111001111111001100110001100001100110111100000110011101111100110010011100010011000011100010001100001110011011101111011110010011000100100110000111001001100000111111101100000111000010011111000110001100101111000010000111000011101100110011001100000011100000011010011000011100000111100011111001100110011101101100111011100
11000111110001000111100100110001111111000111001110111111011011000010000110010000001111000110011001011100011110100000011100011001011011111000111100111100100011111101001111000001110000100011011001100100110000000011000000001100111001110011000001111001100001100110010110011000010010011000110100111100011001110000110000010011100011001001110011011111001011
00001000011110001111000000111000111011000011111110110000110111000001001000110111001100111001111000111100110011100110001100110111000011100111001111100011001001001000100111000011110001110001001110110001000000000110010001100011011111000111100010111100010110000110110100011000000111001101100000110110001111000010011110011110110011010110111100011110011111
01110000001110000011011001100110011001101101100001101101111111000011111100011000000111000000011110011111110001000000100111111001001001110001110010010011000111100110000000001100011101110010000011010011110000011100011001101111111100011110000010000111101101000001110011100101111111001001100011110011110110100001101100011100100000111001110010000011110000
10110001111000001100001111011001000111001101000110011100001000001011111001010011100011000000001100011000010001110011011100110000011110011111000100000010000110110110001111111111111100001110000110010011011001001100000001100000001100011111111100110010000000000111110011100100000000100111111001100010011000000011110011110111000110011111111001101100111001
01100000111011110111111111110010011100010001010001011001001100011011001100111101111110010010000100000000110001101110101110011111001110000001001111000000111010100111001111011111111100011100001101001001001000110011000000000000111111001101100001110001100011011100111000110010011000000001110000010011001111100110001100011100000011011001100100011011100011
00011001111110011001000000110110110000001101111000111111001111110011001000110011000100100110010001001110011111111010000110010001001100011100110001001111110110111001111110000001100100011000001110010010011111000011000000001101111001111101111001110010000011000111100001111110110010001001101100001110010011110000100010011100110011000001001011001101110110
11000100111000001110011001110001111001001011100011001111001100010001110011011101101111111111110100000010000010110001110001000001001110000110110000001110010010001000110111010011001110111000100011111001100110011001100010011101110000000011101100110001001100100111100011100001100101100101110000011111100000110000100101111000011111101111001110000111100111
01110000000001111110011001101100011111001111100011000100100111001101111111110011001101001110111001101101001001100100100101100011000011111110011000000011110011011001001001100111110011111100000111000010001110010111000111101100101110011001100010010011000111000010011111100111100111111100111000001100100111111000111100000001100110000100000111010011110000
00100000110000011000111111001110000110111001000110111100100101000011010001100100000011000000111100111111000001110110111100110111000011000000110100111100011110011110011011110011111001101100100011110100100000011111000001101100000110110111110111110000001100001111011001110011000111100100011101111110010000110010011001100000110001100000111000001101110010
00110010011000000111011000001100001111000011110000111100110011100100111000111011000011000011011000001011011001100000000110011100110100111100111011000110110001111001110001110011011110001100110001000010011001000110111001101100100110010110110011011000110011100000001100110011000001110000110000110000000001110000001110110011111011110110011111101001100100
10011111111010111011111011100000110011000110110010011001001111100011100100010011000110001100101100000011000011011000100111100001011001000100011001110001111111011001100111110001101101111001010001100111100100110110011110000110000011000011111100100110110001111100000110111000110010111000110000001001110110000000010110011010111001101110001111111111011000
01001100010010010110111000111100001111100110011000001100111000110011100011000111110010110010001111110001110001000010110011100010000011001100010011000000111111001110100011100110011100011001000111110011111000010011000111000110011000100110110000010011100100110000111000001001100011111011110000001001100100011111001011101110001101110110000110100110001110
00011100011001001011110000111110000011100100011001111100001011001000111000010011000011101101111110001100111001110000000100110011110001101011001101000011011111000110010011111000011111001100000011101101110110010000110100111110000011001110011000011000010110110001100100000011001111100010011100110011111101011101000110000010010011101111001001110001100000
00001001111101100110011011100000101110000001100000011101100110001100001101100110010000111000110111000110011000110001100000111001110011110011001000100011000010000110100110110000011000001111000100011011011001111011000000000100000111111000110010001100011001111001111100000110000010111110011000000110011001101001110110000111100111000100001111000001101000
00011100000011100001100100011001101111000010110011100001111111111001111001100110100011000100010011100111110000110011001111000001001100100100111110010011111110011001100011110100011001110000100000011001011001001111001110001001101101100100111111100101100001100000111110000001100110111011101000000110111100111000001100001111111010011110000100101100111101
00000101110100111100111100100111001000011110000111000011100011100000011111011100110010111110011111000000010110111111110001100011111101101101100001100000001010011001110011010011110001110011000110011111000111000111111000011100001100100111110010000110000111011011100110011011011001100000001101110001001100000110000111000011100110011111011110001011111111
11110000111100110110110000110111110001110000100000001100000100110111111100010010111111000010011110011001110011101110001111101110110010110000011110001101110001001001111000000001110010011001000111100000111110001001100000100000001011111001100001100000000011100011111110011110010110010010001110100001000010011001100111001111000011001100001110011111111110
10001001101111001111001100101110000100011011111001111001101110000110011001001000110011110010011000001110011000111000110110001011100100110111001111101100110110001011001100101100001111001100000001101000001110001100111100011110001100100110011100000100100100100111111011110011001100000011010010000000100111001001100100010111000000110000111111100001110000
01000000000001101100110011101111001111000011101100011100000100100001100000111011110011010001111001011111000100111000101110110011111000111100011111100100110011001111100011100000011111100001001100111000110000111001101001100001100110111111100000001101100111100001111001100000110111011001110000000110001100111100111000011010011101111011011000000111000110
10011011110001100000011100111000110011001111100000010010011111111000111111100110000011010001100100110000000011111001111010000001001111111100101101111111111000110011100000110000011011000111001001000011001100101101110111100111100110001100111111111000011011100100100010011000000000110011100100011100111001111100010000000001111111111011111111111100111010
11100000001100111111110011001000011111000010011011111100000111000000100110000110011001100110011001100011001100011011001111111010011000111100010000000011101110110110001101110001110000110110110011110011001110011110001100000111000111001111110011011100100100100001111100011000100011110001100011101111000001110011001110000111111100111000010011100011000011
10010000111001110011001001111100000010010011000001110010000001100111111001111011111000111001000011101111100001001101111001110111110011110000011101000001110011000000001101110110011111001111100011000111111100000010010001001000111111111110110011011001000111000000100011001111000011000000110010001011001100111000010100100001100111111100111111011001100001
00010010000110011111110110110001010011000011110001110000011011001001001001110110110001011111011100000011100000111001011101110011000011001110010110001000001100011111001111000100011111110001100110011000001111110010011100100110001100000111100000111111001110110001110000011110000000010000110100100111001110000110000010001111111000100101100111000001110100
00001100100110001100110110111000100110000111000011011110001111000001001101101001111011011001001001000110111111110000000011100011100100011000011000010011010001110000101001110010011100011001000110001001101100000011011000101111111111000011000000110000011001100010110000001100100111110000001101000001000000111000111110000011011011001100001001110011100000
10000110011000001101101100110111011000000111010011111100010011000011111111110011010110011011100110000010000110110010011011000001100100110001100111011001111001111110000111100101110000110110000011110001011100110000010011100010011001000011100011001110000001100011001111111000110111000110001100100111100110010000001110000110111100111001000001110110110000
11111000111110011000000110001000100100000111100001101110011100011111101000000111000111000000011110111010001100111000001000000111111111100110001100111100110001001110000111111001101100110010110011111100111010011000001001111100100010001111111111001101100011011111100111001100011000100111100001101110001000011000100010001001110101111001100110011011000011
10000011001100011111011001101100000111001111110001111000000011000110011001111000001100100111001101111101001000000011000000011011000110110111000110000110000011110010110111110001110001111111000110110010001100011111001111001000001111001111111000001101110011001110111000110010000110100100011100111001111001100001111000111111001100011100011001100111111000
11001000011111011111001001110000110000000010010000011100110011110001110000000110011111111110011110011111001100100011100011100110111101100010010011000110110000011100011000001110011000001110010001011111111110110000001011000000100110001111100011000011111111000001100110010010100000111100110011100001000000000101111100011111001111111000100111011100100011
01101000011000011101100111110011010001001110010000000111000100001111011001110000001111001100011001111000110001101001101001001101110011010000111110110000000011101111001001111101111110011000000011001100111000100100001001110001000111001111111110110000001110010000001100111100111001101001100110000111011111000111100011011110000000000000111011101111100010
11000100101110011000011000010010110111000111000011010000111001110000110000111001001110001000011001011000110010110011110001111100000011011001100111001101000011011100110011100011100001100111111011100110111011111110000001110010001110010001101001011110111110010011000001110000001100100001100110110111010001100001110100111100100000111000111100010011110110
01100001110000011110000011011000000101000110010001100100111110001101110000011110111100110000011000011001000111100010001111000111000110110110000100110011111111111000110011111100110000011110001100011101111100110001000110011101110111100111100110011000010000111100110011011000101110111001100110001100100000000000110110001111110001111011011100100110011001
00110010010011111100110001100110011001001111110011111000011001110001100000101111100100110110111100010010011000011001110010000110111110011110000001001001100111101111001101100001111110110011000000010011000111100110110011001010001101000111100000110010011110001100101101111100111001111000000011111001100011011100010000111100010001101111001100100000110011
10111100000111100011000110001100011100011011100111111010000111000011010001111111101111001000110001011110111001110011011000100111100110111001001000001110001000111111100111100000011001110011000111001101011110000111110000000111111100011011111001110011001100011101100001111000100101100011111100101100000110000001101101110111011101101111110011001100100110
01000000001111101100100110111111111110000111100110110011010011001110011110011101100111001011001100001100001111100001001001101100110001100000011100110011100000110110111110000110011001111110001001100100100110001100011111111100001000001111110001111000011001110011001110110111001101110001110000010011100111110000001000111010010011000000111111000111000100
11000111100000111100011100110011001101101100011100011001110001000111110011111001001100001110011100110011110011100000111001100110001111100000011001100110000011111110001110000110110111111111100100011000101000011011000011100110011100000111100000111001110000000010110000110001101101100011100110001010010001100000111100001110000111001110011111110011111000
11001100111100000000011001101101001100110000100010011100000110011100110011000010010011111001111111100100011001110001001100111101110000011000100011110011111011110011000111000111110000111100000111000001111100100111100000100011110011010011110001101000111110011001011001101110000100010110000100011111100001110011001100000011100111110011011110001100110000
00001100111000111001110010000011111101100111110110011100011110011001101100111000000110000111000000011111110011111100111000100110011100010000011000010011110001011100001111001100011000001001100111000001111011001100001111000000111100111111100011011000001111100001110011110000100110011111110001100011001111000111000100001100100111100110011001100111011110
11100001011100011111000011011000011111011110011100111100101101110000100110011101001101110001100110000100011001110011000011000110110001110001000011000001100100011011100111000111111001100010000111010000001100011111000000110011110011000001101100000111000011100011101110001110000110000011100001100111000111011001011001001001101111111100111110011010111011
10110001110110000111000011111000010010001110110010001101110001001000011001111000001100110011011000100111000100111001110010001110011000110110001011101001110000000010001111001110110111001110110001100100001110000001001001111100100111101100100000110011110010010100000111011111011101001100111100011001101100110000011110100111111011110011000011001111111001
00111000101110011001001100010011001100000111110000011100011101100000001101111111100110011001111110001001101100110000001101100000010011111000110010011011100001100111000111100100000001110011110011110011111001100010000000110001100111110011111100000111001001000100110011000111001100111100001111000101100110111110001110010001110001000100000100100000111111
10111100100001101101100000000010001110111100110110001100010001100000110010001111000011111000111100110011110111011100100100110111100110011100110111000110011000001101111100011110000111011101100000111110011110011011110110011101110100100011111000011110000011000101100110000110110111000001111100110011111000011101101100110010011000011111001111000111001100
10010111000100110100111001100110001111000000110011110111000011111110011111100100011001101001100111011111001100110000011110000011110100000111100110001100011100100001101101101111000110001100110010011000010011000111110111101110001101100111011001001111100110001100111110010110110011110010001110000001100111001111111000000001100111000000000111101110011111
11111011000111011000101100001100011001100010011111000000000001111110000001101101110001110110010011000011110010011011110000110110001110011000000011111101110000000111001100111100001110000000010011001111000111100000110011111110011011100001110001110111011100011100100110001111111000110001011011001101110000001110000010110111100111000111001100011001001100
00110111011001100000111000111000000110110011111100010111000000110000111110011001111001100110001111100110000000111111000000110011111111111001111000000110111110110011000000111000000100011011100000111101110000011001111000111001100000011100111110000011100110011001111001001101000000111100100111110000000000110111000011101000111100000011111001111110111110
00111000111110000001110100001111111101110000000011000110010001001110001111110011110001110010001111100110110000011101100000111011001110000110001001111100011001100011000011111011000011100000111001001100000110110011000111111100011011100001111000000000111001101101111100001111110001101101001111000001001000010000110111011111011110001111000110000000000000
00111011011011110001111000111001100001100100011011101101100111101110011110000100111001001111001100110000011000110000011000011010111110000110000001101011101001110100111000011110001001110001110001100111000011001001100110011111000110000011111111001111111000111011001111001000011100011100011111001001001001001110011100010000001101111111100001101110011110
01111101100011110000010001100100100001111000101111000011001110111111000110110001100000111110011001100111111100001111100000111001110010000110011110011110011001101100111000011100111111011000000110011111110011111100101100011001000110000110011110000011000111111001011000000111110001100110011111001011000011100011000000011100001110001011111111110001111001
00000000000001110111011111100111100100001110110011100100110000111001100111110100001111101110001110010000111110011001111000011000111011101100110011001000011011110110111000011001001000000001010010011111100011111111101111111100110011100000010001100111111001100111100101001100111100011101000111111000011000000111110011111000111111110011111001000111100110
10010000001111001110110011110010001110011111000011011101101001001100000110011001101100100011000111111000111000001111100111110110000010000100111111011001100110010010011100111000110000000111110110010001110011011001111011000110111000110000101111100110001111001100111111100100001100001111110000001000011111000100011100111110000001100011001001011101000111
10001100100010111100001111100011001000011000000000011001100100111000000011100100111001101101100110011000110011000110010011000110001111001001100110000111000110011001111101100100100101111000001001100110010010000110011110001000011111111110001100001100011111011101001101110000001100110001111001110010000001110001110000001110001111100011111011000111000001
00001111100000100111000111000110010110011000000111100111100011001111001110110001001100001111110001100111001111011001110010001100001100110011001111011011001111000001111001100011001110001110011111100111000100001110111110000011100110011000110111110001110000001100011001110000110001000111110001111001000110010011011011010011000111001101100100001111100000
01001111000110111100011010010001100110011111011001000001000110011011100000111001110011001100011111100110011110000010010000100111000110000011110011011100010011000100011000001100011011100000110011100110010111110000011011000011101111011011000110011111000100111100001101101000000110011110110000110111110011000000001001111000100100011000011010001100111111
11000001101001111100110011100011001111000010011011001100111000110000110000111100001000000001110111000000011001101100110011001111000011111100110000000100100100100001111100001001110011111110111111001110111000100110001110000001101100010000001111001111111100011000100000101111100110000111110011000001101101001001111000111000001111001101110110001111011011
01100011010011011110011011110000001110000110011000011000011011001111100000111001100111100111011000100001111001100001100100010000011111011001100010001000110011011100110011001111000111100100100111000001100011111000011111000001101000000011110000111110011100000110000011100000000000001000111110111111001110010111111100011000000000000100000011011111000111
10011111001110011110001110001100001100000001100000011111001101110011110001101001100000001111011001110111100010001111100111000111000110111111000000111100000110110000111111110011111000110011100011100000101100001110001001001111100010010011011111100000111000010111100110011001011100010011000001110111101000000010011000110010000001000111100001111111110111
11100011011110001110010011111111001100001101001101111000011010011000000110000110001101011001100000001100100111100110011000010010000001111011111110000011010011111110000111000111111000001100011011000101101100001100010111010000111110000001100000010000011001111111111111111110001100000111000110001100110000000000111011000111000110010000011100011100000011
01001001100111011001001001111000000111110011111000101000000100110000001100111000111100001100111111001100100001100100011000110110001111110100000110001100001100000100001011111000110011011001000111011110001000111111001001100101100001001001101111100000110010001111111011110000000100010011110000111000111100000001100100001011001111110111111000111101110000
11010011111100001111001110011000000000110011001111111110011110000110110110110011110011000001111000001101100100011000011111001111001100110110010011011011100010111010001000000000001001011111100011100111001101100111111001000010010000001110000110110011111011001110011001110011001100000100100000011000100000111001100100100111001100110011011101111100111110
00110000110100010110110011110001001110010011010000110111001110000011110110011001011111100111100000010010001101001000110110011001100100111000011111001111110001111000001100000111011100010001100100110011101001110001100011010111010001101101100000011001001101110001000001110110011001001101111100100111000001100001001001110110011000110000010010001011100111
00110010100110000101000010001111001111000101100110011101111110001100110010000110011011100011000010011011000100100100000111000100111000011100110001100011101000110111110011101001100011001100001111110010011100100111000001110000110010011001100001111011100101000000111110011001001001111111001111001001110001011100000011111100010000111010011111000010011001
11000000100111000100011001001111001111000011000010011001000110001100011001100111000001011000011001110111001000100110000111110011001100100011001100110011100000001000101100100011111100011011001100011110011011000100100011011011000011000001110001100101100111111001101100011001001101110110000011000001100011100011111111100000110011100110110111001111101111
11001100100111011111000000111011011101110100000001111100001111100100110000001111100101110001000111000111000110001100111111000010010000110100011111110011001001011111011001000000111000011110001100110001100100111011000011110000011110011011110000001110011001110001100000110010001011110011111001101100100000010000011000110011011000001111110111001100110101
11100000100111011001101100011001101100110011011110111001111001001000011000101110100011111100111111100011100000111100111100110000000011110011001001111111110010011100000001111001111110000111110000011110011100100110000011100110000011100011111111100000100011000001001111000111100100111100000110001010011000111001000110000100000000110000011110001110111101
01111001111000000010000011000100100111110010011011011100111011111000100011001001110000000000000000000110110110001100110011000011100001100110010011101100101100000001110111110000001000111111100010000110011111000101100011001100011001100110011000010001111111100000111001000100110111000110111001100110010010110000011001001011100001001001000011111011111101
00110001100000100001110011011101111110011111110000110011000001001100011111011011100001111110001001101100110011001100000110110011001000000111001100101110001000000111000110011100111110000000110001100000010110100110111101100110110000100001111000111100110011111000011011001110001011110011000111000100100011100110010111110110111000000111110000000000111011
11111100001000101001110011001000111011100001001101111000101100001001001111111100011111110010000001110000011110001110011110110010011100110110000100111001111110000000111011101110010010001011100000111100001101001100110110001111001001111000001001100011000011001100100111100000111100001100110110100110110001100110000011100111000001100100000111000000110111
11000001000111100010001111111100110001011111101111110001001101100110000011001000100001100010000111110000110000111001110011011100011110100110000001111100111110010011111001111100010011100100110010001100011111001011110000110011000101111100011100001101110000011110111111100011011110000001111000100110011000110110000001110000000011000111111110011110001111
00111011000011001011011011001110001100110010001111000011111011100111101101100000100001001100000010111011100110110011000110111001001100000110100011001111001100110111001110110110010011100000001110001001100111101100010110110111100011100000110011011001110001101110001100111000100100100111000000010000111000000001110111011001101110011011000000011001101111
00111011001101100111000010011000011001000100110011011001001101100000110000001101111100110011001100100011111000100110011100001111011100010000001111000111111001101000011001111100110001101101000011110100100010100111001100111101000111110001111111000100000100101111111100110011010010001101110110000110110000110010000010001111001110110110111111000011110000
00011100010110011101100000110110100100110011010001000110110111011001100110001111110000011000011100001111111001101000000111110111110000100110000001001111011011100111001111010011000100000111111000110001101111100011100110001100111000011100011000110110011011100100111100011100001100111011000011000001110001101110001111001100011001111011111001111001101001
10000111000111110011100011001001110001100000100010010011101110111000110110001000110100100110000111001110010001111100000110011100110100000111001111101101111000001111100110111000111100111011100000011011001110000110100010010000001100100011111000111100100111000000001101001101110011111000100110001110011000110000011111000001000100011111110110001111111001
11001100010011001100111000111111011100001111110000111101001110000011110110000000000001111000001110000000110010001100110111110001110000111001100111110010000110010111011110010001001100110111000110011100000001100011111111001110110110011000010000110010011100000001110001111110010010011000000000000110001111101111001111000011111001000110001111111111100001
00111110010001100011001001101011010110000101111110000110001111000001001000000000111100100111110011111001110111100110011000110000110011100110000001000100110000001111110011011110011100011001100110110011000110000011111011001000110011100011001000010011000100011000111110011011000111111110110011000000010000110001000110001101101101101011001101100000100110
10011011010000011000110010011100010000000001100000001001111111100111111101000111100011011001100000000011100001000110001111100001110000001110000010000001100110111111001011000010001111110011100011100010001100100111100001100100111000000001001111100111100111001100111111110011100000000001011101110111100100111100100000100111100110010011001001111111000110
01111110001101100111111001111011000011001001100000010000110011001110110000000000110010010110001110000001011011110001100011100011110001001100000011011000011100111101100110011110000110001001011001001101000111111011000000111011100111011000111100000100111111111110111111110111001100011000000110000111011110011011100111000001011000110000111101100110011011
00011001100011111000001100101111100100110011110010001100101100111011001111011000111001111000011000011001100100000110001001111001100111111100001001111100011001101101110011011001110000001110010000111001001000011001110110011011000111100110111100000110010001101110100111111111000000011100111000001011010000000110010111100011001100111110011001011010011110
01001100001111100100110001000100111111111010001111001011000101111000000001111001000011100110111110000000110010000011000111100111111100110011000000111100110010011001110011011100110011001101111000001011001100110010010001111100000000110110111010010111100001100111011111000001110011001100001110000001111001011011110011011100111100100000100111110011010111
01100000011011001100011110011110001100111000101111100111111111001001001111100001100010001100000111011000110000000011001111111100110011001101100001100000001111110011100100101100000110010011100110111100001100110011001111110011001001111100110111001000110110000110000110000000111100000100100001001100011100011110001111110011001000001110001001110011001111
00011100100010001100000100001101100001110000111111000010110110011000100110110000100000110110011110011000111110110110111000100111111100001001100111111001100000010011011011001100011001110011111000001110011100111100110000000000011000110110011110000000110001110000010111011101110010011001100011111000000001100110000001110000001110000111000000011011011011
00001111001100100111100111000000011001001111011001101110011011100111001111001000011011110000111111101100110010001111001111100100000010011000111001100011011001100111100111100011000001111100110001000110010011111000001100001001101111100101111000100011011110011000111001101000101100001101110100000010011011001100001110000000101111111111000010001001011100
11011100110111001100101110000011100000000011111010110011101101100000000010111100100110111110000010011100110000001000110011011000000111110101100001101110011100000000011000011011001001100101110001111101111100110011100001111110001111100110110000000111111101111101100111001001001001100110010001000100111001100111100001100010011110110011110001110001111101
01111010000000110010011100000111111100110110010110110011100010011110001100000111111011111000000011100110110010111001100011001111111111100110000111111001011100001001110001101111001100100001101000011011011001110011110010011110100111110001001111111001100011111100011001110111011100000000011001101101110011001000011011100000000111011011101111111011001111
00000100000110111000110001001111111000111000001110000000011101000110010111111001100000100110110000000001110011111101110001000110011110010001001110011111001111001111111001101110010110001101001100011110011000111011111011011011001100011110011111011001100000101111011000000011110000110000110011011000001001001100001110110001100011000111110011101001110001
10111100001111100000110001100111011010001000100110010011011011001100110111100110111000101110110011110010011100010100011000010010111101100011100011110010000001100001110010011011000001100010000110110110100110110011100110011000001111000100110011110001111000111100001100100010010011000110001111110000100100001110000001100111011001111111001111100111001111
01000001000110110010000011000111000001101101101100111100110001111100110010111001110010001110010010000110011000000011110111111110001110000110010011110110111100100100110011100100011011100110011000000011100110111000111100000110011001111010001100001101100000101111101110001111111010011100010010000001100110000011100111110010011101100001100001110000000111
10011011000001101100011100001100110001100110000111100111000000010000110111001110001100100011101000101100000110111011001100011110011000000011111000011110011001100000111100001101111111100011111000011011110000001100111111011111000100000100110111011001000001001110011101011001000110110011001110011111100000100011000011100010000110001110111110111111010011
00111011100111000110011111001101110110001110001111000011100111111110000011111011101100000111110010110110011111000001000001111100001100110111111000000111011100001111011010011011000101110010011000011111011011110000011111110001010001001101100100011110011001100100000110111101100000111111100001110011100110000111100100000100011001011001100011111101111001
00110100100001001100111110000000111110011001100001101100011000011100000100011000011110111101100001110011001101100101110000011100111111000001110011001111100000011000100110110011111111110000101110000111000001011001111100010011110110011100001011110001100110001110000111100100111100000111101111100000110001111111000001001100110011000001110001101101101110
11011000100001101100100111100011111000011111000100111101110000111111000100011001111001100110100110011010001010000100111110011001111000111000110000011111000001100000011110010011000011111000001001101001011000110000100111000111111101110010011011000000110010011110000011100110011100100111000101100011001100000100110011011111011111000111001110011101100011
11111001110011100110011001100110001111100001010011011000111001100010001111111100010011001011000110011100111110001111111000001101100100100000110011001111110001110000111110011100101110110001100100100110011000110110011100100011100110001110010011110001101001111100110001100100110110100011100100010011001111100011111001011001101001100101110001100011100111
00111100011001110110010110011001101101100011000001110000000111110001000110011001100000110001110001011111010011111100110110001101000001001110010110001110000110010000001100111000100001111001100011000111111000000110011111100100000110011001000111001000111001100111110011000001000011001001100010011100000110000011001111001100000111111011101100011111010000
00001100110011111101111011011111000000001100011001001110001100110111011111100011001110000000000011001001111000011111111110010011001000100011000000011110011011001111010000011000100110110000010010001100000001110000010011001101101011111010011001110001110000011111101111001001111001100111100111100001001000000100110011100011001110001111011001100110011001
10010011100011100001100100000111000011110111001100111100111111000001111100011000111110001111100111111000100100001111100000001001101110011001110110111001001110000110011001100101001100100011001110111110001001101111001100000100111000000111001110010011010000011110010111110001001100011110010000011000111000101101100111000010010111000000000110111000001111
11110001100011111000000011000111100100011110000011000001111001111110000011100101110101001110000111110011110011001111100110001110011111000011110001011100000111100111100001110011001111110010011100011111110000000110001101101110011011001100011011000011110100001110011111011100000110001110000011000011001101001110010001111100100110011011110010011111001100
10000100110011001011001100011101101100110001110111100011000000011000010110110000011101000011001110110011100110011110011000000011001111100010111000110000000001110011111100011101111000111011111100000110011100111001001100100110110011001110000011000111001110000110110001110001110000001111001001100110001110011110111000011011001111011001101110011000000011
11100011000111011111001101101111100110001111011110110000111100011100000011111000001110000010001001111110011100000011100100001110111111100001100110101100101101100111101100001001110000000011001100111011100001101110000111000001100001100111111011011000110011110011111100110000011000001100100011110011000000110110000110011000100110011011001001111100111111
11000100010011110110101111100100000000111001100001000001111110001110011001011100101100111011110110111011001000100001111100011010011001111001110110011100000111110010110011011111000100001001100011100111100100111111001100000011110000110110111000011000011110011001100111100010011111011010011011011011100011100010011000000110001101000011111110011101100010
10010011111001101111000111110000111000110011110011100001110010001111100001111011000110000000100011011001111100110110110011100110111010000001101101100110001011110001101101001101000111111111111001100001000001011111001100110101110000111011110011111011011000000011000001000000111100100011000100111001000111000111110010011000000011001100101100111110000011
01000001011000110011001111000000111100100110000011010001111000110001100100110010000111110000011111111100001000001100001101110001000001101111101111100111101001000110111110100000010001001101111111100110011011011000001111110110111000000011100111101110001110000011010110001100010011100000000000110000011001001100100111111101000111111100111100000111100111
10000100001100100111100011111001100011110010110000111001001100001100111000011000100110011001100000001110110001100000101100111000110000001100101100100011000000011000101111000110110010011011000000001000110011001101100011110011100010100000110011111000000111100011100000010110001110000000011000001100111101111000110010000110011001100000000000010011111001
00011110001110001100000000111010011001001101111001100000110001111110000000001001001111001001100110011101100001111000111000001100110010111100111001101100111000010011100011100000000000000111111011001011111100110011100011000000001110001111011001011001110011100000111000011111100111010001100001100100111000010000011110011011101001111000001111001110101001
00000000110010001101101100111001111101100000010001111100000111110011011000100011100001100110111100010111111011111111100100000000000000000001000110011000100000111111011001110001000000100000000111110111111111110000000001110000000101100110100001001100011101000111000011011100000111111100110010001101100001110010011100110011110010110000011111000011000111
10110110010001100011100001110111000011000011011001110011000111111110001111110011000111000001100110011001001101001110001100011111110001100110110011111100001000011011101111110110011111001100100011000001100011100011001111000110000111110000100000111000111001001100001100011111100100110011011000011101101100001100110111000111000001111100011100011011100011
11001000001011011101111000111100011100110001001100011100110100111100110111110011011001111000011010000011100001111100110110010001000000000000110011111110011111100111001100000000111011011101100100110000110110000010011100110110001000001100110011000110010110000110110010011100010011101100110011111000100000110000011100100011110000111011101001111001101100
00000001110011001001100010110011011100011001001011111001100000110010011110111000100011011001111110000110000000011001011100001100011100111001101111100011100000011011001111110011100011100000010011111001111100110111100001110001001111100111110000100000001110011011110110011101001111000111110110001110000011110001110000011110000000100111111110000011011100
00111110001110111011110000110000011100100000000000001110011011010001111000111100110100111011001111111111011000111000001101100010011011011001010011100011100110010110001110110000111100011111111011000000000100110011110110110001110111101101100000001100000011100100001111001111100011010011011000001001100111011100011111111001100100001101110011001101111100
01101100110111111100011000101110001110000011100001110000000100110110010011111011100011111000110001100110101100111100110100110001111000100110001111111010000100011101100010011001111100100111000111100000011100010011100001110000000111100010001000101100001111100100011110000111000111110110110000000011001100011110011000000011000011101110011101110011111100
00100111100011111111100000011111001111011110011000111110110011100011001110000001110000011011100100100110011001111111111111100110011000111001100010011100011000010011110000001100111001101101100011111001111110000111111000100000100011011011000010000011011011101111111100000101100100010001011101000111110011001001100111100000111100111111100111111000010011
01001000010110011100011110001110001001110010010011110111000000111110000010111001111001101111000100001110111001000111100001111100011111010011100000000010011100111000110000000000110011100001110000111110010000000110011111011001100001100110011110001100111000111110011000011001100011011100001101110011010011111010011000001110000110110001101001111111001110
00100001100011100011100001100011100011111000111010010011000001000111011001001001110001111000110001101101101100110111110110001011110010011001001100110100001110000000011000111011111111001100000000011101000100110011011100001110001101101010001111001001111111100000011100000110000001111000011001100001100001111100000001100011011000110010010011011001111111
00111001000011100011111100110100100110011001001000000011100001011100101101011001111110011000000011001100110001110110011001010011110011000111001110111000111110000111111110001100110110000001100111001111101100000000111000010011110011100011001101100110011001101100111100000010011001100100011001100110000100100110000001101100000000110000001001100110111100
00100011100011110110001100100110000111011000001111000001001101001110011001100000100011111110001101110011101000111110000000110001111100111110000001101001100111110111110000111101100110110000011000111001000111100011111011000001101100001000111110001000110001111100110001100011001100001110000011110000111110011001000011001111000111000011100110110011100011
01110011100100011000011100111001011000110000000110001100110111110110010011100101100011101011000111001101100010100111001101100101011111100110011001101100000000011111100100100111111011011001110010011000110111001110011110011111110001100100100111000100001111011001100110110000111000110011100000111000001101100110110011110110010000011001001100111000110110
11010001100010111011000010011000111000101110111100000010011001111000000100110011110000110111101111101100110110000000110111000100100111100000110000011111100110000011100000000010000011111011001001011001110001100001111101111100001110000011110000001110001101101101100111100110000111001110111011000001100000100111100101100000001111011000000111001111001110
00110001011100111001001100000110011000001011001001110000110100010011000001100100111110001110001101111000011111000100010100011100110111110001100000111110000001110001011100011101100111110000001100011110011001001111110000011011001111001100011110000011111111001111100111011001001100011000000011110110110000000110011001110000001001100011011001110000001100
11000111001111110010000011110000110000100111011000010010001101100001001101011101111001111001100110001100001100000110010000011111001111000110010000011100011111100011110011000100000011101111010110011111111001000000101110000000110110011011001111110001101100000000111011000001101110111101100011011001001100000000110000100110001101001101110000001110001100
00000010000010110100011110001111100110010000000110110011011011110100010111000000110001001100011111000011101100000011111001001101000000110010110000001111001100010000111000011000001110111000110011100011111001100000111111111111101000011000000001100010111111001100000000110011011001001101100110000011100001100110000001100110011100101100000000110011000011
11100011111011111110011100001001100000000100000110001111100010010111100111001111001100000100110011111000011011001110010110111110110010100110110010111111010010001100110010000111001001111000011100011001111101111110111100110011111110111000000000000011111011001110000000000001100111001111001001100110001100000111000011111011111111100110011000001110001100
11000110000000011000110011100000110110011110001110010110001110000011011001101011100111001111011001100110011100000011111100010011001111011000000011011100110001001111110000000101100110001100011000111110111100110100011110011001100111100011001100011100110111111100001001110110010010111001000100110100100110011001110000111100011100111001111111111110000011
11001001111000001111001100111111100110000100110011110000011100111111011000110011100001100000110111111101111110111111110110001000010000000011001011001001000110000101101111011000010110110010011101100011101000111100011100110111001001100110000111110000001101110011001011011011000011000001100011111010001111000110001000110011100001110001111000001110011111
11111001100001101001100100011110010011001110000110111000100110100110111111101111101110100011000011001100100000000011110000010000100111001111111000010011000000000111100001111011111101111001110111100011000100011110000110010010000100000111000000111001111111001100000110001111001110000000011011000011100011000111110000001100010001001101100001011111001111
11000000111011101110011011001110111001000000010001110001101110001110100001110000001100000111100111111100111111000000001100001100001110011000011011001110100100111101111110000011110011000000001111000100110000001110111111001001101101111111000000011011011000110110000011100010011101110011100100110011011001101000011111011000001001100011011110011101111000
11000000011001000011110010000011111100001001000100111110011100010111001001110001100100000110111001111110011001100001100000011000110010010011111100011111000010010011000111000111110001110000011001100010011111010000011111000000001110011101100111000100000011011111100011100000001011100011001100000110011111100010000000100011001110011000111011111111110011
11001110010000111001001100110001111001111111000011000111111000011000011001100100000111100111111000011001101100111000110000011100111111100011100011001011001111000111110110011001100110011110000000011001100011011101100111100011111110001101111011110111001101100111111000111000111100000101101000110011000000000011110001110111100011000100011110110001110001
01100011000011001111001111001111110001100100110111111001011000101000110001101111000110011011001001000001110000011001000111111100010011001100111110000000100100001111000110011010000111100110110000001111110100100011000110011011000001110111110011001111000000000011110111111110001100011111110000100110111001001110000000110000110001111111111010111100000011
11001001100101110000001100000011100110111110011100001100010110011101000001000001111001101110010111100110001111101111000111100011000110110111110001110011011111001100110010000010000111100011011001101110001000110110000011000110011110011100111111110000111001100001100110001111110011001100011011000001100100110011011100110011011110111110110011110000000110
11100111000001111000110110111000110001100000001111101100010001001100000111100011001111001111111110010001000011001111011011101100100111001100000000100110001111100001100100000001101111111100111000000111110001110000001110010000110000011100110000001100110100011100111111111110001111000111000001111000011101100111000100111110001110110110011001001011100000
00001110100111101000001100110000100011111011001111110011000011001100001000011100011110111110010001100110011000000110111100110000100110011001111000110100101111100110110111000110010000011011111000111011110001100110011001101110000011011110001001100110001000011110001110000001001000101110111100000000111110011111011001101100001111100100111000111100100111
01011111100110011000010010000111111000011011100000001100111001111111001111011111001100011000000001110111111000000011010110010001001100110000111100011000001011100000110000110010001101110011111111110011110011011000000110010000110011100110011111000111000011000011000011000111110001110110010000001000001111000011001100011100110110111000111000011110001100
10110000011001111000011100101110011111000011001111111000100000111001000111110100000011000000000110010000010010000011110001111101111101110001100000111110110111011000110000011111111111000011000110001111110000110000010001100000110000001100110110011001100110011110000110011001100001100111001101110011000111111000110010111000110000000011100011010000111010
00110011100110110000001111100110011100100110011100010011000001000110011001101100000011110001110000011100110110011111000110010010001111100111111000110111010010110011001100111011100111111001011000110100110010010011100111001111111111000000101110110001000000011000011001111110110011001001100000000000011000001110011100011101100110010001100000011011001111
10001000011100111001100110110001100100011110001111110011011011000111000111111000000011100111011000111001001111100001100001000111110110110001101000111100011111100010011001001111000111011110011000011111110011111100011001110011001001101100000001000000111010001101001110111110011110011011001101111000000110000010110000110000101100000110011111110110000011
11100001100001000111111111100011110110010000001001101101111101110001110000111000000100000111100110011100110011000000011000111000010111110001110001100011111110010011110100110000110011100100111110010010000010011110000010000100110010001011100010011001110000011111001100110011011000110010011100011001001111001011100110111111000111100000010011011110011111
10011000111001101110010011000000011100111100111100000011011100000110001111001100100111001111100101100001100110100011000110000110000011111001111000110011000111110011011111000001100100111010000011100001101101110111111101100000110001110000110011110000010000111111111100100001110000111110110001100100110100100111100010110000010011100001100001111110111111
00010011111000011100001101111110001110001101100111100000110100000100000000111000111111001100111010001110000011001100111110010011010000010000011100111111100011111100110011000111100000001000001100010011001101000110010001111110111110001111100001111000110001100000110001110110010011000111101100001100110000110000001101100111111001111000010001100111001110
11001000111000001011001001101100111110000111110001011101111110001011100010000110111110110011100000011100110000110011000000100010001111101000111111101111000110000010001001000111110000011110000111000111000001001100110110011000110000100110110011100001101100000011100111111011001000010011100011100110001001100000011000110011000001110001001110111111100001
10000111111100001111001101110100010000000111000010011010001100000111001001110000110110011111100100111100111000010000011100100110011000011111111100000110110001100100011110011000010001110000011001100110111010000111000110110011011000001111000100111101111100000000111011111111000110001010011100001110100000000000111000010100110010011110011110001111011001
10010011100110011001011000011100011001001011000000011101100110011000111000110000110001100011111001100101100000110011100110000111001110011001001111100001100110011000011111001110011100110110110011100011100111001111000001101110011100110111110001110000110000110100110010011011000111000001100001001100011101100110110000110011111001101110111110110000111001
00100110011110000100100111110000001100011100110011111111011000011100110001111100111101110000011000111100100011001001001110011111100001111000011110010011001000111100100011001101100001100111111001100011110110001100000001110010001111011111110001100000011100001100001001111101000010010011011100000111100111111000011001011001100001111100011011001001100111
00110001111111011111100001110110001100000000111011011110001000101101100010000011001011111000111000100110110000010110011011010011100111100100011100110001000011011110001111011001100011000001000011100100111011000110000100001101001100001001101001001100001110001001100110001011100111000110011000100111001100111101101101010011100001110011011100000011111011
00011001111100010011110000111100011001110011110000010011000111110011100000011011000111100111101110001101100011111000011111110011111000111100001110000011101110001100001011110000001101101100110110001100110011010011110001111000011101110011110000000000110100000110011001001110010001110010111111000011111001100000010111110001110011101110011111100001110001
01110110011000000011100011000100111000001100111111011001011111010000101110011001000011101100001101001101111000000111111111110111010000110110000010111000100000011011001001100011010001101110000110111000011111010000011011111100011100111000110000111010010001110011011011111011000101100100101100100011001000111111001110001101111000011100100000101100011011
11110001100101100111100010011111100111110001111001100101110100001001100010110001111100000111110011010111100100000111001101100111111001100011100100111100000111100011000100111001111001100111001001100011001000000100000000111111100000010011111110111111000011000111001110000101100100001100110111111111110011001110001001001100111100001111100001111001111111
11011101111000110000100111000010100111100111110011001100011111000111110011001000000111111001110011111100100011001100110001111110011011000011001110000010001000111100001110001111001100110010000100100110011001110001100001100000000001011111100111000001110010011011111001100111100110001010010000011000001001100001110000111101100110100111111111000111001101
11111110001101110001110000001100000110011101100000100110011011100101111000101100000001111110011100111001110110111001001111111100010010001110001110000001110110011101101110001001001011011110001101110100111111011110011001101101011000001110111111011001100110111001111000001110001101001100011000000110000011011000011100000011000111001101001110110001110010
11101100011111111101110000010111000110110111001111001110001111001001111100011111100100100011000010001110000000011100000011110011110000011000110010011101111110100011100001010000111110001111000000011111010011000111001100011110001111001100111001110111001100110011001100011100000100110001001100100110011000100000110001110000110001100000110011010011000011
00111011001100000011101110000000111110001001111100111001000001100100111100001111000011011000111100111100011000111000000110000001111000111001100110110001011100000011000111100111110010001100011101100000011100010001100011001110011100110011110000001000000000011000111111001001000001110010011000011101111100110011001111111011011100010010110110001100110001
01101111111000010000111100011000110011001001110010110010000000111000100110001000001100100100010111000011111100111100100111000001000111111010001101110000001111000011111000001000001100001111110010011100100011011100111100000110000000010011001111111100001101000000000110011011110000110000110111001011110001110000000011100111011001001110011100010001111100
00011111000011000000100100100011100111011100011001000110011110011000001101110110111001110010011011010000111001001110011101111000011100010010001001001101101111001101100100111000100111000001111001011101001001110000110110010011000111000001111000111011011011000011000010000011000000000110011001011100111100110000011001110001111000100111100011110001110011
00111000001001100001110011001101001100101111001111111111110010111001011001000001101100100111100110110000000111111110011011110001100000011101100001101100110100110011101100010001000110010011111001111000100001111101111100011011001001110011000010000010001100111001101100000111110000011000001111001100111000001000000011110001111100010110000110110111111111
00110000110000111111011100110001100000011011111000000111100110111100000110100000110100011000011110011111001100110000010010011000111000000110011001011100000100000011000110011011001100100100000000000100110111111000111100011110001000010011011011101001100011000011111100000000111010011011100000111000111100011110000001111000000110000111001011001111111100
01110000110010110110000001111100000100100000011100000110000000011101101111010000011100111000001101111000110011001110011000111001110000000111100110111000011111001111100010011100001100011100011100110010011100011100110011011001011001101100000110001101100011111110001101100110000000011100001101110001101100010000000110010000011011000111111101111111000111
10001100111111100000000111110001111001110100011000000011110011011001101111000110001100110111011111011000000000000011100000111111100110100110111001100001110100110110110001111110110111001000111101100011000011011001111101101110111111110000111100000110010011000011001100001111000100011000110110110000110000000010000011011111001100000011100011000110110011
00111100110000101100111000111001000000011100011001110110110011001110011011000011000111111100000111000011000110011110000011111000000111011100110111001001101100000100010001000011001111110001110011111110011111110111111100011000011000100000110111100011100110111100100111100111001110001111110011100100111011000111100001111000011100000110010001111100111011
00100111110011100011011000010000110110011100011101100001110000111000001101110011011111111110011100110000111100000110011110111001100011000011000001100110001101001001111000111001001001111110000011001111000111000101101110010010111001111100110111000111000000001110001111000101100001001111100001001000111100001100100010001001110010000111001001100110111001
00000011100111001000011100001000001001110110011111101111100001001110011110110011000110011001100100100000111101100110001110000110000110001111110110011010011001111100110001101111100110000000110000011100111111110010000111110000000111111111000000011001110001101000111111011101101100011110001111010001100000100111100011110011011111000001001110111110001111
00001111100111000001000101101110110000110001111111101100100110001101100111000001100111001100010011100110011100000011111011110011011001000111101000110010001111100001110000011001000111110110000001100100110000110110001100111101101100001100000011000100011100011101000111111100011001001000110011100100111000011000001011111000111001100010011001100110000111
00110010000011100011111111001110000110010011000011001001100100110100001111100100110111000111100110011000111110011001001101100111100110011001100110011101100000110001100111111100011011110110011110001110000001101000101111000011010000000011111011000011001001100110001101100111101111110011001100001100001101000000011001111001001111000110110001001111100011
00111000111100110001100110011101110110000011111110000110011000000111011110111100111011110010011010001100010000110110011110000110111011111100000011000011001111001100011101100111111000011100110010000000111100110001100110000000010011111010111001111001101111100011101100100000110001100001111111000011000011100000011000001100011111111000001110110011101100
11111111001000001100110000011110100110011110011110011100100000001000000111001111111010001100001110011111110010000000101010011011110111110100001100001000111100001110000110000110011011001110001001111000011110100110001100000011001111100111110000011100000001000000001110000001101111001110110011001100010010001100010001100000110001101100100111011000111101
01000110011110001111100100001110000011110000111000001111000001100000000011011101110001111000011011001000100111101100011111110011011000001111101100111101101101100001100001000001001011110011000100111111001101000000111110000111000011010011001001100110011101110011111111100010000011110100010000000111001100000011011001001000111110111111000011000010111000
01100110001100000001100110010110000011100011111100101100001100011000011100000110000011110000111000110011111100011100000110001000111000011111001101111001111100110001100110010011101110010010000110110011101111000001000111110011000100011110110001100100011111011000011011000000000100111000110011000011100001100011000001100000100110011000010011100100100100
10000001000111110011111101110010011110011000100001000111000011001110011110000010000110111001100000000111110010000111000110000110001100000111000011001001111010110001110001100110011011111001000001111101111011000011100000010110011111100110110011000110010001110000010001000111001111111100111000010110000110011100001111101000011011001100100001100000111111
00001000011011001001111100111100001111111001111000000100100111001000110000000110110011111101111000001101111111111000000001100010000011101100011000110011010010011000111111111011100010000001011100111001110000111111100110001110011010001000011110001110111111100100111000100110001100110110000110110011101110010000110111000011001000111110000110010001100000
00011101100110000000111000011110000110010001111111101111101100111000011111111000000100111000110111101000011000111100011111000011111011000011011111011101110100000110000110011100011000010111100000110000001101001101011100011100001111110001111100001100000001001011010011001101100011011001001101001101100110001100000101110010011000001110000001001000011110
10010011000111100000111001111111000001110100011001111111010011000111111110100110010011000000000110110111000110011111100000011110110000000111011101110010001000110011011001001100001100100110011011001100111001100001100110010110000100100001111000011111001100110111100101100001000111101111001110110001100010011110000000000011001001111111100110000010011001
10010011100001101100110110110001110011011011001000001111110000110000011100011001110011000110100110000001111001110011011100110011000100110111110110100011000100000011001111001101110110011011111000000000100111100001100100000111111000111110110010001100011100011000001110110010110000111100000110010011001000000111000111000111111001100110011000011001001100
00011001111011100010011000111110011011000010000000110111111000011001101001000111011100100111000011000001001100100111011111011001111111110110001110000000000100010111110111110000010010010001101011011100001111000100111110001110010000011011110011100110000001000011111111000011000001100011100110000001110010000000000011110111000100100011001101100000111111
00111101100001111111111100010001110011001111111010000000100100100001001001111001111101110011000011000001101100110011111110011000100110011111100010000100010110000110110010011100011100110000100000011101100110011000001110000110111100011001110110000110000011110010010001111001110001110011001100000000100110000100000001111000111010011101100100011100110000
11111000001001111000110110000001110010000011011101110110000111100111011111000000110010011000010011010001100011000110001000110000010011110011111001001111110000000110000111110111100110010011100001101110110011000100011100011111001001001001110011001110110000001110001001001001100101110110001000001001101110001010011100111001111001000111000010001100000000
10011000001101110011111000010011011100111111001111000001110001110100000100111001111000111111001101001110111110010011011001110010011110000110011001111000011011111111110000111111000100010011000111001110110011110111011000000100011100110010111010000111011001110110011110001001000000101111000111000011110011010010011101100100011100100011001011111111001100
00101111011000000100000110001100100001111100111111001000001000001000111110000111111000000110011011001111111100100010010001100001001111001101110000000111111110011111001000011110010001100111011100011011000001111000111100000010110000111000011001110011111100110001100100110110111100001000000000110001101111001100000010000110001110111111000101111101100110
00111110000000000011111101111111011111000100110010001111100001111111000111000011001000011000011010010000111110010010001001110110011100001001100110011110001110000011111000011011001011100011001110011001001101000110011000111000111100011100001110110010000100110110011110011001111101110000000011011001111100011110000000110000010011010001100000111111100010
11110111000111111000011110010011100000100001111100110011110000111000000111101000110110001111111100100110111001000111000000111011100110010011001100111111000000011100110000110010110000111100011001100110100111110110010011000100100110011101100111100100011000001110001111001000110000110011100001111111001111000110001000110010011001001001111110001001111001
00001111100100110110010001110011011011001111001111001110011000000111100000000110111000100111100111110000011100000111000001111000100111001110111011110011000111000011110011001111011001100011110010011110001000110011001100011100111001110111000001000000011110001110110110011100011000011101100010010001111001111110001110011110011100011000110111100001110111
01001111100110110000011111000111000001100110110011110000100111011111100011100001111110011100001100010011001011000111111100111100001100111001001110110010010011111100110010001111000001100011100110001101110011100000001101111111000111100001111001001111110001101100110000010000011001111001000111000010110011001101100011011001100100100111110000010000001111
11110001100110110010001111100111000000011101001111000111100111000111001101100100111001100001110000111101001100001101110100001100000111100001110111001001000110011001100000111110000110100101101111100100010010110011000011100100110000111001001100011000110001111101100110100010001100000010001110010011011010000111101100111110111111001001111101001001110110
10001000110011111100000111011001110000111000111110000111100011000110011111100000100110010000010011111001001100110000110000100110100100110011001111110000000111001101100100110011110001111110011001000111000100001100100110011111000010011111011100010011000010011001101100000100111000001101110000111011001100001111001100011111001101011111001001110000000111
10011111100110100011101010011011101000001110000100100111000110000111011101111110001110111000001000001001110011001101000100110011000110011111111111001101100011110011001110000111111001100001101000110011100001001101100111100111101110010111000001111100110010011000000111000100111000001001001111001111100110010011100000011010011101100000110111000110011101
00100011101100011000001100000001111000111011001001000011110000110111001011011001100110000111001100011000000110011000011110110000001110011100011011111001100010000000111111011111010011001110011001001100111111111100011000111100110111001111011001000001111010000111110110001100011100001101100011111101100011000000110000011000010000000001111110011011111000
11100001001010011100010001111011111000001111100110111010011100001001101100110011111000010001001101010000110011100001111110001101100111001100100111001111000011100010001110100011111001100111100111100100010011100010001011111001111101110111110001111000111110001100000110011100111011100000010001011000010010001001111000011011001001111100011110011011011111
10011001000011000111100000111100001001100111100100011100110011000100011000011111100111011000111110100011100100011100010011001000110001111000001111100111110000000111000110100110011110011100011011111011001100011100011011011000111100110111100001111100011110000001110110001100011001110001001100111001001110000100011000011111111110111100011110011101100000
00100110011000110110011000111000111110011000111100111111011000000110011110001100111011001001110000111000100000110010011100110001001101110000000111001001110000000011001111110001111101100100001100111111101000000110011000110011001000110000110000111011101101001001100001110000011100011100100100110010000100110001100110011000011000111110001111110001111000
01100100111011010011000011000011000011011001111000100110110111111010011100001100000000111100011000110001001110000001111000000011001110011100000100110001110000011100000001100001111000100110000110001100111000111011100001111001001011000111010011011100001000110001011001101101110001000001001010001100000001001001000011100001100001110000111111101111111111
01110110011001011000001100110010001100111001100111110111000110011111110000110011011111011110001100000011111001100110011001011000000100111110011111111111000000001100010011100001110111101101000110011110111000000001100011000011000110111000111000110110111101100100011110011110000000100110001000011100110111110111110011001001001001000000111101000001110011
11111100011111101111000011111110011100010001110011100110010001100100111100011111100110011010001111000111100011111000110000010001100011011001010000011011011100111111001100001000100110011101100111100000000001100111111000011000001001001001111001110001110001100100111111001010001001101101110000100000110000001001100100110011110010010010011101110001110011
11100100011101100011000100001111000011000110011000011011011110000110110000000111100011011110011110001111111001011101100000000001001100111110001101101101110000001111000001100001101111100110000000111100011111100110111100001000000011111001111001111100101100010001111000000011000111111100110111001001111111100001001100000011001000111100111000100011110011
00001111001111111111111110110000011101100100000100111000010000011000011000001101100001100000111000000111110000001100110001100001110000001000000001100111111010011010000011100111111100000111000011111011011110011000100011100011111111100011111010011001010000000000111001100110001110111110000100001110111001100100010111100001010010010011000110000001100110
00010011100110000001110011100111000011100000111000011000110010110001100000111111111100001100111001000001111001001001111100101100100010001110001111001101100110011011100101111000011111011001100110011110000111010011001111111000100110001110110000001101000100011111011001000110000001110011100110011001100100010111101100110111100000110011110010000010011111
11111110101110001100001100110011001111001110000011001101111101100000100110001001100110001110111000011001000100110100011110011000011000111110000100111001111100110100111101111111111100100000000001100010111110001110110010010011001110110011111100001111001100100011011101000100000001110001111111000010011011001101111110000110011000111011001000110110110000
00110100001110110011101001111110010010000111100110011111110111011000000010011001100000011001111100110001110110011101100111100000111011001001100011111000111001011100001001110000010001100011011000111001111110000001111001111001000100011011001000011011100000001100111011000011111001111000011110011001100001110000000011100011110000000110011111000110001100
10000010000110011100001111111111001110100010011110000100010011100011110000000011000000011011100000111000011111101110011010011100111000111110011111100010110000001101100111011011100000000110011111111110000000110000000000110111110011000011111000011111100111001001100000001111100000011001000000011000110110111000011111101000111001000011100000001111100111
10001110000111110011100000111000100000010110010011000011001100011111000011011110111101111000011001100000111000001111000111110001111100000100010001111110011110001110000001101100100011000011101110011001110001110011000111011100000000000111000010100111000010110000011100110110010011001000000011100101100010011101000110000000011011000110001100011001101110
00100011101001100001110100011111100011100000011100100111000001100110101111000011110001011000000100110111101101111000000111000100111001100000000110110001111011100110111001101110000001110000010000011000011100001100111111001111001100110011111010001100011000001001001100010111110011011111101100000011001101100001100010010000011000000001100010110011111110
00100110110011100001101111011001110000001111101111000011100000110000000011000001101100001111001101110011011000010110000111000011111100110111000000110011011110011001111100011000001100100011001000111110000110110011000010000110110001000101100011100010011001100111100011100000111101101110000100100011001000000110111010110000000010001110110011000011011011
00110000001111111101111100111000110001000000100000010000100011110000001101000111111000111001100001111110001011001001001111011000111110010011101100011111101100000001111100000100010111011011101101110010000001110001101110011110010000110010011001100101101101110011001011100011010000110110001110001001100111000000110001000100111111101110001100001001110000
00000001100000111000011000110011100111100011101111001100110000110001111111110011011000011000110001110001111100011000000001110000001110101111111001111100001111100011100011111110011000100000111100111101100011110011111100011000011000110011011110011111000101110011111111000000000000111110011001001101111110000111000110010000111100110001000111110001111111
11000110111001001100011011001111010000110011011110111000010000001111111001100000111011110110001111100110001111011001100100110111011011000011100011111100111100000110010011110111001000011111010000111111100001000000111000010011111110011110011011001100100100011011000011100001100110011011000111100111111000001100100110011100110001100011001001101100101101
