11000011011000011001101001100011011110010111001101110011001101110111110011001100101110000110110011110100011110011001100000011000000110000011001100011011000011110001110000001111101000111100001110011111000001100110001011101001111011001100011111110001111000000110000011010001111100001110000001111000110011000010011000011000010011000011110111001100100011
00011100110001100110011111000001111100011100011000011100111000011000100000000000011010011011001100111000100111001101110000111110010001100101110011001001001111111100111100000110100001100110011110011110011000111100110011100011100011101000100110011001100110001110010001110000011100000111100101101110001111000110110011111011100100110001100001100000100001
11000111011010011011110011110001111000011100011100110000110010011111110011110000011001000011100001100100111101100011100110011110001001100000111011000111000001111011000000111111111000111000011100011111111001001000110011100000100110000110011111100000111100011000001110111001101001100011111000001110000110001110111010011000111111101110001100000111100011
10000001110000001111001110110001100111011111110001111100001110001100100100111100001110000011111000011001100110100011001100011011011110011000100000000001110011111000111100100111000010110100001111110111000000011010000000011001111100011111100111111001111110001111000110110000011101000011110011011100001111111001111001100111000001110011111000101100000010
01100111100000011110000011100011111000110100110110110010011110000011100110011100111110000111011001110001100011110011101100011011100011100100010110000111010011111000111111000011110000111000001100100110111000001111000111111000111000001001100110111100001010011110111001111001000110001111000110111111000111011011111000011001110110000001110011001101100011
10110000111100001110000011110011001100001100110001110010011000111110110100011100110111111001110000001111000011111000110001000110001001111001011110000011000100111100111111000011110010011111001111100000111001001110011001000110011001011100100010111000001100001111110010001100000111100000111000111100110011000001001111001111100001110000011110000000000010
01111001100100110111000110010000111111001111100100110000111101100011110011111110100111000000111100111111000111000001100100000111100000111000001001100100110001101110001111100000110000101110111000001101100111001111100001000010011110001111100001111000001000000111000110011100000111100000110001001111110011001100110000011111100111101101100111011001100000
11011000011100001110000011110000001110100011000010110000100100110000111110011111101111000100110001110011001101110001111101001110010000011110011111100001110011001100101101100010011000100111100011100011111100110011001110110010001110100111011001111110000110000011011000111011010011100011011100001110000011110000011111001111001110111000101100010011100001
11111000001110010111000011100000001011100110011000100110001101110011111000110111000111100000011011010001100001111000001110001111110000000111001110000110011100000111100100100110111000111111001001100010011011001111101100110100001100111011110000111000011111100111111100010011001001100100111001101001100011110000011111000011100011101100000111110111110000
00110001100100010111000001001100110011000111001100111011110110011001111100001001000011100001110000001100000111011000111000010010010001111100000100100001110000011100011001100100111100000111000000001001111000000111011001001000000111110011000001111100000111100011110000011001100111000000100111100011110000100011111000011110111111110011001000110011001100
11100010001110000011100001111000001111100000100011110110011011011000001100001100101101110000000100111010010011011000011101000000111000011100000111000111001100011110010001110001001101100111000111100000011011000111111000011111100110011101100110000110100011100010010010011011111001111000111100000110000100111110011001100011110001110110001101100001111000
11111000001101100011011000011001001101111101101100000100010000110111111111001011100011101011111111000010000000111100010011001001001001000011001111101001101100011001100001111100000110010011001001100100001110010110011000011111001001110001101000001011100011100011111000100111110110000001001110010000110000111100000111000100110001110011100011100001011110
01100110111111111111101100111110001001111111001110001111100111010000011111000111000011100110010011100000100010011100110011100000110001111110000111100010001110011011000110110010011011001100110000011110011111000001110000001110001110111000001100001111000111110001001100000011110000111000011111001001110000111000001111110011100100011111100011100000111000
00110010011010000010001100011000001100001100111100110011100111001110010110011001100011110000000010110011101100011100100110010000111100010111000110010000011110011001100011111110000111000110110000010111010000110011111100101100000111110000110000001110110011111000111101001100111000011110001110001001100110001001100111100000111100000111000100111000001110
00000110011001111110010110000110010011011000001100000011100010011001101110000100110000001100010011000101111000001001110000001111011110000110000111110000001110001111100001111100000111000111111000000101001110100011111000100011000011101111001100100111000111100110001110000011111000001100001111100011100000000111000001110011111001110110001110110001000001
11100001001111110000011110001111100000111100011110100111101101011100001111001001110000110110000011100001100000000011001100110001001100001101100111000100011100000000100011110100000011100011101000110110000011011100011110001111100001101000011110001001001100001100001110001111110110111110010011011000111000010011101111110000000100011110000000110000010010
11101100100111110000111111000111000111011000111010011111000001101100011111100001001000111110000111001001110000011100011001110011011001001111100001111000001011011110000000011100100111101111100001011110000001101001111000001101100100111001100110011011011001110000001110000011110001011111110011100001100001110111100011110000110110011000001011100000011111
01111101101011110000111000000111000001011000001100000011110001001100001110000001111001001111100111100011001100111111101100111000111011100111000110001000111001100111100000011110000111000011111111000100000011100011101100011100010111110001111100110001100001111110000111100110011000111111000111001101111001101110100011011001111100001111000000111001001001
00011100000011100010111100001111000111111000111001100110000110110000011000000011111110001110000100110010011010111000001100110001110000001001100101111111011111000011000100101111000011000000011000111100111110100100111110000111000111000000011100000111111000111100000111001111111001111100000111000101110001001100001110011000100011001110000011111000011111
01110011011001110011100110011111000010011100011110000111000011111100011011010011111000111110010011011001101100011000010001000001111110011011000000110001001111000011100000111110000111100001111000100110011111100000110011000111100111111000111100001111100011011100100111010011100010110000011111101001110000011011000011110000110100011111001101111000011110
00011110001011111001011110001111100001111001101111100110011011110010000101100000001100000110011011110000011110011111000001111000011100001110000011100000001110011011100000011110001111000000000100000111001100011100110110000111110011001100011111001001111001110000011011001101111000001100110111110000111011000111000000111001011110000111000100011100110110
01101111001001001100111001000100000111011000001110000111100100011100000001110001110001001110001111101100111100011111001101100000111100011111111001111000001100011000001110000110001111100001111001001110010011100011111111001111001111011001101000100011000111110110000001111000111001111000000101100000110011001111001001110000000110011001000010111000011000
11000111000001101110011111001101100001111100001110000010010000111000000111100100111001100011100011011110111100001100110011011001011111000011001000111100000101100001111000111110001110011000011100000101100111111111111111111111110001111100100111001101100000011100000111000110111100000110110111100000111100000111100000011001001100001110100110111000100110
10001101000111101100011000000111100000111000000100110011011001110110011100110011100000001110001101110001100110001111000111100100011100010001111000100110000110011100111100011100010010011101001100000011100111100000011000100110011001111110011001000000111010010000000110000011111000001110001001110000101100110011001001011100001100000011110000110111000011
00011011100110110000011011000111010000001100110011100000110011000110000111100100111000011011001100110000001100001111100000111000000011001011111000010111000011100011110000011001100001110000001110000111100001111110010001000001111100011100001110000110011000111100000011110011111110001100000111000100011111110000100000011001100110001111000000011100011111
01100011110111111001110011000010011000011110111111100000111110111110000001110000011001001111111001111100011100001001111111011100100111001100111001111010001110110000011000011100001000111000000100001110111110010010110011000110011000110000000110111110110011001111100011100011000000010001100011111000011111100111110001111000001111100110100010011111000111
10000110011100010000011001000011111000001111100011011001111100111111000011110010011110000000111100111011001101100011100001100101111011110011011000000100100111010011111100000101100111100011011111000100110011111011001110000111100100000110000111001101111100000111000011111000110011001111100101110011011101000101110011001111000000011011011000111000001100
11111100110011011111001111100001110000111100001111110000111001001000100111000010011110000111100111100011001110100011000110011110000110000011111011001111000011111000011000000011100001001111011110000011100000110011001100100011110000011110011000111001111001100110000111001100110110111111100001100011101110001111000011100110001111100010010000001101000111
10010011110001001001100111110001100010011111100111110011100000101111111001110010111001000111100101101111111100000110111000111000011101100000110000011110000001111110111000011100000011001011011001100111110000111100001111000001111011001110001101111100011110001110000100110011100011000010100000111100111000000011011001111100000011100111001000001100110110
00100011111010110000001100000111110000110110001001110001001000101110000000111000011011110011011001111100000100111110000000011100011110110011111001101110010011110000111110001101100000110000011111000011000010011100000110001100011000001100011111100001110100110011100100111001000110010011100100111100011101100011100011110010000111110001111000000110000101
01100101101000011100110111100000111111101111110011111001101001000111111110011010011101000110011000011110010011111000110000111100100110001000011100110001001100110000001100110001110010001100000011001100011100011000011001100111110111101101000001110000100111000110000000111001001100000011100100011100001110100001111110001100000011000000001101000110000001
00011111000111110001101110001111111101111100001111001101101000111100001001100111011000111110001111111000001110001111100001111100101011001111110000111100000110000011011111011000000011110000111110000110001101100011001100001111110110110000001110001111100000011000010000100011111000010011000110100000110000000111000011111000000011000111000100110110001101
10010011110001111001000010001001110011101101101100001101100100001000100000001000011000000011001100110000011011000111111001111000001111001011100000011100001110100011100110011010000110011111011100001101110011011100111001110110010001111100011001001001101100110011010000010000111100011011000111111001000011100011110001111100011100110001110000011100001111
10000001100011001101111111001101110011000110000111000011110000111110001110110001111000001101111000110001111001000001001100110000110110000111111001111100101111010001100000011001000111111000110011101100100111001101101110000011100110110000000001100011100000110000011101001101001100011111011001100001111100011111110010000001001100011001110010111010001111
10001111101111100000111100001101100000110110100110110001011000111111011001100111110110001100000011110000001100100111100001111100001100011001100000101111000111110000110001100111000110010111111000000111000111100000110110011011111100011100011000000100110000111100100101110011111001101001001111011000011000010011001001111000011000001011101110110010011001
11011011100000110000110110001101001100001100011110011001111001001111100111100100111110000011011011111110001110000111111000111110000001001100001100011101100110110010110010100110100011011001011110001110000111011100011100000110111000110010011001100011110000010011001001111001110000001111100001110000011110000111100001100110010111000111100001111000000111
10010011000001111000111110001110110000111100011111100000111001101011100111000000100110001100000011111001100000110011001011100110011110001000001000111001001111001001111000011110011110110000111100001110010011111000000000100111000111100110001011110001100000100111100100010011100110000110010111110000011100001110000011111000011001100011110000011000011100
10000111110011111001111111001000100011001110000011000111101100011111011001110011011000110110001110001000011100000001100011001000111111000011110011111011110011000011011010011000000011100000110011001111000011110011011001000111000011011100000111000111100100110110000111100100011111011001100111011001001100011111100011111000111011100011000001100000010111
00111111001101111000111101011111000000111100110111000101110001101000010111110000000100111111000100111001111100001110001000110011000110000111001100111110000110010110011100010010001110010001100010011111000111011001111110010011001111101110011001100011110100111100000011011000111000110110001011000001011100000111111101111100111000011110110001100110111111
00000110001111110011011100001110010001111001011110001111000100111110000100110000111000011100000001111100110100111111000001111100011100000110011011010000010010011001111110000110000011010000110100110011101110000000011110000001110000110010100011000110110000111100011011011001100001111110011110000001001101110000011000001100110011111100111001000100110011
11011111100101100000011100001101110001100100111111000100001001010011110111000001111011001100010011110001100000001100110001000000111111000110010001011001001101000011001001101100010011011001011100101101100001001001101110111100011110011001100111100001000010001110010000111111100111110010000001110001001100001101100110011100011111100011000011001000011000
10001111110011110011011111011001110100100110001110000001100100001110010011000011101100110111100111110001110111001001011000111001111100001111100011111100100100001111000010110111001101011001110110000111001101000001111100011011001111101100110000000001110001111110000010110011011100111001000011100010010110001110000110011001001110000110000110000110011100
10000111000000011100011110000011011000111101001100100111000110011100001111100001011100000011000110110110011100000111100101111100001111001110110001111000001011001001110010011110110011100000111100001111000011100100011000011111000111111011001111100110111001110100001110000010111000011111110011000001100011011110001101110000101110001101100100011000101111
01011011011001111000001100011011110001001100100110010010010001011111111111000000111001011100000011100001110010000111001111110011011110000001110100111000001111000011000001111100011111100001110001100011100001100100111010001100100001111000001010011111000111110010001011000110001001110000000110011100111100011100001001101111110000011111000000011000111110
10001111100111000001011000011011000011011010111011000110001000100100001101100000111100110010000111100110110110011001100011110011111011010001100011011000001110100010110001111100001100110011111000001001011011101110011100101100001101100000111110000111100001100100110111100111010000111001100011100111111001000111000100011000110110001111100001101101100110
00000011000011111100111001001111110001111000011000111101100000011100000111100111011100000000001100011001111000001111100011001100000011000111110011110110001100000110011000111110000101100011111001100011000011110110011100000101100001110111111010000011111000000000010111000011001000011100000111100100111111000111100111001000010110010111000001110000010001
00001100011011111000010111110111100000110000001111100111110010001100101101001001101100011110001100110010001100000100110011110010011001110010011100001100101110010111111001000001110011100000111000011001000011100000011100000011000100110010011101111111000001111100100110000100111000111100001111110001000110001110100011111000111110001011001100111000000100
00011001100011000000110010000110001100111111001110000110111001111000011001100100100100011011000011100100111000110110110011000000111100110011010001101110000001001011110000011100011001100011111011001111100001110011001111110011000011100110011110001001101101110000001101110001110011001100110011000000111110011011000010011000011110000011001111001101011100
11011100001110110011110010001111100001111001001100000000011100011101000111100011100011001100000011110110110000011111001101001100011000000001110001100000100111000111011100110000110011110001100001000110110011110010111001110110010001000010001110010011111100110010001100110001101110011001001110100011101100011101100001100100011101001110000000110001100100
00001111000011100011111000101110010011110011000110100110011001111000100110000100110011111110000011000001000100111110001101110001101100111111100101101110011100000001100000011111100011000101111100111111001000001100110110011001001100110010001100110111110011000011000000011001110000110010111101100001100100011111000111110000110000001100000011101000001111
00100111001111100000011001001011000001100011001110000001100110011100011100000011110000000011000001110000001100000111001101111000111000000110000000110100111110000011110000011000000111100111100000011110000001110001110000001110000011110001100011001101100001111101100111110001001110011110011001100001111000000110000011100000111100000100110011001100001110
00111100011001111100011000111110110001101100111111001111110010001100001100100111111001000010001111000000110011001111100001111011011100110011100000011110001111000111110100111000001110011001111100011001110011011100110110011011000111000111001110010111100001111100100010000011001100111110011110011011111000011100000110000011110010001100110011100100011100
10001111000001111100111100000111100110011101101001000011100000110110011001110111101100001111100111010011000110001100000111001110011111001001100000111000001111000000110000111100110011000111101100011111000001110000011100000110000001111001101100000011100110011001001111001000111000111100000001111001011000001111100100100010001110000001100110011011001001
10011100000111110000001011011011110011001110111111100011100011110001111101111000110011011000100101110000010111001001100010111000000110000110111001111110001111000001111101101111000011100000011001110111000001101000011100110011110000111110010110011000111000111101000011110010011100011111001000000000011111000111110001110000010111000011110000011110000110
11001011100001001000000111111001110011001111000111001000101111001100110001111110100111100010110000110100001101101001111100111100001110011001101001101011110001110011100010001110000000011000001100001110001001101110001110110011100100011100111001110000100111100111100011001011000110001100100000111100110011000111110000110010000011110011111001001000110011
11001111011000110110011100110001110100111110000110010110001100100111100011100000010111000001100101100110011001110110111000110110010111000100111100011011000011111000011100001101000011111110001010000111100110001100111001110001111000001100100111100110110110001110011011101100110110000110000000011100011101100001100100111110000011000000111000110010011100
00000011001100011110011011100001110010011110000111000001111100001110000111110000111011101101100000011100001111111011111011001110000110100010110001000111000110110001111100110110100011111100111110000011100111110000010011010011011000111110001110110011001100101100100011110000011110000110110000111000011110000001011000001100000111011001110000001110010011
10110001110001111100000110111100111000011011000000001100111100000110001001110110001011000010010011100110000110001101111100011100111110010010111000001111000011111100011001110000010001000110000111100111110011001110001101100110110100110111100110110001111110000001100100111000110100000011110011011101100110110001111001101110000110010000111100000101100001
10110000110000110110001011010000011000110011111000111000011010001011110001111000001111000111100000111000000110011000011110011111000001001100110011011100011001000000111111111001111000111000110110000111110001110111111001101001110110011000100000011101111110011000110110011100001111000011111001000110000111001100110110001101100011110000011010000010010001
11111000111001001100010001110001111100011111100000111100011111000111010001110100011111000000111100011110110011110011111100001100110000100111001110000100000111111101001111001110110000011000001111100001000010001000110111111000111101100111111000100110111001000110010000011110001110010011011000111100000011101110100110011100000010011000111111000111101001
10000100011001100110000001110011111001110101100101110000000111000110001100001100110011000001110100001111000011101000001101110110000111001001001111100011000001011100001110011000111011101110010111111011000100011111000001111001101100000110000000111111001110000010000001110100110110001100111100001101100011100001011110000111001100110000011101100001111000
11001001111000011001101011100000011100011110111000011000001100111111111110111110001111101111111100111010011111000011100110010011000011111000111110001111110001101110111101000001100000111100100110100110111001001100011110100000111100001111100001111000101100100110011000011000001110010000001000001100100110010000011110001110001000000000111001100111110000
01001111001111100111100100001011001111100100000000011000011101110111111100100110000011110001011100000111100000111001101111100110000100111110001011100001101000000110001111101100111000011101100110011000011110001100111001110000110011100110111000111001101111100110011100011111100111111000011110000011100011011111001000000000100110110111001111110010010010
11101100110111010011100100110010001111100001110011001100110011000000111100110111100101110000001110000101000100111001110111000011111001101110000011100001100010000001101001111000111001101110100111110000010000011001100000111000001111001100101110011110000111100110000010001110110001100000000110001111100001110110011111000110011101111110000000011001110001
00111100011111000011001011001100000111011001111111011000001101100000100110000110011001111000111110000111110010011110010111000111111001111101100111001100110000000100010011100100100110000011110001111000001100001111111011001100000110010001111101101101001111000011011100001101001100110011100100100111001100111100110011000011110110011100000011001001100100
11001001100111000111100011111100011100010110110000011000000111100100110000100111001100111000001111000100111001111100011101000101100001001111111000100000001100100110010011110000111000010110011100110110000111000000000110011100010011100001101110001110011011001101111000001111001001100011011010011001100001100001100010000111110000111110001110000001111001
01111000000111000000011000011100001101100011001001110011000111100100100100010010000011110000001110011011100001011100000111100111100000001100110111000100111001011000000010011011011000001100110011111000000110011011110011111100010001100111110000011100000111011001001110001110000011111100110010000110000100111011001001100100111001111110001111100011011000
01111011001101100000111110001110001111000010000011001101100001110100100110000110001110011100000011011110011011011010000001100011001000011110000011111000100100011101100101101100111110010010000111011100100110010011011001001110000110000010110000001101100011100110010011000111000011011000001100110110110001110110001111011001111011001110000000110011011000
00011010000111000100111001100011100000110001100111011100110001110011001101110011100001111000001011101000111000011001100111001101100110000000110011110000000110011100011001101000011111000110111100111100001100000000110000001100001100110001110101100100110011000110010010000011100110111100001001100111100110011100000110010011111100111111000011000000001100
00110011001101000100111001100001100111111001111100000110010000111100010011110111010000011000011100000010011100001100000011110001111100111111000001100100111100000101110011011000011100000001110000110010010000010011011000001100100111011001111110001110100110011001011011100011101100111000011000001101100000110111001100100011100100011100000011000001111110
01001000011001110000011011001001000101000000111100011001101111111001110010001001011000000010000110100111110001110110000111000010011100010110011001011000011111001111110011011110001110000001111000001111000111100011011000000011001100111000011110001100110011111000011111100110000100001000110111000111100000011111100111110000011000110011000011111000001110
00000110011011100000011100001110000111100110111100000111000001110001001101001111011000001110011111001001100001001100000111100001100001110011000011111100011100100010110010110011001110110011000110001100110011001101110000110110011011000000111000010011110001100110111110001111000001110000010011010001001000111111100111000111110001001110100111111000001111
10010011100011000110111110000111100011011000011111100111000100001110010000100011100001001100001110110000110000001111011001111001001101001001000000111100011100110011011000111100100110111001001001100011001001110011011100011001100001110000111001000110111001111101001100000001100111001111001011001100011100111111001011111100011100000111100000011100000011
00111000110010011000110010001011100101110001001100011101110000001100110100110001101100111000001001100111001100100110001110100000111110001001111100111000011111001100011001110111000111000000111110010011100011100011111100111001000000111000011111000010011001101100110111001100111001101111000001100011001100101111100011001100011100100111010001111011111001
00000110110010011001001111100011110000011001000110110011100110011110010011110011001100011111100111000000101101100110001001111100011000000001110001000001001101100100111000001001100111000001100110111001001100100100011011000011111000011011000011001101110000111000001111110000111000001101000111111000111000000101100001111000111001001100100010011000010011
11101110011100110011001111000011111110100111001001000111001100111100000110011100111100000111000001100100100111000111100000110110010001100111100100110000111001100111011000001111011111110011100110001110100001110011100111000011100001100100011101100011111000011001100111000111100100100001000111110000011100000111001001101100100110000011000001100100001110
10000001100001111000011100100011011001101100100110001100110000001101001101111000011110000111100011111000001100001110000011110110000111001001101000001110000110011001111001001100110110111100110110010111100000011001001011001000000000001110000101110010000010001100100011111001111100011001100110001101010011011011110011001100111010010011100000001110000110
11000001110010011001100110110001100100001110001111000000001100000011110000100110001111000110000001111011110110110000000001100111000111000011011101001101100111100011000110110111100011001100000110000111011000000110011011100010110011101100001011000100111111001100100011010000011110001100110011001000011111000111000000000110001100110001110110011000001101
11100100000001111110011110011001100010001100000100110001100110001111101111111100011001100111011101100110001100110001100110001100110111000110111001100111000011000011110000001110010000110000011011000011110001111110001100100001110000011010001001100101100000100011100110011000011101000110011011110010011111100010011000111001100111100001110000001100000011
11001110110000011000000000011001101000011011110011010011001110001111000010011100000111000011110001001100100110000111101110000011001111100100011111001100000100110000011100111111100100111001100011100011110000011110000011101101100000011001100001111001110000011100110000110011011000110001101001111000001101110011111000011110000111100111000001100110110011
11110000111000101110000111110100011110011011101101110000011011001111100100101100001110011011000000010011000011001001101101100110011011000010011100000111000011010001100101100111100010011100001100100111110010011100010011110000001110010111100001001100011111000110011100011000001100111101101111011000001111100011100011001110001101110000011001100110100011
11001001101100001111100011110000111011100101111000111011101111110001110011011100000100110111000110011111000100111110001111001111000001100000011111110000110010011001111110110011110110011011100011111110011000100110000000110000111100001100011000111000011111100110000110011000101111010001100011100111001110111000000000100111000011001100111110001011010001
11000110111100001100000001111000100011001010100110010001001100001111111000001101101111100011100000011101100010111000110011011000111000110011110010001110110000011111100000111000011011001111000011000001100110011111100111110000000110000101110000110010111001100111001100111110001111110011000000011101110011000001111100000011100001110000011110011110011001
10011111111101111001000110011001110110011101100111100111110100111000000111001000011100000111000000011011110110011011111001111001110111001110110100001100111011000000110000100100100110110010011110010110001110011001100111110011110000110000011101100000011001111100011000110001110000000111000000110000011100110011100001110100001111110011110011010000110011
10010011000000110010011011000011100010011000011001101100001110000011100111011000111000010001100110001100111000110011001001100000110001000110010000011010011100010000111000011001000110110000111000001110110011001011000100110011110011000000000110110001100000000111001001111000111000000111001111111000011100011100110001100000000011000011111001100001001101
00001001110011011001111110110000011100111110000111100000111100010111100001111000110010001111111000011000111011000111000100111100000111110001100111001101100111100000011001111111001100011110011111000110010010011000001111000010010000111000010001100000110011000111000110111000011101001100110000111001101100001011101100011100011100110011110110011001001101
11100001100000001100111111100001011100001110001111001000111100011111110011110000110010000011110001111100011110110011100110011100111111100001101100010011000011110011111100100101100111111110011001100101110001111111111101100001101100001110000011001000111100011000110011110000011000010011011010011000111011000111000011111100000111011001111000001101010011
00000101110000100110101100100110011000011111000110110010100110010011001101111000111000100111100100011100001111111000111100011110011001100100111111100110001111100011111110011000110010111010001110010001111111101100111011110001111000001110000111011000111000001110000001111100011110000011000001100110001110000010011000000000010011100011111000000001100110
10000010011000111010001111111110110011010011000000011000110110011111000011011000110110000111000001100100010011100110011100110010011011000010011100100101100011111101111100001110110011101100110110010011100100011101001101110001110000000111110110011001110011011100010001011000000111110011101000111111001011000010001000110000001110011000111100011000001110
01100001100100110111110011110001110011010011001111010010110000011001101001110001001111011110000110011100100101100001111101011110011111110001111100000100110001110000001100110011001000111100001111000001110000111100001101100110000110010010001101111001101111100110011001111000001100000110110000111101100100001100110000011110001110110000001000001101111100
11000011001100111011010001110000111111000011000100011000111001000111110011011000000111000001111001101101100001101001111000010011000011011000011111011111000011111000110111000110000111110111001111000111111001001110000111001000111000110010011001001000111100001111000001000000111111101011000010011111001111100110001000011100100111110000111000001100001001
11000110001100111000110001101100011111000101100101100100111110001110100010011000000110110001111000001100011011100100111001101100100110110010011110001001100100111000111000001101110010000010000110011001101110011100010011110000011100011110000110000100111101101100110011011101000111100111001000001100000111011001111000100100000110011000010011110111000000
11100110011100001100000111100101100100010011001001110110001011000110011000111100001111110011001100111111001111100000111000100001100110000010000100001110011001110101100100100111110110110011000111000001111000011011000111000001100011001111111000110000110111001101110111111000001011000011101100001110000111100001110001111101000001100000001100011001100100
11000110011000111111100011111000111111100111000110001110011101000000110010011100001111100001111100010011001111111000001110001110000111110010001110111001001001111000000111100010011000000110110011100111111100000110011001110011011110000110110010111000000100110111001111110110000111001001100110011001000111111001111000100100110011011001001100000011010011
00110100100110011001100011110001100110011001100110010000011111000111000001100100110111100000100010001110011011010011111100000111001001111100011110011011110000011001001110000001111000111111000100110010111100110110001101001100111100111000110000110010011110011011100000111100000110000011100000011100111111100100011101100000011011110000111001100111100110
11100110000011001001001110110011011110000011110001110000001110000111100110011100100111100011001100001110000011100000111110000001100111110011001110010111000010011001000111011001101100011111000001110010011011100111100111100001111110000011100000011110011111001001100000111100000011100111110000111000001001111000111000000000001101111101100001000111100001
10110110011111000100111111100000110000010011111001110000001110000000110011111100100110011101111100011011000000110001111100000111110011100011100110000000111000111000111000111110011001110110001111001100111001001110000011000000111110011111100001101100100100011001000001100000000111100111111001001110110011001001101100000111000111000010011100000111100001
11001110011100011010001100110011110001100011101101101101100100100111011000001000100110011001111000000011001001100000110011100110010010011001100110011001110110010011001100001001110110001100000110110000011100010110000011000010011111000111100110110001001111011001011000111111000110110110011100001011001001101100011100100011101100111000011000000011011100
11100100011000110111100011111000100110000010111001110010001011001100011000001110000110000010111001100111100001111001111001100111011001100100110011100001100011110110000110010100011100011111010000110000111100111001100111000000011101100001001100000111000010010011001111011011001011100001110000111111100000110010100110011011100011100000001100000111011000
11001100110110000111001100110010011101100111111000011110111100001000111000011101100111000000011101100110011000001110000110110010011100111000111011000011010000110110001111001000111100110011000110110001110010001111100000110100011011001100110001111001100111000011101000111110100011100001111110000110110111110010011000001111101111100000011110011001100000
11111100011111100011111001111100000000100110011000111110000111100110111110011011001101100000011100000110010000111001001111001101111100001100000111000001111100011100110111011000001101100111100001111001101100000011111000111100000110000001110000111011000011110011101100110001110001100011111000011010001100011001100110000011100000100010001100000110110011
01011001001111000111011100100100011011000111100100011100000111110010111010011111000111100001110011001101100100111011001111001100100110011001111111000100011100011110010011100110111100001100110001111000111001111100101100110110000111000111000011000011000100100110111000010011000111000001111011001000011011111001100100111111110011111100000110000000011111
00111011011110010011011100111100000011000001111000110000010001110011111110011011000111110000011110000011010000111110001111001011110001100110000111110000111000111101110110010111110100100101110011001100110010001000110011011011000100110011001001011011000111100011111000001110001111011000001111000111110000000011011110000011111000101110000001100111000000
11010000001101100011111001110100011111100110010000011100011001100100100110000011000111100001101100001011011001110011101011000001110000110010010000111001101100001110110011100000000111100011110001011101100111000001100010001001100101100110111000110110000011011001101100011001001011011000001101001100110001100000001001110011000000001101100011110001101001
10011010011101100001011111100110011000110000011011001101100011011100110110000011100011111000110111100011100110011001100110010001100000001111100101101001100110000111100011100110011000000110010010111110001010000010011001000000000111110001101100011111000011110001110110011001100001111100101110001111100100011100001111000100011100001110000110000000111100
11111110011111000111011001110011101101100011001100111100011100111010111011000110110001100001100110000011011001111110000011001001101100000111000111001100110100000111100100110000111011000011110001111000001101100110000000100100011101100011001100010111000011100001110010001011101001110000001111100111010010011110000111000000111101100000000110100001100011
11101100011111100011000011111000011100000011110001100101101100000001111110011110010001100100011110001111100011101100101111001110100000110101111110000110111010011100000011100110110001000111100111100000111100001111000000110100011100000110110111110000110111100011100000001110001011100100011001101100010111110010011100100011000001110010011000001111110001
11100011111100111011100000111111001111000011000000000110000111000110110011010011110010011000111110001110000011111100101000110000000011001101100110110011011011011011001111010001111100001100101100111001111110000011011001100011011110001001111000110011001100110000011100011110010011000011110000000111100011011100001001101100110010000000100110011011110000
10000011011100000011111001110101001111000100011100011110011110000000111100001110110011111000111000110011100001000000110110011000111100111100001111000001100000011101001111110000011001100111100001111001001110000110110110011000011111000011101100111110000111100111110011011101001001100110111100100001100000111000011110000010011000011100001111000101110010
00110001100111001110010000011100001100100100111001101110000111110011100110001111000111111000111111001111001001111100001111110001101100100110000011110011101000000011000011001001111100010001111100000110011101011110000001111001101111001011100001111100000111110001111001111010001001100011100110100111000000111001101110000001100000111100001111110001111100
01110011111001001111100011111110001111001101110000001110111111110001111000100110010011000010011100111111110001111000011101111001110010010011001111100100111111111111111111110011001110001111011001111000011011001110000011111100011111000001111000001111100100110000010000011111000011111100100110010011101001101100000110000111110011001011110011000000011101
10100000111110001111001110001111001111100001110001100110011001100000111100100111001101111000001111000111100100011101001101100001111000001100000010111001111000001100110011111111000110000110000100110110001110000011111110011100011111100001101110101110001001110001110011110110100001100000011001101111100000111011001111111100111000001110001111111011111000
00111100000111000111101100001110011001100011100100101110001011000011001110000111100011001100011001001111111100110001100110000111101100001110000111001110111100011001110011111000001100010011001111111001101100101100110000111001000111111001001100111110000000100000111110001101100011011100001100000111110000110001111110001111111001111110000011000001111000
00000100000011100001111000111111000011110000111110000100111000100000100111000111110000011100001100100111011100011100000011100010011100001111100011100000110000001111100111001010001110001100110001111100111110110001011100010011100001110000110100001111001011011000111110000100100001111001101111001100110000111100100110000110001100100111100111100110011100
00011111000011100000011001001100110100100000011111000111111000111100101110001100111000001110000001110100111110010011100011000001110110010001100010111000001110001100110000111100001111100010110011111100100001110001110011111111100011111001111011000111101100100000101100001000110011111000100011110000111001111101001111100000110010000111100011100010011111
00010011110001110001100110011111000011110000000111000001100100011011011100001101111100111111011001110000001100000110110001110010011110000111100000111100100111100001101100001100010111111100111000010011100000100010111110011111100001110100001101110000110000001111000111111001111101100111000011000001111000100010011000110001001111000011000000011111100100
01001111010001110010011101000001110110110010000111001110010011111110001110100111001100000110001101111001111110000110001001001001111000000011101100111100010111001001001100111110011110000001111100100011000001101000011000001011100100110000111111000100111000111000110111000001111100011110000111010000011110101100100001111000011000000011100000000100001100
00001110001100110110011100000011011001100100011111100001100110011011001001110001110000011001100111011000110100110111001100111100001100101110110011111110000111000000111100001110000111100010111100011111001100111000001100011010110001111100001111000111111000001100011100110000011111001011000011111001111110000011100001101100111011000110110011111000001110
10000111100100111100100100110011111000011100011110010000011000111111000111110000111001000111100100111000011011000111110000111100001101100011011100111111001111111001101100000011000101111000011110001111100111111000011011000001011000011110011110100011111010000000001011000001100110000111011101110000011111000111001100110011001110001111110000111001100111
00001111001100001000001100001111000011111100000100001111111100110110011001100011101110001111000111100000111100011111011000111011001011000111001110111101001100010011111000001100110110001110111110011111100001111000111110001111001100111000011110001110011000111000000110011000011101000011100111000000001100011001100111110001011111100111100000111111001111
00001000110000110010111110011111110001001100110111100100110010001111100000010000111001100111110010111000001101001001111100011110001111110010110000110110000000010000111100111100100110110000011110000111000000011000100110000011110000111100110111001100100110111110010001110000110000000011100000110011001100110011001100010011001111110000001001001110000001
11001111000001111100011111001001111000111100000011100011111001111100110001101100011100111111001001111100011111000100111001110100110011100011001101100111000010000011001100101111100110110001111100010011100011001110010011001011101001100110010011100011001100011101000001110010011110000110000001111110001110000011101100111000001110000011110011001110000101
11001101111000011100000111001000111000100111000111110000111111000001100000111000011111000100100011111000001001110011111000001100100001111000011100010111100011110001110111001100110001110001001110001001100100011100000111100011110000011111100111000001110110001111100011111000011111000011110001110000001110011000110100111111100011100000111000111111000001
01111100111110011111000011110010011111110011000001001000111110000001111100110000000111000111110001110011000001001110000011001000011000111001111000000111111001111110011001001111001100001110010111110000110100110111000011100000111000011110100001110001001110010111001000111100000111100001110011001111110011110010011100110111100011000000011100000110000000
11001001110000111110011111110000111100110110000111111000111100000010001000011110001101100001111000111010000111110001000000001111001001101001111001111001100001111001100001000110011100011100001111111001111001101100000111100001111111001111000001111000110011001100111000111000111011000111110000111110010011001100011001111100101111111000011001101100010001
10000111110110001000000111110000110010011111001101111000011011001111111000111101111110010001111000001100000111110000111010001110011011110000011100110001100011110100000110000111100001101110001111100000111010011100000001111000000000110111110011111100011111000001110110011100100111000001110001111100000001100001111100001111000111110000110011010011000011
11111110110011001101100001100001111111001111100011011000001101101001101000010000001111001001111000011110000011000000110010000110111001111000011000000111000001101100110111001100111110011110000000110000011100110110000000110010011100001001100001111001111111000111001100110011001111100001100100011110001100110011011100000110000001111000111110000011110001
11110000001111100011010001111000000110011110111100011001000111000100111110110000011100110000110010001111000111111000001100110011000100111000100110000100111110001110000110011100111001101111100010000001111101000111100111111000000110001111110011100110001111000001110100011111000111001001101110011111000111100000111000110110011000111000111011000111110000
11110001111100100111000010011110011111000100110000110001101000100110110000011110000111110110000110000011100000011001111011111001100000101100001111000000111000001100100011100100100000101110100011110001100110000111101001110000001111100011111000111000000111110011100100011001000111110011110010001111000111011000011111100110011100010011111111001100010000
00111000011110011111111000111100110011000001100000111101100010000001110000011011100111111100111110001101100001110001001110001000110011100111001101100001110000000111001110000110110110001111000011001000111001100110011000110000001011001101100011111110000110001001111000011010000001001101110000000100110011111000011111110011110000111000100110010011001100
00111110011001100011100110011111110111110001111100100110000111111100110111100111000001111000011110001110100000011100111111101110110000011000110110000000000000011111011110010011110100001100110011111000111110011111110000110011001100010111110011111110110011110000100100011101000001111000110010000111110001101100111111100111111000011110000111100001110000
11100000011110011001111000101000011011111000001001101110000111101000111100111110110011100111001110000011000011111000001111111111100100110110000100000110111000110001101111100000011110000111000011111000011110000111110000011000110001100111100100110100100111011011001100011111100101110000011000001111100011110000011111000111011000111100000111001100110000
00011100011011101111110011100110000111000001110001001110110011100000111100110000000011100001110110011110010011111000111111001011100000111000000111000111111000001100000011100010111100111000001001100011111000001101100110011010001110000011001110011100000111111101100000111010011000011100110100100110010001100100010110100110011100111000001111000000110011
01110110001111000111110011000110001111000111111000100001000111101100001100110011000011111100001111010011000000111110000111110011101000001100001111111000011000001100100011000010001100001100100011110110011011101000111000111111000111100001110001111111011001110000110011011001110011001100001100000001111100011100101100100000011000001100000011110001111110
11111110000111100000111000111000000110000000111110111111000001111000011110011000010001111001100111010011110001100011001100100001111110001110010001110000111010000111000101110001100111001110001110000110001111110010011101100110000011110111011100001100110001100100001100000011100100111000100011111111011100011000000110000000111101110011000111001100011000
11110111001111010011110000001100000000010010001100111111011100001000011110010011111000001000001001100110110011101100111111110011000110011110001111100011000100010001000000011000110110001111110001110000011100000011110001011000000011000011110100011111111011010001110110000111000011110110011110110011110001111000001111000111111000011011001111000001100100
01111111000110010001110100011001100011110000111000001111100011001100000110011100011001001100000111100001100010011111010001110001111001000100111011111110011110010011000000111100001111001010011101111110000110001001111000001100110001100001110010011011100101100110011101101101001100110000011001001100011000011110000010011001100000101111001101111000111011
10011110010110010000111000010011110001110011111110001111100111111000001110000011110000001100110011000001100001001111000011100011101100011111000001110100011000000111100000011110001100110001111111100000001111000001111000001111000011011000111100011110001001011001111110011011100000111100011111000011011100001100011111000010011100001110000110011000111000
00011100011111000110011100011111110011110011111100110001110001001110011100010011000001111100011100000111110000100100000111111000110001101100000011000111111110001111100001111100100011001101110001111001111101100111100000011000000011100100111100111101100001110001110010011101000011110001111111110111110001110110000111110000100000011111000100111001110100
11111000110000101111100001111110011110001100000010011100011100000011110100011111001110000111110001001111100111111000111000101100100000110010011111000010000111011001000110010001001100010011000111100011001100011111100010011000111000000111011001101101101111000111001000111101100100110000111000011111000011011000111011001110110011001100100110011011100000
11011001110000000101100000111011111011000111110011110000000111100011001100111001100011011000111111110011000011110011001110001011011000111100011001011001001000011110001111100100111100001100010010000100110110001110110001111000011100001100110010011100000001000000000100011000100011100001111001111001101111110000011100010111100011100111110011000111110000
11111001111100000000110000011100111111000000110011111010001111101100011000011111000011000110111100011111100001111000100000000101100100111100001101100001111000101110001111110001101000100111111001111001001100110100110000000000011001101111110000101110000011001000011011000110001111011001110110011110000001111001001111000011110001110100001100000000111000
11111000001000000111110001100100001100110011001000011110010011000111100001001110010111100000111000110110000111111000001110000111000000111110000011100010110000001111001111110000011101101111000011101100111100000011100110111000011001111011000001110111001100010001001101101110001111000110111100011110001111110001101111000000110001110000001111101101000000
11111010011100110011110000111110000111100011100010011111000011100000011100111111100100110010011110000100010000110100111101100011110000111110000111000111101100111110000111100000011110011001100000001100011100000001110001110110000100000011001000110011011011100010011000000111011001110010111011001101100010010000010111011101000000010001100110010001111100
11110001001110000011110000111100110011110011000000110111001111100000111000011100010011100001100100100100110010111110000011000111110000011011100011101100110100111111000011000011110011001100000101110000011100000011000011111000000111001001100011111100000011000110011000101110000111110000111000011111000111111011001111001001110010001110001100111000110001
01110000111110000001110001111110011111101000110000011110001110000001000100000111000011100000011110110010010001111110000011000011100000011111000111110000011000011001111001110010110110100011001100001100111000001110100010011000111110011000110000001100110011111100111001000001000011011000111110000001111000111000011111000111111001111110000001100011101100
10011101000111011000110000011111001111000001101101111100100011110001110011001111100000111000011111000011110000011100000111110001111010011100000101110000111000101101000110000011101000010111000001111001111111000111111000110011100110100110100110001111000001110000111110011100100000111110001110001011000000110000011111000001111100011110100011000011111100
01000110001101100001111000011100000110011011000010001111110000011001001101110011110000111100001111100011001101111111000111100000111000011100000110111000011100011100000000101000001100011111110000011100110011100001111100111101000111100010011001001110010011111001111111000111001100111000000110001100111000001000011111110011100000001001100100110011111001
00001110001100110001110100001110000001100001011110011110010011111001011110000011111010000001101110000101111101110100001011100100110000011101000001001111100010011000011000110000011111000000111000110000110011101001100001111100011100110001111000000111010011101100111001100111000001110000110111110011001100111011011001000110111001011100000010001111011000
00001100000111010001110111000111100001111001011101001111100110110001100001111001101100111110000111011000011100011000100011001001011101001111100011000000001110000111110000000100011110110011111100011110111110100100111101001101000001010001111101000111110000111001001100111100110000111110011111100000111001001100001001110001100100001100001111111000011110
01110110010111110011111100101110001100110000011110000110110011111010011100000111100100110110000111000000111000000011011000010000001110110111011100111011001111000111000011111110000111000110100110110110000011100011111101111000000001101100111100011011110001100000111000011100110000111100011111001110011000011110011100111000001100001101100011011000111100
01100110010001110110001100001111001110111001100100000001100000111011001100100011110110000100011110110001110111001100100000111000110110001111100001100000110011110001001001101111110111000011100000111110011011000000110010001100100011111000011111100111110000111000000111000001111000011100110110100110010001100011001110110011111100000111100111110000001100
11011111000011011100010010011111000001111000011110011011001111110110011011100111111000000111000101110110111100010111100011100000111100010011100000111000000111000110111001111001111111100000111000110010000011110110001110001111000001111100001111000011100001111110001111000011111001011110010011100010011001111110011001111000100111100111000001111000011111
11000100110001001110110000000100110001111100011111001101111000110111000111000000111100001110001111001100111010011101100001100000010000000010111000111110011110011011111100001111000011100000111110011111000111110000011100000110010001111000000111110011100001111000001100011111011001001110000110010001101110100111000001001101101111100011110001111000011111
00000110110000111000100010001101101101100110000111110000100000110110000011010001111001001111100011101000110000100111100111111100101111001001111000010010000010010001111000111110000110000000011100100010011001111101111100001100111001111110001100100010110000011110110010110010001110001111001101000110001110001110000000111101110111000011111000111110000011
00001111000100111000000111001110000000011110000110100100110100011101000101110001110000111100110000110010011111000010011000111100110111010011000111011001001110010011100110001100100001110000111100111110111100111000011111000001110001100111110111000011101111010000000001100001111100011111110000111100111110011001110001110001110111000111001000110110000111
11001100011000011001101111000110111100010011100011110001110000000011100111110001100110000111100011110001100100001101110011011110001111001111100001001011100011111001111110011111000011110110001110001111100011100111001101100110111010011000011011101100111110011110000011101100101000001111000101101100111011100111100110110110000110000010011100000111000011
01110000001100110111000001111000001100000001110000110011000111100001111001011000111001100111011100001110000011001111101101100110001101111000111111000010000011111000100011110001100001101110000001101100111100001110001001110011001111000111001000111000100101100000111000111000000110010110111000000110011011110001000100001110000001111101111101100011000000
01111001000011111011100110000110000011101000001110000110110011111010011111100110010000100111001110000011110110011111001100110000111000000011100001111001001111100011100000111110000111100001101000011011100011100011110000011111001001111000110010000111110001111001001111000101110000001110001110000011101100111111100111000010111000011100100011111001111100
10001111100001101111000111001001111000011110001101100000110000111001001011111100011100111110010010011000111111000100110010110110011001100111000000111110011111100000111001100000000011110000010011100110000011101100010001110011110011011100001100100000001100011010011001111000111110001111100001111100001111010011000011000000111101100011110000000110001100
11001001111110011110001101000001111000001100001011100000111100001110111001101110011100000011100000100100000011100111111100111111101111000001111100011100010011000000110100001000000011011001111101000101111000011111000111100011110000100110000010000001111000001101110110110000001110001111111000110110011110110111000000011000000001100011111000111110000011
11010011110010011000001100000011001100111100010011100100110010001111001101100001000110110110011001000000111101111111110000111001001010000001101100001111111111111000111000101111100100110000111110100100100000111100111111100011110001100110001111100010111100001111000001110001111110011100100001110000001110011111110001111100100111110001101100110110010010
10110100111100011111100011101000011000001111110000110001011101000011011000011101100110000000111000011111000111100000110001101100110011111000111100100110000001110001001101100111100000111111011001100000111011011011000111001000011100110011000011111000101110001111111000011100011011000011000000110110011001100000111100011100000111111000111000110111110011
11100000110110001111000011101100011011000001110011111000000111000011111001111111000001100011101101100011001110001001110110001101100001111000111111001111100000111100011111100011011111000110001111000000011001001111000110110000011100000111100011111000110011000111011000111001100111000011101100011000011000010011111010011100100001011001110110000010100001
10000011101000111101110010011001111100000100000001000110011000010000000001111100000111101101111001100110000011001111111111000111000001110000011110000011111000111000001110000001101100011100111111000111110000011110100111110001001100101111100001110000110100000111001100111111011111001111110011101111001110110001110000111100001101110000011100011111100111
10110011111100000110011000111000111100110011110100110111001100111011011001111100000011001110011111000111000110000000111110000100100001101101100011000111100010011000001111000111100110001100010111100110110010000110000100001111111110000011100000111110001110001011100000110100110010110000011100011111000101110001101100001110110000100110011100001000100011
10000110111001000100100000110001100011001111000001001001101101100011100111111110000011001100110000001111000111111001111100000110000011110001011100100001110001111101001100111000110000011111100110000011101100111111000111110000011110000111000001001101001111000011111000011111001001100001111000011111001111110000011000111110000101000000011111000100000000
11100000111100001100000011100000011111000111110011100100011100000111110011101001001100000011100011001100011111111101111001111100000011111100100011000011001111110001101111100011111000011000011110000001101000001101111101110000111100000110001111100000011101000100110011110000001101100000111110001011001111100000111101100100100001110000111000000110110011
11110010011100110011001111111011001110000011110001111001000011000101110000011001001100110011111000000111000111001100100110000001100110111000000101100111110000001110011011100111110011011111001011110001110110010001000001100000011111000000110000111010001111000001100011111100000001100000110010011111010011011001111100001111100001110001000110001011110011
01110000011000010110000001110000001111001001111000011110111011000001111000100110000100111000111110001111000111111000001111000111110001111100011111000011110001111110001100000000111100000111001101110001110000001111100000110001111110000001111111011011000100000001100000111100110011100000011111001100110100111011011111110011100000110001100011000111000000
00110000110011000111000010011100011001111011000001100110110001100100010001110111000111100001101100001111100111111001111101100110110001111000011110000001100000111110001110100011100000000111101100000100101110011111100010011100011000110011100000011011011111000011110000011110000011100110011100100100011001111001111000001111000100110000001110000001110001
01100000111101000001110011110011001111100111000010111110001110000100111100001111000100111100011110011111100000010011000111011010011000110011011100001001001000001111111111110011110000011100000111110000011100011000100111111000011100000011100000110010011011100001100011100111000011100010110001001111110000000001111100111111100001111011000110010000111000
00111100011110000111000000111100011111100110100111110011100111100010011000001111000111100010010110111111110000011000100000110111110000010010011111000001101000001111000111011000111110110001100010001000110110000111111001100000111011000111100111101100000111111001100110001110001110010010011100001111000001111000100111010011110001111000011100110011001001
10001111000011001100011100000011100001110010001110000111000001110111101110110001110000111101000111011000110010000111111111111001001100011011101000000110001101100011011000111110011110000101111100001110000011110000011100000011110000111100011111100010011001000011001111000100111000011001101111100010010001000110001100011101001100010011100011001100111101
00000011011001111100111011011001110000011000000110000011001100111110011001110001101110001101100010011001000111011011100001101100001111100011001000000011000011100000111000000110000011100011011000001111100001001101101101100011000000111001001101100011001100011111000111011000011011001101100001110001011110000000110001111100011001000011110000111011000111
01100111111001111110000111011001111010001111100111000010011110011011100110011000011111100001100100001101100111000011110100011000001101100000110001100111001111111011001100011111000011001100110011100011010000000110000111001111110001101100001111100000011100011011001100000011010010000111110001111100011111110011111001011000000100010011111100110011000011
00111111110000110000011111000100111110110110001111110000110010001011000101111100011100100111000011101000000011000011100000011110100011100111111001001100100111110001101110011110001100110000001110011111101000011100100111000111111101100010000111000110010110110000110011110011011110001101011000111000110011001001111100100110011100100011111100001100000001
11011001101100011011001001100100110010011100001111000011111100011011000001001100011100001011100111000011001110000011110001101110000111110001100000001111000111010001111100100011011001111001100110000101001101111100001100110011111000011100001111100100001100111000000011100110011010001011011011111001000001100011001100111000011111100001100111110011001010
00000110110001011110000110000110110001001011000101100001111000010011000111110011011001100011110001111110001111100011100111011011000111100000110010110010010011100100011100000011001000111010001100000011100000111110001100100001111101001100000111110010010000011001000011100000011100011010110010011000011111100011110001101100001110010001111000001100001101
11010001100110000011000001110000011110001110001111101100110011001101000000110011001111011100111100100100011100000000000000111011000011010000111100110011100001110000011111000111110011100110001101000011101100111100011001100100111001100011000011111110011100001100010001111100011000000011110000111100111111001100100110011100000000110000111011001011001001
01110001100110010011010011110000111001101100111101110000011000110011001100111001111111000111110000011001001101010011101100011111001111100110011000100111100011100110011000001101111110011100000111000001100001101001000111110000110000011101100111110010000110000110110011111001101100000011110001111000011001000111011110010001001011001001100110000000101011
00110011000000101111100110010110001110000001100110000000011101100011100000111000001100100011111000011110010011100001101100010001100001111000010011001110100011010001001110000111010000111110000111110001100001111011000111000100100110011000011011111010011100011110011100001100110110010001100100111101111111000100110110001100001100111001101111000111011001
11100001111100011111000011000000011100011101100100110110110110001001100000011000010110110011011001001100000011101000100110001001100011011001001100010111001100111100000110001001000000111111001111100001110110011001100011100000111100011111000001111000011100000110000000110110001100011001100001111111001001100100111001101111100011110100011100101111100110
11100000110010000011011011100000110000000110010000001100001110001101110011011100110011000011101100111110011101110001111000001110000011000000110111000010100110111001101110000011111000001010001101100100111011011110010001111001011100001110110011011100111001100000001001100011011001000011111000110110000111100110111010001111100001110010011001100000101100
00011000111100011111110111110010000001011100000001100110011100000010011001110110011001100011110000011110000110000011100100011111011001110001111110000111000000111100111000100011111011011110001111110000110011011111110000110111100100011111000011110010011111000011101000100001000111000111100001111100011100000011001100100110001110001000111000100011100001
00100100001100011101110111001100001100110110000011111110001110000011100000000111000111100001100011011111000111011001110010000110110001001001100110011011100010001100100111100001110000011110000111100001111001000111101100110001101000001111110011110000011011001110111000111110001111100011000110001110000110010001110111000110110010010001011100001001100001
00011000011101100001110001110000001110000111100100110100100111100111001010000110000011111000001110000111001101110000111000011110010011100001101111000111011000110010011011000101110000111000000011111001101110000110000001111000001100100100100001111110000111100011001000111110001110100011100100011111000011100001111100011001000011111001100110001001001100
11110000111110001101100000111111100110000110001100110011000111100011100011001110001110110001110010011001110000111010010110011111100111111001100110001110110000111100011110011001111100011110000111100001011000111110000000110011011100001111001100010100001110110001111000100011010000110011011000011100000001110011111100000011100011011000011110000011110011
11000110110111000111110010011100011110011011000000111110001110001001111111011100110011100100111100000011000011100110011000000111000001111100001110000001111000110110001111000100011101100111001111111100110011001110000011001100111110000011110011010110000011000110011000011110001111100001100100010110000110110000011100000111100011111100011001001100001110
11001100111000000111111101111111110011001001110011000110011111000001001100111100001110110000111100011111011000110010010010001110110001110010001100000001111000100111100111100100111110000110000011011100011100110001100001101100111000001111000000011100001111001000000000001110001111100000110000011111100001001100011100011011100001100011110111000011011000
11000100011111000000110011011100001101100001101001100001011001101001110000001111100111100000111000111010000001100001110110010011100000011001100111111001100010011110110011011001011000100111000001011000011110110010110000111110011011000111110000111100000111100001100100001100001100001110011110001111000011111001111100000110001100110000000110000011111000
11110000110011000001100000110010011101000010011000111110000011000011001110000111100111001100011100010110000011111000011111000101100100110110000111100110111100010011000111111000000100111100110011001110011110001111000000110000100100001100111100111011000011100001110001111000111111000111100100011110111000000011111001110000000001100011001101100111000001
01110111011000100111100000110100010011011000111000111010001101110011111100100110001001111100000111001001100110100110010011100011100010011110001100000100011100111110000011100001111000110011000110111100000110000111100110001100001111111100110001111111000011000011111001101100000011111001110100100001001111110000011111000011111000110011100111000000111100
11100000110011001110011000100010110110001101111101111111100001100000001100110111100001100100111111111101111001100011001111100011101100111110000111100101111100100101101110010001011011000011001100110110011110000110110000001110001111000011110011001101100000000100110010000000110011110110001100111011100001110100011111000001100110011110000111000000100100
00111001001110011011000011100110010011010011011000111110000110011100110111000111100110110001101100100100110000111110011001000101110011001000011100000011100001011110001100010001111000110110001100011000011000011011110101001100001010001100111000110111110010001011101100001111011000000000111010010001100000011000011111000000011000111000000111000111110000
01011100110100100100111000100111001001111001001110011110001001100000001100001110110000111000000101111000111001101110011011110011001100101100100001001001111100000111000110100010110011000011101100011110000111100100110100101101100011011000011100001111000111011000011110000111000101100110011111001001111000011110001101100001111100011000100111111010001001
00001011100011011000001001000110011111111100001101100001100100011111100011100010011100011111010011111100011000001110000011100001111011001111111011111110000111100100110100000010000000011101111000101110110000111001101110001101100000011100001100000001100110011100000111100011111100110000000010110000110110000111100111110001011100011001100011111100100000
00100111100010110001111111010011011001111001100011011001111100000011000111110010011100011111110000010010111000110010001001101100111011100100000100111011001111000011101100000011000011011100011110000111000011011000011000001011100011110111111100001001100001111011101111001111001000000111001111000011001100110011100111111100011111000011011010011000100111
00001111100110111001001111000011110001100001001101100111101100111110001001110001110000110010011001110000011111100111100111111101100111000011111000100110000111000001101100111111001111000100110110000110110001110000001110110011000011110100000110010011011000011100001001011000111111100111100011110001110011001110000001100110000011000111111000011001100101
00001111110001110011111101110011110000011100110000011001110000001110010011100010011100100000011000111110011011011011000001111100000100100011110001100011000111100010111000001111100111111001001100100110111000111110000011000011110001111100000111001100111001101110001111100000011110001110001011110000011111000111000011110010011011001011000000011100110011
10000111000000111000011100000110110000111111011111100001111100000011001000110001011110011101100001111000001100100010111000111000011001101101100100001100110011100110000100011111100110000001110000011111110011110000011101000010001110111110011001100000111001101100001101100001100110011111101101111100111011000100010000011000001100100110111001001100100111
01101101110000111001110110110011100000111000011100111001000111000100000001110000001110000111100000110000110110011011100001101000110011100000111100011110000001000010011001100101111001100000001010000110010011110000011111100111001101100100010011011100001100011000000111111000001100001011110011111001000110110011001000100100000111001011111000011011000111
11100111010000111100001100000110000111110110001110011001111111000111000011001100111110000100110011101110001100110011001001111101111110000011011000001011001000100000111100011110001101111000000110011000100110011000001111000011110001101100001101110001100000011100000000110000110010001111000001110000011001100101100001111100001101110011001001101100110011
11001011100110011110010110010001101100001111001111111001001100110001100001111110001100000111111001101100001110000111111001110110001111000011100011001100110011100000111000001111100000110000011111000111110011001100000110010011001100011110010111111100110110011100000011111000001111011011000011111100011110000011011100100110011111100011101101100110000110
01100111110000111100000001100010011100100110001001101100111110000110000001111001101011011011110001100100110110011011100100011110011000111110110010011110100111000110011100100000110001111011110011000110001001100100001110000111001100111110000011011101111100100110001101101000011110000011000001100001100110000001011110111001000111110001110000011101000111
11100010011000111000011101100011111100000111100111101100111111000011100011111100001111000110111000111110001100110011111000000111000100110000111000100111100011110000001001100111110001100001101100110000110000011110001111000000100110011011000111100011111111001100110011110000111110000011110000011111011001100101110000000111000111110100110011001100000011
11100001110000011100000011000001111100011110110011111000011100010000110011000000000110001001100100111110001110011100110011001110000110000110011000000111100011111111001101111110011001111100011100000011001100111101110011100011111110001100001110000001110100001111100011110000111110100011000001110100000110010100111000011000100011100001111000101111000100
11100001101100100111000111110111111100011000000000011001111100001101100101110010011100010011100110011111000111000101001110001111100001110000110110001111100000110000000111001111100011110100000110011101110110001100100111000000111010011101100011110100111100110011100001110100011111011011100100001110001111110010000111000010000110011001111110001111100011
11110000111001100100000111100000111110001101100001110000110010001100110010100001000111111001100110000110100111000001110000001100000001100001111100001101111110110000111110001100100110110000110111000111100100011000110011100000100110011110000011001100011100010011001100110000001110001111100111111100100111001001100110010010000011110001111100110010011001
11000000101100100110001111001100001110011011101100110001100111100110000000110000000111010011001001111111100111000001110110111011100001111100000011000010110011001001101111001100110000011100001110001001111000111100011101011100111100000111000001111100011111100011000011001100011101000001110000001100110111000101111000001111100110011001111000011110000111
00110011011110001111001100110100011111000001100000111010011101110111110011111000011111000011101000001110000001110001110000110110000111100000111000100111100100111100001111001101100000110000110000110000111001111110000011110000001100100111100001100110001111000001100001110110011011100110111001000011000111000011100001101110011011001100111000011011001110
11100101111001101110001110111000110011001101100000010001011001100110111000011100001111001001111100001111100000100001111000011110001001100010011110000110110000000110010100010011010010111110000111101110010011000101001101100000111111011001011001111000011010001111110000110100110110000011111000111001001101100100110110111001100011111000011110001111101100
11111000110010000111000011101101110110011001000001111110001110000111011000001110001001100011011000000110000011111000110011001001100001111111001111000011110011100110000011000001111011001101000111110000110011001100100001111100011110100011000010010110001111100001101110011110000111110000111000000111000100101110111110001100000001110100111001100001100000
