01100001100011100011110000110000111011000011100000011001000111000111111100001111000001000011100100111101110000000011101100010011000000000111100001100111000001111001100011001100011101110001111100001100011011110011000111000111000011101011001001101100111100011000111000111000000011100011011000010011001111101100001101101110000000111001110100001100110010
11111100111001001001110011001001110000011111001011001100011110001111000110000110111100000101101100111000110001111000110011100000011011000111100011011100001100100110000011000111100110011001100000111011001100111001000111000111100010011001111001000010001111110011100001100110100011110001100001110000010010111100111100011001011100011100011001111100001100
11000011100100011100111000110011011110011011001101101100011111110000101101001100011011011001110010011011000111000011001101100110010000111110011000111001100001001110001111000011011001111001100011100001101100100111010011011001110011100110011000011100001110011001101100111010001100011100000110010111001100000011100110000110011000110010011001100110000110
10100110100111000110011001000111000110011001100001100110011001011111001101100000000011110010001000011110000011110011001110000000111000100100011100011110011000001100001110001100001110011011001001111001100100111111001111001110011101100111001100000100111110000110001101110011100000111110011001001111001101101111000110011001110000011000110110001100100111
00100100110110001001110001100111110000110011010001000011000111001001101100100001100110010011000111001011100011001100111000001111011000111000000111100010111110001101001100000001001100001110001110001110011001001001110011100000011100110111000001111001111001111000001110000110011011001001100110001110010011000011101101100110001111100001100111010011000011
11000100000011011001111000110001001110110011100010011100111100000111001100010000011011000011110011001111000011100111000111000110000110111100110000110100011000111110000011110010111001110011000011011000110011001111000010011000110011100110110011100010011111001100111010000111000110100000011011011000011101000110001101111000100111001101101110000011110001
00011011100111000000100111001100011000011111100000110001100011100111000011110001111000000110000011000001110011001100100100000110001110001110110011001100000110100110110010000111110001100111011000011000011100001001000100100110011110000110000011011011100011111101111100100110011100001100011011100000111111100110110010001100001100101110011000110011001100
10010110011000011101101110000001100110011011011001100110001111110010110011100101110111011000111110011100110011101001110000111110001000011110011111000010110000110011000011101100000100011011111000001110011100000100011100110001100110100000011000100101000111001110001111000111000011101100110001110001110001100111010000011001111001100110110011000111100100
01100100110011110001100011100110011001101011001100011100110110000110011001100110000001111011000100011100001110001000110010010000011110011100110010110000001110011100000110110001100011111001100011000000111000000111100011111001100100000000011101101100111011001100001101111100011100011110110001101100110001110110011001101111110000111110001110011000110011
11000111111001000011100000110111000110001100001110011110011000000111000011100111100011000110011100001100011000011011110011000000111010010011000110000111111000110011001111001100111100001110011100110011110000011001000011100001011100001111110110001110000100110000111110000011110011001001100100011100110001111011001001100110001100110000001101100110011110
00110011100011000001110001111110001111011101101100000110011000011111001100011111000110010001000111100011110011100011100111100001100011000111000111011100001000001100111000011011001001100110010001000111001110010001100100100110110011000100011000001110011111100111001110011000111000000011011100111100000001100110011000001100111001110000011001100111001110
00110110001100111110011111000011001111100011001110010000110011001001111000011001001111100000101100000001110110001001000111100111000011100011011001100001100011110000110011011011000110001111100011100110000011000111100001100100111000100011001000001110010110000111000011000011111001100000011100100011001100110001110011101110011100100111110001111111000100
00110011110001111011001111011000110001110010001110011000101101101000110111001101111001001100011100011110011001110111011001001100011100111101100111110001100000111100110110000001110001000111001110011101101100001101100000110001110000001011001100011111100100011110001101110011111101110011001100011001101100011001100110001100111100110001110011110011100001
01110001100110011000001110010000111100110000110010011100001001111100000001111001110011000011001110011110011100011100011000111001100001110011100001110100010111110000101001111000011101100001110000010011001110011001000111100110000011001110101100101100110010011000111001110011110000001101101100001110110011110011110011001001111110001101100001110000011100
00011100110011011011001110001100011001111000001100110011100110011010011111001001100101100110010011100110010111001100001100001100110011110010000011001100001100100011011001001001110001110000111100011000000110011001000100110110011100011000010110010001001100001101100011110011110110010011000011001001001110000001100110001101100011100001111100000001110110
00000010110001110101100000001110000111011100111000110111100000001110000011100110010011110011000110010001111110000011100110000011000000011000011111000100110011111100000100110011001100000111000110001101110001110000110011011001100011100011001100000011100111100011100010100100110000001101100110001001011001110011000011001100011001111000100100110110001001
00010011111011100111100011101111000110011000111000110011100011000111100110110001100110011001001100011001011111000111011001110001100110011111001100001100110001100111010011000110000110011100110000110110011001100100111000011110011000110010011001100011100110000110001101001100100110010111100110010011110011100110110000001100001011001101100000010011100001
00011110001000111100011100000110001100110110000011000010000101101100111111000011110100100011100100000001111110001000001111011001101101100110110011011001110011000111000110110011011000011100010001100111001100111100001100110010011000110100111011001100001001100100110001100110011110011000011110000011001101100011100110011100101111100110011100011011110011
11001100111001100010011100100110110110011001000111000001110000000110011111000100011001000010110011110000011100110110011000001110010011001100100110001111100011101001101100001001111000100000111100001110001100100011111100111101000110111000111100011001001110010011001101111000001111100100000110011100101100110000110011001100110011110011010011011001100111
11100000110011001110001110011001100110001111011101001100000100101100100011100100011001110011011101000000011100111100000110001100000010011100110110011111001100100011100010011001100100111001100111001100111011001100110110110110010001100110011000110011100011000111100010011001001100111111000000011111001111100001100011000110010011001110010001100000011000
00000111110011101011001100110000110110000001111000000111100010011111000111000110110111101100110011111000011100010010001110011111110011001110010000011001110011011100011100011100100110011100011101000011000111001100111001100100110000111000110011001100110110011000000111000000110011000011001101100110011000000001110011111110001110011110001100011100000011
01100100110111110001110011101110100110000011000110000110011001110011110010010011000110001111100111000111101001110010001100111001100011000110110101100011100011001111010011001110011000001101111110011100100110001010011000010011011110100010011000011001111001100011000110111011011001100011111000110010000100011110000111000011000011100111000111000110001110
00100110011111000110011100000111010000011011001001111100110011001000110110010001110000000000011100110000011010011000110001011000111100011101010011011000111110110011000011000010110011001100110011100001100110000111000110001111001001110110011100100001110011000001110000110000111100010110000011100100111110011110110011110000011100011110000011001101110001
00110010011001100001000110001100011001111000100110010110000111111110001111111000011100110010010110011011100001111111000000001101100111100010001100110100001100110001010110110000110010011000100001001100111000111100111110000011111011110011000011100110011000001100001110110001001100110001111100000110001100111101100110011100101100110011111000110000110011
10000101110010011100010011011000011111100110010011000111100011001001111100111011001000011111110000111001000111000111010000111011111011001011000001111000001100101110000111100010111001001110110000110011001110000001111101101001101100100111100001110010111001100110011010011111001001100110001101011100011100000110111001001111100110001100100011100111111100
00000110000100011110110011001101111000100001110111100000111001001011100111100010001100011000011110011000001100110011100110001111001100110001110001101111000110111001100100110000100110011001111000110110010011001100100011110001111001100011111001110001101100110000011100100110110000011001110011111101001111111110000100111000001000110000110010110110110010
10011011110011001100110010110011001100001001100110011001100010110011111001111000110111000000011000001110011001001100110001100111000000111000011011100111100110110011100000100111100000111011011001111001110011110000110011100111100011001110010011100011100110011100100000111010001011110001001111011100111011000011000111110000011011000111011000011000000111
10110011101100110010001110001000111100011001001110110001110011110001100111100000110011011000001111110011000110110000000001100110011001100111100111100111100100011100011111111001110000111111100111011010011001011100011000110011100010011100001100000001101110000110011110110000001100011100111000110100100111110011011110001110011001101111001100001101100001
00110000011100110001100111001101100000011001110000011101001000110000011100001000111001101100110011001011000111000111001101101111000100001101100011100101100110110010011011000001111111000111111001000110010111000111001100001011000110011000011001101100110111100011100000001101100010011000011100110110001110001111000011011110110001000011110000111101100001
10001001001111110000111101000110011111001000110011000110000110100011001111100000110110000101001110011100011100111100111100011100110011100001111011001100100110011000001110011100111000110011011001100111100110011000011110000011001100000111000110000101111001110001100001111000100110001110010011001000110011011001111001111000011101110001101110011000011101
11001111100010011100001011001111001000000011000110000011011101101100111001001100011110001100011100111110001100110011011000110001100100001001110010011000111100110011001100111001100111100001110111011001100110111110001100110001110100011100001110011111000011000011010000111110011100110000001110000110000001111100110011001000110001100110011001000111010010
00110000010011011000011110100110000110100000011000011011100011110010001100011001100011100001100011000011110011001110111001110001110001100011100111000111111100110110000110010011001100011100011100001100100111011000111000011011011001100111000001100001100110111000001100001100011110011001000100011011001110011110011011000100011101111001100011000111100011
11100110011100011111000001001110011111000111010000110000011001100110000011111000011001100111000111001100001101111001100111100000100111000110000111000110001100011001110011000111000010011000111011100011000110010011110010011100011100000110011001100001110000111001100011001001101100000100110100110111100001101101100110001100101100110011110000100011001100
01111111001001100001111000110011000111010001001001011100111100100111011000011100110011000001110001000110000011110001111001110110001100010001110010011001110110011001100000111001001111011001110000111011100110110011111000111000001110110011100001110000100011001100110010100110010011001101101001001100111110111000110011010010010011100110001001001100111110
11111100110011100001110001110011100110011110001110000100011101101100001100000111100111100000001111100001100111000110110010111111111100111110011000100111000110011100100000110011000001111001000111001111100111001100110011100011000111000000111000011001100111000001111000111100101110000111100000011010011110000110001111000001100001100111000000111000001101
00110010011000100111001100111100110000000111101100011101100111011000100110110001010000110011011000110000111001100110000001100001111111001100110011111011100000000110011000011110000110100010011011001111100100100011001110001111000011001101100100111000011110011001011001100111000101011100010011011011001100010111000000110101100111110001111100111001100011
00010110010001000011100000111000011000111100011110110011011000000111100111000111100000011101000111001100001100110011001111001100011101001110001101101101100011101110010011000010110011000001111000110011100011110001101001100110111001110011001100000011100000111111011110011001100001001100011001100011001101001001011101000110011001000010001100110011011000
10001101101110011100100110011000110111001100001110000011000110000110000011000001110011110000011000011101100000111001101111100000111110011000111000111000111110000011001000000001110011001001101100001110011001001100111101111001110011000111001100110001100000000110111100011110010011100011100100010110001111100111010000111001001100110110011110110010010001
01100010110001110001101100011111101100011001101100001110001110011001001100001100110001011100111100110001100001100011101110001011101111001110110110000011100011001100001111100101100110110011100110000011001110010001111001110100110000011000101111110011001100001111001001001111100011001011100011100000000001100111110011101000000011011001110110001001100100
00111000011001001111001100000000110001100100111000011001000110011110011000001100010110001111001100110001000011100011111100011001110001100001101100100011111000011000111010001110000111001100100100011001100011011100001110011001110110011001100011001110011011011110000011101100110010010000111100000110110010000110010001101100011000110001111001110110010001
10110000111011001100011100011011100111001000111001100001100100011001111001100111000110000000110010001111101000110000011111000011001100100011100110110011000110011100100111001100011011011100001110011000000111000110011100001110001100001100001100000110110110011100010000110111001110001000101111001100111110011000000110011001000110000111001101110010011100
10110100111110011100011101011001100011110110000110011100011000000111001001000111000100110011100000001100100000110001110001110000111000011000001100011000011110000011110010011110011001001100011110010000110110010001110000011001101100010000111110011010011001010011001100011111110000111001001110001110011001100011001100011111000110001110001110010011001100
10000110011001000001110010001111000111000111100001111010111000110010011100110000011101100001111110010001111000110110001111111000100101100011100010011100110010000100000111011000010011100110110011001111000101100100110001100011111000001100000110111011000100111110000011011100011100110011110010010000011001011100011001100110010011100001110010011100110110
00111001111100110011100000100110011111001111000110011100001110001100011110001100111001111001110011110011000011110001100110011100001100111000111011011001011010110011001100111110000110000101111111100100101100100001001100110001100110001101100100111011001001101111110000111001100111001111100001111001000110011001100110011100110110000001001111110000011000
11011000111001110000110011101110001011100111000110001100011001100011000001100111000110010000010011110000110011110011001100110110001100000011100100110000000111001100011100001111111100000110010110000111001100101100110011111100001001100011111110000111100001100000111111110001110110000011001100110001110111001100001111000100111001001111110000011100001100
00000111001100111100111100110011110001001000000111000011000010001100110110011001100100011100001110001000111100100011000011011000111100001111001100100011000100100011000011000100001110111110000100110000111111110001001001111100011110110000000011111100110000111001110011000000001100001111001000011011011000110011100110100000110011011000001111100100011101
11001110000011101100000001001111000011111100110011000110000111110001101100110000110111001111001100000001110001100110000110000011011011100001101001101100000011001110110000011100000111011011001001100100100011100100110011001111000111100101110000011001001001100111101111000000011100011010010011001111111000011100111001110011000110110001000001110011011000
01001100111001001110100110000111100100011001100111011111001100011000001100110001101110100001001001001100110110000111000000111000001110011001100110011001111110100000110100011100001001110011000001001000111000001100100110011001100011110011001011001110000111110000001101110100000000110001111101100011000111001100000111000001101110010000110011111111000011
10011011000110011100011000010011001101011001101001111100011100110011000111000100110011000011111001001101100001111001001110001101000011111000011100001100110110001110010011011001000100011010000011001100110110011110000001110110011011100100110011100011011000111110110010011100110110000000110010110011100110001100110011011000111001000111000001001011100001
11000111101111001100111010011011100000011110011000000111110111001001101110010011010001111000011100110000011001111000001110011000011001110000111000100011000111001101001110011100011000011101100011010001100011100000001111110011001100001100011111011100011101100111000011000111100111110011000000100110010001100000110001111010011010001110000110110000011001
10010011000001100001000100001110010010011001100111100110010000011100000001111111000100011000011111110001110011101001000011100010011111000111000000100111000111000001001101100110100011000001111110001111001011111000001100011111000010111011001111110011111000111100111111001101100001110001100011001111000110111000011111000001110011100010000111000011100000
10011001100001100011000001001101001110000011110000100110011111001100011100100110111100110011001100001100000011111100011100001110011011100000111000011000001110000011001100100000110011111011000111110011011000100011011000110110010010110110111010000011100110000100010001110110011000011011001000111110110011100011100001101100100110000111000000110000111111
00110011001111100100111101001100001100111000011000111011000011001110011111101001100011100100110011010111000111001010001001100010111001100110010011011100011000011100110011100001110011100001110111000011111000011100010001111000001110001111110000111111000001100001110110011001101110000011001100001110001100101100001000111100110111000011111001110000001100
00011111010001001100110110011100111001000011001110110010001001001100111000011100001100001100111100011011000001111100011000011110000011111011011001110010011000111100011101100011110000111110000011001100110010011001100111000001110000111100011111000000111001110011001110000001100011101100100011111100111001111000100111011100000110011001001111111000001110
11110001111000100000110011011110110001100111000110001110001110001000011100000011001111100110001000011111001110000001001100110001100010001110011110001110010000110010011001100011010011110001110000110011001101001110001111001100001001110000111001100011011100011001111100011000110011100011011111001110111000100001111110001111001100011100001000110110000011
11111000110001101100110000011111011000011110000110011100111001100110011001111100000001111110000011100111001110000010000011011110010010001100011110011111001100011100000000110101100111110011111001110010000111110001100011100011100011100001001100001111000111110010000011100111001000110011011000010001100011000100111100000111111000010010111110001110001100
10011100000110001001101100110001011001100001100101111101000011001000110111001001101000001110011000001000011001110000111100110001011000111100100010011111000110001000111000000111001111000111000011100011011001000000001111000111000111100100110000100111011100011000111100110001100111000110011000111110000011111000000011001111000111000011111011101110001100
00001100000111110001100111100100011100100011111000111000011100110011000010011100001001111000000001110001000001110000111001000111100000011011001100110000011000111100011110001110011001110001110001100011111000111100011101100011101110011000111110000111100001100011100001100111000011111001110011111100111001110011110001111000111001000111011001000111100000
11100011001110110011000100111000001111100011110011001111111000110001110000100100011110001100011110011001100111101110001111100001111001000011000001111111100011001110001111100010110010001000011001110000010001100001111001001111110001100011110000010000100011110011110000011110011110100011100000100111001001001111111000111100000011100110011000110110001101
11100011100011000011001110010000111001100011100011101101101100110000011110000110011100011000010011110011100001101101100110001111001110011000100110000111111110011100000000111011000111001001100001100110001111000111001111000001000100100001110001110001110111011110001110011110011011001000100011001110000011111100001110011011110001111010011001110000100011
01100111011000011101000011100001110000011100100000100111011001100010001110001111100011001100011011001110000010011100001011100001110001111110001100111001001111111000110000110000111000010011110010011100011001110100011110000000110011000000111000000011111110011000010111110000110000111100011100011111001111000111110011110010011111100001101100100001110000
11011001000111000011110011111000001101100011100110001111100000000111011000111101111110000100111100001100011111001011101100011110000100110100001100011110011100111001100100111100001000111001101111100010011101101000001110000111000100011101100111000011100011000011011101111110011000011001011100110011110011100110000111101100111000011011100110001101111101
11110110000111100010001100000111001100001111111100011100110001110000010111110110000110001110111011000110011111001100111100011001100111000000111101001101001100100001100001111001100001100110001000110011111100100001110001110010010000111011011100010000111011110011001100110001110001111001100001100011000111110010011000111110011111010001110001100001100111
11000011100011000010000110001111100011110011110001011111100000110000111001100111000110010011000111001100111001001111100100000110011101001100011001101100011000111110110000011100110011011000011111111000001111000111111000100000111001000000110000111100100001101100001110011111110110001011001100100100110001111110011001110000111000001110111000100011111001
00110001001100000111001100000111000111001100110011111111011001100011000111111100000100111000111110000011100011000111000011111000011000111100100110100110000111110011001100101110000011100011100001001100111001110110000110001111000110001100001100011100011110011001100000111100000110011011000001111001111110000110011111100011111001001100111100011100000011
00011000110011011001100111100000000011101100110001110001110001100110000111001110011100001100011111000011111000000110111001111100110001111001100001100001110011001110110001100000110011001111000110000011110111000111000101101100000111110010100011110000111100110001110000011110000110001111100110000111110010011100110011100000111110000100111110111000000110
01100100011000000011101100100111100011001110110011110001100110011111000000111001111110001110000110011000110011001110011110010000110000011100001110111000011001001110110001111110011000000111000100011011001100100100111111100001110000011100000011111000011110011110011111100000001111010011110001000011110001110000111110001001100001101111001100111010001100
00000011111000000110011100011001101110000110010011011110010111001000111111101000011100110011000100111110011001100001110000110001110100110010110111110000011111000111100000000001100110001111001100011001011001101111100000111011000110001111010001000110011001001110011110001100011110011001100011001111001100000110011101100100110110011011000111011110000010
00110110011100110001100111110010011110010110000001111100001000101100011001110010011100101100011011110011100000001110000011100110010010011000011011000111111000000000011110011100001110000101100001001100011000011100000110011110011101100010011111100000011100000011101001100001110011100000111000111101000011110001100000110110001100111110000110001110001100
11011000000011001111100000111100110011111101001111100000001111000000100111100000011110001110011100110010000011001101111100011001100111000001110011011110001001110010000111011100000101110011111001111011001110011111110001110010000001111000011001111111001101011000111010001110001110000111000011011001111011100110010110000101110011111110000111110001101110
11000000100011001011000011000111001000111110011011001110001110000110000111100010001111100111001110010011100100100111011100110011000011111001000111000011000111000111000001111001011000011100011001101100001110000000000011111000111111011111001111100000110110001100001100000110011101100110011110111001100000110000001000110100011100000001100000111100100001
01111001000001111110001111000111000111000111011100001100000110111110011100110011000110001110001110010011110011000011100100101001100111100110000001110011100011000111100001111000110010010001101110001100111101110000011111100011000001100111000111001000111001111001110011001101110000001110011001110111100011100110011001001111011000101111001100011001111100
10011001111110010011100000110100110011011100001101110011100001100111100100111000011100011011110011100011111110001100011001100111001100000010011001101101100011000011111001101100011111000110111000100011001111100000110111001101110000110000011111111000110011001001110000111110001000111111100001110011110000111001100000111100100011100011111000110000011100
01001001110110001100111000000111110011100011111011100011001101100001111000110011100001111110001111110000110011111001100011100011000111100110110011111100011100110000101100111000011110001110001100010011000011111000001100010001111000111001110011111000111000001111100110000001111011100010000111000111100110010111111011100011001100000110010001111000000011
01101100111001100111001011100010011001011000110011100010111110001110011111000110110001111111001100001110011001100111100011001110000110011011100011110001110111001000100011100010011001100110011110001100000111110010000110001111100111010011011111000001001100000111110010001011001100000000110011100100011100110011110000011011100011100011000001110000000011
01111100110000011110011001111110001110000111001100111000111000110011001111100111011000011110010011110000110000111110011001011000110000111000000011110011110011111001101100110110001111000100011110000111000110001100111110000110011001011001011100000111000000111001100110110000111100010111000110011000011111111111001001000111011101110000111000100011000110
11100001111110000011000001110000000111011000001100111001111100100001110010011111000000110010011100111000111111000111000011111100010011001100011011101110011000111001100011111101001011000001100100110110010001110110000110111110001100110001111100100100110001100011100110011100111001111001000001101011000100110011100011011011001111100111010011001001100000
01001111100010011101100000011111100001110011001100111110001111001111100011011011000001100001001100011000011000110111000111111000011000100001101100110001101101000111100000110010011100000110011001110011110001100011100101100011101000011000110000100111001000001110000010011001111100100010111110100111100111101110000000110011111110011000111100011000111001
00111011100001110000011100110000111110001110011001111000000001100011100110011100001110001100100011110001111001100110111000001100010001011100010111000011100010011110010100011101100001000111001110001100000111000110110011000100001111100000011100011110011000110000100011110001011001111001001111110001100110010001110011110001101001000111001001101000111100
00100100111000111011000001110011001110000111000000111000110001001000110111000100001111100011000001110110000111000000011011101001000111100001100000010111100110010011001111100000011111100110001111011001100101101001110001100111100000110111000010011111000110000111001100011110001100001111111110000110111001111000011011011011100001011001111001100001111011
01100010011111000010011111000001111011000000011011000011111111100011111001111000000110011011100001111100001110000001101100110011001001100110100011110001100111000111010110001100000111100011001110000011110000110001101100011000011110000011101110000111001100111001100011001110001001101100001100111110001111000111100001101100001100001100011100110011111010
01100000111001000110001100001110010000100110011000110000011111001100111110010011000100001111001110000100110011001111100000110110011110010111000011000011111001111000100111001011001100110011100011001101110100011111110011110011110000110000111000010011111000100011100011110011110011001110110110000001110000110000111100110100011000000000011110001100110010
10011000000111000000110001111100011000100011100000001111100011110011100111000011111000001000111100011000111010001111001011001100111100110110000111011100111100111000000011110001101100111100001100100000010010011111110001100111100000110001110001100000011001111001101000000110001100111001110011110110001100111001110011000111000011001100001110110001011011
00111001100011000000110011000111101001000001111001000010010001110000110011001100001110000010110000000111001100000111100011100011100001111100111100011001101110010001111100001100001111001011001110011111000010000110010000111000000011111000011111000111011100000001001000100011100110001110110001111100011001111001000011001100001111100111000011001101100001
11100111001111100111111100100100001001100100111000100011000111110001110010110011101000001100010111000100111100100001100011000001110011100000111000110001100110001100101111000100110000101110000111110010000110011000110001101100111100000010010001001111000110011110001101000110001111000011000100011100111000111000111001111100000000000111011001000111001111
10001110010111001110000011100111001111000110111001100111100000111100011000011100111001001011001111000001110010001100000111100110001110010011000001100110110001110001000011110001001001001101111011000010010011111000001110000011110000011100110001110001111001110001111110000111001100110011111100010111000000011110001100000111111101110000111100001111100011
01100111100000011001110001110000001110000110010011011110011100001101111000011001100011100011100100001111100011111000110000111001111100011000001100100011111000110010001100110011111100110000110000111000011100111100100100110011000001110000111111100001110011000110000110001111111000001110011111001000011100100110011000110110110100010001100000011110001100
01101100110111001100011100001011100001111000110000111001100111000011110000011001111100100000110011110011001110000110111000111110011011100110011000110011000000001110001110011110111001001100111000010111001100110000011011100011100110011010001111000110000000111001000011110010110000111000010001110001100001110011000001100011110011000110000111111100011001
10001100111000000000000000011100100111000011100001111100000111100001111100001100111110001111011011000001011001001110000011100100111001110001001111100001111011100000110001100111110000010111000011011100110011001100001000110001100110000111100011100000011011110000000011111100010011111000111100011001100000111110000111111001111110110000111000110000000001
00111110000111000000000011100001111000110000011100011000011011100011000011110001110001000110011100111001000001111100000111000011100011000010011001101101000001110010011110111100001100000111000100001111000001111001000011001110000011100100110011001100010011100001101111001110001011100100011110000101110000111100101101101000111100111000011101100101100000
10111000111011001100110111001001110001100010010110011100000111100000111100000110011100001101100000011111000001100100111001000011000001110001111111000001000110111000001100011110001100001111110000000011100110110001001000111000111110001110010011100001100110001110011110011100000001100110011111000001100110011100110010001111100011001001100000111000110000
00111000000111001100011100111000110000100110000110001001100010011001110111000111110001110000011110110011110011000111110011100100001110011100100010000111110000111001101100100000111010001100100110001110011000110011100001100000110011111000000011101100100001100011110000011000111011001110000011000000110111100011100001111000011111000001111000111110001110
10000111101111001111001111110000011100011001101100010001111000011111000001110001011000011101100100110000001100110010011111100011100001100000111110000011111001111100000111000100111000010110000011100001111000110110001110000010110011101001000011001001111100000110001100110001100011110011000100111100100110011110010010001110011110110001001110011110000011
11000011100001111000001110010011000011100000110011100011110001000110000111000001111100000011111100111111000010011011001000000111011000101100100110001111000001111100011000110001111001110001111000001111110001100010011000110001110110011110010101100111100100001111100001101100110011000001110000011100011001110110011100001110001000111101110100011111110011
11001001100110010110001100111011010000111100000000011101100011100001101100011100110000111110011000110011111001111001100001111000111110010001101101110000011111011110000011110000000111001010011101100001011000011101100110001001111001001101111000001001110011001000111100110011101011011001011111100100111001111100001100001110110011000011011100100110001110
11000001110010000011000011000101100111100001111001111110001101100011111000011001100011011000001110001111000001000111110010110011100010110111011111000011111100100011000110011000111110011111100111000011000111110001110001111000111001001111000000111011000011001110000111110000011100110011000011100100001100100001110110011010000110011101100000110000000111
10011110000001111100110011110000001110011111001000011100001110011100010001100000000110011110001111110000111000011110001100111000010001000111100011100110011001100110000111101101100011101100111000011011001110110111000000011110000100110000011101100111001001100101111000111110001100011111110011001101100011001110011011111000110100110011011101001110111000
11000011110011001001110011000111000100110000011001001000110011001111100011001100111000111000100110001110110011001100001100100100100110110100111000111110110011001011000110011011000011000001100111100001000011100011011011000011001110001100011111001100000011100110011000110110001110011000110001100011101001011100110011111011100110011001101100110110011101
01100110000110011100010011000011001000110001100011110111000011100000011111001100111100111100010001110110010111110000110000001110011000010011001000011111000011001100001100001111000001101110001100110000110110001011000001110001110011001111110010000011011100011111000001100110111001100001110010011100111011001110111010011011001000111110001111000100000010
10011001110001001100110110001001100001111100011110000000110111100001100111110000110110110010011001100110111001100111000111011000000110001001110100011000111000110110011111001100101110100011000011000100111100110110001110000000010011001001110010110111011001110010011000111001101100110011001101100011001111110000010011001001111100101100000100111111000011
01100010011111001011011000001111100111100111000011000001111100010000001101110001000001110000101110000111000100001111001100110001100100111001100011100011000110001110111100000111111101100101111100000111111110000001100110001101100111001100111100100010011001111110010000111110001110001111001111000110000111000100011110000010001111000011001111111110011001
00110001111100100101110000111100111000001110001001111110001100110110001100110110011001111101100010110010000011110110011001110111100100001111100001100000001111000000011100110000111001001111001100011111000111000110111100111100000011001110001011001100100011000101100110010011100111000011001110000110000100011001100110001111110000010010011111100001100000
01110011000111110001110001100001111000011100001110000111100011000100100111110110000011000011010000001110011000110001001100001100011000110000011110011001111100011000110011100100011100100001110001100011111011000000111110011001101100001001101100001100001111101100111100010110110011100001001100000000011000001110011110000011000111000111000001100100011100
00000011111011000111001101110011001010001001101101000111000000110010010011000011100001101100111000000111000110011100100110000111000110110011001111010011100001100110111000001000111001110001001101110011001100001110001011110001101100011000001100100011111110001001111010011100110000011100100111011011001100010010011001000111000000011101000001110001111100
00111110000110001100010100111100011101101100011001001110011101110001110001110010001110011000110001101100111110000101100110011000100111001101100001110000001100011110001111000011110000110011011000111001100001111100010001100110010011011100000111111000001110001110000100011011000111100111001110000111000011110011000111000101100100001111100111000011100111
10000100111000011100110011011001101100011001001110010110011100000111011001101100100001100001110111000111000000111000110010011111100110011001000011001101001110011001000011100111011001100011011001110010011000000111001001100100011110000010110011000110100011100100110011100111000001001100110000011001000011110000011100000010001001111110010010001000111110
11001111100110011111000111001101100110100011101100001111100011100011110010001100100001111100100111101000100110001110000011000011001000011111001110000110011000100011011000011000110010111110001100110011110001101100110001110011001100100011011001100001110001111100111100001011001001001100010001100110110001100011110011011001101111001111100001110100110110
10001101101100001101000111110000011110010001111000011000011110000110011001000111110110000000110010001011111001100011111010001100011100111100100011100111110010001001101110000100110011100000111100001110011011001100011100011100100011001111011000011100000110001110010011000111001110011000111100001110011111001110000111011011110001111001101000001111000000
11001010001001100010110011111000001001111001111001000111111100001110001001100110001110111001100110111011000110011000100110000010111000011100000110011100110110001110001100110000101111100011101001111110001110000111110000110001100100110010001100110110010001110110000001111110001001100001111110011001110011101001101100110001000001110110001100011001100111
11001100100011011011100000011000111111001111100001100100111000011100011111000110001111111011001001100111001000110110000001111000110011100011000010010010011110000111111001100000111000100111100001110000111001101100111001001100100011101001001111001110000011100010001101001100110000111011100000001000110011001100111100001111000010011100001101111010001100
11100000110000001110000011110001110110010011000110010010110001100011110011000000110011110001100001110011100000000111001110010000011100001000111100001110000111000001110001001001110111001100111000110011110010100010001110011001111100010001110001100111000110000111000100011100110011100000011001100011100100110011100000111001100110001111000001101100000110
00110001111000011101000111001000011100001000011000111000101110000011001111001111000111111000000011011011001000001001100111011000000111101101100100100111111110001111000001100100010000111100000111111111000001100100011001111001000011000011111100100001110110001111000111000011001111000110000111001100100111100111011000100110100110011000110011000010011001
11101110000101000011001000111100001111111000011110001110011110001000111000011110011101100111001110011100110011000100011000111000111000011111001101111110001100011001100111001001100111000001111010001110100111100010010010011000110000110011000000111110011011100011000111111110010001100011000111111010011001000001110010011000001110000110001110000110000111
00110000011101100000111000000011100011110011000110110011110110000011001111100011100110001100000011011100011111001110000011111000001111110000110011100000001100111000001111100011011011100001001111100110000011101100100011100110001110000111100110011001100110011001101100111000110011111100011110011101110011001101111110011000011100001000110110100110000000
10011100011111000001001100000010011001111111001111100010011000111011000001110000111000111000000011100011110011001001110111111001101110011111001100100100111011011000001111001111001111100111000011100001100110011110000011000010001110000000011100110011001000111001110000011100011110010110010001100111110011110000111000011000111100000001101110100110111100
11011000100110110010011000000100111100011110010001100111100110001110010111100000110001110011111001001101000111111001100111000001001110011110011100110011110100011011111001000011110100011001100111110001110011110000001110000110011100111100110011001100001101101110011001100110001101110000100111001100011110011110001101101100010011110011100010001111011100
11000011000111101001000111011110001111100110111111110010011011101100001100100011111011001101100111101100000111110001110000101110001100111100110011100100100110001111011000001111000111001100100111000110000010110011100100000100110011100000110001111000000110011100011011101101100000011001111000011100110000111011101100000110110001001100001101101000011110
01101110100011011101110011111000100001101100100011100100111110001111000111100110000111001111001001100000110010110011000010001110000111111100110010000001100110011100111000001110001100011000111011110001111011000011100110100110000111001100000011000011000011001001110011100000111000001111101100111100001100110011011000101100111100000111110011110011001100
10011111000011111000011110010001110001100100100011101100110000111100100011100111001001011100011101110011110011100111110011100011111010001111100000011001100011100000011111000001100100001001101111100000111111001100011001110011101000011100000110010011001001100100110011100000011100001111000111100001111011000101111111000111000001110000110001110111001111
00011100110000111111110001000001110001110011100000110001110011001100100001011000111100011111100011001000000110000100110011001100100111110001001100100011100000110000111000011111000110110001111100111001100110001100111001100001111011100000011100010110000111100110001100010111000100110010011011110000101100001110000110001110100011011100111000111110001100
11100110001111100011101100001110001101000100101111100100110011000011100011011100001100111000011001100110100000001110001111110000011111000111000100001110001111001000011111001100000111111000001111000011011100010111110001110100110001100111001100000111110010001101100010011101110011000111111011110001101100110011100001111000111110010001100111101100111001
00110001100011001110001011001001100111001000001000111100111001100000010110010011000011110000100011111000010010010011111011000111000001110001111000011111100110100010011011001100100100010011001101100000001100111100001110000111100110000000111011001111000110111110010001010010110000000011101100100111100000111111000110100110011100010011000101110111011000
10011100011000011001110010011001110011000011111000110000110000111001000011000000100111000011110001000110011100110110011001111000000110001101110010100010011011100000111000001110001110011011000110110000000111110000001101011001100111000110110110010011000010011110000111101111110001001110100001101100111100001101100111110011111000110000011001100000111100
00111100110011010000011111000111101100011111111000010001111110100000111100100111011000001100111000110000011001111100001110011100100001001111110110001110011100000000111110011001001111000011100110000110111000101100001001100110000110000011100110011001111001001100000110011011100110011100111010011011110000011011011001001000000111000010011100111000001110
10000110011011101100100000001100100011101100010000011111000001000101110001111010001111100101111000110111001100011111010011001100001111110000010001111110001110011110011000110011000110011100001111110011001111100110001111100000011001000110011100011100001110011100111000110110001111100110010010001101101100011111001100100100111100000001110001100100110010
11000100110000001100110011100011100011111100011111100110001110100000110100110001100010011011100011000001100110011001010010011111001001111001100011101101000001101100111100011000001111000011001100001111111100110001111110011011111000111110010011001001111111100100000000111000011111001001000111100001110001100110001011000111100100110011011001001011000111
00011110011001000000111100110001100110001110000011110011000000111110011011000110010010011111010000011000111011100001101110011100110011000100111000001110011001101110011100001100110001101001101110000001111001000000010001111001111110001110011001001100011110000011101001110011000011100110001000011001110001001100001111100111000111001111100011111100100011
01110100101001110000110000011110001110011011011001110110011000000011001100100101100001100001101110100111000111100100011000101100000111000111111000001100011100111100001101100011100011011110000110111110000000111000111110110011111000001111000000001100011001100011110001100110011100011111000011110110000011100000001111001100110011110000011001011111010001
01100011001110000110011100000001110110000111000001100011001100011001001100111000011110000110110011100010001101111100000111100100111110000110000011110111011001010011001111001100011000111110000001111000011011111000001001111100011111001100011100001110011001000111000100011100000111001100110011001110111100001110011000111100001111001001110001111011010011
01111100010011001110011100100110001111011001110011110010001100110111000001110000011011110000011000111000111100001100111011100011011000100011100111100001111100110111000100011101000001110000001100001100110110010000011100000011000110110111000111101110001110100011001100001100111110011100111100001111100001111000011110000001110011110110011100011100000011
01110110000001110001001100001110100011101000110001110111000110010011000011111100000110001100111001011000011001111001001000111001100111100110011100011101000000111000010011011001110001001111000001100011100001111111000110100011000110011001011101000011100110000111001100011100011001111101110000111100011101100101101100110010010011011000111101100011100001
00100110000111100011001100110010011001101110110000011001111111000111000111100110000110001001100111110011001110001100001011110011011010011011001100000001110001111001111001111000110000000111100111001100100100000011011110010001110111110111001000011001100011000110001100100011101000111110001111001111011001100001101000001111000111000001110001111011000011
01111100110001001100011100011110001111101110000010001100111001111000000110011110011110001111001100111011001100011100001111011101100111000111110000111000011001101100000110011100111011000110000111011001001110011011100111100001111000001110110011000011110001111000001110111000011101000001101111001111111110010000111011001111001000110011010000110001001100
01100110011100011001111000001110010010001100001110000011111111000111011101000110000100110110001110000111000100100101100001101101001111000011001110011111100011011001101000011100001100011001110011100001111000000001110110000011001100011001101000111000111011000100011111000011000011100000000111101100100000110110000011111000010110011111100001110011001110
01101100110011101100110110000011100110000011100000110011000010011011001001111000011001100110010111001000101100000001111001110001100110000011100000001111100011111100000000111110111100011001100110000111001101100110110110011100000011101110000001110110010000111100010011000110011000111100000000111001100111001001110011001100010011110011010001110011111100
10100100000110001110000001110011100110011001110001000111110000110001100000001100010011111101100111110000110000110100001110110011001100011100011000110000111000111100010010011111100011111100000101110011110000100001110000001011100001100010001101110011000011011001100000111111001000110000111001111100100110001111110000111100111010000011100011110000001111
01101110000011110000110011110001100111000111001110000011000110010111000001111110100110001110000011100100110100001101101101110011101000110000011100111100000100011110011001111100011000111001000000111111001000011010011100001100111011110000000111110000010010000110011111011000111110011001100111000011110001110000011100000111100000111000011011000011100011
11001110001111001100111000001001111100001111110000000110001101100011100001111100100110000010011101100010001111000011100110011001101101100001111100000110000111000111111111001100001110001110000110011110001101100001111111000100011100100001111001110110011000011111001101100111000011110011001100110011000111111000110001101100001111011001101100100011100110
11111000011110011011001100111001111000000111011011001000100110000001101100111001110000111100100001110010000011100001011001001110011101100000011100001111110110001101100011001110011100001111001001011000011111000000110011011101000111001001100110101100011110000111001011001101111110001110001110001110001110000010001100110000110110000110110000111101100100
10110000110110101100011001101101101100100110111110000000110011001000000111110000011011111011000011111111001110100000110110010001101100110001111110110000110001111100011100001111001111100000110001100001111001000100111001110000000111101111011001100110011010011101100011001110011000011111000110010000100100000111000011100011000011100000011110000001110110
10011001000011001110111000110000010011111111011011100011001100000000001111000110000111111000111000100110001101100001100111000000110000110000111000110010000110011100111001100011111100000111000100111100110110011000100111110000001111000111000010001100011001100110011011111000110011110011100100000111011000110100110010110001111000111110111000100100110000
00111100000111001101100001110110011001100110111000011000101100111110001101100111000000011000100011100111011000011000011101100011100010011000011011100000111000000110001110010011001110001100111001111001100010001110001110110010001111000011000111100011100010011011100001100011011011110011000010011100111110011110001011000100110011111001110011100011000011
10001100011101111001110100000110011101100001100110001111100011111100111000011011111000011101100011001110011001011100011001100011000100111000011111011001111000000011100100000001100111111100000001111110000001101100110000111001110011011000000111000111000111011011100011001001101001110010000001001110001110001100011001110110011000111111000100011001100011
10011110001100011001000111110001100111110011100110110110000110110011001101100001111111001100100010000111011001111111000110011011000001001100011110011001111100010001001100000111100111000001110000000110111000001101100001100111000001100110110001100001111011011001011110010001100111100110000100100111110001111000001110111100000111100000111100100011001111
11100111110001001110011000010011001110001001111011000001110111000011111110000110110011001100011000110000010111111100100001110110000110011001101001100000000110011111010001100110001100111001000111010010010011100001111000011100111100000000111101110010011111001101100100110111100000111000110011101100110011111100011000110001110001111000001100111001100000
00110010000100111001101100010011100001001101111001000000111111001100000000111100000011000111000001111100010001110011001110011001111110001100010000000110011000100011111000000110011100110011000111111001100111001100111110011100011100011100011110000111000011001100100110010000011100011011110001110001111100001100110110001001100110011100001011001111110110
00100111001110011000100110011001100111110001000011011100100111000111000001100111011111000111100011110000000111011100001000000111000100110100000011011000001100010011000100111000110111100001001110001100110000011100010111000111110001100001001011101101110010001110110001110001100100001100110000110001111001001100100111100000110110011110000100110011001100
00010001001100111001100001100010001111110000110011000001111001100001100001100001001101111100000110011011000001111001100100011110000111110110011001100110011001001100111110001100111011110011100110011100111001100001101110011111000111001111100010001100111000111000010011110111000000111000001111100001011100011100100011011100100110011100111001110010000110
00001111001110011001110111100110011110000000111100001100011100110110001110001001000000111000001111100010000011111000001111100100011100110001111000000011100010011001000001110000110011001100100111110001110100110011100110000001100111100011001111011001111001100111111000110011100110110000110111000011111000000111000000111100011001111000111000011111011100
01001011001110001110011000110000111110000011000011001111000111110000001001110000011100001101110001111000001111111000111101100110001110001111001001100001110110000110111011011110100010011110001110000000001111100001111100110011001101110000100001111001111100001101101101101000101110001011001111011000110011001100100001110110011010011100000011000110011101
00011001111001001100011000110001111011000011000000000111111000110110100010000011100110011111000000111001000111110011000001110000111000111000110010011100001100110011011100110011110000011110001101100011101000110000111001001100110111101100011011001000001001100011100110100110000011100110111100011100111000100110011100001101001100111100000001001111111100
11011100011000000111111000100001111100000011000011100110111110000011001111100000110001110010010001110000110010011111011011000000111001111100110100110001110100011000100111110011100111100011111100000111100110011011001100111000111100110001111001110011100111110010010011011001001100001110011000110001111100001111011011001001110000011000010000111010001000
01110000111100011100111000111001111110110111001100110000111110110000110011100111111100110000100111110100001100011110000011011100011001001110001100011110000000111110000001100000111110001111100011111011000001111100100001001001111101000110001110000010010001100000000011100110011011001110011110001011110001100011001111110000000110011000011100000111001111
00111000110001110110001111000111000011000110000011000001110011011110000100011001111100000110011100110000011011100011001111001111110001100000110001101101101100000011011111001100110011011000111001000111001100000011100010001000110001100110000011100110011000011001100100110011100110110110011011000011000111001110011101100110011000111000010011111000111000
10001011001101111011000100111001110000011011110000000001011001100111000011100000011110111001100001000011000001100110001001100110110000001100110000011100001011100111110001100011011000001111011111001111001110011110001111100110011110001001001111001110010010010010010010011111011000011100111001000110011001000111001110001110111100111100011001001111100001
11000001111100001110001110001100110000110001111110001111100000100111100001100001100011101100011001100001110011011000111000000110000001100111100110010011000001111000001110010001011000001111101100011001000111011000110110010001111100110011110000100011001001111000000111111110011000110000111001000001101111000000111000011100111000000111000001100001100111
01100100011111000001110000111111000111110001110100101100110111110000111100110000111000110110001100111111000001110110001100110011111000110000100111110011000011110000001101110100001100111100110010011000110011100001100000111000100110111000001101001100001001110011100000000011110010011000111011000001111000110011001110001111100011000100111000011111110001
00111000000011111100110011001110000111001001110001111011001100011101100001110111000011100011011111000000000111110010010000011111011011000100111100000110001110011100001110011100001100111000001111100110011110001100011110011000100111000011100110000000110001001101100111110000001111000001100100010011000100000111110000110111000011111001011100100111110000
01100100100011100110011000110111110110001000110011011000111100001100010111011001100011100100111000011001100011110000000001101001000010011011011100001110010011100111100011100000111010000000111100011110010110010000111111100011111001100011000011100100111000011110011000100011011101111000001110010111110000000111100001111000110011010011000100111111100011
00110011000110000111110000000111100001111110001100111111000110011000110011001110111001110000000011110100110110011000010011000011100011100100011110000011111011001111000000011101101111001100011011100110110011100001111100000111000000001111100111110000000110011100000111100110011001011100100110110011111010000011110000110011110001101100111111000111100111
01100011110000011110000101011100110000011100010011100000010011100000011001100111100001111100111000101110010100110010011111100011001100011100100111100000110000110011010010011110001100101100111011000010110011000001101101111101100010001100010010001100111100011100001111001001011110011100000011010001111001001100110001111100001111000001101110011111000101
00000111001111001100111100111100011011001100101000100111111000100111001110000110001100111100111001110010110110111000011110001000111100101000111000100011000110010000011101100011100110011100000110001011111000111000011001100110000110010110000011000110001110011001000111100100010000011111110001100001110110011000000111110000111110011011100010011011001101
01101001100001111111011000100110011110011110000000001011100000111000010100110011000111001110001100110000100011100000110000010111000001110001111100100111000011100011111110000001111000110000110011000001100111110000110100001111011100111000110010010011110010011100110001111100011111000100011100011000111000011000111100010111100011110000001111000111111001
00001110000000111100100111001000001110001110011110011100000011100000111001110000111110000110110011011011001111100000111100011001101100111100111100011001100111011100010111000111100001111100000111111000011100110011001101100110001101100000110011000111010011001110001110110001110010000101110001111100100011010111100000011000000111000011001101110001110001
01001101100011110011100011100010001100111000111110111100111000110001110110001110011100110000110111000011001110011100110001100000111000000011110001001111100000110011110011101110000000111100001100000001100111000011100011000001101100000111010011011100011001000100111101110001001101100001101100111111000000111001110011000110011000011001110111100010001101
01000111110001110000001100001111100111000011101100110110010011100011011001100011111100110110011001110001000111010011100110011100011100001110000000111000000000111110001111011001000111110001100100001111000011100000111110011000110010110000001100011101111101000000011110001100011000001101001111001100011100011100011000011101100000111000110111101100100000
11000111111011100110001100111100000001110011001100110011111000001011000000001110000110001110001111000111000010011001111001000110011001100011100100110110011000001110001100011111000001110001110001110110011110000010001111001100011011101100001111110000110001100111110001111110011110110100011000011001000110110011011110011110011110011100110010000011110011
00000011100010111011011000001111100100011100011111110001111001101100111000000010000011110011011011100111001111011100000110010000010000110000111101100111000000111100100011001000011001100001100111000000110011110011000010011100111100000000110111100110011110010011110001001100100110010011001110000111110010001110100111100011001110011000001100111100100110
00111011001100110011011000011001100110011001100111110011100110010011100011001100110010011100100001110011001000110010000101100010111111001100000111101110110010011111011011100000111001101100001100001100100110001000111110011001101101111011001101100001111001111110001001001100011101111000000110001101100011100011100100111000100101100110011011001100110011
10001101110011000101100011100011001100110010111000111000111111011110000000111010011100110001110011001110000111100110000110001100000111110100001111000011101110000110110001001110000111000001111100110111000011111000111110001110011000110010000111100011011011001101100110000011000001101100111000011110001110000111000100001101000001100110011011000111001110
11110000110000110000110111000001110111000110111100011111001000111000010011101100100100011110100111001100011100110110000010011101110000000110001110000110111111001111100110010001111001001001100011011100000001110110000011111001100110011000110011100011001100110010011000010111000111100111100110011111100000110110001110110010000001100110011111110000110001
00100111000011100100110000110000110110011000011100000001100110011100110010001110001100110001110011011100001101110110000110000011100000111100011011001001100111001100011100001110010010111001000111001101011100011011110000010000111111000111000111000001100111001110000001110001100100110001011110011000000111110011100001101111100000111100010100100111100000
10011101111000000011101110001110001111001100000110111001111100111110001100001110011001111001000110000111000000001100001110011100111100011100011110011100000011011110111001001101001110000101110000010111010011110011110001100100001111111110001100000001110011000011100100000011001001111001000111110000111011001111100000010011100111100011100111000100101100
10000011110011110011011000100001001001111110000111000010011110100011110000011001001100110011100110100111001100111101100110010000011000001100110011100001001110111100011000110011000001000111011100110001110011011100110001101100011010011001100001110010000111000011100111011000111110001001110000111000100011000110011100000110010001110000011100000111000110
11000010001110110011011001111000110011111011001100111100110011100000110110011000000110011000011110110011010001001111110010001100110110010001111110001111010001110011100011001110100011100000011100111000111100100000110001111110001100110011000100110011100111110000111001100000011110001100000111000100111010011000000110011111000011100010011110111001110001
10000110111110010001111000110000001110010001111011100000000110000111111000000000110011100110000011111000001110000111000000001100001001110001111110000110010001110011100111000000110000100011000011001000111000000000111001100001100011000110011100001111100011110011010011001110011100011100111110001100111110000111100011111001100011100001000111100000000011
10010001111000111000001111101100100110001101101110001100111000011000011111101100001111100110011110001100011111110000001111100101100000011101000110010001001101101110000110110000110011011000100011001111100010001111001100111100000111100100110011101100111001100010011111011110000001100110000000110011001111100111110011100011001111000011110011000011100100
11100110011001001101100100011000111011001100100110000000010011100111101000101100111000111110001000111001100110110100000011110011111000110000001111001100001110000011000111100110001011001100111100000000111100110000011001111011011001110001100110000011111100110110011110011100100111000011100101110011110001100111100000011001100100011110000011110001101110
00110111100110001101110001110000110011110111100001110011001000111100001111000011000011000011011110011000011011001000001100111100001101100111100011111000111000110110000001111100011001100111011000110001100000111100001110000011111000110011000011100110010110000011001100001100110001111001111110001100110011001001101100111001100001111110001111100011111100
11100011000001111000000101111000100011111000001100111110011111000110000111110011111000001100011100011001111001101111001110100010011100000111000110011001001110000111000001100111110000110011100111100111100100011100011001101110001100011110111111000011000011001100111100010110011001111110001000100111100011100001100011110010011101100001110011100111000011
01100110011001000001111001100001000011100110011000111011001100110001101100011111010001111000011111001100001110011000110100011100011111000000011100011011001000110011111000110001111100100001101100100010000010011110111100000111001100111100100001100011011000000011001001001100011101101100011001110001100011101001100010011111000100011011000001111110001110
00111111011000111100111011100000001100110111111100011100001111111000110001101000110011000111101001101100000111111000110010110100011100000110011110000011100001111101101000111111000100011001110001110010001001111100000000001110001000110110000011100111110011001100000111100000111100110000111110011000011100000100111110010110100011110001111000110011000110
00111000010001110011001111000110111110011000111011001111011001110000111000011001000011100101000111100000011100110000011000100011000111100011111000011000011100011100011001100001100000110110010011110000111000011100000111000010010001110000110011000100001100000011111000111100000011101100011100110001101101101111101001000011110001001110011110001110000001
10011110000111110000001100000011100011001100111110000011100100011000011110001110100011100001111100111100011100010000001110001111110001110011101110000100011001001100110001000011110000001001110011101101000111000110011011110001101100000110011000111100001100111000110011011000100110000110110011000110001100111111001100011110011000110011001000111110001110
10111100010011000111011001000011001111000000001110000110011000111011011000110011110110000000111010011011110010000110110011100110010011100001111001001101100110000000111000110001111100110000000011001100111001001000101110001110011001100110011101100011111110011000011100110010011111000011100110001100011110000011100111000010011000111100000011101111000110
01001110011000011111000111001011001100100111001100011011100100110011110001100000111000110110001100011001111000011000110011100000011100001101100110100110011000000011000101100110010000011100000110011001110000000111000111000011110011100110011100111110000111001100110010110011000001111001101110000011001001110000011100111000011000110010011100111100011111
01000001011110110010111010011000011110001100111100110001001110100011000110010011001100111000000101100001110110000001110000000111110000011111001011100011100110011000111000001110011100010001111000001110000001111001001110011111000111011001110011001100001101100011101110011110000011000110110100110101100110000110011111100010110001110100011000011110010011
00001111100011111011100001110000011000100111010001110011011001001100000011111000101100110011001100001100001111001111111000100100010011111001000101100110001100111100001100000111000001110011001100001111000000100000111000011000111000110011100100111000111110000111100111000110000010111000110110000110110010001101100110010011001000011000110001011000000011
00111001100010011100100011110001110001000000011100100010010011100010011100001100001001111000011000001111001100001100001100111100001110100000011100111001000110110110011011000110011011101100111000100110011000110000011100011000100110011001001100011011001100111100110011001111000001110011100000001111110011011100011001111000010111010011000111000111100000
11100110011000110000000110000110010000101111110011110000111011000111001110000111000011110011101000111001110000011111001111000111001100000111011000001110110011001110001110001011100011110011100011000011111000001110110011100011110011000011100010011001100011001111100001101100011110000110110000001111000110010011001001001111011001001110110110000111100100
11000101110111000001111000111000110000110000111000011111101101001111110000011100011100100000001110010010110001111000001100101110110000001100011001000001100011110000111100110001011000001101110001110001111101101100011011111001000110011000000111000011100111100000110000011110011110000011001101000110000011111100011001100110010100001111101110011110110011
11100011100110010011001111100000111100011000110010111001100011100110000011111000000000001100001111101001100100110111000011110000110011111000000110100111100100010011100110011111001100111111111000101111001100010011111000011000001100110101110001001110010111001100011011100111101100100100111100110011100001100001001100001100011001110000110011000111000001
10011111001100110000001110100001110000110000110000011100100100101110001111000110001100011001110011000011110010011001001110001110111100011001001101111001001100111011001001001011000011111110011000011110000110111000110010011000110001110000111001100011011100101100100010011101100000011100001100100111000000011001000110110011000001011100001001110000110010
10011011000011100001110000111110010011010000001111000000100011100001100110111100011111100000001111001111000011100110011100000000011100011100000111001100011000111100110000011110010000011111100111000001111001100000001101110001111000001111000111110010011001101110000111001110000011100011001000111011000001001110001110010111110000111011100100011100011100
00111100011100010000111111100111100000011100001110001110010011010011101100011110000001100001100111110000011010000011000111100100001110011010000000001011111000110011100000111100111111100100111001100110000110000011001100011100011000000001110110110111000111001101001000111100011101110001001000111000001100111000001100000001110001001110100110011100011100
00000111000110001110000111100001110110000001000111111100100011100110001100111100001100100111110111001100001110000011111110001111011011000110001110011011000001111011110000110011001101101100100110001101100011001101100111000001001110000110001100110000001110000110111100011100111101100011110000011000111000001111100011000001100011110000111000111111111000
00110000000011001110010110110001111100001100011000111001000100011110001100110010000110011011011001100010011001111000001110001111100110000110011100111100111100100001111110011001111000000001111100100000110011111001100011100001111001111000111101100000111011100010011101100110001011111001111000011000011110010010011000111000001100011001001100001111100100
00111100000001101100011100001100001001100001111000110111000001011110010010001100111000111100011101000100110111110000011001110011011100110110011110001001011100110111000100000111000110011110010011011001100100111010000011001101110000110011101001001100100111100011100110001101111000110001100110000011011110001110100000110011001111001001110011110000011100
01101110000011001000011111100110100110111100011110100100110000110000111110110011000011011000100111001101001110000110000011110011001100011000011000000111111100001110011110011000001110111001000011101110010000010010000110110011001100001111100010011011100110110011000100011100011011000011101001000110000011111110110000111000110011110000011111000011111001
01111100000001110010000110011001110000011110001111000111111000110011111000110000110011110110001100111100111111001000001100110011011001001111100000000111111100000100011111011000111110011111000110111100011100011001100001001110110011100000111000011001110000100111100000111001011100110011100111101000110011000011001110011000110011111001100011100001111000
01100001110000111010011110100000111100000111100011000110000111001000111100011110101100111001100100110001110000011000111001111001100011110000000111001000110000110001100111010001110111000111000011001110110000011111001101100110011110001110011001111010010011100110011110011000000110111000000001111111000100011011100000011000011000111110011001110110110011
00011000011101100110111001001100001100011001110001000111100011001100101100111011000000011111000100011001110001111100011100011111110000000100111000110000110001100011110000011000111100110010011100000000111110010010011001100110111100011001100001011110011100000011111000011111011000010010001100100011001011001011110011100011000110000011100011110000111001
00000110111000011010011100110000111011000011111000110001011001111110110011001111000001100011000111001000111000001111001001110000111011001111001000111001100110110011110011011000111000111000100100110111100011100111100100101111001101110011100001000110000110011001000111110011000111000000011111100001100110110110011100001100100111100011011000011110001111
00110010000011100001110011000111001110011101110011100000110000111000011110100011001110000011001100110000011110010000011111100110001101100100011000011110000111100010011000011001110000110110010011011110001100011111000011100111000000011101100100011001110010000011001011000011100011111100010011100100111100001000001100111100011001111111110001110100001110
00011001001100111100110000001101100001100010110010001001100011100111000111000001110001111011001111000110110001110000011110010011100001101101110000011001001011000111111100001000010110001110000110001100011111000111100000101110011001001001101100000100110010001100100110011001100011000001111011011000011100001001111101101100111101000111110010011101111010
00001001111100001100111110110010001101001111000110001111000111000111100001110001100100111100001011001100011001100010011110000011000000110010111100000111110000000111110011111000111100001001001100111001110011100011001000111111001100110001111000111100110011001110000111001110000110111011110000100100110001111100011011001111110011100000000110011000111100
10010001100011000110001110001111110011111000110100110110000011000110100001000011001101001111100011110001111001000111100011001100000111111011011101110100010111000001110001110110001110010100111011001100110111000001110000000010010010000111000111000010011101100001110110000011001000011111001100111111001100110111101100110111001000000111001111000110011011
11000110110000100011100110010001111001100000001110000111001100111001000011001111001111111001110011010011101100011001100000110111000011001110001110110010110110011000001100110001100011001111101000000110011100110000111111000111110000110011100111000110011100001000111100111011001100110001111011100110000000110011001000111110001110011011110001110010011111
11100001111100100111110011110000011011010001111100011110010001110000111000111001001111001000110110011111001100011100110000011001100011011001100111000111100010000000001101001001110010111000011000011111110100011100111000010001110001100010001100111100110110000111001111001000001100111001000111000001111110000011111001111100100110011110001100001111001001
01101111001000111001110000011110011100110110011011110011111000001001100000010000110001111000001111110011111000110001000010010011000011110001110001111101000110000000111001110011100111001111100111001100010011000100011110000011100001101110000011011110001100111100000111011000011101111100001111110000111100000110001011000000111110000011001111001111100110
10011000001100110000110011011011001111100100111100000110011000101100100011000110011001100000011111111100111100110100111001111100111110001011100000111001111101100011100001111011100100110111000001100000111101000011011000110110001101100011001001110001111000011011100000110000111100111000110000011001001101110011111001110011100111000110011100001100111100
00111110000001111001101000100011011001100001100001111100100111100011111000001110010011011110000111000111000110100011111110110011111000001110100110010011000001101100001111110100011000110000011010000111001000011101100011111110011001100010011111000111100110011011001100111100110110100100110110000010011100100110001110001101101110000101110000110000011110
11011000110111111001000110011000011000011100100110111010001110001110000111100010011110001100111000011100010011110000111100101000111111110000011111011000110011000111100110110010010011100110100000000111011000011001111000010110111001000110000011111100110110010011000111100101101100001100001110000000001111000010011100001100110011110011100111000111001100
