00011111100011111000001100010011000110011110000000011111000001001100011110000110000011001110001110110010000110001100000011100101100110001110001001110000111000010110000000100011111100001100001110100100001100001111100111111000010010010110000110001001001111001110110001110011011001100100001110000000000110010011111100111110110011110100011100100000111110
10011000110000111111001100011000011001111000010110000000110000100110000011101100110011001000011100000001111001111111011011110110110000011111100011001100110000110100111010110000010011000001100111011001110100110000111100001100001110110001011000110110001110010000011100110010001110100110001111101110110001000111011000110011001100011100111001000110000011
00111100110011001111111100011111000011110000000001111000110011000111011001000011001111100000111111000000011101011000010001100111000011001100001111110001001100001101100111110010000111001100011010001100100100100000000000111000001110011000100011111111100001100011101101100001100100011010001111111100011000111011001100011000111000111100111101100011011110
10001111001100011100111111001100000000101100011111000011000100011110011011100100110001100010001011010001110001100011000011011100111110000001110110011100011100000110111010010001001011100111111111001100011100100111001110100110000111001110011011001001110000100011100001100110011100000111001100100000111000111000001110001110011100000111000000011000011001
10011100000011110011000001101111001100110001111101000100110001111100010001100100111001110000110010011101001101100011011000111111001100001111110110110000110011000010000111100000010001110000100110111000111011000111100111000011100000111010001101100010001111011001111000000011100001111000110011000001111100001101100011110000011000011111100011111000111111
00111100001001001011110111101100111001111100110111000000100011100100011011000001001101001111110000000110011000000101110001111100111000111111001110000111111000110011001101110000011101100101011110000001111100000001111000110010011111110100001000111001111011001100000110001111110001100011100011100011100111001000011110001100000111001000000000001100110001
10011000110000100100011111000011000101100000101111010010011011110010000100110100111101100111111000000111110010000111000010001100110011111001100011100110010011000011111110011100110011001101111000110001000011100100111101100111001100001100100100111011000011100111001101000110010001111100000011001101111100001110001100110000000111011001111100011100000011
10011100001111111100000010011001100001111100010011000001111111000011100010000001111000111001000111100011000011110100110010111001111001111000110001100011111000001111111000111001110011100000011110000110000000111110110000011111101100010000011110001110110100000111001001101100110110001100100001111000101110000010111000111100011000011100111110110011100111
10001000011111110000011111100100111100001111100111111110001000011110000110011011001100000110000001100001110111001111001111000000000011110011000011001111000111100100101100001100001011110011100000110011100011100110001100011001100001100110000110110011001100110111001001100000100111000100111000111000001111001110000110011100011110000011100000100110110011
11100001110001100011001100001101111100011100011010010011000001100110000111110000011100111000011110011001000011101100111000111000110000110110011011000100111000110001101110100110001000111010011110011001100000011100000111001110001111100110011000000011111110000011000111001111100110011110001111000001110110110000011110100011000001111000001110001110110010
10011101110000001110011000101100111100100001110011110000010010000000111001100000000001111001111000111110001000001100010001111001110111001000001100111100001100000001110011000101110011011000011100001100000110011001110011000001110110111100110010011010000111101111100011100101110111100110000000110100001001101100010000011001100111000011110000011110001111
00011111111000011110100100011111110000001111000000111000111111100111000001000100111110001111100000000110111100011111111110011001100110011111111001000100100011111000110011111100110110100001001111000000111100011111011111000100100000001111000011000111100001110100011001110001001001001000000000110001100111010001101101100110000111111001100000001111000011
11001101101001100001111110011001111110000111001101101100111000011100010000100001011101100011011000110001001110110010000110001000001111011001100110000111110000001110001100111000001110000100111101111101101000001100001111000001111110000011000111001100000011100100011100001101100011101100011011111000100011100110001101111101000111100011110000111001100100
10000001111100000111111001110000111100000011100000011100000011110000011001100000111001100110011100111111101101101110100011111100000111110001111000100110000010001111100000011001100011110100110110110000011100100110110100001100111100010000001110001000000110001111100000111000001111001101001100111001000111111110001110110011110011100001011000111111000111
01110111100011001101101100001111100000111110011001000001111111000111000000111100010001100001110111000111000100011110011001111100000000000011011110011111001001100000111110000010011100111110000001100110111100001110101001101100111000011011001001000000011111101100000111001000111110000111110010001101111001111100011001111100000100111110001001110000011011
11111100000101101100010011001000001111101100010000110000111000110111110010011000100000000010001111000000001111110000001101001000111110011000001100000111110000110001111000001100000001011001000000001110011110011000111011000000010000111110011001100110001110000001011111011000001100110111001100100000010111000011111000011111001100001111001100000000110001
01110010001000000010111000111000111110000011111000110000011100011101100110000110110001111000101111000100001111001110111000000001101100111000110000110001100110001000111111111100100000111110000110000000111110001000110110100000100001100000011111001100011011000111111001110001100011111100110001111011110010011000001100110011111001101100011111001001001000
00110011111000011111000001111000001110000001100110011111101111100101110000000000001000110011111110001001001111100110001110011011001000001110110011111100100010011100011001100000011110001001110000011100000111000111110011001011000011000000011110111000000001111000001100011110000001110001111110001000000111110000011100001111000111001101101111000001000011
00011000111100010000110111001111001100001101101000111110011100001111100001101101001100110011001001111100000111110001000110001111000100110110000011111001111110000111001100111000111001111000111110011011010011110011001110010000001110011111000111100000011110011011110001111100000001011100000110111001100011111000110000111100110001001000111111000011111100
11001100110000011110000010111000001100001001111110001111100111001001100000000111001011110011001101110011100011000000011000011000111100000111111100000101110001111100100111001001000001111001110110011100111000110111001110000111110010010011000100111110010011100000010110011001100100011001111100000111110000011100111001101110110000011111001001111000110000
00110000011100000011111011001000101000001001001100000000111011000001110000111100011110000000011111100100011001110001111110011011000011111000000110100000011100001001110001111100011001100111100110000110001110011111100100011111100000001110001111011000000011100110000000011111010011001001000000011111001110011011100001000111001000011111000001111100010001
00110010011000011111000000111110000010011101100111001000011111000001101111001100000110000100110011111100110100110100110011000011100100110011000000011101100011100011111000010000011000000111011000110001111100101100001110011001110000010000111110001011100000001100001100110010000111110110110010000110111111000011110011001110010110111101100001111001011000
01111100000011000000011111000111000111001100000011011000001111110000110000001100001100001111000101110000100001001110101100001111110011100100000110010000010001111100011000111110011000000001100001111100000100111000110011001100000111111000000001111100011100000000000111111000111100011100001101100001111100000010011100011001100001111110110011111000100111
00100111011000000000111110001110001111000111111000111110011001110100000111110001111100011000001110000000011111001100001100001001110001001100001111100001111001100011010011001110110110000111100000110011001110000001100100111110000111110000110001001100011111000111001100111110011000001110000001110010011000111111001000110000011100011111100001111100011100
00111110001110000111011000000100000011110000110111000000111001100100000000111100101001101001001110001100110011111000001001000011110010011100010001111110011000110011001100010110000011111001000000111100011000110010001111101000111110000011000000110111110010011011110100001110000111100100011000100111000111100011110111000001111100111011100000001001111100
00000001100001110000000011111110000011111000000001111100000011110001101000111110000011111000000110110001110001110011000111000000111001111100100111001011000011000011111101100110001000111110011110011111001110001001110001111110011100010001111000011100000001000011111110000110010001001100001100011111000001011100111100110000111110000110110011000001110000
00111011100011000000111000101001110011110010000111110111100111001000011000010110001111000001100011111000101111000001111110001001100111001101100011111000000110011111100000011100000011111100010000101100111111001011000111111000111110010001100001100000111110011110011111000100001000001111001000110011000011110001100011111001011110001100000001110000011111
10000111100100000111011000111111100001100000111111000011000110001000111000001111100100111001111001100011001001111100110100100000011001000011111110011100000000111111101101000111100111100000011100100000001111110011001000011110000000000100111110000111000111001001100001111100111110000111110010011100011100000111110000011110001000001100010111111001001110
10011000001111100000001111101001100100100001001111111001101110100011000110010111000100000001111011000101000011001100000111110000011110001101100000010011111000100100000111111110000011011101100111110001001100000001111001110000000001100011100011110000001111100110010011110001111110100100011111000110000001011111100011100000111100000011111101110000001000
01110000011000011110001101110000000110110100000011111011000011100110000011111001110011011110001110100000000111110011110010011100110011000000000001111100001000000110000000110011100000011111000100111000001110011000000110001001100110001111100110001110011011001100011000110001111110010110000110111100100100110000011111100100000011100001000000011011111110
11110011000011001100000010011000000000111000011111001100000001110000011110000011001000001111110000011100111001110101100011111100111001100110011100100000111000110000111110011111000110010001111011000111100010000001110011111010010000110000011000000011110001111000111000011001110011000000011100001111001111100101111000110000011111001111100111100100011110
01001100001110000011110010110000010011001111100100111000001111100110011100000111100001111100010001111000001111100100011101000000111110001110000001111100110001100010001111100111011100000010001111000111000001011111110001110010011100011111001101111110000000111110000000011100001111100110000001111000001111110110011100011110011000011111100000111100000000
00111110001111110000111110001001100000011100111000011100010001110000011100111000011000000111110011001100000001111110010001100111001111111110010000011100000011111000111111000111100000111100111000000010001111110010001110000010000111100001110001111000011111001111100000101111000111111000000000011111000100111100000011110011001000001011101110001110001100
00001001111110000001110001110000111110000101110111000111111110000000110010000111111111000001001000111110001000011111000111110011000011111000000110011100000011000000111111000001110001111000000011110000000110000110000011111000000011100100001111100000011011100111000001101110110010001100000011111111000011100000000111110011100000111000111111000001000000
01100001111000001111001100000110011110000111100000011111000111110001100110111000000111110000011100011111001100010111000111100111011100011000001111100000011101000010001111011100000011111000111100111111000100110011110001100000111001100100000000110111000111000000111111001100000001100010011111110001000111000000001111011001100111110000111100000111010000
00011111000000111100111000001011000000111011001110001001111000000111110001100000010000111001111000001111000011100000000111000011111001100000111000000000011111001000111000111111000000011011001100011110000110001111111000101110001100111000011111000000011110011001110000111100010001001110000111111001100011011111000001111100010000100101100001100111101111
11110011000011101100000011111000001100110000011000011111110000000010011000000111100000100111110011000000011111100111100000000011000000111100011011001000101110000100111000011000111001100011101100110001111100000111000011111011110000110001111110001111100110001110100111100000000011001100100000000100000111111000011100001101100111100011101100111110001100
10001001001110111000011110011000000011100000110001111100001000000111011100110001101110000101110001111001100000111110001001100000010011100011111001110000011111000011111001110001110011100000111111000011111110000001111100110000011101100100000001111000000111110001110001111100000011111000110011111000001100100000001111111000000011100001111100001111111001
01000111111000000111000000111110001110111000011001100011110000000010001110011000111100011110011000011111011000010000100011001101111000000000000111100100011110001101110000011000011111000100100111100000001000111111000000011000111000101110001001101110000011111101000000100001111001111100011100000011111000001111000001000111111000011000001111110001000000
01111001100000111110010000000000001110000001111100111110000000000110000111111000110001111001010000111110110010000011100111110000001100000100000111111110000001110001110000111100100010010011000000011110000111100001111100110110010000001000011111000000000010001111110001000110000100110001111000111100110011000001111000011100010001111110001101100111000001
00001111000100110001100010000111110011111000111000100011000111110001111001110111000011111000100100100110000011100111111001111000001101100001111100000111100111000011111000110110000001111110000100110011100100011111100000101110001111110010001100000000001111100000100111001000111110000110001011011111100000000100011000001111100011100000111110011100010011
10011100000011111001110000110001111000111000000001100001111000001110000000000111111100100000011110000011111101110000000000001000001111000011111000000000111111000001100000111000000111111001111100011100001111100111100000011001111111000000111011001100001111100000111000100000011101111001100100000100100011111000111101110010001101110000001100011000000111
11011000001111100111100000000111110000111000111001000011110001010000011111111001000111100011000001111000100001101100011100011110000000111100011111000001111110000000000000011111100000000011100001111100100011100000110000111101100000000111111000001110000001000101110001111000111111001101110000011101000001110110011100011111100000011110000000111100000000
10000111000011110000111100010000100011111000000011110000001001100001100001111000000110000000110001111100111000111000000000011100011110001000000100110011100000111001111001100110001100000001111100000001111110001111100000000111111001100011110000111100000011100001111001100011000001111100110000111100000000111100001101100011000111011000110000110011011101
01111100110000000111001111100000000001110000011011100000111000110110011100011111100001111110000110000000011111000000100000011111101000001111000001011100100001000010111100001100100001111100010000111110001111001100111100001111110000011101100000111110000011111100001100011111100011100000011101100010010000011100001111110001101110001111100111000000000001
00110011001110011011110000110001111101100011001100000011111110000110010000000110001111001111100000110000010001100111111100000010011100000001111101000011001100001110000001111110110010001100111001000000011111001111000000000011111100000100011000010111001111110110011001000011000111110011110111000000000111111100000011100000111110011000000110000111110000
10011000011111001101100000011110001100010000011000000011110000000110011000011111000000000000110011111001000111100000011111001001100000001111110000001100000000111110000010001001110000001110001000100000000111111111000000000110001111100111001100011011000111111110000100001110001111100110011100000000001111100100001111100110000000111100111000011000001111
00000011110001000111000100111000011111000010100000011101000110011111111100110001100111001000011111001000000011100011100000011110000000000100110000011111000100110000100000011111001100000000111000100000111101111100100110111100001111111110001111000011000011111110010000111100001100001111000000001001110000001111001000011100011000111111000001111110000001
10000111110001011110011001101000001111110011110000011111100100000011100001000011111000000111111010000110100000000001111100000011100001100110000001111100110010001100000111100001111110000110011000000111100000000110000001000000111111100001110110100000011111000000111000000001111100001100010111000011111100011100000001111000000011111110010001111000001111
00110001110000011111011100000100111100000111110011110000100011111100011110001100000011000011111000011001100011100001001110111000010001111000000111100000111100111100001111100001111000111000011111011000000011000011111100110111001000001111111000001011001100000111001110000000110000111100010000011110110000111110000110111000110000111101110100000010000011
00111110001001100011100001000111110011111001100000111000011111100000000111100000011111000011000001111111000000001111100000001111110000100000111100100000011001000000110011111101111001100111100001111100111100000000011111111000110010001111000100000111110110001100110010000111111000010000000001100110111000000011110001111100111000000110001111110010111100
00001111000111001100000111000110000001111100111111000110001100011111100000011101110000111000011111001001000011111110000011100110011111110011000001100011110000000000111000100011100011110010000111000000010001111110011001001111010001110000011111000001001101100001111111111000001110001110011001110000000011000011111111100000000011110000011110000001110001
00111110010001001100010000011111100001110000000000100000111111001001111100011111000001111100001100000111100001111100111100001110011010000000111100010111001100000100001111111100010010000011001111110011100000000000011111011000001111100010001111100001111100011100000011111000110000111000010001111100011000011110001111111110011110001100000011111101000000
00001000000001110111011100000010000000111110001000011001100000111110000110000110110000001111110000011100111110011111100111000001111000111110000111001000001111110000000111000000011100111111011000111110011000011111100111011100011000000001111000001010000011011111100011001111001000111111000111001001110000001110111010000000011101000000111111000011100100
00111100000010111110011100001100010000111110110000011100000001110111110011001001111010001110000011110001111110000010000001001110011000111100001010000111110001111001000011111001101100011110001111000001111111000101110111000011111000011100000110011111110011110000010001111100011100001100000011111100011111100011100001111100100010001111110000111111000010
01110011000000000000001111011001000011000011110011000011100100110011100000111110000000110001100001111100001101110010001111100111100111100011100000010011110000011101101100010001111110000000011001100110011100000000000011111000001111111000000110000111111001100000110001100111011000111010001101101100011011101110110000100111000111110001101000000001111000
11111000111100011000011000000001111100110000111110000000111111000001000110111000011001101110001000000001111000001111000011100010000111111001110100001100000011111100010000110000011111000000111000011111000001111100001100000000001111000000011101001110000111110001100000011110110011000111111000001110000011100100001111110011110000111100011111000011111001
00011111100001111100100110001100000000111111100110000110011111000000111000100000111111001011000011111101100011010001110000010000001111000011111100011000000111000011000001101111001000011111100110000000000100000111111001000001110001111001111110000011110001000111110000111111100000011111000001000011110011100111110011100000111111000001000011100110011100
11000011001110011111110000110011100001111110000001110010010001111100111000000001110010011100110000011000100011111100000111100000001001111000000011111100000111111111011010000000111110000000111000111000011111000011100110000111111011001000011111110000111111110000001111000000111110001100110000011111100111001100001100111111100000011000011111001110000001
00011111000001111000001110011000111100001111110100001000011111001111110001111100111001001100011000111111110100000000111000111111001001101000000001111000000110111000111100000011110000011111100000011111100001111110110100000000000000111001101100000000011111100001011110010001011110000001100000111100010011100101100000111110011111100011000001111100100000
00111110110010011001111000100011111100100111000110001100011001111110001100100011111100011111100000110010000011100110011111110000001100010000000011100001111110000111110000111001100110011110011001100001111001000111111010000001100000111110000011111000100110010011011111100011011100001111111000000110000111001100111011001110001001111010000001001110110000
10001000111111000111110000111110011000111111011110001000000000000011111110100001110110011001000000111110000110011111000000000011110001110000111000110000001111011000110001001000011111100001110000011111001100111111000011001100000000111111000000000111000000111111000111001100011100001111111001110001101000011111000001100110001111100111001100000100001000
00001111100000111001100011111000001001111111000011000111111000000000110100000111111000000011111000111110000011100111000001111100110111000011100000010111100100100110010011000111111000001100011111000011111000110000000011101110010011000000000111110000001111001111010000111111000010011100100000000111001100111100000000011111100000111011000001111100000011
01111110001001111000100110001111100001001111100100110000110011011100010000011100110000111111000000001111101111100001111110011101100011000111111001001001110010010000011111100010010010001000111011111100001000011000000001111100000111000111001000000111111011000000000000111111111000111011000000011011111011101110000110000111000001111000100001111110001111
00001101101110010011000000111000111111001100001001000001110001110011100100100010001111110000011001101110000111110011100011100111000111110001110001111101100001111110001000001111101100011111100001000111000000111111000000111000011000111111000001011000110111111110000000111001100000110010010011110000000111111011110000000010001100111000111001100111100011
10010000111100010001100000011111110011111100110000110011011000111000000000111110000111111000011000001101110111000000001111101100000111111011000100011101110010011000011100011111001111111000000000001111111011100000000101110000111100011100000000111000011111100100001111011000001111100000011111000000001110110011000011100001111000011001100000000111111000
01000010111000000011111100110100000110011001000000111111000000111110000000111011010001111000010000001111100001111000110000111000111111000100111100001011000111011100011000000100111001111000111111001100110001110110011001100011111011000011111011000001111110000000011000000111111100110001111100000100000111111110000111110010001111100000001111000010111001
00100000001111111110000010011110000000001110011100100011101000010111000001110000010100000111100000110110110001111111000000100011101000000111111011101100001100111111000111000000000011111000010001110000001111100000110011111110000111111000000011110000001011110001110001100000111011110001011100110000111110001111000000001111100001100100111000000001111110
01011110001000011111000000001111000010000000000011110010000001100000111100110110011001100000000001110110011110110100000000011111000011100000000110011100100011001001100000000111111000100011111001000001111000000111110000001111000100001111000100000001111110001111111101011000001111100000001100110000000111110000100111110000001111100001110000000110000111
00110000000000001110001100000111111011011100000010011000011011101111100011111011100001111100010010001001100001001000001101111010001110000000111000011111111100100010011000001000011111000100111100001111110001110000111110000001111100001000000011000100111111001000111000011000001111100011100010011000111111010000001110000000011111001110001000000011111100
10000011000011100100001111100011011100100000110111100110110001000001111110001111001100000011101000001111111000101111000010000000111111000111100100000001111110000111000000001111100111110110000001000111111000011100001011000000111100111000000100000011111110000001000110000000011111110001000010000100001111111000000011100011110001111010010000000111111100
11100000001111110010000000000111111000000000000001111100111110000111000110000011100011110011111000001000111111000010000000100100111111001011100011100000001111110011100111011000000011100111011111100001111110001100111000000010111100000011100011100000111111001010000000011011111100000100001000011111110000011111100001111110011000111000011100001111110000
01111101100001000110000110011111110010000001110000111110010011100000101111111000000111110000111110011100011111100001111110001011100010001111110000000110011100010011111100100000010011100001111110111111011100001100111001110100011000000011110100000001111000001111111110000001111100100100011100001100001111110000001110000111111000011001110010001111100011
01111111000011100100100000111111000001011111001000000111110010000110001111100000111111000001001110011110000011111100000110110000111111000011111100011000111110001110000010110000001111111100100111111000001111100100100110000000011001110110011001111110000000011111100110000001110000000110111100000011110000000011110010011100110000000011110001110010000000
11100000010011100000001111000000000110000111000001111000110010000111110000011100110111100100011110000001111100110011100000001100110011110000110000011111100001111111000000101110011100001111111100110011000000100010011001111110011111000000001111100110011000011100000111111000111001100011000000011111000000011111100001111110000000011100100000011111111001
11000001100100011111111000011000011111000001111100000011001100001100000111111100100011001000011011111100110000101111000000011110000100000111000011001000111111001111000111010000100111001111100110000111110010001101110000011110001100111110011000000000011111000100110000000111110010000000111100011111000000011000001101100111000000000000111111000011011001
00110000000101111001000000001000110000000111110000011011100110000011111100000110000100000110011000111110100000110001110001100001111110001001111011100100001111100100000000111000011000000111111110000000000000011111000001111100001101110000011111100100110000000111111110011100011001110000001111100000001111001100000011101110000011100110000011111100011001
01100000111111001000100100100001110001000111111000001111100000000011100001111110111001110000001111000111111011011000011000000011111100001110001000000011000111010111011000000100110000111100100110000010001111100001111000011010000111110000110001111111000001111000111001111001110000011110110000011100001111001100001111000011111110000111110000000111100011
01000110011000011111000001110000011100001111110000011100000111000111100110000001100111111110000011000000001111000110000011100000011110011000000000110000011110000011100000011111110000011001100001111000010000111000001111110000000011100000011010010011110000100111111000011001100011100011111000000000011000001111100001100000100000111111001100011110000000
00111110000001101110000011011100000111000001100110001111111001000110001000001111001110000011101000000111111101100110010000111111000111011000011111000001000001100011111100001100000000011101110001001111100011111000011001000110001111100000001110000011111000001110010000000000111110010011000011001111111001111000000000001110011101100111000011111100000001
00000111100000001110000011001110000000111100111000001100111110000000010000001111000100111000111110001111100000000110000001111101110000000010001111110000011101110001100000111100001111111000000001110111110000011110011000011110001110011111000111110111100000001100000000111111000100001000111110000001000000011000011111000001100110000011111000111000000111
11111100111000001110000011100110001111000000011111000110011101100011111000001100000111011110000001000000001100100111100000100001111001000011110000111001000110011111100011001000011110001101110011000000111110000000011111000011001111101100001111111000011011001101110001111110011100011001000011000111111100001001000100000111011100110010000111000111110001
00001100110001101110011000111001011000100111011000111111000000011111110011111000000100001001110111100110001001000011100111111001001110000001111110011000111000000011111000011111001100000011111100010000001001000111011100100000111110100000001111000110001111000011111100001110001110011000001111001100110000000111110000011110001111100001111111000010001011
11110000001000000101110110000000110000011111100100000011110001111110000001001110010001111110000110010000000111111100000010001100000111100100110100100000100111011101110001100011111100111000100010000001111110010011000011010001111110010001100110001100111111000111111000000100000111110000000111111000111110000000011111100010111100011100100000111110000111
10010011001110000111110001111100010000111010011000001111110001100000000011101000100110000111110011100011100110110001110001111111000111110011000001100000001111100000000000001000111110000010111110010000100110000001100010111100110000011101100010000001101110000001000001100001111001100001111011011000000011111000001111100011111010001001000010111100111000
11000010000110000000100111111101001001110011100010001111111000000011111001000110110000001101110000100111100000001110000111111100110001110001101100011111110001110110011100100000011001100111100001111000111000011111001100100110001100001101110011111000110000001111111000100100001100011111000011100000011100000011100110011000001111110000000111110000000111
11000000111110110000100000000111100000100110011111001101000000111000011111100100011100000001111111001000001100100011111110000011011000111111001000011000000111100111000111111000000011111000001110000010111100001100000000111111110011000011110000111110000000011100001111100110010011000011000101110011111000000011111011000011000111000011100110111001110000
00000111110001100000111110000011111000111011100000010011111001100100000111100110000001111000100011001000111111011000011111110000111111000000011100011000011111000000111111101000011111100100110000011100000110110001110110011100001111111001000110000000111001110000011110011000001111000010011100100000001111100100001101111100000001111111100011000111000011
00011111000001110000000110000001111000000010001111100110000001111000000111111000011000111100010110111000000111000011111000110110001111110011000001101100010000011111000000111101000000010111100001100010000010001111111000000011110000110011111000011100000110001111100110001100011100111111000100000011011101000001111101110010011100001111100110011000001100
00000000111111001100011100110001111110111000000000111100000011111000000011001110000011000110110000111100001000111101110001111111000001111110000000011111101100000000111100011110000011111001110000011001100100011001111100000110001000011111000011000011110000011111101000001001110000001111111001001000001100001110110000111011100100000111110000000001001111
10000011001100000000001111111000000110010001000000011111000000000001111000001111110000000010000111100000001001111011101100001100001000111111011100000011000011101110111100000111100011101100000111111000000000011011100011111011000000110110000000000111111000100010000001101000111111000000010011001100001111001111001101110000010111100111001100111000000011
11000011100000111110001100000011100011111000110110011111000000000111100011110010010110000011100011111001110000000011111000001111110001110001110110000011111100100000110000001000011111111000011111100110000101110001001110001000001110001111110010001100111100000000000111100100100000111100001111100100000111111000011111100110011100001110000001111100000000
11100110001111000000111110000100000000011111110011001111100000000111100000111111000011111100100000100011111101111001111000000001111110010100000111110011110000110101100000011110111100111001000000011110000011110000000001111110011001101001100000111111100011100100110000011110000110001101100000001111110011000111010000000111110010000011111110010000011000
11000001111100000000110011111000111100000010011000011110111100000111000000011111101000011111000110000111111011000000000000001101111000001111110000011111001110001110000000011111110011100000011011111100110000000100000111001110000111000011001111100010000000011100111111000001100000000011111110001001110000001111111001000011000001111100111001110010000011
10000001111011100001011100010111001111100000001000001111110000111111111000011111100000011010000111110010011001110010010001111110011000001101111000110111000000110011000001111001100010001000010001111100000111001001110001111101100100100111100001111100010011000011100000001111110001110000000111110011111100001110000000011111110001100000111110000011111001
00011111000001101100000000011111000001100110001100100010111100001100001111000010111001000111110000000011111100011100111001000011111100001100100100000111100011100011111000001111110000111000000110011100001111111100110000001110001111000101111100110001100111000001100111111100011000001110110000111110001111000000110000111100010000011100000111111000000001
10001111100000000111110000111111000000010011100110000000111101100001111011000000111000001111100001110100010111000011111001110001100111000011111000001110011011000001101110111000001111000000111111100111100011000000000011011111110000001110010000011111100000010011101100111111100110001111000000100111011000010000110000111111100111000100011000111100000111
10001100100111000011011100000000110011100000100001111000100000111000011100011111100100000000011111110001110110000000011111000100000111011001111100011000111000100100000011100001111111000000111111000000110001110011001111100010100001111110010000111000011111101000100001111100000110000000000011111110011100001101000000111110000000011001100111110000000111
00000111110010111011111000110100000011111001100001100110011011110000001110011100011111111011000000001101111000001101000011110000001100001111100001001000100011100100000111101111100011100010000000111101100111000110001000000111111000000011100011000000111011110011100000000001111111100011100000000110001001111000011101000001111100001111111000011000111111
00000010011100100110001100000000111100100011111110000000011111100110000011001110001101111000001110110001110000000111011000111000000111111101000000011111001100000110011000011111100000011110000001111110000000001001101100111000110000000000100111100000111110010001111110000111011000011001001110111010011000000111100110000111100100011011100000011111100001
00010011100000011110001110000110000100011111100011000001100110000001110000000111100011011100011100000011111001001011001000000010001111111001100011000111100000001111000011110000000000111111000011111001000111111000000100110001100111111011100000000011000111110010001100000111100001111011000111111101000011111001111000000111111000100000001111110000000111
11000001100000001111100001000111110001111110000110000110111100001111100000010001111100000111111111100000111000110001111100000110001110000111100000011000000011111000110010000001111111001110010011000111100000001100000011111100000100011100000011111111001000000011001111000000011111001001000111011000011100011010000111110000000100010001101110000001111100
00011111100000001111110001100000110010001110000111100010011110000001010110001001111001000111100011000111110001100100011100011000100011111100110000001100011000011110000111100010001000110111000000111100011111000000011110000000001111110000111110000000111100011000011101000000111111100000100000111110001110000110001001100000011110011000001110000000000011
10011111100001100110000011001100111111001001110001100000011111000111010000011100000011111100011100000111011110000011110001001110011110000111111000101000111000001110000111111000011011001101101100001111110000011000001111100000111111001110000001111110000001111100001110011000000000111111100110000111011001100001111100000001110001111000111111001100000010
00011100111000111000111111000100011110110011000000111111100000000111000000110001111111001000111100000000011111100111001111100111100000111110000011001100011111001110000111100010000111111001110000011100011000011111001101111111100111100001111110000000011000000111101110000011110000010000001111110010111100011000001111000111000011110000111001110001110000
00110110011001111000001111100000111000110001001111110011100000000011000111110000111100000100000111110000111100000110001111110010000011100000000111111000000001100111000110011011110001110000000011111000110011101110001111111100011000011001110000111111000001111110010011000000111001110000111100000000101111011000100000011101110010001100000111100000111111
00000111110011000001111000000111110010000011110000011111000010011100001000001111100111000111110000011111000111110011100000110001101110000011000001000100011011110001000100100110000000111111100000001101110001100001111101000001100110000000111111000110001110011100100011111110000001110000111000001111110011100000001000011111001000011111000001111000000001
00000110001100010000111111000011101100011011001111110000000010111011000011111100010000111110010000111111001000011011110000011111100111100001110010000111110000110000110000111110001100000011110000011111001100000000001110001111100011111000100001111000011111100011100011110100000110111001100111000000110111100011100100000000011111110001100001111100000000
10000111111100000111001100000100011111101000111110000111110001000011111100001001011100001110000111111100000001111111000111110000001100110111001100001111111011000111000000011111100011111001100110010000001111000001110010001111000011111111001001100000111000011111100100000000000000111001100001110000000010011100000000001110000111100000000000110000000011
11111100100111001100001110000111110000111000010001111000010001111110110010001001000001111110010000000111001110000001111100000001111110000001100011111100001000110000110011111100000111100000000011111100000001011100011111100001111010000000111111100000111110011000000111000000111000110001111100000110000111011000001111000111001111100010000110111100000000
00000000011000011100011111011001001110001100001111100000110010001110100001111100100000111101100110000110111111100100111000001111100010110110000010000011110100001000000111110011100001111001110000011111100000001100010011111000100000011000110111100001111110000111111100011100001100000001111110011000011110000111111000011111000000000000111110001110000001
01111110011100011101001100110000111110000110011100100011000000111111001100111100001110000111111100010011101000000011111100001100100111000001110000001111110000000011101100111110011000011100000001100111111100001100000111110001000010011000001101110000000000011111000010011100100000001001100011111100001111110010001111111110011111000010011111110001000000
11110000110000011011100000000111100000001111001001001110010001111110001000000110111110000011111111111000110001100000001111110100011100010001111110000000111011100000011100001111001100000110100110000111111100000100000001100010001111110010000111000000111000011100011011100000111110000110001001110011111110010000010111000000011110000011110110000000011110
01000110000011100011101100101001110000000111111011100001000110000111111001110001001110000111110000010000001110110000110001111111000000001100110000111111011001111100000100111111000001110000001100000001111001111011110010000111111000001101100000001100000111111001001000000011111000001110011000000111111001000001111000011111100100000001100111111100000001
11001000000000111000111110000111110000110010000001110011111000011111000111111000110010000000011000111110000001001101101100011100000111111100001100001100011111111101100011111100111100100000011111100000001111000001110001110000011110011111000000000111100011111101000001111100000001111100000111000010000011100001111110000000000010000001100111111100000011
00110000011111100010011100011110110001100001111100001110010010011110001100111111100111100000100000011000111111001000011111100000011110000111011100000010000111111110010001000111100000111110001111111101110001111110001000011000000111110000011101111010000011111001000000111001111111001100000000110100001111100100011111000110000011111111110000010001000111
11000000100000101110001111010000000011111110111000011001100010111000000110011100001111110000011100000111110000000000111000000010001111111000010000001111000011110000001111000011010000000111110011011101110000001111100001100100100111001111111011000100001100110111001100000001011111000000000011100001001110110000000000011111100000100011100000111000000000
11011100110111001100100100011111100011110010000001110111111011001100011110000110000011001111100100000000111100001100110011100010010000111100110001111111001100110001111010000111111000000001100000011111000100000000111001000001101100001101110000011111010011110000011000110000001110000000000010110000111111000110000011100100011111100110000100001101111111
00111111111001001100011000100000011111111110001011100111111000110011000011111000100111000111111010001000000111000000111111111110110011000000011111001111000000111000000111111001110000001111100001111110000011111001101000100010111101100000000000100010011101110000001110110010000111110000011100011100000111111111000001100000111111000000001110111010000000
11011100011001101100001111000111100110000011111100000011101100011111100001000110001111100000000001101100000111111000001111000111000001111110000000000111100000001111110000010010001000111011100001100111100110000111111001100010011100001100100111100010001110011100000111111111100100010000011000111111000000000111001000011111000000110110000111111100100000
01101100000001001111110000011100000110000011111001111100000110110000011111000110000011100000111100100000011000011111110001000111011000000011011000111110010010011110000001001110110011100000000011111000001111100001011101110110000001111111001001110011000011011100110000000011110000110010011110011111001000011111111001000110000001111110000001110000001111
00000111110000110000011001000011111100011001100100001111110001000110000000011111001001110011000000110011101111001100011100100001110011111110010011000011111100100000011110011000111111000100000100000110000111111000001000000000011101111000001000100111000111111001000000010001001110000111110011100110011101100010000011110000000011101100011111000010001110
11000001111100110000010000000110111101110000111000011111100001100001100001111110000100011011110000000011111000011001001101000011111100000111001000011100001111100000011111001110100000001111110000000111010110000001111000001111000011110000111111001101100010000010011110010011110000000111110001100110000111000011011110010000000000011111100111100010110011
00000000111000011111101101100000110001000111011000001001111001100111111000111001001000010001111111000001101110000001111111000001100011011000111110110011111001001100011111100001110001000000011111110000001100011100000111110000111000000000111110000000100000111100001111110001110000011111001111111000011000011100001111100111011100010011111111001100000111
11101101000100010111110000110110110001101100000001111110000111010000011100000011111111000011000001111100000111111100001100110010111000011111111011100110110001001100011111100011100110000111111000101111011000110000110011100011110001110100001111100010001111110000001100011111000011111100001100100000110100001101110011111001100100011111000110001100011111
00000000000001111110000011101110000001111110000001100001110011110000010111111000011100000111100001111111011000100110010000011111000011110000000011011000001111110001111010000000000111111100001100000001000011110011100000000111011001101100001110000111110000001111000111111001100111000001111110000110111001110000111111000000111000000001111100000000000011
11100011000111100111000001111100111100000010000011111000110000000000011111110000010000011100000111111001100011000000111101101000010001000001001111000000101110000001111100011000011001100111011100110000110011111100001000000000001111110001110111000000011011001000000111100000111111000001000100011111100000000011100110000001111100000001110001110000111111
00011000010011100001111000000011100000001111100000110000010000000011111110000111011001110000011111000001001111001100000011110000011011100000111110000011101110010000001111001001110001001100001111110011100011001100001111110010000011111000001101110000000000001110000001111000000011100110001000001111110000111100100000011111100011110000000011111111000100
00000111111011000011101100000011111100100011100000110111111000100111001110100111001010001111110011100000000110001100001110000011110010011110101101000011111100000010000011011100111100011011100100110001100000111100011100001100000000011100001111000011010010000000111110011001001101001100000111111000111000000011100000111110000111100001101100010011111100
11100011100000111100100000000011111110010011100000010111111010011110011000000101110000000111100000000111111100110100111011000011111100100110010000011001100110011001001100100110000000110111110001000111100100000111011100100001100000110000001111111000000110111000111111000001100111000000111110011001000000000001111110010001100011111100011000100000011111
00011111100001100111101000000111111100000000001111100100001111100011000111000110000000011111110000111000110000001111111001000001100000011001111111011001001001100000011111100011001110111100000111110110011001100000000111111111111000011100000011111100000110000000000111111000110110011100000000111111100101110000011001100011111100010001100100000011110001
11110011101000001000111011100000111001000111000001101111111000010111000001111110010001111110000010011100000100111000011111001100111011001000011111100001111100011111100010000011000000001111001110001110010111100100000110001110000011111000000111100001110000111111000010011100111100000111100000110000001100000011111100111100000010111110110001110000100000
00011001100000011111111100000001001100001111110010111100011000010011111100100011010011100110000011110011000001000111110001000010011111000001111000000110000000110011101100100000011000011111101000001101110000011111100100011111000000100011111000001110000011001000011111100111100111001101100011111100000001111100000111111000000100110010001111111100100001
11000100110010001100011100000111110000011111100011000001111101100000000010001110010111000111110011000111111100000001100100001110001111110001101111000100000011100100110000011110000001111100000000001100001111111001111100110010011001000110011101000000011011000111110000000011110000011011000101110000011100110111100111110001111000000001110011000011000011
00100000011111110011100100000001110001111110000110000000111111100001110000110111011100111001000010000001111101100100010001111110001100000011111110001111000010011011111011000011101000000111110000100000111100000111001000011001110000111110000000110000000111111110010001100000000001110010001100001111100111111011100100000111110011000000111000000111111000
11000011000110011001111000110001100001111111111001001111110011100011111100000100110010001100000011110001011110001111000001111000001011001100001110000011110011000000110010011111111100111001110000001111100110110000000011110001111100110001100000110000111100000111001100011111100000011101000001110110001100001000011111101100110011001111100001111000011000
11000101100010001111100110011001100111000010000111110010000110000000111111001110000111000110000111111000011000001001101110011011110000000110000110000000111110011111010000111000111111001100000000000010001111111011000001101111000000001110001100100100001100011111110000001110011000011111110010001100000000000111110010001101100011000111111001000000001011
00111111100001110010000111110101101100000011111100001000000011000000111111001000100001111110000000111111000100010011001100101000000111100001111111000001100011011110111011100000000011011111110000010001000000111111000110100011100011111110000001110000000001111000100000111100000000111111100110011110000111110111100000000111110010001110010000011111100110
00110000101100011000110111100100110000000000011111100111000111001000011100000111001000000000111110000110100011000001111110000000110000110000001111100111100001000000010000011111111001110000110000011110000000110000110000111110001111101110000001111111111001100000011111001011111001101100000000011110000100000011111100011100011000110001111110011110001100
00111111000011000110011110000110110001110111110000111111000000000000011000000001111111100000010010001011110000000000011001000000111110000000100011001111001101110000110010000001100111110000011100011000011111000000001110000001111100001110000011000001111000111101100111100001111111110111001000010010000100111100001111101000011111110100011000110010011100
01111000001100100000111111000001110110011000000111110001110100011111000111110011110001100000010000111111001000010011100010011100100111100001110001111110001110000111000000111100000010011001000000111110011011100000000000011111100110000001110000111111001100001100000011111000110000111001000110111001101100110000011111111001101110011000011111100000001111
10000100111100011110011000001101111110010011100001111111100010000000111100001111100011110011000001111000000110001110100000011100111110110000000000111110000011100011100001111100001100000100000111111100011001000111001000111111100001111000011100100000110111111000100000111001000011111100000000100011101111000111110000110000111111011001100011111000011111
11100011111000111100110001111111001000001100000110000000111111000110000001111000000011110010001000010000111000110111111011100110001100000011111000111111101110000001111100111111001111100011010000011111111011000000011001000111110011001001110001100000111111100000100011001110001101110000111001001110000011111110000100011000000111001000111111011000010001
00001111100000111100000001111000100000111110000100001110000011110001110110000011011001111001010000111001111110001100000001110000111110000011000100001111100000001110110000111110010100110001101000001111101100000000111100011111100001100001001111110000000111000000111110011000011100000000011111100000111001101111001100000001110011111000010000001111110000
11000011111100000000001110000011110000001011001100011111000111110111110100001111110000011000110010001111000001100111000110000001111100000011111111000011110011000110001100011011000110011111001100011000011111110000111110000010111100110001100001000001111110000111000110000001111110000100000000110011111100000100011100000000111110000001110000000111111000
10001100111100111000011111000011111100110000011111000110111100010000011111101100100000111000001111110000000000000000111001000011111000000011101110001100001111110111000111111000000101111000001110000001111100000001000011111111100000001100110000111110011110001100011101111001000110010000011111001001001100100011111001000111100000111100111110000011100001
00011001111010000000011111100001011100001101100001111100111110000000000100011111001000011111110001111110000100100001110001110010001111111000011110000110100000111100011110000000000111110011001101001101110000001111100000111000110111000011111111000000011100000011111100010011110010000100001111100000001100111100100000111111100000111000001101111011000011
00000000111111001000000111110000000011110011111100100110000010111101100111000110111001100011111100000111110001000011110000110011001100000001111110011011000111100000011111100111001110011000011111100110000110011000000111111000000111011001101000001111100111011000000011111100010011100000100000111110000011000000100000011110001000000110000001111110001000
00001111000110111000000000110011100110000010000111110001101111000110000000111110010011101001100001111110011010000010110000111110010000001111011010000011111000011001100000011111100011111000100000111111101100000000000111110000000000011110000001111110001110000011111111000001110000000111100010001000001110001111110000000011001111111000111001000110001111
11100011111100000011101000100011111001111000110011001100001111100110000000011101000011111000100111001110111000111110011110000110110011000000111000000011111100100001111100000001111111100111000011111000001101110000001111100000110100110001111111000000000111000111111000011110000011111110000110000111110000011110000000111111001000011111100001111100110000
01111000000111100100011111100011100000001111100011000000001111100001110011011100100111000011111100001110000000100011111110001000100000011111001011101000110001111101100101100000001111101100111011000001111110001111110000000011111110000001100000111111100000001110000111110010001000000000111100000011000000011111100110000001110000111100110111000110000011
00110000001100110001111000100000011001111100001111110000110001100000111100100111000111011000001100001111100100011000001110011111100110000001100100011111000001000111011000000111100000011011000111000000011111000100011110011100000111110000001101110011100000111111111000000011100011100111000001111111000100111000110011111100000001100000000111110000011011
11111100001110000000000111110000011001000111000000111111000001001110011000101111000110010000111000011111100111000000111011100011000101100010001111110001000100010011100001111000001100000111110011110010010011000000111111111011000011111001000110110000011001110111001000110000111000001111000110000011000001111100011110000001000000011011100111101000001111
10001111110010001100000000111100110111000000000011011100001100110110000001111110110001110001111000011111000111011000000000111110111011100011000000111110011000011100001111100011100000111101000111111000000001110001111000001110011000100001111100010011110000000001111100010000110001111100110011100001111110000011100000011110000011001100001000110111011001
10000011111001110011110000110001111100110000000001100011111000011100011000011111100100000011000001111011111001000011100110000111111000111000100111001111111100100111100000010001111100100111000000110110001111110001111001110110001111111000000001111011000011111000011100001100000001111001000000110011000111110000011000101110000000011100000001111000011111
01110000011111110001000001110000111110001000000111111001111110001110001100000011111000000111001000011111110000001000000011111100001000011000000011111110000000011100100001011110001110111010000011111100000000011000011111100000011000111111100111100010000000011111000011100001001110011111000001111000000100111111000111100100001111110001100000100011111110
00000011111110000001101111110110100000111100000011111100001001110010100111000111110111001001001111111000000111111000000000000111111000000111111000100000000111000111000011111001111000110011100000000111100101110010010010001001111011000001110000010111100001100110000000001111110001110110000000011000111110000000001100000000111111000011001111000000011111
00110000111111100100000100010001111100011110001001100110001111110001000111000000011111100100110001000011111000011111000100111000111111100001100010001111000110011111110010000001100000011111010000001110001111100100100110001100111011001111100000011111001000010001110011011001111111001000100011000000011111000110011001110000011111000011110000111110000001
00000000111111001100001110000111111001000001100000111111110000001100011110000010001111100001111110111000100000001011110000110010000001111100000011111100000001000111111100000001100110111000010010110011100000011100001110000000000111100011000011011110001111100001110000111110000001110000111111001100011011111000001111100100000011101111011000111110000011
10000001111101100100011110000000001111011001110000110001011110000001000111110000011000010011100110001110010001111111011000011001111111000011111001000101000000110011011100110011001110000011111100100000111101100000000111111100010010000011111001000011111000000000111111000000010000111100000000111000000010110001111100000001111111001000000001111110001110
11111100110000001111110000000101001100000000111111100110110001111110000011100110001100111000001100000001111110010000001110000000011110111100001100001111110001110010000100011111001001100000111111000010011100001111100111110011010001111110110000111110001111100110000011001100110011100111000000011111110001100111001110000110100001111100001100000111111000
11110000111110100011100000111110001111100010000011111000011000000110001001110011100001110000001111110000011111000000011111001101100010011000001111110000000011111100111100110000001111110000000000111111001000000111001100101111110000010010011000001111110011111100001000000000011100111011111100000111110000001100000001111001110001111000000111101000000110
10110000000011100001111110000000000111000000011111000001110110010001000000001110111110000000100001111100000101100111111000000011111100001111000100000011111100100001100111111100011111100010001100110000111110000111000000001111110010010000011000011110000111111001101000110000001111100110000011011100110000011111100000000000111100001011110010000010001000
11111110010000010000111110000001100011100000011110001011100110000011111000000000110100110000111111101110011110000000111111000110001000111001110000011100000110000001111110001000000001111110100001111000000001100111101000000110000111110000001111100000001101110001101110001001110011101111000001111000010011111000101111000000011111100000011100010111011100
11000011111000001110011111000111000110000011111100010000011100011111100001111110000100111000010000000011111100000011000000001100011111000111111100000111111100001110000100111111000000100000011111001111000110001111100000111000111111001100000011101100001111110000001110000101111100000110011001100001001100111111110000000011110001000001110001101110001110
11100000001110110000011111101100000000000011110110010010011110000001111100000000000111111000011000001110000000111111000000000000011111100011100100000001011100110111000010000011111001001000000111011001110000111001100000011001110010000100001111110000000111110111100000000011100000111111000001000000111111001000001111000011111100001001100011011111111111
00111110001111000000111000001111000000100111011100000011111000001111111000001111100011100000010000011111111100000111000100110001100110111110010000011111001100000110001100011111100000000001110111000111100111110000011100000110011001100000011110000000111110000000110001001100111111000011110000011100100000111111110110000000000111111000110001111100111111
11001111000011011100000011110011000011111100000111111100111001110000001111111000000110111000000011111111000000111110000000000011111111000011111100010000111111100110011100000000010011100000100010001100001111100001100011010000000110111100111011000100001111110010000100000100110011111100000011100011000001101100111100000011100001111100000011000000001110
00111111100100100010001110111100100111000110000001111100111100000011111100000010010000111111111000010011000110000111110010000111100110011100111000111000110000100000110111111100011000001111100000110011000000111000011111100011100000110000011111110011001000001100011111111000001111110001100011111011001000000110011111100001100000000111111000000000111000
10011100000110011000000111110011100000111000000011111000000000001110000001111110111000000010000110110011110000000111000000111100000111000000100111111100110001110110011111100011111100011000001111100011110001100000011111100000001101100100110000011000001111000000000011111000110110011100010001111110011100100110001111101100000111110001111101000000111100
00000110001111111001001100000000111100001111110001001000100001111110000011100000110010011111000001110010000110001011110000011000110010000011111101100011100100100000001111000001111000000010010000011111110011111110010000000111110000001110110111000000011111000111000010011100001111100001100001101110000110110000011111000001000001111111001000011001100000
00000011111100000111111000000011100001111110010001100000000110001111110010010011000110000011111000110010001100110000011011100000001111100000111110000100110011110000010011111000000100100001111111000100000011001101111000001001100110001111100001101100110000000000111100100000111110000111100110010000110010010000111110000000001110001111100010000111100001
01000011001110000001111000000011111000111110000100001111100001101100011111100011110100000001111110110110000000011111000000001100111111100000100010111000111111011100110000011111100001110100000111100000111001100011111100011110110000111100011001101110000001111111000011101000001111110001110010000111000011111001101000000111100111001100101000000011011101
00000111001000001111100000010111011100000000111100111100111111111000000000000111100000011000011011111110110000001000000011111000100000001101100000111111101100000000000001110110010000011100000011111100111111011011000011111100000110001100000011111000111001101001100001111110010000111110000000000111110011101100001111100011111100001111110000111000001001
00010111100011110010000000000100011111100001100000010001111111100100010001111110000111000111111001000000111001011000111111000000000000011000111000011000111111001110110000110110011111100001011001100000000011111100000111000000001111100110011000000001111111000001100100001101111110000100000011011100111111001100111110010000001111001110000011000111111000
00000110111110010011110000011111100111000000111101000100111011100010000001001000000011111100000101111000111000011111100001100010011100110011100000000000110000111111000011001110000001111100010011011000011101110011100011100000011111000101110111000111110011111001000000001111110011000000000000111111000001110000000001101111100100000001111110011110000011
11000000000001110100110000000011000011011011100000000110000011011111100011011101100000111111000111100001101100001011110001000101110010000001111110010001001111000111111000001111100000011101110000110000000111110001100010111100001111100010011101100100000011111100100011000000001111110010000000111100001111110000011000000001111110010000000111000011111000
00110011001000001111110000111100011001100001111111010000001000000111111110010001100111111100100110001110010000011111100011111100100000111110001100001100000011111100011100001111100000001111111000110000100000011111101110110010000001100011000111111001000100000011100000010011111001111110000111001100111011111110000000000111011000000111111111100110010000
00111000011111100000011110000001111110001000011000011000000111110000011100111111000001100001111111001001100001100000111001111110010010000110000000111111000011001001110000011111111111011001110001110001111001110000011000110110001011111000001111100001100000111111110010011000110000110011111100000000111100000000001111110010001111000110000011111001100000
00101000101100100100001000001100111010001110110000111110100000001111110000011111100000101100001110000000011111110000000111011000100000111110000000010000011110000111111000000011111100100000011111000001111001000011100001111111111001100000111110000111110000110100011100000011111100111000100111000000100001111111011110000100110000011110001001110011000111
10000010000111110110111110011111000001111110001100111001000011111100110000000011100001011110111011110000111000110011011100010000111000111100011000000000111100000000001100011111000011000011110000011111011001000011000100111101100110010000111111000100000011011000111111000001110011100000001111110000001100000001111110001000100110000111100000111111001000
11100001001110000000011111001111100000111100001111110000000000111100011111100011000110111000111111001101100001001000011011111100000100011011000011111100011011000000011100001111011000010000010000011111100000110000100011111100011000110000011110011100111000110001100000111110010011100001011011011110000000110000111000001111100110001000000111110111000001
11001100000011100000001111110110100100001111100011001100000010110000011111100000111000000001111100000010000100001111111100000111111000010011100101110000001110001100100111100010111100000111000011000011111100000010001101110000001111100000001100000011111001111010000111000011111001000110001000111100011000011111000011101100111100000010000010011110010011
00011011000001111110011100110001110010000100001001100000001110111000011110000000111000000001111110111100110100000000101111000111100011110011110000011111000011100000101111010000011111110001100100100000111010000011111001110010000011100110001111110011100110000100011111100001001000111011100010001111110001110010011011001111110010000001001111000001111100
10000000111110000111110000011100100011100000000011111110000011110011000111110000011111100100001101110000111000110000010001110111001000000011000001111100001111000111111000100100100110010000011111011001000011000000111101110000001111110000011111100001110001000011001110000000111001111000011111100000100111011000001111111000001011000000011011110001101110
01111110000011111100100001001011000000111111111010001100100011100011111100100011110001100100001011100011011111111001100011110000001000110011100001110000111001111100111000011000000011100111111000000110111001100000001111100001000011100001100000111100111001101111000001111100111100001100000001111100011000001111111100011111100000011111000000000011100111
00000011111110010001111111000011111110000000000000100001111001100000001111110000011101110010000111111000010011001000001101111011100000000011001111000000110011110000111110000011001100000001111110001001100000011111100001110110001111100001111110001000001000000011111001001111000000111111100000111100011000010001111110011000111100000011110001100111001111
00001110000001111100000110000001100011111100100111000000011110000011100110000000011101110000001101110000111100011111000000000000111111000011000000000111110000011100000110010001110001001111000000001111000000000011110011111001001010001100111111100110100000111000001111110110001000011100000001011110111001100001111110000001110011011101110001111000001000
00101110111100000011111110011000000011110000001111100100000001110000100001101110001111111100001110100011000011111000111110001100000100111001101110000110000100001111110000111110000000001111110110000001111000111111101001011100000000111001101110000111000011111000011100000001110111111100000110100001111111110000001111111000011011000111100000111110000110
01110000001111100000011110000000011111100011110011110000011111110000000111000111111000000001110000011111111111011000001100000111100000000111001111100000011001100100001111110000000111100000110111100000110111100000011111110010011000000011011101100001000000111111010000111110000001111100110001100001111100110011100111100011111100110011100100001100111000
01100000000010111000111111000000011111000000111110001110011100000000111111100011010000000111000000111110000000001111011001100001111110010001111000111000001111110010000111011001000111000111111000110010011100000000000111011100110001111000000111111000110111000111001111111000110001111001000000111111011100010000001110010000000001110011111110001100011100
11111101000100011000110011111110000110001000110001111111110001110111100001000001111110001100000111000000111111000100001111000000111100000111111000001001111100001111000110000110111100001110010000001111100000000011100100001111110000000011000000110011111001100111100010000000001110111001000000111110010110001000110111110000001110001111000001111110000111
00000000111100000001111110000000100000001111110001100000001100011111110011010010010000001110000001111110001001111100110000111111110000011100010111110001000001111000000011111100000100100011000000111110110010011111110110001101111000111000000000000011111100110011000010000001111000000111110001100001111100011000000110000000011111000110110000010001111100
00111000001111111110001100010000011111111011000100011000000111111100011100000111110000110111100000111100100011110000000111110000011101100100000001111100000000001111111000010000001111110001111110000000001011111110010010110001111100000000000111100011110100100110100000111110000011110000011100110000110111111000011001101110000111110000111100000001111111
11100100011000000100001111101100011011100011000001111111000111101000000111011000001110110010001100000011111000001111100001111000000011000000000001001111110000011110000010111000010000111000011110110011001100000000110011011001111110000001111100111100000001111100011011000110000001111100111000101111000001111110000000011100001111100000011100011000011111
01111100011001001111110100000110110011000110001110000000111100001110011000110000001100111111100000001011000011111100000110000011100001101110001110001100000111111111000000110100110001011110011110010000010110001110110001101110110000111110000011100000110000011110010000111000010000011110011000000011001100001110011100111001101000010111001111110000000011
00111011001110000001000000111100000011100000001001100000011011011111001111001100100001111100110000011011000010000001111000001111100000000110110001011110010000011100110110000111111001101110001100100110000000111111000011111000010001100111111001101000110001111100011111000101110011000000000100111001100010001110111100001101100001000011100000000110001100
00011001001100001111100010111000001100000011110001111000001111000000111000010011000100111000000111100000011111000111110001100100111000011000111111000101000000001111110011111100001100011111100010001100011100000111000011001110000000001111110001101100110000001111111101100000100001111111000000001100110001111100001000001111111000110011111100001110011111
00000111111001100001100000000001111111100011000001000001111100000000000010001011100011111100110110010011100000111111111001100000111100001111100110110000111001111111001100001100000011000111111001000000001110000111111100110001000000100000000111101110000111001000110011110110001000111010000000011110000000011100000011100000111110000011100001111110001100
00000000011110110110001000001101100010010000100111001001111111001100011110000111000111110011001000111011110001111000100111100100111101100000001111000111110100000011111100000000011000000111110001100000011111100001111100000011100000011111000110000100000000100111110000000000011001100110011111110010000000111100111100000011000011101100110110000000001111
11110110000000110111101100001111001101100000010100000110001110110011100001100011000001111111110000001110110000010011011111000000000001110110001111001000111001011000001111110000011100000110000001111110010000001110001111110110000111101110001000111110011111100110010000001111100111101111111001000011101110000011000110001101110000000001100100011111000111
10000001111000000111000110111111111100011000110011101100000000111100110110011000001100010001111001110011111000011000111111001000000000111001111011000001011110000011111100001110100000010001111100001111101110110100000111110001111001000011100011001111100000000000110001100001111110111100010000001100011001111110000000000000001111100000010111100010000111
11100000110000000011000011110111011011000000111000001111001100000000010011100110011000011111000001000001111111110011100100011000001111110000001110000110000011111111100001000000001100011110001100110000111110001101110000011000001111110001110001100111001111110010001100000001100111100000011110000011111000000101110000000111111011011111100001101110001100
11110000011100110000001100111111000000001110110001111110010000000110011110001100000011111000000111100000001111110001000000110011110000010000011110000010111100001100011111100100000000010001111000111110011101110110010000000111111100100011100011001100011111100000011000001110001101111100111100100100110001100000001110111001000000001100011111100011101100
00011000000110110001110000000101111100000000001001111000001101111000001110000000110001110111000110000001110000011111000000111100110001000111111011011001100001100110011001101101000011000011101110000111100000111110001111100000001100111000001101110001100111100110000001111100000011000011000000110011110010111001000001111000000111111000100111100000110000
11100100011000110100100001001111001100000000011001111100110000111100001000001111111000100000011011100000111110001011000000000011100011111100011011000010011011100110010000000110100010011110110001100100100001100111011001100011000110001111100011100001100100000111101100110001001110001000000111100000011100110010011001111100110011000100111001110001000011
00111111000001100111111000011111110010001000000000111110000000011000000000011111000011000001111100000011110000010010000110000011110000110011101100011111000000000011100100000101111000100110001110011000111100100000010000001000100111011110000001100011111110001000100000001100001111110011100000011000001100001111001101100000000000011111110001100110000110
00100000011111100001100100010000001111100000011001001110000000111000100000110000011111000000001100110000111111100100100000011000101111010001101110000001110100011100000000011111001000011110001100011010011011011001110000100001011110010011001111000001111100111100011001000011111001100000011000111000011111110001100001110110000001111100011100000100011111
10111111100111100011100000011100111000001110001001111000110000111100000001100110011100010110000011000011111000010011100001100111110000111011000110010000100011001110110001110001111111000000000000010011111110000000000000011100011111110000011111000110010000110111111110010000011100000011111100011001100000111110011001000011111101111000001000001001000000
00110000011110000111110001101100000001110011001100011111100001100100110011100001000100111101111100001111110111001000100011001100011111110000000110011100111000000111110000011110011101110000000111111000011011001100000110001100001001100111110000000110010000011111100111000011001001110000011111000110010001110000011000111011100011100001100110000011011110
11100110000011111001111110000110001100011000000001111110000001110000011111111100000100001000011110000011111100001110000011000111110000111100001100100000111111100111001000111000000001111000001110011110001111111100000010001000001100011100110000011100111000011110001111000000010001111110000111000110010000111110011100011110001100001111001111000110011101
00000000111111001001000110001100001101111011101000101111000000110110000111001100011000111110001001110000110000011111001100000011111001100000000011110011001100001100011000000111011000001110111001100011111100000001100001111100010001111111011001110111100000000110011110010001110011100000111111110001000111001100010000011100001110010011100000001111000010
00000000001110111001000000001000110000011110000001110001110001111000001111111001100010000100011110000110011100001100111001111001111000011011000001110110010011110001110100000000111111100100011100000100111001100100010011110110000110001111101111001000111111000011101100110000101000000111111111000000000010011000001101111100001100100000000000111111110110
