10100001100011011010011000010110011001110001111001110110010011001110100110000110110000001110011111011000111111111000111000011111000011110000110111100011101001110001100111100000100110110011011011100010011001101100110110000011110110010011110001111100011000011100000011100110111110001110011100011110001110001100010001011000000011100011101001101100000111
10011110110011101110000001111000110011101000100000001100001111001111000000100111100001101001100111001101100111111000110001101101000111000110011111110110011110000001001100111100110010001100111101111001110001000011110001100110010000110011010011111000000011110001100000001000000100011000011111101011000001100111100000001110001101100011111000011111110000
00100101110011000001100101110010011100010011111110001100111101110010110011101100110000001101100000110111011100000011001100011110011001100110001111110011100111101100110001111001100111001110000100111001100111001111101101100110011000010011110011100110001100110000001100011000110011001100110111001100110010011001000110011001011100100111100011001100110101
10011000101100101110100011001111110011011001110111111110001100111000111000111111110011100011100110110100110001100110011110001110011000111000110011100110001001110111100010010001100110001101100111000001111011001100100011110011011101001111001100111001100111111001100111001100110011100011011001100001100110011111100001110011110000011001100111001101100100
10011001110001111100111110000011011110011100110110101100011010001100111111001110011100011011001100110010011100110000110011100110110011110011000001100110110001100100111000110001110000111001111100011001110010000110010001011011001100011000000100011111001001000001001100011001111000011001000010011100110000111000111110011010010011101100011110001111100001
11111110011111001110000110010000011001110111000111100110011101110010011001110110001111110001100001101100011100011100111110001001100011100000001001111001111111011111000111100001100010111000000000110000111111011100001100001001111110000110110100011111000111100011011111000001001110010011111110001111110000001110011100010011100001110011101100000100111001
11001101111111111110001111100001111000001100011100011011100011001101100111100100000001101100000110001111001100110000000111001100011001111001100111111011111110011001100001100100000110111110100111011000010011011100110111000000001110011001110011110000001110001011000000001100011001110000011011100011011001111100011110110011000011001111000000010001011001
01110001100001000011111001011001000111100110001000000100000111100111110100111111111111001111110000111100110110011111001100010001011100000110010001110011101101110001111100111000110001100100100010011011100110000001100110011100110001001000010011111100110011001100010011111011111001111010000001100000110001101100011011000011101100111001100100000110110111
01101100111100010111100110011100100111011100100110110011111001110011100110011001001001100110011000110011111101100110000111111001100111001100100110000001100110000111001110110001110010111000100110011001111010001000100110011000011111000111011000111001000011110001001011001000001001100011100111010000110001001110000001111100111100000110001110000110011000
01100100100110000011001111001000101110100111100100011100111111110000111000001100001100111010011000100000111100110110000010011110011001101100100111001100111001111011001110011001111100001001000100001110000011001111110010000110110111000001101100111011011100111110000111001100001100110001001000011101100001110000001110111110100000111100000011100000000111
10010010110000111000000111000110000011111010001100110111000110110010110011000001100111001111111100100010011101000110011111101101110011100011000010010110111010000111100001001110011110011111001111100111000110000000010001111110010011000110011000011111111110010001100100111000100111100011000110111100110010110111100001111111011100011001011001100001111000
10011100001101110000010011001100010111001110000011111011011011111100001100110000110111111100111100111011000000100110001100010011000110100011000111001001111000011000001001100111111100010111110000110110000110000111000111000011011101111001101110001111000011111001000001000001101101110001110001111111000110010011100000100000001100011001001001100001110011
01000000000011100110011000001000101111001111111000001001100110101110010110110011100110001111100100000110000000011110010011011000111100001110100111100111100111000111011011101110111001100101001100001110001111110000000001110111001100001111110010011110011001100111100110000010001100111001001111100011111100000011000010001001001101100110011011000011100010
00001111100110000011000000011110011011111001111011000111011001111000011011110011000100011010110001100000111000001001100110010011001101111011000111011100110011000111110001110111000000001001101100110111000000101100110001101110110110010010011100001100000000010000111111001111101101111000001100100111111001101100110000000111001110011000111100001100001001
11000000001011111001000110010110011111111100010011100001100000111000011001110001100111111111111011111000110011011001100100110001001101111111000110010000111111000001000001011100100000111000001000111001000111110000010000011110001000011101000111110000110111010001101101100111100100000011000111100010011111011100110000110011100001000000001110111110001001
10110000111111001001111100011000110100111001100111001100111111101100011001111011101001000111001100010001100110001110111011000110011001100010011100001100110011000001110011111001100110011010110010110001110110011011000110000011100100011001110011100011001100111000011001111111001100011000100110011001100001100011101110011001100011110011001001100001111100
00011100100010011100000011100110110001110110011000110001001001110011000000000111101100000111001111100000001110000111100001111100110110001110110000110110111110000000111000110000111110011100111110010011011001111000010011001001100110111000011000110011110000110010000110000000110001111011000001100111100011110011111001100011110000111101100011000110111000
11011011001101110111001000000110100111110100010000110011000011000110111000011100000011000110001110000111100011111110111110010000100111110001100001100111111011000010011000000111000110011111110001000010011001001011100011000111001001100111001100111011000110001110011111100001000001001111011111010010010000111101100111010010001111100111000011100000001110
00001101101100000111001101110011011110100011001111000000000000111000110011000011011000001001100011000011100100011100001110011100010001111100011000000000010001001111001101100000011100001100111100001100000110110011100000001111101111111100100100110000100111100000001100000110111111101111001110110000110011000000000111100001001110000111000111110000111111
01100011000111111000111000011111100011111000111011001100000111000100111001000111001000110111111000110110011001110001000111000001110000000100110011110001100000001101111100000111000010111000001101100110110011100100011100000111000110011011111000011111111000000011111000011011000011011011000110000000000001100110111001111000001100100000011000011100111001
00111111101000001100011001000001111010011001001111110001100100100101100011000011100000100011110011111111110010000011001110000110010011100011011111101000011100000010011010001100111000011001111100110110000110110000101111110011001001110011100100000111001001111100110110000011001100111111001000111110011110000001101000000011001110111011011011001001101100
00100101101100110001001110000100110011111111111100001110011100011110010010000100110000111001100110011111000010111000100000111000111100000011100000011011111111000111001000001100111000111100001111000110101110010000011110001100100111000011000001111000010011100100001111110000100110011110001110111001111000110001101000100101110110000011100100111010000001
01100100010011001001111110001111000011111001000110000111111001110101110110001100011111110000001011001111001100001011000001110010001100001001110001111001011011100110001100101111100000000011001100111100001001110011011110001100010000010001111100010001101101101100100110111001111110010001100010011100111000011100000111011011100011000011000011111001000000
01110110000011011100100000011000000000000111101111001111111000000011011000110101111100011101100111110001100110011000111011001001111000000011100111110011001100110101110000000011000100100011110000111111000011001111000100011100000110000110000011100110011001100010001100011100000011100011001100111110010011111100110011110001001000111111000001111000001110
00110011011110011001000001111011100101111001001101100011000100001100011111110010001111100011111100100000111100001101101100000110011111011110111100111001100100011011000011100001000100111100110011100010000110110010001101100110111001011001100101111111101001100011011100110010011101110011110000010001111100001110110110011100000010010111011000000001001001
00110111110111011111001100011100111110000001011101111001111110011000101100001110000100111001110000011111001110000011100101100001110011000100110011101001100110010000111110000011100111110100000100111111001000011011100001100000000100011011000111100000011101110001000101110000000011011110110000110001100100111100111000001111110001001100001100111100011101
01100110011111100111001101100011100110000110000011110011000100110111110011000001100110010011110000000001111000111110001101110001101110111000010011111110000000100011110011110010001100000000011110000000100111000111100011000111000000011011111011000111110011110001100001111101001111001110010000101111001101100111111110010001100010000110001100110001111100
01110000110011110010110000010011111000000111001100110011100001101100111110011100010000000001100110011011000110011110111011100110010011011001101110000110001110111101110011000110100011101100011010111001100110010011000101100000110011111000000011111001010001101111100110001111001110000010000011001111001101000111101111001110000000000001110110000110011011
01100101011001000100110000110001111001011001100110000011101101100110010001111100111011100100111001000011111001110000000110011001101100110011000110011001100101110011001100011100111001001001100111111001100110011110001100110111000100001111110010000001111000111001100111100110011111001100110110001011101100000001111100001100001001000110011100001001100111
11110011100100110011000100111011000110001110100011100000111000000111110001100110111110011100011000001111100010011011110000111000001100110100110000011000110011100011101110011100100111111001100001100110000110011000000100110011100100110110010000000111001101100110110001100011001111010010000111111001111100001000011001111011111111001111100111101100000100
11001110111110000000110011110000110011100001100110000011110010100111100011111100000100000110001100011011011001110101110011101111100100001111001000000111000001110010011111001000011111111011001111001110010000101000110001000110001000000001011100001100100111001110100000111111110000110010011011001011101000110000001111000111100111100001001100110010001000
01011011001100110110000011100100011110011100010000000111110010011100110001110011011110010011111001100001110000110111111000000111101110011001100001110110001111111100000011101101101100111010000100011001101110111000001111000111011011110011111101100100111000000100000110001110011100111001101100110001100110011110110011000110010011111100111100110011100111
11100111000011111001100000010011111100110000111111000011000110000010110001100000110110011000111100000000110111100011001001100110011111110010000000011001111110110000110100110011110111001001100111011110011000110110001110011111110111110100010001000001110001101110011001101100111110001110010011100100110000011010001110011001110000010011000010011000011111
00011100000011100001001111101001111000001110000110001110001100110000001111101100010011011001110111110011001101100001100100000111001100111010111001111100000011000100110000000110001111001000011001110110001101100111001110000111110000000110110011100000001000000010011011101000111000111011110111000100000000111110000000100110011110001111111101100111110000
00011110111111111001111011100011000001110110110110111001111100011011011000111000110010001000010011100011011001101100010011001111100100110000011111100011110001101001111010011011100111110010001000110010011011100110011111111110011100111100100010000100111000011011111000110011100011100110111111110001110000001101100100011110000011001111111100100111110000
00110011111100110110000001000110110010001100110011110110011111100110011001100100111001001000111001111000111100110001111111011000000010010011110011001101100001111100100111111100011011100110111111100110011100000011111100110000011000001001000111100110010000111001000001111000110011010001111110011001100011001111011000110001100110001110011000111001111000
11001000111000110011100000011111001111110111011100000100001100011000000101100111110111001000011110011001110110011001111111110001110000001100001000111100110011111100101111011100110000001011101000111001111111100111011111100110001110011100000110111100111111001000010011000000001111110001100111100111100110011110000011100100100110011111000011001001111101
11001100011100110111100110111001111000110110011000001111100101101100011000001111100110111100000001001111100110101100110011011000001111100011001111111001110110100110001100011001100111100011111000111111000011011111100000000111100000001100110111100100111100011001011111011000000110110011100011110000110011001101101101100000100010010011001000100111110111
11000110010011001101110110000111110010011000111010110100111100011011100010010001110000110011100110110010001111011111011000110011100111001110000111110011011001100100110001100110100101100110000110011111000111100110011011110001110011011110011000000101110110010001111111000111100000011100000011111001000011011011011000001111110011000001100100011001110011
10110000011011100001100111110011011000111110010010010011010010011010000001111110110011100111000111100110011011000111110000000111110011000100110001100000011111000100101001101000011001100011110110000001111101001001101101110011011100011011000001110001001001011111000111100000110011100110001111100110110110001111100100110011001111110001100100110000111111
11111110011000100001111111111110011000111111001110011100010001111000001011011000111100110111101100001111110011000111001110111000100001100011000110011100011000001111001101100110000011001101100011000001100011001110011110001001111111001110011001101000111111001110110011110010001100010011001100110011000011100110011111110000000110011000110001011110011100
11111100000110110010011000110011101110010110001100100111100101110011001111101110001100011001111111011110011100111011110110110000110001111100110001001110011001000001101100011001111100110000011001101111000001111101100110001111110011011001101110001100110011110001001111001100100111111001100100111100111100011111110011011000110000110000101100111001101110
11111101101101110011001100001110010001100110001101000110111000100110011000100110011110011100011001110011001001111101100011000011111101110011100011110100111100100001101110011110011001110011001100100010000111000011001110100010001110000011100010011111000100001111000011011001111100011001110100110000011111000000110111110010011001110110011001100110110111
00111100000001101110110011011001100010011000110001001111101100111110110001100011100100100111000000011001100110011100111000011101110011111111110001100101100110011100111101100000111100100110110001100001111001110001011100000000000110001111001101110111110011000000111100110000110110001100010110001001101001100111100111011110011100110000110011000010001111
00011110011111011100001110011110111111010000101110000010001110001100001101100101110111000110011000011101111001000101111110011101101100110011101000100110001101001111111100010011011010110111001011001100110011000011100111111011111001100100110001010111110110001111111001100000111100000011001111111001000111100001110001001100111000110000110001011001100111
00011100110111001000110001001110011111100011100011100001001000111000011110000001100011010111001100110011111110110000111100111100000011110111111001111000000000011100011110010001111001100001100100011001000011000111011011000011001100111000111001111100110011001100011000111111000110000000011111100100110111111001110000111100111011000010001100110011111000
00110110110110011100001100010000100110111111011111100000011111001110001001010001100011010110000110110000011111110110110000011001101111101100001001100010011000110011110001111101100011100001001100010011001100011011000111011011100011110110010011000110011111001110011011000111100100011111110000111011011000110011100100110001110111000011111000000000100111
11001100100000111000100111110011110011001100111001100011111101100101011100010011011000000011111001111110011110001101111000100000110000000111100100110010011100000000000000110111000111111000010011000110111001111100110011100000010011110001110011111100011001110011100010010001110110111110001101101100000110011000011111000000111111111000110110010011000110
01001110111101110001111010111100100001101100110001001100010000011100011011100001111100111011001101110110011111000111000111100110000111111001100100011110001001111000110110001101100001111000001110011001100110001111111100011111011000110100100111000111110010000011011011001111000001100110000111111100111100010111111000110011000110011111000001100010011111
00001001111001110001111011001100000111011000110111110001001110001100001001100000111110001110011111111100110110110000000001110011110011001100000111111101100011001100011011000011000000110000110011001111111001101110111001110011100110110000000000110001110011111000110111011110011111001000010100111110001101001111000110000000000101100011000110000111111110
10011000100110111110111100110111011001000110000111100010110001100100011001110010001100011100111110000000110011011101110011000111110110011001001000110001101100100011100001110011000110011001100111011100000010011000111110011001100100100111001010110001100011100110110011001111100000100110111100011011100010001100111100101000011001111111001100110110011000
11111001111111110000000110011100111110011001100100001101110000010001110011001100100110011001100011011110001111100111001100110011100011011110011000111001100110001100100100111000011001001001100110000100110011101110000110011100111001100111101110001100011001111100011001101111100001001100011001000110000011110011001011001100011000110010011001110011011000
01100100110011100011000110001110011011100010011111000011011011111001101110000110100111101111100000111000110011001111110100011000111001111100011000111100000111000111110011001111001101100110011100000011100111000111100111110010010010001100001110001111001110100110010011001100111001111100011011100110011100011000000011100011001100001110011011000111011110
01101110011000001110000000110001111000110001001000111000111000001100111010011111111000001111111000111001111001100110110011111100000011110001100111001101000110000010011100011010000110011000111100111100011100011001111100110001100110011110001100111001101110100110001100111111100110010000100110011110010110011110000111001110001100100101111100011110001110
01001101100000011100110001111011100111110111101110001101101100011011010001100000000111100001110011110011001111110011111100000110110011001100000110110110010000001100110110000010000100000111001100011111100010011110000110111110010011100011110110100000111000110011001110001001110001101100011001110011101000000011000111001100011011100110011000110100100111
11000111111110011011001111001101110010011010011001111011111100011010001000100000111011101100110011000100100011001110011110001111000001110100000011001100110110111000010011000001111000111100000101111001001011100011010011000011101110011110001111011001001111110111101100011000000011000010111110010001100111111111100011001110011000101110011110011000000111
11101111110110111011000111001100000000111001110001100110011011101100010011110100110001110011101111101111111100000000111001110111111000001110011010001110110011111000001100110010110011000110001100111001111100011101100101111000110100001100000001111100011111100011101011001000100100011101100111001100111000001110010001110001111001101000110010100111100011
11001100111100001111100110011111001110011110011001100000000011110011001111111001110111011001101110011010000111110000011100111110011001101101110001011001100011111111100110000110001100111011001101110001100000100111100111001111110010001101100010011110011111101110011011001000111011101110001100110110000111111000111000000001110001101101111100011000010011
10000000111110001111001111111001011111001100001111001100100111001000011100111000111100110011111110000000001001100111000110010011110011001100011000000011100111000100001101111000001111111110001110010001110000011110000111100011000111101111101100111100011111001100100000110001101111001000011100111000111100010010011010000110011110001100011001111011100011
11000100111100111111001111001100001111111111000110111000001110111001101111101100011111110000011000110001001111100110001110011001001110011001111100000000000001110110111100110000110111100011001100011000110000100101110001111101111111011011100010110001101110001100000000011000111111111011001101101100010111001100011100010001110001101001101111110010000011
11100001111011001111110000011100110110111000011100010010011110010001101100110111001110001100000001100100110011100100011110011100111001100001111000001101100111000111100111001101100000011100110111100100011000001111000001111100110011111000000011000100011001001111111100011110011111001100100001111001100011111000110010011001101101100011101000111110000111
11100011000011001100110001111100111110001111001100111111001100001100111100111100001100011010111101110000000111100010001110011100110011111000110000011110001100111100000011001100011110011110001001110000111110011111100110111110100100100111111000001111101100111001100010001110001000101100111000011001110001011111000110000011110000110011111100011011111110
10110011100011001111101111111000111110011001001111000000001110011001111011001000000011101100100011011001100110001100111111011111110011000111111110010010000110110001000111111101110111101000111001110011010100000001100110011110001111011111110000111110011011111001101101111100110111001001111100111000100111100000100011100110011000011011100110001100111100
01110011000100011000110011001100101101100000111011101110011011011000100110011100110010011111000111110011011100110011001001100111110000011111111100111110011001101100000011110111001110000111100001100110100011001110011101110011110011100110011011001100100011100000001110001101100110110110010001011000011100010001100100111011110011010000110011000110110001
11100110011100011100110010100100111110010011110001100111000001011100010010011111100110011001101110011100011001111001100111000000011100011110000101100011110011100010100000001100111001000011110001111100110111110010001110011011011001101011000101100100110110011001001100101111110001110000011110110011111100110011011101101100110001100110011100110011001111
00110110011111110011011100010001100111001101100100000110011011100111001001001110011000110100111000110111000100010111001001100011010011100001111100011111100010011100001101101111111100010001101111011110011001101111110001101100111100011001101100111110011011100111110101100101001100010011111001100000111001100000111110001111001100110000000111110010111100
01111110111001101111100110000010000100111100011011110110000110011110110011011100111011110000010110011011000111110011011111100000001111100011010000110110011110000111000111001111101110000011001111101111111001100011101100110011001110001111000111110011001110000100110100001111100011110011001011011001001111000110111100011001111101111000111100111000100110
10110000110001111000111011000011011000101100100111100110000001110010011011100110011110110010011000110111000100111001011110011100111110011000011110110011110011001000110011000011100011001100111000111010001111100100100110001111001100000111100011100110010001101100001111001100011000110100000111101100001110111001110001110010010001110010011111001100100011
01101111111001100110001100011011100100111111001011100110001100110001110111001001101000000110011100111111001101100110011100110000111001100111011001100110011100100110011111001101100010111001011111001100110110001110001100011111010011011001001110011000011110110011011001111100011001101100110011110111110011001100011001100100110010001111101110011000011001
11001100011111011100110011100110010011100110111011110011110001100011001100001100110011100110010110010001100011100110010011011001111110011100110111110010011001100011001100110111001111100011101111001100100110011010001111100110010011001110011100110001100011001100101110000111100011000110011111100011001110001101011100111001100011100011001101110000001001
00110110011000011011001110011100111100100001011001100110010011111111111001100111100111110110011011001100111010001101110001000000010111001111000100111111111100110111011001101100100111011000010010110001101110111001100100110111110011001011110111110010011001100110110010011001101100111000110011110011100111001111111110001000011001001101110011100100110001
00111111000110001000010011011001110010011011001001110011000011100011100011111001110001111000011101101100110110010110111100110011100110011011001110000111011000100111001100111100111001001101011001100100011000110011000000111111001100110111011110000111001110011111000110011000111010001111001101111100110000111111000001110011001000110110110111100101101100
01110011001100110011011110011000110011110000000011001101101001110011100110010001111111000011100011100111100111110001111110011100110011001011111000110011100011001110001110011111111001111100110000101100011010011000111011100110010011110000011000100111111111100110010111001101001100110011100111100110111111011000110110011100100001110000001100110000011110
11001111110011100110000111000111000100111001110011000001001110011100110010001101100110000011001110001001110011110011110011000111111100001100110010010011100111001110000110110110000110110011100011001111111100010011000111100110110111001001011011001111001100110010011011001100111110011110001111011001100110010011001100111001001110001001111100101110011100
00110011110001011100111100110000000000111011011111001100110001100111110011001100111001110010000111011100110110011011010110011011000000111110011000011001111100011110001101100111110111000001000011001111100111111111000111001000010011100110100001110011001100111001110001111100001001101011110011000110011100110011100111001110001101110011100011100100011110
00111001100110001100110011011001101100111100110110010010011001110011110001100110011001111001101110011011011001101001110000111001110110011000001111001111001100011011000000000100111110011000111100110110011100011111001001111001111100110110110011110001110001000001001111110001101110011100011100111111100111011000110110001000110110001111110011110011010000
11001100011000011000001110100110011100111110011100000011001000110111100011110000100111111111001111000111110011000110100011001001111100110011010110000100011001101100110010001101100001111110011001100111001111000110010000001111110001111111100011110011100110100011000111100111000000001110011011111001110011000100111001100110011011001001111001111001001011
01110111001101001100110011111110011000001110011000100110011111001100111001111001111000110001111001111001110111001110011001100110100010011011100111110000100110000110011111001100000111100011110011011000100100110010010011001101111000110011010010111100000111100110010000011110011000111001101100110011011000001100010011110011101110110010011001111001100010
00011011111000001101011111001100011011001100110011110000110001111110011010011001111100011011011011011001110011011010011001111101100101111111001100110001100111001101101011100110111000111110001111000110001101110011110000110011000111001101101100011010000110011100011001111111011100110111000110001100110111011110011110001100110011100001001001110000001100
11111000011110010001001111100110011111000110011100111000111000011011111001100111110110001100110001100010111000111001110011011100111001101111111001111100111110001101110110001100011111111100011001110001011001100110111000110000110011111100110010001101111000110011011001111111000110001000111111000110011110011011110001110011010011011001111100110001000111
11001100110011011101000111001111110001101100110011011110011000110011110011110011110011000000001110000100111000111001100111101111100110011000111110110110011001110000110110110011111000011110000110010000111001001111001101101110110001100001111110011000111100110111110110100001110010110111011100001110001110011111111000010011100110011011010001011101001100
11100110110000110001111001101101100100011110010011101110111001110011111000110110011001001101111001111100110011001001101011000011001100111101110110001001111001100100110011100111011001100110001100111100110010110001110011001101110011000111100011001111000100110011011001011011010011000100111001111000110001110011100100000110011000111001111011100111001000
00110001110001011001000011100110001100111000011001111001111000100011000011001100011110011011100111100110011000010011001100101111100110111100110001111110011100011000110001110011000110111001101111011100111001101110011110011001110001101111100001110111001110001001110011000111110011011001001100100110001110111110000111001100110110011110011000111000111110
11001110101101111101111001100001111001001110011001110001101111100011011110000111100011010011001100111001100110001101110111100110011000011110011011000111001100111101111011001110000111001111111001000011111000111100011011100101101100001111001100111011001100011101111111101110011001110011001111001100001110001101100111011100010011001110011000110001001111
11101001000110001101001100011001111001111011100110110111000011111001100011100111001011001110110000111010011110011001111100000110011100110011001101001100110111001111000110001111100110011100000011110011011100111100110001100011111100111000110010000111100011000111100110110010011100111000100011100110001111100011011001100111111100110100000111001111100110
01001001111001101100111001001000111110011100110001111100110111001101100010110010011101100110010000111110011111000011111111001100011001101100011011110011110111110011000110110001001111111100111100111001111001100001111110111001110010011011001100111110011000110110100101100101100011110011110010010010010111111000100011100011011011001001001101100111100010
00110011001111100011010011100000110011110011010011010001111111100111110001011011001101101100101100110111001110001111110011111001111100111000011011000111000111110011110011001001100011011001100111001110011001111110000011111001110011110010010011011110011111010011001111000011001001000011000110111001001111011001111000011001001100010010001001001001111100
01100110011011110011001001101110000110001100110011001101110011001100000110011011001110011001100100111110011110001101110011011001101100011000111111111000011101110000010111100110011001001111110001111111000001100110001110011000011001100000111001110001100110111100011100111111000110011011011000011001101110010011001110001110001100011100110111101100011011
00110011000101100110110001110111001101100000110111110001100100101100111001101110011001111000111110100110001110011000011101111111000000000011100110011100011110010010011111000110001110100110001111101100010011111011000001111100010011001001001110011111011000100111001101000111001111111100110110110011011000101100011111001101100000011100111101111111100011
10100110011111001111100110001111011001101110011111000110011111011001111110011000110011101001101100110011001100010111001100011000100111100110110011001111100110001001100110001100100000101101110001111110011111011110011011001100110001001100110001111111001111110011000111111001100110000100100111100110011111110011011111111111001111001100011011000011111110
01111100111100110011000011011000111100111000110011000111110001100011111000110011000101100011001110011100011011111110011100011111000011100111111000101111000111100111011100110000110011011001110001110011100110010001101011100000111100001111100111110000011110011000111100110000011110001111111001101110111011110001100011000011101101111000111001100011010011
11100001110011000111100110010111111100110110011100001100110111011111110011110000110111110010000110011111001101101110001100011001100111001111000111111100110011001110001111000111001000011111000011001110011111000111110010000011100100110000110001101111100110110111000110110110011110011001110111100011000111000111100110000000110011100110000011001101110000
01110011001110011100011001100011110011011110000110110011000100110001111100100110011101110001100111011110011000111100011111111100011001100110000011001011001100111110011100011001101100011100110000111000110011111000110010011001001111100001111011101110011001100110000100111011001100101101110011100011000111001100011011110111101101100001110011000110100011
11111001111110001110110000001101111111001101111001100000000011111110011111111000111000101100110000111001100100111001100011000011110000000011111110001101111100100110111100110011011100100110001110011011110011101100100111111001100110011010001000011101110011011000111000001110000110011110011011001110111000000011111110011001100011110011100110011001101110
11001100011011011100011110110010011001100011111001011110011011001111100100110011000111000110001101001111000110011100110011111101110001100111011100110011001100100011100110011101111110001011000110001101100110011001111001110011110011000110111111110000001111000111110011110011100010110010110011001001101001110011110110011111110010010001110011011100110011
11001011110000110011000011111000110011111001100001011100110011100011001001001101110011111000100111100111001100110011011001111001110011001100110100111001101111001100111110010001110011001111100011001001101100110010001101110011011100001110011001101110010011011100000011100111111111100011011001111011000111011001110010011111100111110011100110001100110011
01100001100100110011001001111000000111001100110010000111110001110011001111101011001111100111110111001000100110011001111110001111001000110011001001111111100000101110011111101110011100111001001101100010010011111011100000011011110011001101101100111101110111000110111000011110011011001011001110011011111111100100111000111100011001100111100011001011100011
11100001111001001101110011001101101100011011110011001111111001111001100100001100001111001101000111111100111100111000100011110000110100110110110011001100110000110110001110011001100110010011100011101100001110011000111000111001111011000011011100011100110011001101100110011100110001001111100010111001100110000110110000001100100010110011000110111000110000
10000001101110001111000001111100111001001111001100000011111100110111000101101100000110001100011100011011011011001110011010000111100110010010001111011110111110010011011100000000111001110001100110001001011111000111111001111101001001101100011001111001001101100111110000001111100100110011101111110110011011001100011011000101100000001000101111110000110011
11110011111001110001100111111111001110011001100110001111011111001111000110110011001100111001101100010011001111001101001100000111101100011000011001101011001110011111110011100101110010011011110011011001110011011000010011001100111110010110011100111110011111111000111100110110011100111001111100011110011001111001011001101001111111110011001100100110100111
10011111001110011001100110001100111111110011001110001111001111011000111001000111100011001011000111011001111011000100000110011011011011000110110001100110110000011100000111110011011110011101100111100100111001100110111110010011001111011000011001110011000011000111100111001101100001111100011001101100110011001110011011001001100100101100010001110001111001
11000110111111010011000110110011001111001001111001100110000110011001111001111100100110011000011001100100110011110011100111100011011001100000111110110011100111100110010000011001101101110001001101100111001100111001110011100010111001100001110010011100010011000011000100111100111000110011011000110110011100111100111110110011000001110001110001100000100000
11010010011001001101100111011001111001111001001110011111100100101111111001100110100100111011001111111100110111110001000011100111111100011100001100110001111110010011011001110001110010110111000111100011000011001111000001101110000010110111100000011100110001011001110011111100110011011101001110011110011000011001100101111011001100000110011100011000100100
01111111100111000011111100001111000111110011001111100010000001111111110001111000100111001101110011011000111111001001111001110000110110000111001100100011100111110011001101111101111100000111011011100110010001111001111111111100011000011000100110010011011011100010011001111110011101100001100011000111100111100000000110001001001100111100011011000100111100
11000110001001111111100011110001101101101001100100000110111001100110010011001111101100100110111100110110001001101110011011000001100110011001100110010010010011011011000101100110001101100111001100011110001000111000110011001100110010111100110011001111010000001100011100001100011100010010011000100110110001101100010001110110110011100001100011100110000111
11111001111001100011111000001110010010011001111110011011111001001111111100000111101100011110011101111001100110011100011000111000110001010011000110110011011000000011110011111011111100010010011000100011101100010001101110011001011111111100110001111101110111000011011111011100110000100001100011110011110011101110011001100000110000011111010011100011111001
00111100110001100100111001100110001111110000011110011000000110110111000110001111000110111001111001101001001101011101000011001111011001001100011001110001111000000111111001001110111110000100111000011110000110111100011001111000110011100111100000011001111110000111011001101100011011011001011110111110000001100011001100100000010000110010010011100110000111
11100010011100110011110110010011000001110001111001100010011001001110011000011001100010110010000111001111111110000000011111100000011111110100000111111000111000110011110011111100101101101100010100011011001011000001111001100000111011100011100011011010001100100000010111001000011111110011000110001100001111001100001111011000011000100111100111101000110011
11011000111111101111111111111110110011000110001111111100101110000000011100001110111011100100011010010011110001110000110111110000100111111000011100011110001110001101100000110011100000111110000001110011110110001110000011111110000011001111111000110111000000101000110110001000111100110000001110000110110011111101101100111110000011100111110011000001110011
00011001100001100000111001101000110110010111111100111110001100001100100001001111111111001001001011100011010011100010000110001111100001111000000110001100000001011000000111001001100100110011110011001100100001100011100110111100111000000000111100001000101100011111000000110111100100011111100010001110111000111100000000110001110011111011000010001100110011
11110000111001111101100110011000011000000001111110001100110111101100011001101110001000110011111000101101111100100110000010110011100100011000010111000110011100110110000110001100011100011011100000110110001101000000111001100110110100110000011001011000100111001001110010011110111110001100100011100011000111100011001111100110011001001100111010001010011100
11011110010011110011010001100111011111111000111000111001100000111111100011100010011001110011000111101100001100011001011000100010011110000001100111110001001001101111100110110001011001101001100110100000101110011001100111100011001011000011101101100111001100001100111100111001110011110100011000001100000111011001001100011001110001011000111100101100011000
11001001111001100111000100000110111011110011000001100001100110111000011111000000010010011110000001100000111001111101110100011111000001110010110011100011011100111101110000100001100111001001011000100101100111010011011000001100001011011001111100000000011101111100100010011100110011111100011000100000111110111111001111110111000110110100111110000110011000
11000100011111010001110111001011110000000001100110111011000110000111100000110000111000001100111000011111011100011111110000011000010011000100111010001110001111001001110001111001100000011100101100111111000110000110111000011011000000111100110011111001100110111111000000100110001100010011110000011111100000110111000011010001001100110011100010000111100110
01100111110000011100000111110001100001111001101101111011001000001100111001101100010111000001111110010011111001001111000000011000000111011001111111101111111111100110101100001110011000110001110011100111100111011101111000110001110000111110001001001100001100111001110100100000011000000011101000010001110000100011100110011011110011001011110011011100011000
10011111110101100000111000111000111100110010000111101110001110001000010011000110001100001110011010011001001110011000110000011100000111111111001101001000110010110010011111110100010100111110111110000000100000001110100011001111001101111000011111100000110001101100010000111011000100011001101101100100111010000011101101110000001110001011000000110000011111
11111001110110011100011011011010000000010110001110111100110011111100001110000000100110001100110111100110011100001111110011111100000011100111000001100111000110000011001000110001101111100010010000001001100000011100111000010111111000011101000100001101110110001100000111000011111110000110111001001001101100110110110110000011000110000011100001111000011100
11011100000110001101111000111111001110010000000110100000111100100011001000110001111000011100100111001100001000111100110001100100011111000111111001111001111000000011000111100110100110001111000010111110111100000011111101111100011100011110000111000011000001111000110000110110000110100111100111001100001100111111100010101110110011000011011010111110010010
10111100011000110011100100100011110110011001100110001110011111111001110001100001101111001000111000110011101111100001100110011001100111011001100100110011111011001110001001011101001100010010011001111010011001011001000001100110110000100010110011001011111001001111100000010001000010011001110011100000111111001000011011110000011000111100110011001101100011
11110110001111101111011001101100110010001111001001101111011100001100011111001110001110000000001100110111011011011001100011110010001100011000100110010011100110011100000011111111011001000111000011011101000111000100110000100111111000001001111110111111011000100000111110010011001100100110011001110001111100011110001100001101101111100000110110110001110111
00001101111011110000000011000101111111001111001111111100011110010011000001100000111111110011111011100010011100110001101111000111000011000110111001100000111000110110001110001111110011111010011100001100000000000010110011000000111100010110100111111011000001000111000011100001100011011000000011000000111001101000110000011100100011111100011011001001100110
11001011011000010001111100111001110010011111001111001000111000110110001001100011011001111110000001110011000001000111101100111101110011111100110000000011000110110011011000110110011100100110001111001100100110011000111000100111110100000110000011110000110011010001111111000000110110000110010011011110100000100001001100010000000110010011110000000001110001
00111100110010111011001101100001110000000011001111100100110001100011011001111100011000000011100011100110011111001100000001100111100001100000000110001111100010111001100011101111100110111111100110001100000111110011111001001000110110110011110011000111111110111111000000011000011111111001000000010110001111011111000000000110001101100000111000010010011110
00011110011001100111100100011111111100010111011000011100111100001000011011111000000011000111111000011000111111110000001000111110000010111100111011111000011000010000111000111110001001110111000010001110011100110011101001100000111100101111000000110011111111000111111100011100110000110000111100110110000011110110011011110011100010111001001100011000000011
11101100111001001111110001001111100111011001111000000011100110111001100001110011001100000100111001001110000110011011001000111000100110110011001001000110000111100000110001111110000011011000111110000111011001111001100100110000110001110011111001000001111001100111001101100000000111000111111000110011100000000110110110110011000001001100111011000111110000
11110010010110000110011001100111101110110011111110011110001000101111110011111100011110001000001100101001111111001100100010010010011010001100011111000011001100111100011100001100001101111001000010011010011000111110100110011000001100011100100001111100111100000001111101110001000110100000011001110011001110000111111101001111100001000100111100001100111000
11011100111000001111110011000011101100001001110011100100001111110000011100111001111101101100011000111111100000000100011111000100110011001001100111100111001110110011000110001110000110010011111100110011111000011100000011001001100001111000000001111111100001100110100110110011000000111011001101100010011000011100111000111111100001100011001111000111011001
00110000111111110011011000001110011111000011010011000011100011000111101100101101100101001110001111001100101100111100111111100010001001110000000111011100111000111111100011001001100100111001111100010001011001110001000110111000111011000001111000111111100010000100110000100111111100110011100000001111100100111100100001110010110011101000011001110000110011
10000111000110001100000000011001111001101101111100010001000110011111100010011001100011100111100001000111001110111111001110011011011001001100001001100111001110110011001111000111111101000110000000011101110111100011001110011101100000110100000001110000100111100011001001100111000000111011001011111111100010011100001001110000011100011100001111000011011111
10111000111100000001111101100100011111001110001101100001100110011001111110001110100011001110001110111000100001111000001100000110001111001111100001111110100111100001001100110000000111000111001111100001111001101111000001100001110001100110111000101100000111000111110001001110000011100111000001010000100011111001011000110011011010011001100011101111100110
00110111111100001111111001011111111101100111000000011000001111001110010001111111000000000110000001110011100110000000110110011111001001111000000000110000001111111100001111100011001110000011000001110000011110100111111000110011001110010001100000011100111110010110110010000000011011001111110011000111011111011111100000001111110000000110010010011000110111
10001110110001001000011100111001001100000110000100001110110100100111101100100000111111001101110110001110010011001111110010001110110011111010000011011000111110001100000011111000011011110011011100000111001110110110001100110000000111100110000111111100001101100111111111100000011000001001001100011111100100111110011111001100000011100111001100100101101101
00010011110110001100110010001100111111100000111001011100001111100011101100000111100001100100010110011110011001111000110000110000011100110011000011111000111100100011111001101100111000111110000110110000011000000011011100111111001001000000001110011111010010001111110001001111100000100100011100100110100111100101000111111001001001000011001100111001100000
01100110110001101111010011001111100100111000110011000111001100110010001111000011011111110000111110011110010001111100111000001100011111001110100000011000011100110000100011111001100110100111110011000111000111110011000100111110011011101100011100111001100000100110111000110001110011111100000100111100110000011000110011110011100001001100111110010001001100
01111110000110000011000011111111100111111110000111011010011100000111110001100001001011001111100111000000110110011101001100000110011100001111110111100011000011100011110000000001111101111011110011100110011100110011110000011111000111111011111001011101100100010011000110010010001100011110111000011011101100110011110100000111100000011011100011010011001111
00111110010011000001111001111000000111100001101101100000110001110001000110001111000011111000001001000010011000010000011101000100110111111110111110101110011100110000100000001100001001110000100111110111111011110011001001011001001001100110000000111000011001001001111111000110111100001111111111111000001100111111110000001110011011110001000111000010001001
01110111111011100001110000011001100000111000000110011111110001110000011110001000111100100001111000110011010110011001001011001100100111111110100110000000111001000110111000110000010000101111101110001100011000100010010011100000000011010001111110000110100111100111100000011011000000011000110111011100110011011000000110000111001111100111100000000000111100
01110011110011110100010000111111000000111110000111001111011011001101000000110000111000001001101100100110111011110000000110001100001101111001100111001101101100000111100011000010001111100001001001100110011110000101110000000110111011111001111001000111101101111011001110000011100001110011111011100011001100001101100111110000000100111101101100011011000000
01101100000110000011111100011001111100110001100110001111110011000001111111001001111000010010010000011100011100000011001111011000111000000011011001100111110011011011011110011001101110001100111110011100110010011100001111100100100111010011011000110011111100010010001100000111011001000001111111000001001111001111100001100001100110110000000001100111100100
11100111111111100110000111110000001110000110001110001101111111011101111111110011000011001000010001001100000111111011111111110111100111000011000000010110000000000110010111011011110011001110000011110000000011000011000110011100010110011111111111111001001101100011001000100100100011000111000110011111000011111111001000011110110001001100000010001110111111
11110000100100110011000011001001111100111110110001100011111100000011111110011000000101110100111010000011001100011000110111111110011011000000011110000110000100011000011010110100011111100001101110000000100110000110110010011111001110000011000110010010110010000011110000001110000001110001000110100011100110000110001100110111001100000011101100101110111110
00100110001100000111100000111000000011001101100011111001001110001110010110110100111000110110011110111000100110011011000111000111000010110000010011111111110000110011000001111110000011111000000011111111111111100011000011010000001100001111011011101001110010011000011001000011100011001001111000001101110000111100110001100100010000000001100110001100000111
11100011000101100111110000011101011110001001100100011101001111000100011100000001111011000000001111001011001110111111011100001111111001111001101110000111100110000111101000100111001111100000001100110010110110001011000011110011000011011001111011100110000111100001111000011001111111100000011101101110001110001100110011111001000001100111100000111100010010
10110001100110011000111111000010011000001000011001100111001100110110011001110011111110110110011100000010000111110011011000110111000111110000011001001111111111111000111000110000011001101101000010111110000111001101110000000011100111100110100011001100110011110001111001011111000110000110110011001100010001000011110010001100011011100000011101111100101111
10010001101110010011011011001110001110011000111100011110011011111001100110011001101100000011001111001000110010001110010011000100000111100011111110111011001101101100110011100010001010011100110001100111001111100110000000111000110011111011100011100111001101111110001100110110000001100011100110010000110011001110111100110111001100111100011111001101101000
10001110011101000011100000111010111011100110011000110000000100111001111011100110010001000110011100011001110110011001110001111000100001110011100011111001000000100110011011000011001100110010111000100100011101000101110000011001100011111011101100110011010011111000001111101110010011111101001100110010010000110000001100111001111001110011001000110011000110
01100100110101100001100110011001100111010110000110010001110001110000111011000111100111110000010111110000111011000010011110000001110001111100011100101001110111000111011000110011100011110111001111000000111010110011001100100110001111000110001101001001100001100010011100001001110011010111001001101100110011111100000100111111001001100111110001101011100100
00110010011011100000111100110111100110110011011001100001001110000100001101100011001001110111001100011100011111111100110011001100011001110011100110011110001100110001000000110000110000011100001111011010000111100011000011111110001001001111111111100110000110000001101110100011001100111000111011110011001101100111100011110001001111000111011000110110011111
11000111100011100110000100011111111001100000011010011100111110010011001100000110001101001001111100000001110110110001101111100000111110000000110001001011001111000011100001111110000001100001110000111000001001100001100110011111100010011001110110110011000001110011101000011001111001000100100110110011100111111000011110011100000001001101111001000110011000
00101110000100011110111001110011001100001100001110010011100001100111111100100011001011000100001111010000011100111110000100110000111111111011010010000111100011001100010000011110001110010001100011101111110001011100110110011000100011001110001001001100011110011001100110000001110000100100010111110000001100010001111001100000100000011101100100111100001111
00111101101110000011111100010011001110001110010011001111000000001110111110000001110100011001100000110001110001110000000110010011001111110000001001111111100110001111111000011100001111110100110011000110000111100110000001100110001111100011100000111100010000011000001001100001110001100110001001101100111000100001111101110001111011000110001000111111111000
00000100011001100001001101100010011000000011101101100111101111000111100111110011100011011000001111000111000111000110000001101101111100110110000110011110000110011000001100111110011111111000011111110000110001000111111000000011110010010011110110000100100100110011000011100001111101100110001110111100001001110011001110010011100011010001101110011000001110
01001111010011001100111111101111000000001111101100010011111001110000111100001100111001100011001111000111111100110110100111100110011100100011101100111100100011011110001111000110001100100110001100000011000011001100111111100010011000000011011111100110001100110011111110010011001000000001000110000001111110001111110011001000001100100110000110111110001111
01100011100011111000110011001111001000111100001111011111000110110011110011001100000100111110000111000100011001011001011000011100000011000111111011001100011110010000011001001100001110011111101110001111000110000010111000000110011001100111001111000001011011110100000100110011111001100000001101101100000011001111100111100000000001101100110011001000111110
00011110000000000000011111011100110110111111010011000000110000001100011111011001111111110110011000100011000011011111100000110111000111111001111100010000100000000000100000100011001111100000000011011110011011001100110011001111111001110011001111001000111100011111100100010011011100001000110000100110011000000111000000111001100100110011001001101100110011
10000111111001100011001111100011001100000111000111110000101101100111001111000001011001000001100001111000000111011111111000000011010000111111001110011011001101001001100110100011100000001111000111001100110010110001111000011000100000100110010011001100011100011000100111110000000011111001110001111000110011111111000000000011111000001110000011111100110110
01111111010001000111110011001100111001100111000001110001111001110101101100001111000001100111000111000100011111001100111110011001000010010010011110011111110110111000100110000111001101100110010001101110111000111001100001100000111011000011011001111001110000001100111000110000001000100011000110111010011000001100001100100111000111100000011100011000110011
10011001001001100010011000000010011100111100110110000111001001110011001100111011100001011111000011110110000010011000000000111011010010011110000000011111110011111111000001110111111100011000011001000011110110011000111110001100000011111110010000111001111111111100010001001101111011100000110000001100101100111000011100001111000011111000000011000110000110
00001111000111100110001111000111110000110010001101100011101100101110001011001110011001100011000000011100011100111111001110011000111011000011001000110111000000110011001111100100011100000001110110011000100011101111111000001111100000111000000110000011001011011000111101100100001100011110001111110011111100001110011100110000111110010001100010111100011100
11100011000011000001111011000000011110010011111100010001111000111100110001101110001111000110001111100001111101001000111000111110011000001101100010011111100011111001100111111000100110001000111110110000111000011111101001100110110000011110011011100111110000011101100001001100100110011000110011110110001000011011100100100100001001000001111000000111000110
11101100100011111110001110110011100011001101101000001000111001111000100110011111110001101001100000011000011100001101110000011111110011111111111001001111000110011100000001100011100010011100000111111111111001111100001111100011011000100110001001110011000110110000000001111100011111000011000111111000101110110001111000000001000111100001111000000001100111
00100111110011110010011000000001100011101111001001101101000000000001101110100100111100000010000000001110111110110010011100011000110011100000110010001100111100110011100011100011100001110001100011001110000111111001110111000010011111101111110000110010010010001111100000000111111100000111000111001100000110000001110011110001111000111001001100001001110111
11000111011100101100001100111001111011000110110010111000001100110001001110001000011001111000011100000011000001110111011000000110000001111110111000000110001110101011001100110000001001101001101100110111100001001100110011000110011011100001011100100111100110011111011000111000000010001111110001011100011001110011001100111000100111100100001100011001101100
11001011111100000111100010011001100110111101100010000110011101100001001100011100001100111011100010010111100111100100000111111100100111110000111000001111101100000111100000001101101111000000001111100110011110011111000111111100111100000001111000001000100111101110011001111100011110100000101111001100000001111100110001100010001100001110000010010010011011
10111110000111000100010001111000001111100111111111001100001000111011000111000001111111110110111000001111100110011011111111001100001000110001001011001110001111111100110111000011011011000000111011001111000000000000000001111101111001100000110110001100011100001111111001100011101111100110000010011011001110011000001100100110011000111000100010001101100110
10001001111110011001110001101100111101000011111001100111000100100000111001100111001100001100000110001100110111100100010011011111100000110110111111100011110000001001100011011000111100001111100011111001001110110011100110000001100011000011100001110010011001101110110001110011001111110110011100110011101101110001110001001111110010111110000011001100111000
01110001000100111101110001100110011000000011100000111001100111100011001000110011111011000110000110100001001100001100010000110111110001111001100011100011001111000110000110010000110011001110101110111000111100000001001111001111000011001111000110110110010110000011111001101100110011011011111101111100000011001001100000100101100111100011100000000000000011
11011111001111000101100100100011001000100011000111110000011001111001100001000111110110010000000110011001101101000011110111101111110110000100001101100110100110110000111000000000110001110000010011001100111111111101001100110011000111000110001011100000000011110011100111110011001001001111100100011100000111111111011011110011111100110001011001100110000011
10001001111001100011110100111111110111111001101111010011110000000011001100100100100011100000000111011101100011001100010011010001011100110011110011100101110001101110111011000011000000011110110111010011110011100111011000111100000100110001001111110011011110000011001000001100011111100110111011000100011110111110000100000001100001111110001101100011111000
10011000001111100111111000111111000000111110000001111100000011100110011110011011100001100000011111111110000001110011100100111111111100000010010011000011111111001001101100111001001110000001001100000100011100001111100110011011001100111100001101110110011110011011111000011010001001000011011000111110101111100100111111110001100000110010110010110111100011
11110110011100110110000001111111011100111110000111100111000111100111110000110001111011001000110001111000100011011101001111100111100000011100000101100001111100111000001101001111100111110100011101001011001111100001111111000100101110001000000001001111100111010010110111101101100010001001111000000110111100011011100001100001101110010011100000011111001110
11101100111001000111000111011110011001111111001101000110000010011110000011011100000111101100011110110001110000111100001011000000111011111000110011110001101100110001100010010001111100111000001000110000111000111000111001001110011001110111111001101111111001111110111010000110100000001100111000011110110111011101100011110011110011100000011100110111001111
00010111000111011001111111101101110011111000110011101100101111000010011110001110000110000011100000110011110010001100110001100001001101110011000011000001001100010111110011111000110000110011001110001110010011001110110011011100110011100000111111001101110000110011111111111101001110011111001110011001001001110011001000000101100110011011000011100011001011
00001110110000101100001111000000011100011001110001100000110111101110000001111110011000100110000011001101101111000110110011111100011010000011101111001100000001101001110010111001100111000001110011000110011001000001100011001111111001001110000111110010110001111000111000111000011100111111110111110001011000111001000000010001100011001110001100111111100011
11111000111001100011110011111001100111000100011011000111110001111000110111111100110110000010011001110001100011011011101100111000100111000001111000110011111110011001101100001110010010011000110001111001111000111100100111111001110001100110011100010011011110001110111000111001111110001100110100001110000110110111001111110011000110100010110001100001100110
00011001110011111100011000110110100111100011001101101100011011111001110011001100110001000000011001110011011000110001111010011100011001000001111110011011001100100111011110011011011000110000100111000111110001011000001110011001011100111111010011101110001111001111011000000111000011011000110011110011100111111001100100011110000011001111101110000011110001
11101111100101111001001001110011101111100110001011011001110011000110010000011001100111000111111100110110011011100110111011100000011000111001110000110011001100111000111110011001101100001100110000111101100011100110010011001100111000111011001101100001101101111001100010011001110011100110011001110010011111000100110011001101101110011001100100100100110011
10010011111111011001100110011001001111000011111001000111100011001111001000101001100011011001100011011100011111100111100100111110011001101001101110001110011001101100111111001100011101101100111000001000011000011111110011011110110011100110001000110111110011000011111100011110001111000110010010010011001100000111100011110011001001100011100110011000100111
00100000111011000111001101111000011000011100011100011001100110001111110000111000111101111100110110001111100000111100110110001111110110001000111000001111001101100111110010010000110111001100001100000001011100111100110011111111110000111110000000111001110110000010001110011111001001000110011110110110000001100111111110011011100001001100011110000111100110
11100100011110000001011000010000111000111100011100110111111111100111111100111110001111110001100011000111011011111111000110001100011110000110001011111100110010011100001101101100001111110001111111000001111001100011100111100011111000110100110001110001001110111001111000001111000110101100100000010001110011110011111110000111000011111100011000110010001100
11001101111110010001000011011011111100011010001100110000111000110001100011011101101111011000111111111100011111100110000110000100111100111001101110001100111100011100101111100110111110110100011111110011001100011001111001100001100011111100011011000001110011110111000010101100011010000100110000011111110010111001100110000001110011001001110001110001100111
00110110011000110011111001100111001001111001100110011000011110001101111000011100011001111101100111111101110000000001111001100110011100111011110000100110000011011100110001000001101111110001101000101110011001100010110111100000111111100111001111110011110011001101100110001111001100100011100000110011111011111110011000100000110010011000010011111001100000
11101101000111100101110010011000011111001101100001100100100111011100110001011001101111100001110111100011001000100011001001101110011000011001100011110011110011011100011111000001110010001100011011011111110001111111001100111010011111100000001111011011100110011011011001100110001111000110110000111101100110100110111100011000010011111011001000110001110001
10001110001100100000110001000111100110000110100000110001001111001111000111011111001100110001100011111111111110001100000010011111001110111100011111001101100110011110000111001111100011001000011110110001011100111001100011111000001001111110001100110110011100000100011000111000100001110001111100001111100010110001111010000011000011110000000110011010111101
11000111111100001001111001111011111100111100110110000100111111011001100110000011011001001111000000001101110001100011011001100110111001101100011111001110011100110001100110001101110001100100011111100011111001100111000001101101001110010011111001100100110001110000111111100110011100110001100011101101000001001111110011100110110000111110000111101100110011
00111101110010111000100111111000111110001100110011001110011001001100110011001111100000100111001000110110000110001010011011000011001001001001111110100011011011110011000110010011111001111100111000110111100110000110000001111100011000000111111000110011101100111000111100000000010111100011011001100011011110000000000001101111001110111000110100110011100011
11100000011000010110011001111100111000001111110001101101000001111101101111111001100110110001001110000001100011001100011111011000100011101100011100001111001000110011100110001100011000111111100001100110111100010011001100111100100111001111111100111000110110001101100110110001110111000001110001001100111111100000011011100111110000100011111111001111100010
11100001111001111001111000110001101100011001100111001001110011001111001100111111001101110000101100110000111011001111011001111111000011101110011000011001111001110010011111000110011000000110111110011100110110011001110011001011100110011111011000110001110011011010000011100110000110001101001110011000111111001101100100110011111000011000011001100100011110
10110001101011100111111001101100000111000110011000011101001110011011111011001111001101000001100110011001100111110001001100100011110011011001110001001110011101000100010010110001100100100101110011100010011000110110010011100110000111100001110001100110010011000011001111100011000111100011011100000011001111000011100110111110011011001100011110000000011011
11100111001100111000100000111000111001000110110000010011100010001111110011110100011000110000010011110011000110110011111001000111111111011000100110011001000001110001100100110011111110101110010000111000111110001101001100111100101111100000011011100011110010011000111001100001100011011010010011110100000011100111100110000001100101100011011100100110111110
11110011011011110001100010000011100111000001100001111111000100001110011001000011111111111100011111001111111011111000000111000100111111000111100110001001101111000111001101000111100011000011000011100110111110000001100110111100011000110110110001100110110110111100011011101100011100011100111100110110110101110101110011000110011110011001100111100100110010
11000100111011100001000001110011100011000001111000001111000110011001100111000001110001101100110011100000011001110001000111101100110011101110000100111000100111001111011100011001001101100111111100110011011110000111100110111100011110000111101100011001110011011100011000110011111000011110011111111111001100001100100100110010000110111000110011000100110110
10111011001101000111001101110111111111000110110100011001110011000000111100110001110001000111000111001111100110110001100110001100000110111110011001110011011001100011001101100000111011001100000110011001001111000111111001101111101110111000111001111111001101111000110001111110011011100110011100011111001111000100001100001101100001110110010011100011111001
11011001100111011001101000000011011001100110110011110111111100011001110011110011001100111011001110011011101100010010011111001001110011000110011000110011001110011001110000011110011001101111100011000010001011100110110001110011101111100011111001100001100101110011011100000001100111001110100010010011100111111001110010001110011100110000000011110001111110
00101111011001111001001111110001000111000111111001001100000101110011000001101100000111101101110011001111100000011101111001111110011111100000110000110000011011110001101101111000001101101110111011000110011001001100110011001100111001100011111001001111000110011101110001101101100011110011001101000001110000011111001101100111010110000100110001111001110111
10001110001111101100110000000111001111000110001110011111110000011011100011000000001110110000111111100110111101111100001000001111110011011000111101111110011000111001101000110100110011011011110011001100011100000100101100011011100001110011111011110000110001111100001100000110000010111001111111100101111000110001100011001100110000000010010001111100111100
11011011111000110011100110001011000110111110011100011100011110001101110001100011000010011001100001110011110011100100011000100110011001001110111110001110000011011100110001101100110011010010010011110110111100001110011111000111000011100111000111110111110001001110010011001110010110001001110011001111110011001011000111111001100110011111101101100110011111
01111001110111001100110001100111100011010011001111000110111110100011000001110000111111001101101101111000110111001111100011110010001011111000011100011100110111000000111000001101100111110011011110011001111111100110111000111000111001100001101111110100001110011100111111001011011001111000011110011100111110110011001100111110100100000000111001101101110000
01011001111011111100111010011000110001100111100110011111101000110110001001100011111111001101100100110011000001100001001110011100011011000011110110011001000011111001110001001111000001111000110110010111001101100011000111001111100001101011011001100110001100010001000111100110110001011001100011111001011001101111011000010010011100110011000001011011000000
10010011011110000100111110011001101100110000011110001011000000110001100001110000011001100110100011011101100111001101100100010111110011001111111000111010000011011111001111100100101111101001000110001001110010110000000111000110011001111010001001000100111100111011110011011100011110001111000110001110011111000111000101111100110100110011001101100101111100
11001110011000111011001001110011011101111100000111000011110011011001100011011000011111100010011001101110111100001111001110011110111011100000011111001110011101011110000111000110110001100011100111111111110000010011100110000111011001001101111110001111001100110011111011001100011000011110010000111000111000111110001101100011000110010001101100011001011011
11110001110011000111000100111001110111000100111111001111000111000010000100011000110001100011001101111100001111000100100110011110011011101100110011011100100011011100011100011001111111101100110110011001100011001110011011001111100011100110011001001111110011001111001101100111000011001100110011111011100100111000111110001100100110011111000110101011001111
00111001100111101100100110000011001100110001101110011001100110011001111110011111001111100111001100110111001100100111100111100110110011000011001111001100110110001100110010011111100011010000011001001100011111001100100011100110110011011111100111000111111001111110000110001100111111001100011000111111001100111001001001111101100111001101100110110010001110
11110011101110011001111001101000011110000111000011111001101100011111000001111101100111000011111100111110011100001001111110001101110001001001111100000110001100000000111000011111000011001100100110001111111100000100110011011001000011111100000111110011001110011100111100100100011111000111100110011000110011101100111001111001111000110110000000011100110001
10111001101110011000111100111001111110010110011011011010011100110001101001100100110111010011101100011111000111110000011000111111000110110011001100001100001101110011000001000001110000100110111100111011010011001000011100111001110011001111100010011000000000011011100111000110001111100011000001100001110011000111000000111000000010011001111110001101111011
10110001101101111000011000101111100110001110000011100011011001110011001001110010000011101111001100111110001100111000111000011001110011011001110011100001000011000001101100010011000110110000111110001100011011101111100010001001110001111001101111111100011110000111000001110011110010110011111100110110011110011011000100001110001100000111011100110111111110
11101111000011001100100111001000100100001110001101100101111110011111001110110011000011001100011100111011000011001111001110000000011001110011001110110001111101111100111011111100011110000011100011110011000010011111111000111100101110011110100110001100011001001000111011111100011111111100000100001111110011000110010000000011101100111110111111100110000110
11000011110011001011100111000001111110001111001111100011001111111100011100111100000010010000110001101001000010010001111001100011000011101110001101001100100000010011111100110111111100110000011100110011110011111111001110011111001100011110011100011010001111001111101011101100010111011100110011100110110110010000111001111110000011100000000111100011110010
10011000111111100000110011100001111111110011011000000111101100001110001101111000110011100101111001101111100001111001100001000001011100011001000111001111100011111111111001110011000110010110110010000011100111000110010111110001100110011111011000110100110000011000111111001100111000000011111000111100110001100110111011111111110001111100111111001100110011
11000110011000110001111011100011100010111001100001111100011111110011000110000001000111011000100100111111011011111111001111001111011111001111100011100000111000111110001101100100000110001101100001100110111100100110001111110001111110010001100001111100000110000000111000110011001101100010011001000110001101100110111011011111000011100110100011101001000111
10001101100000001110011010001100111100010011111110111100011110001111001100111100111011011100010011100110001111111000011110001101100000111001101101001110011001110011111111000011000011001101111100110011101001100111001111100111110001000110011100010011111101100011110000110111100100001001100001111011111001100110010000001100011101110001101000111001110100
00110011000111000100011100111100111100110011001100011001101000001111000100111101001100111100110011101100111000001110011111100000100110111001101110000011000000111100011010111001100100011111100000000000111001100110010010110110010011110011100010000001100111110111001001001110011001101100110001000011111001110011100011010010110011000000110011001100001100
00011111001100000111000010011111001111100111110000110001101110000011100011111111000011100110011001110001111000011000011100100110011101111000001101111111001100110001000001111011011100110010011011000110110011110011011101110000000110111011011001111001110011110011000000110001101110010111000110011110110101110011000011000110110011011100111100011001000001
