00011100000111100000001110010111000000011100100001111100000100011100000111110011000000111100110001110011011000011110000111100001110110001100011001110001110000011100110000110011100110011100000011110011111000001100110011100011100110000001111100011111001110001000110001111100000011100100011100011110000111001110000001110001111000111000000111110000011111
10111001110001111000000001110000000001110000111000000111100100011100000011100100011001101100011100110001111100000001110011001100000000111001110000011110011001000111001001111000111111000000111000000001110111000000111001000000011100000000111100001110011110000000001110011000001111000111100000011100110110000000111000011100110000011111110000011001111000
01110000011100111100110001000111000001110000011101110000000111100011111110000011100001111100110010000000011111001100110001000111000110000110011101111000000111001001111110110000001111110000001111001000011100110000001110011110011100110000110001011110010011100001111111000111000111000011111000111000011110000111000000011000000000111100011100000000111110
11111100011100011000110000011100110010011100000111000111011100001100011110011000111000110000011100001110000111110010000000001111100011100111000000011100000001001110111110010001110001100000111111100000011001100000001110001111000000001110011100000111100001100111001100011000111110011100001001111100011000111100001110011011001110001110000000011100110001
00001100000111011110000011000001110011010001110000000011110001110000000000000001111111110000111001000011111100010001100000011100111000001111001101100011100001110011110001110000000111110000000001111100010011000111100011110011001010000000111001000011100111010000111100000000111000000111100011000111111100011100011110000000111000000011100110011001110111
01110000001111111010000000111001110001100000011100011100000111000100011111000000000000011000111000001111000000011100100001000110011000111001100000000010011110111000011100000110011100100000111110000011111100010001110000011110000111110000000000111100110000010111000000011111000000000011100011100111001000100010111000011100111110010010000000011100100011
11110001100000011100010010000001111011100000001110001000111001000000001110011111000111000001100110000111100110000111000011110100000011110000000011100110010001110000110001110001100011000111100000111000100011100001110001001110000111111000011000011100110001110011110000100111000011111100000000001001111110001110000111001100000000111000110110011111000111
00111100111001111000100000111101100000011110000000000011100111000100011000011000111100110000111111100011100001110001110011100000110001110010000011111100000000000111011100011001110001100010011110000111000001111100110000000011100010001000001100011100011000000111100011000000111000001110000000111100000111001000110001111100011000000001111001000011100111
10011000111001011000011100111000111000001110000011100001100001110000011101111000011100000111000111100011111110001000001111000111001111100111000111001111000101001111000000011000011100000011011000001110110011101100011100001111000110011100000011111001110000111111000111000011100110011111000000111100000011110000000111010000011100001110001000011111000011
11000001110000011111000000011110000000110001100111000111001100100001101110000000111100011100001100111011100001110001110000110001111000000100111000110001111000000000001110001100011000011100011110011001100001101110001111000000011111000011001100001110011011100011000110011100100111000000001111000011100011000110111110000011001100011000100110000111100011
00110001100000011100110000110000111110000011110011111011011000011100111100100001000100010011100011100110000001111000000001111100100100100000001100001110001110001110000011100001100110011000000011111100010000111000110011000001000111000100100011100011100010001110000011000001111100000000000011001001101100001100000011001111000111110001001000111100001111
00001111111000011100100001111110011000001110110000011110010000111000011100011100100110001111000110000100111000001110001100011111100001110011111000001001100011100000111000111000111000100011111100000001100000011110011110000111000001111001100111000111000111110000010011100110110000011100111111000011100011100011111110000100001110001111100001111000001111
00000111111100000001110000011100011110000111001110011000111001111100000000000001111001110000000011100000111110000010011110000000001111111010010000000011100001111000001001000000011100010111100010001111000000000011100111000100001110000000001110001111100000000100011100011111000011101100000001110000000011100110000001111110001110111010001000111001000000
11101110000110000111000001110000011111000001110000011100000111100000011100000001110000000000011100111000100101100001100011111000000111110001100010001110011100000111100000111001100111011000101111000111000111000001110100000111100000000110001111100001111000001111000000110000001111110001100111000110000111111000011100110000100011100011110000111001111000
01001110000111000001110111000110011110000000111001111011001001111011001001111100011000000111101110000000000011100001110100111100010001000011111110000000011001111100110111100000011100000110001100110000110011100001111111001111000001110000001100011000001101110001111100010001111111100000111111001111101110001100010000111000110010011000011111100000011100
01100100000100111001001101111011100110011100010000110011001110011011110100011100000001000100100110110000111000111111110001011110011001111000111011000111100001111000110011111000000000011111001100110010011100010001111100011000011100110001101111111110001110000011011000111100000110011001001101100010011111000001100011001100111111001100110001110000001111
10100111000110000111111100011100011110000011001001000000001111110000111000110011011001101101100011100000111100011110110000111001100011001111110011000111100111101100011010001111011100110010011110000110011011011001111100000011000111110110001100011110011110010011000001100011111001100100100001110001110110011101100110010011100001111110000011111100010000
11100010001110011000000001111101100110001100111000100111100110000001110011110110001110011100110100000000011111110000000011111000011100000011011001100101110000111000000110001100111100000001110000011110010011100111000111000010000111100001110011011001100011101110000000001110001000111000111100000001110000110000111111001110011001111001111100011111010000
00011111001110000110011011011000011110001111110000001111000001001110100000111111100011011000001111110001100110010000001111000000111001100011010011101100110100001100110001111000111001110100110010000111110001111001100111100110001110011001000111100011100000001111000001111000011001110110010011001111100001001110001101110110000011000110011001000111100110
11001110001110011111110011001000011100000111111001100110000011110001100000111110001100110001100110000110110011111000110111000111111000110011100100111011000100000100111100000100111001101000001000111011110110011001100001110010011100010010001111000001111101100110011001100000111110000110001100110011000011110001111100110010111110001101001001111110001000
11111000111000110011101111000001110000000000111110011011001101111101100111111100001110000011001100001111001100111111111000010010110011001110001111111001101100000111101100110000111111011100010000100111100011000110011100011111100010000111100011001011100100110011001111000011110001110011100011001101100000111111101100011010000111001100111001000111111011
10011001111000001111111100010000111001101100000111011110011000011110001101100000011001110011011001100001111111000111110011100001110010011001110000111111000011110001100111110000011000110011000001111000110100000100001110011111000001100010011011001111110000111100011001110001100110000111110000110011001001110011011110000111111100011101110001111011111000
01100100000000011111001101111011000111000000111001101001100111000100000000011100011111001101110010011000001110011110000011100111000011100001000111100011001100111110110000011100111100000011111100110000110001000011111110011100110011100001000001111000001000000000110011001110001110000011100000011100100111110001001110000011100000110000111111100110011000
00111010000000011100110011000000001111110011001110011011100011000110110011001000100111110000000111111001001100000010011100000001111000001110001110010011000000000011110110011110011011000011110010011001111011000011000000111100110011111000111001100000001111000111011100111000111110000111100110111100111110011001100001110011111000001100101000110110110001
00110000000011111000011100001100110011001110011011000001111111000100011000110111111000001100000111100110110011101000011101100000000000111101100100110011110011001001111100001100110011000011100001111110001100110110000110011110011100000000011100110011101111100110011100001110001111001111001110001100000111100000111000111000110011001101011000110001001111
00010001111100011000110011110110000110011100001100110001100011001111000110011010011110000011000011111011101001110011100110000001111000110110011001111100001110011001101110101100000100011010011110011000001110001111101100110100110011110110011100111100000011100001110111000000011110011101100111011101111001100111110000111000110110000011110011100111111000
01001001100111110000111000011111110000110011100110000111110001110000111110011110011101000011100001110001111111001100110011001100100111101100110001101110001100011110000001111001001100110110100010000011111000011111110011001100011010011100100000111100111000000011110011100011100110001111000000110111111000110001111001101100111110000000111100111110011011
10011100110110011001101001111101110001101100111111000110011111011000110011001110001101110010011100111001101000111110010111000001100011111100111001100111110001100011111001000110100111111001101100011101100111110110001111110000111100110110011011000001111000111100011000100100111000011000111000011110000000110011000001110110011000111110011001001111100111
10001111001101100011100110000011111000001000110000111100110001100111000110011100001110010011011001110011011001100111000011000111101110000011100011001001101111100001111001111110011001100110010111000000011000010011100110011000000001100001110011000011001100100011110011101100011000111111001111100111011100110110000111111001100011111100110111111000011111
11000011101100110110000110011000000111100111110011111001100011101000111001110011010001111000001111000011100011000011111001100001111000000100111000110110001110001100101111001101000010011100000111100001111100011000001111000100110111001110001110000111111110011110011000001100110011110110011011100001101000001111001111000010001111000011110011001001100110
11110011001001100011110001111000000011110011001111100011100011100100001111000011101110000110010000111000011110111110001101110000111100011001101100111100000111000100111000001111101100000111100011001111110011100110011011001111100000100110001101100011000111110001110011001100110000111000000111001101001111111000011000100110011111000000111100011000111111
11111000001110000110000001110110001100001100000111110001001110011001100111001110001001110100000001110110001110001111001101100110011110010000011000111101100011000111000110011000011000000111001100001100011001110001110011000000111110001101000110011100000110011000000011101111001111001100000110011001100110011001100010011101110001110001111001110011110001
10011010011100111100111100011111111000110001001111100001110001110000110011011100011110011001101000011111001110011000001110001111001100111001110000111100110011000010011011000001100110011001110010011001100011111001000110010011100111100110110001110010011111001111000110001110010001111100011110001111011001001111110000110011111011001110011000011000110111
01100100111011100100000011100100110110100011011100100011100100110111000001110011011000110001111100011000001110001101100011100110000011110010011001101110001111100011011010010011000011110011110011100000001100011111001001110000000111000111001111100011001100101100011100110110111000011100001001100010100011001110000111001101000011001110011001000011110001
11100111100010001111100100001110011100110011011100111011000111111000100001110011100110000000111100110011000111001101000111001100110000001111001100111001101111111000001100110000110011000111101000111110010011110011001111000000110001110011100110011000000111000110001101000001111100011001100110110001001110011110010011011000110011001100111001110000000110
00010011111100110000111011000110110011000011100010001101110110010011000001111100001110011011001111001111001100100001111100010011001001110011001011000110011011111000000010111011100110001100011000001110011100001011100001111111100111110010011101001100110000011100011100110001101100110110011001100001111101100110001100110111100000011100110011100111001100
10010011000011001111100001111100000000111001111100100110011000110001100111001111111000110001011111011000001100111101100000001110011001101100011100101100110010110001100000111000011001111001110011001000011000100011100011011111000100111000111011000110001111100011100111001110011001101100000111100010001001100011001111100111100010000011100001111001100010
10001100110011001110001110001111000110011000110001111110001011100010111100011100111110100110111000011000011000101100011111000010001111000001100000110011111100110011100110010011100001111110011000110001100111001001100001100000110011000111100001110011000111011000111000100110110011001100110001111000001111001001110011001111000111001000110011100011000111
11110011000011111100010110011010110011011100001100100011001100011110000110011100110100111000011110011001110001100111111001100011110110001100011111110011001100001110000001111110001100000001100111000001100111001100001100011001110100011011111100110111001100111001001000011100110001100111100000111001110000001110001000110001110111001000011011011000010001
01110011100100010011110000001100111100011001100111100000000000001110110011100010011100100001111000110001100011001100110011011111001110010001100111100101100110100011111001001101100000100111111000011000011101111000111000111000110000011001001101000001111001100011110011001000110011110011000000111000000111000001101001100100000110110011100000111111100000
10001110001000110011111001100110011011100000001110000011100011110011001111110011010001111001111001100011000101110001101001110000011111011001100111001111000000111001111000100111001100110011111000110011100111001100001100110001100110010011000011101100110110100000110111111100110111000111001100001101100100000110011000101100100100000100111100011001001111
01111100110011001111000000011100110001110011001100110011001110001110000001111001101100111001101110011001100011110001111000000110001111100111111000000001100110001111100001100010011011000000111010001111001100100101110001110110001111000100000011111001100110110000111100010011001001110000000001111110010001101001100111100111100011110100011000111011001100
01101001100110000111000001110010011001101000111001110011011111000000011001101111001110010111110010011001101100110010001100111010001100111110011011000110011011001100111001001111001000011001111001100110011001100100011001101101000111010011101011000110000000110011011000111110011001110011000001111101110011110011100011001001111100011110011001101100000100
11100001100110011000111111100001100000011111100111000111111001111100111001110011100110110011011001111000111011001101110010011010011101100000001000001100011101101001111001100000001100111000110110011101100111000110001100111001110000111011101001110011001101111100110011000011001001110011110100011110010001100101100110110010011110000000111110011001101110
01100111111110001100001110000000010001110011001110000000111100011110001100001100001100111100110000010011001100001100111010001100100110011001110001100100111001110011001100000000101100111000111001110011001110110011001111100111011000111000101100110001110001100110000111001101100111001110010010111110011000011001100110111100011110001111001100000011100110
00111000110000001101110011001001100011100000100001110000110110001000110000000110001101001110100000110111100011110001001111111001100111010001110000100001111110011000111100111111100001110000011110001110001110011010000110000011001111000111100011001100111110000111110000111000100111011110011001000011011000101110000011111001110011110001001110000110011001
11001110001111000011111001001100011000111000111001100110111100110010111010001101101100000001100011001000001111000110011000111001111001100110000110011000101100111000011001101100111100011011110001111000011110011001000000011011001100111001000011001111100011001110000001111011000111001000111000111011001101001111000110011001110001101110011100110010001110
00110011011100010110000000111110011100011001100010011000110011001100001100011001110011001100011100000111001001100011101100110111000000011110000111001101101100000000011110001100011111001100010000111011011001110001110011000111100111000100011110000011000000110000110000111001000110011111110001100111000111001100011110011100111100011011111000110111011001
01100011000100011000111000110001100111110000000011100110011011001101100001100011100111110011001111000111101100100001110000000011100011100011111001100111100000001110000111011000111100000011111011001111000111101100000111110011001101000111000011001110011001010001110000111001111110001100001111111000110000111000000001110001100100110101110001100110011101
00000011111110001110011000111000111001100111000100111000001001100000011100000000000011110011001110001111001100111000110011010011110011100011001111000000010010000111100100100001110011111110011011000110011000111001111100001111000001000110111000001111100110011001001100011100011100110110011100011100000100111100110011001100111001111000100110000000110011
00011011001100100011000011110011111001111001110000011111001111100001100011100110011111001110011100011011010011000110000111110001110000111001111000000011111110000001110011110011001101100011111001110000001111001001100100011000011110000110000111000110001111100011110000110011001111110000001100110011100011111001011000111000111010011001100111000000111001
10011100010011111000000111001110011000111100111111100010001110011101111100100110110001110010011100000011100001110001001100110110000011111101110001100011000001110011001001110011100110110110000001110011100100110010111000111100000001110001111000111000110011110001111011100000110000000111000110111101000110111001100111000001110011011001101100100100000011
00111001111001111100100011001111100111000011111000001100111000011111000111100111011001110011001111000100101001110001110001110000111000110001111010011101000001001110001100111000111000110011000110011100100000011100011110011001001110000011001100111001100001111111000011101100011111000000111001100000001100110011100011001111111001001111001101110001100000
00000001110011011001100100110001111100111110001111001101110000100111000111001100010011000110100001111000111011001101111110000110001110001110011001000000110011000000011100110011001100011110011000001110011110001110011100011100011110010001100001001100001001001100110001000011110011111001000011000100111110001110011000001110010011110001101110000111111011
00110000100110011100110100011110001100111000100100111001100111100110011110000111100000001110100011100100110000001110001100110111000000111001000011100011110011000011100011111000011001100011000011100110011010001110111100110001111011001100110011100011000111000001111100110011000000001110011000110001111100000011101100110011111001100011100000110000110011
10011001110001101100011111000111110011100011000011100011110110001101111100011110000001110001100100111001100110010011001100110001100111000011110001100011000011001111001111000000110011010010001100111000111000100111000011110110010010011000000011110011000000011001110110110001101100000111001100111010001001100110111111000011100111110001001111110011100010
01111001100111110000010011100001100000111000110110001100111000111110100010011111001100111110000011000001111100110111000110000001110011000001110011001101100011100011110001110110011001100110001110011000111001101110000000000110010011110001001000111110000111000110000001101100011111110011011100001110000110011111000110110011110000111000011100110011001001
00011100111001110000000111100011110011001101110010000111001111110001111001000110011000001000110001011100110010011001110001111100001110000011000110011111001111001110001110011001001110001001001110001000010001100110001011000001110111111100110011100011000011100111101100110011110010001110000011100111000110100011110011000110011110000001111000110001100001
11000111110011000110111000110011100010011110000111011110011001110110000000100111001001100110010001111000010001100101000111110001100011001100001111101110011001111001111110011110011001110000111000111110001101000111100001110011101000011111001110111100111100010010001110110010011000001011110000011000000011000011110011001110011100111010001110001110100010
10001100011001110000100110101110011000001101110001111110011001000001100000110011011000000000001100010000111101110011000000011011000001111110010001110001110011000000110010000011000011001111000111001110011100111000111110000011100011001011100111000110001100111001111110111000101110011000111100110011011001100111111000110110001111000001100100110111100011
10110000110010110000110001110001101100010000001100111000001101110100001111000001100111001110000111000110000111000111001110100000001110000001110010011001110000000111000011101100111100110110110001100001110000110011011011000101100010000111000011001000001110000000011111100000011100001101100000011110110000011110011011001100011100000000011100100110011111
11000110011011100011101100110011001110011001110001100000000100110001100111001000110100111110001100111100000110011000011111000111000000110001110000001100011111001000111000000010011100000001100010011001100110011110001110000100000110011101000110011100001110011001011001100000011100001110011001110001101100011001100110011001100110001111001100000100111111
11100110110011001111000001110111001111000110000111001001101100000111000000100111011000110011001100110011110011100010011001101110011111000011100011001100100001111110110011100011011000000011001111110011100011000110011100111110010001100000110011011100111110100011000110011000111100011100011110011001011100111001001101100110001100110001111001111101110011
00110011100110011001000100000011111001100111001110001100011000110110010100011000111100110010010011001100111011000000110110001001000011100011111001100110011111000011100110110000111000110011010011001111000001111000111000110010011001100011100011100111001111111000110011011001110000011111100011100110011100100000111110110011100011100100110100111110000110
11001100110110011000000001110100011010111100001111100111000110000011110000110000001110100000111100110000100111000011000111110011100111100100000001110100000100011000001100001100110110011011100000001110000111001101100011000011011110011000000000110110011001111100001110011000011001100011001100110000110011001110010011110001110011010001110000001001110011
11100110011100000111110001100111000001111101101110011001110000111000011100111000001100100000111111000110011011100110001100111001100000111000010011001100111100011000111110011110011010010010011000110110111001110001100110111000111000001100001111010111001100100100011100011111001100100010001110011001100110010000000011110011011000001100100101100011100100
01110011001111000011100101111110011100001000000111110000011000110100100010011111000011100000000011100110100110011000111111000100111001000001111000011100110001101001100001000111000000001100111000011100000011101111001110001100110111111000000111111000001100110000011100110001111100000110111000011111000110100000110110011000001100100000111111110001000111
11010001100110001110011000110100111000110100111000001001001110011111100001100011100011001100001100100011001100011000000011100011100111100111001001111100011100011011110111000110011001110001000000000111001110100001110000110011110011111000010001110011100110111111110000100111011001111000110101110000111110100010000011001100100011100011111000110001101111
00110011000110011100111000011101111000110001100111010010000011110001100110000000100111000100011100111000111111110000011110011001110000101100110001111000001100011100000110011001100110110001111100001001110011000111000001000111001110011011001100000110001110001110001000111101001100100001111000001110010011000010001111000011001100110011111000100011100011
00000001111100011000111001001101110000110001110110011100010011001101000011110011111001100001110011001110000000110001110010111111101110110011110000011001101110000011011100011100011011000111100111100111011000111100110010010001111001111000010000001100011010011110001110001100001101100010110011000110011110000000111110001100110110110010011110010011011100
00000111100011000111001100011001100111100011000110000111000000000001110110011011111000110011011000000110000110011010001000000000111001000100111100011100111010001110000111100100100110011000111000110011111000000001001001110010011011001110000110001110011010000011100010001110000111011001000011001111110010010011000011100011000111111000111101000111100000
11101100100110111000000001100011100010011000011001111100111100000111000000001101110011100011001100001110011011100000000000111100011011001101100011100011001111110011110010010011001110011011001100111100110111100000111000110001101100000111000111000100011011111000110011001101110000001110111110000110000111001100101100110011001100011100111100001110111100
01100111100110000111001110001110110001100001110000110010000011110001110011000111000111111000110000111000011100111000110111001111000011001100100001110001101111000001100001110111100000111000101100111011000011100011000111100010001110000011100111100111011111100110111100010011001111001000111000001111000111110000000111000011011000001110011001101110000011
00011100000001101100011100110000011001110011000110010110010000001111000110001100110011011100110110011100011001111100000011111100110011000001101111011000110111001110000111011001000110011110011111000011001101111000101111000001100110010010011100011111110001001110000111100110111100011001101111000011110001000111110001100001000001110011000011000011100110
00110000110001111100110011100000011100111000100011110010001111100111111000110000000111000000000000011001111111100011100001100111100110100001110000001110001100111000111100110011111100000110001100111001000111111001101100110110001001100011000110011100000000001111110011000000111000011100111010001111110010001100110000110011100000011111100110010011010001
00001111100011000100111110001110001101011001110110000111111000011100110011001000111000001110011100100111100100111000011100011110001111100011011001101000111001110000011110000110011011001000111101100111100011100110000110001100011101110000111101111001100110011100011100100110010011100000110010011001111001000011001110011001000001100011011110000001101101
00001111110011100011000000000001111001000110110001001111100000110001100011000110001111110011101000110011000100000110011100010001100011001100011111000011100110001111000000111110011110011111001100000111000110001100001110011101100110001111001100001110000111001100111100110001110011000001100110110000001110000111001001100100000111000001111001100111001100
11000110011111000100110000000011100110110011011000011100110000000111001000110110011110000010001100010011010010011110001111110001100100110011100000101000110011001110110001100010010001011100011100011111000111100111110011110001100110011111100000110001110011100011011001110001111100101100110000011110001100000001110001100100110111000111000011100111001110
11111100011110001100100111000011110011100110110000011110001111001100111100011000111010011010000000011110001110010011001100111100011000111000001100111000110111000110001111100110011011100101100011110000000000111001000111100001111100000111000111100110000011001111000011100110011110100011001111110000011111000111100100000000111100011001100110011100000110
11111000011000110111111000111100001110000100111011100111111000110000001110011100011100011100011111000001100001111110001100011001001111000110011001011001100010011001110100011100000111001100111100110011110001111000000111000001100110000000111000011100111100110000110000001110011010000111111000110011000001100011001100110011100111000010011001110000000110
11100111001110001111001101101110011001000101110000111110011010000000011110011100110011000001101110001100100000000000111001101001100010001111100110010001110010001101111001101110001110011000001100010011100110011000111000011011000111001101110011001111000100000001100010011110000000001100111000011001111001101100111000010011000011110011000011100110001001
01100100111001000111000100110110011100001100011011010011000111010001001110001110011110011111000001001111000110001100000011110011001001100001110010000111100011001100100110001000111001100110011101011100010011100110011101110001100111110000110011110011110001100111000001100111000110011000011000110011001110000001100100111001101101101110001111100011001100
00111001101100110110000000001110001100011110011110011000000001110110100000111100000011100110010011000111110000110001000111011100110010011001100000111100110010110011111001100110000001110011111000000000011100110001100111000000111000001110011100110010001100110011111000011110011011001100111011001100010000111001101001101100000011001001111000110011001110
11100001111001100110011100000000011011001000011100001100011100111010011000110110011100111110000110010110011001100011111001000111001110000001111010001110010011001111000111110001111000110101100001101100110001110011000011111100111110001100110011001110011100000001110000000111000111111111000110011100010000111100001100110011011110001111100100110000011000
10001111100011000111110001111100010000111000011011100110111100100000011011001110011110001100110010001111100001111100100110110010000011111000011000001110001110010000011100110000001110011000110110011100000111000001111001100111100001011100100011001000110111110000000111001100111001110011000011100000100011010001100110011100111110001100011001100011000011
00000000101111111000111001101100000111100000111001100111011011000011100010000100000111100110000110011011100011000111110011101000110011000001110011000110111000101100111000101111001110011011110001110010010110011111000000111000001111000110111001111000011111000110000001111001100000011100110011100100111111001100011001001101100011111000110011011100010011
11111100010011100001100011001100110011100010001100001110100010110010001100100001111100011000111011100011001100011001100001011001100110011001110001100011001110011000011100000000111001101100011110011001100111000110000101110110010011111011001100111100011001110111001100011100000111111011100111000111100001110011110111000010011111001110000111111011100011
11001110000001100110011000110011110011000011100110010011100000000111000111000101100011110001110000000100011011101100001110110110011010011100011100011110001101110001101111001010001100111000111100011101100111001100000111111000110011000001100011100110110110111000011111001100000111011001110000011110011100110001000000111001100010011010100011100011110011
10001110110000111000010011100110111001000011000111110011000111100111100111110110001000110011110001101100000111100011011110011111000111001110000111110000111100010111000111011100011110001100110001110001100011100011011000000111001100110001111000010110000110001111111100001011000000111001011110011001100001110011001111100011111001000110110011001000011110
00000111100000011100011011111000110001110011011001111111000011001111101000110111000111110011011001101101111000111000101100010010011100110110000011001101111000011111001111100101110011100110110001000001111110001100110000111100001100011011010011000111100110001111111001000101110011000011000011100000011100110011100110110010000111100110010000001100110010
10000110001111111100110011110001100110110000110010011011110001100011001111000110010110000111110011001111100111001101000001100110001100110001110010000001111001100001101111000011100011111101100111001110000011101101100011111011001100000100000011001011001000001111100001100100111001001000011100110110001101110001000111100111001110001101111000000011110011
01000011101000111100000001100011110011111000000010001110000110010011011110110010001101000011100011000111111001110001111100110010111000011011110011001001100001100111111110001110001001110010000111110011100010011000110011001011100111100110110000000110111000001110011100001100011000111011001101100011100110010110011100111100011111000011110000110011100110
10100000100001111000110001110011110011000111110011100101100011000111110011001110011001100111000000000011001111000111000000011000111001110001000111000111100011100011101100011001100011010000001100011000000111000001111000111000011100000011111100011111000011100011011001100000001110000111001111001110011001100011111001100111000111000011101111001110011101
11001001100111001100010001100001101000000001111000111100110110011000010111001000111000001111000111100011110011110000111111000011011000001110110110011001100100011100100011001110011001000110011011100111111100001111001001100000011110000001100110110000000000111011011110000001111001000111001101100110011000110011001110010011000001110011000001110011111001
11100011001110011001101110011011000110001000010011000110011001111001001110001101110000011101100111010010000000001111111100110110000010000011011110001100000011100001110001101100110000001110011001100000111111000110111000111100100000010111000100110110011001100001001110001101110000111111100111010001001100011100100100100111100010000001110000110011001011
10001101111001110011111100111000111000111100011111110001111000000110001111000011111100000011100000011000111100110000111001110011111101000111100110010110000011001100000111010011001111100100011001100111100111001100011100011110001110010011100110011100011110000100011001101100111001111111111000111000011100110001111000111000011001100100000111010000111100
11100111100011000111100000111111001101001100110000000111000111110011100010000100011100001110001110000011111110110001000111001110011001111001111100001110011100011001110011000010001110000011001100011001000011100001111001100111100000011100111110011001100011000011100110001101000111100110000100111001100001100000110110011111000001110011011001111100000111
01000111001100111001101000111001101001100001110001111001110011001100011100010011100000001100011011100100100100001110011000111010011011011001100000111001111000001111000111110011101110001100011010000110010011011011001101110001100111001100011100011100111100110000111000111100000110001110011001110110011100011111001100110001110011011001110011010010001110
11100111100110011011000001100001110011011000111100000011100110011110001100011110001110010001110001100011011000001111110001010000011110001100001110001110011001000111001101100111000100000010011001001110011000001110000001100111001100000011101111110011001011100011100000111100011011100111000001110011100111011000011000111000110110011100011000111110011000
00011001100100000111100001110001111000001000111110000011001111011100001100110111000011001111000110000011100110011001100001110000011011001001110010011001011101100010010011001101111000111000111100111000000011110100110001000111110000100011001101101100011011011000100111000000111110001100110011001110011111000110001000000111100011001111100110001110011001
10001001111100011010000011100111100011001100100011100001011111000011000111001111110001100001111101110011001111000111000011110001110110100011111011100100011110011111000111100100011100011011110011110000110011001000000000111100110011000111000110011001000110100010011110001110011000111000110001011000000011100001111000000100110000000001100110011110010111
11001110000111001101110001110010011000110000001110000011011111001101100100000001111110011011110001010001111001110001100111101001100111001100000000111000110011001000111000000110011011100111001100001100100110011100110001100001110011001100011001110100001111001100001101110110000111001100000011001000100111001100000110010000000011001100100111000001110011
11001111100001100110010001110110011001000111000110000110010000100011000111100010011110010011000011110011000011100000011100000011011001110100001100000100011100011001111010011001100110011111001100111110011011111000101100010011001111111110011000011001100101110110011110000000100111110000000110011100011100110011001100111000110000111000111000000110011100
10001101110000110111100011011110011111100110010110001110001111100010000010111000110001100100001111100001110011100110111100110000011100110011101111100000110000111001110011011110001100001110000111001101111000011111001111001100011100110110000001101111000111011000001111000000111001111001000000100011111000110001111001100110011100100110011000001110010000
00110000111000111100011000001111000100110110011000100111001100010011001111111100011001111000111110010011001101110000001111001110001100110110011011100111001100100000000111000111110011000011100000111001000011001101100110011011100011011001101100011100011100011000110111000011100000001110000110110000111000001110011100001110110011010001100011100100111001
00111000110000011110001110110011001011110001100110000011000111001101100110001000110000100001100011111001011100110011000110111100000111000110010011001110000011000111100011000110100011100000111001100110000001100010010001100001111100011100101100110010011100011100000001110011001100110001100000001110011011111100111001100110110000111100000111001000011001
01100110010011100110011111100110100110011001100110011001111001001001100110001100100111000010011111001101100110010001000111101100110111100011100111110011000111001111000001100100000111001100001111000111110000111001100110000011111110001110011100110010000011111100011001100001111100000011111100100110001100001111111110011111001110011100110011011111000000
10000100011111100000110111110011111110011111100110110001110001111001111000110100111100110000011100011010001100011111110001001100001110110000000011110010011101100110011100110111001000111001111100011001111100000111110011001110110001111101110001101000001100000111101000111100110011110010011011100110011101100011110011110011000111111000111001101111110011
01110011110000000111101001000111001100111110011110011001110001110001111000000001111111100111001001100111000011111111100110000011000110011001000001100111110000100001111100100110000000111000110010000110001111001100111110001100110001101100001011110011111000011001110010000011111001001100100111101110110011101111000010011011001100000000111100010110011011
11001100000000111100011101100110110011000111111000000010011000110110001110001111110000110110000001000110011111010001101000011000100110000111111001001100001100111110001100110000001111100100110011011110011000110111001101100001111111100000111000101100110010011110001101000000001110110000110111000000001111001110011011111000001111100000111001101111000001
11000000011111111110011110011100110111001111001100001000011111100000111001100111000011111000000111100111100101110011000001100110000000001111110011000011101000001111100011111001100110010011111000110111111100011100000111000110110001100110001111111100110110110011101000111100111000111000110110111000000011100011111110011011000011100000110111100001100110
01110011001111001001100011111100011110010011001001000111000110011011100000011110100110011011011000000110111100110001100011001100111011000011111000011000011100011000111000110000001111111100011001110011000111001001100111111100010011100011001111110001110000011111110001101101000100010001111001111101100110111110000111010000001101110001100110110010001111
10110000111000001111100011001110000110011011001111000111111001100000000001100011111101110011101001000001111000100111001100100100000011111100010111100011001101111000001110001111001100100000111100110011001100000001111001100011100110000011011001100110011000011000001111100100111111111011000110111000111110001000010000111110011010011100001100001100011010
11100110001101000111001111111000011111011011111001001111000011100010011100011100110111100011000011111000010001111001110000011111110000000100101100011000001111111000110011001101100001110000001110010011011001001111110001100110000011111100110111100100110011010001111001100011011111001100111111100011111111000110011111001101100000110110011001001111000100
01000011111001101100110001000110111100111111100011001001110110011111100011011001100011110001111001100011001001111000111000001110011011011000110011011111001100110011011001111001101100111100000111110100011011000100001111001100110011100001000011100110110011111000011111100000011001111100110011111100011001001100110111101100011100001110010011011110000011
01111111000111111001101100011110000011111001110111100111000000011111000110001100011111001100011100001110011000000011001100111100110110100011111100000111100111100011001100111001011000111110001100011111111100111011110001110001100110010011100011111111100111011111000010011000110010001100000011110011001101100110011101001101100011010011110001110001110011
00111000111100010111100011110011001101110111100011001100110001101100011001110011001100110100000111010011011000001100111000011110010011000011111110001111101110001100011010000011001111100110111001101111111000110001111001100110011110010010010011110011001100011011001100110110011111000011001101111001100000111011000110001100100001110011110001101100110011
01101110011011100011100011001101100011100011100110100111011001101100000010000011111110001101100001110011011111100111000110100110000001111100111000011101100110011011111001110011001010110001111000011101100001000000001111111001110011100110011110011111001000000000111000111100111011001011000011111110011101100011001101100111001101100000111111100110011001
10001100011110000111100101110000011001101100011111100110011110011001110011111110011011100011011110001100010011001100111000111100000111100111001111001000011100011110001110111110001110011000111100111011000110111101100001110011011100000000001000110011100110000111100100011111100111110001101111110001100010011100000001111000011100001100001100110000011001
01011110000011100110001101101100110110010001101100000001111110011000011100110011100110000100010001111011100011011111000011110011001100110011110011000111000011000110111110000001100011100011000011110011110100110011011110011100001111001111001101100000011000011110100011001101000111000000111110011001111100111000011110011011000000011101110011001100110000
10001111000001100111111001100101100000110011111100000111110000011100011111011111001001011000110001110001000011001110011100111110000010110001100000111110010010000010011000110110011001000001110011110000000100011111100000110100010010011011100110111111111001111111100110010001011110011001110110011000111110011001111011100000110000111000011000110011000110
11001110110000111110011001111001101100100110011110010011000111100100001110011011111111100001100111001000011100001110000000111100111001100100111111110001101001110011001101100110011001001100000011100001100111011100000011110011010001101111000111100111100011011111100000111110000111100110110001110011001111000111100110110000011001101110011101110000000111
01000011111000111100000000110011001111100000111001001111110000110001111100110111000010011100111110110001101100010011100011110001001101000111000110001111001101111100000111000111111100110110010011100011110001110011100000001110110011111100011011000111100000111001100100110000100110011011000000001111000010111001100001111001110011000110000111110000110000
00000111111110011100001110111100011100110011001000000011110111110011001110011011000011111100110011110000011100011100111011000001111001111001100111100000100110000110001100001111011000111111000111000000111100111111000110000000111111010000111011000001100111011011001100011111100010011111100011010000000001111100001110110000001110011100011011000110100111
01011100000011000111110000001110110011110001111001101100000111100001000000110001101111000010001110011110110001101111000110011100011110001100011111001100111100110110011110000001111101110011110110011000000010000110001011100011011001100011011111110001100111011001100111000000011001101100111011100000000011100110110011001100000111001101110000001111001000
00011111111001110100100100110010111001100110000001000111110001110110001101111000010111001111101100110011100111100001111110001011000110100000110000011111100111110001111001111100100111101100000100010011100011010011011100110001111001001100000111100110001100110001110011000111100001111100110001100011111001111100111111001100010011110001110000110000111100
10000110000110001111111001110011001011110010010001111100000000001100110110000111111100011111110011111000100111110011001101100000011111110010011011001100111010011001100001111000001100110001100000111110010001111110011100011100011110011000111110001110011011011011001110101110011101111000000111001100110111001100100111110001101101100110000000111110011101
10010011000110100101111000011100001110001111000100010010000111001100111111100011110011101110011011100000001111001111100011111010001101101100011000111011111100011100110011000110111100011101000111110110000111100011000110110111100011100011100110011000001111110011110011110000000111111000001110001111110010011100011100001100011111100001110011011001001111
01100111000111010011111110011001101011100011100000111111001110001101100110011000011111000110110011000010011000010011100111100110111001001111111000110011001000000111110011011000110111001101100011100001101100110011010001111110011001101100010011110001111100011000111110001111100110000111110011011110000100110011111100111110000011100100110100011011111000
11110010001110111100010001100001100000111111100110001100110011110000111001100110011110011001000001011001100001111100011001110001101100111110011011001100110011011111001100110111101100110111101100111001001001110011011001100110110000001111000111010000100011011100111010000011110110011000110110011111000000001100111111001100111000110100000001111111001111
10011111000011110011000110001001101110001111000001110111001111100000001111100000111001100100100110001111100011001101110001111111000111100110110011111001001101011001100110000111100111111001000111100110001101100001100011110010111000010000011001101100000110110011100011111000111110010011000110011111100001000111001100110011101110000011100001100111011100
11111000011001001111001101100100011000000011111000011101000110011011001000111110011100110100010001101111100011001111001101000111110001000011001100111001101111001110101111001100001100111001101100000011000111100100000011001101100011111000000011100001111100011001111001100111000111001100100001110001111100110001110000001110011100110111110000000001110001
01011100001000110001101001100000011001001111000100110000011110001001101100110011000111110001100110110000110010011011000111000110001111100011100000111111100111001100111101100000010110011100000011100110110110001111001110001111110000110001101100110110011001100011001101000110011111100110110011000011111000100111100011100110000110011011001111001001110011
11000110111111000000001111000110111011001100110001110001101111101100000111000111001111100011111001110001111111001000100011011111000110111100110010000011001100111111110000011011011001111100000111110011100011000011111001100000111100110011001111000111001101100111110011101100100110001100001111000011100110001101100011001110011011100110011001111111001100
11000011100110111110011001110011111001100100000000001100011010011000111100011001111100000011111110010001101100110011001100111011010000111001101111100011110011100011000111011001001111100011010000011100110110001000011100001111111000110100000000011110111100110010000011100111000110110011101000001101110011000011000000110011110011110001001101100011111100
11000000010011110001100001100001111000011100001001100111000011111001111000000110011000111111000111110000110000011111100110010011001110000000011111000110110010001110011010001101100001111110000011001100000110001111001110111001110001100011001100011100110100110011111100011001111110001111100110011011000111000011001111001111001101000110111000111100001110
11000010110011100110101110001100011011010111000111110000011100001110011001111100000000100111100111000011111011000001100111000111100000001110000110011100111110011110000110011110011100001110000111110011100111110000011100011110001111001100001101000111001100101110011100000110011011100110000100000110011100110111010000001111110001110011100000111011001100
01001111000100100011000110111111011001110001110111000000001111001110011011100011001100011111111000111001000111100011001111000110001001001100110010000001111001100011111111000111110001100110000001110001001100111011000001111011001100110111100011100011110001100001111001101100011100110111000001111110100010011101001111100110111100011100111100001101100111
01111100000011111110001101101100100000000110011001110001100111000011001110001100111100011100110000000111111000011100110100010011111110000110011101000011110010011000000011001111001100111100011000111100010001110001111100111100110000111000000100111010010001111100011111110000011111111000111001111111000011001101110110000011111100011001111100110010011111
00111010000000011110011111000111001100011111100110011000000000000110111101100110011101001001110001100111010000011100011111110000111001110100000001111101100110011000110000111000110011111001100001111100111111000011000100011001111100110010111011110001101110011011000001111000111110011001011110001111100111101100001111000011001100111100011100110001101111
11111001100110010011001111001100110111001111100110000111011110001101100111011001100111000000000110011100011111001101111001100001111111110000011100111100110111000111111001100100000110001111001100011011001101110000111100111111111110010000011100011001100100000001110011001000001111110011100011111000011100100100100011011100110010011110011111000011000111
11011000100101111110000111100100110110000111111000110110100111001100010110001111100110110011100011011000001111000100111001101100111111111110001100111011000110111001011000111100011100100001100011001110000011110010001110011101100000011000111100111100111000011101111000111000110011001100000110011010001111100001111000011110001111001100110001101110011110
01111001001001111010111100111111000000011100011100011001110111000011100110110111100111111100011100010000001110011110110011110000111110011001111111111100001000111001101100000111110000110000111100100110111100110000111011100111000001101111000001111110001101100110011000001111100110111110001011110001111001111000110000011111011100111100111011001011001100
01111100111001101110011000111100110000110010000000011111100011011000111110010011100010011010000000011100110111100111000110111000111110000011011001001100011100110011001100111000111100000011111100001101100111000100000110011101000111001100100110011111000001101100110110111000011111111001001100111000001100110011011111100100110011111000111001100110111110
11111001100100011100110111100011001100000011111111001111100111000110001111000110110110001110011100111001011111101100000001111001111100011010110011100111010011000100001111001101100011000111100110011110001111001000110111110011001110100011111000011001110110000111100011111000111111000100000110011001110011110111001110001100111011100110010101100110011111
11000011001001100110011001011000000111100110011101100011111000011110001100001000111000111110010011010000011000110011110001001100100110001100100111110111000110000111110011001111100011010000011111111001110000100011111001001101100000100011110010011001111110110011010011000111000000011110011001001111100011110010011110001111101100111100010010001000011100
11011100111110000011001100110011011001100110110001111000011100000011100110011000111110001100011100110010000000001111100000110011100011011100110010000110011000110000111000011001100111010010001111000000110111001101111000011110011011010001101111000111000000110011001110000110111110000111001111101100010000111110111000111011100011001100110011001001000001
00001100110011111001100001110011100111001101111000110001110011001011100000110011011001100011111000000000110011100111100110001101001100011000111100000110000110011110011110011010001110011110011101110011110011100001100011111100000010001110011011001101110001001111001101100100011110011110000001101100000001000110011000111110001110000011011000110011100110
10001100100111000011100111001111100110010001100011110010011011100011111100110000000011100001111001111100010110000011111100110110001100110011001111100111011001111000111000000110011001100000001110011011100000001111000011111110110000011000011100110100110010111110011011100011110011001111100011100010001111100110000011111001100111011110000011101111000110
00110001101110000011101000010011101001110001011001100110011000000110000110110001110011101110011111000111111100110000011110110011001101101110010000011001100001111000110111100110001111100001110011001111100111000111001101100000111110001100111000001110001100110011000111000010111001100110001111100111000100110110000111111100001110001110001100111110000110
11011001000111000011001111001100110011001100001111100000001111100010011000001111110001110001111100010000001110011000110110001010000110001111001111100110011001111100001111100111001101101110010011111100110110000001111001100111100101000100111100011000111001100011100111111110110001111001111100000111110011001110000100110000011100110110011011100011111001
11100001100111110011001100000000011110011010001101110001110000111001100110011001110110001100011111001110001100011100110010011100000111000000111110011001111100100111110111001100111001101100100111011100110111001000011110011011000110111001000110111000001110001101110011000001000111100100110011100111100011011111000001111100000011000011000111111110001111
01100100000111010011000110100001111000100100001100111011100100110110011100110010001111100001110110001110001110100111001100101111000111100011001110111000000011000110100111000011100101100011011111111000110011011000001111011110011001101011000011011111100110010011011000011100011100110011100110010001110011101100111000001111000111001100010001111111000110
11100110011100011000011100110110011011001111011000111111000011010001100100110011111000010000011110011110001111000000110001111110011011001110001100110001111000011001100111100001111100001110110011000001110011010001100001100110111100110001101011000110111001110011001101000011111001100110010111001000110110010000011100111111100011111001001110011011100110
10111001110000111111000001011001110110000011001100110001101100000001111110001101100100000001100110011100011100000000011111100011000000001100110011110011100011001111000111111001100110011000001110100111100110011000110001111111100110011000011001111100100011000011000000111111100011100001100001111001100110110000001100110111110001001100111110001100011001
01101110001110111100000011100100110010111101110011101100111110111000011101110001101100110011011000000111111000001000110011001100011110001011110001101110011001101101110001101100100110111000111001100100110001110110001011100011001100001110011001111100011110011000001111111000100110001100001110000001100110011011011000111011000110110011111100011000111100
10001100110000111001100110000000111100110111000011100111000110100011110001100110001111110001000111111110010011011000011011000111110001100011010011111110011100000011110001100110111110000001100110001101101100100000011011100110001111100001110010001101101110000011110001100011111000100001110011001100111110001111110001101100011111110000011011000010011001
10000100011100000111111100011000111110010011001100111111000110000100011111001001101100100111100011110011111001100111100011011110011101000000010111000011100011000110110001111110000100110011111100111010001100111111110001110011011001100110000110011011000000000001111000111000110010001110000011111100011011011100001100111100011010000011111000111100011100
10011110011001000111000111100011010001111110000110011000111100111110011010000111100110111001110000111100001111001100111111100111111001110110001101100000000111110001111111110000110011111000100001110001111001100100111110000011001110000111100000110110001100001111110000110111100110000110011001001110001011111110001111100100011010011001111100110111111001
11100011011001110000111110001100011111000001100110011000111110011011100110010000111110001100000111111100001100011000011110001100011011100010011100100001101100011101100110010010000110011001100000001100110011111001001011101100010011110011011110001100001111110011011111100010011100111000111100100110110001111001100111110010011001011001100110110010111000
11001100011100110011111000100011111111110011001101100011111100011111110000011001100011011110001100001100110110111100111011110001100111110110010011001110110100110000000110001111001101100110011010011110011111000111100110000011111100111000111100110011000111111000110001100111000110100110001100010011111100111000111000100111111001111100110011110011011001
00111000110111100000011110011011001100011001110011110011000111110011100110110011101100110011100110111110011001000110001111001100110011001100000110111111111000110111000001111100100110000110000110011111000110001100001110001101111100000000111100100110111100011001100001110011101111000100111111000110111100011110110011001110110000111110001001110000001110
11100100000001111100110111001110011001011100011011000111011000000001011001100001111000000011111001100100000001100011001110001001101100001111000111110011001100001100111110000111001100100011111000001100011110011001001111100111011100011110000010011111100110010011100001111111000110011111110001111111010011001100110110001110011111000110110111000011101110
11110001110111011100110110000100111001011100111111001101110000100010010011011000111100011001101101100101111110001000110111000111100110000111110000111100000111100110110011111100011000110001100100011011001100011011111101000011100110110011001110000111000110111000001111100100011001110001101110010111110001101100111010000111001101100111011101110001100110
00110011111000110110011010011111100011100001110100011001111110001101111100111111000011110000001111111000110110010011000001111110011001111001100111110011101000100111000011011000001111110110011110000110010010001100011111000110011100001101110001011111001111111100100111110001111100000000110000011100110010011100110011100111111100100011011001100111110000
01101100110111110010001101001100011111001100110111000000011111110001110011000001110011111000011100110010011100110011101001111001101101110011001100011001111110011011000111100011110010011100010011011100110001110011110011001101100001000111000110111001100111001111100100011001100110011001001000011100011111000110011111010011011111000011110011100011110001
00110011111110010001111110011011001100110010010011100110000011100101110010001101111000111110001110001101110110001111000111111000110100110111110110011000110000111111110010001101100000111110011011001111000001111110000001110011000110111100001101001100111000001110011001111100011100001111101000011100011000001111101001101101110011000111110001101110011011
11110011000001011001100011110001110011101111000011101100110001110001100111010001100110000000011001111100111100110010001001100110000110011001111000011001011001110000111111100110011101001000110001111011001100100011100000100001100011100110001011100111001110111000010011100011111001101111000110001100111001110001001111110001110001100000110001110011111001
10011111100001110011000110001110011001011100010001101110001101110011110110000111111110011100110110001100001111100110110010110011111001100010011000011100000001111100011001111100001111001101111100110001100011111110001101100011100111001100000110010110011100000111001100001111000110110111110011011100011000111001001100001000100110010011101100111001111001
00111100001100111011001111001101000100110011100111110000001100110011110011000101100011001111100111001101110001100110011001101100000000011100011001101110000100001111001111111001100110011110011111000001110001111001001101100111000000000111111110011110011111100001110001111001111100010011001100110011001100001111001100111000100110010001011000000110011110
00001111100111010000001110010000011110000111110111000001111001111111100000101110011100011011111000110001100011000111100011100110011000011001101100010011100100011110011001100010011111001110011001001111000111111101100111000111111111000111000100001110011110001100000011011110001111000001100100111010100010011000111111000110110000110011000110000001111000
00011001100001110001100010001101111001111110000011100011110011000110110011000000001110110011001100110001100110000011001100000011000100111100111111100110010001111001001100111100111110000001111000001110110011100110111111000110011001000111101000001111000110111001111111000110011011001001111000000001111000011001101111101100110011001110001111110010001111
11100100110010001111000011110001110000111110001110001110100110011111100100000111000000111000111001101110001100111001100011010011001101110000100110001100011001111100011110011000011100100110001100111011011000110001111100110011111100110110010011110011001100111100011001111111100111100110010111100111100111111001000110011000110001111101101100011001100110
00110010001111001100100111000011000100000000111110000110001111000101000110001111100001100110011000110111110000001110110011101000000011110111111001110001001111000111001100110110011110000001111001101100111000001110111001110111000100011111001001111110011011000011111001100111111100011011000011000111011100000011001110110001101101100110110010011011101100
11001101100110011000011000100110011101110001100011001110001000001110011100110100000111100011000011100011110001101110011111000000001111101000111110001100111110000001111100110011001100111100000011111000011001110100111011000111001100101111100011010011011000000011110111000111100100001111111001101110011110011100111000101100111100110110110001010011001100
10000011110111001100111111001111100011000111001111100011001100111100001111011000110011011101100110011000001110011111000000000111000110001111110010001110001100110011111000110010111001100111100011010011000111000111000011111110011011000110011011100111000100111000000111100111010001110000001100011111100111000000011100110111110001100110010010000111011001
01100111001100110110011100110011110011001100111100000001110011100000111001001001101100011111001101111001101111001110110001001100011000011001111111111001110001100011110011001111100011001100111110010110011011100001110011001011001110100011001100010001100001100100011111000011100111100110010001101001100011011110001111111000110111110001100011110011011001
00110011111110010011100011001110001001110011011011111000110011001100111111001100111001110000101111000111100010011000011001100100011100111000001111000000111001110011101001101110001111001110110010000001111011001111001111000000000111110001110011111000110011001101111000100110011000011111000011100110100110111110000000000011100001100111110001100111110100
00110110001101100011100111100100110110001110001111111000100011011001100111111001001001011000110111000111110001110011011000110111100110001100001100111110110001100111000110011101100110000111000110110011001110000000011100011111100111111110001100000111100110011001100110001110100110000011101000110011111110001111000111000100100110000110110011101001111001
01111100001110011100000001100111001101000100111000110111111100110000111111001101110010011000000011110110001101100111000110111100011000111111111000111001100011100110111110000100111100000110011011100011010001100011111001111100110011100110011101000110111100000100011111110001101100011100011001111110011100011011100010010011111000110110001110001111100110
10000011001001101110000100011110011001110111001110011001110001100001110010001101011100111100110000110000001100011001101101100010010001101100001111110001111111000111100110011011011001110011110011111001011000000001111001001100111000100110011011000110111001101100110011101100110001100110001110010011011100011100111010011100011010001101100110011010001111
01111000110110111100011010001001110010011111001100100100000111011110001100000000110011001110011111000110010001111110011001100100001110010000010001101001100000011001100110010010010000111100111110001110000001111100110011011110001101101000111000110110010000111111011100110111001100111110011000111110000111011001101100111011100011001111000110011011011001
11100110001100111111001100101100000111001110100011001011000110111100110111010001101111111000110001100001100110000111011100100010011111001001101100111000101110011000111000111100111110011011110001111001100100000111100100110110011001110000111111110011100110011111100000110011011001100111000110011000011000111111110001110011000110011100110001101001111100
00111000111100111001101000111001110001011100000001111100100110110100011011110011011110011001100011111110000000001110011010001111111000111000111100111000011111001100110011101100000111000011110001110000011001100111011000101111100110001111100110110010000110011111001100110100001001000111110011100111011000001110011111000110111000011100110111110001101100
10011000110011100010110001111101100001111100011001111100001100110001100011000010001111000011000110100000011111110011001100011000000011110011011001100110001101110011011000001111100011001100000110011111100000011000100000111111100111010110011101100000100000111001100011100011000011101110011111100001110001011101100110010011001100001111000100111000110001
01101100011100001101001000011111011100101100011000001111110001110001101111000011110000001111000110110011010011111000001111011100100110011001000001111110011000111111110001100011000111110011001000111100011000111110001100101100000111111000110011001000111100110011111001100110011111000011100011001111110000110011000111001101100110011011100000100110011010
10001001100111000001111001110001100001110001000111000110100010011110000111000011000110000011100111000110110001011111001111001111100001110010011111100000110011111100111110110011001001001100111111111000011001101100101000110010000111001000110001111100000001100100011100011100011110001101011100011110011001100010110000011100110111000001111100110011111011
00011110010001111101000111100110110011000000111101100110011011001100110011000111000110100011100110011001101110001011011110110011011001110010000001100111111001100000110110001110011110010011001100110000011111100111110011011000001101100110011101001000000011111110000110110000000011110110101100110011000011111000110100000000111001100011110001111000001111
00110111000111111000110000111111001100011110011011011001000111110000001100110001100011111111001100100111110011000100110000000111100011011000001110000111110011001100100100110111100011001101110101100110011110011001100001111100111001101100110000110011110011001111000111001100110001110000001100111100111100000011011001111111001101100001111001111100011111
11010011000111100110010011110011001100011000110001111111001110001110001100000111000001001101100110001110010011100000000111100111100100110011000111100110001111000011000110000110001111100110001100111100011011101100111001110000001111110001111101000111001100011000111110011110110001111111100011001000110011010001111001110001101110001100111100110011101001
01100110010001011000110100000000001111111000111001100110011110000110011001001000001110011011011000110111100010000111010001111000110111000110011100110111001101000111110010011110011000100111010000110000011010001100010011001110001000000111110011011100011001000011100110011111100001111110110000010011000111100000110010010111001100111000110000011111001100
11110011011001100110110000111110000001100000011100011001111100011001100011100011100110110000100111100100011011001110000011111001101110000011111000110001101100110000001111110011000111011111000011001111000111001100011111001100110011100011100110010011001001011110000000111100110011001001001100110011111101100111000110110111000110000111111000111110100110
00110011011000011100110010011111101110000111000000111011100111001111100110001001000011100101100110110000001110100000001100011110110001100111000110000111100011000111100011001101000111111001101100110000111000111101100001100110011111001000001110011011001001011111100001100110011111100011011001101001111110011001000000011000011111000100101100011001111001
00111111000011111100011111001100010011000101101100001111100111001110011100100111000110011001111100111100111000110010000110000011000011001111100001100110111100000111110001001100100110111100001110011111001100101111001100111001100000111111000111100111000100011111011001110110000110011000111100010000011001100011001100000001110011011001110000111100111010
01110000000000000110001111100111001110111001110011001110001111100110010011001011000111100011110011100111111111100110010011111001100011000011111001110011111000110000110011111011001100000011100110001101100000111100011000101100010111111001100011100011001100110110001101110011010011111000011110011000111000110100011001110011001101100001111001001100110011
00110110011111100011100111100110011100001111100100110011001111111100001111110011001110001101101000001111110011101000000001111000001000111100110110000111100100111011000001110000111100110100011111011100001101100111111000111100011000110000110010000011110000110110000011111000011100110110011011111001100000011110001111100001001110011111000110110000110001
00011100110011111100110011001111000001111011110000101100011001101111111100001100111001101110000110011001111111100011011111001101100011100011111100110110000011110000010111100011001100110000011110001110001110011001110001111111110011100011010000011100011001100100011100011111111000011101100110000011111001110001101111001111100011100110000110011010001011
00111001000011000110110011011000110111100011010110011100100001110010110100011111100011100110011100000111011001100111010001100001111111110010011001000111111101100110011100001111110011001100000001000111111110011111001101000000011111001100000001111000111110001011011001110001111110011010010001100011011000011010011110001111111111001100110000110111001100
11110011011100011111000001011001001100000111100000110001111100110001110011001101110001100000111111000110001100110011111000000011001111000110111100011111001111001101111110001111000011110011000001111100110010010011111100000011100111100111001001101100100011011111000111100111100110110001111001101110000001100001111001111001100110001000011100110000110011
00111000110000111111100011100110011001110000110011100110011010001111110011001110001111110001100110011000111100110011001111110011001001111111001001000111111111100011100111000011001111100011111000110011001111111001001111110011001110011001000101100000011110001101111100110011001111100011000100111001110001101101101100010010111001100011110001000011001100
10111000011110011011111110011001111001110001111100111001100110001101110001110111011100110010001111100000011110001110011111000000011100111110011001110011011111000011100111111111000101110001101100110010000111000011100110110001101100110001111100011011000101100110000111001100111001100110000111111000110110011000110001100111110000011110001110011011001100
11110011001001001111110011000011110001111110000011111000011100111100110011111000001111000011101100111001111100011100110011111001110011100110001110001100110111001100000110000011110011100101110110011001111111110001100110110011110011001100011110001111000110001000111000111001110110110000111100110001001100100111000011100011001111110110001100001101100111
11100001111110001101111001110011000111110111001100001111100000111111001001110001101100011101000000111100100110111111100001110001100110111100110010000010111001111001100011011000110001111001100110011100111011100111110110011110011000010001111110011100110011111100001111001110011101110011001110110011001011000111111001100010011000011111111000111100001100
10011111001100100001110010110111000001100110011000110011000000011111100110001111100000111110011111000011001100000001110100010001110111110001100001110001100100001111001101101100001100011001111100011010001111000110100000110011111110001101100010110110011111100001000000001110010001111100001110000111000000011001100110010011000000001101100110110000011100
11100101100011000110011001100110110000010000011100110011100111001001000101100000111100011010011111101100111100111111100010001111110001110011011001000001111100110110001111001011011000001100110110111001100100110011001101110001100110001111000110001100110011000110110001011110011111100000000111001100100100110011100011111000110011001110001111100110001001
01100110000000111111011100110011100000111011001001101100011111000111001100011111100000110110001111001000111011110001100011100100110001110100000110111111001110000110110000111001111001100110011001111001100110011011001100000110110011001100100001111101100111001100111100011100111100001110001111100111011000011111111001111110011001110011001001110110001111
00101100110001110010111011001100111110000000111100110011111101001100001110011011001111110011000011001100111100111110000001100111111111000110111110011000011101100011001111100111000110011011110001110001110000110000100011001100110001110001111110010001100000111111100111000110001111001111100000111000110000011111001100111011011000100110111100000011100111
00111001001100111110000110001111001100001110111100111111100111000001111100111000110011001000110111001100011110000110000110001100111000011001110011100111100110001111100110011110001111110001100011100011001111100110010110111100111100111000100111001100111100111110000000110001101001100011101100111001101100110011101000001111110011011100110110110011001101
11100111000110100001110001100011100001100010110011000111100010011101001100110001101000110010110011100111111111001101111001100011001110000011111100111100111001110010001011111100110010011101111110011001111100000011100001111111001100111110001101001111011000110001100110010001111001001001101110011001101100111011110000011000110001111110000000011000100111
10111100011111100110011001100110100011100011111110011001100000111100000111101000110001100001110011001110011011000111001100001111001110000011000111001111010011000111110011000111100000110011000110011111100000011111100010110010011110000110110010001110111000110011100011001101100111000100011111100111100110010001001110011001111000011100011110011001110011
00100110110001111110011110011011001000011111011001110001110001111100110001101100000110011110011100001101110100110000111001000111000111001110000110011001011100101100001110001101110001101100110110010001110011111111000110011110010011100110000111001111100000111100000011001111001100110111100110111000011000111001101111001111000110011000111001110011100111
01100110011010011111000000111011100011110011011100111011001100011111000111111001100100111011100100001100110110011011110000011100110010100111001100110001111111100011010001100110011111000001111011111001100100011011100001110001001100111110001110011011110000111001111000000001111100011001001100001100111001111100011001101111100110000111111100011011000000
11110000110111000011011000111110011000100111001110001100100111110001100110010001110111100110010011110001101100001110110000111111000011100011111000110100001111100000010000001110011011001100001111100111110001110110001101100101110000011111000111001110011101111001001111110000000001110011001110000001110011001001000111100000001100011110110011000111111100
