01100111000111001000110011000010000001100110010010010110011000000110000110110110110110011011001100100110011011001000110011101001100111001001101100110000001100111011000110010011001100110111000110110011011100110110010010010011100011100110011001100001111100000110010110000110001100100110010000110110001110110110001100011110011101100110011101100100110010
11110010011001100011000111110001100100110001001100111000111010010001100101101110011110011001011001101100000011110001100011100111001100100110011001100011011001000110011011101001110011001001100101100111100111000110011001100110011101110110011110011000111000111000011000111011100110110011000001100110011110110111100001000111011011001101101110011100110011
10111110000100101110110011110011000111111001100011001011011000101000111100111100011110011100011000110011101000111001100011100110010011011001000110001100100111100111000100111001110011001100010011111001001110001001101101110011100110000111001100100110110111100110000110110001100100000110011100001111100011010001110001011111001011001100111001100100001100
00111000110011001100111000111000110011000110011110011100001100110010011011110011110000111100110010011001100110110010011110010011010011010010011001111001001001110100111000111110110010001100010011001011001110000011110000001110011100100011100111111000110011100001100100110010011001100011001001011011011000111001110001001110011001100111000100110011001100
00010001101000110011100001110010001101100110010010011000011001001100111001001100100110001110001100011111001001100110010011000001110011110001001001100100110011100011001101110011011001101100001100100011001100100110011011011010110001101101001100101100011001111011001100110001110010001101100110011001111001100111100101111001110011000101100101100111111001
10001101001000011011110010110011011001111000000110001100111001110000111001100110111001100100100000001111001001101100110011010011110001100011110001011001011100011001001001001100001110011100000110011000111011000111000110000110011110001110011100111001100110010110011010011000111100010111110011001101100001100110001100111100110011000011001101100001100011
00011011000001100001100110001011100100111000110000011001111001111100011100010001100101110110010011001100011001001001100110011100001110000011000110001100011001000110111001100111100110011100111001111001100011101100110000100110001100101000011000110011000010011001100100001100000100111100001111000110011001100001110100100110010011001011111000110000110001
10011000011000110000110011001111001101100110000001101100000101001111011000011100111011000111000011100111110100010000100110001110011001000111111000100011100001101100000110001101000100110001100110000001100110000110011110010110010011100011111001100111100110011000011000111000110011000100011001100010110110011001001111111011001100010000110010010011110010
01001100100011101100111011011000111000111101100110110001110001101100111100001111001100110000110001011001110100000111100110011000001100100000110110010010001110000010001101110000010011110000100011010011101100001101000110010011001110000111011001011000011011001100000000111000011001100110011000011110110001100111001011011100110000011100110000100111011000
11001111110011010011001110011100010010000111100110011110011100110110010000111110001110000011000011101101110000110010010011100110010001100011000110110000011010011000010011101100011001111100000001100100000111011100000011001100110110011111001110011001100100000110000011001100100110000001100110011001100110100011000110010011000011000111001110001110001001
00111100110011000110111000111110000011110000010011001111000110000001110011001100000110001100100110011100010011000100011001110000111111100110010011100111110000001001000101110100000011110011001000110011000110001110001100110011011001111000011000111000011100110001101100110011111100011010001000111001110000111100011010001110111100111000111001101011000011
10100110001100011100111110011001100001101100011001100110011100100110001100110001110011001001100111100011000110001110011000111001001101100010011110011111001100111000011001101100011001000011001110000110000110000111100111000011001001100111001101100001011111001011001101110001100001110000011100011111001100011001100101100001100000001001110011001001100000
01001100100100110010011110110001111001100111100111001001001001100000111100011100000100110011100010011000011000001110110011011001111010011001111100011100010000110111001111001100111000001100110011000110001100110110110100011100011100110011001110011100111000111100011001100110011100011011111011000110001100011011001100110011111110000100111011111000110001
10100100110011100110001111111010011100111100010010001100000011100110011001100110010011110111000110000111000110001110000110111110111000011100001100011100100110111001100111000110011001110000100100011100110001100111100011001100101100100111001100010000101111001101101101110111001100011001001101000011110011011100100110011100111110111110010010011100110011
01100000100011000001101110011100001110011110011011000011000011111000110100100111001111100011110011001101110110011001111100000011110011100000000111000110011101101100111000110011011000011000001100000111100010011001000011000110001110011001110110001111011100110011001110000100110000100110011011011000100011001001110011100111001001101001101100111100011001
11000011110001100011100000101111100111000000110010011100001110011000110001110011001100001011100110110000110010000110000110001000111110011101100011001110010011010011100011100110001110011001100110100001100011110011000011011000011000011111001100010011000001110001110010011001110000011100100101100100110000111011001111011110000110001100110011001100110011
00010011000010011001100111100011110011100011011000110011100100111011001101100011100100011000111011011010001110001101100111111001110111010011000110110011000010000100011011100011100111110110111001000110011001100000111110001001101110011000110011110010011000110010001100101101100110110000110011110001100010011001110000110110011011100011011000011011011001
10000011011000111001100001100100011001110000110000111100100101100100110001101000001110001110001100111010011110110010001111000011001100111000110011000111100001110100111100011001100110011101111010001110011000110010011100001100001110001110001000110011000100100111110111100011101100111001001110010011001100111000110110001100111111001001001111000001111110
01100110001000111000011001110000001111001101101110000111000110011100010011001101110011001000111001100110010010001110100110011100011001001101101110001100000110110011100001011001110010010100011010011011001001111110011001110011000111000001100111100011110011001100111100110010011001110110011100011100111011001111011111001100001001111000110001111001100000
11001110011011110011010100011110001100001101100101000111000011011000100011001111011011011000111011011000110011110001000011001101111000110100110110110001110011110000100110111100111100001011001100110000111110011000110010011100000110011011110001110001100111001110011000110010001011001100100110000101110001100111010100110100000110001100111000111100011011
11001100000100110010000010001100111000011100110001100000100011101100110100110110011101100001110001111011000110100110010111001100011000110111110011001100001100010011011000111110001011001001111100100110010011100001101100110001110010001100001101101101100011010011001011100110000011100011001111000011111000110110011001111011001100110000110011011100100110
10100111001001001100111100000110000110010011100001100111011100011000110110100011111001001100111001100001101100011000111001110110000111000011011100111000100011000011011001100110011001100011011110011001110010001110011110000111100111001111001100111000011001100110000010011111001101001101000010011100100011111000010001100111100111000101100110011101000111
11100011000011001000110011000111011001001100001111001100011011110011001000001100111110000111011001101111001100011110111001101100110011011100111001110011001100001100110111001100110001110011000111001100100110110011100111000100110001110010110110010001110110100100100110011110110010011100110000110000011110001110001100111000011000011100110011110110011110
11001101000110001100001000011011001001001101101100110100111001011111001100011100100110011100011011001110000011111111100100001000111001110001001100011111010011100110100011001000111110000110110001011011100010011110011110011001110001100110001101100110011101100111100111001101000111001000110011111001000110011001000111000011010001110000001101000110011110
00001100110010110110001100011001001000110000111011011110010011100100011110011011100110001011001100110011011011100111011001100100010011001001100001100110100100011001110011110011100011110011001100110000001101100011011011001100110011100110001101100011100101100100111000010011110001100110000110000011000111011100110001110000110011110010111001110001101110
00111110110111010110001001100111011001100000011011011000111110000001100100110111011001000110011011100111100110110011100110000100110011001111100001100101110011100011000010011001100110010011100110100100111000011001101101100110011011001111100110111100111011000001100011000100110000011001111000000011101100110011100111001111001100101111110000110011001111
00100011001111000110000011001011100000100111111011000001100100110011101000001001110100110011001101101001110111100001100111000000111000111000110110001110011100011001111001100010001100111000011100110001111001101100110011100011000110001100000011011000110110010001100001111001111001001100111001001110110111000111110011010011000011000011011100110011011001
00110011110000011011100001111000110100110110011011011001100011111000101101000110000011001100111101100110011101100110001110001100110110011100011000001100011100100011001100000100110001101101001001110000011111111000111000110010011000111001001001001011001101110011001101101111001110011111000110010011111011001011100110011100011100110001100110011011110001
10011000001101110000110111001011100111100001100100110111000011001100100011001110000011110001100001010011011011100110011000110011001110011100001011100111011001100110001111100110101100110001100101100011000110110000011000011001101101100110010011001110001101100100100110011100101110001111100111001100001001001111110011001110001000010101110110001100011011
11000001110011111100111110000110001100111001001100110110010111001101101100100001110000011110011000101100100111000110100011100100011100110011010001100110111000011001001101100000110111110011000111100110001110011000011101001111001100111100001100110110011100110010011000010010011000011111001111011000110001100110110000011001000110100110000011001100100110
11001100110010000000110011000011001101001100101100110001110010110000110110010110000111110010011100110110000110011001100001101001100110011100011100110100111000110010011010011010011000011110010011100111100111010001001001110010001100110000110100010111000011001111000111011001011001100011000001110111001101100110001011001111110011001100110011001100011100
11000001100110010011000011000110011000011100000001101111000110001110011000001110011000011001101101101100001100110110011011011001100111010001100001100101111000001001111101100011111001001100011100110110010011110000110110000110010000110110011011011011100000110011101100110110010011001011000100110001100001001110011001001110011011001001110001100110001110
00011110010110011011000010111001100111110000110010000010001110000110000001101101100011011001111010000110110001111100011001110000011001001001100011000011001111100011100111100000110110000010011110010110011001111000011100101100001100100100110000100011001001100011011001001101111100001001011011000011100011100111100110011000011100111011000011001100011001
11011100001001100011100100110010110011001101100110001100011001100101100101101100111111000011100011111001001100101000000110110010011110011010110000011100100010011100110000011000011001101001101100001110000011001100011111000011100010011100110011001101100110001101011100000110110011100111001001000110000110011011001001110110001110001100001101101100011001
01001111001100101100110111100111000110110011100110110011111111110100011001001100001101110001001100111111100111011011100111100111100110011000110011000110110001111001101100011100101110001001001001001100111000011110011011110111001101001100110001110111100000001100110011100110010011000001100011110011111001001101100011110011000011101111001100001111010011
01100101110000110010001111100111000111001100110011100001111000111100011000011011100011000111110011111000110001101101100111100010001110011101100011001101100110110001100110011000110011001100110100110110001110001101001101100110011100000111000110010010011001001001001111011100100111100111001101101101101001001100110000110001110001110011011000111100011100
11010010111100110011000000110001011000110111100011110001011100111000110000011011001111100111000111100110001100011011100001110111100110110000111001111100111001001100001110001110100011101110101001110001110011000011001100110011000110000111000110011100111111001101111011001010011001110011001101110011100110111100011100011001100110011001100110111001100001
11001001100011011100110001100100011000100101100011001001001111000110011000001111000110011001100110011001001110011100110001100011101100100111011000111001101101101100100110110110001110000001111100110110001111101001100100110011100001001100111110001100011100111000011001100110011001101110011110000001110011011011001100001100110010110011010011011100101111
11100010011110000110111111000011100110011001100001110101111100111001100110100110011101100110001111100110011001100111001110000111000110001110011011001100111010011000010011100110111110001110010011100110100011000110110110100101100111000110000111001100100110011100011011000111000011010110011000110011000011001100111100110001101111001101100110110011011100
10011010010011001001100101011011011001110011100000111001100110111000110011101100110011000111110000110011100100110011110001000110011100001100111100001101100110001100111100110001111001100111011000011100111110001110001111001011001011011100110011110001001110000111000011001101001110001110011100001110110011000011110011110011011110111001000111000111101100
11000110010001001101001101100110001101000011101100101000011000110001100011110011111000111100100110010001111001111111001110000101100100100011001111001100011111011001101001100000001101111001100011001110001110011001011001100110011100001110011011100000110110011100010111000110110110011001110000111001001111100111101100010001100110110110011001001101100010
11100110001101111001111000111001111001000110110010011011001101110011111001100111001100101100111001100010011000110000110010110010011101100001011001111110011010000011011100110001110011100000111001101110001100111001100001100011100011011100100110011000110011000111000011001101100100110011001100100001110000110011110011011110011011100011000111110001000111
11110011110110010011001100111010000100111001100011100001111001110100111000010111000110011010110011110011001001100111100011110011001001110011011001100001100110110111011001100110011001111011100011111001101110000011001100000011001001101111000011011011001101101001100010011011001100100110011100111001100001101110001110000100110011001100001101100110011110
00110001100110010011111100011000011100000011110001101110000110011001001001100111000110101100100001110001100111011000111100011011000011111000100011001001000110111000110110111000110100110001111001110000101101110011011000010001110100011001110000011111100100110011101000111100100110001101111100110011001101100111100110110011101111100001100010001011100100
10011100011110010000011000100110011110011001100110100110110110011011100110110001110111100111001000110011111001100100111110011011101101111001001100100100110011011100111100011011001100111110001101100111110011001011100110100111001100001111000110011001110110011011001101100001111000110011000100110100111000010011110011011000001111001001100011000011000111
00011011101001101001100011011100011001100101100111000001110000111001011000011011100111000110011100111011000010011110011100110000100111001111000110110010011100001100111111110011110000000011001101100011000011100011110011001100101100110000111110011000110011110000001110001100010001110001100111000011001001100011110010111000110000111110001111100110011110
00111000011101100100111100001101111000011011110011000000011110010110010011001001100011110110011000110011100111110011110001100110000000011100001111100011010011010010011000110011011111000111001001100001000101100110000110010011100011100111011000001100110111000110011110000010010011011110001100011001101000110011110000010011100111100011001000011011000111
00110011000000110000101100111000110011001110110010011001111110111001101100010011100110100110011001101110001110001101100110000010011001001100011000111001111000011001100111011111001101111100010011000111100110111100100110000110001110011001100111011100011001110011000011001001000100110110001100011001100110011001001101101001100001111001100110011011000110
01101001001001011101111000111100011001011100111100111000000110011001110001100110011100110110110011100110011001001110010011100110110011100110001101101110010011001100111110001100010011011101101100011001101111001110010110011100011011100111000001100111010011000011001100001001000110000111001110011100110110010110011001001111100100110111000110001100011110
10010001111001110001101100001111000110011000110110000111110000011001111001101100001101001101111001101100110110001100010011011000011111001111000110010001110110001100011011000111000100110011100011001101100001001001100110001111100111000110011001100111001011011000111110001101110011001110011100011110011000110011010110011001101111110011001100110011111001
00110011001100111001101100011011100110011001000011011000111001100001110011100111100011011000110001100000110011001100110011000111110100001100100100110001101110000001111011001101111001111001100100111001011001011001011001111001110001001100111110010011001101100110110011011100001100110001101100011011000111000110001110010011011001110110001101100000011010
00001001000011001101100010011000111100011011001100110011100110000001110011001100011001001101101000001111001000111001111011001100110100111001100011011001110110001100110110011111001011101000101111000101110011100100011100110011110001101110000111001100111100011001111001100110011101000000011001001101100001100011000111001110010000110011000011110011011011
01001100011110011000100110011100011011100111001100111001100110110001110011001110011011100110001111111000100001101110001110001110110011111100011110000110110011001110001001100110001111011001000110011100110110011001100110110110010001111100111101100110001101100110010011101110110001100010001011000110010011011001000110010011000001111100011011001111001100
01100011000001101110010010001100111001100110001110000110010011011100011010001100111000111001100110110001111001100111001111000100010110110011011101100110011100100111001100110110010010001101111001001100111100011011101001100000111100010110001100011011001100011001001100001101100110011100000110011000111110001100010110001100100110110011100011000111100110
11001011001100111011110001100011100110001110001100011011001100111011100100010011001001100011110011000111000011001101100100100111100011001010011001101100110100011100110001111001100110011000011101100111100110001110111000110110010001100111001100101101110011011111100110011011110001111100111100110010001100000111001110001111000011000111010011001100100111
10011001100110001100011111001101101100110110001111001110011100011001100001110000110011001100111001001110000111011100111110001100011110010000111000111000110011110011001001100111011000110111100011100001101001100011100011001001111001001110011000011000111000011000001100010111001001000111011111001111100111100111111110011100111000111100110110010001110010
10011100110000110011000110100011100010011110011100111100011001001100111111001100110011110011101101001110010000011001011001100111000011100001100100110100110011100010011000110100111110000111001100001001110001100011101101111000110000111000011001110001100100110011011011000011100111011000011001001100110011111100110011001111011001101001100001100110001011
11001100011001101110100011001110001100011000001001001101111001110011001110110011001001111001101110011100011011011100111001110011110001001101110011011001001110010011100110011110001110011011001101110001100001111100001111011100110110001101000111110011001110011100011000011001101110010011001000111101110001100001111010000110110011001100001101010000011001
10110001110110011001011011100010011000110000100110001101100111011001110000011001001100110110001100000001001110011011100110011001111001101101100001110011100110110011001110011001001110001110001111110010001100111000011011100111000100110001000111011001100111001100110111001101100011001001111100110110011011011011011000111001100110001100011100110011010001
01101100100111011111011110001101111001111000111100110010001110111001111001001100011100110001001101110001001001110000110100011110101110011011110001110011100111100111101100111001110001110110011001101100111001111001100001100001100001101001100101110011101011000011001110111001110100000111001100001100011100011100110000110111110001101100000100110110011010
11100110010011001110001100111100110011001001100010011001111110001011101100011111001110011001110110000111000010011011011110011100110000011111000111001101000110011000000111001100111100100110010011000110111000011101100110011100110011000110011000110011111011001110111000011111001110011100111000001011001001011000111011100100111001111011100001011000111111
11100110010001110000011001100011000110011011001110010011001110001100011100111001101100010011110110110011100001110011110011111000110100100110110110110100001100110100110110001100111000001110011001110000110001110011000111100110011001001101100111001101101000110001101110111100000110011100111001111001110011001101001101000111100110010011011100011111001100
11010001110110010000110011011000110111011001001000110011110110011010010001001100110011001110100010011011001110001001100110011111100011001110010110010011000011110001100110011001100000100110010001110010010011100001110010011011001101100100110000110011011011011001101110111100111000110000111001001101100000110001100001100110011001110011100110011100011110
11110000100111000011010011001100000000111000010010011110011100110011001110011000011110011110011100011011001100110001001001011100010001111110001100111100011100110000110011010011001110110111100110110000110001101100011111000000110011010011011110001101100001100100110010011001100100110010011001110001110011111001101110011001110011011001100011000111001011
11100100110011111000110111101110100111001000011001101110011000110000011110010111000101100111001110001110000110010001100101100001100110000111001011100011110001100110001101001101100001100011001100100111000011110010001111001001111001110011000111000110010110110001100001110011100110001000100110110011011100110011001001110010011001110010111000100011000011
11011010011110010010110011011001100110001100110001100011001100010011001011100110011001100100111000110100100111100011011001100011110011000011110001001101100010001100100001101110110010110001000110001100001100101101111101101100011110110011000111000011001101100110011111001111001100111001111001110100001100110001101111001101101101100011100100110001111100
00110010111001100110111001110110001101001100011001000110010110000011110011100110010011000011001110110011000110111001011110011001101101110010011010011001001100010011001111001100001011100111100101100110110001111001101100110011000110001101100110001101100111000100001110110111100001001110001100011001110010011001111100010110011100101110011100011001100101
10111000110111001101110001101110011000111100110100110110010001110010011010011000011100110011001100110011110001011100001100111100111000101100111000011001100011001100011100110011001110001110001100100010011000110001100110011001011000000110000011100111001110001101100101001110011001100000111100001100110100011001101100110010001110011000110010001101110011
10011011001001100110011100011001110001100011000001100110000110010011100111001100011000110011001100110011001100110011001100100111110001101111001100001111001111100110110010001111100010110011001111001000110000000110001110010011011001000000110110011001101011011001100011000110011001100010000100110011110011001001101100100001011011001101101100011000111001
11001111010010010100110010111100010011100001110011001001000111100110011001100100011011000111110001100011100111100011000011001101100110011000100110010010011110001101111000101100010011100001100111001100100110011001000011100011001101001101000110110011000111001100110001111111100110110010000110100110011110011001101100010111100001110011110001100111001110
10010010110011000110001100011100011100110000011001100111001010011001000011100111000110001110011000011011001100011001110001001110010011001011001100110011000110011100111001101100110011001100110011110001101111001000110110000100110011000110011001100110011001100110001100001100100011000110001110110011001000100011110000011001011100001111011101101100011000
01101111000111001001100110011011000011100001001100011001000111000111100111100110010011100001001111001100110000111011000010011011001100011001100011110001101100110011001101101101101100001110011001100011111000110011001100111111000111100011001110010011101110011000110110010011010011001011101100110011100001111000011001110011011000111001100100110110001100
01100011001110010001011110011000111100010011000011100110011101110011110010001100001110011101100111100110010011011001001100011100011001000011100100110011100011001111100110001100101001111100110101100111001110011111001111001100110010111001001100110010010011000110010011000001101100011001100110011010011001111100110110010000100110110011011100110000110000
01100110110011000100100111100111000110110000110011001100011110011000110010001001110010011011001111100111110011011011110011100001100110011100110010011001100110100111000110100111001100110011100011011001000110010001110111000110110011001101100010010011001110110001101100001100110100011001111001111000011011100011110011111001011100000011111100100110010110
10010001110001111000111100110011100111110000011011001100111001001110010011001100110011010110011001011000110000011001110110011000111001101100110000011001100110001001100101100111110011100100110011001111100110011001100111001100010011000001111010110001100110011100110011001000001100001111110011000111101101111001100101100111001101100011000011000011111110
10011011111001001100110000111000001100111100110011000110011001110011110011000110011010001100110100011100011100001100011011111001101001100100110011001100000110011001101000001100001110011000100110001001110011000111011000110000011100110110011010010001011001000011100100111001101100011110001110111000110000011100110011000101100100110000110001110011111011
01101100010111001100011000010110010110011011001001101111100111001101100011011110011110100110011100110001110011000110010110011001111100011001001000111100011001111000110011110011100001110001100001110011000110000110010011011001100001100100011000110100011001100111010011101110011001111110011110110000111001001110011001100110111000010001101100110011100000
01101101100101100111100100110110011001100111100001101100011011001110010011011001111001101100011001110000011011001110001001100110010110011001100110011100100101100111010011001100100110110011000011111001100111100100011001101100111000111111000011000011011011110011010001110110011001111001111100110110001100101101000110110001110011000110001100011001100011
00110011111001001111001100100110011001101111001100111000111001101001100111001000111100011011000011011001100100011000001100111001110001110111001100000110001001101100110001100110110011001110001100100110011100011001100101100110000011001101100110011011100011011100110110110110011100010001100110001100110110110000110001101100110011001001100111001000001100
01111000011011100110010000110011001111001100110011001100100100111100111000111111001001100100110011100110000110001100110011011100110001100101111001110001100101100110110011111001100110001100011011100111001011100110011000110000111001110000110010001100001110010010011001110111100111001001111110010011101110011000001000110011001100110001110010001100001100
10010011000111100111001001100110011001100100011011001100111001100100111001110011110001011001011100100011011000110101101101100111000111000110011100100111011000110001000011111011010001110001110011001100111001101101001001100110010001011100000110001001101000011110001101100011100010110110001110011011001110011110001100110011001110011010001100101100111000
00110100011100100100111001110000011100011101100111111100100100110011001100110010011011000111011001101101110001110001000011000111001100011000110110001100101111000110001100110010011001001110001100100110000110110001100011001101100111001111000110001100100111100011111001111011100000110011100001101100110011001001100110001110011000111100111011100110011001
00110011001100011001110010011010001101001100001100011000110011000011011110001100010010011000000110000110011000011101101100011001100111000110110011000110011110001100110001111011001110011100110000011000110001101011001100011001110011101000111001100111001011001100111110000111100011000011001100010010011001100110000011011100011011001101100110011110001100
01100110010011001000111001100000011001001011001101110011011010011001001100000110001110011101001100110011001110001101100011001110011111100011011001001101001100111000000011001110011110001100001111000011000110011100011001100111100011111001110100110010001101100110111000110110011101001001001111000110011110001101001001101000111001100011001001110001101000
11000111001110001001100110011001100111000011100111100111100011001100100111000110110011000011000100111000011001100110010011001110001100010001110011000110011101100111000110001101110110011110011001110011011100011011001100110001111000110011001000100110100000111000000111110011001110011000100111000110011100010000001110001100011000111000001110000100110011
00101001011001100100111001001100110001011100110001111001100100110001000010011010011001100010010110001110001101110011100110001100111001100110011011011001111000110011000110100001100110001100100110011001111001100100111000110001111011011011000111001100111001100100110001100100110011100011100110010001100111001100111011100011010011100111001100110111100011
00110100111111001100011011011000111010011101110011011011100001110010001101100111001101110011000100000111001110011101100110000110011100111110010001100110110000111001110011100000111000001100000010011110011001100110111100110011100011011000011001111000110110011001111110001100101100111011000110001100001100111001111001100110001000110011001001110110011000
01100110011001101100000111000111001100101100111001100111110011001001100011011001100110011000000100001100001110011001110011001100100110011001100110011100110111001100110011100110011001001101110001111000110011100111001111001100001110010011111001110000110010001110011100111111000110000001100101110001101100110011100100001110001011001100110000011100110111
11011001000101110011100010110011100100111000110001110011110001100111001100100110011000111000110100010011011001101000011001110100111001100111100111001100011100110110001101100110100100110011001110011100011001011000001100111100011011001001001111011001111001101100000110110011001110111000110100111011011000110001000110011001110000101110011000011111100011
10100011100011001100110111000011001001100100011000110110011001101001110010011100110000111100110110000001101100110011010011001101110100110001110011001100000111111101001110001100111001001100011000111100011110010011001011100111110001100110011100110000011001111001100110010001100110011000110011000111001100011011100111000111000111001100110010111110011011
01111100110010011100100001110001001101110001100001100110010011100011101000110011100111000111000111001100111001100011101101001100100001100110000111001001101001100101111100101110000001100001100000110011000111000111000111100110110100010001100110001100110011001000111001110011010011011001111001110000110010110001011001001101001110011101111001100011010001
11100110110011101011110110001110000110110110011110100110011001001100110011000100110010010010110011100110011000110011000011011100110011000110011100110111000001110111001100111011000100111100010011001110011000110010011011000011000100111100111000111100110110010111100100111110011000110011000011100111110000110100100110000111110001100110000001101100111100
01110001001100100111100001101100110011010110010110100011001001110001011000110010011100011001100010110011100000000111101100101100110000110101101110011001000100110011000110011001011001111100011001000111000011001100110011001001100011000110000011000110001101001101100100111110011001100101100001000110011110101100010011010011011000101000110011001100001100
01110001111001010011001000110011001100011100100110011001100000110011001011010011100001110000110100111001100100011001110011000011100000110111000010011100011111100110100111010001011011000110011011001111000011001100100111111001100110010011000110011001100011001001110011001100011110000110011011001110011100101101101110011001110000111001100011111001100100
11100111011000110111001101100011111001100011001001101001001001001100100010110011001110011001001111001111000111000110011100011001100110100110001101100111001110011001100011100100100110011100011110001100011001001100011001100011001001100011001001110000100011000110011001111101100110010001110011000111000110011001110000111011100110011000110010001100011001
11011001110000110110011001111000110011001110010001111100110011011001100001001000011000111001100110000110010001100011111001101100011001101100100001110001101100001100111110011011110011011001100011001000011000110010111100110011000110001110011001100110010001111000001111001110100100110011001100011001000111001001110000111000100111110011001100110000110011
01111001100011100001100110111001100011001100110001011111100001110011001111000011000110011011001111101000110011011100011100010011101100110110111000111000011000011110011100001100001001001100101001100110011110001110001110000111110011101001101100110001100110000110001110011011001001100110111100011000110011100100110011100000111001101101100101101100111001
01110011011001010010011001100110011100011011011011100001011001111001111001110001100100110011100110111100110100011001001011110011000111000100111000001011001000010011000110011100111011100010011100110011101001000011011000111000110011001001000011111000011101100100110010001110110011001101100001100010010011000110111000001000110011010011100110110100111001
01100110011110001100010011001100001101101110001110010011001100010011000100100111001100110010001100011011001100110011001001111111000100110011000110011100110010011011001000110110001100110001100111000011001001110110011001110010010001001110011100111001100101100011100000010010000100110011110011100011011011001100011011000101100110011001101110110010010011
00011001011100110011100010011000011110011001100110010011110011001101100110110011001100111001001110010011110011100110110000110011000111001000011001111110001110011010010011001110011011011011100011110011010110011110010110001011000110011100110001110110011011000100010110011001111100010011011001110110001111011001101100111000110011100011001100000110000100
11000111001100100001110010011001100111001111001110001100100110001110001101100110110011011001100001101100111111000100100110011110110110100011110001110010010001011100110011100010011000011101000110111100110000110001100011011001100000011100001110011011000010001100100111001110001110000110001100100001100011000110011111000001100100110010110111110001001110
11000100110011001001100111001100011001111010011001000011110110001001101100100110000110001100111001100110110001100100110011100011110011110001100110110011000110011100110010011001001100110011101111001001100110011001110011100111001001101101000010011000011011001110011100111100111000110001101001100110010110001100110110011000011001100110110001001110001100
01100010011001111001100010000111001100110010011100011011001100000110001101100011011100111111001110110000110110011001100000101100111110011100010000110011001111000010011010110001100110001111000111111001110001101001100001100111111100010011100110011000111100001100110001111000110011001101100110000111001001111001100110001100111100000110011100110110110110
11001100100110010011011001101111100010011001001100010110001100100100110011011001100001001101011001111000110011111001101100110000110010001001100100110011000110000011001110000111000000110011001001100110011001110001100100011100011001100100001011001000010011100110111101100111001000111101100011100001100111110010011110011001001111100110011000111000001100
01100110100011001100100110110001011110011001100111100100110001110010111001001100011100110011001100100011001001100100011011001000011100011000110110010111001111001100001100100011001101100001110011001100010011011100111001000110010011001100110011011110010110001000110011001000110110001110001000111001110011001001110011100001011000111001100110010001100011
00110011001110010110100011100110011010011011001110110011001110001111011000000111001100111100011010011100110010111000001100110000110110110011100110010011000100111001011001101001011100110001100111000110001100010001100011001000011001100110010011001011100001100110011011011001100111100100110000110001110001001001100011100110011000111001111000110011001001
01110010110011000110110001100111100011100011001110011011011000001110000111011001100110110001100001001001001101100001101111101001001101100110001111001110000100110000110011100110011001100110011001111011001001100110000110011001110001110001100100111000111000111001001001100001100111100011001110100100110011110110011001101001100110110011100110001001100011
01100110011000110110010011000011100110001110110011000010011000001100110110110000011001100110011000001101011100001001110001111100100110001100001001111001110000010011111000111001101100011001001100111001100011000111001100100100111001100100111100111000110001100100001110011110000110000010110011000110010110011011001110011000011001011001100100011011000110
01111001101101100011110001100110010100100110001110100110110111001100111000001100110110110110011110110011001001100100011000010001110011110001001100111100000110011101100000000001100111111000011001100101100111000101101100001100011001101111101001100100100001100111110110001100111000111101110011001101100101101101110011011001100110011001110011011001100111
10011000100011011001110011001100100110100111001001100010001111000101100011000011111001100011100001100111110011100110000111110001100110011001110110001100001100110110011110011001101100111001111001100001001101001101100111101111001000011000110000011001001111000110000100100100010010110011111001000111000101100100011001110110011000110110000100110110010001
01100100011100111010110011001101110011000011001100100111101101100111000100111100111011011011011001101101101110000110011010011100111100110100010011000110011001100110001110011001111001111100100100110100100011100111011001001101101110011110011001011011101000001101011000001100110011001101001101100011100000000011011001100110001000001110011100011100000111
01101000011011001110100011101100111100001111001100001100011100111001101001111100111000110001100111000011000001111001111100100011000001101110110011001100101100110010001100011001001110001100110100100111001110000011000100011001100110110011001101100011001101100110111001101000111110010110010011011001110110011001101101001101001001001000111000110011011001
11001001101100110011100111100011110010010111010001110011101100001101100110000110010000110000100111100110110111011001100100001100010010110011001111001100001110011001110001100110000111001001110011000111100110000010010011011000000011010011001001001111001101100001101100000110001011000111100001100100111101111100100110111100011011001100100011100110110000
10000011110010010110011110010000110011001001110011110011110000010011110011011100011110110001100110011001001100011011001100011001011000011001110011011001001011001110000110110001110010011001100110001100011011001110011001111001100100000001100010010001110111000011011001111000001111001111000100110000111001100011111000110011001110010111001110001101110011
11000111001001100100001101011000011001110001100110011000011100011001100110011110111110011000111000000011000011001100010000111111100001110001110000011001111100100011000110011111011101100111100011000111110011110011000010010111001100110111110110011101001111111100100011010011000001111100001000111001101101101100110110011001100100110010010010011100110000
11110000111101100010110011011100011100111100110001101001111000000110011001001100111100000011000110110100100111001111000110000011100110001100011100010110010011001011001100110000111100011001100110100110010110000110110000110001000111000010011000110010011011001011100100111111100110001111100011001110000001100001101001100001100100011011100001110011001110
01111001111110001000011100111001111100111000011100110100011001001110011111000111100001110110001101101100001110000011100011011001000011101001110001100101100011001110001101001101100011111100111000111111100110001011001100101100101100110001101001100110110000110001001110111001100000100110011100000100011101110111000100110011001011111100000101100100111000
11100100111110011011001000111000011110110011100011101111100001110001011001100001110010111001001100100110001100111000100001110110111001101000011001100011100010110001100111011110100110001100100111110011100110010111010011100110000110011011001100110010011100111001010000110011001001111100001110111000011100011001001110001100110111000100111100110000001110
00001100111000011001101100100010011111001101100110110011001110000011110001101101110011001001110011001101100111100111001011100011100010010011011000011011100100111011001001011001001100011001101111001100001111001110011000111100001001101000111100110110100111001101001000011000110011011001001011001100100001101000111110011010010000011000101100110010000111
00000011011100011001100110011100100011111001100110011100111100110100011111001010011111000111001100100001110111110011000011100110001100011001100001000001100110000011111001100111011000001110011000001100110110001111100110000011001000101100001100010011100110110011101001111100111000111010011100110011001100111001011100111001110011100110011100011100110011
00001101100100110000110001101111000011100100110010001111100110011011011100100110011001100001111000011110001111001111001111100110011001111001101100001100100011100110011001100001100110111000000011001100011100110011110011000100100011001100110010011100110011110011001011100101100100011011011000000011000111000011100110011001100100110011100011001100111010
11001001100111000011000011111101100011001001101001101100001100100110000110011001111011001000110011001110000100110011000110111100100110111001001100100110111110011011001110001100110011001100111001100110010110011000000110000111001110110100110011001110011100110011000011100100100001100111101001100101100100111100010001001110110111000111001111001011001100
00001100110001101001000001100110011001001001111000110011001111111000001001100111100001110001001100110001100110011000001101100110001100101001100110000110110001011000111001001001110000111001111111000000100110001100100010110011001100110001100001001101100110000110000011101000111100001101110000011001011101101100000110001011011001100110010011001100011000
01101001111100001100011100111100111001001100000011001100111000110011110001100010011001000111011001111001111011000110010111001110000100110011111111000011001100101110010110011000011001000011011001100100111000101110001100110001100110100110110111111001100111000111100000111001100100001100111010011010011110000110000111001110110010110001100101100001100011
11000100100011001111001011001101001100111100001000011100000110001100110001110011001111110110010011110000010110011011001000011001110101110011011100111100011111001100110010011010001111000001110001001101001011110110010011001001100100111110000111010001001101001100110001100001001100010111110001110110011001100111100100000110011101001100110011101100110110
10000000001100110011110000110011100110011011001111000011111000111111001001001100001111100011110011110010010111000011001110010010010011001001001011100100001000110110010011001100110111000111100000111011001100110011001111011001001100100010011111011111001100011001001100100100100110110000001001110010110000111100001111001001110001101100110011001100110011
10010011111001100001100010011011100000111011000011110001110100110011011001100111100011101100011001110001101100000011000011011000011100001100000111001101001101110001100110110110110011110011001011001110001111000110010011001001001111000110011001111100110011001110001100101100010011100110001100110110011001100100110010011110010001101100010011001110011011
00001100110110010110011001100111110011110010011001110011000110000111000011010000110011001100111100100111001001100100110001100110000011110001110000110011100110111101100010100111000011001100101110011100001101110000100110011011110011111001000100110100010011001110000100100111010011001111001101100001100101111100010011001100100110001100110001110011110111
11001100110011001101110000110011001110001100110001100011011100011010001000110011001000011101100011011111000011011101101001100111001000011111001111011001100111000011000011001100110110011001100001101101100110100011001110011001100011111001100100011100100111001011001101100100110111100011110011001111000011010001001110011100011011111000011001011001111111
00001100110100111100011110000110011100011110010011100110011111100001100001101101100011110000011001001100110000111011001001011100100101110001110001001110001100000110011001100011000110011111000011111100010011100111001100111111100111100000001001111001000111100110010011000110001000001100110011011000111010001100110110110011001100111001110010011001110010
00100011000011111111001110011001110001111100011000011110111110001101100110011001001100001100100111001110010011100110010011011000010011000100011111110010001101101100011100110011110011001111011001100000111110011111110001100011101100111001100111001110001100110010110000111001110011011011001001100111100011011001111001001110100111111111110010011000011110
10001001100111000000000010011001001001000111001100110001100001100111001100010011000111111000010010010000111110011100100011110011001000111000100110110011000110011100111100110011001100001100010001100011000110010011001110011101111001110010000110000011000100010001100100110000011110001111011001100011101100100110001100111000101100110001100001000011101000
00111100110010001110100100100000110110000001110000111000110011110011011000100111100101100001110110010010011010011001100010011100001000110110011100111110010110010000100101111000011100001100001100101100011100101100100111000110011100000111000100001111011001001001000101101100011011000111001111000100001100110011001100111001111001101111000011001100100011
00000110110010001101001001111001101100001101000011100101110010010001011001100100110001110000111001100110010011000001100011001111101100011000100001100100101100010001100110000011010001111000001100000011001100010000111000000110011110111100001000011010010011001110111100100100111001000111100011001001110011111100011000110011001000100100110011011001001110
11110010000111001000101100110011001100110110000100111110011000111101100110011011000010110110000110011000100111100011001000001110111001001100011001111011100110110001100111001111110110011001101001101110011001100010011101100011001100111010011000011000111100110011000111100011001101100100111000001100001110011100010001001101100000111111000111011011000000
00111110011111001101100110011000110011110011100111100110000011010001011101100001100110000111100101110001100100011000001001110011110011110011110011111000110010000001100000111000110001111000110110000011001101100001100011001100101101100001100110110011001001011000011100000101110010011011101001100100011100110010110000001000111001100101100100111001100100
10000001100111010011001000111000101110110011000110111110000111110010110000011001001100110011101000011011100110110110000011100000000000000110000110111001100110011100011000111010010011100111100100011000000011001111011011000110010011110011000011011100100001100110000011110100111011100110001111001100000110010011000011011011000111000100101000011100111000
11001111010011001100001000111100011111100111001110011110111001100100110001110001111000011110011100101001100011100110011110011001100100110010011100011100101111001100110110001111100110010011001001101110111110010011000001101111100001110000011001001011110011001100111001001001100001110011011100111011000111100011000110011100110001111000001100011011100011
11000111100010110110011110011100111000011001100011101101100111101101101100110011000001111110011001100111111000011001001001110000100101100110011001110011101100010011011110001100111001100110010111001100110011001111000111001110000110011100011110010011001100111001101000111001110011011100001100100011001001001100000101100100110011010000011110011110011110
10010000110010000111100111100101100110111000011000111001110010000000110110110001100110000011011001111000100011001100011001100111000110110111000000111100011010011100000110000001110011100111100001100011110011000111100001100110011011001110011001100100011110011010001110100110000110011111010011010010000011100110011001100100110011111001110011011001110011
01001101100011100000101100110101110100110001100010111101110011001000101100111001100000111000110011000110110001111110001110010110010011101101111100100111000110000100001110001001011110000111001110001001101100110110110011001110011100110011100000111110001110001110011110011111100001110011000110011000001100100001101100110011001111100000111001101110001110
11100110011100100110110000010010011001110000111011101100001100011000011001110101100100111100000110000110110001100000101110101100110010001111000001001001100100110010001011011110011111001110110010110011100110100011000111011100011101000111100111001100110000010011001100001011001111111001110000111000100111110011100100000011000000111010011100010011001101
11100111000111001000111000111110001000011011001100011101001011000011110011100100111001100110000001110011000111001111000101110011000001110011001100111000100110001111110001100110011011001110001100011011101000101100111100110000010011011011100111100100100110011001011100011011100101100100100110011101100011000111100001111001001100110011000001001110011110
00110001110100110010110010011100000110001100001111001111000110111100011110000110110000011010110011100110011001100011001110000111100111110100110001001100110010110010011100000111110011001111000011100110011011001111100011001100110010001100111010011100110011100000110011100111110010011110011000001110011001001001000110011111001110011001101000110011100100
10111011100001100000011000011010001110000100101110000111000111100111111001001101100001111001100111000011000110111001110001101100110011001001110000110001110011011000011001101001101001110000000111100111011001111001110100110100110110011001100011011001100011001111001101100001001000110110001110011110010010011100100001110110110010001100111011110011100110
00111100110001111001001100111111111101100110011000110000011100000110001101100110100011000110001100001110000110011000111001100011000111000111100001100111000111000111101010011001000110010011011001000110011100001100000110011100011100011100101100011111100110111100111110100111001001000001100100110001011001000111001110110001100111110011000111011011001000
11101100001110011001100011000111101100001110011001011001101000111001100011100110111001001100111001001001110010001101101101100011110010110011100110010000111110000100000111001001100100110010001110001100111100011000110010000111110010001101001110000100011001100100111011000111100100011101100011100011001100110010001100100110000111100110010011011001001111
00100011111100001100100100011100010111000001101011001100101001100111101101100111110000110011001100011011100011100110011000110010111010011011110100100110001100111001000111110011100100001101100111011100111001100011001100001110001100110011001100100011000011001000100111001110100100110011001101100011110110010000011100110011001110011011100111001100111101
00001101100011111100010001100010011100111000111001100110011100100110001110001100110011111001101110001100110110000110111110000110011011011000111100100110011011011001101100100110110011010000110110110011100001100111100000111000111000011001001100000011001001101011101001100110111100100001110110011010000110010010000011110110010010011001110000110010011011
10001100000111001110011100001101100111000110011100100011000011110000111001110011001100110000111000011100101100110010001110110011110011000110110011001000001111000111111000000110100110010110001110011000111011110010110011000000111001111000011100110001011000111000111100110010111000100110010111100110110001111011001110011001110011110001110000110011011111
00110100001110011111001100111100010011011110000011100011001111110011001111000111000111001111000011000011001110110000100100110001110011011001100110001111100010011110010011000110000110111110111000010110001100110000110010110000110111000011100011011001110010001100111111100011001001110010000111100100110100000111010000110111001001001100001101101111100110
01101100110011001101100011100011011100000010010011001001100100100111000110011100110110010011001111001111011100000110110011001110010011001111001100110001111001110100111100110001101100111100100110000100110011001111001100001101100110011011100001111100110100110011001101011100101100010111000101100110011100011001001111001100111110110010011000001110001101
00011011101110001101100110100110110011110010011100001111100011100001011000011011001100110011100111100111010001100100100011011000111100110011001100011101000100110110011001100111001101101100110011001101000011001100011000110011010011001101100001101110010010011011110000110011000110110000110011110011100110111100000111001100110000110011001100110001011101
01001100100011111001100000001101001100110110001110011101110000110011110011100001110110110110000110110110100000010011101001110001100010001100000110001100011110011011001100011100111100011111100011011011000010011100110010010011001100100011001100011111001101111000110110110000110111100001111111000011100011101000110011010110011001100110011011001101110011
10001111001100100011001110011011101001100110111001110000000100110010100110011110010110001100011100110000011110011001100100110110011001101110000110000110010000001100100111100011100111100110010110111000011011000110001100000111001111000011000001110010010010000000011111001100111100011110110011000111110100011110100010011111001101110001001001100001100110
00001111001001111111011001001110011100000110000011001110110000100110100100110000111011001101101100110100100110011110110010000110010001110011100110000110001110011001101110011111000100011111011001100011110001100011110001110010010000001110110110010001000101101101100110111110000001001101110010011000000111010011011110110000110011011100110011000111011001
00011000001110000110000110001100011011001101110100110111111111001110001101000111100001100100001110011001110001111000001100110001011001101001101110011100111001111101100011011001011100110110011100101100110001110011001100101100111011000010011111001111011000011001111000011000110001101100110110011000111100111001100110010110110001100000001100011001011110
00011001101110110011100011011001101100111001111110001111100011100100111111000100011001110010010011111100010010001001001101001111010011000000110011100110110011111000001110000001111100111110010001100111000011001100110110011001001110010001101110010110100111000011100110010011101000110011001100110000111011001001111100101110000011110000111001100110010011
11100110000011000001110111110001110001110010011100110011000110001100011001111110011001100011000110011011100110100011100000110011001001111000110011100000111000111111101111001101000100011100100110010001100100111110010001111100101100010000110010011011101001001100110111000000111110011110010001110000111001001110011100110000111001001110001100111011001100
10000111001110000111111001000110011010011101110000100110001011001100001100010001110000100111100000111110011011011000100011011011001100001110110001000110110001101100001001011101001110001110110000110011110011101111100011001001100011110001011100111110000110000110001001100101100111001100110000111111000110011001100111001100111001101100110011100110110010
10011001100110000010011000110001100001101101000001101100110011001001110100111110000011000001100001100110010001110011100110111000110011110011110001110011100010000011000001000110000011001100100111001110011100100110111101111100110001001001001110000011011001100101100111011000001011100111101001111100111000110100011001001100001100110000011100111001001110
11001100011110011000011111100011101100111001100011100100111001100111001001100111010000110010011110000100011100110011011000111000110110011111100011110000110100110011001111001100001100111000100011001110000100110001110001001110001111001110110011100110001101111001100001101111100000110010001111011000011001101001100110000110001100110011000111011001100111
00111110011110011111010000001111111000010110010000110111110110000011011001100000110011100111111110010011100111100110110011000110001110110000111111100110001100110000011100110001111000111011010001001100110011001101110001101100011001100110001100110111001100011001100101001100110110011001101111001101100000011110011001110010011011001100111011000001001100
11001111000111001100100110011100110000111001100110011000110011010011011001001000111100110001001011001001001100100100011101111001001101000100110111011111001111000011101100111100110111000001101100110011101000110110011011111001100100110001110011111001001011100100011001101110011001100110110011100110011001111000110011100010001110000011000110011000110011
10111001001100111011001001101001100110000011010011000110011001110011000001000011001100001100111000011001110011001110110111001001001100111111001111100111001111011001011000001101100000110011110011001100111101100110110100111001001001100010100111110011001011001110000111100001111110000000110010011011000110011001001100010011011011000110011011001101100110
11000011110001100100110000110011111000111000110001100110010010000111001100110000000110011011011110000100110011001111001101100010110001110100100110011001100111001001100110111110000110111100100110110001100111100100011100010011001110110011111001101011001110000110000001111000111001100110000111100001111001111000111100011001011100011100110010011001110010
11100001011001100111001100110110010011001110100100110011110001100100011000011000111000000110100111000001100101100110000110100111000011011000110011001110000110011111100110010111000000111001001100000011001100101111001100001001011001000110010001111000111001011100011001100011011001100110011100011000100110111110011011100111100011100110011001000011110011
00110011110011100011100100100011001001110011111001100011011011000011001100001110000110000110010011011001100001000111011001000111110010011101101100111100101001100100111000101110110000110110011110001001100110001100111001111100110011100001000111000110010011011001100011100110011001000000011000110011011001100110001111100111100011100000110001100100110001
10011111000001110011100111000001100111000100111010001001011110001110011110010000111100111100011001111000000000110000000011110011001011100111100110111100100101100110001100100111101100011100110011001001110001100011011011001100111100001110001100110011001100000111000100011100111011001100110011001110110110000000111100100010011001100110001111001011100011
00011100001100110011001100011000011001100111000001111001110100110000111001110011000001100110011000110000111011100111001110011011001001101110000010011011011001111001110110010011001100100111001100011100001001100100100110011000001110011100001110100011011000011001101100110110000001110011001111001001100111001110100110011111000011110001110010010011001011
11000100111011101100011011000011111101101001110011000111100011100110010000110001101110001111100011001100001100111101101101101100011000001111101000110011000111101100011001110001100110010011000110001100011011000111000010101110100001110000111100001100110011001100110000011001101001100011001001100110010001100011001100110010000111000011100011011011001000
11001100001101100100111100000110011001011100001111000011110011110100111011000001111011101100011110011111001100110111100001000111011010011001110111000101001100111100010001100111110011111001100011100100110010001100100111000110001100100011001100100001100101100111000111111000010011101100100111001100110011111001001110010011010001100011101100110011011001
00100110011001110010011001100100011110000110111000011001100100001011001111110011000110110011110011011100011110011000000110000110111100110011001100011001000110011000110011110010110101110110001110010111000010011100011001011101000111001101011001101101101100011001111001001100111100110001110011100001101001001011001100011001100110100001100011100001111100
01100110010110011000011101100000011001111000100110100111001001100011001101110110001100110111000011100110010011001001100110111100011110111100011110001110011001100100110010110001100111000111001110001100110110001001100011110011000001100011100001110011100011111000111001100110011000111100100111001100011100110010111001111011001110110010011111001111111011
10011001101111011011011001110001001111000100100111011001001001101100100111101100110111000001111100011001110011100011001100110000011100111001110001001100111100011011011001001110110011011000111100111100111100100100110111011001100100110110011100110011001100011001111001111001100110001101100100110110010011100110001100111010011001100110111001100111100110
00011100011010110011011000110001111011100011001011001100110011100011110011001100100110010010101100110001111000111000011000111100111000011001101110011111001100110111110011100111011001111000110111110110011000011001101100000011011100110000110011111001100110110011001110010001100110011000110010010011011001110001100011111001000111001100110110011100110011
00011001111001100011100011110011001100100110000110110011100111001100111000011001100110011000111100110110111110011000110111000011011000111001110110110000111100110011111000011001101100011100010001101101101001100110110110011001100001110011000101110001100111110110110000011001100111000110110001111000011001111000101110001100001110011011001100011000110110
11011000011001011001101110011001110010001100110111010011100111001100100110011001100011110000111010011100110111000100011001101101110001001001101100110000111001100011100111000000011011001100111100010110111001111001100011111001011001100011011000101100110010011101100010011011100111100111001011011110010001110111100011110001100010110100110011011000110101
01100110010011000110100011010011111011001100011011001110011000011011111001111000110110110001110000001100111001111000110011111001100001110011110110000110001101100110011000110000010111001111111001100011100110010011100010110111001100100111011011111001100100110001110110111110011111001111111000110011001011110000011100011011001100111000011001111011100110
11011100011000100001110001001100011001101100001111101101100111100111001101110011001011100111100011011110010011001100011110001101101100100110011110011000110101100001001100100110011100110011001011000010110001100111100110111100011100100111101100110001111000110100110011000111000110110100110110110011001111110011100110010010010001110100011000110001110000
10001101000111100111001011001111001100011110011101101001110001100001100010110010011000011000100111111100111000000011000110011100111110011001001100001100100011001001100011100110111110000110111110001100001100011011011000110000100110001110011010110011010110110011001110011100010001101100010011001011111011111001100110011011001100000111110001100011110011
01110011001110011110111001100110001100011001001011001001001110011001111000001100011100110111100110100110110011110001100011101110011000111000100110100110110011011100110011011101001100110011001101101100011000011100110011001011011000010111001001100110000011011001101100111110001100110001111001100111001000111100011000110001100011001000111111011001100110
11001101100101110101100110001100011110001101001100010011110001101100111110001101110010010011001001100011001011000001001101101100011101100011110011010011110011011011100110010100100110011100111001101001101101111100111100110010011001100110010110011111100110011001111111110110010011000110111101001100110011100110011100011000111110010011100110000110110001
10011110001101101100010001100001100111001110100000110001100010011001110010011111001111110011011001011000111110001001101001110011011111011100011011100011100100000110001111001110011110110011000111100111011001100110111000011001001001101110011001100110111100111110011001111000110111110011011000110011100011110011000011001100111011100110011100011111001101
11100110001110011001101100010110011000110111001000000111110011001111100111010011100011001111000110000110110001100111000011000110111000111100111001001100011111001100110110011001100110011001110010011100111001101111001110011001001101100110111001100011110111100011001101100110011000111111011000111001100100001100110011100110101101110001100101101100110100
00100111100110110011100011001110111110001100010110001110010001101100110111000110110001001100111000110110011000011011110011100111001111001011001100010011001100110011011011000111001100110011001100110010011011011000110010011100010011001110011001110000111100110101110011000111001111100110011001110011011100011001011000110011001110001110011001100001101111
11000001111001011100011001100001001100011100110001001110011111001001000111111001100110110011001110011011100011001100011110011100111001001110011011001011111000011011100111011000000011100110000001100110011001111111001100011111100011001100101111100001100110001111001100110010010010010000110011001100001101100111001111000110110011010011001110011111100110
00100110011001101101110011001001110011110011100111001111001100001111001100110101101111000111110111011001110111001101100100110110010011001110011001100111001101110000111111001110110100100110110010011100110000110001110110010011100110001111100101100001110011000110001110000110011110001101100011001001011011001100111000110011000110001100110001101111011000
00110001100101100110011000111000110111001110000110011111000000110110011110011111001111100110011100100001111100110001001001100011100111111000110001001111001111110010011100110001101101101110001110110010011000110110001111001100010110001000111001100110100011001100001001100111000110000110011001001001101101110011100110110011000011000010011000011001011111
11000011011100110110100100000011100011000100100001011011100110000011110011001100011101111000111001100111000111000110011001001011100110011000101110011100011001001100011000110011110110111001100100111001100110001100111100011100110011100110000011100111100110011100011000011001100111100110110010010001100011111100100110000110011001110011011011001100111110
10110011011100111000010010010111100110111100100001110111110000111110011001100111100110111111001111001100110011100110000100111110000011001111001100110001100100000110001111001111001001001011001111100110011100110110011000100111111000110001100111001100100011001100011001111010001111000110011000110110110100111001101001100110011110001110000110010110011110
11000111010110010110011011010011100011011011001000111000011001111001101101100111110001100111100011100100100111001110001100110011110001100111111111100000001111001101001101100001001101100111111100110001111000011011011000111110011101100111000010001100110110001100011000110011100110100110011110011111001111001100111111001101011100111100111100110010011100
10011100110010111100100001100100110011000110011110111011001110001000111011110001100110011010000011110011000011110001101000001100100110010011000111110011011111001110010100011010001111001111011001011100001110001101110001100111100001100101111100100011000110011000110100110000111100100100111100011001100110011000001110001100011100011100011100001101111001
10011001100011100011100010011100110111100110010011000110110111010111110011011001111001101000110110011011011101100011001101100111100010010110001111100011001110011001110010010110110110111111100011110010000111100110111000110011001001100011110011001001110011110011001110001000110111101100110010010110010110011000101110011110011001011001001100100110011100
11001100110010000010001101110011011011111001101001001000101110110001100101100100101001100101110011010111000110111110011001101110011011100000111001101001100001110001101100111001100011000110011011001100011100010010110010000100111001100110110100000001100111101101110011001000001100110110110001111011000111110111001100100110011001100110000111111001100110
10000110001100110110011100100111011111000110011011001110110000010011100111000011000110000011111111000110000011101100000011011100110011001100010011000110001110110001111000011100110011010011110011001100010001111001101100011000110011100110110010011100110001111001111111100011001100110001111011101001001111001001100010001110100000010011001100111100111110
00100110011001101111101000110111000111000110010001101100011110000101001100110011000100111001101001100111100110001101110011001110011001111100011000010011011011001101110011001111111000011001110001111000011000001110011010001100110110011011111010110000110011000110011100000110011100011001100011011000110011011001101101001001111101100110011111100110111000
00101101100111001101110000100001011001110011001111000100110001110110011001100011100111001111001001111100111110011111100001100111100011011011000000111000110011111011011100011001101111110011011001001111000100000111001100011000110001110001111100110001100110111100111110110111001000110111011001111100110011100110010011100111100111100110110001110001111001
10000110011110011000110010011001001000111100111100011001111100101110001101100011011110001100111110011101100001101101111011001100011011100010010011100011111001101101110001100111100110001100111000000110001100011001111111001101111001011100111001100011001000101110001111100110110000011001101011001100011001100110110011000110011000110011110001110001101100
01101001110011000110011100011001101110011001111000011100110010110001111001101111010001100111100011011011100110001111001011011011110011011110001100000011100111100111001101111001111100110011001110001101000110011000101110001110011011110011001011000111001100110110011011100110110011001111001110110100010011111000100110011000111001110001001100111001111100
11001111100011011001011001110011111011111011001110010111110011000111001000100001100011100110011001100001011000011111001100111010111100011001100111001110001111001001011000011001110001100011110011000001001100011011100111100110001101000010111100011000110001011011000100011100011011001100110100110110111000110110110001110011001110110001011100111000110011
00011001100011001111001100110000110000111011001111001100100011101100011100110011110011011011000011111000011011000110011100101101000100111111100011011001100011011011001100111010110001100011100011110001111011001111000011001111100011000100010100100111110011000111101110110000101111001101110001110001100100111000110111110011100110011011000110110001100110
11011001111110000000011000110000001001110001100101111011000001111001100011001101101100110110001101011010011001100110011011100110011001100111000111101100110011001100011110011111100111001101001001101100100111001101101110000111100111110011100110011100010010000011001110011001100110100110011100011011001101101001111110011000101110001101001111001111001000
00111001100000001100110001101110001100100110111101011001001110011001001100001101111000111011101100110111001110011000010110011001111100011001111011000110011100100111110001100111001111001100100011000100100011001111110011111000110110011100111001100011001111011000001001110000110111000110011001100110011011000000111100110001101101111100011111001000110011
10011001001110001100000100111001111110011111001011001100111100110001101111000100111100110110111110011011100100010011100011100111001100111100011001100011000011110011001110011001001100110100111100111000110011000110011111001111100011001101001100111000011000111001100110100110011110010001111001000101110011000000110001111100011111100100111110011001101001
00110011011001101001001100000111000100011101111101100011010001100100000110001111000110110011001101100000110111101100110001100111110011110011111001100110001111110001111100011011100110011001101110001101110001101000010010011000110001101101100000110011111110011110001111111000111001111001100011100110101100011000110010001100110011000110011000110011001000
10001100100011001100111001100100110001101110001110010110110000110011001100110001110111111100111000110011010110011011001100100011001100110011111100010011001100001100111110011001111001011111100011010111000001100011111000100001110110010110010111110100011010011001011001101110011011111000110000100100110011011100110110110010011100111001101000100111111000
00011011110011001111100111011001001111001100111000000100111011101100010011011110111000000001110001100001100110011011111001110011001001000111001101101001100111001111111000110011001011100111000111100011010011110011000111000111001110011011011100110011100110001101100100110001110000011100110010011011000011011100111001111101100111000001100110100111111000
10011110011101110000110001100011110110110011111100110001111100001110001111100110001110010011110001001110011001001100011111101110001100011000001111001111110000001100100111110011001100111110000011100001100111000110110010111111111000111010011000100111100110000011101110001101001110000111101100000100011011100110011000001111001110011011100111001101110000
00111111001100111110010011100111001110010011001001111100011011110000000110100010010111011000110010011100011001111011000110001101100011011011001001100110111001110111001011001101110011001111001011100111111101101100110011001001001100110001111001100101100101101100111000110100111100110011101100100110001101001001100100011001000111100011000011000110011011
10001101101100011011101110001101111000010010011100111110010110001100110011001011100111111100011011001100011011001100010110001110110011001101111011111110011011100101101100100100100111001101100100110000011110001111001110001001100111000110011100110011110001100110000100110011000100100110011011011011011001100011011000100110001101110001101101011001001101
00010011100110000110010010111011011100110011001101100011110000111111001100101100100100110001100011001100110000110001100110000010011000110001001100111100011101101100001011111001100010011001001110000000111001110011010110011000110011100111100110011100011111100110010011100110001001100110001101100001100011110011001001110001100010110111110011000011001101
11001111001101111000100111001100110011000111100010011011001100111001100011111100000111001100011011110001101100101100011101111110011000111001110000111111001110010011100000011110011100110110110110011001110001100011011100100110011101001100111001101111000110100111000100110001101110011110011001000111001101100011011111001100010011011100101100011001110011
