?;?;?;?;?;?;?;?;3;4;4;4;4;4;4;4;4;4;4;4;1;9;8;5;2;2;2;2;2;0;7;6;3;4;4;4;4;4;1;9;8;5;2;2;2;2;2;0;7;6;
?;?;?;?;?;?;?;?;5;2;2;0;7;6;1;9;8;5;2;2;2;2;0;7;6;3;4;4;4;4;4;4;4;4;4;4;4;4;4;4;4;4;4;4;4;4;4;4;4;1;
?;?;?;?;?;?;?;?;5;2;2;0;7;6;3;1;9;0;7;6;3;4;4;4;4;1;9;8;5;2;0;7;1;9;8;5;2;2;2;2;0;7;6;3;4;4;4;1;9;8;
?;?;?;?;?;?;?;?;2;2;0;7;6;3;1;9;8;5;2;2;0;7;6;3;4;4;4;4;1;9;8;5;2;2;2;2;2;0;7;6;3;4;4;4;4;4;4;4;4;4;
?;?;?;?;?;?;?;?;2;2;2;2;0;7;6;3;4;4;4;4;4;4;4;4;4;4;1;9;8;5;2;2;2;0;7;6;3;4;4;4;4;1;9;8;5;2;0;7;6;3;
?;?;?;?;?;?;?;?;2;2;0;7;6;3;4;4;4;4;4;4;4;4;4;1;9;8;5;2;2;2;0;7;6;3;4;4;4;4;4;4;4;4;4;4;4;1;9;8;5;2;
?;?;?;?;?;?;?;?;5;2;0;7;6;3;4;1;9;8;5;2;2;2;2;2;2;2;2;2;2;2;2;0;7;6;3;4;4;4;4;4;4;4;4;4;4;4;1;9;8;5;
?;?;?;?;?;?;?;?;2;2;2;0;7;6;3;4;4;1;9;8;5;2;2;2;0;7;6;3;4;4;4;4;4;4;4;4;4;4;4;4;4;4;4;4;4;4;4;4;4;4;
?;?;?;?;?;?;?;?;4;4;4;4;4;4;4;4;4;4;4;4;4;4;4;4;4;4;4;4;4;4;4;4;4;4;4;4;4;4;4;4;4;4;4;4;4;4;4;4;4;4;
?;?;?;?;?;?;?;?;5;2;0;7;6;3;4;1;9;8;5;2;0;7;6;3;4;4;1;9;8;5;2;0;7;6;1;9;8;5;2;2;2;0;7;6;3;4;4;1;9;8;
?;?;?;?;?;?;?;?;5;0;7;6;3;4;4;4;4;1;9;8;0;7;6;1;9;8;5;2;2;2;2;2;2;2;2;2;2;2;2;2;2;2;2;2;0;7;6;3;4;4;
?;?;?;?;?;?;?;?;2;2;2;0;7;6;1;9;8;5;2;0;7;6;3;4;4;1;0;7;6;3;4;4;4;4;4;1;9;8;5;2;2;2;0;7;6;3;4;1;9;8;
?;?;?;?;?;?;?;?;3;4;1;9;8;5;0;7;6;3;4;4;1;9;8;5;2;0;7;6;3;4;4;1;9;8;5;2;2;2;2;2;2;2;2;0;7;6;3;4;4;4;
?;?;?;?;?;?;?;?;5;2;0;7;6;3;4;4;1;9;8;5;2;2;2;2;2;2;2;2;2;2;0;7;6;3;4;4;4;4;4;4;4;4;4;4;1;9;8;5;2;2;
?;?;?;?;?;?;?;?;3;4;1;9;8;5;0;7;6;3;4;4;4;4;4;4;4;4;4;4;4;4;4;4;1;9;8;5;2;2;2;2;2;2;2;2;2;2;2;2;2;2;
?;?;?;?;?;?;?;?;3;4;4;4;4;4;1;9;8;5;2;2;2;0;7;6;3;4;4;4;4;1;9;8;5;2;2;2;2;0;7;6;3;4;1;9;8;5;2;2;2;2;
?;?;?;?;?;?;?;?;7;6;3;4;4;4;4;4;4;4;4;4;4;4;1;9;8;5;2;2;2;2;0;7;6;3;4;4;4;4;4;4;4;4;1;9;8;5;2;2;2;2;
?;?;?;?;?;?;?;?;2;2;2;0;7;6;3;4;4;4;4;4;4;4;4;4;1;9;8;5;2;2;2;2;2;2;0;7;6;3;4;4;4;4;4;4;4;4;4;4;4;1;
?;?;?;?;?;?;?;?;0;7;6;3;4;4;4;4;4;4;1;9;8;5;2;2;2;2;2;2;2;2;2;0;7;6;3;4;4;4;4;4;4;4;1;9;8;5;2;2;2;0;
?;?;?;?;?;?;?;?;3;4;1;9;8;5;0;7;6;3;4;4;4;4;4;4;4;4;4;4;1;9;8;5;2;2;2;2;2;2;2;2;2;2;2;2;2;2;2;0;7;6;
?;?;?;?;?;?;?;?;2;2;0;7;6;3;4;4;4;4;4;4;4;1;9;8;5;2;2;2;0;7;6;3;4;4;4;4;1;9;8;5;2;2;2;2;2;2;2;2;2;2;
?;?;?;?;?;?;?;?;2;2;0;7;6;3;4;4;1;9;8;5;2;2;2;2;2;2;2;2;2;2;0;7;6;3;4;4;4;4;4;4;1;9;8;5;2;2;2;2;0;7;
?;?;?;?;?;?;?;?;8;0;7;6;3;4;4;1;9;8;5;2;2;2;2;2;0;7;6;3;4;1;9;8;5;2;2;2;2;2;0;7;6;3;4;4;4;4;1;9;8;5;
?;?;?;?;?;?;?;?;4;4;4;4;4;1;9;8;5;2;2;2;2;2;2;2;2;2;2;2;2;2;0;7;6;3;4;4;4;4;4;4;4;4;4;4;4;4;4;4;4;4;
?;?;?;?;?;?;?;?;2;2;0;7;6;3;4;4;4;4;4;4;4;4;4;4;4;4;1;9;8;5;2;2;2;2;2;2;2;2;2;2;2;2;2;2;2;2;2;2;2;0;
?;?;?;?;?;?;?;?;9;8;5;2;2;2;2;0;7;6;3;4;4;4;4;4;4;1;9;8;5;2;2;2;2;2;2;2;2;2;2;2;2;2;0;7;6;1;9;8;5;2;
?;?;?;?;?;?;?;?;2;2;2;2;2;2;2;0;7;6;3;4;4;4;4;4;4;4;4;4;1;9;8;5;0;7;6;3;4;4;4;4;1;9;8;5;2;2;2;0;7;6;
?;?;?;?;?;?;?;?;3;4;1;9;8;5;0;7;6;3;4;4;4;1;9;8;5;2;2;0;7;6;3;1;9;8;5;0;7;6;3;4;4;4;1;9;8;5;2;2;2;2;
?;?;?;?;?;?;?;?;3;4;4;4;4;4;1;9;8;5;0;7;6;3;4;4;4;4;4;1;9;8;5;2;2;2;2;2;2;0;7;6;1;9;8;5;2;2;2;2;2;2;
?;?;?;?;?;?;?;?;4;4;4;4;4;4;4;4;4;4;4;4;4;4;4;4;4;4;4;4;4;4;4;4;4;4;4;4;4;4;4;4;4;4;4;4;4;4;4;4;4;4;
?;?;?;?;?;?;?;?;3;4;1;9;8;5;2;0;7;6;3;4;4;4;1;9;8;5;2;2;2;2;2;2;2;2;0;7;6;3;4;4;4;1;9;0;7;6;3;4;4;4;
?;?;?;?;?;?;?;?;5;2;0;7;6;3;4;1;9;8;5;2;2;2;0;7;6;1;9;8;5;2;2;2;0;7;6;3;4;4;4;4;4;1;9;8;5;2;2;2;2;2;
?;?;?;?;?;?;?;?;3;4;1;9;8;5;2;2;2;2;2;2;2;2;2;2;2;2;0;7;6;3;4;4;4;4;4;4;4;4;4;4;4;4;4;4;1;9;8;5;2;2;
?;?;?;?;?;?;?;?;5;2;0;7;6;3;4;4;1;9;8;5;2;0;7;1;9;8;5;2;2;2;2;2;0;7;6;3;1;9;8;5;2;2;2;0;7;6;3;4;4;4;
?;?;?;?;?;?;?;?;4;4;1;9;8;5;2;2;2;2;2;2;2;0;7;6;3;4;4;4;4;4;4;1;9;8;5;2;2;2;2;2;2;0;7;6;3;4;4;4;4;1;
?;?;?;?;?;?;?;?;4;4;1;9;8;5;2;0;7;1;9;8;5;2;2;2;0;7;6;3;4;4;1;9;8;5;2;2;2;2;2;2;2;0;7;6;3;4;4;4;4;4;
?;?;?;?;?;?;?;?;5;2;0;7;6;3;4;1;9;8;5;2;2;0;7;6;3;4;1;9;8;5;2;2;2;0;7;6;3;4;4;4;4;4;4;4;4;4;4;4;4;4;
?;?;?;?;?;?;?;?;2;2;2;2;2;2;2;2;2;2;2;2;0;7;6;3;4;4;4;4;4;1;9;8;5;2;0;7;6;3;4;4;4;4;4;4;4;1;9;8;5;2;
?;?;?;?;?;?;?;?;3;4;1;9;8;5;2;2;0;7;6;3;4;4;4;1;9;8;5;2;2;2;2;2;2;2;0;7;6;3;4;4;4;4;4;4;4;4;1;9;8;5;
?;?;?;?;?;?;?;?;5;2;0;7;6;3;4;1;9;8;5;2;2;0;7;6;3;4;4;4;1;9;8;0;7;6;3;1;9;8;5;2;2;2;0;7;1;9;8;5;2;2;
?;?;?;?;?;?;?;?;4;1;9;8;5;2;2;0;7;6;3;4;4;4;1;9;8;5;2;0;7;1;9;8;5;2;2;2;2;2;2;2;2;2;2;2;0;7;6;3;4;4;
?;?;?;?;?;?;?;?;3;4;1;9;8;0;7;6;3;4;4;4;4;1;9;8;5;2;2;2;2;2;2;0;7;6;3;4;4;4;4;4;4;1;9;8;5;2;2;2;2;2;
?;?;?;?;?;?;?;?;3;4;4;4;4;4;4;4;4;4;1;9;8;5;2;2;2;2;2;2;2;2;2;0;7;6;3;4;4;1;9;8;5;2;2;2;2;2;2;2;2;2;
?;?;?;?;?;?;?;?;5;2;0;7;6;3;4;1;9;8;5;2;2;0;7;6;3;4;1;9;8;5;2;2;2;2;0;7;6;3;4;4;4;4;4;4;4;4;4;4;4;4;
?;?;?;?;?;?;?;?;2;2;2;2;2;2;2;2;0;7;6;3;4;4;4;4;4;4;4;4;4;4;4;4;4;4;4;4;1;9;8;5;2;2;2;2;2;0;7;6;3;4;
?;?;?;?;?;?;?;?;3;4;1;9;8;5;2;2;2;2;2;2;2;2;2;2;2;2;2;2;0;7;6;3;4;4;4;4;4;4;4;4;4;4;4;4;4;1;9;8;5;2;
?;?;?;?;?;?;?;?;7;6;3;4;4;4;4;4;1;9;8;5;2;2;2;2;2;2;2;2;2;0;7;6;3;4;4;4;4;4;4;4;4;4;4;4;4;4;4;1;9;8;
?;?;?;?;?;?;?;?;2;2;0;7;6;3;4;4;4;4;4;4;4;4;1;9;8;5;2;2;2;0;7;6;3;4;4;1;9;8;5;2;2;2;2;2;2;2;2;2;2;0;
?;?;?;?;?;?;?;?;3;4;1;9;8;5;0;7;6;3;4;4;4;4;1;0;7;6;3;4;4;4;4;1;9;8;5;2;2;2;2;2;2;2;2;2;2;2;0;7;6;3;
?;?;?;?;?;?;?;?;2;2;2;0;7;6;3;4;4;4;4;4;4;4;4;1;9;8;5;0;7;6;3;4;4;4;1;9;8;5;2;2;2;2;2;2;0;7;6;3;4;4;
?;?;?;?;?;?;?;?;4;4;4;4;4;4;4;1;9;8;5;2;2;2;2;2;2;2;2;2;0;7;6;1;9;8;5;2;2;2;2;0;7;6;3;4;1;9;8;5;2;2;
?;?;?;?;?;?;?;?;4;4;4;4;4;4;4;4;4;1;9;8;5;2;2;2;2;2;2;2;2;2;2;0;7;6;3;4;4;4;4;4;4;4;4;4;4;4;4;4;4;4;
?;?;?;?;?;?;?;?;5;0;7;6;3;4;4;1;9;8;5;2;2;0;7;6;3;4;4;4;4;4;4;4;4;4;1;9;8;5;2;2;2;2;2;2;2;2;2;2;2;2;
?;?;?;?;?;?;?;?;2;2;2;2;0;7;6;3;4;4;4;4;4;4;4;4;1;9;8;5;2;2;2;2;2;2;0;7;6;3;4;4;4;4;4;1;9;8;5;2;2;0;
?;?;?;?;?;?;?;?;5;2;0;7;6;3;4;1;9;8;5;0;7;6;3;4;4;4;1;9;8;5;2;2;2;2;2;2;2;2;2;2;2;0;7;6;3;1;9;8;5;2;
?;?;?;?;?;?;?;?;0;7;6;3;4;4;4;4;4;1;9;8;5;2;2;2;2;2;2;2;0;7;6;3;4;4;4;4;4;4;1;9;8;5;2;2;2;2;2;2;2;2;
?;?;?;?;?;?;?;?;3;4;4;4;4;4;4;4;1;9;8;5;2;2;2;2;2;0;7;6;3;4;4;4;4;4;4;1;9;8;5;2;2;2;2;2;2;2;2;0;7;6;
?;?;?;?;?;?;?;?;0;7;6;3;4;4;1;9;8;5;2;2;2;0;7;6;3;4;4;4;1;9;8;5;2;2;2;2;2;0;7;6;3;4;4;4;4;4;4;4;4;4;
?;?;?;?;?;?;?;?;2;2;2;2;2;2;2;2;0;7;6;3;4;4;4;4;4;4;4;4;4;4;4;4;4;4;4;4;4;4;4;4;4;4;4;4;4;4;4;4;4;4;
?;?;?;?;?;?;?;?;3;4;4;4;4;4;4;4;4;4;4;4;4;4;4;4;4;4;4;4;4;4;1;9;8;5;2;2;2;0;7;6;3;4;1;9;8;5;2;2;2;2;
?;?;?;?;?;?;?;?;4;4;4;1;9;8;0;7;1;9;8;5;2;2;2;2;0;7;6;3;4;4;4;1;9;8;5;2;2;2;2;2;2;2;2;2;2;2;0;7;6;3;
?;?;?;?;?;?;?;?;2;2;2;2;0;7;6;3;4;4;4;4;4;1;9;8;5;2;2;2;2;2;2;0;7;6;3;4;4;4;4;4;4;4;4;4;4;4;4;4;4;1;
?;?;?;?;?;?;?;?;4;4;1;9;8;0;7;6;3;4;4;1;9;8;5;2;2;0;7;6;3;4;1;9;8;5;2;2;2;2;2;2;0;7;6;3;4;4;4;4;4;4;
?;?;?;?;?;?;?;?;9;8;5;2;2;2;0;7;6;3;4;4;4;4;4;1;9;8;5;2;2;0;7;6;3;4;4;1;9;8;5;2;2;2;2;2;0;7;6;3;4;4;
?;?;?;?;?;?;?;?;2;2;2;0;7;6;3;4;4;4;1;9;8;5;2;2;2;2;0;7;6;3;4;4;4;4;1;9;8;5;2;2;0;7;6;3;1;9;8;5;2;2;
?;?;?;?;?;?;?;?;3;4;4;4;4;4;1;9;8;5;2;2;2;2;2;2;2;2;2;2;2;0;7;6;3;4;4;4;4;4;4;4;4;1;9;8;5;2;2;2;2;2;
?;?;?;?;?;?;?;?;4;4;1;9;8;5;2;0;7;6;3;1;9;8;5;2;2;2;0;7;6;1;9;8;5;2;0;7;6;3;1;9;8;5;2;0;7;6;3;4;4;4;
?;?;?;?;?;?;?;?;3;1;9;8;5;2;0;7;6;3;4;4;4;1;9;8;5;2;2;2;2;0;7;6;3;4;4;4;4;4;4;1;9;8;5;2;2;2;0;7;6;3;
?;?;?;?;?;?;?;?;2;0;7;6;3;4;4;4;4;4;4;4;4;4;4;1;9;8;5;2;2;2;2;2;2;2;2;0;7;6;3;4;1;9;8;5;2;2;2;2;2;2;
?;?;?;?;?;?;?;?;2;2;2;0;7;6;1;9;8;5;0;7;6;3;4;4;4;1;9;8;5;2;0;7;6;3;4;4;4;4;1;9;8;5;2;2;2;2;2;2;2;2;
?;?;?;?;?;?;?;?;4;4;4;4;4;4;4;4;4;4;4;4;4;1;9;8;5;2;2;2;2;2;2;2;2;2;2;2;2;2;2;2;2;2;2;2;2;2;0;7;6;3;
?;?;?;?;?;?;?;?;2;2;2;2;2;2;2;2;2;0;7;6;3;4;4;4;4;4;4;1;9;8;5;0;7;6;3;4;4;4;4;4;4;4;1;9;8;5;2;2;2;2;
?;?;?;?;?;?;?;?;5;2;0;7;6;3;4;4;4;4;4;4;4;4;4;4;1;9;8;5;2;2;2;0;7;6;3;4;1;9;8;5;2;2;2;2;2;2;2;2;0;7;
?;?;?;?;?;?;?;?;3;4;4;1;9;8;0;7;6;3;4;4;1;9;8;5;2;2;2;2;2;2;2;2;2;2;2;2;2;2;2;2;0;7;6;3;4;4;4;4;4;4;
?;?;?;?;?;?;?;?;3;4;1;9;8;5;0;7;6;3;4;4;1;9;8;5;2;2;0;7;6;3;4;1;9;8;5;2;2;2;2;2;2;0;7;6;3;4;4;4;4;4;
?;?;?;?;?;?;?;?;5;2;2;2;2;2;0;7;6;3;4;4;4;4;4;4;4;4;4;4;4;4;1;9;8;0;7;6;3;4;4;1;9;8;5;2;2;2;2;2;2;0;
?;?;?;?;?;?;?;?;7;6;3;4;4;4;4;1;9;8;5;2;2;2;0;7;6;3;4;4;4;4;4;4;4;4;1;9;8;5;2;2;2;2;2;0;7;6;3;4;4;4;
?;?;?;?;?;?;?;?;5;2;2;2;2;0;7;6;3;4;4;4;4;1;9;8;5;2;2;2;2;2;2;2;2;2;2;0;7;6;3;4;4;4;4;1;9;0;7;6;3;4;
?;?;?;?;?;?;?;?;5;2;0;7;6;3;1;9;8;5;2;2;0;7;6;3;1;9;8;5;2;2;0;7;6;3;4;1;9;8;5;2;2;0;7;6;3;4;4;4;4;4;
?;?;?;?;?;?;?;?;4;4;4;1;9;8;5;2;2;2;0;7;6;3;4;4;4;4;1;9;8;5;2;2;2;2;2;2;2;2;2;2;2;2;2;2;2;2;2;2;2;2;
?;?;?;?;?;?;?;?;5;2;2;0;7;6;3;4;4;4;4;4;4;4;4;1;9;8;5;2;2;2;2;0;7;6;3;4;1;9;8;5;2;2;0;7;6;3;4;4;4;4;
?;?;?;?;?;?;?;?;1;9;8;5;2;0;7;6;3;4;4;4;4;1;9;8;5;2;2;2;2;2;2;2;2;2;2;0;7;6;3;4;4;1;9;8;5;2;2;2;2;2;
?;?;?;?;?;?;?;?;4;1;9;8;5;2;2;0;7;6;3;4;1;9;8;5;0;7;6;3;4;4;4;4;1;9;8;5;2;2;0;7;6;3;1;9;8;5;2;2;2;2;
?;?;?;?;?;?;?;?;8;5;0;7;6;3;4;4;4;4;4;4;1;9;8;5;2;2;2;2;2;2;2;2;2;0;7;6;3;4;4;4;4;4;4;4;4;4;4;4;4;4;
?;?;?;?;?;?;?;?;3;4;4;4;4;4;4;4;4;4;4;4;4;4;1;9;8;5;2;2;2;2;2;2;2;2;2;2;2;2;2;2;2;2;2;0;7;6;3;4;4;4;
?;?;?;?;?;?;?;?;5;0;7;6;3;4;4;4;4;4;4;4;4;4;4;4;4;4;4;1;9;8;5;2;2;2;2;2;2;2;2;2;2;2;2;2;2;2;0;7;6;3;
?;?;?;?;?;?;?;?;7;6;3;4;4;4;4;4;4;4;4;4;4;4;1;9;8;5;2;2;0;7;6;3;4;4;4;4;1;9;8;5;2;2;2;2;2;2;2;2;2;2;
?;?;?;?;?;?;?;?;1;9;8;5;2;2;2;2;2;2;2;2;2;2;2;2;2;2;2;2;2;2;2;2;0;7;6;3;4;4;4;4;4;4;4;1;9;8;5;2;2;2;
?;?;?;?;?;?;?;?;3;4;1;9;8;5;2;2;2;2;2;2;2;2;2;2;0;7;6;3;4;4;4;4;4;1;9;8;0;7;6;3;4;4;4;4;4;1;9;8;5;2;
?;?;?;?;?;?;?;?;5;2;2;2;2;2;2;2;0;7;6;3;4;4;4;4;1;9;8;5;2;2;2;2;2;0;7;6;3;4;4;4;4;1;9;8;5;2;2;2;2;2;
?;?;?;?;?;?;?;?;5;2;2;0;7;6;3;4;4;4;4;1;9;8;5;2;2;2;0;7;6;3;4;4;4;4;4;1;9;8;5;2;2;2;2;0;7;6;3;4;4;4;
?;?;?;?;?;?;?;?;2;2;2;0;7;6;3;4;4;4;4;4;4;4;4;4;4;1;9;8;5;0;7;6;3;4;4;4;1;9;8;5;2;2;2;2;0;7;6;3;4;4;
?;?;?;?;?;?;?;?;2;2;2;2;2;2;2;0;7;6;3;1;9;8;5;2;2;2;2;2;0;7;6;3;4;4;4;4;4;4;4;4;4;4;4;4;1;9;8;5;2;2;
?;?;?;?;?;?;?;?;4;4;1;9;8;5;2;0;7;6;3;4;1;9;8;5;2;2;0;7;6;3;4;4;4;4;1;9;8;5;2;2;2;2;2;2;2;2;2;2;2;0;
?;?;?;?;?;?;?;?;3;4;1;9;8;5;2;0;7;6;3;4;1;9;8;5;0;7;6;3;4;4;4;4;1;9;8;5;2;2;0;7;6;3;4;1;9;8;5;2;2;2;
?;?;?;?;?;?;?;?;4;4;4;1;9;8;5;2;0;7;6;3;4;4;4;4;4;1;9;8;5;2;2;2;2;2;2;2;2;0;7;6;3;4;4;4;4;4;4;1;9;8;
?;?;?;?;?;?;?;?;4;4;1;9;8;5;2;2;2;0;7;1;9;8;0;7;6;3;4;4;4;4;1;9;8;5;2;2;0;7;6;3;4;1;9;8;5;2;2;2;0;7;
?;?;?;?;?;?;?;?;8;5;2;0;7;6;3;4;4;1;9;8;5;2;2;2;2;2;2;2;0;7;6;3;4;4;1;9;8;5;2;2;0;7;6;3;4;4;4;4;1;9;
?;?;?;?;?;?;?;?;4;4;4;4;4;4;4;4;4;4;1;9;8;5;2;2;2;2;2;2;2;2;2;2;2;2;2;0;7;6;3;4;4;4;4;1;9;8;5;2;2;2;
?;?;?;?;?;?;?;?;2;2;0;7;6;3;4;4;4;1;9;8;0;7;6;3;4;4;1;9;8;5;2;2;2;2;2;2;2;2;2;2;2;0;7;6;3;4;4;4;1;9;
?;?;?;?;?;?;?;?;3;1;9;8;5;2;0;7;6;3;4;4;4;4;1;9;8;5;2;2;2;2;2;2;2;2;2;0;7;6;3;4;4;4;4;1;9;8;5;2;2;2;
?;?;?;?;?;?;?;?;4;4;4;1;9;8;0;7;6;3;4;4;1;9;8;5;2;2;2;2;2;2;2;2;2;2;2;2;2;2;2;2;2;2;2;2;2;2;0;7;6;3;
?;?;?;?;?;?;?;?;3;4;1;9;8;5;2;0;7;6;3;4;1;9;8;5;2;2;0;7;6;1;9;8;5;2;2;2;2;2;0;7;6;3;4;4;1;9;8;5;2;2;
?;?;?;?;?;?;?;?;3;4;4;1;0;7;6;3;4;4;4;4;4;1;9;8;5;2;2;2;2;2;2;2;2;2;2;2;0;7;6;3;4;4;4;4;4;4;4;4;4;4;
?;?;?;?;?;?;?;?;8;5;2;2;2;2;2;2;2;2;2;2;2;0;7;6;3;4;4;4;1;9;0;7;6;3;4;4;4;4;1;9;8;5;2;2;2;2;2;2;2;2;
?;?;?;?;?;?;?;?;4;4;4;1;9;8;5;2;2;2;2;2;2;2;2;2;2;0;7;6;3;4;1;9;8;5;0;7;6;3;4;4;4;4;4;4;4;4;1;9;8;5;
?;?;?;?;?;?;?;?;3;4;1;9;0;7;6;3;4;4;4;4;4;1;9;8;5;2;2;2;2;2;2;2;2;2;0;7;6;3;4;4;1;9;8;5;2;2;2;2;2;0;
?;?;?;?;?;?;?;?;3;1;9;8;5;2;2;2;0;7;6;3;4;4;4;4;4;4;4;4;4;4;4;4;4;4;4;4;4;4;4;4;1;9;8;5;2;2;2;2;2;0;
?;?;?;?;?;?;?;?;3;4;1;9;8;5;2;2;2;0;7;6;3;4;4;4;4;4;4;4;4;4;4;4;1;9;8;5;0;7;6;3;4;4;4;4;4;1;9;8;5;0;
?;?;?;?;?;?;?;?;2;2;0;7;6;3;4;1;9;8;5;0;7;6;3;4;4;4;1;9;8;0;7;6;3;4;4;4;1;9;8;5;2;2;2;2;0;7;6;3;4;4;
?;?;?;?;?;?;?;?;5;0;7;6;3;4;4;4;1;9;8;5;2;0;7;6;3;1;9;8;5;2;2;2;2;2;2;2;2;2;2;2;0;7;6;3;4;4;4;4;4;1;
?;?;?;?;?;?;?;?;5;2;0;7;6;3;4;1;9;8;5;2;0;7;6;3;4;4;1;9;8;5;2;2;2;0;7;6;3;1;9;8;5;2;2;2;2;2;0;7;6;3;
?;?;?;?;?;?;?;?;9;8;5;2;2;2;2;0;7;6;3;1;9;8;5;2;2;2;2;2;0;7;1;9;8;5;0;7;6;3;4;4;4;4;4;4;4;1;9;8;5;2;
?;?;?;?;?;?;?;?;3;4;1;9;8;5;2;2;2;2;2;0;7;6;3;4;4;4;4;4;4;4;4;4;1;9;8;5;2;2;2;2;2;2;2;2;2;2;2;2;2;2;
?;?;?;?;?;?;?;?;3;4;1;9;8;5;2;2;2;2;2;2;2;2;2;2;0;7;6;3;4;4;4;4;4;4;4;4;4;4;4;4;4;1;9;8;5;2;2;2;2;2;
?;?;?;?;?;?;?;?;3;4;1;9;8;5;2;0;7;6;3;4;4;4;4;4;4;4;4;4;4;4;4;1;9;8;5;2;2;2;2;2;2;2;2;2;2;2;0;7;6;3;
?;?;?;?;?;?;?;?;2;2;2;2;2;2;2;0;7;6;3;4;4;4;4;4;4;4;4;4;4;4;4;4;4;4;4;4;4;4;4;1;9;8;5;2;2;2;0;7;6;3;
?;?;?;?;?;?;?;?;4;4;1;9;8;5;2;2;2;2;2;2;2;2;0;7;6;3;4;4;4;4;1;9;8;5;2;2;2;2;2;2;2;2;2;2;2;2;2;2;0;7;
?;?;?;?;?;?;?;?;4;4;4;4;4;1;9;8;5;2;2;2;2;0;7;6;3;4;4;4;1;9;8;5;2;2;2;2;2;2;2;2;2;2;0;7;6;3;4;4;1;9;
?;?;?;?;?;?;?;?;1;9;8;5;2;2;2;2;2;2;2;2;2;2;2;2;2;0;7;6;3;4;4;4;4;4;4;4;4;4;4;4;4;4;4;4;4;1;9;8;5;2;
?;?;?;?;?;?;?;?;3;4;4;1;9;8;5;0;7;1;9;8;5;2;2;2;2;2;0;7;6;3;4;4;4;4;4;4;4;4;4;4;4;4;4;4;4;1;9;8;5;2;
?;?;?;?;?;?;?;?;3;1;9;8;5;2;2;2;2;0;7;6;3;4;1;9;0;7;6;3;4;4;4;4;4;4;4;4;4;4;4;4;4;4;4;4;4;4;4;4;4;1;
?;?;?;?;?;?;?;?;6;3;1;9;8;5;0;7;6;3;4;4;4;4;4;4;4;4;4;4;4;4;4;4;4;4;1;9;8;5;2;2;2;2;2;2;2;2;2;2;2;2;
?;?;?;?;?;?;?;?;2;2;2;2;0;7;6;3;4;4;4;4;4;4;4;1;9;8;5;2;0;1;9;8;5;2;2;2;2;2;0;7;6;3;4;4;4;4;1;9;8;5;
?;?;?;?;?;?;?;?;5;2;2;2;0;1;9;8;5;2;2;0;7;6;3;4;4;4;4;4;4;4;4;1;9;8;5;2;2;2;2;2;2;2;0;7;6;3;4;4;4;4;
?;?;?;?;?;?;?;?;8;5;2;2;2;2;0;7;6;3;4;4;4;4;4;4;1;9;8;5;2;2;2;2;2;2;0;7;6;3;4;4;4;1;9;8;5;2;2;2;2;2;
?;?;?;?;?;?;?;?;4;4;4;4;4;4;4;4;4;4;1;9;8;5;2;2;2;2;0;7;6;3;1;9;8;5;2;2;2;2;2;0;7;6;3;4;4;4;4;1;9;8;
?;?;?;?;?;?;?;?;3;4;1;9;8;5;0;7;6;3;4;4;4;1;9;8;5;2;2;2;0;7;6;3;4;4;4;1;9;8;5;2;2;2;2;2;2;2;0;7;6;3;
?;?;?;?;?;?;?;?;4;4;4;1;9;8;5;2;2;2;2;2;2;2;2;2;2;2;2;0;7;6;3;4;4;4;4;1;9;8;5;2;2;2;2;2;2;2;2;2;2;2;
?;?;?;?;?;?;?;?;4;4;4;4;4;4;4;4;4;4;4;4;4;4;4;4;4;4;4;4;4;4;4;4;4;4;4;4;4;4;4;4;4;4;4;4;4;4;4;4;4;4;
?;?;?;?;?;?;?;?;4;4;4;4;4;4;4;4;4;4;4;4;4;4;4;4;4;4;4;4;1;9;8;5;2;2;2;2;2;2;2;2;2;2;2;2;2;2;2;2;0;7;
?;?;?;?;?;?;?;?;2;2;2;2;2;2;0;7;6;3;4;4;4;4;4;4;4;4;4;4;1;9;8;5;2;2;2;2;2;0;7;6;3;4;4;4;4;4;4;4;4;1;
?;?;?;?;?;?;?;?;3;1;9;8;5;2;2;2;2;2;2;2;2;2;0;7;6;3;4;4;4;4;4;4;4;4;4;4;4;4;4;4;4;4;4;4;4;4;4;1;9;8;
?;?;?;?;?;?;?;?;5;2;0;7;6;3;4;1;9;8;5;2;2;0;7;6;3;1;9;8;5;2;2;0;7;6;3;4;4;4;4;4;4;4;4;4;1;9;8;5;2;2;
?;?;?;?;?;?;?;?;4;4;1;9;8;5;2;2;0;7;6;1;9;8;5;2;2;0;7;6;3;1;9;8;5;2;0;7;6;3;4;1;9;8;5;2;2;2;0;7;6;3;
?;?;?;?;?;?;?;?;5;0;7;6;3;4;4;4;1;9;8;5;2;0;7;6;3;1;9;8;5;2;2;2;2;2;2;2;2;2;0;7;6;3;4;4;4;4;4;1;9;8;
?;?;?;?;?;?;?;?;4;4;4;4;1;9;8;5;2;2;2;2;2;2;2;2;2;2;2;2;2;2;2;0;7;6;3;4;4;4;4;4;4;4;4;4;4;4;4;4;4;4;
?;?;?;?;?;?;?;?;5;2;2;2;2;2;0;7;6;3;1;9;8;5;2;2;2;2;2;2;2;2;2;2;2;0;7;6;3;4;4;4;4;4;4;4;4;4;4;1;9;8;
?;?;?;?;?;?;?;?;4;4;4;4;4;1;9;8;5;2;2;2;2;2;2;2;0;7;6;3;4;4;4;4;4;1;9;8;5;2;2;2;2;2;2;2;0;7;6;3;4;1;
?;?;?;?;?;?;?;?;3;4;1;9;8;5;0;7;6;3;4;4;4;4;4;4;4;4;4;4;4;4;4;4;1;9;8;5;2;2;2;2;2;2;2;2;2;2;2;2;2;2;
?;?;?;?;?;?;?;?;4;4;4;1;9;8;5;0;7;6;1;9;8;5;2;2;2;2;0;7;6;3;4;4;4;4;4;4;1;9;8;5;2;2;2;2;2;2;2;0;7;6;
?;?;?;?;?;?;?;?;5;0;7;6;3;4;4;1;9;8;5;2;2;2;2;0;1;9;8;5;2;2;0;7;6;1;9;8;5;2;2;2;2;2;2;2;0;7;6;3;4;4;
?;?;?;?;?;?;?;?;2;2;2;2;0;1;9;8;5;2;2;2;2;2;2;2;2;2;2;2;2;2;0;7;6;3;4;4;4;4;4;4;4;4;4;4;1;9;8;5;2;2;
?;?;?;?;?;?;?;?;3;4;4;4;4;4;4;4;1;9;0;7;6;3;4;4;4;4;4;4;1;9;8;5;2;2;2;2;2;2;2;2;2;2;2;2;2;2;2;2;2;2;
?;?;?;?;?;?;?;?;2;2;2;2;2;2;0;7;6;3;4;4;4;1;9;8;5;0;7;6;3;4;4;1;9;8;5;2;2;0;7;6;3;4;4;4;4;4;1;9;8;5;
?;?;?;?;?;?;?;?;2;2;2;2;2;2;2;2;0;7;6;3;4;4;4;4;4;4;4;1;9;8;5;0;1;9;8;5;2;2;2;2;2;2;2;0;7;6;3;4;4;4;
?;?;?;?;?;?;?;?;3;4;1;9;8;5;0;7;6;3;4;4;4;4;4;1;9;8;5;2;2;2;2;2;2;0;7;6;3;4;4;4;1;9;8;5;2;2;2;2;2;2;
?;?;?;?;?;?;?;?;3;4;1;9;8;5;2;2;0;7;6;3;4;1;9;0;7;6;3;4;4;4;4;4;1;9;8;5;2;2;2;2;2;2;2;0;7;6;3;4;4;4;
?;?;?;?;?;?;?;?;8;0;7;6;3;4;4;4;4;4;4;4;1;9;8;5;2;2;2;2;2;0;7;6;3;4;4;1;9;8;5;2;2;2;2;2;2;2;0;7;6;3;
?;?;?;?;?;?;?;?;3;4;1;9;8;5;2;2;2;2;2;2;2;2;2;2;2;0;7;6;3;4;4;4;4;4;4;4;4;4;4;4;4;4;4;4;4;4;4;4;4;4;
?;?;?;?;?;?;?;?;4;1;9;8;5;2;2;0;7;6;3;4;1;9;8;5;2;2;2;2;2;2;2;2;2;2;2;0;7;6;3;4;4;4;1;9;8;5;2;2;2;2;
?;?;?;?;?;?;?;?;2;2;0;7;6;3;1;9;8;5;2;2;0;7;6;3;4;4;4;4;4;4;1;9;8;5;2;2;2;0;7;6;3;1;9;8;5;2;2;2;0;7;
?;?;?;?;?;?;?;?;4;4;1;9;8;5;2;0;7;6;3;4;4;4;4;1;9;8;5;0;7;6;3;4;1;9;8;5;2;2;2;2;2;2;2;0;7;6;3;4;4;1;
?;?;?;?;?;?;?;?;4;4;1;9;8;5;0;7;6;3;4;4;1;9;8;5;2;2;2;2;2;2;2;2;2;2;2;2;2;2;2;2;0;7;6;3;4;4;4;4;4;4;
?;?;?;?;?;?;?;?;0;7;6;3;4;4;4;4;4;1;9;8;5;2;2;2;0;7;6;3;4;4;4;4;4;4;1;9;8;5;2;2;2;2;2;2;2;2;2;2;2;2;
?;?;?;?;?;?;?;?;3;4;4;4;4;4;4;4;4;4;4;4;4;4;1;9;8;5;2;2;2;2;2;2;2;2;2;2;0;7;6;3;1;9;8;5;0;7;6;3;4;4;
?;?;?;?;?;?;?;?;4;4;1;9;8;5;2;2;2;2;2;2;2;2;2;2;2;2;0;7;6;3;4;4;4;4;4;4;4;4;4;1;9;8;5;2;2;2;0;7;6;3;
?;?;?;?;?;?;?;?;1;9;8;5;2;2;2;2;2;2;0;7;6;3;4;4;4;4;4;4;4;4;4;4;4;4;4;4;1;9;8;5;2;2;2;2;2;2;2;2;2;2;
?;?;?;?;?;?;?;?;2;2;2;0;7;6;3;4;4;4;4;4;4;4;4;4;1;9;8;5;2;2;0;7;6;1;9;8;5;2;2;0;7;6;3;4;1;9;8;5;2;2;
?;?;?;?;?;?;?;?;4;4;1;9;8;5;2;2;2;2;2;2;2;2;2;2;0;7;6;3;4;4;1;9;8;5;2;2;2;0;7;6;3;4;4;4;4;4;4;4;4;4;
?;?;?;?;?;?;?;?;2;2;0;7;6;3;4;4;1;9;8;5;2;2;2;2;2;2;2;2;2;0;7;6;3;4;4;4;4;1;9;8;0;7;6;3;4;4;4;4;4;4;
?;?;?;?;?;?;?;?;3;4;1;9;8;5;2;0;7;6;3;4;1;9;8;5;2;0;7;6;3;4;4;4;4;4;4;4;4;4;4;1;9;8;5;2;2;2;2;2;2;2;
?;?;?;?;?;?;?;?;1;9;8;5;2;2;2;2;2;2;2;2;2;2;0;7;6;3;4;4;4;4;4;4;4;4;4;4;4;4;1;9;8;5;2;2;2;2;2;2;0;7;
?;?;?;?;?;?;?;?;5;2;0;7;6;1;9;8;5;2;2;0;7;6;3;4;4;4;1;9;8;5;2;2;2;0;7;6;3;4;1;9;8;5;2;2;2;2;2;2;2;0;
?;?;?;?;?;?;?;?;3;4;1;9;8;5;2;2;2;2;0;7;6;3;4;4;4;4;4;4;4;1;9;8;5;2;2;0;7;6;3;4;4;1;9;8;5;2;2;0;7;6;
?;?;?;?;?;?;?;?;4;4;1;9;8;5;2;2;2;2;2;2;2;2;2;2;2;2;0;7;6;3;4;1;9;8;5;0;7;6;3;4;4;4;4;4;1;9;8;5;2;2;
?;?;?;?;?;?;?;?;3;4;4;4;4;4;4;4;4;4;4;4;1;9;8;5;2;0;7;6;3;1;9;8;5;2;2;2;2;2;2;2;2;2;2;2;2;2;2;2;0;7;
?;?;?;?;?;?;?;?;4;4;1;9;8;0;7;6;3;4;4;4;4;4;4;1;9;8;5;2;2;2;2;2;0;7;6;3;4;4;4;4;1;9;8;5;2;2;2;2;2;2;
?;?;?;?;?;?;?;?;2;2;2;2;2;0;7;6;1;9;8;5;2;2;2;2;0;7;6;3;4;4;4;4;4;4;1;0;7;6;3;4;4;4;4;4;4;4;4;4;4;4;
?;?;?;?;?;?;?;?;1;9;8;5;2;2;2;0;7;6;3;4;4;4;1;9;8;5;0;7;6;3;4;4;4;4;1;9;8;5;2;2;2;2;2;2;2;2;2;2;2;2;
?;?;?;?;?;?;?;?;2;2;2;2;2;0;7;6;3;4;4;4;4;4;1;9;8;5;2;2;2;2;2;0;7;6;3;4;4;4;4;4;4;1;9;8;5;2;2;2;2;2;
?;?;?;?;?;?;?;?;2;2;0;7;6;3;4;4;4;4;4;4;1;9;8;5;2;2;2;2;0;7;6;3;4;4;4;1;9;8;5;2;2;2;2;2;2;0;7;6;3;4;
?;?;?;?;?;?;?;?;2;2;2;2;2;2;2;2;2;2;0;7;6;3;4;4;4;4;4;4;4;4;4;4;4;4;4;4;4;4;4;4;4;1;9;8;5;2;2;2;2;2;
?;?;?;?;?;?;?;?;3;4;1;9;8;5;2;2;2;2;2;2;2;2;2;2;2;2;0;7;6;3;4;4;4;4;4;4;4;4;4;4;4;4;4;1;9;8;5;2;2;0;
?;?;?;?;?;?;?;?;1;9;8;5;2;2;2;0;7;6;3;4;4;4;4;4;1;9;8;0;7;6;3;4;4;4;4;1;9;8;5;2;2;2;2;2;0;7;6;1;9;8;
?;?;?;?;?;?;?;?;4;4;4;1;9;8;5;2;0;7;6;3;4;4;4;4;4;1;9;8;5;2;2;2;2;2;2;2;0;7;6;3;4;4;4;4;4;1;9;8;0;7;
?;?;?;?;?;?;?;?;4;4;1;9;8;5;2;2;2;0;7;1;9;8;5;2;2;2;2;2;2;2;2;2;0;7;6;3;4;4;4;1;9;8;5;2;2;2;0;7;6;3;
?;?;?;?;?;?;?;?;5;2;0;7;6;3;4;1;9;8;5;2;0;7;6;3;4;4;1;9;8;5;2;2;2;2;2;2;2;2;2;0;7;6;3;4;4;4;4;4;1;9;
?;?;?;?;?;?;?;?;5;2;0;7;6;3;1;9;8;5;2;2;2;2;0;7;6;3;4;4;4;4;4;1;9;8;5;2;2;0;7;6;3;4;4;4;4;4;4;1;9;8;
?;?;?;?;?;?;?;?;2;2;2;0;7;6;3;4;4;4;4;4;4;4;4;4;4;4;4;1;9;8;5;2;2;2;2;2;2;2;0;7;6;3;4;4;4;4;4;1;9;8;
?;?;?;?;?;?;?;?;5;2;0;7;6;3;4;1;9;8;5;2;2;2;2;2;2;2;2;2;2;0;7;6;3;4;4;4;4;4;1;9;8;5;2;2;2;0;7;6;3;4;
?;?;?;?;?;?;?;?;2;2;0;7;6;1;9;8;5;2;2;2;0;7;6;3;4;4;4;4;4;4;1;9;8;5;2;2;2;2;2;2;2;2;2;2;0;7;6;3;4;4;
?;?;?;?;?;?;?;?;5;2;2;0;7;6;3;4;1;9;8;5;0;7;6;3;4;4;4;4;4;4;4;4;4;4;4;4;4;4;4;4;4;1;9;8;5;2;2;2;2;2;
?;?;?;?;?;?;?;?;3;4;1;9;8;5;2;0;7;6;3;4;1;9;8;5;2;2;2;2;2;2;2;2;2;2;2;2;0;7;6;1;9;8;5;0;7;6;3;4;4;4;
?;?;?;?;?;?;?;?;3;1;9;8;5;2;2;2;2;0;7;6;3;1;9;8;5;2;2;0;7;6;3;4;4;4;4;4;4;4;1;9;8;5;2;2;2;2;2;2;0;7;
?;?;?;?;?;?;?;?;4;4;4;4;4;4;4;4;4;4;4;4;4;4;4;4;4;4;4;4;4;4;4;4;4;4;4;4;4;4;4;4;4;4;4;4;4;4;4;4;4;4;
?;?;?;?;?;?;?;?;5;2;0;7;6;3;1;9;8;5;2;2;2;2;0;7;6;3;4;4;4;1;9;8;5;2;2;2;2;2;2;0;7;6;3;4;4;4;4;4;4;4;
?;?;?;?;?;?;?;?;2;2;2;2;2;2;2;0;7;6;3;4;4;4;4;4;4;4;4;4;4;4;4;1;9;8;5;2;2;2;0;7;6;3;1;9;8;5;2;2;2;0;
?;?;?;?;?;?;?;?;3;4;1;9;8;5;2;2;2;2;2;2;2;2;2;0;7;6;3;4;4;1;9;8;5;2;2;0;7;6;3;4;4;4;4;1;9;8;5;2;0;7;
?;?;?;?;?;?;?;?;5;2;0;7;6;3;1;9;8;5;2;0;7;6;3;4;4;4;4;1;9;8;5;2;2;2;2;2;2;2;2;2;2;2;0;7;1;9;8;5;2;2;
?;?;?;?;?;?;?;?;4;4;4;4;4;4;1;9;8;5;2;2;2;2;2;2;2;2;2;2;2;2;2;2;2;2;2;2;2;2;0;7;6;3;4;4;4;1;9;8;5;2;
?;?;?;?;?;?;?;?;3;1;9;8;5;0;7;6;3;4;4;4;1;9;8;5;2;2;0;7;6;3;4;4;4;4;4;1;9;8;5;2;2;2;2;2;0;7;6;3;4;4;
?;?;?;?;?;?;?;?;3;4;4;1;9;8;5;2;2;2;2;2;2;2;2;2;0;7;6;3;1;9;8;5;2;2;0;7;6;3;4;4;4;4;4;4;1;9;8;5;2;2;
?;?;?;?;?;?;?;?;5;2;0;7;6;3;4;4;1;9;8;5;2;0;7;6;3;4;4;1;9;8;5;2;2;2;2;2;2;2;2;2;2;0;7;6;3;4;4;4;1;9;
?;?;?;?;?;?;?;?;3;4;4;4;4;4;4;4;4;4;4;4;4;4;4;4;4;4;4;4;1;9;8;5;2;2;2;2;2;2;2;0;7;6;3;4;4;4;4;4;4;4;
?;?;?;?;?;?;?;?;1;9;8;5;2;2;0;7;6;3;4;4;1;9;8;5;0;7;6;3;4;4;4;1;9;8;5;2;2;2;2;2;2;2;2;2;2;2;0;7;6;3;
?;?;?;?;?;?;?;?;4;4;4;4;4;4;4;4;1;9;8;5;2;2;2;2;2;2;2;2;2;2;2;2;2;2;2;2;2;2;2;0;7;6;3;4;4;4;4;4;4;1;
?;?;?;?;?;?;?;?;2;2;0;7;6;3;4;4;4;4;4;4;4;4;4;4;4;1;9;8;5;2;2;2;2;2;2;2;2;0;7;6;3;4;4;1;9;8;5;2;2;0;
?;?;?;?;?;?;?;?;2;2;0;1;9;8;5;2;2;2;2;2;0;7;6;3;4;4;4;1;9;8;5;0;7;6;3;4;4;4;4;4;4;4;4;4;4;4;4;4;4;4;
?;?;?;?;?;?;?;?;3;4;1;9;8;0;7;6;3;4;4;4;4;1;9;8;5;2;2;2;2;2;2;2;2;2;2;0;7;6;3;4;4;4;1;9;8;5;2;2;2;2;
?;?;?;?;?;?;?;?;4;4;4;4;4;4;4;4;4;4;4;4;4;4;4;4;1;9;8;5;2;2;2;2;2;2;2;2;2;2;2;2;2;2;2;2;2;2;2;0;7;6;
?;?;?;?;?;?;?;?;5;2;0;7;6;3;1;9;8;5;2;2;0;7;6;3;4;4;1;9;8;5;2;0;7;6;3;4;4;1;9;8;5;2;0;7;6;3;4;4;4;4;
?;?;?;?;?;?;?;?;0;7;6;3;4;4;1;9;8;5;2;2;2;2;2;2;2;2;2;2;2;2;0;7;6;3;4;4;4;4;1;9;8;5;2;2;0;7;6;3;1;9;
?;?;?;?;?;?;?;?;4;4;1;9;8;5;2;2;2;2;0;7;6;3;4;4;4;4;4;4;4;1;9;8;5;2;2;2;2;2;2;2;2;2;2;2;2;0;7;6;1;9;
?;?;?;?;?;?;?;?;3;4;4;1;9;8;5;2;2;2;2;2;2;2;2;0;7;6;3;4;4;4;4;4;4;4;4;4;4;4;4;4;1;9;8;5;2;2;2;2;2;2;
?;?;?;?;?;?;?;?;3;1;9;8;5;2;0;7;6;3;4;4;4;1;9;8;5;2;2;2;2;2;2;2;2;2;2;2;2;2;2;2;2;0;7;6;3;4;4;4;4;1;
?;?;?;?;?;?;?;?;5;2;2;2;2;2;2;0;7;6;3;4;4;4;4;1;9;8;5;2;2;2;2;2;2;0;7;6;3;4;4;4;4;4;4;4;4;4;4;4;4;4;
?;?;?;?;?;?;?;?;2;2;2;0;7;6;3;4;4;4;4;4;4;4;4;4;4;4;1;9;8;5;2;2;2;2;2;2;2;2;2;2;2;2;0;7;6;3;4;4;4;4;
?;?;?;?;?;?;?;?;6;3;4;4;4;4;4;4;4;4;4;4;4;4;4;4;1;9;8;5;2;2;2;2;2;2;2;2;2;2;0;7;6;3;4;4;1;9;8;5;2;0;
?;?;?;?;?;?;?;?;3;4;1;9;8;5;2;0;7;6;3;4;1;9;8;5;2;0;7;6;3;4;4;1;9;8;5;0;7;6;3;4;4;1;9;8;5;2;2;2;0;7;
?;?;?;?;?;?;?;?;5;2;0;7;6;3;4;1;9;8;5;2;0;7;6;3;4;1;9;8;5;2;2;2;2;2;2;2;2;0;7;6;3;4;4;4;4;4;1;9;8;5;
?;?;?;?;?;?;?;?;5;2;2;0;7;6;3;1;9;8;5;2;0;7;6;3;4;4;4;4;4;4;4;4;4;4;4;4;4;4;1;9;8;5;2;2;2;2;2;2;2;2;
?;?;?;?;?;?;?;?;5;2;0;7;6;3;1;9;8;5;2;2;0;7;6;3;4;4;1;9;8;5;2;2;2;0;7;6;3;4;4;4;4;4;4;4;4;1;9;8;5;2;
?;?;?;?;?;?;?;?;2;2;2;2;2;2;2;2;2;0;7;6;3;4;4;4;4;4;4;4;4;4;1;9;8;5;2;2;2;2;2;2;2;2;2;0;7;6;3;4;4;4;
?;?;?;?;?;?;?;?;5;2;0;7;6;3;4;1;9;8;5;2;0;7;6;3;4;1;9;8;5;0;7;6;3;4;4;1;9;8;5;2;2;2;0;7;6;3;4;4;4;4;
?;?;?;?;?;?;?;?;5;2;2;2;2;2;2;2;0;7;6;3;4;4;4;4;1;9;8;5;2;0;7;6;3;4;4;4;4;4;4;4;4;4;4;1;9;8;5;2;2;2;
?;?;?;?;?;?;?;?;3;4;1;9;8;5;2;2;2;0;7;6;3;4;4;4;4;4;4;1;9;8;5;2;2;2;2;2;2;2;0;7;6;3;4;4;4;4;4;4;4;4;
?;?;?;?;?;?;?;?;2;2;2;0;7;6;3;4;4;4;4;1;9;8;5;2;2;0;7;6;3;4;4;4;4;1;9;8;5;2;2;2;2;0;7;6;3;4;4;4;1;9;
?;?;?;?;?;?;?;?;2;2;2;0;7;6;1;9;8;5;0;7;6;3;4;4;4;4;4;4;4;4;4;4;4;4;4;4;4;4;1;9;8;5;2;2;2;2;2;2;2;2;
?;?;?;?;?;?;?;?;4;4;1;9;8;5;2;0;7;6;3;4;1;9;8;5;2;2;2;0;7;6;3;4;4;4;4;4;4;4;1;9;8;5;2;2;2;0;7;6;3;4;
?;?;?;?;?;?;?;?;5;0;7;6;3;4;4;1;9;8;5;2;2;2;2;2;2;2;2;2;2;2;2;2;2;2;2;2;2;2;2;0;7;6;3;4;4;4;4;4;4;4;
?;?;?;?;?;?;?;?;5;2;0;7;6;3;4;1;9;8;5;2;2;0;7;6;3;4;4;4;1;9;8;5;2;2;2;2;2;2;2;2;0;7;6;3;4;4;1;9;8;5;
?;?;?;?;?;?;?;?;5;2;2;2;2;2;2;2;2;2;2;0;7;6;3;4;4;4;4;4;4;4;4;4;4;4;4;4;4;1;9;8;5;2;2;2;2;2;2;2;2;2;
?;?;?;?;?;?;?;?;5;2;2;0;1;9;8;5;2;2;2;2;2;0;7;6;3;4;4;4;4;4;4;4;4;4;4;1;9;8;0;7;6;3;4;4;4;4;4;4;1;9;
?;?;?;?;?;?;?;?;6;1;9;8;5;2;2;2;0;7;6;3;4;4;4;4;1;9;8;5;0;7;6;3;4;4;4;4;4;4;4;4;4;4;1;9;8;5;2;2;2;2;
?;?;?;?;?;?;?;?;5;0;7;6;3;4;1;9;8;5;2;2;2;2;2;2;2;2;2;2;2;2;2;0;7;6;3;4;4;4;4;4;4;4;4;4;4;4;4;4;4;4;
?;?;?;?;?;?;?;?;3;1;9;8;5;2;2;2;0;7;6;3;4;1;9;8;0;7;6;3;4;4;4;4;4;4;4;4;4;4;4;4;1;9;8;5;2;0;7;6;3;4;
?;?;?;?;?;?;?;?;4;4;1;9;8;5;0;7;6;3;4;1;9;8;5;2;2;2;2;2;2;2;2;2;2;2;0;7;6;3;4;4;4;4;1;9;8;5;2;0;7;6;
?;?;?;?;?;?;?;?;5;0;7;6;3;4;4;4;1;9;8;5;2;0;7;6;1;9;8;5;2;2;2;2;2;0;7;6;3;4;4;4;4;4;4;4;4;4;4;4;4;4;
?;?;?;?;?;?;?;?;5;2;0;7;6;3;4;4;4;1;0;7;6;3;4;4;4;4;1;9;8;5;2;2;2;2;2;2;2;2;2;2;2;2;2;0;7;6;3;4;4;4;
?;?;?;?;?;?;?;?;4;4;4;4;4;4;4;4;4;4;4;4;4;4;4;1;9;8;5;2;2;2;2;2;2;2;2;2;2;2;0;7;6;3;4;4;1;9;8;5;2;2;
?;?;?;?;?;?;?;?;3;4;1;9;8;5;2;0;7;6;3;4;4;1;9;8;5;2;2;2;2;2;2;2;2;2;0;7;6;3;4;4;4;1;9;8;5;2;2;2;2;2;
?;?;?;?;?;?;?;?;0;7;1;9;8;5;2;2;2;2;2;2;2;2;0;7;6;3;4;4;4;4;4;4;4;4;4;4;4;4;4;4;4;4;4;4;4;4;4;4;4;4;
?;?;?;?;?;?;?;?;2;2;2;2;0;7;6;3;4;4;4;4;1;9;8;5;2;2;2;2;2;0;7;6;3;4;4;4;4;4;4;4;4;4;4;4;4;4;4;4;4;4;
?;?;?;?;?;?;?;?;2;2;0;7;6;3;1;9;8;5;2;2;2;2;2;2;2;2;2;2;2;0;7;6;3;4;4;4;4;4;4;4;4;1;9;8;5;2;2;2;2;2;
?;?;?;?;?;?;?;?;5;2;2;2;2;0;7;6;3;4;4;4;4;4;4;4;1;9;8;5;2;2;2;2;2;2;0;7;6;3;4;4;4;4;4;1;9;8;5;2;2;2;
?;?;?;?;?;?;?;?;5;2;2;2;0;7;6;3;4;4;4;4;4;4;4;1;9;8;5;2;2;2;2;2;2;2;2;2;2;2;2;2;2;0;7;6;3;4;4;4;4;1;
?;?;?;?;?;?;?;?;3;4;1;9;8;5;2;2;2;2;2;2;2;2;2;2;2;0;7;6;3;4;4;4;4;4;4;4;4;4;4;4;4;1;9;8;5;2;2;2;2;2;
?;?;?;?;?;?;?;?;2;2;2;0;7;6;3;4;4;4;4;1;9;8;5;2;2;2;0;7;6;3;4;4;4;4;4;1;9;8;5;2;2;0;7;6;3;4;4;4;4;4;
?;?;?;?;?;?;?;?;4;1;9;8;5;2;2;2;0;7;6;3;4;4;1;9;8;5;2;2;2;2;2;2;0;7;6;3;4;4;4;4;4;4;1;9;8;5;2;0;7;6;
?;?;?;?;?;?;?;?;4;4;4;1;9;8;5;0;7;6;3;4;1;9;8;5;2;2;0;7;6;3;4;4;1;9;8;5;2;2;2;2;2;2;2;2;2;0;7;6;3;4;
?;?;?;?;?;?;?;?;1;9;8;5;2;2;0;7;6;3;4;4;4;4;4;4;4;4;4;4;4;4;4;1;9;8;5;2;2;2;2;2;2;2;2;0;7;6;1;9;8;5;
?;?;?;?;?;?;?;?;4;4;1;9;8;5;2;2;2;2;2;2;2;2;0;7;6;3;4;4;4;4;4;4;4;1;9;8;0;7;6;3;4;1;9;8;5;2;0;7;6;3;
?;?;?;?;?;?;?;?;2;0;7;6;3;4;1;9;8;5;2;2;2;2;2;2;2;2;2;2;0;7;6;3;4;4;4;4;4;1;9;8;5;2;2;2;2;2;0;7;6;3;
?;?;?;?;?;?;?;?;5;2;2;0;7;6;3;1;9;8;5;2;0;7;6;3;4;4;4;4;4;4;4;4;4;1;9;8;5;2;2;2;2;2;2;0;7;6;3;4;4;4;
?;?;?;?;?;?;?;?;5;2;0;7;6;3;4;1;9;8;5;2;0;7;6;3;4;4;1;9;8;0;7;6;3;4;4;1;9;8;5;2;2;2;0;7;6;3;1;9;8;5;
?;?;?;?;?;?;?;?;5;2;0;7;6;3;4;1;9;8;5;2;2;2;2;2;2;2;2;2;0;7;6;3;4;4;1;9;8;5;2;2;2;2;0;7;6;3;4;4;4;4;
?;?;?;?;?;?;?;?;2;2;0;7;6;3;1;9;8;5;2;2;2;2;0;7;6;3;4;4;4;4;4;4;4;4;4;4;4;4;4;4;4;4;4;1;9;8;5;2;2;2;
?;?;?;?;?;?;?;?;2;2;2;0;7;6;3;4;4;4;4;4;1;9;8;0;7;6;3;4;4;4;4;4;4;4;1;9;8;5;2;0;7;6;3;4;4;4;4;4;4;4;
?;?;?;?;?;?;?;?;4;4;1;9;8;5;2;2;2;2;2;2;0;7;6;3;4;4;4;4;4;4;4;1;9;8;5;2;2;2;2;2;2;2;2;2;2;2;0;7;6;3;
?;?;?;?;?;?;?;?;4;4;4;4;4;4;4;4;4;4;4;4;4;1;9;8;5;2;2;2;2;2;2;0;7;1;9;8;5;2;2;2;2;2;2;2;2;2;2;2;2;2;
?;?;?;?;?;?;?;?;1;9;8;5;2;2;2;2;2;0;7;6;3;4;4;4;4;4;4;4;4;4;4;4;4;4;4;4;4;4;4;1;9;8;5;2;2;2;2;2;2;2;
?;?;?;?;?;?;?;?;4;4;4;1;9;8;5;2;0;7;6;3;1;9;8;5;2;2;2;2;2;2;2;2;2;2;2;2;2;0;7;6;3;4;4;4;4;4;4;4;4;4;
?;?;?;?;?;?;?;?;5;0;7;6;3;4;4;4;1;9;8;5;0;7;1;9;8;5;2;2;2;2;2;2;0;7;6;3;4;4;4;4;1;9;8;5;2;2;2;2;2;0;
?;?;?;?;?;?;?;?;5;0;7;6;3;4;4;4;1;9;8;5;0;7;6;3;1;9;8;5;2;2;2;2;0;7;6;3;4;4;4;4;4;1;9;8;5;2;2;2;2;0;
?;?;?;?;?;?;?;?;2;2;0;7;6;3;4;1;9;8;5;0;7;6;3;4;1;9;8;5;2;0;7;6;3;4;4;4;4;4;4;4;4;4;4;4;1;9;8;5;2;2;
?;?;?;?;?;?;?;?;5;0;7;6;3;4;1;9;8;5;2;2;2;0;7;6;3;4;4;1;9;8;5;2;2;2;2;2;2;2;2;0;7;6;3;4;4;4;4;4;4;4;
?;?;?;?;?;?;?;?;3;4;1;9;8;5;2;0;7;6;3;4;1;9;8;5;2;2;0;7;6;3;1;9;8;5;2;0;7;6;3;4;4;4;4;4;4;4;4;4;4;4;
?;?;?;?;?;?;?;?;3;4;1;9;8;5;2;0;7;6;3;4;4;1;9;8;5;2;0;7;6;3;4;1;9;8;5;2;2;2;2;2;2;2;2;2;2;2;0;7;6;1;
?;?;?;?;?;?;?;?;5;0;7;6;3;4;1;9;8;5;2;2;0;7;6;3;4;1;9;8;5;2;2;2;2;2;2;0;7;1;9;8;0;7;6;3;4;4;4;4;4;1;
?;?;?;?;?;?;?;?;5;2;0;7;6;3;4;1;9;8;5;2;2;2;2;2;2;2;2;2;2;2;0;7;6;3;4;4;4;4;4;4;4;4;4;4;4;4;1;9;8;5;
?;?;?;?;?;?;?;?;3;4;1;9;8;5;2;0;7;6;3;4;4;1;9;8;5;2;2;2;2;2;0;7;6;3;4;4;4;4;4;1;9;8;5;2;2;0;7;6;3;4;
?;?;?;?;?;?;?;?;0;7;6;3;4;4;4;4;1;9;8;5;2;2;2;2;2;2;2;2;2;2;2;2;2;2;2;2;2;2;2;0;7;6;3;4;4;4;4;4;4;4;
?;?;?;?;?;?;?;?;2;2;0;7;6;3;4;4;4;4;4;4;4;4;4;4;4;4;1;9;8;5;2;2;2;2;2;2;2;2;2;2;2;2;0;7;6;3;4;4;4;4;
?;?;?;?;?;?;?;?;1;9;8;5;2;2;2;2;2;2;2;2;2;2;2;0;7;6;3;4;4;4;4;4;4;4;4;1;9;8;5;2;2;2;0;7;6;3;4;4;4;4;
?;?;?;?;?;?;?;?;9;8;5;2;2;2;2;2;0;7;6;3;4;4;1;9;8;5;2;2;2;2;0;7;6;3;4;4;4;4;4;4;4;4;4;4;4;4;4;4;4;4;
?;?;?;?;?;?;?;?;4;4;4;4;4;4;4;4;4;4;4;4;4;4;4;4;4;4;4;4;4;4;4;4;4;4;4;4;4;4;4;4;4;4;4;4;4;4;4;4;4;4;
?;?;?;?;?;?;?;?;3;4;1;9;8;5;2;2;0;7;6;3;1;9;8;5;2;2;2;2;0;7;6;3;4;4;4;4;4;4;4;4;4;4;4;4;1;9;8;5;2;2;
?;?;?;?;?;?;?;?;2;2;0;7;6;3;4;1;9;8;5;2;0;7;6;3;4;4;1;9;8;5;0;7;6;3;4;4;4;4;4;4;4;4;4;4;4;4;4;4;4;4;
?;?;?;?;?;?;?;?;5;2;0;7;6;3;4;1;9;8;5;2;2;2;0;7;6;3;4;4;4;4;4;4;4;4;4;4;4;4;4;4;4;4;4;4;4;4;4;4;1;9;
?;?;?;?;?;?;?;?;0;7;6;3;4;4;4;4;4;4;4;4;4;4;4;4;4;1;9;8;5;2;2;2;2;2;2;2;2;2;2;2;2;0;7;6;3;4;4;1;9;8;
?;?;?;?;?;?;?;?;2;2;2;2;2;2;0;7;6;3;4;4;4;4;4;4;1;9;8;5;2;2;0;7;6;3;4;1;9;8;5;2;2;2;2;2;2;2;2;2;2;2;
?;?;?;?;?;?;?;?;5;2;2;2;2;2;2;2;0;7;6;3;4;4;4;4;4;4;4;4;4;4;4;4;4;4;1;9;8;5;2;2;2;2;2;2;2;2;2;2;2;2;
?;?;?;?;?;?;?;?;2;2;0;7;6;3;4;1;9;8;5;2;0;7;6;3;4;4;1;9;8;5;0;7;6;3;1;9;8;5;2;2;2;0;7;6;3;4;1;9;8;5;
?;?;?;?;?;?;?;?;3;1;9;8;5;2;0;7;6;3;4;4;4;4;4;1;9;8;5;2;2;2;2;2;2;2;2;0;7;6;3;4;4;4;4;1;9;8;5;0;7;6;
?;?;?;?;?;?;?;?;0;7;6;3;4;4;4;1;9;8;5;2;2;2;2;2;2;2;0;7;6;3;4;4;1;9;8;5;2;2;2;2;0;7;6;3;4;4;4;4;4;4;
?;?;?;?;?;?;?;?;4;4;1;9;8;5;2;2;2;2;0;7;6;1;9;8;0;7;6;3;4;4;4;4;4;4;4;4;4;1;9;8;5;2;2;2;2;2;2;2;0;7;
?;?;?;?;?;?;?;?;0;7;6;3;4;4;4;4;4;4;4;4;1;9;8;5;2;2;0;7;6;3;4;1;9;8;5;2;2;2;2;2;2;2;2;2;2;2;2;2;2;2;
?;?;?;?;?;?;?;?;5;2;2;0;7;6;3;4;4;4;4;4;4;4;4;4;4;1;9;8;5;2;2;0;7;6;1;9;8;5;2;2;2;2;2;2;0;7;1;9;8;5;
?;?;?;?;?;?;?;?;3;4;4;4;1;9;8;5;0;7;6;3;4;4;4;4;1;9;8;5;2;2;2;2;0;7;6;3;4;4;4;1;9;8;5;2;2;2;2;0;7;6;
?;?;?;?;?;?;?;?;9;8;5;2;2;2;0;7;6;3;4;4;4;4;4;4;4;4;4;4;4;4;1;9;8;5;2;2;2;2;2;2;2;2;2;2;2;2;2;2;2;2;
?;?;?;?;?;?;?;?;0;7;6;3;4;4;1;9;8;5;2;2;2;2;0;7;6;3;4;1;9;8;0;7;6;3;4;4;4;4;1;9;8;5;2;2;2;2;0;7;6;3;
?;?;?;?;?;?;?;?;3;4;1;9;8;5;0;7;6;3;4;1;9;8;5;2;0;7;6;3;4;4;1;9;8;5;2;2;2;2;2;2;2;2;2;2;2;0;7;6;3;4;
?;?;?;?;?;?;?;?;4;4;4;4;1;9;8;5;2;2;2;0;7;6;1;9;8;5;2;2;2;2;2;0;7;6;3;4;4;4;4;4;4;4;4;4;4;1;9;8;5;2;
?;?;?;?;?;?;?;?;5;2;0;7;6;3;4;1;9;0;7;6;3;4;4;4;4;1;9;8;0;7;6;3;4;1;9;8;5;2;2;2;2;2;0;7;6;3;4;4;4;1;
?;?;?;?;?;?;?;?;2;2;2;2;0;7;6;3;4;4;4;4;1;9;8;5;2;2;2;2;0;7;6;3;4;4;4;4;4;4;1;9;8;5;2;2;2;0;7;6;3;4;
?;?;?;?;?;?;?;?;4;4;4;1;9;8;5;2;2;0;7;6;3;4;4;1;9;8;5;2;2;2;2;2;2;2;2;2;2;2;2;2;2;2;2;2;2;2;2;2;2;2;
?;?;?;?;?;?;?;?;4;1;9;8;5;2;2;0;7;6;1;9;8;5;2;2;2;2;2;0;7;6;3;4;4;1;9;8;5;2;2;0;7;6;3;4;4;4;4;4;4;4;
?;?;?;?;?;?;?;?;3;4;1;9;8;5;2;0;7;6;3;4;4;4;4;4;4;4;1;9;8;5;2;2;2;2;2;0;7;6;3;4;4;4;4;1;9;8;5;2;0;7;
?;?;?;?;?;?;?;?;3;4;1;9;8;5;2;2;2;2;2;2;2;0;7;6;3;4;4;4;4;4;4;4;1;9;8;5;0;7;6;3;4;4;4;4;4;4;1;9;8;5;
?;?;?;?;?;?;?;?;1;9;8;5;2;2;2;2;0;7;6;3;4;4;4;4;4;4;4;4;4;4;4;4;4;4;4;4;4;4;4;1;9;8;5;2;2;2;2;0;7;1;
?;?;?;?;?;?;?;?;2;0;7;6;3;4;4;4;4;4;4;4;4;4;4;4;4;4;4;4;4;4;4;4;4;1;9;8;5;2;2;2;2;2;2;2;2;2;2;2;2;2;
?;?;?;?;?;?;?;?;6;3;4;4;4;4;4;4;4;4;4;4;4;4;4;4;4;4;4;4;1;9;8;5;2;2;2;2;2;0;7;6;3;4;4;4;1;9;8;5;2;2;
?;?;?;?;?;?;?;?;3;4;4;4;4;4;1;9;8;5;2;2;2;2;2;2;0;7;6;3;4;4;4;4;1;9;8;0;7;6;3;4;4;4;4;1;9;8;5;2;2;2;
?;?;?;?;?;?;?;?;5;0;7;6;3;4;4;1;9;8;5;2;2;2;2;2;2;2;2;2;2;2;2;0;7;6;3;4;4;4;4;4;4;4;4;4;4;4;4;4;1;9;
?;?;?;?;?;?;?;?;4;4;4;4;1;9;8;5;2;2;2;0;7;6;3;4;4;4;4;4;4;4;4;4;4;4;4;4;1;9;8;5;2;2;2;2;2;2;2;2;2;2;
?;?;?;?;?;?;?;?;2;0;7;6;3;4;4;4;1;9;8;5;2;0;7;6;3;4;1;9;8;5;2;2;2;2;0;7;6;3;4;4;1;9;8;5;2;2;0;7;6;3;
?;?;?;?;?;?;?;?;2;2;2;2;2;2;0;7;6;3;4;4;4;4;4;4;4;4;4;4;4;4;4;4;4;4;4;4;4;4;4;4;4;4;1;9;8;5;2;2;2;2;
?;?;?;?;?;?;?;?;5;2;0;7;6;3;4;1;9;8;5;2;2;0;7;6;3;4;4;4;4;4;4;4;4;4;1;9;8;5;2;2;2;0;7;6;3;4;4;4;4;4;
?;?;?;?;?;?;?;?;4;4;4;4;4;4;4;4;4;1;9;8;5;2;2;0;7;6;3;4;4;4;4;1;9;8;5;2;2;2;2;2;2;2;2;2;2;2;2;2;2;2;
?;?;?;?;?;?;?;?;5;2;0;7;6;3;4;1;9;8;5;2;2;0;1;9;8;5;2;2;2;0;7;6;3;4;4;4;4;4;4;1;9;8;5;2;2;2;2;2;2;0;
?;?;?;?;?;?;?;?;3;1;9;8;5;2;2;0;7;6;3;4;4;1;9;8;0;7;6;3;4;4;4;4;4;1;9;8;5;2;2;2;2;0;7;6;1;9;8;5;2;2;
?;?;?;?;?;?;?;?;3;4;4;4;4;4;4;4;4;4;4;1;9;8;5;2;2;2;0;7;6;3;4;4;4;4;1;9;8;5;2;2;2;2;2;2;2;2;0;7;6;3;
?;?;?;?;?;?;?;?;4;1;9;8;5;2;2;2;2;0;7;1;9;8;5;2;2;0;7;6;3;4;4;4;4;4;4;4;4;4;4;4;4;4;1;9;8;5;2;2;2;2;
?;?;?;?;?;?;?;?;5;2;2;0;7;6;3;4;4;4;4;4;4;4;4;4;4;1;9;8;5;2;2;2;2;2;2;2;2;2;2;2;2;2;2;2;2;2;2;0;7;6;
?;?;?;?;?;?;?;?;4;1;9;8;5;2;2;2;0;7;6;3;4;4;4;1;9;8;5;2;2;2;2;2;2;2;2;2;2;2;2;2;0;7;6;3;4;4;4;4;4;4;
?;?;?;?;?;?;?;?;2;2;2;0;1;9;8;5;2;2;2;2;2;0;7;6;3;4;4;4;4;4;4;4;4;4;4;4;4;4;4;4;4;4;4;4;4;4;1;9;8;5;
?;?;?;?;?;?;?;?;3;1;9;8;5;2;2;2;0;7;6;3;4;4;4;4;4;4;4;4;4;4;1;9;8;5;2;2;0;7;6;3;4;4;4;4;4;4;1;9;8;5;
?;?;?;?;?;?;?;?;5;2;2;2;0;7;6;3;4;4;1;9;8;5;2;2;2;2;2;0;7;6;3;4;4;4;4;4;4;4;4;4;4;1;9;8;5;2;2;2;2;2;
?;?;?;?;?;?;?;?;6;3;4;4;4;4;4;4;4;4;1;9;8;5;2;2;2;2;2;0;7;6;3;4;4;4;4;4;4;1;9;8;5;0;7;6;3;1;9;8;5;2;
?;?;?;?;?;?;?;?;5;2;0;7;6;3;4;1;9;8;5;2;2;2;0;7;6;3;1;9;8;0;7;6;3;4;4;1;9;8;5;2;2;2;2;2;2;2;2;2;0;7;
?;?;?;?;?;?;?;?;3;4;1;9;8;0;7;6;3;4;4;1;9;8;5;2;2;2;2;2;0;7;1;9;8;5;2;0;7;6;3;4;4;4;4;4;4;4;4;1;9;8;
?;?;?;?;?;?;?;?;3;4;4;1;9;8;5;2;2;2;2;2;2;2;2;2;2;2;0;7;6;3;4;4;4;4;4;4;4;4;4;4;4;1;9;8;5;2;2;2;2;2;
?;?;?;?;?;?;?;?;5;2;0;7;6;3;4;4;4;4;4;4;4;4;1;9;8;5;2;2;2;2;2;2;2;0;7;6;3;4;4;4;4;4;4;4;4;4;4;4;4;4;
?;?;?;?;?;?;?;?;5;2;0;7;6;3;4;4;1;9;8;5;2;0;7;6;3;1;9;8;5;2;2;2;2;2;2;2;0;7;6;3;4;4;4;1;9;8;5;2;2;2;
?;?;?;?;?;?;?;?;3;4;4;1;0;7;6;3;4;4;4;4;1;9;8;5;2;2;2;0;7;6;3;4;4;4;4;4;4;1;9;8;5;2;2;2;2;2;2;0;7;6;
?;?;?;?;?;?;?;?;3;4;4;1;9;8;5;2;0;7;6;3;4;4;4;4;4;4;4;4;4;4;4;4;1;9;8;5;2;2;2;2;2;2;2;2;2;2;2;0;7;6;
?;?;?;?;?;?;?;?;5;2;2;2;2;2;2;2;2;0;7;6;3;4;4;4;4;1;9;8;5;2;2;2;2;0;7;6;3;4;4;4;4;4;4;4;4;1;9;8;5;2;
?;?;?;?;?;?;?;?;5;2;0;7;6;3;4;4;1;9;8;5;2;2;2;2;2;2;2;2;2;2;2;2;2;2;0;7;6;3;4;4;4;4;4;4;4;4;4;4;4;4;
?;?;?;?;?;?;?;?;4;4;4;4;4;1;9;8;5;2;2;2;2;2;2;2;2;2;2;2;2;2;2;2;2;2;2;2;2;0;7;6;3;4;4;4;4;4;4;4;4;4;
?;?;?;?;?;?;?;?;2;2;2;0;7;1;9;8;5;2;2;0;7;6;3;4;4;4;4;4;4;1;9;8;5;0;7;6;3;4;4;1;9;8;5;2;2;2;2;2;2;2;
?;?;?;?;?;?;?;?;2;0;7;6;3;4;1;9;8;5;2;2;2;2;0;7;6;1;9;8;5;2;2;2;0;7;6;3;4;4;4;4;4;4;4;4;4;4;4;4;4;4;
?;?;?;?;?;?;?;?;5;0;7;6;3;4;4;4;1;9;0;7;6;3;4;4;4;4;4;1;9;8;5;2;2;2;2;2;2;2;2;2;2;2;2;2;0;7;6;3;4;4;
?;?;?;?;?;?;?;?;3;1;9;8;5;2;0;7;6;3;4;4;4;4;4;4;4;4;4;1;9;8;5;2;2;2;2;2;0;7;6;3;4;4;1;9;0;7;6;3;4;4;
?;?;?;?;?;?;?;?;8;5;2;2;2;2;2;0;7;6;3;4;1;9;8;5;2;2;2;2;2;2;0;7;6;3;4;4;1;0;7;6;3;4;4;4;4;4;4;4;4;4;
?;?;?;?;?;?;?;?;3;4;4;4;4;1;9;8;5;2;2;2;2;2;2;2;2;2;2;2;2;2;2;2;2;2;0;7;6;3;4;4;4;4;4;1;9;8;5;2;2;2;
?;?;?;?;?;?;?;?;5;2;0;7;6;3;1;9;8;5;2;2;2;0;7;6;3;4;4;4;4;4;4;4;4;4;4;4;4;4;4;1;9;8;5;2;2;2;2;2;2;0;
?;?;?;?;?;?;?;?;3;4;4;1;9;8;0;7;6;3;4;4;1;9;8;5;0;7;6;3;4;4;4;1;9;8;5;2;2;2;2;2;0;7;6;3;4;4;4;4;4;4;
?;?;?;?;?;?;?;?;5;2;0;7;6;3;4;1;9;8;5;2;2;0;7;6;3;4;1;9;8;0;7;6;3;1;9;8;5;2;2;2;2;2;2;0;7;6;3;4;4;4;
?;?;?;?;?;?;?;?;2;2;2;2;2;2;2;0;7;6;3;4;4;4;4;1;9;8;5;2;2;2;0;7;6;3;4;4;4;4;1;9;8;5;2;2;0;7;6;3;4;4;
?;?;?;?;?;?;?;?;2;2;2;2;0;7;6;3;4;4;4;4;4;4;4;4;4;4;4;4;4;4;1;9;8;5;2;2;2;2;2;2;2;2;2;2;2;2;2;2;2;2;
?;?;?;?;?;?;?;?;3;1;9;8;5;2;2;2;2;0;7;6;3;1;9;8;5;2;0;7;6;3;4;4;4;4;4;4;1;9;8;5;2;2;2;2;0;7;6;3;1;9;
?;?;?;?;?;?;?;?;5;2;2;0;7;1;9;8;5;2;2;2;2;2;2;2;2;2;2;2;2;2;0;7;6;3;4;4;4;4;4;4;4;1;9;8;5;2;2;2;2;2;
?;?;?;?;?;?;?;?;8;5;2;2;0;7;1;9;8;5;2;2;2;2;2;2;2;0;7;6;3;4;1;9;8;5;2;0;7;6;3;4;4;4;4;4;4;1;9;8;5;0;
?;?;?;?;?;?;?;?;4;4;4;4;4;4;4;4;4;4;4;4;4;4;4;4;4;4;1;9;8;5;2;2;2;2;2;2;2;2;2;2;2;2;2;2;2;0;7;6;3;4;
?;?;?;?;?;?;?;?;2;0;7;6;3;4;4;4;4;1;9;8;5;2;0;7;6;3;4;4;4;4;4;4;4;4;1;9;8;5;2;2;2;2;2;2;2;2;2;2;2;2;
?;?;?;?;?;?;?;?;4;4;1;9;8;5;2;2;2;0;7;6;3;1;9;0;7;6;3;4;4;4;4;4;1;9;8;5;2;2;2;2;2;2;2;2;2;2;2;0;7;6;
?;?;?;?;?;?;?;?;6;1;9;8;5;2;0;7;6;3;4;1;9;8;5;2;0;7;6;3;4;4;4;4;4;1;9;8;5;2;2;2;2;2;0;7;6;3;4;4;1;9;
?;?;?;?;?;?;?;?;1;9;8;5;2;2;0;7;6;1;9;8;5;2;2;2;2;0;7;6;3;1;9;8;5;2;0;7;6;3;4;4;4;4;4;4;4;4;4;4;4;1;
?;?;?;?;?;?;?;?;5;2;0;7;6;3;4;1;9;8;5;2;2;2;2;2;2;2;2;0;7;6;3;4;4;4;4;1;9;8;5;2;2;0;7;6;3;4;4;4;4;4;
?;?;?;?;?;?;?;?;5;2;0;7;6;3;1;9;8;5;2;2;2;0;7;6;3;4;4;1;9;8;5;2;0;1;9;8;5;2;2;2;2;2;2;2;0;7;1;9;8;5;
?;?;?;?;?;?;?;?;2;2;0;7;6;3;4;1;9;8;5;2;0;7;6;3;4;4;4;4;4;4;4;4;4;4;4;1;9;8;5;2;2;2;0;7;6;3;4;4;4;4;
?;?;?;?;?;?;?;?;5;2;0;7;6;1;9;8;5;2;2;2;0;7;6;3;4;4;1;9;8;5;0;7;6;3;4;4;4;4;1;9;8;5;2;2;2;2;2;2;2;2;
?;?;?;?;?;?;?;?;5;2;2;2;2;2;2;2;2;0;7;6;3;4;4;4;4;1;9;8;5;2;2;2;0;7;6;3;4;4;1;9;8;5;2;2;2;2;2;2;2;2;
?;?;?;?;?;?;?;?;5;2;0;7;6;3;4;1;9;8;5;0;7;6;3;4;4;1;9;8;5;2;2;2;2;2;0;7;6;3;4;4;4;4;4;4;4;4;4;4;4;4;
?;?;?;?;?;?;?;?;5;0;7;6;3;4;4;1;9;8;5;2;0;7;6;3;4;1;9;8;5;2;2;2;2;2;2;2;2;2;2;2;0;7;6;3;4;4;1;9;8;5;
?;?;?;?;?;?;?;?;5;2;0;7;6;3;4;1;9;8;5;2;0;7;6;3;4;4;1;9;8;5;0;7;6;3;1;9;0;7;6;3;4;4;4;4;4;4;1;9;8;5;
?;?;?;?;?;?;?;?;1;9;8;5;2;2;2;2;2;2;2;0;7;6;3;4;4;1;9;8;5;2;2;2;2;0;7;1;9;8;5;2;2;2;2;2;2;2;0;7;6;3;
?;?;?;?;?;?;?;?;4;4;4;4;4;4;4;4;4;4;4;4;4;4;4;4;4;4;4;4;4;4;4;4;4;4;4;4;4;4;4;4;4;4;4;4;4;4;4;4;4;4;
?;?;?;?;?;?;?;?;3;4;4;4;1;9;8;5;2;2;2;2;2;2;2;2;2;2;0;7;6;3;4;4;4;4;4;4;4;1;9;8;5;2;2;0;7;6;3;4;4;4;
?;?;?;?;?;?;?;?;5;2;0;7;6;3;4;1;9;8;5;0;7;6;3;4;4;4;1;9;8;5;2;2;0;7;6;3;4;4;4;1;9;8;5;2;2;2;2;2;2;2;
?;?;?;?;?;?;?;?;2;2;2;2;2;0;7;6;3;4;4;4;4;4;4;4;4;4;4;4;1;9;0;7;6;3;4;4;4;4;4;1;9;8;5;2;2;2;2;2;0;7;
?;?;?;?;?;?;?;?;1;9;8;5;2;0;7;6;3;4;4;4;4;1;9;8;5;2;2;0;7;6;3;4;4;1;9;8;5;2;2;2;2;2;2;2;2;2;2;2;2;2;
?;?;?;?;?;?;?;?;3;1;9;8;5;2;2;2;0;7;6;3;4;4;4;4;4;4;4;4;4;1;9;8;5;2;2;2;0;7;6;3;4;4;4;4;4;4;4;4;4;4;
?;?;?;?;?;?;?;?;3;4;1;9;8;5;0;7;6;3;4;4;4;4;4;1;9;8;5;2;2;2;0;7;6;3;4;4;1;9;8;5;2;2;2;2;2;0;7;6;3;4;
?;?;?;?;?;?;?;?;0;7;6;3;4;4;1;9;8;5;2;2;2;2;2;2;2;2;2;2;2;2;2;2;2;0;7;6;3;4;4;4;4;4;4;1;9;8;5;2;2;2;
?;?;?;?;?;?;?;?;5;2;2;2;2;2;2;2;2;2;2;2;0;7;6;3;4;4;4;4;4;4;4;4;4;4;4;4;1;9;8;0;7;6;3;4;4;4;4;4;1;9;
?;?;?;?;?;?;?;?;3;4;1;9;8;5;2;2;2;2;2;2;2;2;2;2;2;0;7;6;3;4;4;4;4;4;4;4;4;4;4;4;4;4;1;9;8;5;0;7;6;3;
?;?;?;?;?;?;?;?;5;2;0;7;6;3;1;9;8;5;2;2;0;7;6;3;1;9;8;5;2;2;0;7;6;3;4;4;4;4;4;4;4;1;9;8;5;2;2;2;2;2;
?;?;?;?;?;?;?;?;3;4;4;4;4;4;4;4;4;4;4;4;4;4;4;4;4;4;4;1;9;8;5;2;2;2;2;0;7;6;3;1;9;8;5;2;2;2;2;2;2;2;
?;?;?;?;?;?;?;?;5;2;0;7;1;9;8;5;2;2;2;2;2;0;7;6;1;9;8;5;2;0;7;6;3;4;4;4;4;4;1;9;8;5;0;7;6;3;4;4;4;4;
?;?;?;?;?;?;?;?;3;4;1;9;8;5;2;0;7;6;3;4;1;9;8;5;2;2;2;2;2;2;2;2;2;0;7;6;3;4;4;4;4;4;1;9;8;5;2;2;2;2;
?;?;?;?;?;?;?;?;5;0;7;6;3;4;4;4;1;9;8;5;2;2;2;2;2;2;2;0;7;6;3;4;4;4;4;4;1;9;8;5;2;2;2;2;2;2;2;2;0;7;
?;?;?;?;?;?;?;?;2;2;2;2;2;2;2;0;7;6;1;9;8;5;2;2;2;2;2;0;7;6;3;4;4;4;4;4;4;4;4;4;4;4;4;4;4;1;9;8;5;2;
?;?;?;?;?;?;?;?;5;0;7;6;3;4;4;1;9;8;5;2;2;2;2;2;2;2;2;2;2;2;0;7;6;3;4;1;9;8;5;2;2;0;7;6;3;4;4;4;4;4;
?;?;?;?;?;?;?;?;2;0;7;6;3;4;4;1;9;8;5;2;0;7;6;3;4;4;4;4;4;4;1;9;8;5;2;2;2;2;2;2;2;0;7;6;3;4;4;1;9;8;
?;?;?;?;?;?;?;?;5;2;0;7;6;3;4;4;4;4;1;9;8;5;2;2;2;2;2;0;7;6;3;4;4;4;1;9;8;5;2;2;2;2;2;2;2;2;2;2;2;2;
?;?;?;?;?;?;?;?;5;0;7;6;3;4;1;9;8;5;2;2;2;2;0;7;1;9;8;5;0;7;6;3;4;4;4;4;4;1;9;8;5;2;2;2;2;2;2;2;2;2;
?;?;?;?;?;?;?;?;5;2;2;2;2;2;2;2;0;7;6;3;4;4;4;1;9;8;5;0;7;6;3;4;4;4;4;4;4;4;1;9;8;5;2;2;2;2;2;0;1;9;
?;?;?;?;?;?;?;?;3;4;4;1;9;0;7;6;3;4;4;4;1;9;8;5;2;2;2;0;7;6;3;1;9;8;0;7;6;3;4;1;9;8;5;2;2;2;2;2;2;2;
?;?;?;?;?;?;?;?;5;2;2;0;7;6;1;9;8;5;2;2;0;7;6;3;4;4;4;4;4;4;4;4;4;4;4;4;4;4;4;4;4;4;1;9;8;5;2;2;2;2;
?;?;?;?;?;?;?;?;7;6;3;4;4;4;1;9;8;5;2;2;2;2;2;2;2;2;2;2;2;2;2;2;0;7;6;3;4;4;4;4;4;4;4;1;9;8;5;2;0;7;
?;?;?;?;?;?;?;?;5;2;0;7;6;3;1;9;8;5;2;2;0;7;6;3;4;4;4;4;4;4;4;4;4;4;4;1;9;8;5;2;2;2;2;2;2;2;2;2;2;2;
?;?;?;?;?;?;?;?;4;4;4;1;9;8;0;7;6;1;9;8;5;2;2;2;2;2;2;2;2;2;2;2;2;2;2;2;2;2;2;2;2;2;2;2;2;0;7;6;3;4;
?;?;?;?;?;?;?;?;3;4;1;9;8;5;0;7;6;3;4;4;1;9;8;5;2;2;2;2;2;0;7;6;3;4;4;4;4;4;4;4;1;9;8;5;2;2;2;2;0;7;
?;?;?;?;?;?;?;?;5;0;7;6;3;4;4;1;9;8;5;2;0;7;6;3;4;1;9;8;5;2;2;0;7;6;3;4;4;4;4;4;4;4;4;4;4;4;4;4;4;4;
?;?;?;?;?;?;?;?;3;1;9;8;5;2;2;0;7;6;3;1;9;8;5;2;2;2;0;7;6;3;4;4;4;4;4;4;4;4;4;4;1;9;8;5;0;7;6;3;4;4;
?;?;?;?;?;?;?;?;5;2;0;7;6;3;4;1;9;8;5;0;7;6;3;4;4;1;9;8;5;2;2;0;7;6;3;1;9;8;5;2;2;2;2;2;2;2;0;7;6;3;
?;?;?;?;?;?;?;?;5;2;2;0;7;6;3;1;9;8;5;2;2;0;7;6;3;4;4;1;9;8;5;2;2;2;2;0;7;6;3;4;4;4;4;4;4;4;1;9;8;5;
?;?;?;?;?;?;?;?;3;4;4;1;9;8;5;2;2;2;0;7;6;3;4;4;4;1;9;8;5;2;2;0;7;6;3;4;4;4;1;9;8;5;2;2;2;2;0;7;6;3;
?;?;?;?;?;?;?;?;5;2;0;7;6;3;4;4;4;1;9;8;5;2;2;2;2;2;2;2;2;2;2;2;2;0;7;6;3;4;4;4;4;4;4;4;4;4;4;1;9;8;
?;?;?;?;?;?;?;?;5;2;2;2;0;1;9;8;5;2;2;2;0;7;6;3;4;4;1;9;8;0;7;6;3;4;4;4;4;4;4;4;1;9;8;5;2;2;2;2;2;2;
?;?;?;?;?;?;?;?;5;0;7;6;3;4;1;9;8;5;2;2;0;7;6;3;4;4;1;9;8;5;2;2;2;2;2;2;2;2;2;2;2;2;2;2;2;2;2;2;2;2;
?;?;?;?;?;?;?;?;5;2;0;7;6;3;4;4;1;9;8;5;2;2;2;2;2;2;0;7;1;9;8;5;2;2;2;2;2;0;7;6;3;4;4;4;4;4;4;4;1;9;
?;?;?;?;?;?;?;?;2;2;0;7;6;3;1;9;8;5;2;2;0;7;6;3;4;4;4;4;1;9;8;5;2;2;2;0;1;9;8;5;2;2;2;0;7;6;3;4;4;1;
?;?;?;?;?;?;?;?;2;2;2;0;7;6;3;1;9;8;5;2;0;7;6;3;4;4;4;4;4;4;4;4;4;4;4;4;4;4;4;4;4;1;9;8;5;2;2;2;2;2;
?;?;?;?;?;?;?;?;0;7;6;3;4;4;4;4;1;9;8;5;2;2;2;2;2;2;2;2;2;2;2;0;7;6;3;4;4;4;4;4;4;4;4;4;4;1;9;8;5;2;
?;?;?;?;?;?;?;?;4;4;1;9;8;5;2;0;7;6;3;4;1;9;8;5;2;2;2;2;2;2;2;2;0;7;6;3;4;4;4;4;4;4;1;9;8;5;2;2;2;2;
?;?;?;?;?;?;?;?;6;3;4;4;4;4;4;4;4;4;4;4;4;4;4;1;9;8;5;2;2;2;2;2;2;2;2;2;2;0;7;6;3;4;4;4;4;4;4;4;4;4;
?;?;?;?;?;?;?;?;4;4;4;4;4;4;1;9;8;5;2;2;2;2;0;7;6;3;4;4;1;9;8;5;2;2;2;2;2;2;2;2;0;7;6;3;4;4;4;4;1;9;
?;?;?;?;?;?;?;?;5;2;0;7;6;3;4;1;9;8;5;2;2;2;2;0;7;6;3;4;4;4;1;9;8;5;2;2;0;7;6;3;4;4;4;1;9;8;5;2;2;2;
?;?;?;?;?;?;?;?;4;4;4;1;9;8;5;2;2;2;2;2;2;2;2;2;2;0;7;6;3;4;4;4;1;9;8;5;2;2;2;2;2;2;2;2;0;7;6;3;4;4;
?;?;?;?;?;?;?;?;4;4;4;4;4;4;4;4;4;4;4;4;4;1;9;8;5;2;2;2;2;2;2;2;2;2;2;2;2;2;2;2;2;2;2;2;2;2;2;2;2;2;
?;?;?;?;?;?;?;?;3;1;9;8;0;7;6;3;4;4;4;1;9;8;5;2;2;2;2;2;0;7;6;3;4;4;4;4;4;1;9;8;5;2;2;2;2;0;7;6;1;9;
?;?;?;?;?;?;?;?;3;4;1;9;8;5;2;2;0;7;6;3;1;9;8;5;2;2;2;2;2;2;2;2;0;7;6;3;4;4;4;4;1;9;8;5;2;2;2;0;7;6;
?;?;?;?;?;?;?;?;3;4;4;4;4;4;4;4;4;4;4;4;1;9;8;5;0;7;6;3;4;4;1;9;8;5;2;2;2;2;2;2;2;2;2;2;2;2;2;2;2;2;
?;?;?;?;?;?;?;?;3;4;1;9;8;5;2;2;0;7;6;3;1;9;8;0;7;6;3;4;4;1;9;8;5;2;2;2;2;2;0;7;6;3;4;4;4;4;4;1;9;8;
?;?;?;?;?;?;?;?;8;5;2;2;2;2;2;2;2;2;2;2;0;7;6;3;1;9;8;5;2;2;2;2;2;2;0;7;6;3;4;4;4;4;4;4;4;4;1;9;8;5;
?;?;?;?;?;?;?;?;0;7;6;3;4;4;1;9;8;5;2;2;0;7;6;3;4;4;4;4;4;4;4;4;4;4;1;9;8;5;2;2;2;2;2;2;2;2;2;0;7;6;
?;?;?;?;?;?;?;?;7;6;3;4;4;4;1;9;8;0;7;6;3;4;4;4;4;1;9;8;5;2;2;2;2;2;2;2;2;2;2;2;0;7;6;3;4;4;4;4;4;4;