?;?;?;?;?;?;?;?;?;4;1;10;9;5;0;15;14;12;4;1;10;9;5;20;2;18;7;6;3;8;21;21;21;21;19;17;16;13;11;2;2;2;2;2;2;2;2;18;1;10;
?;?;?;?;?;?;?;?;?;20;0;15;14;12;4;1;10;9;5;20;2;2;18;7;1;10;9;5;20;0;15;14;12;4;21;21;21;19;17;16;13;0;15;14;12;4;21;21;21;19;
?;?;?;?;?;?;?;?;?;4;1;10;9;5;20;0;15;14;12;4;21;19;17;16;0;15;14;12;4;1;10;9;5;20;2;18;7;6;3;8;21;19;17;16;13;11;2;2;2;2;
?;?;?;?;?;?;?;?;?;4;1;10;9;5;20;0;15;14;12;4;21;21;21;21;19;17;16;13;11;2;2;2;2;2;2;18;7;6;3;1;10;9;5;20;2;18;7;6;3;8;
?;?;?;?;?;?;?;?;?;21;21;21;19;17;16;13;11;2;2;2;2;2;2;2;2;2;2;2;2;2;2;2;2;2;18;1;10;9;5;0;15;14;12;4;21;21;21;21;21;21;
?;?;?;?;?;?;?;?;?;21;21;21;21;21;19;17;16;13;11;2;2;2;2;2;2;18;7;6;3;8;21;21;21;21;19;17;16;13;11;2;2;2;2;18;7;6;3;8;21;21;
?;?;?;?;?;?;?;?;?;20;0;15;14;12;4;1;10;9;5;20;0;15;14;12;4;1;10;9;5;20;0;15;14;12;4;21;19;17;16;13;11;0;15;14;12;4;1;10;9;5;
?;?;?;?;?;?;?;?;?;15;14;12;4;1;10;9;5;20;2;2;2;2;18;7;6;1;10;9;5;20;2;2;2;2;18;7;6;3;8;21;21;21;21;19;17;16;13;11;2;2;
?;?;?;?;?;?;?;?;?;15;14;12;4;21;19;17;16;13;11;2;2;2;2;2;18;7;6;3;8;21;21;19;17;16;13;11;2;2;2;2;2;2;18;7;6;3;8;1;10;9;
?;?;?;?;?;?;?;?;?;21;19;17;16;13;11;2;2;18;7;6;3;8;21;21;19;17;16;13;11;2;18;7;6;3;8;21;21;21;19;17;16;13;11;2;2;2;2;2;2;2;
?;?;?;?;?;?;?;?;?;20;0;15;14;12;1;10;9;5;20;2;18;7;6;3;8;21;21;21;21;21;19;17;16;13;11;2;2;2;2;2;2;2;18;7;6;1;10;9;5;20;
?;?;?;?;?;?;?;?;?;1;10;9;5;20;0;15;14;12;4;21;21;21;19;17;16;13;11;2;18;7;6;3;8;21;21;19;0;15;14;12;1;10;9;5;20;2;2;2;2;2;
?;?;?;?;?;?;?;?;?;21;19;17;16;13;11;2;2;2;2;2;2;2;2;2;18;7;6;3;8;21;19;17;16;13;11;2;18;7;6;1;10;9;5;20;0;15;14;12;4;21;
?;?;?;?;?;?;?;?;?;4;1;10;9;5;20;0;15;14;12;4;21;19;17;16;13;11;0;15;14;12;4;21;21;21;19;17;16;13;11;2;2;2;2;18;7;6;3;8;21;21;
?;?;?;?;?;?;?;?;?;1;10;9;5;20;2;2;18;7;6;3;8;21;21;21;21;21;21;21;21;19;17;16;13;11;2;18;7;6;3;8;21;21;21;19;17;16;13;11;2;2;
?;?;?;?;?;?;?;?;?;20;0;15;14;12;4;1;10;9;5;20;2;2;18;7;6;3;1;10;9;5;20;2;2;2;2;2;2;2;2;18;7;6;3;8;21;19;17;16;13;11;
?;?;?;?;?;?;?;?;?;2;2;2;2;2;2;2;2;2;2;2;18;7;6;3;8;21;21;19;17;16;0;15;14;12;4;21;21;21;21;21;21;21;21;21;19;17;16;13;11;2;
?;?;?;?;?;?;?;?;?;2;2;2;18;7;6;3;8;21;21;21;21;21;19;17;16;13;11;2;2;2;2;18;7;6;3;8;1;10;9;5;20;2;18;7;6;3;8;21;21;21;
?;?;?;?;?;?;?;?;?;4;21;19;17;0;15;14;12;4;21;19;17;16;13;11;2;2;2;18;7;6;3;8;21;21;21;21;21;21;21;21;21;21;19;17;16;13;11;2;18;7;
?;?;?;?;?;?;?;?;?;2;2;2;2;2;18;7;6;3;8;21;21;21;21;21;21;21;21;21;21;21;21;19;17;16;13;11;0;15;14;12;4;1;10;9;5;20;2;2;2;2;
?;?;?;?;?;?;?;?;?;4;1;10;9;5;20;0;15;14;12;4;21;21;21;21;21;21;21;21;21;21;21;21;21;21;21;21;21;21;21;19;17;16;13;11;2;2;2;18;7;6;
?;?;?;?;?;?;?;?;?;15;14;12;4;21;21;21;19;17;16;13;11;2;2;2;2;2;2;2;2;2;18;7;6;3;8;21;21;21;21;19;17;16;13;11;0;15;14;12;4;21;
?;?;?;?;?;?;?;?;?;1;10;9;5;20;2;18;7;6;3;8;1;10;9;5;20;2;2;18;7;6;3;1;0;15;14;12;4;21;21;19;17;16;13;11;2;2;2;2;18;7;
?;?;?;?;?;?;?;?;?;0;15;14;12;4;21;21;19;17;16;13;11;2;2;2;2;2;2;2;2;2;2;2;18;7;6;3;8;21;21;21;21;21;21;21;19;17;16;13;11;2;
?;?;?;?;?;?;?;?;?;4;21;21;21;21;21;21;21;19;17;16;13;11;2;2;2;2;2;18;7;6;3;8;21;21;21;21;21;21;19;17;16;13;11;2;2;18;7;6;3;8;
?;?;?;?;?;?;?;?;?;20;2;18;7;6;1;10;9;5;20;0;15;14;12;4;21;21;21;19;17;16;13;0;15;14;12;4;21;21;21;21;21;21;21;21;21;19;17;16;13;11;
?;?;?;?;?;?;?;?;?;2;2;2;2;2;2;2;2;2;2;2;18;7;6;3;8;21;21;21;21;21;21;19;17;16;13;11;0;15;14;12;4;21;21;21;21;21;21;21;21;21;
?;?;?;?;?;?;?;?;?;13;11;2;2;2;2;2;2;2;2;2;18;7;6;3;8;21;19;17;16;13;0;15;14;12;4;21;19;17;16;0;15;14;12;4;21;21;21;21;19;17;
?;?;?;?;?;?;?;?;?;21;21;21;19;17;16;13;11;2;2;2;2;18;7;6;3;8;21;19;17;16;13;11;2;18;7;6;3;8;21;21;19;17;16;13;11;2;2;18;7;6;
?;?;?;?;?;?;?;?;?;0;15;14;12;4;21;21;19;17;16;13;0;15;14;12;4;21;21;21;19;17;16;13;11;2;2;2;2;18;7;6;3;8;21;19;17;16;13;11;2;2;
?;?;?;?;?;?;?;?;?;21;19;17;16;0;15;14;12;4;21;19;17;16;13;11;2;2;18;7;6;1;10;9;5;20;2;2;18;7;6;3;8;21;19;17;16;13;11;2;2;2;
?;?;?;?;?;?;?;?;?;6;3;8;21;21;21;21;21;21;21;21;19;17;16;13;11;2;18;7;6;3;8;21;21;19;17;16;13;11;2;2;2;2;2;18;7;6;3;1;10;9;
?;?;?;?;?;?;?;?;?;2;18;7;6;3;8;21;19;17;16;13;11;2;2;2;2;2;2;2;2;2;18;7;6;3;8;21;21;21;21;19;17;16;13;11;2;2;2;2;18;7;
?;?;?;?;?;?;?;?;?;21;21;21;21;21;21;19;17;16;13;11;2;2;2;2;2;2;2;2;2;2;2;2;2;2;18;1;10;9;5;20;2;2;2;2;2;18;7;6;3;8;
?;?;?;?;?;?;?;?;?;13;11;2;2;2;2;2;2;2;2;2;18;7;6;3;8;21;21;21;21;21;21;21;21;21;21;19;17;16;13;11;2;2;2;2;18;7;6;3;8;21;
?;?;?;?;?;?;?;?;?;20;0;15;14;12;4;21;21;21;21;21;21;21;21;21;21;19;17;16;13;11;2;2;2;2;2;2;2;2;2;2;18;7;6;3;8;21;21;21;21;21;
?;?;?;?;?;?;?;?;?;1;10;9;5;20;2;18;7;6;3;8;21;21;21;21;21;21;21;21;21;21;21;21;21;19;17;16;13;11;2;18;7;6;3;8;21;21;21;21;21;21;
?;?;?;?;?;?;?;?;?;1;10;9;5;20;2;2;18;7;6;3;8;1;10;0;15;14;12;4;21;21;21;21;21;21;21;21;21;21;21;21;21;21;21;21;21;21;21;19;17;16;
?;?;?;?;?;?;?;?;?;1;10;9;5;20;2;18;7;6;3;8;21;21;21;19;17;16;13;11;2;2;2;2;2;2;18;7;6;3;8;21;21;21;19;17;16;13;11;2;2;2;
?;?;?;?;?;?;?;?;?;1;10;9;5;20;2;2;18;7;6;3;8;21;21;21;21;21;21;21;21;21;21;19;17;16;13;11;2;2;2;18;7;6;3;8;21;21;21;21;21;19;
?;?;?;?;?;?;?;?;?;4;21;19;17;16;0;15;14;12;1;10;9;5;20;2;2;18;7;6;3;8;21;21;21;21;19;17;16;13;11;2;2;2;2;2;2;2;2;2;2;2;
?;?;?;?;?;?;?;?;?;2;2;18;7;6;3;8;21;21;19;17;16;13;11;2;2;2;2;2;2;2;2;2;2;18;7;6;3;8;21;21;21;21;19;17;16;13;11;2;2;2;
?;?;?;?;?;?;?;?;?;20;2;2;2;2;2;2;18;7;6;3;8;21;21;21;21;21;21;19;17;16;13;11;2;2;2;2;2;2;18;7;6;3;8;21;21;21;21;21;21;21;
?;?;?;?;?;?;?;?;?;2;18;7;6;3;8;1;10;9;5;0;15;14;12;4;21;21;19;17;16;13;0;15;14;12;4;21;21;19;17;16;13;11;0;15;14;12;4;21;21;21;
?;?;?;?;?;?;?;?;?;2;18;7;6;3;8;21;21;21;21;21;21;21;19;17;16;13;11;2;18;7;6;3;8;21;21;21;19;17;16;13;11;2;18;7;6;3;8;21;21;21;
?;?;?;?;?;?;?;?;?;1;10;9;5;20;2;2;2;18;1;10;9;5;20;2;2;2;18;7;6;3;8;21;21;21;21;21;21;21;19;17;16;13;11;2;2;18;7;6;3;8;
?;?;?;?;?;?;?;?;?;20;2;2;2;2;2;2;2;2;2;2;18;7;6;3;8;21;21;21;21;21;21;21;21;21;19;17;16;13;11;2;2;2;2;2;18;7;6;3;8;21;
?;?;?;?;?;?;?;?;?;4;21;19;17;16;13;11;2;18;7;6;1;10;9;0;15;14;12;4;1;10;9;5;20;2;2;2;2;2;18;7;1;10;0;15;14;12;4;21;21;21;
?;?;?;?;?;?;?;?;?;20;0;15;14;12;4;21;19;17;16;13;0;15;14;12;4;21;19;17;16;13;11;2;2;2;2;2;2;18;7;6;3;8;21;21;21;19;17;16;13;11;
?;?;?;?;?;?;?;?;?;0;15;14;12;4;21;19;17;16;13;11;2;2;2;2;2;2;2;2;18;7;6;3;8;21;21;21;19;17;16;13;11;2;2;2;2;2;2;2;18;7;
?;?;?;?;?;?;?;?;?;2;2;2;2;2;2;2;2;2;2;2;2;2;18;7;6;3;8;21;21;21;21;21;21;21;21;21;21;21;19;17;16;13;11;0;15;14;12;4;21;21;
?;?;?;?;?;?;?;?;?;2;2;18;7;6;3;8;21;21;21;19;17;16;13;11;2;2;2;18;7;6;3;8;21;21;21;21;21;21;21;21;21;21;21;21;21;21;21;21;21;21;
?;?;?;?;?;?;?;?;?;2;2;2;2;18;7;6;3;8;21;21;21;21;19;17;16;13;0;15;14;12;4;21;21;21;21;21;21;21;21;21;21;21;21;21;21;21;21;21;21;21;
?;?;?;?;?;?;?;?;?;21;19;17;16;13;11;2;2;2;2;2;2;2;2;2;18;7;6;3;8;21;21;21;21;21;19;17;16;13;11;2;2;18;7;6;3;8;21;21;21;21;
?;?;?;?;?;?;?;?;?;18;7;6;3;8;21;21;21;21;21;21;21;19;17;16;13;0;15;14;12;4;21;21;21;21;19;17;16;0;15;14;12;4;21;21;21;21;21;21;21;21;
?;?;?;?;?;?;?;?;?;1;10;9;5;20;2;18;7;6;3;8;21;19;17;16;0;15;14;12;4;21;19;17;16;13;11;2;18;7;6;3;8;21;21;21;21;21;21;19;17;16;
?;?;?;?;?;?;?;?;?;20;0;15;14;12;4;1;10;9;5;20;2;2;2;2;2;18;7;6;3;8;21;21;21;21;21;19;17;16;13;11;2;2;18;7;6;1;10;9;5;20;
?;?;?;?;?;?;?;?;?;20;0;15;14;12;4;21;21;21;19;0;15;14;12;4;1;10;9;5;20;2;2;2;2;2;2;2;2;2;2;2;2;18;7;6;3;8;21;21;21;21;
?;?;?;?;?;?;?;?;?;21;21;21;21;19;17;16;13;11;2;2;18;7;6;1;10;9;5;20;2;2;2;2;2;2;2;2;18;7;6;3;8;1;10;9;5;20;2;2;2;18;
?;?;?;?;?;?;?;?;?;14;12;4;21;21;21;21;21;21;21;21;21;21;21;21;21;21;21;21;21;21;19;17;16;13;11;2;2;2;2;2;2;2;2;2;2;2;2;2;2;2;
?;?;?;?;?;?;?;?;?;9;5;20;2;2;18;7;6;3;8;21;21;21;21;19;17;16;13;11;2;2;2;18;7;6;3;8;21;21;21;21;21;21;21;21;21;21;21;21;21;21;
?;?;?;?;?;?;?;?;?;0;15;14;12;4;21;19;17;16;13;11;2;18;7;6;3;8;1;10;9;5;20;2;18;7;6;3;1;10;9;0;15;14;12;4;21;21;21;21;21;21;
?;?;?;?;?;?;?;?;?;0;15;14;12;4;21;19;17;16;13;11;2;18;7;6;3;8;1;10;9;5;20;2;2;2;2;2;2;2;2;2;2;18;7;6;3;8;21;21;21;21;
?;?;?;?;?;?;?;?;?;4;21;19;17;16;13;11;2;2;2;2;2;2;2;2;2;18;7;6;3;8;1;10;9;5;20;0;15;14;12;4;21;21;19;17;16;13;11;2;18;7;
?;?;?;?;?;?;?;?;?;20;0;15;14;12;4;1;10;9;5;20;2;18;7;6;3;8;21;21;21;21;21;21;21;21;21;21;21;19;17;16;0;15;14;12;4;1;10;9;5;20;
?;?;?;?;?;?;?;?;?;4;1;10;9;5;20;2;2;2;18;7;6;3;8;21;21;19;17;16;13;11;2;2;2;2;18;7;6;3;8;21;21;21;21;19;17;16;13;11;2;2;
?;?;?;?;?;?;?;?;?;1;10;9;5;20;2;18;7;6;3;8;1;10;9;5;0;15;14;12;4;21;21;19;17;16;13;11;2;2;2;2;2;2;18;7;6;3;8;21;21;21;
?;?;?;?;?;?;?;?;?;21;19;17;16;13;11;0;15;14;12;1;10;9;5;20;2;18;7;6;3;8;1;10;9;0;15;14;12;4;21;21;21;19;17;16;13;11;0;15;14;12;
?;?;?;?;?;?;?;?;?;21;19;17;16;13;11;2;18;7;6;3;1;10;9;5;20;2;18;7;6;3;8;1;10;9;5;20;0;15;14;12;4;21;19;17;16;13;11;2;2;2;
?;?;?;?;?;?;?;?;?;21;21;21;21;21;21;21;21;21;21;21;21;21;21;19;17;16;13;11;2;2;2;2;2;2;2;2;2;2;2;2;2;2;2;2;2;2;2;2;18;7;
?;?;?;?;?;?;?;?;?;1;10;9;5;20;2;18;7;6;3;8;21;21;21;19;17;16;13;11;2;2;2;2;2;18;7;6;3;8;21;21;19;17;16;13;11;2;2;18;7;6;
?;?;?;?;?;?;?;?;?;6;3;8;21;21;19;17;16;13;11;2;2;2;2;18;7;6;3;8;21;21;21;21;21;21;19;17;16;13;11;2;2;2;2;18;7;6;3;8;21;21;
?;?;?;?;?;?;?;?;?;0;15;14;12;4;21;21;19;17;16;13;11;2;2;2;2;2;2;18;7;6;3;8;21;21;21;19;17;16;13;11;2;2;2;2;18;7;6;3;8;21;
?;?;?;?;?;?;?;?;?;1;10;9;5;20;2;18;7;6;3;8;21;19;17;16;13;11;2;18;7;6;3;1;10;9;5;20;2;2;2;2;18;7;6;3;8;21;21;21;21;21;
?;?;?;?;?;?;?;?;?;20;0;15;14;12;4;1;10;9;5;0;15;14;12;4;21;21;21;21;19;17;16;13;11;2;2;2;2;2;18;7;1;10;9;5;20;2;2;2;2;2;
?;?;?;?;?;?;?;?;?;7;6;3;1;10;9;5;20;2;2;2;18;7;6;3;8;21;21;21;21;21;21;21;21;21;21;21;21;21;21;21;21;21;21;21;21;21;21;21;21;21;
?;?;?;?;?;?;?;?;?;2;18;7;6;3;1;10;9;5;20;2;18;7;6;3;8;21;21;21;21;21;19;17;16;13;11;2;18;7;6;3;8;1;10;9;5;20;2;2;2;2;
?;?;?;?;?;?;?;?;?;0;15;14;12;4;21;21;19;17;16;13;11;2;2;2;2;2;2;2;2;18;7;6;3;8;21;21;21;21;21;21;21;21;21;19;17;16;13;11;2;2;
?;?;?;?;?;?;?;?;?;20;0;15;14;12;4;21;19;17;16;13;0;15;14;12;1;10;9;5;20;2;2;2;2;18;7;6;3;8;21;21;21;21;21;19;17;16;13;11;2;2;
?;?;?;?;?;?;?;?;?;1;10;9;5;20;2;18;7;6;3;8;21;19;17;16;13;11;2;2;18;7;6;3;8;21;21;21;21;21;21;21;21;21;21;19;17;16;13;11;2;2;
?;?;?;?;?;?;?;?;?;2;18;7;6;3;8;21;21;21;21;19;17;16;13;11;2;2;2;18;7;6;3;8;21;21;21;21;21;19;17;16;13;11;2;2;2;2;2;2;2;2;
?;?;?;?;?;?;?;?;?;0;15;14;12;4;21;19;17;16;13;11;2;2;18;7;6;3;8;21;21;21;21;21;21;21;21;21;21;21;21;21;21;21;19;17;16;13;11;2;2;2;
?;?;?;?;?;?;?;?;?;4;21;19;17;16;13;0;15;14;12;4;21;21;19;17;16;13;11;2;2;2;2;2;18;7;6;3;8;21;21;21;19;17;16;13;11;2;2;2;2;2;
?;?;?;?;?;?;?;?;?;13;11;2;2;2;2;2;2;18;7;6;3;8;21;21;21;19;17;16;13;11;2;2;18;7;6;3;8;21;21;21;21;21;21;21;19;17;16;13;11;2;
?;?;?;?;?;?;?;?;?;20;0;15;14;12;4;21;19;17;16;13;11;0;15;14;12;4;21;21;21;21;21;21;21;21;21;21;21;19;17;16;13;11;2;2;2;2;2;2;2;2;
?;?;?;?;?;?;?;?;?;20;2;18;7;6;3;8;1;10;9;5;0;15;14;12;4;21;19;17;16;0;15;14;12;4;21;21;19;17;16;0;15;14;12;4;21;21;21;21;19;17;
?;?;?;?;?;?;?;?;?;1;10;9;5;20;2;18;7;6;3;8;21;21;21;21;21;21;21;21;21;21;21;19;17;16;13;11;2;2;18;7;6;3;8;21;21;21;21;19;17;16;
?;?;?;?;?;?;?;?;?;2;2;2;2;2;2;2;2;2;2;18;7;6;3;8;21;21;21;21;21;21;19;17;16;13;11;2;18;7;6;3;8;21;21;21;21;21;21;21;19;17;
?;?;?;?;?;?;?;?;?;4;1;10;9;5;20;0;15;14;12;1;10;9;5;20;2;18;7;6;3;8;21;21;21;19;17;0;15;14;12;4;1;10;9;5;20;2;2;2;2;2;
?;?;?;?;?;?;?;?;?;20;2;18;7;1;10;9;5;20;2;18;7;6;3;8;1;10;9;5;20;2;2;2;2;18;7;6;3;8;21;21;21;19;17;16;13;11;2;18;7;6;
?;?;?;?;?;?;?;?;?;17;16;13;0;15;14;12;4;21;19;17;16;13;11;2;2;2;2;18;7;6;3;8;21;21;21;21;21;19;17;16;13;11;2;2;2;2;2;2;2;2;
?;?;?;?;?;?;?;?;?;2;2;2;2;18;7;6;3;8;21;21;21;21;21;19;17;16;13;0;15;14;12;4;21;21;21;21;19;17;16;13;11;2;2;18;7;6;3;8;1;10;
?;?;?;?;?;?;?;?;?;21;21;19;17;16;13;11;2;18;7;6;3;8;21;21;21;21;21;21;21;21;19;17;16;13;11;2;2;2;2;2;2;2;2;2;2;2;2;2;2;2;
?;?;?;?;?;?;?;?;?;20;2;18;7;6;3;1;10;9;5;20;2;18;7;6;3;1;10;9;5;20;0;15;14;12;4;21;21;21;21;19;17;0;15;14;12;4;21;21;21;21;
?;?;?;?;?;?;?;?;?;21;19;17;16;13;11;2;2;2;18;1;10;9;5;20;2;2;18;7;6;3;1;10;9;5;20;2;2;2;2;2;18;7;6;3;8;21;21;21;21;21;
?;?;?;?;?;?;?;?;?;21;19;17;16;13;11;2;18;7;6;3;1;10;9;5;20;2;2;2;2;2;2;2;2;2;18;7;6;3;8;21;21;21;21;21;21;21;21;21;21;21;
?;?;?;?;?;?;?;?;?;4;1;10;9;5;0;15;14;12;4;1;10;9;5;20;2;18;7;6;3;8;21;21;21;21;19;17;16;13;11;2;2;2;2;2;2;2;2;2;2;2;
?;?;?;?;?;?;?;?;?;0;15;14;12;4;21;21;19;17;16;13;11;2;18;7;6;3;8;21;21;21;21;21;21;19;17;16;13;11;2;2;2;2;2;2;2;2;2;2;2;18;
?;?;?;?;?;?;?;?;?;21;21;19;17;16;13;11;2;2;18;7;6;1;10;9;5;20;2;2;2;2;2;2;2;2;2;18;7;6;3;8;21;21;21;21;21;21;19;17;16;13;
?;?;?;?;?;?;?;?;?;0;15;14;12;4;21;21;21;19;0;15;14;12;4;21;21;19;17;16;13;11;2;2;2;2;2;2;2;2;2;2;2;2;2;2;2;18;7;6;3;8;
?;?;?;?;?;?;?;?;?;20;2;18;7;6;3;8;1;10;9;5;0;15;14;12;1;10;9;5;20;2;2;2;2;2;2;2;18;7;6;3;8;21;21;21;21;21;19;17;16;13;
?;?;?;?;?;?;?;?;?;4;21;21;21;21;21;19;17;16;13;11;2;2;2;2;2;2;2;2;18;7;6;3;8;1;10;9;5;20;2;2;2;2;2;18;7;6;3;8;21;21;
?;?;?;?;?;?;?;?;?;10;9;5;20;2;2;2;2;18;7;6;3;8;21;21;21;21;21;21;21;21;19;17;16;13;11;2;2;2;2;2;2;18;7;6;3;8;21;21;21;21;
?;?;?;?;?;?;?;?;?;21;21;21;21;21;21;19;17;16;13;11;2;2;2;2;2;2;2;2;2;2;2;2;2;2;2;2;2;2;2;2;18;7;6;3;8;21;21;21;21;21;
?;?;?;?;?;?;?;?;?;2;2;18;7;6;3;8;1;10;9;5;20;2;18;7;6;3;8;21;21;21;21;21;21;21;19;17;16;13;11;2;18;7;6;3;8;21;21;21;21;21;
?;?;?;?;?;?;?;?;?;20;0;15;14;12;4;1;10;9;5;20;2;2;2;2;2;2;2;2;18;7;6;1;10;0;15;14;12;4;21;21;21;21;21;21;21;21;21;21;21;21;
?;?;?;?;?;?;?;?;?;20;0;15;14;12;4;21;21;21;21;21;21;21;21;21;21;19;17;16;13;11;2;2;2;2;2;2;2;2;2;2;2;2;2;18;7;6;3;8;21;21;
?;?;?;?;?;?;?;?;?;4;1;10;9;5;20;0;15;14;12;4;21;21;21;19;17;0;15;14;12;4;21;21;21;21;21;21;21;19;17;16;13;11;2;2;2;2;2;2;2;2;
?;?;?;?;?;?;?;?;?;21;19;17;16;13;11;2;2;2;2;2;2;2;2;2;2;18;7;6;3;8;1;10;9;0;15;14;12;4;21;21;21;21;21;21;21;21;21;19;17;16;
?;?;?;?;?;?;?;?;?;0;15;14;12;4;21;19;17;16;13;11;0;15;14;12;4;21;19;17;16;13;0;15;14;12;4;21;21;21;19;17;16;13;11;2;2;2;18;7;6;3;
?;?;?;?;?;?;?;?;?;4;21;19;17;16;13;0;15;14;1;10;9;5;20;2;2;2;2;2;2;2;2;2;2;2;18;7;6;3;8;21;21;21;21;21;21;21;21;21;19;17;
?;?;?;?;?;?;?;?;?;4;21;19;17;16;13;0;15;14;12;4;21;19;17;0;15;14;12;4;21;19;17;16;13;11;2;2;2;18;7;6;3;8;21;21;21;21;21;21;21;19;
?;?;?;?;?;?;?;?;?;7;6;3;1;10;9;5;20;2;2;2;2;18;7;6;3;8;21;21;21;21;21;19;17;16;13;11;2;2;2;18;7;6;3;8;21;21;21;21;21;21;
?;?;?;?;?;?;?;?;?;4;1;10;9;5;20;0;15;14;12;4;21;21;21;19;17;16;13;11;2;2;2;2;18;7;6;3;8;21;21;19;17;16;13;11;2;2;2;2;18;7;
?;?;?;?;?;?;?;?;?;4;21;19;17;16;13;11;2;2;2;18;7;6;3;8;21;21;21;21;21;21;21;19;17;16;13;11;2;2;2;2;2;2;2;2;18;7;6;1;10;9;
?;?;?;?;?;?;?;?;?;20;2;18;7;6;3;8;21;19;17;16;13;11;2;2;2;2;18;7;6;3;8;21;21;21;21;21;21;19;17;16;13;11;0;15;1;10;9;5;20;2;
?;?;?;?;?;?;?;?;?;1;10;9;5;20;0;15;14;12;4;1;10;9;5;20;2;2;2;2;2;2;18;7;6;3;8;21;21;21;19;17;16;13;11;2;2;18;7;6;3;8;
?;?;?;?;?;?;?;?;?;1;10;9;5;0;15;14;12;4;21;21;21;21;21;21;21;21;21;21;21;21;21;21;21;21;21;19;17;16;13;11;2;2;2;2;2;2;2;2;2;2;
?;?;?;?;?;?;?;?;?;9;5;20;2;2;2;2;18;7;6;3;8;21;21;21;21;21;21;19;17;16;13;11;2;2;2;18;7;6;3;8;21;21;21;21;21;21;19;0;15;14;
?;?;?;?;?;?;?;?;?;20;0;15;14;12;1;10;9;5;20;0;15;14;12;4;21;21;19;17;16;13;11;0;15;14;12;4;1;10;9;5;0;15;14;12;4;21;21;21;21;21;
?;?;?;?;?;?;?;?;?;18;7;6;3;8;21;21;21;21;21;21;21;21;21;21;21;21;21;19;17;16;0;15;14;12;4;21;21;19;17;16;13;11;2;2;2;2;2;2;2;2;
?;?;?;?;?;?;?;?;?;20;0;15;14;12;4;21;19;0;15;14;12;4;21;21;21;19;17;16;13;11;2;2;2;2;2;2;2;18;7;6;3;8;21;21;21;19;17;16;13;11;
?;?;?;?;?;?;?;?;?;2;2;2;2;2;2;2;2;2;2;18;7;6;3;8;21;21;21;19;17;16;13;0;15;14;12;4;21;21;21;21;21;21;21;19;17;16;13;0;15;14;
?;?;?;?;?;?;?;?;?;20;0;15;14;12;4;21;19;17;16;13;11;0;15;1;10;9;5;20;2;2;2;2;2;2;2;2;2;2;2;18;7;6;3;8;1;10;9;5;20;2;
?;?;?;?;?;?;?;?;?;4;21;21;21;19;17;16;13;11;2;2;2;2;18;7;6;3;8;21;21;19;17;16;13;11;2;2;2;2;18;7;6;3;8;21;21;21;21;21;21;21;
?;?;?;?;?;?;?;?;?;20;0;15;14;12;4;1;10;9;5;20;2;2;18;1;10;9;5;20;2;18;7;6;3;8;21;21;21;21;21;21;21;21;21;21;21;21;21;21;19;17;
?;?;?;?;?;?;?;?;?;2;18;7;6;3;8;21;21;21;21;19;0;15;14;12;4;21;21;21;21;21;21;21;21;21;21;21;21;21;21;21;21;19;17;16;13;11;2;2;18;7;
?;?;?;?;?;?;?;?;?;1;10;9;5;20;2;18;7;6;3;8;21;21;21;21;21;21;21;21;19;17;16;13;11;2;18;7;6;3;8;21;21;21;21;21;21;21;21;21;21;21;
?;?;?;?;?;?;?;?;?;4;1;10;9;5;20;2;2;2;2;2;2;2;2;18;7;6;3;8;21;21;21;21;19;17;16;13;11;2;2;2;2;18;7;6;3;8;21;21;19;17;
?;?;?;?;?;?;?;?;?;2;2;2;2;2;2;2;2;2;2;18;7;6;3;8;21;21;21;21;21;21;21;21;21;21;19;17;16;13;11;0;15;14;12;4;21;21;21;21;21;19;
?;?;?;?;?;?;?;?;?;2;18;7;6;3;8;21;21;19;17;16;13;11;2;2;2;2;18;7;6;3;8;21;21;21;21;21;21;19;17;16;13;11;2;2;2;18;7;6;3;8;
?;?;?;?;?;?;?;?;?;21;21;19;17;16;13;11;2;2;2;2;2;2;2;2;2;2;2;2;2;2;2;2;2;2;2;2;18;7;6;3;8;21;21;21;21;21;21;21;21;21;
?;?;?;?;?;?;?;?;?;16;13;0;15;14;12;4;1;10;9;5;20;2;2;2;2;2;2;2;2;2;2;2;2;2;2;2;2;2;18;1;10;9;5;20;0;15;14;12;4;21;
?;?;?;?;?;?;?;?;?;2;18;7;6;3;8;21;21;21;21;21;21;21;19;17;16;13;11;2;2;2;2;2;2;2;2;2;2;2;2;2;2;2;2;2;2;2;2;2;2;2;
?;?;?;?;?;?;?;?;?;2;2;18;7;6;3;8;21;21;21;21;19;17;16;13;11;2;2;18;7;6;3;8;21;21;21;21;21;21;21;21;21;21;21;19;17;16;13;11;2;2;
?;?;?;?;?;?;?;?;?;2;2;2;2;2;2;2;2;2;18;7;6;3;8;21;21;21;21;21;21;21;21;21;21;21;21;21;21;19;17;16;13;11;0;15;14;12;4;21;21;21;
?;?;?;?;?;?;?;?;?;20;0;15;14;12;1;10;9;5;20;0;15;14;12;4;21;21;19;17;16;13;11;2;2;18;7;6;1;10;9;5;20;2;2;18;7;6;1;10;9;5;
?;?;?;?;?;?;?;?;?;14;12;4;1;10;9;5;20;2;2;2;2;2;18;7;6;3;8;21;19;0;15;14;12;4;21;21;21;21;21;19;17;16;13;11;0;15;14;12;4;21;
?;?;?;?;?;?;?;?;?;20;0;15;14;12;4;21;21;21;19;17;16;13;11;2;2;2;2;18;7;6;3;8;21;21;21;21;19;17;16;13;11;2;2;2;2;2;2;2;2;2;
?;?;?;?;?;?;?;?;?;21;21;21;21;21;21;21;19;17;16;13;11;2;2;2;2;2;2;2;2;2;18;7;6;3;8;21;21;21;21;21;21;21;21;21;21;21;21;21;21;21;
?;?;?;?;?;?;?;?;?;3;8;21;21;19;17;16;13;0;15;14;12;4;1;10;0;15;14;12;4;21;21;21;19;17;16;13;11;2;18;7;6;3;8;21;21;21;19;17;16;13;
?;?;?;?;?;?;?;?;?;1;10;9;5;20;2;18;7;6;3;8;21;21;21;21;21;21;21;19;17;16;13;11;2;2;2;2;18;7;6;3;8;21;21;19;17;16;0;15;14;12;
?;?;?;?;?;?;?;?;?;4;1;10;9;5;20;0;15;14;12;4;1;10;9;5;0;15;14;12;4;21;21;19;17;16;13;11;2;2;2;2;2;2;2;2;2;2;18;7;6;1;
?;?;?;?;?;?;?;?;?;0;15;14;12;4;1;10;9;5;20;2;2;2;2;2;2;2;2;2;2;18;7;6;3;8;21;21;21;21;21;21;19;17;16;13;11;2;2;2;18;7;
?;?;?;?;?;?;?;?;?;4;21;19;17;16;0;15;14;12;4;21;21;21;19;17;16;13;11;2;2;2;2;2;2;2;2;18;7;6;3;8;21;21;21;19;17;16;13;11;2;2;
?;?;?;?;?;?;?;?;?;4;1;10;9;5;0;15;14;12;4;21;21;19;17;16;13;0;15;14;12;4;1;10;9;5;20;0;15;14;12;4;21;19;17;16;13;11;2;2;2;2;
?;?;?;?;?;?;?;?;?;20;0;15;14;12;4;1;10;9;5;20;2;18;7;6;3;8;1;10;9;0;15;14;12;1;10;9;5;20;2;2;18;7;6;3;8;21;21;21;21;21;
?;?;?;?;?;?;?;?;?;21;19;17;16;13;11;2;18;7;6;3;8;1;10;9;5;20;2;2;2;2;2;2;2;2;2;18;7;6;3;8;21;21;21;21;21;21;21;21;21;21;
?;?;?;?;?;?;?;?;?;21;19;17;16;13;11;2;2;2;18;7;6;3;8;21;21;21;19;17;16;13;11;2;2;2;2;18;7;6;3;8;21;21;19;17;16;13;11;2;2;18;
?;?;?;?;?;?;?;?;?;9;5;20;2;2;2;2;2;2;2;2;2;2;2;2;18;7;6;3;8;21;21;21;21;21;21;21;21;21;21;21;21;21;21;21;21;21;21;21;21;21;
?;?;?;?;?;?;?;?;?;0;15;14;12;4;1;10;9;5;20;2;2;2;18;7;6;3;8;1;10;9;5;20;2;2;2;2;2;2;2;18;7;6;3;8;21;21;21;21;21;21;
?;?;?;?;?;?;?;?;?;13;11;2;18;7;6;3;8;21;21;21;21;21;19;17;16;13;11;2;2;2;2;2;18;7;6;3;8;21;21;21;19;17;16;13;11;2;18;7;6;3;
?;?;?;?;?;?;?;?;?;2;18;7;6;3;8;1;10;9;5;20;2;2;18;7;6;3;8;21;21;21;21;21;21;21;21;21;21;21;21;21;21;21;21;21;21;19;17;16;13;11;
?;?;?;?;?;?;?;?;?;20;0;15;14;12;1;10;9;5;20;0;15;14;12;4;1;10;9;5;20;2;2;2;18;7;6;3;8;21;21;21;21;19;17;16;13;11;2;2;2;2;
?;?;?;?;?;?;?;?;?;0;15;14;12;4;21;21;21;21;21;21;21;21;21;21;21;21;19;17;0;15;14;12;4;21;21;19;17;16;13;11;2;2;18;7;6;3;8;21;21;21;
?;?;?;?;?;?;?;?;?;20;2;2;2;2;2;2;2;2;2;2;2;18;7;6;3;8;21;21;21;21;21;21;21;21;21;21;21;21;21;21;21;21;19;17;16;13;11;2;2;2;
?;?;?;?;?;?;?;?;?;0;15;14;12;4;1;10;9;5;20;2;2;18;7;6;3;8;1;10;9;5;0;15;14;12;4;1;10;9;5;20;2;2;18;7;6;3;1;10;9;5;
?;?;?;?;?;?;?;?;?;0;15;14;12;4;21;19;17;16;13;11;2;18;7;6;3;8;21;19;17;16;13;11;2;2;2;2;2;2;2;2;18;7;6;3;8;1;10;9;5;20;
?;?;?;?;?;?;?;?;?;21;21;21;21;19;17;16;13;11;2;2;2;2;2;2;2;18;7;6;3;8;21;21;21;21;21;21;21;21;21;19;17;16;13;11;2;18;7;6;3;8;
?;?;?;?;?;?;?;?;?;21;21;19;17;16;13;11;2;2;2;2;2;2;18;7;6;3;8;21;21;21;21;19;17;16;13;11;2;2;2;2;2;2;18;7;6;3;8;21;21;21;
?;?;?;?;?;?;?;?;?;1;10;9;5;20;2;18;7;6;3;8;21;21;19;17;16;13;11;2;2;2;2;2;2;2;2;2;18;7;6;3;8;21;21;21;21;21;21;19;17;16;
?;?;?;?;?;?;?;?;?;1;10;9;5;20;2;2;2;18;7;6;3;8;21;21;21;21;21;21;21;21;21;21;21;21;21;19;17;16;13;11;2;2;2;2;2;2;2;2;2;2;
?;?;?;?;?;?;?;?;?;21;19;17;16;13;11;2;2;2;2;2;2;2;2;2;18;7;6;3;8;21;21;21;21;21;21;21;19;17;16;13;11;2;2;2;2;2;2;2;2;2;
?;?;?;?;?;?;?;?;?;4;21;19;17;16;13;0;15;14;12;1;10;9;5;20;2;18;7;6;3;8;21;21;19;17;16;0;15;14;12;4;1;10;9;5;20;2;2;2;18;7;
?;?;?;?;?;?;?;?;?;4;21;19;17;16;13;0;15;14;12;4;1;10;9;5;20;2;2;2;2;2;2;2;18;7;6;3;8;21;21;21;21;21;19;17;16;0;15;14;12;4;
?;?;?;?;?;?;?;?;?;1;10;9;0;15;14;12;4;21;19;17;16;13;11;2;2;2;2;18;7;6;3;8;21;21;21;21;21;19;17;16;13;11;2;2;2;18;7;6;3;8;
?;?;?;?;?;?;?;?;?;0;15;14;12;4;21;21;21;21;21;21;21;19;17;16;13;11;2;18;7;6;3;8;21;19;17;16;13;11;2;2;2;2;2;2;2;18;7;6;3;8;
?;?;?;?;?;?;?;?;?;21;21;21;21;21;21;21;21;21;21;21;21;21;21;19;17;16;13;11;2;2;2;18;7;6;3;8;21;21;21;19;17;16;13;11;2;2;2;2;2;2;
?;?;?;?;?;?;?;?;?;4;21;19;17;16;13;11;2;18;7;6;3;8;21;21;19;17;16;13;11;2;18;7;6;3;8;21;21;21;21;19;17;16;13;11;2;2;2;18;7;6;
?;?;?;?;?;?;?;?;?;3;8;21;21;21;21;21;21;19;17;16;13;11;0;15;14;12;4;21;21;21;21;19;17;16;13;11;2;2;18;7;6;3;8;21;21;21;21;21;21;21;
?;?;?;?;?;?;?;?;?;21;21;21;21;21;21;21;21;21;21;21;21;21;21;21;21;21;21;21;19;17;16;13;11;2;2;2;2;2;2;2;2;2;2;2;2;2;2;2;2;18;
?;?;?;?;?;?;?;?;?;4;1;10;9;5;20;2;2;18;7;6;3;8;21;21;21;21;21;21;21;21;19;17;16;13;11;0;15;14;12;4;21;21;21;19;17;16;13;11;2;2;
?;?;?;?;?;?;?;?;?;2;18;7;6;3;8;1;10;9;5;20;2;18;7;6;3;8;21;21;21;21;21;21;21;21;21;21;21;21;21;21;21;21;21;21;21;21;19;17;16;13;
?;?;?;?;?;?;?;?;?;0;15;14;12;4;21;19;17;16;13;11;2;18;7;1;10;9;5;20;2;18;7;6;3;1;10;9;5;20;2;2;2;2;18;7;6;3;8;21;19;17;
?;?;?;?;?;?;?;?;?;21;21;21;19;17;16;13;11;2;2;18;7;6;3;8;21;21;21;21;21;21;21;21;19;17;16;13;11;2;2;2;2;2;18;7;6;3;8;21;21;21;
?;?;?;?;?;?;?;?;?;4;1;10;9;5;20;2;2;2;2;2;2;2;2;2;2;18;7;6;3;8;21;21;21;21;21;21;21;21;21;21;21;21;19;17;16;13;11;2;18;7;
?;?;?;?;?;?;?;?;?;20;0;15;14;12;4;1;10;9;5;0;15;14;12;4;21;21;21;19;17;16;13;11;2;2;2;2;2;2;18;7;6;3;8;21;21;21;21;21;21;21;
?;?;?;?;?;?;?;?;?;20;2;2;18;7;6;3;8;21;21;21;19;17;16;13;11;2;2;2;2;2;2;2;2;18;7;6;3;8;21;21;21;21;21;21;19;17;16;13;11;2;
?;?;?;?;?;?;?;?;?;2;18;7;6;3;8;21;21;21;19;17;0;15;14;12;1;10;9;5;20;0;15;14;12;4;21;21;21;21;21;21;21;21;21;21;21;21;21;21;19;17;
?;?;?;?;?;?;?;?;?;3;1;10;9;5;20;0;15;14;12;4;21;21;21;21;21;21;21;21;21;21;19;17;16;13;0;15;14;12;4;21;21;21;21;21;19;17;16;13;11;2;
?;?;?;?;?;?;?;?;?;4;1;10;9;5;0;15;14;12;4;21;19;17;16;13;11;0;15;14;12;4;21;19;17;16;13;11;2;2;2;2;2;2;2;2;2;18;7;6;3;8;
?;?;?;?;?;?;?;?;?;1;10;9;5;20;2;18;7;6;3;8;21;21;21;21;21;21;21;21;21;21;21;19;17;16;13;11;2;2;2;2;2;2;2;2;2;2;2;2;2;2;
?;?;?;?;?;?;?;?;?;0;15;14;12;4;21;19;17;16;13;11;2;2;2;2;2;2;2;2;2;2;2;2;18;7;6;3;1;10;9;5;20;0;15;14;12;4;21;21;21;21;
?;?;?;?;?;?;?;?;?;15;14;12;4;1;10;9;5;20;2;2;2;18;7;6;3;8;21;21;21;21;21;21;21;21;21;21;21;21;21;21;19;17;16;13;11;2;2;2;18;7;
?;?;?;?;?;?;?;?;?;1;10;9;5;20;0;15;14;12;4;1;10;9;5;20;2;2;18;7;6;3;8;1;10;9;5;0;15;14;12;4;21;21;21;21;21;21;21;21;19;17;
?;?;?;?;?;?;?;?;?;4;1;10;9;5;20;2;18;7;6;1;10;9;5;20;2;2;2;2;18;7;6;3;8;21;21;21;21;21;21;21;21;21;21;21;21;21;21;21;21;21;
?;?;?;?;?;?;?;?;?;20;2;18;7;6;1;10;9;0;15;14;12;4;21;21;21;19;17;16;13;11;0;15;14;12;1;10;9;5;20;2;18;7;6;3;8;21;21;21;21;21;
?;?;?;?;?;?;?;?;?;20;0;15;14;12;1;10;9;5;20;2;2;18;7;6;3;1;10;9;5;20;2;18;7;6;3;8;21;21;21;21;21;21;21;21;21;19;17;16;13;11;
?;?;?;?;?;?;?;?;?;0;15;14;12;4;21;21;19;17;16;13;11;2;2;2;2;2;2;2;2;2;2;18;7;6;3;8;1;10;9;5;0;15;14;12;4;21;21;19;17;16;
?;?;?;?;?;?;?;?;?;20;0;15;14;12;4;21;21;21;21;21;21;21;19;17;16;13;11;2;2;2;2;18;7;6;3;8;21;21;21;21;19;17;16;13;11;2;2;2;2;2;
?;?;?;?;?;?;?;?;?;20;0;15;14;12;4;21;21;19;17;0;15;14;12;4;1;10;9;5;20;2;2;2;2;2;18;7;6;3;8;21;21;21;21;21;19;17;16;13;11;2;
?;?;?;?;?;?;?;?;?;20;0;15;14;12;1;10;9;5;20;2;2;18;7;6;3;8;1;10;9;5;20;2;2;18;7;6;3;8;21;21;19;17;16;13;11;2;2;18;7;6;
?;?;?;?;?;?;?;?;?;20;0;15;14;12;4;21;19;17;16;13;11;2;2;2;2;2;2;2;2;18;7;6;3;8;21;21;21;21;21;19;17;16;13;11;2;2;2;2;2;18;
?;?;?;?;?;?;?;?;?;20;0;15;14;12;1;10;9;5;20;2;2;18;7;6;3;8;21;21;21;21;21;21;21;21;21;21;21;21;21;21;21;21;21;19;17;16;13;11;2;2;
?;?;?;?;?;?;?;?;?;2;2;18;7;6;3;8;21;21;19;17;16;13;11;2;2;18;7;6;3;8;21;21;21;19;17;16;13;11;2;2;2;2;2;18;7;6;3;8;21;21;
?;?;?;?;?;?;?;?;?;20;0;15;14;12;4;1;10;9;5;0;15;14;12;4;1;10;9;5;20;2;18;7;6;3;8;21;19;17;16;13;11;2;18;7;6;3;1;10;9;5;
?;?;?;?;?;?;?;?;?;4;1;10;9;5;20;2;18;7;6;1;10;9;5;20;2;2;18;7;6;3;8;21;19;0;15;14;12;4;21;21;21;21;21;21;21;21;21;19;17;16;
?;?;?;?;?;?;?;?;?;20;2;2;2;2;2;18;7;6;3;8;21;21;21;21;21;21;21;21;21;19;17;16;13;0;15;14;12;4;1;10;9;5;20;2;2;2;2;2;2;2;
?;?;?;?;?;?;?;?;?;4;1;10;9;0;15;14;12;4;21;19;17;16;13;11;2;2;2;2;18;7;6;3;8;21;21;21;21;21;21;21;19;17;16;13;11;2;2;2;2;2;
?;?;?;?;?;?;?;?;?;20;0;15;14;12;1;10;9;5;20;2;2;2;18;7;6;3;8;21;21;21;21;21;21;19;17;16;13;11;2;18;7;6;3;8;21;21;21;21;21;21;
?;?;?;?;?;?;?;?;?;21;19;17;16;13;0;15;14;12;4;21;21;21;19;17;16;13;11;2;2;18;7;6;3;8;21;21;19;17;16;13;11;2;2;2;2;2;2;2;2;18;
?;?;?;?;?;?;?;?;?;2;18;7;6;3;8;21;21;21;19;17;16;13;11;2;2;2;2;2;18;7;6;3;8;21;21;21;19;17;16;13;11;0;15;14;12;4;21;19;17;16;
?;?;?;?;?;?;?;?;?;20;2;18;7;1;10;9;5;20;2;2;2;18;7;6;3;8;21;21;19;17;16;13;0;15;14;12;4;21;21;21;19;17;16;13;11;2;2;2;18;7;
?;?;?;?;?;?;?;?;?;9;5;20;2;2;18;7;6;3;8;21;19;17;16;13;11;2;2;2;18;7;6;3;8;21;21;21;21;19;17;16;13;11;2;18;7;6;3;8;21;21;
?;?;?;?;?;?;?;?;?;0;15;14;12;4;1;10;9;5;20;2;2;2;2;18;7;6;3;8;21;21;19;17;16;13;11;2;2;2;2;18;7;6;3;8;21;21;21;21;21;19;
?;?;?;?;?;?;?;?;?;0;15;14;12;4;21;19;17;16;13;11;2;18;7;6;3;8;21;21;21;21;21;21;21;21;19;17;16;13;11;2;2;2;18;7;6;3;1;10;9;5;
?;?;?;?;?;?;?;?;?;4;1;10;9;5;20;2;18;7;6;3;8;1;10;9;5;20;0;15;14;12;4;21;21;21;21;21;21;21;21;21;19;17;16;13;11;2;18;7;6;3;
?;?;?;?;?;?;?;?;?;20;0;15;14;12;4;1;10;9;5;20;0;15;14;12;4;1;10;9;5;20;2;2;2;18;7;6;3;8;21;21;21;21;21;21;21;19;17;16;13;11;
?;?;?;?;?;?;?;?;?;0;15;14;1;10;9;5;20;2;18;7;6;3;8;21;21;19;17;16;13;11;2;18;7;6;3;8;21;21;21;19;17;16;13;11;2;2;18;7;6;3;
?;?;?;?;?;?;?;?;?;2;18;7;6;3;8;21;21;21;21;19;17;16;13;11;2;2;2;2;2;18;7;6;3;8;21;21;21;21;21;21;21;21;21;19;17;16;13;11;0;15;
?;?;?;?;?;?;?;?;?;0;15;14;12;4;21;21;19;17;16;13;11;2;2;18;1;10;9;0;15;14;12;4;21;19;17;16;13;11;2;2;2;18;7;6;3;8;21;19;17;16;
?;?;?;?;?;?;?;?;?;20;0;15;14;12;1;10;9;5;20;2;18;7;6;3;8;21;21;21;19;17;16;13;11;2;2;2;2;2;2;2;2;2;2;2;2;2;2;2;2;2;
?;?;?;?;?;?;?;?;?;21;19;17;16;13;11;2;2;2;2;18;7;6;3;8;21;19;17;16;13;11;2;2;18;7;6;3;8;21;21;21;21;21;21;21;21;21;21;21;19;17;
?;?;?;?;?;?;?;?;?;20;0;15;14;12;4;1;10;9;5;20;2;18;7;6;3;1;10;9;5;20;0;15;14;12;4;21;19;17;16;13;11;2;18;1;10;9;5;20;2;2;
?;?;?;?;?;?;?;?;?;4;1;10;9;5;0;15;14;1;10;9;5;20;2;2;2;2;18;7;6;3;8;21;21;19;17;16;13;0;15;14;12;4;21;21;21;21;21;21;21;21;
?;?;?;?;?;?;?;?;?;0;15;14;12;4;21;21;21;21;21;21;19;17;16;13;11;2;2;2;2;18;7;6;3;8;21;21;21;21;21;21;21;21;21;21;19;17;16;13;11;2;
?;?;?;?;?;?;?;?;?;2;2;2;18;7;6;3;8;21;21;19;17;16;13;11;2;2;2;2;18;7;6;3;8;21;21;21;21;21;21;21;19;17;16;13;11;2;2;18;7;6;
?;?;?;?;?;?;?;?;?;4;1;10;9;5;20;2;18;7;6;3;8;21;21;21;21;21;21;21;21;19;17;16;13;11;2;2;2;2;18;7;6;3;8;21;21;21;21;21;21;21;
?;?;?;?;?;?;?;?;?;0;15;14;12;4;21;19;17;16;13;11;2;18;7;6;3;8;21;21;19;17;16;13;11;2;2;2;2;18;7;6;3;8;21;19;17;16;13;11;2;2;
?;?;?;?;?;?;?;?;?;21;19;17;16;0;15;14;12;4;21;19;17;16;13;11;2;2;2;2;2;2;2;18;7;6;3;8;21;21;21;21;21;21;21;21;21;21;21;21;21;21;
?;?;?;?;?;?;?;?;?;1;10;9;5;20;2;2;18;7;6;3;1;10;9;5;20;2;2;2;2;18;7;6;3;8;21;21;21;21;21;21;21;21;21;21;21;21;21;21;19;17;
?;?;?;?;?;?;?;?;?;20;0;15;14;12;4;1;10;9;5;20;0;15;14;12;4;21;19;17;16;13;11;2;2;2;2;2;2;2;18;7;6;3;8;21;21;21;19;17;16;13;
?;?;?;?;?;?;?;?;?;21;21;21;21;19;17;16;13;11;2;2;2;2;2;2;2;2;2;2;2;2;2;2;18;7;6;3;8;21;21;21;21;21;21;21;21;21;21;21;21;21;
?;?;?;?;?;?;?;?;?;20;0;15;14;12;1;10;9;5;20;2;2;18;7;6;3;8;21;21;21;21;21;21;19;17;16;13;11;2;2;2;2;18;7;6;3;8;21;21;21;19;
?;?;?;?;?;?;?;?;?;2;18;7;6;3;8;21;21;21;19;17;0;15;14;1;10;9;5;20;2;2;18;7;6;3;8;1;10;9;5;20;2;2;2;18;7;6;3;8;21;21;
?;?;?;?;?;?;?;?;?;14;12;4;21;21;19;17;16;0;15;14;12;4;21;21;21;19;17;16;13;11;2;2;2;2;2;2;2;2;2;2;2;2;18;7;6;3;8;21;21;21;
?;?;?;?;?;?;?;?;?;7;6;3;8;21;21;21;19;17;16;13;11;2;2;2;2;2;2;2;2;2;2;18;7;6;3;8;21;21;21;21;21;21;21;21;21;21;21;21;21;19;
?;?;?;?;?;?;?;?;?;18;7;6;3;8;21;21;19;17;16;13;11;2;2;2;2;2;2;18;7;6;3;8;21;21;21;21;21;19;17;16;13;11;2;18;7;6;3;8;21;21;
?;?;?;?;?;?;?;?;?;2;18;7;1;10;9;5;20;2;18;7;6;3;8;21;21;21;19;17;16;13;11;0;15;14;12;4;21;21;21;21;21;21;21;21;21;21;21;21;21;21;
?;?;?;?;?;?;?;?;?;4;1;10;9;5;20;0;15;14;12;1;10;9;5;20;2;18;7;6;3;8;21;21;19;17;16;13;11;2;2;2;2;2;2;2;2;2;2;2;2;2;
?;?;?;?;?;?;?;?;?;21;21;21;21;21;21;21;21;21;21;21;21;21;21;21;19;17;16;13;11;2;2;2;2;2;2;2;2;2;2;18;7;6;3;8;21;21;19;17;16;13;
?;?;?;?;?;?;?;?;?;15;14;12;4;21;21;21;21;21;21;19;17;16;13;11;2;2;2;2;2;2;2;2;18;7;6;3;8;21;21;19;17;16;13;11;2;2;2;2;2;2;
?;?;?;?;?;?;?;?;?;9;5;20;2;2;18;7;6;3;8;1;10;9;5;20;2;2;2;18;7;6;3;8;21;21;21;21;21;21;21;19;17;16;13;11;0;15;14;12;4;1;
?;?;?;?;?;?;?;?;?;0;15;14;12;4;21;21;21;19;17;16;13;11;2;2;2;2;2;2;2;2;2;2;18;7;6;3;8;21;21;21;21;21;21;21;21;19;17;16;13;11;
?;?;?;?;?;?;?;?;?;2;18;7;1;10;9;5;20;2;2;2;18;7;6;3;8;21;21;21;21;21;19;17;16;13;11;2;2;18;7;6;3;8;21;21;21;21;21;19;17;16;
?;?;?;?;?;?;?;?;?;0;15;14;1;10;9;5;20;2;18;7;6;3;8;21;21;19;17;16;13;11;2;18;7;6;3;8;21;21;19;17;16;13;11;2;2;18;7;6;3;8;
?;?;?;?;?;?;?;?;?;13;11;2;2;2;2;2;2;2;2;2;18;7;6;3;1;10;9;5;20;0;15;14;12;4;21;21;21;21;21;19;17;16;13;11;2;2;2;2;2;18;
?;?;?;?;?;?;?;?;?;14;12;4;21;21;21;21;19;17;16;13;11;0;15;14;12;4;21;21;19;17;16;13;11;2;2;2;2;2;2;2;2;2;2;2;2;2;2;2;2;2;
?;?;?;?;?;?;?;?;?;1;10;9;5;0;15;14;12;4;21;21;19;17;16;13;11;2;2;2;2;2;2;2;18;7;6;3;8;21;21;21;21;21;21;21;19;17;16;13;11;2;
?;?;?;?;?;?;?;?;?;4;1;10;9;5;20;2;18;7;6;3;8;21;21;21;21;21;21;21;19;17;16;13;11;2;2;18;7;6;3;8;21;19;17;16;13;0;15;14;12;4;
?;?;?;?;?;?;?;?;?;1;10;9;5;20;2;2;18;7;6;3;8;21;21;21;21;21;21;21;19;17;16;13;11;0;15;14;12;4;21;21;21;21;21;21;21;21;21;21;21;19;
?;?;?;?;?;?;?;?;?;0;15;14;12;4;21;21;21;21;21;21;21;21;19;17;16;13;11;2;2;2;2;2;2;2;2;2;2;2;2;2;2;2;2;2;2;2;2;2;2;2;
?;?;?;?;?;?;?;?;?;1;10;9;5;20;2;18;7;6;3;8;21;19;17;16;13;11;2;18;7;6;3;1;10;9;5;20;2;2;18;7;6;3;8;21;21;21;21;19;17;16;
?;?;?;?;?;?;?;?;?;20;0;15;14;12;4;1;10;9;5;20;2;2;2;2;2;2;2;2;18;7;6;3;8;21;21;21;21;21;21;21;21;21;21;21;21;21;21;21;21;21;
?;?;?;?;?;?;?;?;?;21;21;21;21;21;21;19;17;16;13;11;2;2;2;18;7;6;3;8;21;21;19;17;16;13;11;2;2;2;2;2;2;18;7;6;1;10;9;5;20;2;
?;?;?;?;?;?;?;?;?;2;18;7;6;3;8;21;21;21;21;21;21;21;21;19;17;16;13;11;2;2;2;2;2;2;18;7;6;3;8;21;21;21;21;21;21;19;17;16;13;11;
?;?;?;?;?;?;?;?;?;21;21;21;21;21;21;21;21;19;17;16;13;11;2;2;2;2;2;2;2;2;2;2;2;2;2;2;2;2;2;2;2;2;2;18;7;6;3;8;21;21;
?;?;?;?;?;?;?;?;?;4;21;19;17;16;13;11;2;2;2;18;7;6;3;8;21;21;21;21;21;21;21;21;21;19;17;16;13;11;2;2;2;2;2;2;18;7;6;3;8;21;
?;?;?;?;?;?;?;?;?;21;21;19;17;16;13;11;2;2;2;2;2;2;2;2;18;7;6;3;8;21;21;21;19;17;16;13;0;15;14;12;1;10;9;5;20;2;2;2;2;2;
?;?;?;?;?;?;?;?;?;21;19;17;16;13;11;2;2;2;2;2;2;2;2;2;18;7;6;3;8;21;21;19;17;16;13;11;2;2;2;2;2;2;2;18;7;6;3;8;21;21;
?;?;?;?;?;?;?;?;?;2;2;2;2;2;2;2;2;2;2;2;2;18;7;6;3;8;21;21;19;17;16;13;11;2;18;7;6;3;8;21;21;21;21;21;21;21;21;21;21;21;
?;?;?;?;?;?;?;?;?;4;1;10;9;5;20;0;15;14;12;4;21;19;17;16;13;11;2;2;2;2;2;2;2;2;2;18;7;6;3;8;21;19;17;16;13;11;2;2;2;2;
?;?;?;?;?;?;?;?;?;0;15;14;12;4;21;21;19;17;0;15;14;12;4;21;19;17;16;13;11;2;2;2;2;2;2;2;2;18;7;6;3;8;21;21;21;19;17;16;13;0;
?;?;?;?;?;?;?;?;?;2;18;7;6;3;8;21;21;19;17;16;13;11;2;2;2;2;2;2;18;7;6;3;8;21;21;21;21;21;21;21;19;17;16;13;11;2;2;2;2;2;
?;?;?;?;?;?;?;?;?;2;18;7;6;3;8;21;19;17;16;13;0;15;14;12;4;21;21;19;17;16;0;15;14;12;4;21;21;21;19;17;16;13;11;2;2;2;2;2;2;2;
?;?;?;?;?;?;?;?;?;2;2;2;2;2;2;2;18;7;6;3;8;21;21;21;21;21;21;21;21;21;19;17;16;13;11;2;2;2;2;2;2;2;2;2;18;7;6;3;8;21;
?;?;?;?;?;?;?;?;?;19;17;16;13;11;0;15;14;12;4;21;21;21;19;17;16;13;0;15;14;12;1;10;9;5;20;2;2;2;2;2;2;2;2;2;2;2;2;2;2;2;
?;?;?;?;?;?;?;?;?;4;21;21;21;21;21;21;21;21;21;19;17;16;13;11;2;2;2;2;2;2;2;2;18;7;6;3;8;21;21;21;21;21;19;17;16;13;11;2;2;2;
?;?;?;?;?;?;?;?;?;2;2;2;2;2;2;2;2;2;2;2;2;2;2;18;7;6;3;8;21;21;21;21;21;21;21;21;21;21;21;21;21;21;21;21;21;21;21;21;21;21;
?;?;?;?;?;?;?;?;?;20;2;18;7;6;3;8;21;19;17;16;13;11;2;2;2;2;2;2;2;2;2;18;7;6;3;8;21;21;21;21;21;21;21;21;21;19;17;16;13;11;
?;?;?;?;?;?;?;?;?;14;12;4;21;19;17;16;13;11;2;2;2;2;2;2;2;2;18;7;6;3;8;21;21;21;21;21;21;19;0;15;14;12;4;21;21;19;17;16;13;11;
?;?;?;?;?;?;?;?;?;3;8;21;21;21;21;21;21;21;21;21;21;21;19;17;16;13;11;2;2;2;2;2;2;2;2;2;2;2;2;18;7;6;3;8;21;21;21;21;21;21;
?;?;?;?;?;?;?;?;?;20;0;15;14;12;4;21;19;17;16;13;11;2;2;2;2;2;2;2;2;2;18;7;6;3;8;21;21;21;21;21;21;21;21;19;17;16;13;11;2;2;
?;?;?;?;?;?;?;?;?;2;18;7;6;3;8;21;21;21;19;17;16;13;11;2;2;2;2;2;2;18;7;6;3;8;21;21;21;21;21;21;21;19;17;16;13;11;2;2;2;2;
?;?;?;?;?;?;?;?;?;2;18;7;6;3;1;10;9;5;20;2;2;2;2;2;2;2;2;2;2;18;7;6;3;8;21;21;21;21;21;21;21;21;21;21;21;21;21;21;19;17;
?;?;?;?;?;?;?;?;?;2;18;7;6;3;8;1;10;9;5;20;2;2;18;7;6;3;8;21;21;21;21;21;19;17;16;13;0;15;14;12;4;1;10;9;5;20;2;2;2;2;
?;?;?;?;?;?;?;?;?;4;1;10;9;5;20;0;15;14;12;4;21;19;17;16;13;0;15;14;12;4;21;21;19;17;16;13;11;2;2;2;2;2;18;7;6;3;8;21;21;21;
?;?;?;?;?;?;?;?;?;15;14;12;4;21;21;21;19;17;16;13;11;2;2;2;18;7;6;1;10;9;5;20;2;2;2;2;2;2;2;2;2;2;2;2;2;18;7;6;3;8;
?;?;?;?;?;?;?;?;?;18;7;6;1;10;9;5;20;0;15;14;12;4;21;21;21;21;21;21;21;21;21;21;19;17;16;13;11;2;2;2;18;7;6;3;8;21;21;21;21;21;
?;?;?;?;?;?;?;?;?;21;19;17;16;13;11;2;2;2;2;2;2;2;2;2;2;2;2;18;7;6;3;8;21;21;21;21;21;21;21;21;21;21;21;21;21;21;21;21;21;21;
?;?;?;?;?;?;?;?;?;20;0;15;14;12;4;1;10;9;5;0;15;14;12;4;21;21;19;17;16;13;11;2;2;2;2;2;2;2;2;2;2;2;2;2;2;2;2;2;2;18;
?;?;?;?;?;?;?;?;?;0;15;14;12;4;21;21;21;19;17;16;13;11;0;15;14;12;4;21;21;21;21;21;21;21;21;21;19;17;16;13;11;2;2;2;2;2;2;2;2;2;
?;?;?;?;?;?;?;?;?;2;2;2;2;2;2;2;2;18;7;6;3;8;21;21;21;21;21;21;21;21;21;21;21;21;21;19;17;16;13;11;2;18;7;6;3;8;21;21;21;19;
?;?;?;?;?;?;?;?;?;2;18;7;6;3;8;1;10;9;5;20;2;18;7;1;10;9;5;0;15;14;12;4;21;21;21;21;21;19;17;16;13;11;2;2;2;2;2;2;2;2;
?;?;?;?;?;?;?;?;?;21;21;21;21;21;21;21;19;17;16;13;11;2;2;2;2;2;2;18;7;6;3;8;21;19;17;16;13;11;2;2;2;2;18;7;6;3;8;21;21;21;
?;?;?;?;?;?;?;?;?;20;0;15;14;12;4;1;10;9;5;20;2;2;18;7;1;10;9;5;20;2;2;2;2;18;7;6;3;8;21;21;21;21;21;21;19;17;0;15;14;12;
?;?;?;?;?;?;?;?;?;20;0;15;14;12;4;21;19;17;16;13;11;2;18;7;1;10;9;5;20;0;15;14;12;4;21;21;21;19;17;16;13;11;2;2;2;2;2;2;2;2;
?;?;?;?;?;?;?;?;?;9;5;20;2;2;2;2;18;7;6;3;8;21;21;21;21;21;19;17;16;13;11;2;2;2;18;7;6;3;8;21;21;21;21;21;19;17;16;13;11;2;
?;?;?;?;?;?;?;?;?;20;2;18;7;6;3;8;21;21;21;21;21;21;21;19;17;16;13;11;2;2;2;18;7;6;3;1;10;9;5;20;2;2;2;2;2;2;2;2;2;2;
?;?;?;?;?;?;?;?;?;0;15;14;12;4;21;21;21;19;17;16;13;11;2;2;2;2;2;2;2;18;7;6;3;8;21;21;19;17;16;13;11;2;2;2;2;18;7;6;3;8;
?;?;?;?;?;?;?;?;?;4;1;10;9;5;20;2;18;7;6;3;8;21;21;21;21;21;21;21;21;19;17;16;13;11;2;2;2;18;7;6;3;8;21;21;21;21;21;21;21;21;
?;?;?;?;?;?;?;?;?;20;2;2;2;2;2;2;2;2;2;2;2;2;18;7;6;3;8;21;21;21;19;17;16;13;11;2;18;7;6;3;8;21;21;21;21;21;21;21;21;21;
?;?;?;?;?;?;?;?;?;20;2;18;7;1;10;9;5;20;2;18;7;6;3;8;1;10;9;5;20;2;18;7;6;3;8;21;21;21;21;21;21;21;21;21;19;17;16;13;11;2;
?;?;?;?;?;?;?;?;?;10;9;5;20;2;2;18;7;6;1;10;9;5;20;2;2;2;18;7;6;3;8;21;21;21;21;21;19;17;16;13;11;2;2;2;2;2;2;2;2;2;
?;?;?;?;?;?;?;?;?;4;21;21;19;0;15;14;12;4;21;19;17;16;13;11;2;2;2;18;7;6;3;8;21;19;17;16;13;11;2;2;2;2;2;18;7;6;3;8;21;21;
?;?;?;?;?;?;?;?;?;21;19;17;16;13;11;2;2;18;7;6;3;8;21;21;21;21;21;19;17;16;13;11;2;2;2;2;2;2;2;2;2;18;7;6;3;8;21;21;21;21;
?;?;?;?;?;?;?;?;?;3;8;21;21;21;21;21;21;21;19;17;16;13;11;2;2;2;2;18;7;6;3;8;21;21;21;21;21;19;17;16;13;11;2;2;2;2;2;2;2;2;
?;?;?;?;?;?;?;?;?;15;14;12;4;21;21;21;19;17;16;13;11;0;15;14;12;4;21;21;21;21;21;19;17;16;13;11;2;2;2;2;2;2;2;2;2;2;2;2;18;7;
?;?;?;?;?;?;?;?;?;1;10;9;5;20;2;2;18;7;6;3;8;21;21;19;17;16;13;11;2;2;2;2;18;7;6;3;8;21;21;21;19;17;16;13;0;15;14;12;4;21;
?;?;?;?;?;?;?;?;?;21;21;19;17;16;0;15;14;12;4;1;10;9;5;20;2;2;2;2;2;2;2;2;2;2;2;2;2;2;2;18;7;6;3;8;21;21;21;21;21;21;
?;?;?;?;?;?;?;?;?;20;0;15;14;12;4;21;21;19;0;15;14;12;4;21;21;21;19;17;16;0;15;14;12;4;21;19;17;16;13;11;2;2;2;2;2;2;2;2;2;18;
?;?;?;?;?;?;?;?;?;21;21;21;21;19;17;16;13;11;2;2;2;2;2;2;2;2;2;2;2;2;2;2;2;2;2;2;2;18;7;6;3;8;21;21;21;19;17;16;13;11;
?;?;?;?;?;?;?;?;?;1;10;9;5;20;2;2;2;18;7;6;1;10;9;0;15;14;12;4;21;21;21;21;21;21;21;21;21;21;21;19;17;16;13;11;2;18;7;6;3;8;
?;?;?;?;?;?;?;?;?;4;21;21;21;21;21;21;21;21;21;19;17;16;13;11;2;2;2;2;2;2;2;2;2;2;2;18;7;6;3;8;21;21;19;17;16;13;11;2;18;7;
?;?;?;?;?;?;?;?;?;0;15;14;12;4;21;21;21;19;0;15;14;12;4;21;19;17;16;13;11;2;2;2;18;7;6;3;1;10;9;5;20;2;2;2;2;2;2;2;2;2;
?;?;?;?;?;?;?;?;?;20;2;18;7;6;3;8;21;19;17;16;13;11;0;15;14;12;1;10;9;5;20;2;2;2;2;2;2;2;18;7;6;3;8;21;21;21;21;21;21;21;
?;?;?;?;?;?;?;?;?;20;0;15;14;1;10;9;5;20;2;2;18;7;6;3;8;21;21;21;21;21;21;21;21;21;21;19;17;16;13;11;2;2;2;2;2;2;18;7;6;3;
?;?;?;?;?;?;?;?;?;0;15;14;12;4;21;21;19;17;16;13;11;2;18;7;6;1;10;9;5;20;2;2;2;2;18;7;6;3;8;1;10;9;5;20;2;2;2;18;7;6;
?;?;?;?;?;?;?;?;?;2;18;7;6;3;1;10;9;5;20;2;18;7;6;3;8;21;21;21;21;21;21;21;21;21;21;19;17;16;13;11;2;2;18;7;6;3;8;21;21;21;
?;?;?;?;?;?;?;?;?;20;2;2;2;2;2;18;7;6;3;8;21;21;21;21;21;19;17;16;13;11;2;18;7;6;3;8;21;21;19;17;16;13;11;2;2;2;2;2;2;2;
?;?;?;?;?;?;?;?;?;0;15;14;12;4;1;10;9;5;20;2;2;2;2;2;18;7;6;3;8;21;21;21;19;17;16;13;11;2;2;2;2;2;18;7;6;3;8;21;19;17;
?;?;?;?;?;?;?;?;?;21;21;21;19;17;16;13;11;2;2;2;2;2;2;2;2;2;2;2;2;2;18;7;6;3;8;1;10;9;5;20;2;2;2;2;2;2;2;2;2;2;
?;?;?;?;?;?;?;?;?;20;2;2;2;18;7;6;3;8;21;21;21;21;19;17;16;13;11;2;2;2;2;2;2;2;2;2;2;2;18;7;6;3;8;21;21;21;21;21;21;21;
?;?;?;?;?;?;?;?;?;0;15;14;12;4;21;19;17;16;13;11;2;18;7;6;3;8;1;10;9;5;20;2;2;18;7;6;3;8;21;21;21;21;19;17;16;13;0;15;14;12;
?;?;?;?;?;?;?;?;?;21;19;17;16;13;11;2;2;2;2;2;2;2;18;7;6;3;8;21;21;21;19;17;16;13;0;15;14;12;4;21;21;21;19;17;16;13;11;2;2;2;
?;?;?;?;?;?;?;?;?;0;15;14;12;4;21;21;19;17;16;13;11;2;2;2;2;2;2;2;2;2;2;18;7;6;3;8;21;21;21;21;21;19;17;16;13;11;2;2;2;18;
?;?;?;?;?;?;?;?;?;10;9;5;20;2;18;7;6;3;8;21;21;19;17;16;13;11;0;15;14;12;4;21;21;21;19;17;16;13;11;2;2;2;18;7;6;3;8;21;21;21;
?;?;?;?;?;?;?;?;?;4;21;19;17;0;15;14;12;4;21;21;21;21;19;17;16;13;11;2;2;2;2;2;2;2;2;2;2;18;7;6;3;8;21;21;19;17;16;13;11;2;
?;?;?;?;?;?;?;?;?;2;2;2;2;18;7;6;3;8;21;21;21;19;17;16;13;11;2;2;18;7;6;3;8;21;21;21;21;19;17;16;13;11;2;2;2;2;2;2;2;2;
?;?;?;?;?;?;?;?;?;21;21;21;21;21;19;17;16;13;11;2;2;2;2;2;2;18;1;10;9;5;20;2;2;2;2;2;2;2;2;2;2;2;2;2;2;2;2;2;18;7;
?;?;?;?;?;?;?;?;?;2;18;7;6;3;8;21;21;21;19;17;16;13;11;2;2;2;2;18;7;6;3;8;21;21;21;21;21;21;21;21;21;21;21;21;21;21;21;21;21;19;
?;?;?;?;?;?;?;?;?;2;18;7;6;3;8;21;21;19;17;16;13;11;2;2;2;2;2;18;7;6;3;8;1;10;9;5;20;2;18;7;6;3;8;21;21;21;19;17;16;13;
?;?;?;?;?;?;?;?;?;10;9;5;20;2;18;7;6;3;8;21;21;21;21;21;21;21;21;21;19;17;16;13;11;2;2;2;18;7;6;3;8;21;21;21;21;21;21;21;21;21;
?;?;?;?;?;?;?;?;?;4;21;21;19;17;16;13;11;2;2;2;2;2;2;18;7;6;3;8;21;21;21;19;17;16;13;11;0;15;14;12;4;21;21;21;21;21;21;21;21;21;
?;?;?;?;?;?;?;?;?;2;2;18;7;6;3;8;21;19;17;16;13;0;15;14;12;4;21;21;21;21;21;21;21;21;21;21;21;21;21;21;21;21;19;17;16;13;11;2;2;18;
?;?;?;?;?;?;?;?;?;21;19;17;16;13;11;2;18;7;6;3;8;1;10;9;5;20;2;18;7;6;3;8;21;19;17;16;13;11;2;2;2;18;7;6;3;8;21;21;21;19;
?;?;?;?;?;?;?;?;?;15;14;12;4;21;21;21;19;17;16;13;11;2;2;2;2;2;2;2;2;2;2;18;7;6;3;8;21;21;21;21;21;21;21;21;19;17;16;13;11;2;
?;?;?;?;?;?;?;?;?;2;2;18;7;6;3;8;21;21;21;21;19;17;16;13;11;2;2;18;7;6;3;8;21;21;21;21;21;21;19;17;16;13;11;2;2;18;7;6;3;8;
?;?;?;?;?;?;?;?;?;2;18;7;6;3;8;21;21;21;21;21;21;21;21;21;21;21;19;17;16;13;11;2;2;2;2;2;2;2;2;2;2;2;2;2;2;2;2;2;2;2;
?;?;?;?;?;?;?;?;?;1;10;9;5;20;2;2;18;7;6;3;8;21;19;17;16;13;11;0;15;14;12;4;1;10;9;5;20;0;15;14;12;4;21;21;21;21;21;21;21;21;
?;?;?;?;?;?;?;?;?;1;10;9;5;20;0;15;14;12;4;21;21;19;17;16;13;11;0;15;14;12;4;21;21;21;21;21;21;21;21;19;17;16;13;11;2;2;18;7;6;3;
?;?;?;?;?;?;?;?;?;15;14;1;10;9;5;20;2;2;2;2;18;7;6;3;8;21;21;21;21;21;21;21;21;21;21;19;17;16;13;11;2;2;2;2;2;2;2;2;2;2;
?;?;?;?;?;?;?;?;?;2;2;2;2;2;2;2;2;2;2;18;7;6;3;8;21;21;21;21;21;21;21;21;21;21;21;21;21;21;21;21;21;21;21;19;17;16;13;11;0;15;
?;?;?;?;?;?;?;?;?;20;2;2;2;2;2;2;2;2;2;2;2;18;7;6;3;8;21;19;17;16;13;11;0;15;14;12;1;10;9;5;0;15;14;12;4;21;21;21;21;21;
?;?;?;?;?;?;?;?;?;1;10;9;5;20;2;2;2;2;2;2;2;2;2;2;2;2;2;18;7;6;3;8;21;21;21;21;21;21;21;21;21;21;21;21;21;21;21;21;21;21;
?;?;?;?;?;?;?;?;?;2;18;7;6;3;8;21;21;19;17;16;13;11;2;2;18;7;6;3;8;21;21;19;17;16;13;11;2;2;2;2;2;2;2;2;2;2;2;18;7;6;
?;?;?;?;?;?;?;?;?;4;1;10;9;5;20;2;2;18;7;6;1;10;9;5;0;15;14;12;4;21;21;21;21;21;21;21;21;21;21;21;19;17;16;13;11;2;2;2;2;2;
?;?;?;?;?;?;?;?;?;1;10;9;5;20;0;15;14;12;4;21;21;21;21;21;21;21;21;21;21;21;19;17;16;13;11;2;18;7;1;10;9;5;20;2;2;18;7;6;3;8;
?;?;?;?;?;?;?;?;?;2;2;18;7;1;10;9;5;20;2;2;2;2;2;18;7;6;3;8;21;21;21;21;21;21;21;21;21;21;21;21;21;21;21;21;21;21;21;21;19;17;
?;?;?;?;?;?;?;?;?;3;8;1;0;15;14;12;4;21;21;21;19;17;16;13;11;0;15;14;12;4;21;21;21;21;21;21;21;21;21;19;17;16;13;11;2;2;2;2;18;7;
?;?;?;?;?;?;?;?;?;15;14;12;4;21;19;17;16;13;11;2;18;7;6;3;8;21;21;21;21;19;17;16;13;11;2;2;2;2;2;2;2;18;7;6;3;8;21;21;21;21;
?;?;?;?;?;?;?;?;?;2;2;2;18;7;6;3;8;21;21;21;19;17;16;13;11;2;2;2;2;2;18;7;6;3;8;21;21;21;21;21;21;21;21;21;21;21;21;21;21;21;
?;?;?;?;?;?;?;?;?;1;10;9;5;20;2;18;7;6;3;8;21;21;21;21;21;21;21;21;21;19;17;16;13;11;2;2;2;2;2;2;2;2;2;18;7;6;3;8;21;21;
?;?;?;?;?;?;?;?;?;20;0;15;14;12;1;10;9;5;20;2;18;7;6;3;8;21;21;21;21;21;21;21;21;21;21;21;21;19;17;16;13;11;2;2;2;2;2;2;2;2;
?;?;?;?;?;?;?;?;?;10;9;5;20;2;2;2;2;2;2;2;2;2;2;2;2;2;2;2;2;18;7;6;3;8;21;21;21;21;21;21;21;19;17;16;0;15;14;12;4;1;
?;?;?;?;?;?;?;?;?;4;1;10;9;5;20;2;2;2;2;2;2;2;18;7;6;3;8;21;21;21;21;19;17;16;13;11;0;15;14;12;4;21;21;21;21;19;17;16;13;11;
?;?;?;?;?;?;?;?;?;2;18;7;6;3;8;21;19;17;16;13;11;2;2;2;2;2;18;7;6;3;8;21;21;21;21;21;21;21;21;21;21;21;21;21;21;21;21;21;21;19;
?;?;?;?;?;?;?;?;?;4;1;10;9;0;15;14;12;4;21;21;19;17;16;13;11;2;2;18;7;6;3;8;21;21;21;19;17;16;13;11;2;2;2;18;7;6;3;8;21;21;
?;?;?;?;?;?;?;?;?;20;0;15;14;12;4;21;21;21;21;21;21;21;21;21;19;17;16;13;11;2;2;2;2;2;2;2;2;2;2;2;2;2;2;2;2;18;7;6;3;8;
?;?;?;?;?;?;?;?;?;4;21;19;0;15;14;12;4;21;21;19;17;16;13;11;2;2;2;18;7;6;3;8;21;21;21;19;17;16;13;11;2;2;2;2;2;2;2;2;2;2;
?;?;?;?;?;?;?;?;?;20;0;15;14;12;4;21;19;17;16;0;15;14;12;4;21;21;19;17;16;13;11;2;2;2;2;2;2;2;2;2;18;7;6;3;1;10;9;5;20;2;
?;?;?;?;?;?;?;?;?;1;10;9;5;20;2;2;2;18;1;10;9;5;20;2;2;18;7;6;3;8;21;21;21;21;21;21;21;21;21;21;21;21;21;21;21;21;19;17;16;13;
?;?;?;?;?;?;?;?;?;10;9;5;20;2;2;2;2;2;2;2;2;2;2;2;2;2;2;18;7;6;3;8;21;21;21;21;21;21;21;21;21;21;21;21;21;21;21;21;21;21;
?;?;?;?;?;?;?;?;?;18;7;6;3;8;21;21;21;21;19;17;16;13;11;0;15;14;12;4;21;21;21;21;21;21;21;19;17;16;13;11;2;2;2;18;7;6;3;8;21;21;
?;?;?;?;?;?;?;?;?;21;21;21;21;21;21;21;21;21;19;17;16;13;11;2;2;2;2;2;2;2;2;18;7;6;3;8;21;21;21;21;19;17;16;13;11;2;2;2;2;2;
?;?;?;?;?;?;?;?;?;2;2;2;18;7;6;3;8;1;10;9;5;20;2;2;2;2;2;18;7;6;3;8;21;21;21;21;21;21;21;19;17;16;13;11;2;2;2;2;2;2;
?;?;?;?;?;?;?;?;?;21;19;17;16;13;11;2;2;2;2;2;2;2;2;2;2;18;7;6;3;8;21;19;17;16;13;0;15;14;12;4;21;21;21;21;19;17;16;13;11;2;
?;?;?;?;?;?;?;?;?;4;1;10;9;5;20;2;18;7;6;3;1;10;9;5;0;15;14;12;4;21;21;21;21;21;21;21;21;21;21;21;19;17;16;13;11;2;2;18;7;6;
?;?;?;?;?;?;?;?;?;4;1;10;9;5;20;2;2;2;18;7;6;3;8;21;21;21;21;21;21;19;17;16;0;15;14;12;4;21;21;21;19;17;16;13;11;2;2;18;7;6;
?;?;?;?;?;?;?;?;?;20;0;15;14;12;4;1;10;9;5;20;0;15;14;12;1;10;9;5;20;2;2;18;7;6;3;8;1;10;9;5;20;2;2;2;2;18;7;6;3;8;
?;?;?;?;?;?;?;?;?;4;1;10;9;5;20;2;18;7;6;3;8;21;21;21;21;21;21;21;21;21;21;19;17;16;13;11;2;2;2;2;2;2;2;2;2;18;7;6;3;8;
?;?;?;?;?;?;?;?;?;10;9;5;20;2;2;18;7;6;3;8;21;21;21;19;17;16;0;15;14;12;4;21;21;21;19;17;16;13;11;2;2;2;2;18;7;6;3;8;21;21;
?;?;?;?;?;?;?;?;?;20;0;15;14;12;4;1;10;9;5;20;2;2;2;2;18;1;10;9;0;15;14;12;4;21;21;21;21;21;21;21;21;21;21;21;19;17;16;13;11;2;
?;?;?;?;?;?;?;?;?;20;0;15;14;12;4;1;10;9;5;20;2;2;18;7;1;10;9;5;20;2;18;7;6;3;8;21;21;21;21;21;21;21;21;21;19;17;16;13;11;2;
?;?;?;?;?;?;?;?;?;21;19;17;16;13;11;0;15;14;12;4;21;21;21;21;21;21;19;17;16;13;11;2;2;2;2;2;2;18;7;6;3;1;10;9;5;20;0;15;14;12;
?;?;?;?;?;?;?;?;?;20;0;15;14;12;4;21;21;19;17;16;13;11;2;2;2;2;2;2;2;2;2;18;7;6;3;8;21;19;17;16;13;11;2;2;18;7;6;3;8;21;
?;?;?;?;?;?;?;?;?;0;15;14;12;4;21;19;17;16;13;11;2;18;7;6;3;8;21;19;17;16;13;11;2;2;2;2;2;2;2;2;2;2;18;7;6;3;8;21;21;21;
?;?;?;?;?;?;?;?;?;20;2;2;2;2;2;2;2;2;18;7;6;3;8;21;19;17;16;13;11;2;18;7;6;3;8;21;21;21;21;21;21;21;21;21;21;21;21;21;21;21;
?;?;?;?;?;?;?;?;?;12;4;21;21;21;21;19;17;16;13;11;2;2;2;18;7;6;3;8;21;19;17;16;13;11;2;2;2;2;2;18;7;6;3;8;21;21;21;21;21;19;
?;?;?;?;?;?;?;?;?;1;10;9;5;20;2;2;18;7;6;3;8;21;21;21;21;21;21;21;21;21;21;21;21;21;21;19;17;16;13;11;2;2;2;18;7;6;3;8;21;21;
?;?;?;?;?;?;?;?;?;2;18;7;6;3;8;21;19;17;16;0;15;14;12;4;21;21;19;17;0;15;14;12;4;21;21;21;21;21;21;21;21;21;21;21;21;21;19;17;16;13;
?;?;?;?;?;?;?;?;?;21;19;17;16;13;11;2;18;7;6;3;1;10;9;5;20;2;2;2;2;2;2;2;2;2;2;2;18;7;6;3;8;1;10;9;5;20;2;2;2;2;
?;?;?;?;?;?;?;?;?;4;1;10;9;5;20;0;15;14;12;1;10;9;5;20;0;15;14;12;4;21;21;21;19;17;16;13;11;2;2;2;2;2;2;2;2;2;2;2;18;7;
?;?;?;?;?;?;?;?;?;4;1;10;9;5;0;15;14;12;4;1;10;9;5;20;2;2;2;2;18;7;6;3;8;21;21;21;21;21;21;21;21;19;17;16;13;11;2;2;2;2;
?;?;?;?;?;?;?;?;?;0;15;14;12;1;10;9;5;20;2;18;7;6;3;8;21;21;19;17;16;13;11;2;2;2;18;7;6;3;8;21;21;21;21;21;21;21;21;21;21;19;
?;?;?;?;?;?;?;?;?;1;0;15;14;12;4;21;19;17;16;13;11;2;2;2;18;7;6;3;8;21;21;19;0;15;14;12;4;21;21;21;21;21;19;17;16;13;11;2;2;18;
?;?;?;?;?;?;?;?;?;2;2;2;18;7;1;10;9;5;20;2;18;7;6;3;8;21;21;21;21;21;21;21;21;21;21;21;21;21;21;21;21;21;21;21;21;21;21;19;17;16;
?;?;?;?;?;?;?;?;?;1;10;9;5;20;2;18;7;6;3;8;21;21;21;21;21;21;21;21;21;19;17;16;13;11;2;2;18;7;6;3;8;21;21;21;21;21;21;21;19;17;
?;?;?;?;?;?;?;?;?;3;8;21;21;21;21;19;17;16;13;11;2;2;2;2;2;2;2;2;2;18;7;6;3;8;21;21;21;21;21;21;19;17;16;13;11;2;18;7;6;3;
?;?;?;?;?;?;?;?;?;4;1;10;9;5;0;15;14;12;4;21;21;21;21;21;21;21;21;21;21;19;17;16;13;11;2;2;18;7;6;3;8;1;10;9;5;20;2;2;2;2;
?;?;?;?;?;?;?;?;?;0;15;14;12;4;21;19;17;16;13;11;0;15;14;12;4;21;21;21;21;21;21;19;17;16;13;11;2;2;2;2;2;2;2;18;7;6;3;8;21;19;
?;?;?;?;?;?;?;?;?;21;19;17;16;13;11;2;2;2;18;7;6;1;10;9;5;20;2;2;2;2;18;7;6;3;8;21;21;21;21;21;19;17;16;13;11;2;2;2;2;18;
?;?;?;?;?;?;?;?;?;2;2;18;7;6;3;8;21;21;21;19;17;16;0;15;14;12;4;21;21;21;21;21;21;21;21;19;17;16;13;11;2;2;2;2;2;2;2;2;2;2;
?;?;?;?;?;?;?;?;?;14;12;4;21;21;19;17;16;13;11;2;2;18;7;6;1;10;9;5;20;0;15;14;12;4;21;21;21;21;21;21;21;19;17;16;13;11;2;2;2;2;
?;?;?;?;?;?;?;?;?;1;10;9;5;20;2;2;2;2;2;2;2;2;2;2;2;18;7;6;3;8;21;21;21;21;21;21;19;17;16;13;11;2;2;2;2;2;18;7;6;3;
?;?;?;?;?;?;?;?;?;4;1;10;9;5;0;15;14;12;4;1;10;9;5;20;2;2;18;7;6;3;8;21;21;21;21;19;17;16;13;11;2;2;18;7;6;3;8;21;21;21;
?;?;?;?;?;?;?;?;?;1;10;9;5;20;2;2;2;18;7;6;3;8;21;19;17;0;15;14;12;4;21;21;21;21;21;21;21;21;21;21;21;21;21;21;21;21;21;21;21;21;
?;?;?;?;?;?;?;?;?;2;18;7;6;3;8;21;19;17;16;13;11;2;18;7;6;1;10;9;5;0;15;14;12;4;21;21;19;17;16;13;11;0;15;14;12;4;21;21;21;21;
?;?;?;?;?;?;?;?;?;20;0;15;14;12;4;1;10;9;5;20;2;2;2;2;2;2;2;2;2;2;18;7;6;3;8;21;21;21;21;21;21;21;21;19;17;16;13;11;2;2;
?;?;?;?;?;?;?;?;?;20;2;2;2;2;2;2;2;2;2;2;18;7;6;3;8;21;19;17;16;13;11;2;2;2;2;2;2;18;7;6;3;8;21;21;21;21;21;21;19;17;
?;?;?;?;?;?;?;?;?;4;1;10;9;5;20;0;15;14;12;4;21;21;21;21;21;21;21;21;21;21;21;19;17;16;13;0;15;14;12;4;1;10;9;5;0;15;14;12;4;21;
?;?;?;?;?;?;?;?;?;2;2;2;2;2;2;2;2;18;7;6;3;8;21;21;21;19;17;16;13;11;2;18;7;6;3;8;21;21;21;21;19;17;16;13;11;2;2;2;2;2;
?;?;?;?;?;?;?;?;?;21;21;19;17;16;13;0;15;14;12;1;10;9;5;20;2;2;2;18;7;6;3;8;21;21;19;17;16;13;11;2;2;2;2;2;2;2;2;2;2;18;
?;?;?;?;?;?;?;?;?;2;2;2;2;2;2;2;2;2;2;2;2;2;18;7;6;3;8;21;21;21;21;21;21;21;21;21;21;21;21;21;21;21;21;21;21;21;21;21;21;21;
?;?;?;?;?;?;?;?;?;4;21;21;21;21;21;21;19;17;16;13;11;2;2;2;2;18;7;6;3;8;21;21;21;21;21;21;21;19;17;16;13;11;2;2;2;2;2;18;7;6;
?;?;?;?;?;?;?;?;?;4;1;10;9;5;20;2;2;2;2;2;2;2;2;18;7;6;3;8;21;21;19;17;16;13;11;0;15;14;12;4;21;21;21;21;21;21;21;21;21;21;
?;?;?;?;?;?;?;?;?;4;1;10;9;5;0;15;14;12;4;21;21;19;17;16;13;11;2;2;2;2;2;2;2;2;2;18;7;6;3;8;21;21;21;19;17;16;13;11;2;2;
?;?;?;?;?;?;?;?;?;4;1;10;9;5;20;0;15;14;12;4;21;21;21;19;17;16;13;11;2;2;2;2;2;2;18;7;6;3;8;21;21;19;17;16;13;11;2;2;2;18;
?;?;?;?;?;?;?;?;?;2;2;2;2;2;2;2;18;7;6;3;8;21;21;21;21;19;17;16;13;11;2;2;2;2;2;2;2;18;7;6;3;8;21;21;21;21;21;21;21;21;
?;?;?;?;?;?;?;?;?;2;2;2;18;7;6;3;8;21;21;21;21;21;21;21;21;21;21;21;21;21;21;21;21;21;21;21;21;19;17;16;13;11;0;15;14;12;4;21;21;21;
?;?;?;?;?;?;?;?;?;20;2;2;2;2;2;2;18;7;6;3;8;21;21;21;21;19;17;16;13;11;2;2;18;7;6;3;8;21;21;21;21;21;21;19;17;16;13;11;2;18;
?;?;?;?;?;?;?;?;?;10;9;5;20;2;2;2;18;7;6;3;1;10;9;0;15;14;12;4;21;21;19;17;16;0;15;14;12;4;21;21;21;19;17;16;13;11;0;15;14;12;
?;?;?;?;?;?;?;?;?;20;0;15;14;12;4;21;21;21;19;17;16;13;11;2;2;2;2;2;2;2;18;7;6;3;8;21;21;19;17;16;13;11;2;2;2;2;2;2;2;2;
?;?;?;?;?;?;?;?;?;10;9;5;20;0;15;14;12;4;21;21;21;21;19;17;16;13;11;2;2;2;2;2;2;2;2;18;7;6;3;8;21;21;19;17;16;13;11;2;2;2;
?;?;?;?;?;?;?;?;?;4;1;10;9;5;20;0;15;14;12;1;10;9;5;20;2;18;7;6;3;1;10;9;5;20;2;2;2;2;18;7;6;3;8;21;21;21;21;19;17;16;
?;?;?;?;?;?;?;?;?;20;2;2;18;1;10;9;5;0;15;14;12;4;21;21;19;17;16;13;11;2;18;7;6;3;8;21;21;21;21;21;19;17;16;13;11;2;2;2;18;7;
?;?;?;?;?;?;?;?;?;1;10;9;5;20;2;18;7;6;3;8;21;21;21;21;21;21;21;21;21;21;21;21;19;17;16;13;11;2;2;2;2;2;2;2;18;7;6;3;8;21;
?;?;?;?;?;?;?;?;?;1;10;9;5;20;2;18;7;6;3;8;21;21;19;17;16;13;11;2;2;18;7;6;3;8;21;21;21;21;21;21;21;19;17;16;13;11;2;2;2;2;
?;?;?;?;?;?;?;?;?;1;10;9;5;20;0;15;14;12;4;1;10;9;5;20;2;2;18;7;6;3;8;21;21;21;21;19;17;16;13;11;2;2;2;2;18;7;6;3;8;21;
?;?;?;?;?;?;?;?;?;21;21;21;21;21;21;21;21;21;21;21;19;17;16;13;11;2;2;2;2;2;2;2;2;2;2;2;2;2;2;2;2;2;2;2;2;2;2;2;2;2;