?;?;?;?;?;?;?;?;?;?;1;50;11;5;56;55;54;53;52;1;50;11;5;41;32;28;21;9;3;8;4;4;4;4;30;26;23;18;13;32;32;32;32;32;32;32;32;28;49;46;
?;?;?;?;?;?;?;?;?;?;56;55;54;53;52;1;50;11;5;41;32;32;28;21;51;25;11;5;41;56;55;54;53;52;4;4;4;30;26;23;18;56;55;54;53;52;4;4;4;30;
?;?;?;?;?;?;?;?;?;?;1;50;11;5;41;56;55;54;53;52;4;30;26;23;47;43;36;35;33;51;25;11;5;41;32;28;21;9;3;8;4;30;26;23;18;13;32;32;32;32;
?;?;?;?;?;?;?;?;?;?;1;50;11;5;41;56;55;54;53;52;4;4;4;4;30;26;23;18;13;32;32;32;32;32;32;28;21;9;3;29;12;22;17;14;6;28;21;9;3;8;
?;?;?;?;?;?;?;?;?;?;4;4;30;26;23;18;13;32;32;32;32;32;32;32;32;32;32;32;32;32;32;32;32;32;28;49;46;45;42;0;10;20;16;4;4;4;4;4;4;4;
?;?;?;?;?;?;?;?;?;?;4;4;4;4;30;26;23;18;13;32;32;32;32;32;32;28;21;9;3;8;4;4;4;4;30;26;23;18;13;32;32;32;32;28;21;9;3;8;4;4;
?;?;?;?;?;?;?;?;?;?;56;55;54;53;52;1;50;11;5;41;56;55;54;53;52;1;50;11;5;41;56;55;54;53;52;4;30;26;23;18;13;56;55;54;53;52;1;50;11;5;
?;?;?;?;?;?;?;?;?;?;36;35;33;51;25;11;5;41;32;32;32;32;28;21;9;51;25;11;5;41;32;32;32;32;28;21;9;3;8;4;4;4;4;30;26;23;18;13;32;32;
?;?;?;?;?;?;?;?;?;?;36;35;33;4;30;26;23;18;13;32;32;32;32;32;28;21;9;3;8;4;4;30;26;23;18;13;32;32;32;32;32;32;28;21;9;3;8;1;50;11;
?;?;?;?;?;?;?;?;?;?;30;26;23;18;13;32;32;28;21;9;3;8;4;4;30;26;23;18;13;32;28;21;9;3;8;4;4;4;30;26;23;18;13;32;32;32;32;32;32;32;
?;?;?;?;?;?;?;?;?;?;56;55;54;53;29;12;22;17;14;6;28;21;9;3;8;4;4;4;4;4;30;26;23;18;13;32;32;32;32;32;32;32;28;21;9;51;25;11;5;41;
?;?;?;?;?;?;?;?;?;?;12;22;17;14;56;55;54;53;52;4;4;4;30;26;23;18;13;32;28;21;9;3;8;4;4;30;48;44;37;34;31;27;24;19;15;7;32;32;32;32;
?;?;?;?;?;?;?;?;?;?;30;26;23;18;13;32;32;32;32;32;32;32;32;32;28;21;9;3;8;4;30;26;23;18;13;32;28;21;9;51;25;11;5;41;56;55;54;53;52;4;
?;?;?;?;?;?;?;?;?;?;1;50;11;5;41;56;55;54;53;52;4;30;26;23;18;13;56;55;54;53;52;4;4;4;30;26;23;18;13;32;32;32;32;28;21;9;3;8;4;4;
?;?;?;?;?;?;?;?;?;?;12;22;17;14;6;32;28;21;9;3;8;4;4;4;4;4;4;4;4;30;26;23;18;13;32;28;21;9;3;8;4;4;4;30;26;23;18;13;32;32;
?;?;?;?;?;?;?;?;?;?;56;55;54;53;52;1;50;11;5;41;32;32;28;21;9;3;29;12;22;17;14;6;32;32;32;32;32;32;32;28;21;9;3;8;4;30;26;23;18;13;
?;?;?;?;?;?;?;?;?;?;32;32;32;32;32;32;32;32;32;32;28;21;9;3;8;4;4;30;26;23;47;43;36;35;33;4;4;4;4;4;4;4;4;4;30;26;23;18;13;32;
?;?;?;?;?;?;?;?;?;?;32;32;28;21;9;3;8;4;4;4;4;4;30;26;23;18;13;32;32;32;32;28;21;9;3;8;1;50;11;5;41;32;28;21;9;3;8;4;4;4;
?;?;?;?;?;?;?;?;?;?;4;30;26;47;43;36;35;33;4;30;26;23;18;13;32;32;32;28;21;9;3;8;4;4;4;4;4;4;4;4;4;4;30;26;23;18;13;32;28;21;
?;?;?;?;?;?;?;?;?;?;32;32;32;32;28;21;9;3;8;4;4;4;4;4;4;4;4;4;4;4;4;30;26;23;18;13;56;55;54;53;52;1;50;11;5;41;32;32;32;32;
?;?;?;?;?;?;?;?;?;?;1;50;11;5;41;56;55;54;53;52;4;4;4;4;4;4;4;4;4;4;4;4;4;4;4;4;4;4;4;30;26;23;18;13;32;32;32;28;21;9;
?;?;?;?;?;?;?;?;?;?;36;35;33;4;4;4;30;26;23;18;13;32;32;32;32;32;32;32;32;32;28;21;9;3;8;4;4;4;4;30;26;23;18;13;56;55;54;53;52;4;
?;?;?;?;?;?;?;?;?;?;50;11;5;41;32;28;21;9;3;8;1;50;11;5;41;32;32;28;21;9;3;29;0;10;20;16;4;4;4;30;26;23;18;13;32;32;32;32;28;21;
?;?;?;?;?;?;?;?;?;?;55;54;53;52;4;4;30;26;23;18;13;32;32;32;32;32;32;32;32;32;32;32;28;21;9;3;8;4;4;4;4;4;4;4;30;26;23;18;13;32;
?;?;?;?;?;?;?;?;?;?;4;4;4;4;4;4;4;30;26;23;18;13;32;32;32;32;32;28;21;9;3;8;4;4;4;4;4;4;30;26;23;18;13;32;32;28;21;9;3;8;
?;?;?;?;?;?;?;?;?;?;32;28;21;9;51;25;11;5;41;56;55;54;53;52;4;4;4;30;26;23;18;56;55;54;53;52;4;4;4;4;4;4;4;4;4;30;26;23;18;13;
?;?;?;?;?;?;?;?;?;?;32;32;32;32;32;32;32;32;32;32;28;21;9;3;8;4;4;4;4;4;4;30;26;23;18;13;56;55;54;53;52;4;4;4;4;4;4;4;4;4;
?;?;?;?;?;?;?;?;?;?;13;32;32;32;32;32;32;32;32;32;28;21;9;3;8;4;30;26;23;18;56;55;54;53;52;4;30;26;23;47;43;36;35;33;4;4;4;4;30;26;
?;?;?;?;?;?;?;?;?;?;4;4;30;26;23;18;13;32;32;32;32;28;21;9;3;8;4;30;26;23;18;13;32;28;21;9;3;8;4;4;30;26;23;18;13;32;32;28;21;9;
?;?;?;?;?;?;?;?;?;?;55;54;53;52;4;4;30;26;23;18;56;55;54;53;52;4;4;4;30;26;23;18;13;32;32;32;32;28;21;9;3;8;4;30;26;23;18;13;32;32;
?;?;?;?;?;?;?;?;?;?;30;26;23;47;43;36;35;33;4;30;26;23;18;13;32;32;28;21;9;51;25;11;5;41;32;32;28;21;9;3;8;4;30;26;23;18;13;32;32;32;
?;?;?;?;?;?;?;?;?;?;3;8;4;4;4;4;4;4;4;4;30;26;23;18;13;32;28;21;9;3;8;4;4;30;26;23;18;13;32;32;32;32;32;28;21;9;3;29;12;22;
?;?;?;?;?;?;?;?;?;?;28;21;9;3;8;4;30;26;23;18;13;32;32;32;32;32;32;32;32;32;28;21;9;3;8;4;4;4;4;30;26;23;18;13;32;32;32;32;28;21;
?;?;?;?;?;?;?;?;?;?;4;4;4;4;4;30;26;23;18;13;32;32;32;32;32;32;32;32;32;32;32;32;32;32;28;49;46;45;42;2;40;39;38;41;32;28;21;9;3;8;
?;?;?;?;?;?;?;?;?;?;13;32;32;32;32;32;32;32;32;32;28;21;9;3;8;4;4;4;4;4;4;4;4;4;4;30;26;23;18;13;32;32;32;32;28;21;9;3;8;4;
?;?;?;?;?;?;?;?;?;?;56;55;54;53;52;4;4;4;4;4;4;4;4;4;4;30;26;23;18;13;32;32;32;32;32;32;32;32;32;32;28;21;9;3;8;4;4;4;4;4;
?;?;?;?;?;?;?;?;?;?;12;22;17;14;6;28;21;9;3;8;4;4;4;4;4;4;4;4;4;4;4;4;4;30;26;23;18;13;32;28;21;9;3;8;4;4;4;4;4;4;
?;?;?;?;?;?;?;?;?;?;12;22;17;14;6;32;28;21;9;3;8;1;50;47;43;36;35;33;4;4;4;4;4;4;4;4;4;4;4;4;4;4;4;4;4;4;4;30;26;23;
?;?;?;?;?;?;?;?;?;?;50;11;5;41;32;28;21;9;3;8;4;4;4;30;26;23;18;13;32;32;32;32;32;32;28;21;9;3;8;4;4;4;30;26;23;18;13;32;32;32;
?;?;?;?;?;?;?;?;?;?;12;22;17;14;6;32;28;21;9;3;8;4;4;4;4;4;4;4;4;4;4;30;26;23;18;13;32;32;32;28;21;9;3;8;4;4;4;4;4;30;
?;?;?;?;?;?;?;?;?;?;4;30;26;23;47;43;36;35;29;12;22;17;14;6;32;28;21;9;3;8;4;4;4;4;30;26;23;18;13;32;32;32;32;32;32;32;32;32;32;32;
?;?;?;?;?;?;?;?;?;?;32;28;21;9;3;8;4;4;30;26;23;18;13;32;32;32;32;32;32;32;32;32;32;28;21;9;3;8;4;4;4;4;30;26;23;18;13;32;32;32;
?;?;?;?;?;?;?;?;?;?;32;32;32;32;32;32;28;21;9;3;8;4;4;4;4;4;4;30;26;23;18;13;32;32;32;32;32;32;28;21;9;3;8;4;4;4;4;4;4;4;
?;?;?;?;?;?;?;?;?;?;28;21;9;3;8;1;50;11;5;56;55;54;53;52;4;4;30;26;23;18;56;55;54;53;52;4;4;30;26;23;18;13;56;55;54;53;52;4;4;4;
?;?;?;?;?;?;?;?;?;?;28;21;9;3;8;4;4;4;4;4;4;4;30;26;23;18;13;32;28;21;9;3;8;4;4;4;30;26;23;18;13;32;28;21;9;3;8;4;4;4;
?;?;?;?;?;?;?;?;?;?;12;22;17;14;6;32;32;28;49;46;45;42;2;40;39;38;28;21;9;3;8;4;4;4;4;4;4;4;30;26;23;18;13;32;32;28;21;9;3;8;
?;?;?;?;?;?;?;?;?;?;32;32;32;32;32;32;32;32;32;32;28;21;9;3;8;4;4;4;4;4;4;4;4;4;30;26;23;18;13;32;32;32;32;32;28;21;9;3;8;4;
?;?;?;?;?;?;?;?;?;?;4;30;26;23;18;13;32;28;21;9;51;25;11;47;43;36;35;33;51;25;11;5;41;32;32;32;32;32;28;21;51;25;0;10;20;16;4;4;4;4;
?;?;?;?;?;?;?;?;?;?;56;55;54;53;52;4;30;26;23;18;56;55;54;53;52;4;30;26;23;18;13;32;32;32;32;32;32;28;21;9;3;8;4;4;4;30;26;23;18;13;
?;?;?;?;?;?;?;?;?;?;55;54;53;52;4;30;26;23;18;13;32;32;32;32;32;32;32;32;28;21;9;3;8;4;4;4;30;26;23;18;13;32;32;32;32;32;32;32;28;21;
?;?;?;?;?;?;?;?;?;?;32;32;32;32;32;32;32;32;32;32;32;32;28;21;9;3;8;4;4;4;4;4;4;4;4;4;4;4;30;26;23;18;13;56;55;54;53;52;4;4;
?;?;?;?;?;?;?;?;?;?;32;28;21;9;3;8;4;4;4;30;26;23;18;13;32;32;32;28;21;9;3;8;4;4;4;4;4;4;4;4;4;4;4;4;4;4;4;4;4;4;
?;?;?;?;?;?;?;?;?;?;32;32;32;28;21;9;3;8;4;4;4;4;30;26;23;18;56;55;54;53;52;4;4;4;4;4;4;4;4;4;4;4;4;4;4;4;4;4;4;4;
?;?;?;?;?;?;?;?;?;?;30;26;23;18;13;32;32;32;32;32;32;32;32;32;28;21;9;3;8;4;4;4;4;4;30;26;23;18;13;32;32;28;21;9;3;8;4;4;4;4;
?;?;?;?;?;?;?;?;?;?;21;9;3;8;4;4;4;4;4;4;4;30;26;23;18;56;55;54;53;52;4;4;4;4;30;26;23;47;43;36;35;33;4;4;4;4;4;4;4;4;
?;?;?;?;?;?;?;?;?;?;12;22;17;14;6;28;21;9;3;8;4;30;26;23;47;43;36;35;33;4;30;26;23;18;13;32;28;21;9;3;8;4;4;4;4;4;4;30;26;23;
?;?;?;?;?;?;?;?;?;?;56;55;54;53;52;1;50;11;5;41;32;32;32;32;32;28;21;9;3;8;4;4;4;4;4;30;26;23;18;13;32;32;28;21;9;51;25;11;5;41;
?;?;?;?;?;?;?;?;?;?;56;55;54;53;52;4;4;4;30;48;44;37;34;33;51;25;11;5;41;32;32;32;32;32;32;32;32;32;32;32;32;28;21;9;3;8;4;4;4;4;
?;?;?;?;?;?;?;?;?;?;4;4;4;30;26;23;18;13;32;32;28;21;9;51;25;11;5;41;32;32;32;32;32;32;32;32;28;21;9;3;8;1;50;11;5;41;32;32;32;28;
?;?;?;?;?;?;?;?;?;?;34;33;4;4;4;4;4;4;4;4;4;4;4;4;4;4;4;4;4;4;30;26;23;18;13;32;32;32;32;32;32;32;32;32;32;32;32;32;32;32;
?;?;?;?;?;?;?;?;?;?;42;2;40;39;28;21;9;3;8;4;4;4;4;30;26;23;18;13;32;32;32;28;21;9;3;8;4;4;4;4;4;4;4;4;4;4;4;4;4;4;
?;?;?;?;?;?;?;?;?;?;55;54;53;52;4;30;26;23;18;13;32;28;21;9;3;8;1;50;11;5;41;32;28;21;9;3;29;12;22;47;43;36;35;33;4;4;4;4;4;4;
?;?;?;?;?;?;?;?;?;?;55;54;53;52;4;30;26;23;18;13;32;28;21;9;3;8;1;50;11;5;41;32;32;32;32;32;32;32;32;32;32;28;21;9;3;8;4;4;4;4;
?;?;?;?;?;?;?;?;?;?;4;30;26;23;18;13;32;32;32;32;32;32;32;32;32;28;21;9;3;8;1;50;11;5;41;56;55;54;53;52;4;4;30;26;23;18;13;32;28;21;
?;?;?;?;?;?;?;?;?;?;56;55;54;53;52;1;50;11;5;41;32;28;21;9;3;8;4;4;4;4;4;4;4;4;4;4;4;30;26;23;47;43;36;35;33;51;25;11;5;41;
?;?;?;?;?;?;?;?;?;?;1;50;11;5;41;32;32;32;28;21;9;3;8;4;4;30;26;23;18;13;32;32;32;32;28;21;9;3;8;4;4;4;4;30;26;23;18;13;32;32;
?;?;?;?;?;?;?;?;?;?;50;11;5;41;32;28;21;9;3;8;1;50;11;5;56;55;54;53;52;4;4;30;26;23;18;13;32;32;32;32;32;32;28;21;9;3;8;4;4;4;
?;?;?;?;?;?;?;?;?;?;30;26;23;18;13;56;55;54;53;29;12;22;17;14;6;28;21;9;3;8;1;50;11;47;43;36;35;33;4;4;4;30;26;23;18;13;56;55;54;53;
?;?;?;?;?;?;?;?;?;?;30;26;23;18;13;32;28;21;9;3;29;12;22;17;14;6;28;21;9;3;8;1;50;11;5;41;56;55;54;53;52;4;30;26;23;18;13;32;32;32;
?;?;?;?;?;?;?;?;?;?;4;4;4;4;4;4;4;4;4;4;4;4;4;30;26;23;18;13;32;32;32;32;32;32;32;32;32;32;32;32;32;32;32;32;32;32;32;32;28;21;
?;?;?;?;?;?;?;?;?;?;12;22;17;14;6;28;21;9;3;8;4;4;4;30;26;23;18;13;32;32;32;32;32;28;21;9;3;8;4;4;30;26;23;18;13;32;32;28;21;9;
?;?;?;?;?;?;?;?;?;?;3;8;4;4;30;26;23;18;13;32;32;32;32;28;21;9;3;8;4;4;4;4;4;4;30;26;23;18;13;32;32;32;32;28;21;9;3;8;4;4;
?;?;?;?;?;?;?;?;?;?;55;54;53;52;4;4;30;26;23;18;13;32;32;32;32;32;32;28;21;9;3;8;4;4;4;30;26;23;18;13;32;32;32;32;28;21;9;3;8;4;
?;?;?;?;?;?;?;?;?;?;50;11;5;41;32;28;21;9;3;8;4;30;26;23;18;13;32;28;21;9;3;29;12;22;17;14;6;32;32;32;28;21;9;3;8;4;4;4;4;4;
?;?;?;?;?;?;?;?;?;?;56;55;54;53;52;1;50;11;5;56;55;54;53;52;4;4;4;4;30;26;23;18;13;32;32;32;32;32;28;21;51;25;11;5;41;32;32;32;32;32;
?;?;?;?;?;?;?;?;?;?;9;3;29;12;22;17;14;6;32;32;28;21;9;3;8;4;4;4;4;4;4;4;4;4;4;4;4;4;4;4;4;4;4;4;4;4;4;4;4;4;
?;?;?;?;?;?;?;?;?;?;28;21;9;3;29;12;22;17;14;6;28;21;9;3;8;4;4;4;4;4;30;26;23;18;13;32;28;21;9;3;8;1;50;11;5;41;32;32;32;32;
?;?;?;?;?;?;?;?;?;?;55;54;53;52;4;4;30;26;23;18;13;32;32;32;32;32;32;32;32;28;21;9;3;8;4;4;4;4;4;4;4;4;4;30;26;23;18;13;32;32;
?;?;?;?;?;?;?;?;?;?;56;55;54;53;52;4;30;26;23;18;56;55;54;53;29;12;22;17;14;6;32;32;32;28;21;9;3;8;4;4;4;4;4;30;26;23;18;13;32;32;
?;?;?;?;?;?;?;?;?;?;12;22;17;14;6;28;21;9;3;8;4;30;26;23;18;13;32;32;28;21;9;3;8;4;4;4;4;4;4;4;4;4;4;30;26;23;18;13;32;32;
?;?;?;?;?;?;?;?;?;?;28;21;9;3;8;4;4;4;4;30;26;23;18;13;32;32;32;28;21;9;3;8;4;4;4;4;4;30;26;23;18;13;32;32;32;32;32;32;32;32;
?;?;?;?;?;?;?;?;?;?;55;54;53;52;4;30;26;23;18;13;32;32;28;21;9;3;8;4;4;4;4;4;4;4;4;4;4;4;4;4;4;4;30;26;23;18;13;32;32;32;
?;?;?;?;?;?;?;?;?;?;4;30;26;23;18;56;55;54;53;52;4;4;30;26;23;18;13;32;32;32;32;32;28;21;9;3;8;4;4;4;30;26;23;18;13;32;32;32;32;32;
?;?;?;?;?;?;?;?;?;?;13;32;32;32;32;32;32;28;21;9;3;8;4;4;4;30;26;23;18;13;32;32;28;21;9;3;8;4;4;4;4;4;4;4;30;26;23;18;13;32;
?;?;?;?;?;?;?;?;?;?;56;55;54;53;52;4;30;26;23;18;13;56;55;54;53;52;4;4;4;4;4;4;4;4;4;4;4;30;26;23;18;13;32;32;32;32;32;32;32;32;
?;?;?;?;?;?;?;?;?;?;32;28;21;9;3;8;1;50;11;5;56;55;54;53;52;4;30;26;23;47;43;36;35;33;4;4;30;26;23;47;43;36;35;33;4;4;4;4;30;26;
?;?;?;?;?;?;?;?;?;?;12;22;17;14;6;28;21;9;3;8;4;4;4;4;4;4;4;4;4;4;4;30;26;23;18;13;32;32;28;21;9;3;8;4;4;4;4;30;26;23;
?;?;?;?;?;?;?;?;?;?;32;32;32;32;32;32;32;32;32;28;21;9;3;8;4;4;4;4;4;4;30;26;23;18;13;32;28;21;9;3;8;4;4;4;4;4;4;4;30;26;
?;?;?;?;?;?;?;?;?;?;1;50;11;5;41;56;55;54;53;29;12;22;17;14;6;28;21;9;3;8;4;4;4;30;26;47;43;36;35;33;51;25;11;5;41;32;32;32;32;32;
?;?;?;?;?;?;?;?;?;?;32;28;21;51;25;11;5;41;32;28;21;9;3;8;1;50;11;5;41;32;32;32;32;28;21;9;3;8;4;4;4;30;26;23;18;13;32;28;21;9;
?;?;?;?;?;?;?;?;?;?;23;18;56;55;54;53;52;4;30;26;23;18;13;32;32;32;32;28;21;9;3;8;4;4;4;4;4;30;26;23;18;13;32;32;32;32;32;32;32;32;
?;?;?;?;?;?;?;?;?;?;32;32;32;28;21;9;3;8;4;4;4;4;4;30;26;23;18;56;55;54;53;52;4;4;4;4;30;26;23;18;13;32;32;28;21;9;3;8;1;50;
?;?;?;?;?;?;?;?;?;?;4;30;26;23;18;13;32;28;21;9;3;8;4;4;4;4;4;4;4;4;30;26;23;18;13;32;32;32;32;32;32;32;32;32;32;32;32;32;32;32;
?;?;?;?;?;?;?;?;?;?;32;28;21;9;3;29;12;22;17;14;6;28;21;9;3;29;12;22;17;14;56;55;54;53;52;4;4;4;4;30;26;47;43;36;35;33;4;4;4;4;
?;?;?;?;?;?;?;?;?;?;30;26;23;18;13;32;32;32;28;49;46;45;42;2;40;39;28;21;9;3;29;12;22;17;14;6;32;32;32;32;28;21;9;3;8;4;4;4;4;4;
?;?;?;?;?;?;?;?;?;?;30;26;23;18;13;32;28;21;9;3;29;12;22;17;14;6;32;32;32;32;32;32;32;32;28;21;9;3;8;4;4;4;4;4;4;4;4;4;4;4;
?;?;?;?;?;?;?;?;?;?;1;50;11;5;56;55;54;53;52;1;50;11;5;41;32;28;21;9;3;8;4;4;4;4;30;26;23;18;13;32;32;32;32;32;32;32;32;32;32;32;
?;?;?;?;?;?;?;?;?;?;55;54;53;52;4;4;30;26;23;18;13;32;28;21;9;3;8;4;4;4;4;4;4;30;26;23;18;13;32;32;32;32;32;32;32;32;32;32;32;28;
?;?;?;?;?;?;?;?;?;?;4;30;26;23;18;13;32;32;28;21;9;51;25;11;5;41;32;32;32;32;32;32;32;32;32;28;21;9;3;8;4;4;4;4;4;4;30;26;23;18;
?;?;?;?;?;?;?;?;?;?;55;54;53;52;4;4;4;30;48;44;37;34;33;4;4;30;26;23;18;13;32;32;32;32;32;32;32;32;32;32;32;32;32;32;32;28;21;9;3;8;
?;?;?;?;?;?;?;?;?;?;32;28;21;9;3;8;1;50;11;5;56;55;54;53;29;12;22;17;14;6;32;32;32;32;32;32;28;21;9;3;8;4;4;4;4;4;30;26;23;18;
?;?;?;?;?;?;?;?;?;?;4;4;4;4;4;30;26;23;18;13;32;32;32;32;32;32;32;32;28;21;9;3;8;1;50;11;5;41;32;32;32;32;32;28;21;9;3;8;4;4;
?;?;?;?;?;?;?;?;?;?;11;5;41;32;32;32;32;28;21;9;3;8;4;4;4;4;4;4;4;4;30;26;23;18;13;32;32;32;32;32;32;28;21;9;3;8;4;4;4;4;
?;?;?;?;?;?;?;?;?;?;4;4;4;4;4;30;26;23;18;13;32;32;32;32;32;32;32;32;32;32;32;32;32;32;32;32;32;32;32;32;28;21;9;3;8;4;4;4;4;4;
?;?;?;?;?;?;?;?;?;?;32;28;21;9;3;8;1;50;11;5;41;32;28;21;9;3;8;4;4;4;4;4;4;4;30;26;23;18;13;32;28;21;9;3;8;4;4;4;4;4;
?;?;?;?;?;?;?;?;?;?;56;55;54;53;52;1;50;11;5;41;32;32;32;32;32;32;32;32;28;21;9;51;25;0;10;20;16;4;4;4;4;4;4;4;4;4;4;4;4;4;
?;?;?;?;?;?;?;?;?;?;56;55;54;53;52;4;4;4;4;4;4;4;4;4;4;30;26;23;18;13;32;32;32;32;32;32;32;32;32;32;32;32;32;28;21;9;3;8;4;4;
?;?;?;?;?;?;?;?;?;?;1;50;11;5;41;56;55;54;53;52;4;4;4;30;26;47;43;36;35;33;4;4;4;4;4;4;4;30;26;23;18;13;32;32;32;32;32;32;32;32;
?;?;?;?;?;?;?;?;?;?;30;26;23;18;13;32;32;32;32;32;32;32;32;32;32;28;21;9;3;8;1;50;11;47;43;36;35;33;4;4;4;4;4;4;4;4;4;30;26;23;
?;?;?;?;?;?;?;?;?;?;55;54;53;52;4;30;26;23;18;13;56;55;54;53;52;4;30;26;23;18;56;55;54;53;52;4;4;4;30;26;23;18;13;32;32;32;28;21;9;3;
?;?;?;?;?;?;?;?;?;?;4;30;26;23;18;56;55;54;51;25;11;5;41;32;32;32;32;32;32;32;32;32;32;32;28;21;9;3;8;4;4;4;4;4;4;4;4;4;30;26;
?;?;?;?;?;?;?;?;?;?;4;30;26;23;18;56;55;54;53;52;4;30;26;47;43;36;35;33;4;30;26;23;18;13;32;32;32;28;21;9;3;8;4;4;4;4;4;4;4;30;
?;?;?;?;?;?;?;?;?;?;9;3;29;12;22;17;14;6;32;32;32;28;21;9;3;8;4;4;4;4;4;30;26;23;18;13;32;32;32;28;21;9;3;8;4;4;4;4;4;4;
?;?;?;?;?;?;?;?;?;?;1;50;11;5;41;56;55;54;53;52;4;4;4;30;26;23;18;13;32;32;32;32;28;21;9;3;8;4;4;30;26;23;18;13;32;32;32;32;28;21;
?;?;?;?;?;?;?;?;?;?;4;30;26;23;18;13;32;32;32;28;21;9;3;8;4;4;4;4;4;4;4;30;26;23;18;13;32;32;32;32;32;32;32;32;28;21;9;51;25;11;
?;?;?;?;?;?;?;?;?;?;32;28;21;9;3;8;4;30;26;23;18;13;32;32;32;32;28;21;9;3;8;4;4;4;4;4;4;30;26;23;18;13;56;55;51;25;11;5;41;32;
?;?;?;?;?;?;?;?;?;?;50;11;5;41;56;55;54;53;52;1;50;11;5;41;32;32;32;32;32;32;28;21;9;3;8;4;4;4;30;26;23;18;13;32;32;28;21;9;3;8;
?;?;?;?;?;?;?;?;?;?;25;11;5;56;55;54;53;52;4;4;4;4;4;4;4;4;4;4;4;4;4;4;4;4;4;30;26;23;18;13;32;32;32;32;32;32;32;32;32;32;
?;?;?;?;?;?;?;?;?;?;17;14;6;32;32;32;28;21;9;3;8;4;4;4;4;4;4;30;26;23;18;13;32;32;32;28;21;9;3;8;4;4;4;4;4;4;30;48;44;37;
?;?;?;?;?;?;?;?;?;?;56;55;54;53;29;12;22;17;14;56;55;54;53;52;4;4;30;26;23;18;13;56;55;54;53;52;1;50;11;5;56;55;54;53;52;4;4;4;4;4;
?;?;?;?;?;?;?;?;?;?;21;9;3;8;4;4;4;4;4;4;4;4;4;4;4;4;4;30;26;23;47;43;36;35;33;4;4;30;26;23;18;13;32;32;32;32;32;32;32;32;
?;?;?;?;?;?;?;?;?;?;56;55;54;53;52;4;30;48;44;37;34;33;4;4;4;30;26;23;18;13;32;32;32;32;32;32;32;28;21;9;3;8;4;4;4;30;26;23;18;13;
?;?;?;?;?;?;?;?;?;?;32;32;32;32;32;32;32;32;32;28;21;9;3;8;4;4;4;30;26;23;18;56;55;54;53;52;4;4;4;4;4;4;4;30;26;23;18;56;55;54;
?;?;?;?;?;?;?;?;?;?;56;55;54;53;52;4;30;26;23;18;13;56;55;51;25;11;5;41;32;32;32;32;32;32;32;32;32;32;32;28;21;9;3;8;1;50;11;5;41;32;
?;?;?;?;?;?;?;?;?;?;4;4;4;30;26;23;18;13;32;32;32;32;28;21;9;3;8;4;4;30;26;23;18;13;32;32;32;32;28;21;9;3;8;4;4;4;4;4;4;4;
?;?;?;?;?;?;?;?;?;?;56;55;54;53;52;1;50;11;5;41;32;32;28;49;46;45;42;2;40;28;21;9;3;8;4;4;4;4;4;4;4;4;4;4;4;4;4;4;30;26;
?;?;?;?;?;?;?;?;?;?;28;21;9;3;8;4;4;4;4;30;48;44;37;34;33;4;4;4;4;4;4;4;4;4;4;4;4;4;4;4;4;30;26;23;18;13;32;32;28;21;
?;?;?;?;?;?;?;?;?;?;12;22;17;14;6;28;21;9;3;8;4;4;4;4;4;4;4;4;30;26;23;18;13;32;28;21;9;3;8;4;4;4;4;4;4;4;4;4;4;4;
?;?;?;?;?;?;?;?;?;?;1;50;11;5;41;32;32;32;32;32;32;32;32;28;21;9;3;8;4;4;4;4;30;26;23;18;13;32;32;32;32;28;21;9;3;8;4;4;30;26;
?;?;?;?;?;?;?;?;?;?;32;32;32;32;32;32;32;32;32;28;21;9;3;8;4;4;4;4;4;4;4;4;4;4;30;26;23;18;13;56;55;54;53;52;4;4;4;4;4;30;
?;?;?;?;?;?;?;?;?;?;28;21;9;3;8;4;4;30;26;23;18;13;32;32;32;32;28;21;9;3;8;4;4;4;4;4;4;30;26;23;18;13;32;32;32;28;21;9;3;8;
?;?;?;?;?;?;?;?;?;?;4;30;26;23;18;13;32;32;32;32;32;32;32;32;32;32;32;32;32;32;32;32;32;32;32;32;28;21;9;3;8;4;4;4;4;4;4;4;4;4;
?;?;?;?;?;?;?;?;?;?;18;56;55;54;53;52;1;50;11;5;41;32;32;32;32;32;32;32;32;32;32;32;32;32;32;32;32;32;28;49;46;45;42;2;56;55;54;53;52;4;
?;?;?;?;?;?;?;?;?;?;28;21;9;3;8;4;4;4;4;4;4;4;30;26;23;18;13;32;32;32;32;32;32;32;32;32;32;32;32;32;32;32;32;32;32;32;32;32;32;32;
?;?;?;?;?;?;?;?;?;?;32;28;21;9;3;8;4;4;4;4;30;26;23;18;13;32;32;28;21;9;3;8;4;4;4;4;4;4;4;4;4;4;4;30;26;23;18;13;32;32;
?;?;?;?;?;?;?;?;?;?;32;32;32;32;32;32;32;32;28;21;9;3;8;4;4;4;4;4;4;4;4;4;4;4;4;4;4;30;26;23;18;13;56;55;54;53;52;4;4;4;
?;?;?;?;?;?;?;?;?;?;56;55;54;53;29;12;22;17;14;56;55;54;53;52;4;4;30;26;23;18;13;32;32;28;21;9;51;25;11;5;41;32;32;28;21;9;51;25;11;5;
?;?;?;?;?;?;?;?;?;?;34;33;51;25;11;5;41;32;32;32;32;32;28;21;9;3;8;4;30;48;44;37;34;33;4;4;4;4;4;30;26;23;18;13;56;55;54;53;52;4;
?;?;?;?;?;?;?;?;?;?;56;55;54;53;52;4;4;4;30;26;23;18;13;32;32;32;32;28;21;9;3;8;4;4;4;4;30;26;23;18;13;32;32;32;32;32;32;32;32;32;
?;?;?;?;?;?;?;?;?;?;4;4;4;4;4;4;30;26;23;18;13;32;32;32;32;32;32;32;32;32;28;21;9;3;8;4;4;4;4;4;4;4;4;4;4;4;4;4;4;4;
?;?;?;?;?;?;?;?;?;?;8;4;4;30;26;23;18;56;55;54;53;52;1;50;47;43;36;35;33;4;4;4;30;26;23;18;13;32;28;21;9;3;8;4;4;4;30;26;23;18;
?;?;?;?;?;?;?;?;?;?;12;22;17;14;6;28;21;9;3;8;4;4;4;4;4;4;4;30;26;23;18;13;32;32;32;32;28;21;9;3;8;4;4;30;26;23;47;43;36;35;
?;?;?;?;?;?;?;?;?;?;1;50;11;5;41;56;55;54;53;52;1;50;11;5;56;55;54;53;52;4;4;30;26;23;18;13;32;32;32;32;32;32;32;32;32;32;28;21;9;51;
?;?;?;?;?;?;?;?;?;?;55;54;53;52;1;50;11;5;41;32;32;32;32;32;32;32;32;32;32;28;21;9;3;8;4;4;4;4;4;4;30;26;23;18;13;32;32;32;28;21;
?;?;?;?;?;?;?;?;?;?;4;30;26;23;47;43;36;35;33;4;4;4;30;26;23;18;13;32;32;32;32;32;32;32;32;28;21;9;3;8;4;4;4;30;26;23;18;13;32;32;
?;?;?;?;?;?;?;?;?;?;1;50;11;5;56;55;54;53;52;4;4;30;26;23;18;56;55;54;53;52;1;50;11;5;41;56;55;54;53;52;4;30;26;23;18;13;32;32;32;32;
?;?;?;?;?;?;?;?;?;?;56;55;54;53;52;1;50;11;5;41;32;28;21;9;3;8;1;50;11;47;43;36;35;29;12;22;17;14;6;32;28;21;9;3;8;4;4;4;4;4;
?;?;?;?;?;?;?;?;?;?;30;26;23;18;13;32;28;21;9;3;8;1;50;11;5;41;32;32;32;32;32;32;32;32;32;28;21;9;3;8;4;4;4;4;4;4;4;4;4;4;
?;?;?;?;?;?;?;?;?;?;30;26;23;18;13;32;32;32;28;21;9;3;8;4;4;4;30;26;23;18;13;32;32;32;32;28;21;9;3;8;4;4;30;26;23;18;13;32;32;28;
?;?;?;?;?;?;?;?;?;?;17;14;6;32;32;32;32;32;32;32;32;32;32;32;28;21;9;3;8;4;4;4;4;4;4;4;4;4;4;4;4;4;4;4;4;4;4;4;4;4;
?;?;?;?;?;?;?;?;?;?;55;54;53;52;1;50;11;5;41;32;32;32;28;21;9;3;8;1;50;11;5;41;32;32;32;32;32;32;32;28;21;9;3;8;4;4;4;4;4;4;
?;?;?;?;?;?;?;?;?;?;13;32;28;21;9;3;8;4;4;4;4;4;30;26;23;18;13;32;32;32;32;32;28;21;9;3;8;4;4;4;30;26;23;18;13;32;28;21;9;3;
?;?;?;?;?;?;?;?;?;?;28;21;9;3;8;1;50;11;5;41;32;32;28;21;9;3;8;4;4;4;4;4;4;4;4;4;4;4;4;4;4;4;4;4;4;30;26;23;18;13;
?;?;?;?;?;?;?;?;?;?;56;55;54;53;29;12;22;17;14;56;55;54;53;52;1;50;11;5;41;32;32;32;28;21;9;3;8;4;4;4;4;30;26;23;18;13;32;32;32;32;
?;?;?;?;?;?;?;?;?;?;55;54;53;52;4;4;4;4;4;4;4;4;4;4;4;4;30;26;47;43;36;35;33;4;4;30;26;23;18;13;32;32;28;21;9;3;8;4;4;4;
?;?;?;?;?;?;?;?;?;?;32;32;32;32;32;32;32;32;32;32;32;28;21;9;3;8;4;4;4;4;4;4;4;4;4;4;4;4;4;4;4;4;30;26;23;18;13;32;32;32;
?;?;?;?;?;?;?;?;?;?;55;54;53;52;1;50;11;5;41;32;32;28;21;9;3;8;1;50;11;5;56;55;54;53;52;1;50;11;5;41;32;32;28;21;9;3;29;12;22;17;
?;?;?;?;?;?;?;?;?;?;55;54;53;52;4;30;26;23;18;13;32;28;21;9;3;8;4;30;26;23;18;13;32;32;32;32;32;32;32;32;28;21;9;3;8;1;50;11;5;41;
?;?;?;?;?;?;?;?;?;?;4;4;4;30;26;23;18;13;32;32;32;32;32;32;32;28;21;9;3;8;4;4;4;4;4;4;4;4;4;30;26;23;18;13;32;28;21;9;3;8;
?;?;?;?;?;?;?;?;?;?;4;30;26;23;18;13;32;32;32;32;32;32;28;21;9;3;8;4;4;4;4;30;26;23;18;13;32;32;32;32;32;32;28;21;9;3;8;4;4;4;
?;?;?;?;?;?;?;?;?;?;50;11;5;41;32;28;21;9;3;8;4;4;30;26;23;18;13;32;32;32;32;32;32;32;32;32;28;21;9;3;8;4;4;4;4;4;4;30;26;23;
?;?;?;?;?;?;?;?;?;?;12;22;17;14;6;32;32;28;21;9;3;8;4;4;4;4;4;4;4;4;4;4;4;4;4;30;26;23;18;13;32;32;32;32;32;32;32;32;32;32;
?;?;?;?;?;?;?;?;?;?;30;26;23;18;13;32;32;32;32;32;32;32;32;32;28;21;9;3;8;4;4;4;4;4;4;4;30;26;23;18;13;32;32;32;32;32;32;32;32;32;
?;?;?;?;?;?;?;?;?;?;4;30;26;23;18;56;55;54;53;29;12;22;17;14;6;28;21;9;3;8;4;4;30;26;23;47;43;36;35;33;51;25;11;5;41;32;32;32;28;21;
?;?;?;?;?;?;?;?;?;?;4;30;26;23;18;56;55;54;53;52;1;50;11;5;41;32;32;32;32;32;32;32;28;21;9;3;8;4;4;4;4;4;30;26;23;47;43;36;35;33;
?;?;?;?;?;?;?;?;?;?;12;22;47;43;36;35;33;4;30;26;23;18;13;32;32;32;32;28;21;9;3;8;4;4;4;4;4;30;26;23;18;13;32;32;32;28;21;9;3;8;
?;?;?;?;?;?;?;?;?;?;55;54;53;52;4;4;4;4;4;4;4;30;26;23;18;13;32;28;21;9;3;8;4;30;26;23;18;13;32;32;32;32;32;32;32;28;21;9;3;8;
?;?;?;?;?;?;?;?;?;?;4;4;4;4;4;4;4;4;4;4;4;4;4;30;26;23;18;13;32;32;32;28;21;9;3;8;4;4;4;30;26;23;18;13;32;32;32;32;32;32;
?;?;?;?;?;?;?;?;?;?;4;30;26;23;18;13;32;28;21;9;3;8;4;4;30;26;23;18;13;32;28;21;9;3;8;4;4;4;4;30;26;23;18;13;32;32;32;28;21;9;
?;?;?;?;?;?;?;?;?;?;8;4;4;4;4;4;4;30;26;23;18;13;56;55;54;53;52;4;4;4;4;30;26;23;18;13;32;32;28;21;9;3;8;4;4;4;4;4;4;4;
?;?;?;?;?;?;?;?;?;?;4;4;4;4;4;4;4;4;4;4;4;4;4;4;4;4;4;4;30;26;23;18;13;32;32;32;32;32;32;32;32;32;32;32;32;32;32;32;32;28;
?;?;?;?;?;?;?;?;?;?;1;50;11;5;41;32;32;28;21;9;3;8;4;4;4;4;4;4;4;4;30;26;23;18;13;56;55;54;53;52;4;4;4;30;26;23;18;13;32;32;
?;?;?;?;?;?;?;?;?;?;28;21;9;3;8;1;50;11;5;41;32;28;21;9;3;8;4;4;4;4;4;4;4;4;4;4;4;4;4;4;4;4;4;4;4;4;30;26;23;18;
?;?;?;?;?;?;?;?;?;?;55;54;53;52;4;30;26;23;18;13;32;28;21;51;25;11;5;41;32;28;21;9;3;29;12;22;17;14;6;32;32;32;28;21;9;3;8;4;30;26;
?;?;?;?;?;?;?;?;?;?;4;4;30;26;23;18;13;32;32;28;21;9;3;8;4;4;4;4;4;4;4;4;30;26;23;18;13;32;32;32;32;32;28;21;9;3;8;4;4;4;
?;?;?;?;?;?;?;?;?;?;1;50;11;5;41;32;32;32;32;32;32;32;32;32;32;28;21;9;3;8;4;4;4;4;4;4;4;4;4;4;4;4;30;26;23;18;13;32;28;21;
?;?;?;?;?;?;?;?;?;?;56;55;54;53;52;1;50;11;5;56;55;54;53;52;4;4;4;30;26;23;18;13;32;32;32;32;32;32;28;21;9;3;8;4;4;4;4;4;4;4;
?;?;?;?;?;?;?;?;?;?;32;32;28;21;9;3;8;4;4;4;30;26;23;18;13;32;32;32;32;32;32;32;32;28;21;9;3;8;4;4;4;4;4;4;30;26;23;18;13;32;
?;?;?;?;?;?;?;?;?;?;28;21;9;3;8;4;4;4;30;26;47;43;36;35;29;12;22;17;14;56;55;54;53;52;4;4;4;4;4;4;4;4;4;4;4;4;4;4;30;26;
?;?;?;?;?;?;?;?;?;?;29;12;22;17;14;56;55;54;53;52;4;4;4;4;4;4;4;4;4;4;30;26;23;18;56;55;54;53;52;4;4;4;4;4;30;26;23;18;13;32;
?;?;?;?;?;?;?;?;?;?;1;50;11;5;56;55;54;53;52;4;30;26;23;18;13;56;55;54;53;52;4;30;26;23;18;13;32;32;32;32;32;32;32;32;32;28;21;9;3;8;
?;?;?;?;?;?;?;?;?;?;12;22;17;14;6;28;21;9;3;8;4;4;4;4;4;4;4;4;4;4;4;30;26;23;18;13;32;32;32;32;32;32;32;32;32;32;32;32;32;32;
?;?;?;?;?;?;?;?;?;?;55;54;53;52;4;30;26;23;18;13;32;32;32;32;32;32;32;32;32;32;32;32;28;21;9;3;29;12;22;17;14;56;55;54;53;52;4;4;4;4;
?;?;?;?;?;?;?;?;?;?;54;53;52;1;50;11;5;41;32;32;32;28;21;9;3;8;4;4;4;4;4;4;4;4;4;4;4;4;4;4;30;26;23;18;13;32;32;32;28;21;
?;?;?;?;?;?;?;?;?;?;12;22;17;14;56;55;54;53;52;1;50;11;5;41;32;32;28;21;9;3;8;1;50;11;5;56;55;54;53;52;4;4;4;4;4;4;4;4;30;26;
?;?;?;?;?;?;?;?;?;?;1;50;11;5;41;32;28;21;9;51;25;11;5;41;32;32;32;32;28;21;9;3;8;4;4;4;4;4;4;4;4;4;4;4;4;4;4;4;4;4;
?;?;?;?;?;?;?;?;?;?;32;28;21;9;51;25;11;47;43;36;35;33;4;4;4;30;26;23;18;13;56;55;54;53;29;12;22;17;14;6;28;21;9;3;8;4;4;4;4;4;
?;?;?;?;?;?;?;?;?;?;56;55;54;53;29;12;22;17;14;6;32;28;21;9;3;29;12;22;17;14;6;28;21;9;3;8;4;4;4;4;4;4;4;4;4;30;26;23;18;13;
?;?;?;?;?;?;?;?;?;?;55;54;53;52;4;4;30;26;23;18;13;32;32;32;32;32;32;32;32;32;32;28;21;9;3;8;1;50;11;5;56;55;54;53;52;4;4;30;26;23;
?;?;?;?;?;?;?;?;?;?;56;55;54;53;52;4;4;4;4;4;4;4;30;26;23;18;13;32;32;32;32;28;21;9;3;8;4;4;4;4;30;26;23;18;13;32;32;32;32;32;
?;?;?;?;?;?;?;?;?;?;56;55;54;53;52;4;4;30;26;47;43;36;35;33;51;25;11;5;41;32;32;32;32;32;28;21;9;3;8;4;4;4;4;4;30;26;23;18;13;32;
?;?;?;?;?;?;?;?;?;?;56;55;54;53;29;12;22;17;14;6;32;28;21;9;3;8;1;50;11;5;41;32;32;28;21;9;3;8;4;4;30;26;23;18;13;32;32;28;21;9;
?;?;?;?;?;?;?;?;?;?;56;55;54;53;52;4;30;26;23;18;13;32;32;32;32;32;32;32;32;28;21;9;3;8;4;4;4;4;4;30;26;23;18;13;32;32;32;32;32;28;
?;?;?;?;?;?;?;?;?;?;56;55;54;53;29;12;22;17;14;6;32;28;21;9;3;8;4;4;4;4;4;4;4;4;4;4;4;4;4;4;4;4;4;30;26;23;18;13;32;32;
?;?;?;?;?;?;?;?;?;?;32;28;21;9;3;8;4;4;30;26;23;18;13;32;32;28;21;9;3;8;4;4;4;30;26;23;18;13;32;32;32;32;32;28;21;9;3;8;4;4;
?;?;?;?;?;?;?;?;?;?;56;55;54;53;52;1;50;11;5;56;55;54;53;52;1;50;11;5;41;32;28;21;9;3;8;4;30;26;23;18;13;32;28;21;9;3;29;12;22;17;
?;?;?;?;?;?;?;?;?;?;1;50;11;5;41;32;28;21;9;51;25;11;5;41;32;32;28;21;9;3;8;4;30;48;44;37;34;33;4;4;4;4;4;4;4;4;4;30;26;23;
?;?;?;?;?;?;?;?;?;?;32;32;32;32;32;28;21;9;3;8;4;4;4;4;4;4;4;4;4;30;26;23;18;56;55;54;53;52;1;50;11;5;41;32;32;32;32;32;32;32;
?;?;?;?;?;?;?;?;?;?;1;50;11;47;43;36;35;33;4;30;26;23;18;13;32;32;32;32;28;21;9;3;8;4;4;4;4;4;4;4;30;26;23;18;13;32;32;32;32;32;
?;?;?;?;?;?;?;?;?;?;56;55;54;53;29;12;22;17;14;6;32;32;28;21;9;3;8;4;4;4;4;4;4;30;26;23;18;13;32;28;21;9;3;8;4;4;4;4;4;4;
?;?;?;?;?;?;?;?;?;?;30;26;23;18;56;55;54;53;52;4;4;4;30;26;23;18;13;32;32;28;21;9;3;8;4;4;30;26;23;18;13;32;32;32;32;32;32;32;32;28;
?;?;?;?;?;?;?;?;?;?;28;21;9;3;8;4;4;4;30;26;23;18;13;32;32;32;32;32;28;21;9;3;8;4;4;4;30;26;23;18;13;56;55;54;53;52;4;30;26;23;
?;?;?;?;?;?;?;?;?;?;32;28;21;51;25;11;5;41;32;32;32;28;21;9;3;8;4;4;30;26;23;18;56;55;54;53;52;4;4;4;30;26;23;18;13;32;32;32;28;21;
?;?;?;?;?;?;?;?;?;?;5;41;32;32;28;21;9;3;8;4;30;26;23;18;13;32;32;32;28;21;9;3;8;4;4;4;4;30;26;23;18;13;32;28;21;9;3;8;4;4;
?;?;?;?;?;?;?;?;?;?;55;54;53;52;1;50;11;5;41;32;32;32;32;28;21;9;3;8;4;4;30;26;23;18;13;32;32;32;32;28;21;9;3;8;4;4;4;4;4;30;
?;?;?;?;?;?;?;?;?;?;55;54;53;52;4;30;26;23;18;13;32;28;21;9;3;8;4;4;4;4;4;4;4;4;30;26;23;18;13;32;32;32;28;21;9;3;29;12;22;17;
?;?;?;?;?;?;?;?;?;?;1;50;11;5;41;32;28;21;9;3;8;1;50;11;5;41;56;55;54;53;52;4;4;4;4;4;4;4;4;4;30;26;23;18;13;32;28;21;9;3;
?;?;?;?;?;?;?;?;?;?;56;55;54;53;52;1;50;11;5;41;56;55;54;53;52;1;50;11;5;41;32;32;32;28;21;9;3;8;4;4;4;4;4;4;4;30;26;23;18;13;
?;?;?;?;?;?;?;?;?;?;55;54;51;25;11;5;41;32;28;21;9;3;8;4;4;30;26;23;18;13;32;28;21;9;3;8;4;4;4;30;26;23;18;13;32;32;28;21;9;3;
?;?;?;?;?;?;?;?;?;?;28;21;9;3;8;4;4;4;4;30;26;23;18;13;32;32;32;32;32;28;21;9;3;8;4;4;4;4;4;4;4;4;4;30;26;23;18;13;56;55;
?;?;?;?;?;?;?;?;?;?;55;54;53;52;4;4;30;26;23;18;13;32;32;28;49;46;45;0;10;20;16;4;4;30;26;23;18;13;32;32;32;28;21;9;3;8;4;30;26;23;
?;?;?;?;?;?;?;?;?;?;56;55;54;53;29;12;22;17;14;6;28;21;9;3;8;4;4;4;30;26;23;18;13;32;32;32;32;32;32;32;32;32;32;32;32;32;32;32;32;32;
?;?;?;?;?;?;?;?;?;?;30;26;23;18;13;32;32;32;32;28;21;9;3;8;4;30;26;23;18;13;32;32;28;21;9;3;8;4;4;4;4;4;4;4;4;4;4;4;30;26;
?;?;?;?;?;?;?;?;?;?;56;55;54;53;52;1;50;11;5;41;32;28;21;9;3;29;12;22;17;14;56;55;54;53;52;4;30;26;23;18;13;32;28;49;46;45;42;2;40;39;
?;?;?;?;?;?;?;?;?;?;1;50;11;5;56;55;54;51;25;11;5;41;32;32;32;32;28;21;9;3;8;4;4;30;26;23;18;56;55;54;53;52;4;4;4;4;4;4;4;4;
?;?;?;?;?;?;?;?;?;?;55;54;53;52;4;4;4;4;4;4;30;26;23;18;13;32;32;32;32;28;21;9;3;8;4;4;4;4;4;4;4;4;4;4;30;26;23;18;13;32;
?;?;?;?;?;?;?;?;?;?;32;32;28;21;9;3;8;4;4;30;26;23;18;13;32;32;32;32;28;21;9;3;8;4;4;4;4;4;4;4;30;26;23;18;13;32;32;28;21;9;
?;?;?;?;?;?;?;?;?;?;1;50;11;5;41;32;28;21;9;3;8;4;4;4;4;4;4;4;4;30;26;23;18;13;32;32;32;32;28;21;9;3;8;4;4;4;4;4;4;4;
?;?;?;?;?;?;?;?;?;?;55;54;53;52;4;30;26;23;18;13;32;28;21;9;3;8;4;4;30;26;23;18;13;32;32;32;32;28;21;9;3;8;4;30;26;23;18;13;32;32;
?;?;?;?;?;?;?;?;?;?;30;26;23;47;43;36;35;33;4;30;26;23;18;13;32;32;32;32;32;32;32;28;21;9;3;8;4;4;4;4;4;4;4;4;4;4;4;4;4;4;
?;?;?;?;?;?;?;?;?;?;12;22;17;14;6;32;28;21;9;3;29;12;22;17;14;6;32;32;32;28;21;9;3;8;4;4;4;4;4;4;4;4;4;4;4;4;4;4;30;26;
?;?;?;?;?;?;?;?;?;?;56;55;54;53;52;1;50;11;5;41;56;55;54;53;52;4;30;26;23;18;13;32;32;32;32;32;32;32;28;21;9;3;8;4;4;4;30;26;23;18;
?;?;?;?;?;?;?;?;?;?;4;4;4;30;26;23;18;13;32;32;32;32;32;32;32;32;32;32;32;32;32;32;28;21;9;3;8;4;4;4;4;4;4;4;4;4;4;4;4;4;
?;?;?;?;?;?;?;?;?;?;56;55;54;53;29;12;22;17;14;6;32;28;21;9;3;8;4;4;4;4;4;4;30;26;23;18;13;32;32;32;32;28;21;9;3;8;4;4;4;30;
?;?;?;?;?;?;?;?;?;?;28;21;9;3;8;4;4;4;30;26;47;43;36;51;25;11;5;41;32;32;28;21;9;3;8;1;50;11;5;41;32;32;32;28;21;9;3;8;4;4;
?;?;?;?;?;?;?;?;?;?;35;33;4;4;30;26;23;47;43;36;35;33;4;4;4;30;26;23;18;13;32;32;32;32;32;32;32;32;32;32;32;32;28;21;9;3;8;4;4;4;
?;?;?;?;?;?;?;?;?;?;9;3;8;4;4;4;30;26;23;18;13;32;32;32;32;32;32;32;32;32;32;28;21;9;3;8;4;4;4;4;4;4;4;4;4;4;4;4;4;30;
?;?;?;?;?;?;?;?;?;?;21;9;3;8;4;4;30;26;23;18;13;32;32;32;32;32;32;28;21;9;3;8;4;4;4;4;4;30;26;23;18;13;32;28;21;9;3;8;4;4;
?;?;?;?;?;?;?;?;?;?;28;21;51;25;11;5;41;32;28;21;9;3;8;4;4;4;30;26;23;18;13;56;55;54;53;52;4;4;4;4;4;4;4;4;4;4;4;4;4;4;
?;?;?;?;?;?;?;?;?;?;1;50;11;5;41;56;55;54;53;29;12;22;17;14;6;28;21;9;3;8;4;4;30;26;23;18;13;32;32;32;32;32;32;32;32;32;32;32;32;32;
?;?;?;?;?;?;?;?;?;?;4;4;4;4;4;4;4;4;4;4;4;4;4;4;30;26;23;18;13;32;32;32;32;32;32;32;32;32;32;28;21;9;3;8;4;4;30;26;23;18;
?;?;?;?;?;?;?;?;?;?;54;53;52;4;4;4;4;4;4;30;26;23;18;13;32;32;32;32;32;32;32;32;28;21;9;3;8;4;4;30;26;23;18;13;32;32;32;32;32;32;
?;?;?;?;?;?;?;?;?;?;42;2;40;39;28;21;9;3;8;1;50;11;5;41;32;32;32;28;21;9;3;8;4;4;4;4;4;4;4;30;26;23;18;13;56;55;54;53;52;1;
?;?;?;?;?;?;?;?;?;?;55;54;53;52;4;4;4;30;26;23;18;13;32;32;32;32;32;32;32;32;32;32;28;21;9;3;8;4;4;4;4;4;4;4;4;30;26;23;18;13;
?;?;?;?;?;?;?;?;?;?;28;21;51;25;11;5;41;32;32;32;28;21;9;3;8;4;4;4;4;4;30;26;23;18;13;32;32;28;21;9;3;8;4;4;4;4;4;30;26;23;
?;?;?;?;?;?;?;?;?;?;55;54;51;25;11;5;41;32;28;21;9;3;8;4;4;30;26;23;18;13;32;28;21;9;3;8;4;4;30;26;23;18;13;32;32;28;21;9;3;8;
?;?;?;?;?;?;?;?;?;?;13;32;32;32;32;32;32;32;32;32;28;21;9;3;29;12;22;17;14;56;55;54;53;52;4;4;4;4;4;30;26;23;18;13;32;32;32;32;32;28;
?;?;?;?;?;?;?;?;?;?;35;33;4;4;4;4;30;26;23;18;13;56;55;54;53;52;4;4;30;26;23;18;13;32;32;32;32;32;32;32;32;32;32;32;32;32;32;32;32;32;
?;?;?;?;?;?;?;?;?;?;12;22;17;56;55;54;53;52;4;4;30;26;23;18;13;32;32;32;32;32;32;32;28;21;9;3;8;4;4;4;4;4;4;4;30;26;23;18;13;32;
?;?;?;?;?;?;?;?;?;?;1;50;11;5;41;32;28;21;9;3;8;4;4;4;4;4;4;4;30;26;23;18;13;32;32;28;21;9;3;8;4;30;26;23;18;56;55;54;53;52;
?;?;?;?;?;?;?;?;?;?;12;22;17;14;6;32;28;21;9;3;8;4;4;4;4;4;4;4;30;26;23;18;13;56;55;54;53;52;4;4;4;4;4;4;4;4;4;4;4;30;
?;?;?;?;?;?;?;?;?;?;43;36;35;33;4;4;4;4;4;4;4;4;30;26;23;18;13;32;32;32;32;32;32;32;32;32;32;32;32;32;32;32;32;32;32;32;32;32;32;32;
?;?;?;?;?;?;?;?;?;?;12;22;17;14;6;28;21;9;3;8;4;30;26;23;18;13;32;28;21;9;3;29;12;22;17;14;6;32;28;21;9;3;8;4;4;4;4;30;26;23;
?;?;?;?;?;?;?;?;?;?;56;55;54;53;52;1;50;11;5;41;32;32;32;32;32;32;32;32;28;21;9;3;8;4;4;4;4;4;4;4;4;4;4;4;4;4;4;4;4;4;
?;?;?;?;?;?;?;?;?;?;4;4;4;4;4;30;26;23;18;13;32;32;32;28;21;9;3;8;4;4;30;26;23;18;13;32;32;32;32;32;32;28;21;9;51;25;11;5;41;32;
?;?;?;?;?;?;?;?;?;?;28;21;9;3;8;4;4;4;4;4;4;4;4;30;26;23;18;13;32;32;32;32;32;32;28;21;9;3;8;4;4;4;4;4;4;30;26;23;18;13;
?;?;?;?;?;?;?;?;?;?;4;4;4;4;4;4;4;30;26;23;18;13;32;32;32;32;32;32;32;32;32;32;32;32;32;32;32;32;32;32;32;32;32;28;21;9;3;8;4;4;
?;?;?;?;?;?;?;?;?;?;4;30;26;23;18;13;32;32;32;28;21;9;3;8;4;4;4;4;4;4;4;4;4;30;26;23;18;13;32;32;32;32;32;32;28;21;9;3;8;4;
?;?;?;?;?;?;?;?;?;?;4;30;26;23;18;13;32;32;32;32;32;32;32;32;28;21;9;3;8;4;4;4;30;26;23;18;56;55;54;53;29;12;22;17;14;6;32;32;32;32;
?;?;?;?;?;?;?;?;?;?;30;26;23;18;13;32;32;32;32;32;32;32;32;32;28;21;9;3;8;4;4;30;26;23;18;13;32;32;32;32;32;32;32;28;21;9;3;8;4;4;
?;?;?;?;?;?;?;?;?;?;32;32;32;32;32;32;32;32;32;32;32;28;21;9;3;8;4;4;30;26;23;18;13;32;28;21;9;3;8;4;4;4;4;4;4;4;4;4;4;4;
?;?;?;?;?;?;?;?;?;?;1;50;11;5;41;56;55;54;53;52;4;30;26;23;18;13;32;32;32;32;32;32;32;32;32;28;21;9;3;8;4;30;26;23;18;13;32;32;32;32;
?;?;?;?;?;?;?;?;?;?;55;54;53;52;4;4;30;26;47;43;36;35;33;4;30;26;23;18;13;32;32;32;32;32;32;32;32;28;21;9;3;8;4;4;4;30;26;23;18;56;
?;?;?;?;?;?;?;?;?;?;28;21;9;3;8;4;4;30;26;23;18;13;32;32;32;32;32;32;28;21;9;3;8;4;4;4;4;4;4;4;30;26;23;18;13;32;32;32;32;32;
?;?;?;?;?;?;?;?;?;?;28;21;9;3;8;4;30;26;23;18;56;55;54;53;52;4;4;30;26;23;47;43;36;35;33;4;4;4;30;26;23;18;13;32;32;32;32;32;32;32;
?;?;?;?;?;?;?;?;?;?;32;32;32;32;32;32;28;21;9;3;8;4;4;4;4;4;4;4;4;4;30;26;23;18;13;32;32;32;32;32;32;32;32;32;28;21;9;3;8;4;
?;?;?;?;?;?;?;?;?;?;26;23;18;13;56;55;54;53;52;4;4;4;30;26;23;18;56;55;54;53;29;12;22;17;14;6;32;32;32;32;32;32;32;32;32;32;32;32;32;32;
?;?;?;?;?;?;?;?;?;?;4;4;4;4;4;4;4;4;4;30;26;23;18;13;32;32;32;32;32;32;32;32;28;21;9;3;8;4;4;4;4;4;30;26;23;18;13;32;32;32;
?;?;?;?;?;?;?;?;?;?;32;32;32;32;32;32;32;32;32;32;32;32;32;28;21;9;3;8;4;4;4;4;4;4;4;4;4;4;4;4;4;4;4;4;4;4;4;4;4;4;
?;?;?;?;?;?;?;?;?;?;32;28;21;9;3;8;4;30;26;23;18;13;32;32;32;32;32;32;32;32;32;28;21;9;3;8;4;4;4;4;4;4;4;4;4;30;26;23;18;13;
?;?;?;?;?;?;?;?;?;?;53;52;4;30;26;23;18;13;32;32;32;32;32;32;32;32;28;21;9;3;8;4;4;4;4;4;4;30;48;44;37;34;33;4;4;30;26;23;18;13;
?;?;?;?;?;?;?;?;?;?;8;4;4;4;4;4;4;4;4;4;4;4;30;26;23;18;13;32;32;32;32;32;32;32;32;32;32;32;32;28;21;9;3;8;4;4;4;4;4;4;
?;?;?;?;?;?;?;?;?;?;56;55;54;53;52;4;30;26;23;18;13;32;32;32;32;32;32;32;32;32;28;21;9;3;8;4;4;4;4;4;4;4;4;30;26;23;18;13;32;32;
?;?;?;?;?;?;?;?;?;?;28;21;9;3;8;4;4;4;30;26;23;18;13;32;32;32;32;32;32;28;21;9;3;8;4;4;4;4;4;4;4;30;26;23;18;13;32;32;32;32;
?;?;?;?;?;?;?;?;?;?;28;21;9;3;29;12;22;17;14;6;32;32;32;32;32;32;32;32;32;28;21;9;3;8;4;4;4;4;4;4;4;4;4;4;4;4;4;4;30;26;
?;?;?;?;?;?;?;?;?;?;28;21;9;3;8;1;50;11;5;41;32;32;28;21;9;3;8;4;4;4;4;4;30;26;23;18;56;55;54;53;52;1;50;11;5;41;32;32;32;32;
?;?;?;?;?;?;?;?;?;?;1;50;11;5;41;56;55;54;53;52;4;30;26;23;18;56;55;54;53;52;4;4;30;26;23;18;13;32;32;32;32;32;28;21;9;3;8;4;4;4;
?;?;?;?;?;?;?;?;?;?;36;35;33;4;4;4;30;26;23;18;13;32;32;32;28;21;9;51;25;11;5;41;32;32;32;32;32;32;32;32;32;32;32;32;32;28;21;9;3;8;
?;?;?;?;?;?;?;?;?;?;21;9;51;25;11;5;41;56;55;54;53;52;4;4;4;4;4;4;4;4;4;4;30;26;23;18;13;32;32;32;28;21;9;3;8;4;4;4;4;4;
?;?;?;?;?;?;?;?;?;?;30;26;23;18;13;32;32;32;32;32;32;32;32;32;32;32;32;28;21;9;3;8;4;4;4;4;4;4;4;4;4;4;4;4;4;4;4;4;4;4;
?;?;?;?;?;?;?;?;?;?;56;55;54;53;52;1;50;11;5;56;55;54;53;52;4;4;30;26;23;18;13;32;32;32;32;32;32;32;32;32;32;32;32;32;32;32;32;32;32;28;
?;?;?;?;?;?;?;?;?;?;55;54;53;52;4;4;4;30;26;23;18;13;56;55;54;53;52;4;4;4;4;4;4;4;4;4;30;26;23;18;13;32;32;32;32;32;32;32;32;32;
?;?;?;?;?;?;?;?;?;?;32;32;32;32;32;32;32;28;21;9;3;8;4;4;4;4;4;4;4;4;4;4;4;4;4;30;26;23;18;13;32;28;21;9;3;8;4;4;4;30;
?;?;?;?;?;?;?;?;?;?;28;21;9;3;8;1;50;11;5;41;32;28;21;51;25;11;5;56;55;54;53;52;4;4;4;4;4;30;26;23;18;13;32;32;32;32;32;32;32;32;
?;?;?;?;?;?;?;?;?;?;4;4;4;4;4;4;30;26;23;18;13;32;32;32;32;32;32;28;21;9;3;8;4;30;26;23;18;13;32;32;32;32;28;21;9;3;8;4;4;4;
?;?;?;?;?;?;?;?;?;?;56;55;54;53;52;1;50;11;5;41;32;32;28;21;51;25;11;5;41;32;32;32;32;28;21;9;3;8;4;4;4;4;4;4;30;26;47;43;36;35;
?;?;?;?;?;?;?;?;?;?;56;55;54;53;52;4;30;26;23;18;13;32;28;21;51;25;11;5;41;56;55;54;53;52;4;4;4;30;26;23;18;13;32;32;32;32;32;32;32;32;
?;?;?;?;?;?;?;?;?;?;5;41;32;32;32;32;28;21;9;3;8;4;4;4;4;4;30;26;23;18;13;32;32;32;28;21;9;3;8;4;4;4;4;4;30;26;23;18;13;32;
?;?;?;?;?;?;?;?;?;?;32;28;21;9;3;8;4;4;4;4;4;4;4;30;26;23;18;13;32;32;32;28;21;9;3;29;12;22;17;14;6;32;32;32;32;32;32;32;32;32;
?;?;?;?;?;?;?;?;?;?;55;54;53;52;4;4;4;30;26;23;18;13;32;32;32;32;32;32;32;28;21;9;3;8;4;4;30;26;23;18;13;32;32;32;32;28;21;9;3;8;
?;?;?;?;?;?;?;?;?;?;1;50;11;5;41;32;28;21;9;3;8;4;4;4;4;4;4;4;4;30;26;23;18;13;32;32;32;28;21;9;3;8;4;4;4;4;4;4;4;4;
?;?;?;?;?;?;?;?;?;?;32;32;32;32;32;32;32;32;32;32;32;32;28;21;9;3;8;4;4;4;30;26;23;18;13;32;28;21;9;3;8;4;4;4;4;4;4;4;4;4;
?;?;?;?;?;?;?;?;?;?;32;28;21;51;25;11;5;41;32;28;21;9;3;8;1;50;11;5;41;32;28;21;9;3;8;4;4;4;4;4;4;4;4;4;30;26;23;18;13;32;
?;?;?;?;?;?;?;?;?;?;11;5;41;32;32;28;21;9;51;25;11;5;41;32;32;32;28;21;9;3;8;4;4;4;4;4;30;26;23;18;13;32;32;32;32;32;32;32;32;32;
?;?;?;?;?;?;?;?;?;?;4;4;30;48;44;37;34;33;4;30;26;23;18;13;32;32;32;28;21;9;3;8;4;30;26;23;18;13;32;32;32;32;32;28;21;9;3;8;4;4;
?;?;?;?;?;?;?;?;?;?;30;26;23;18;13;32;32;28;21;9;3;8;4;4;4;4;4;30;26;23;18;13;32;32;32;32;32;32;32;32;32;28;21;9;3;8;4;4;4;4;
?;?;?;?;?;?;?;?;?;?;8;4;4;4;4;4;4;4;30;26;23;18;13;32;32;32;32;28;21;9;3;8;4;4;4;4;4;30;26;23;18;13;32;32;32;32;32;32;32;32;
?;?;?;?;?;?;?;?;?;?;54;53;52;4;4;4;30;26;23;18;13;56;55;54;53;52;4;4;4;4;4;30;26;23;18;13;32;32;32;32;32;32;32;32;32;32;32;32;28;21;
?;?;?;?;?;?;?;?;?;?;50;11;5;41;32;32;28;21;9;3;8;4;4;30;26;23;18;13;32;32;32;32;28;21;9;3;8;4;4;4;30;26;23;18;56;55;54;53;52;4;
?;?;?;?;?;?;?;?;?;?;4;30;26;23;47;43;36;35;33;51;25;11;5;41;32;32;32;32;32;32;32;32;32;32;32;32;32;32;32;28;21;9;3;8;4;4;4;4;4;4;
?;?;?;?;?;?;?;?;?;?;56;55;54;53;52;4;4;30;48;44;37;34;33;4;4;4;30;26;23;47;43;36;35;33;4;30;26;23;18;13;32;32;32;32;32;32;32;32;32;28;
?;?;?;?;?;?;?;?;?;?;4;4;4;30;26;23;18;13;32;32;32;32;32;32;32;32;32;32;32;32;32;32;32;32;32;32;32;28;21;9;3;8;4;4;4;30;26;23;18;13;
?;?;?;?;?;?;?;?;?;?;50;11;5;41;32;32;32;28;21;9;51;25;11;47;43;36;35;33;4;4;4;4;4;4;4;4;4;4;4;30;26;23;18;13;32;28;21;9;3;8;
?;?;?;?;?;?;?;?;?;?;4;4;4;4;4;4;4;4;4;30;26;23;18;13;32;32;32;32;32;32;32;32;32;32;32;28;21;9;3;8;4;4;30;26;23;18;13;32;28;21;
?;?;?;?;?;?;?;?;?;?;55;54;53;52;4;4;4;30;48;44;37;34;33;4;30;26;23;18;13;32;32;32;28;21;9;3;29;12;22;17;14;6;32;32;32;32;32;32;32;32;
?;?;?;?;?;?;?;?;?;?;32;28;21;9;3;8;4;30;26;23;18;13;56;55;54;53;29;12;22;17;14;6;32;32;32;32;32;32;28;21;9;3;8;4;4;4;4;4;4;4;
?;?;?;?;?;?;?;?;?;?;56;55;54;51;25;11;5;41;32;32;28;21;9;3;8;4;4;4;4;4;4;4;4;4;4;30;26;23;18;13;32;32;32;32;32;32;28;21;9;3;
?;?;?;?;?;?;?;?;?;?;43;36;35;33;4;4;30;26;23;18;13;32;28;21;9;51;25;11;5;41;32;32;32;32;28;21;9;3;8;1;50;11;5;41;32;32;32;28;21;9;
?;?;?;?;?;?;?;?;?;?;28;21;9;3;29;12;22;17;14;6;28;21;9;3;8;4;4;4;4;4;4;4;4;4;4;30;26;23;18;13;32;32;28;21;9;3;8;4;4;4;
?;?;?;?;?;?;?;?;?;?;32;32;32;32;32;28;21;9;3;8;4;4;4;4;4;30;26;23;18;13;32;28;21;9;3;8;4;4;30;26;23;18;13;32;32;32;32;32;32;32;
?;?;?;?;?;?;?;?;?;?;43;36;35;33;51;25;11;5;41;32;32;32;32;32;28;21;9;3;8;4;4;4;30;26;23;18;13;32;32;32;32;32;28;21;9;3;8;4;30;26;
?;?;?;?;?;?;?;?;?;?;4;4;30;26;23;18;13;32;32;32;32;32;32;32;32;32;32;32;32;32;28;21;9;3;8;1;50;11;5;41;32;32;32;32;32;32;32;32;32;32;
?;?;?;?;?;?;?;?;?;?;32;32;32;28;21;9;3;8;4;4;4;4;30;26;23;18;13;32;32;32;32;32;32;32;32;32;32;32;28;21;9;3;8;4;4;4;4;4;4;4;
?;?;?;?;?;?;?;?;?;?;55;54;53;52;4;30;26;23;18;13;32;28;21;9;3;8;1;50;11;5;41;32;32;28;21;9;3;8;4;4;4;4;30;26;23;18;56;55;54;53;
?;?;?;?;?;?;?;?;?;?;30;26;23;18;13;32;32;32;32;32;32;32;28;21;9;3;8;4;4;4;30;26;23;18;56;55;54;53;52;4;4;4;30;26;23;18;13;32;32;32;
?;?;?;?;?;?;?;?;?;?;55;54;53;52;4;4;30;26;23;18;13;32;32;32;32;32;32;32;32;32;32;28;21;9;3;8;4;4;4;4;4;30;26;23;18;13;32;32;32;28;
?;?;?;?;?;?;?;?;?;?;11;5;41;32;28;21;9;3;8;4;4;30;26;23;18;13;56;55;54;53;52;4;4;4;30;26;23;18;13;32;32;32;28;21;9;3;8;4;4;4;
?;?;?;?;?;?;?;?;?;?;4;30;26;47;43;36;35;33;4;4;4;4;30;26;23;18;13;32;32;32;32;32;32;32;32;32;32;28;21;9;3;8;4;4;30;26;23;18;13;32;
?;?;?;?;?;?;?;?;?;?;32;32;32;28;21;9;3;8;4;4;4;30;26;23;18;13;32;32;28;21;9;3;8;4;4;4;4;30;26;23;18;13;32;32;32;32;32;32;32;32;
?;?;?;?;?;?;?;?;?;?;4;4;4;4;30;26;23;18;13;32;32;32;32;32;32;28;49;46;45;42;2;40;39;38;41;32;32;32;32;32;32;32;32;32;32;32;32;32;28;21;
?;?;?;?;?;?;?;?;?;?;28;21;9;3;8;4;4;4;30;26;23;18;13;32;32;32;32;28;21;9;3;8;4;4;4;4;4;4;4;4;4;4;4;4;4;4;4;4;4;30;
?;?;?;?;?;?;?;?;?;?;28;21;9;3;8;4;4;30;26;23;18;13;32;32;32;32;32;28;21;9;3;8;1;50;11;5;41;32;28;21;9;3;8;4;4;4;30;26;23;18;
?;?;?;?;?;?;?;?;?;?;11;5;41;32;28;21;9;3;8;4;4;4;4;4;4;4;4;4;30;26;23;18;13;32;32;32;28;21;9;3;8;4;4;4;4;4;4;4;4;4;
?;?;?;?;?;?;?;?;?;?;4;4;30;26;23;18;13;32;32;32;32;32;32;28;21;9;3;8;4;4;4;30;26;23;18;13;56;55;54;53;52;4;4;4;4;4;4;4;4;4;
?;?;?;?;?;?;?;?;?;?;32;28;21;9;3;8;4;30;26;23;18;56;55;54;53;52;4;4;4;4;4;4;4;4;4;4;4;4;4;4;4;4;30;26;23;18;13;32;32;28;
?;?;?;?;?;?;?;?;?;?;30;26;23;18;13;32;28;21;9;3;8;1;50;11;5;41;32;28;21;9;3;8;4;30;26;23;18;13;32;32;32;28;21;9;3;8;4;4;4;30;
?;?;?;?;?;?;?;?;?;?;54;53;52;4;4;4;30;26;23;18;13;32;32;32;32;32;32;32;32;32;32;28;21;9;3;8;4;4;4;4;4;4;4;4;30;26;23;18;13;32;
?;?;?;?;?;?;?;?;?;?;32;28;21;9;3;8;4;4;4;4;30;26;23;18;13;32;32;28;21;9;3;8;4;4;4;4;4;4;30;26;23;18;13;32;32;28;21;9;3;8;
?;?;?;?;?;?;?;?;?;?;28;21;9;3;8;4;4;4;4;4;4;4;4;4;4;4;30;26;23;18;13;32;32;32;32;32;32;32;32;32;32;32;32;32;32;32;32;32;32;32;
?;?;?;?;?;?;?;?;?;?;12;22;17;14;6;32;28;21;9;3;8;4;30;26;23;18;13;56;55;54;53;52;1;50;11;5;41;56;55;54;53;52;4;4;4;4;4;4;4;4;
?;?;?;?;?;?;?;?;?;?;12;22;17;14;56;55;54;53;52;4;4;30;26;23;18;13;56;55;54;53;52;4;4;4;4;4;4;4;4;30;26;23;18;13;32;32;28;21;9;3;
?;?;?;?;?;?;?;?;?;?;54;51;25;11;5;41;32;32;32;32;28;21;9;3;8;4;4;4;4;4;4;4;4;4;4;30;26;23;18;13;32;32;32;32;32;32;32;32;32;32;
?;?;?;?;?;?;?;?;?;?;32;32;32;32;32;32;32;32;32;28;21;9;3;8;4;4;4;4;4;4;4;4;4;4;4;4;4;4;4;4;4;4;4;30;26;23;18;13;56;55;
?;?;?;?;?;?;?;?;?;?;32;32;32;32;32;32;32;32;32;32;32;28;21;9;3;8;4;30;26;23;18;13;56;55;54;53;29;12;22;17;56;55;54;53;52;4;4;4;4;4;
?;?;?;?;?;?;?;?;?;?;12;22;17;14;6;32;32;32;32;32;32;32;32;32;32;32;32;28;21;9;3;8;4;4;4;4;4;4;4;4;4;4;4;4;4;4;4;4;4;4;
?;?;?;?;?;?;?;?;?;?;28;21;9;3;8;4;4;30;26;23;18;13;32;32;28;21;9;3;8;4;4;30;26;23;18;13;32;32;32;32;32;32;32;32;32;32;32;28;21;9;
?;?;?;?;?;?;?;?;?;?;1;50;11;5;41;32;32;28;21;9;51;25;11;5;56;55;54;53;52;4;4;4;4;4;4;4;4;4;4;4;30;26;23;18;13;32;32;32;32;32;
?;?;?;?;?;?;?;?;?;?;12;22;17;14;56;55;54;53;52;4;4;4;4;4;4;4;4;4;4;4;30;26;23;18;13;32;28;21;51;25;11;5;41;32;32;28;21;9;3;8;
?;?;?;?;?;?;?;?;?;?;32;28;21;51;25;11;5;41;32;32;32;32;32;28;21;9;3;8;4;4;4;4;4;4;4;4;4;4;4;4;4;4;4;4;4;4;4;4;30;26;
?;?;?;?;?;?;?;?;?;?;8;1;47;43;36;35;33;4;4;4;30;26;23;18;13;56;55;54;53;52;4;4;4;4;4;4;4;4;4;30;26;23;18;13;32;32;32;32;28;21;
?;?;?;?;?;?;?;?;?;?;54;53;52;4;30;26;23;18;13;32;28;21;9;3;8;4;4;4;4;30;26;23;18;13;32;32;32;32;32;32;32;28;21;9;3;8;4;4;4;4;
?;?;?;?;?;?;?;?;?;?;32;32;28;21;9;3;8;4;4;4;30;26;23;18;13;32;32;32;32;32;28;21;9;3;8;4;4;4;4;4;4;4;4;4;4;4;4;4;4;4;
?;?;?;?;?;?;?;?;?;?;50;11;5;41;32;28;21;9;3;8;4;4;4;4;4;4;4;4;4;30;26;23;18;13;32;32;32;32;32;32;32;32;32;28;21;9;3;8;4;4;
?;?;?;?;?;?;?;?;?;?;56;55;54;53;29;12;22;17;14;6;28;21;9;3;8;4;4;4;4;4;4;4;4;4;4;4;4;30;26;23;18;13;32;32;32;32;32;32;32;32;
?;?;?;?;?;?;?;?;?;?;11;5;41;32;32;32;32;32;32;32;32;32;32;32;32;32;32;32;32;28;21;9;3;8;4;4;4;4;4;4;4;30;26;23;47;43;36;35;33;51;
?;?;?;?;?;?;?;?;?;?;1;50;11;5;41;32;32;32;32;32;32;32;28;21;9;3;8;4;4;4;4;30;26;23;18;13;56;55;54;53;52;4;4;4;4;30;26;23;18;13;
?;?;?;?;?;?;?;?;?;?;28;21;9;3;8;4;30;26;23;18;13;32;32;32;32;32;28;21;9;3;8;4;4;4;4;4;4;4;4;4;4;4;4;4;4;4;4;4;4;30;
?;?;?;?;?;?;?;?;?;?;1;50;11;47;43;36;35;33;4;4;30;26;23;18;13;32;32;28;21;9;3;8;4;4;4;30;26;23;18;13;32;32;32;28;21;9;3;8;4;4;
?;?;?;?;?;?;?;?;?;?;56;55;54;53;52;4;4;4;4;4;4;4;4;4;30;26;23;18;13;32;32;32;32;32;32;32;32;32;32;32;32;32;32;32;32;28;21;9;3;8;
?;?;?;?;?;?;?;?;?;?;4;30;48;44;37;34;33;4;4;30;26;23;18;13;32;32;32;28;21;9;3;8;4;4;4;30;26;23;18;13;32;32;32;32;32;32;32;32;32;32;
?;?;?;?;?;?;?;?;?;?;56;55;54;53;52;4;30;26;23;47;43;36;35;33;4;4;30;26;23;18;13;32;32;32;32;32;32;32;32;32;28;21;9;3;29;12;22;17;14;6;
?;?;?;?;?;?;?;?;?;?;12;22;17;14;6;32;32;28;49;46;45;42;2;40;39;28;21;9;3;8;4;4;4;4;4;4;4;4;4;4;4;4;4;4;4;4;30;26;23;18;
?;?;?;?;?;?;?;?;?;?;11;5;41;32;32;32;32;32;32;32;32;32;32;32;32;32;32;28;21;9;3;8;4;4;4;4;4;4;4;4;4;4;4;4;4;4;4;4;4;4;
?;?;?;?;?;?;?;?;?;?;21;9;3;8;4;4;4;4;30;26;23;18;13;56;55;54;53;52;4;4;4;4;4;4;4;30;26;23;18;13;32;32;32;28;21;9;3;8;4;4;
?;?;?;?;?;?;?;?;?;?;4;4;4;4;4;4;4;4;30;26;23;18;13;32;32;32;32;32;32;32;32;28;21;9;3;8;4;4;4;4;30;26;23;18;13;32;32;32;32;32;
?;?;?;?;?;?;?;?;?;?;32;32;28;21;9;3;8;1;50;11;5;41;32;32;32;32;32;28;21;9;3;8;4;4;4;4;4;4;4;30;26;23;18;13;32;32;32;32;32;32;
?;?;?;?;?;?;?;?;?;?;30;26;23;18;13;32;32;32;32;32;32;32;32;32;32;28;21;9;3;8;4;30;26;23;18;56;55;54;53;52;4;4;4;4;30;26;23;18;13;32;
?;?;?;?;?;?;?;?;?;?;1;50;11;5;41;32;28;21;9;3;29;12;22;17;56;55;54;53;52;4;4;4;4;4;4;4;4;4;4;4;30;26;23;18;13;32;32;28;21;9;
?;?;?;?;?;?;?;?;?;?;1;50;11;5;41;32;32;32;28;21;9;3;8;4;4;4;4;4;4;30;26;23;47;43;36;35;33;4;4;4;30;26;23;18;13;32;32;28;21;9;
?;?;?;?;?;?;?;?;?;?;56;55;54;53;52;1;50;11;5;41;56;55;54;53;29;12;22;17;14;6;32;28;21;9;3;8;1;50;11;5;41;32;32;32;32;28;21;9;3;8;
?;?;?;?;?;?;?;?;?;?;1;50;11;5;41;32;28;21;9;3;8;4;4;4;4;4;4;4;4;4;4;30;26;23;18;13;32;32;32;32;32;32;32;32;32;28;21;9;3;8;
?;?;?;?;?;?;?;?;?;?;11;5;41;32;32;28;21;9;3;8;4;4;4;30;26;23;47;43;36;35;33;4;4;4;30;26;23;18;13;32;32;32;32;28;21;9;3;8;4;4;
?;?;?;?;?;?;?;?;?;?;56;55;54;53;52;1;50;11;5;41;32;32;32;32;28;49;46;45;0;10;20;16;4;4;4;4;4;4;4;4;4;4;4;4;30;26;23;18;13;32;
?;?;?;?;?;?;?;?;?;?;56;55;54;53;52;1;50;11;5;41;32;32;28;21;51;25;11;5;41;32;28;21;9;3;8;4;4;4;4;4;4;4;4;4;30;26;23;18;13;32;
?;?;?;?;?;?;?;?;?;?;30;26;23;18;13;56;55;54;53;52;4;4;4;4;4;4;30;26;23;18;13;32;32;32;32;32;32;28;21;9;3;29;12;22;17;14;56;55;54;53;
?;?;?;?;?;?;?;?;?;?;56;55;54;53;52;4;4;30;26;23;18;13;32;32;32;32;32;32;32;32;32;28;21;9;3;8;4;30;26;23;18;13;32;32;28;21;9;3;8;4;
?;?;?;?;?;?;?;?;?;?;55;54;53;52;4;30;26;23;18;13;32;28;21;9;3;8;4;30;26;23;18;13;32;32;32;32;32;32;32;32;32;32;28;21;9;3;8;4;4;4;
?;?;?;?;?;?;?;?;?;?;32;32;32;32;32;32;32;32;28;21;9;3;8;4;30;26;23;18;13;32;28;21;9;3;8;4;4;4;4;4;4;4;4;4;4;4;4;4;4;4;
?;?;?;?;?;?;?;?;?;?;52;4;4;4;4;30;26;23;18;13;32;32;32;28;21;9;3;8;4;30;26;23;18;13;32;32;32;32;32;28;21;9;3;8;4;4;4;4;4;30;
?;?;?;?;?;?;?;?;?;?;12;22;17;14;6;32;28;21;9;3;8;4;4;4;4;4;4;4;4;4;4;4;4;4;4;30;26;23;18;13;32;32;32;28;21;9;3;8;4;4;
?;?;?;?;?;?;?;?;?;?;28;21;9;3;8;4;30;26;23;47;43;36;35;33;4;4;30;26;47;43;36;35;33;4;4;4;4;4;4;4;4;4;4;4;4;4;30;26;23;18;
?;?;?;?;?;?;?;?;?;?;30;26;23;18;13;32;28;21;9;3;29;12;22;17;14;6;32;32;32;32;32;32;32;32;32;32;28;21;9;3;8;1;50;11;5;41;32;32;32;32;
?;?;?;?;?;?;?;?;?;?;1;50;11;5;41;56;55;54;53;29;12;22;17;14;56;55;54;53;52;4;4;4;30;26;23;18;13;32;32;32;32;32;32;32;32;32;32;32;28;21;
?;?;?;?;?;?;?;?;?;?;1;50;11;5;56;55;54;53;52;1;50;11;5;41;32;32;32;32;28;21;9;3;8;4;4;4;4;4;4;4;4;30;26;23;18;13;32;32;32;32;
?;?;?;?;?;?;?;?;?;?;55;54;53;29;12;22;17;14;6;28;21;9;3;8;4;4;30;26;23;18;13;32;32;32;28;21;9;3;8;4;4;4;4;4;4;4;4;4;4;30;
?;?;?;?;?;?;?;?;?;?;0;10;20;16;4;4;30;26;23;18;13;32;32;32;28;21;9;3;8;4;4;30;48;44;37;34;33;4;4;4;4;4;30;26;23;18;13;32;32;28;
?;?;?;?;?;?;?;?;?;?;32;32;28;21;51;25;11;5;41;32;28;21;9;3;8;4;4;4;4;4;4;4;4;4;4;4;4;4;4;4;4;4;4;4;4;4;4;30;26;23;
?;?;?;?;?;?;?;?;?;?;12;22;17;14;6;28;21;9;3;8;4;4;4;4;4;4;4;4;4;30;26;23;18;13;32;32;28;21;9;3;8;4;4;4;4;4;4;4;30;26;
?;?;?;?;?;?;?;?;?;?;8;4;4;4;4;30;26;23;18;13;32;32;32;32;32;32;32;32;32;28;21;9;3;8;4;4;4;4;4;4;30;26;23;18;13;32;28;21;9;3;
?;?;?;?;?;?;?;?;?;?;1;50;11;5;56;55;54;53;52;4;4;4;4;4;4;4;4;4;4;30;26;23;18;13;32;32;28;21;9;3;8;1;50;11;5;41;32;32;32;32;
?;?;?;?;?;?;?;?;?;?;55;54;53;52;4;30;26;23;18;13;56;55;54;53;52;4;4;4;4;4;4;30;26;23;18;13;32;32;32;32;32;32;32;28;21;9;3;8;4;30;
?;?;?;?;?;?;?;?;?;?;30;26;23;18;13;32;32;32;28;21;9;51;25;11;5;41;32;32;32;32;28;21;9;3;8;4;4;4;4;4;30;26;23;18;13;32;32;32;32;28;
?;?;?;?;?;?;?;?;?;?;32;28;21;9;3;8;4;4;4;30;26;23;47;43;36;35;33;4;4;4;4;4;4;4;4;30;26;23;18;13;32;32;32;32;32;32;32;32;32;32;
?;?;?;?;?;?;?;?;?;?;34;33;4;4;30;26;23;18;13;32;32;28;21;9;51;25;11;5;41;56;55;54;53;52;4;4;4;4;4;4;4;30;26;23;18;13;32;32;32;32;
?;?;?;?;?;?;?;?;?;?;25;11;5;41;32;32;32;32;32;32;32;32;32;32;32;28;21;9;3;8;4;4;4;4;4;4;30;26;23;18;13;32;32;32;32;32;28;21;9;3;
?;?;?;?;?;?;?;?;?;?;1;50;11;5;56;55;54;53;52;1;50;11;5;41;32;32;28;21;9;3;8;4;4;4;4;30;26;23;18;13;32;32;28;21;9;3;8;4;4;4;
?;?;?;?;?;?;?;?;?;?;25;11;5;41;32;32;32;28;21;9;3;8;4;30;26;47;43;36;35;33;4;4;4;4;4;4;4;4;4;4;4;4;4;4;4;4;4;4;4;4;
?;?;?;?;?;?;?;?;?;?;28;21;9;3;8;4;30;26;23;18;13;32;28;21;9;51;25;11;5;56;55;54;53;52;4;4;30;26;23;18;13;56;55;54;53;52;4;4;4;4;
?;?;?;?;?;?;?;?;?;?;56;55;54;53;52;1;50;11;5;41;32;32;32;32;32;32;32;32;32;32;28;21;9;3;8;4;4;4;4;4;4;4;4;30;26;23;18;13;32;32;
?;?;?;?;?;?;?;?;?;?;32;32;32;32;32;32;32;32;32;32;28;21;9;3;8;4;30;26;23;18;13;32;32;32;32;32;32;28;21;9;3;8;4;4;4;4;4;4;30;26;
?;?;?;?;?;?;?;?;?;?;1;50;11;5;41;56;55;54;53;52;4;4;4;4;4;4;4;4;4;4;4;30;26;23;18;56;55;54;53;52;1;50;11;5;56;55;54;53;52;4;
?;?;?;?;?;?;?;?;?;?;32;32;32;32;32;32;32;28;21;9;3;8;4;4;4;30;26;23;18;13;32;28;21;9;3;8;4;4;4;4;30;26;23;18;13;32;32;32;32;32;
?;?;?;?;?;?;?;?;?;?;4;30;26;23;18;56;55;54;53;29;12;22;17;14;6;32;32;28;21;9;3;8;4;4;30;26;23;18;13;32;32;32;32;32;32;32;32;32;32;28;
?;?;?;?;?;?;?;?;?;?;32;32;32;32;32;32;32;32;32;32;32;32;28;21;9;3;8;4;4;4;4;4;4;4;4;4;4;4;4;4;4;4;4;4;4;4;4;4;4;4;
?;?;?;?;?;?;?;?;?;?;4;4;4;4;4;4;30;26;23;18;13;32;32;32;32;28;21;9;3;8;4;4;4;4;4;4;4;30;26;23;18;13;32;32;32;32;32;28;21;9;
?;?;?;?;?;?;?;?;?;?;1;50;11;5;41;32;32;32;32;32;32;32;32;28;21;9;3;8;4;4;30;26;23;18;13;56;55;54;53;52;4;4;4;4;4;4;4;4;4;4;
?;?;?;?;?;?;?;?;?;?;1;50;11;5;56;55;54;53;52;4;4;30;26;23;18;13;32;32;32;32;32;32;32;32;32;28;21;9;3;8;4;4;4;30;26;23;18;13;32;32;
?;?;?;?;?;?;?;?;?;?;1;50;11;5;41;56;55;54;53;52;4;4;4;30;26;23;18;13;32;32;32;32;32;32;28;21;9;3;8;4;4;30;26;23;18;13;32;32;32;28;
?;?;?;?;?;?;?;?;?;?;32;32;32;32;32;32;28;21;9;3;8;4;4;4;4;30;26;23;18;13;32;32;32;32;32;32;32;28;21;9;3;8;4;4;4;4;4;4;4;4;
?;?;?;?;?;?;?;?;?;?;32;32;28;21;9;3;8;4;4;4;4;4;4;4;4;4;4;4;4;4;4;4;4;4;4;4;4;30;26;23;18;13;56;55;54;53;52;4;4;4;
?;?;?;?;?;?;?;?;?;?;32;32;32;32;32;32;28;21;9;3;8;4;4;4;4;30;26;23;18;13;32;32;28;21;9;3;8;4;4;4;4;4;4;30;26;23;18;13;32;28;
?;?;?;?;?;?;?;?;?;?;22;17;14;6;32;32;28;21;9;3;29;12;22;47;43;36;35;33;4;4;30;26;23;47;43;36;35;33;4;4;4;30;26;23;18;13;56;55;54;53;
?;?;?;?;?;?;?;?;?;?;56;55;54;53;52;4;4;4;30;26;23;18;13;32;32;32;32;32;32;32;28;21;9;3;8;4;4;30;26;23;18;13;32;32;32;32;32;32;32;32;
?;?;?;?;?;?;?;?;?;?;11;5;41;56;55;54;53;52;4;4;4;4;30;26;23;18;13;32;32;32;32;32;32;32;32;28;21;9;3;8;4;4;30;26;23;18;13;32;32;32;
?;?;?;?;?;?;?;?;?;?;1;50;11;5;41;56;55;54;53;29;12;22;17;14;6;28;21;9;3;29;12;22;17;14;6;32;32;32;28;21;9;3;8;4;4;4;4;30;26;23;
?;?;?;?;?;?;?;?;?;?;32;32;28;49;46;45;42;0;10;20;16;4;4;4;30;26;23;18;13;32;28;21;9;3;8;4;4;4;4;4;30;26;23;18;13;32;32;32;28;21;
?;?;?;?;?;?;?;?;?;?;12;22;17;14;6;28;21;9;3;8;4;4;4;4;4;4;4;4;4;4;4;4;30;26;23;18;13;32;32;32;32;32;32;32;28;21;9;3;8;4;
?;?;?;?;?;?;?;?;?;?;12;22;17;14;6;28;21;9;3;8;4;4;30;26;23;18;13;32;32;28;21;9;3;8;4;4;4;4;4;4;4;30;26;23;18;13;32;32;32;32;
?;?;?;?;?;?;?;?;?;?;12;22;17;14;56;55;54;53;52;1;50;11;5;41;32;32;28;21;9;3;8;4;4;4;4;30;26;23;18;13;32;32;32;32;28;21;9;3;8;4;
?;?;?;?;?;?;?;?;?;?;4;4;4;4;4;4;4;4;4;4;30;26;23;18;13;32;32;32;32;32;32;32;32;32;32;32;32;32;32;32;32;32;32;32;32;32;32;32;32;32;