?;?;?;?;?;?;?;?;?;?;?;?;1;77;140;138;136;134;131;123;27;1;77;2;26;22;20;19;15;10;71;70;4;72;66;65;24;17;12;26;26;26;26;26;26;26;26;22;36;51;
?;?;?;?;?;?;?;?;?;?;?;?;83;81;79;123;27;1;77;2;26;26;22;20;53;120;105;76;69;144;119;115;110;74;71;70;4;66;65;24;17;140;138;136;134;131;99;70;4;66;
?;?;?;?;?;?;?;?;?;?;?;?;1;77;2;87;85;83;81;79;71;64;21;24;86;84;82;80;78;122;121;106;16;2;26;22;20;19;15;10;71;64;21;24;17;12;26;26;26;26;
?;?;?;?;?;?;?;?;?;?;?;?;1;77;2;87;85;83;81;79;71;70;4;72;66;65;24;17;12;26;26;26;26;26;26;22;20;19;15;37;28;23;5;13;6;22;20;19;15;10;
?;?;?;?;?;?;?;?;?;?;?;?;66;65;24;17;12;26;26;26;26;26;26;26;26;26;26;26;26;26;26;26;26;26;22;36;51;42;39;170;155;154;142;111;92;70;4;72;88;91;
?;?;?;?;?;?;?;?;?;?;?;?;89;89;11;65;24;17;12;26;26;26;26;26;26;22;20;19;15;10;71;70;4;72;66;65;24;17;12;26;26;26;26;22;20;19;15;10;71;70;
?;?;?;?;?;?;?;?;?;?;?;?;83;81;79;123;27;1;77;2;87;85;83;81;79;123;27;1;77;2;87;85;83;81;79;71;64;21;24;17;12;87;85;83;81;79;123;27;1;77;
?;?;?;?;?;?;?;?;?;?;?;?;132;122;121;106;16;2;26;26;26;26;22;20;19;122;121;106;16;2;26;26;26;26;22;20;19;15;10;71;70;4;72;66;65;24;17;12;26;26;
?;?;?;?;?;?;?;?;?;?;?;?;132;96;75;21;24;17;12;26;26;26;26;26;22;20;19;15;10;71;70;11;65;24;17;12;26;26;26;26;26;26;22;20;19;15;10;123;27;1;
?;?;?;?;?;?;?;?;?;?;?;?;24;17;12;26;26;22;20;19;15;10;71;70;11;65;24;17;12;26;22;20;19;15;10;71;70;4;66;65;24;17;12;26;26;26;26;26;26;26;
?;?;?;?;?;?;?;?;?;?;?;?;83;81;37;28;23;5;13;6;22;20;19;15;10;71;70;4;72;88;75;21;24;17;12;26;26;26;26;26;26;26;22;20;19;122;121;106;16;2;
?;?;?;?;?;?;?;?;?;?;?;?;5;13;87;85;83;81;79;71;70;4;66;65;24;17;12;26;22;20;19;15;10;71;70;11;56;49;47;44;38;29;25;18;14;7;2;26;26;26;
?;?;?;?;?;?;?;?;?;?;?;?;24;17;12;26;26;26;26;26;26;26;26;26;22;20;19;15;10;71;64;21;24;17;12;26;22;20;19;122;121;106;16;2;87;85;83;81;79;71;
?;?;?;?;?;?;?;?;?;?;?;?;1;77;2;87;85;83;81;79;71;64;21;24;17;12;87;85;83;81;79;71;70;4;66;65;24;17;12;26;26;26;26;22;20;19;15;10;71;70;
?;?;?;?;?;?;?;?;?;?;?;?;5;13;6;26;22;20;19;15;10;71;70;4;72;88;91;89;89;11;65;24;17;12;26;22;20;19;15;10;71;70;4;66;65;24;17;12;26;26;
?;?;?;?;?;?;?;?;?;?;?;?;83;81;79;123;27;1;77;2;26;26;22;20;19;15;37;28;23;5;13;6;26;26;26;26;26;26;26;22;20;19;15;10;71;64;21;24;17;12;
?;?;?;?;?;?;?;?;?;?;?;?;26;26;26;26;26;26;26;26;22;20;19;15;10;71;70;11;65;24;86;84;82;80;78;97;100;90;72;88;91;89;89;89;11;65;24;17;12;26;
?;?;?;?;?;?;?;?;?;?;?;?;22;20;19;15;10;71;70;4;72;88;75;21;24;17;12;26;26;26;26;22;20;19;15;10;123;27;1;77;2;26;22;20;19;15;10;71;70;4;
?;?;?;?;?;?;?;?;?;?;?;?;21;139;137;135;133;132;96;75;21;24;17;12;26;26;26;22;20;19;15;10;71;70;4;72;88;91;89;89;89;89;11;65;24;17;12;26;22;20;
?;?;?;?;?;?;?;?;?;?;?;?;26;26;22;20;19;15;10;71;70;4;72;88;91;89;89;89;89;89;89;11;65;24;17;12;87;85;83;81;79;123;27;1;77;2;26;26;26;26;
?;?;?;?;?;?;?;?;?;?;?;?;1;77;2;87;85;83;81;79;71;70;4;72;88;91;89;89;89;89;89;89;89;89;89;89;89;89;89;11;65;24;17;12;26;26;26;22;20;19;
?;?;?;?;?;?;?;?;?;?;?;?;78;97;100;90;11;65;24;17;12;26;26;26;26;26;26;26;26;26;22;20;19;15;10;71;70;4;72;66;65;24;17;12;87;85;83;81;79;71;
?;?;?;?;?;?;?;?;?;?;?;?;77;2;26;22;20;19;15;10;123;27;1;77;2;26;26;22;20;19;15;37;178;177;8;108;4;72;88;75;21;24;17;12;26;26;26;26;22;20;
?;?;?;?;?;?;?;?;?;?;?;?;134;131;99;70;11;65;24;17;12;26;26;26;26;26;26;26;26;26;26;26;22;20;19;15;10;71;70;4;72;88;91;89;11;65;24;17;12;26;
?;?;?;?;?;?;?;?;?;?;?;?;4;72;88;91;89;11;65;24;17;12;26;26;26;26;26;22;20;19;15;10;71;70;4;72;88;91;66;65;24;17;12;26;26;22;20;19;15;10;
?;?;?;?;?;?;?;?;?;?;?;?;20;19;122;121;106;16;2;87;85;83;81;79;71;70;4;66;65;24;17;140;138;136;134;131;99;70;4;72;88;91;89;89;89;11;65;24;17;12;
?;?;?;?;?;?;?;?;?;?;?;?;26;26;26;26;26;26;26;26;22;20;19;15;10;71;70;4;72;88;91;66;65;24;17;12;87;85;83;81;79;71;70;4;72;88;91;89;89;89;
?;?;?;?;?;?;?;?;?;?;?;?;26;26;26;26;26;26;26;26;22;20;19;15;10;71;64;21;24;17;140;138;136;134;131;99;75;21;24;86;84;82;80;78;97;100;90;72;66;65;
?;?;?;?;?;?;?;?;?;?;?;?;11;65;24;17;12;26;26;26;26;22;20;19;15;10;71;64;21;24;17;12;26;22;20;19;15;10;71;70;11;65;24;17;12;26;26;22;20;19;
?;?;?;?;?;?;?;?;?;?;?;?;134;131;99;70;11;65;24;17;140;138;136;134;131;99;70;4;66;65;24;17;12;26;26;26;26;22;20;19;15;10;71;64;21;24;17;12;26;26;
?;?;?;?;?;?;?;?;?;?;?;?;24;86;84;82;80;78;97;75;21;24;17;12;26;26;22;20;19;122;121;106;16;2;26;26;22;20;19;15;10;71;64;21;24;17;12;26;26;26;
?;?;?;?;?;?;?;?;?;?;?;?;71;70;4;72;88;91;89;89;11;65;24;17;12;26;22;20;19;15;10;71;70;11;65;24;17;12;26;26;26;26;26;22;20;19;15;37;28;23;
?;?;?;?;?;?;?;?;?;?;?;?;19;15;10;71;64;21;24;17;12;26;26;26;26;26;26;26;26;26;22;20;19;15;10;71;70;4;72;66;65;24;17;12;26;26;26;26;22;20;
?;?;?;?;?;?;?;?;?;?;?;?;89;89;89;11;65;24;17;12;26;26;26;26;26;26;26;26;26;26;26;26;26;26;22;36;51;42;39;33;32;31;30;34;41;22;20;19;15;10;
?;?;?;?;?;?;?;?;?;?;?;?;26;26;26;26;26;26;26;26;22;20;19;15;10;71;70;4;72;88;91;89;89;89;89;11;65;24;17;12;26;26;26;26;22;20;19;15;10;71;
?;?;?;?;?;?;?;?;?;?;?;?;83;81;79;71;70;4;72;88;91;89;89;89;89;11;65;24;17;12;26;26;26;26;26;26;26;26;26;26;22;20;19;15;10;71;70;4;72;88;
?;?;?;?;?;?;?;?;?;?;?;?;5;13;6;22;20;19;15;10;71;70;4;72;88;91;89;89;89;89;89;89;89;11;65;24;17;12;26;22;20;19;15;10;71;70;4;72;88;91;
?;?;?;?;?;?;?;?;?;?;?;?;5;13;6;26;22;20;19;15;10;123;27;0;166;161;148;126;96;104;141;124;112;91;89;89;89;89;89;89;89;89;89;89;89;89;89;11;65;24;
?;?;?;?;?;?;?;?;?;?;?;?;77;2;26;22;20;19;15;10;71;70;4;66;65;24;17;12;26;26;26;26;26;26;22;20;19;15;10;71;70;4;66;65;24;17;12;26;26;26;
?;?;?;?;?;?;?;?;?;?;?;?;5;13;6;26;22;20;19;15;10;71;70;4;72;88;91;89;89;89;89;11;65;24;17;12;26;26;26;22;20;19;15;10;71;70;4;72;88;75;
?;?;?;?;?;?;?;?;?;?;?;?;21;24;86;84;82;80;37;28;23;5;13;6;26;22;20;19;15;10;71;70;4;72;66;65;24;17;12;26;26;26;26;26;26;26;26;26;26;26;
?;?;?;?;?;?;?;?;?;?;?;?;20;19;15;10;71;70;11;65;24;17;12;26;26;26;26;26;26;26;26;26;26;22;20;19;15;10;71;70;4;72;66;65;24;17;12;26;26;26;
?;?;?;?;?;?;?;?;?;?;?;?;26;26;26;26;22;20;19;15;10;71;70;4;72;88;91;66;65;24;17;12;26;26;26;26;26;26;22;20;19;15;10;71;70;4;72;88;91;89;
?;?;?;?;?;?;?;?;?;?;?;?;19;15;10;123;27;1;77;140;138;136;134;131;99;70;11;65;24;17;140;138;136;134;131;99;70;11;65;24;17;12;87;85;83;81;79;71;70;4;
?;?;?;?;?;?;?;?;?;?;?;?;19;15;10;71;70;4;72;88;91;89;11;65;24;17;12;26;22;20;19;15;10;71;70;4;66;65;24;17;12;26;22;20;19;15;10;71;70;4;
?;?;?;?;?;?;?;?;?;?;?;?;5;13;6;26;26;22;36;51;42;39;33;32;31;30;22;20;19;15;10;71;70;4;72;88;91;89;11;65;24;17;12;26;26;22;20;19;15;10;
?;?;?;?;?;?;?;?;?;?;?;?;26;26;26;26;26;26;26;26;22;20;19;15;10;71;70;4;72;88;91;89;89;89;11;65;24;17;12;26;26;26;26;26;22;20;19;15;10;71;
?;?;?;?;?;?;?;?;?;?;?;?;21;24;17;12;26;22;20;19;122;121;106;67;62;60;58;46;122;121;106;16;2;26;26;26;26;26;22;20;53;120;146;118;114;107;73;94;156;4;
?;?;?;?;?;?;?;?;?;?;?;?;83;81;79;71;64;21;24;17;140;138;136;134;131;99;75;21;24;17;12;26;26;26;26;26;26;22;20;19;15;10;71;70;4;66;65;24;17;12;
?;?;?;?;?;?;?;?;?;?;?;?;134;131;99;75;21;24;17;12;26;26;26;26;26;26;26;26;22;20;19;15;10;71;70;4;66;65;24;17;12;26;26;26;26;26;26;26;22;20;
?;?;?;?;?;?;?;?;?;?;?;?;26;26;26;26;26;26;26;26;26;26;22;20;19;15;10;71;70;4;72;88;91;89;89;89;89;89;11;65;24;17;12;87;85;83;81;79;71;70;
?;?;?;?;?;?;?;?;?;?;?;?;20;19;15;10;71;70;4;66;65;24;17;12;26;26;26;22;20;19;15;10;71;70;4;72;88;91;89;89;89;89;89;89;89;89;89;89;89;89;
?;?;?;?;?;?;?;?;?;?;?;?;26;22;20;19;15;10;71;70;4;72;66;65;24;17;140;138;136;134;131;99;70;4;72;88;91;89;89;89;89;89;89;89;89;89;89;89;89;89;
?;?;?;?;?;?;?;?;?;?;?;?;24;17;12;26;26;26;26;26;26;26;26;26;22;20;19;15;10;71;70;4;72;88;75;21;24;17;12;26;26;22;20;19;15;10;71;70;4;72;
?;?;?;?;?;?;?;?;?;?;?;?;15;10;71;70;4;72;88;91;89;11;65;24;17;140;138;136;134;131;99;70;4;72;66;65;24;86;84;82;80;78;97;100;90;72;88;91;89;89;
?;?;?;?;?;?;?;?;?;?;?;?;5;13;6;22;20;19;15;10;71;64;21;24;86;84;82;80;78;97;75;21;24;17;12;26;22;20;19;15;10;71;70;4;72;88;91;66;65;24;
?;?;?;?;?;?;?;?;?;?;?;?;83;81;79;123;27;1;77;2;26;26;26;26;26;22;20;19;15;10;71;70;4;72;88;75;21;24;17;12;26;26;22;20;19;122;121;106;16;2;
?;?;?;?;?;?;?;?;?;?;?;?;83;81;79;71;70;4;66;68;63;61;59;55;54;52;43;40;35;2;26;26;26;26;26;26;26;26;26;26;26;22;20;19;15;10;71;70;4;72;
?;?;?;?;?;?;?;?;?;?;?;?;89;11;65;24;17;12;26;26;22;20;19;122;121;106;16;2;26;26;26;26;26;26;26;26;22;20;19;15;10;123;27;1;77;2;26;26;26;22;
?;?;?;?;?;?;?;?;?;?;?;?;103;102;98;72;88;91;89;89;89;89;89;89;89;89;89;89;89;89;11;65;24;17;12;26;26;26;26;26;26;26;26;26;26;26;26;26;26;26;
?;?;?;?;?;?;?;?;?;?;?;?;32;31;22;20;19;15;10;71;70;4;72;66;65;24;17;12;26;26;26;22;20;19;15;10;71;70;4;72;88;91;89;89;89;89;89;89;89;89;
?;?;?;?;?;?;?;?;?;?;?;?;81;79;71;64;21;24;17;12;26;22;20;19;15;10;123;27;1;77;2;26;22;20;19;15;37;28;23;173;168;163;150;129;97;100;90;72;88;91;
?;?;?;?;?;?;?;?;?;?;?;?;134;131;99;75;21;24;17;12;26;22;20;19;15;10;123;27;1;77;2;26;26;26;26;26;26;26;26;26;26;22;20;19;15;10;71;70;4;72;
?;?;?;?;?;?;?;?;?;?;?;?;21;24;17;12;26;26;26;26;26;26;26;26;26;22;20;19;15;10;123;27;1;77;2;87;85;83;81;79;71;70;11;65;24;17;12;26;22;20;
?;?;?;?;?;?;?;?;?;?;?;?;83;81;79;123;27;1;77;2;26;22;20;19;15;10;71;70;4;72;88;91;89;89;89;89;89;11;65;24;86;84;82;80;78;122;121;106;16;2;
?;?;?;?;?;?;?;?;?;?;?;?;1;77;2;26;26;26;22;20;19;15;10;71;70;11;65;24;17;12;26;26;26;26;22;20;19;15;10;71;70;4;72;66;65;24;17;12;26;26;
?;?;?;?;?;?;?;?;?;?;?;?;77;2;26;22;20;19;15;10;123;27;1;77;140;138;136;134;131;99;70;11;65;24;17;12;26;26;26;26;26;26;22;20;19;15;10;71;70;4;
?;?;?;?;?;?;?;?;?;?;?;?;24;17;12;87;85;83;81;37;28;23;5;13;6;22;20;19;15;10;123;27;1;86;84;82;80;78;97;100;90;11;65;24;17;12;87;85;83;81;
?;?;?;?;?;?;?;?;?;?;?;?;24;17;12;26;22;20;19;15;37;28;23;5;13;6;22;20;19;15;10;123;27;1;77;2;87;85;83;81;79;71;64;21;24;17;12;26;26;26;
?;?;?;?;?;?;?;?;?;?;?;?;89;89;89;89;89;89;89;89;89;89;89;11;65;24;17;12;26;26;26;26;26;26;26;26;26;26;26;26;26;26;26;26;26;26;26;26;22;20;
?;?;?;?;?;?;?;?;?;?;?;?;5;13;6;22;20;19;15;10;71;70;4;66;65;24;17;12;26;26;26;26;26;22;20;19;15;10;71;70;11;65;24;17;12;26;26;22;20;19;
?;?;?;?;?;?;?;?;?;?;?;?;71;70;11;65;24;17;12;26;26;26;26;22;20;19;15;10;71;70;4;72;88;91;66;65;24;17;12;26;26;26;26;22;20;19;15;10;71;70;
?;?;?;?;?;?;?;?;?;?;?;?;134;131;99;70;11;65;24;17;12;26;26;26;26;26;26;22;20;19;15;10;71;70;4;66;65;24;17;12;26;26;26;26;22;20;19;15;10;71;
?;?;?;?;?;?;?;?;?;?;?;?;77;2;26;22;20;19;15;10;71;64;21;24;17;12;26;22;20;19;15;37;28;23;5;13;6;26;26;26;22;20;19;15;10;71;70;4;72;88;
?;?;?;?;?;?;?;?;?;?;?;?;83;81;79;123;27;1;77;140;138;136;134;131;99;70;4;72;66;65;24;17;12;26;26;26;26;26;22;20;53;120;105;76;69;26;26;26;26;26;
?;?;?;?;?;?;?;?;?;?;?;?;37;28;23;5;13;6;26;26;22;20;19;15;10;71;70;4;72;88;91;89;89;89;89;89;89;89;89;89;89;89;89;89;89;89;89;89;89;89;
?;?;?;?;?;?;?;?;?;?;?;?;19;15;37;28;23;5;13;6;22;20;19;15;10;71;70;4;72;88;75;21;24;17;12;26;22;20;19;15;10;123;27;1;77;2;26;26;26;26;
?;?;?;?;?;?;?;?;?;?;?;?;81;79;71;70;11;65;24;17;12;26;26;26;26;26;26;26;26;22;20;19;15;10;71;70;4;72;88;91;89;89;89;11;65;24;17;12;26;26;
?;?;?;?;?;?;?;?;?;?;?;?;83;81;79;71;64;21;24;17;140;138;136;134;37;28;23;5;13;6;26;26;26;22;20;19;15;10;71;70;4;72;88;75;21;24;17;12;26;26;
?;?;?;?;?;?;?;?;?;?;?;?;5;13;6;22;20;19;15;10;71;64;21;24;17;12;26;26;22;20;19;15;10;71;70;4;72;88;91;89;89;89;89;11;65;24;17;12;26;26;
?;?;?;?;?;?;?;?;?;?;?;?;19;15;10;71;70;4;72;66;65;24;17;12;26;26;26;22;20;19;15;10;71;70;4;72;88;75;21;24;17;12;26;26;26;26;26;26;26;26;
?;?;?;?;?;?;?;?;?;?;?;?;81;79;71;64;21;24;17;12;26;26;22;20;19;15;10;71;70;4;72;88;91;89;89;89;89;89;89;89;89;89;11;65;24;17;12;26;26;26;
?;?;?;?;?;?;?;?;?;?;?;?;21;24;17;140;138;136;134;131;99;70;11;65;24;17;12;26;26;26;26;26;22;20;19;15;10;71;70;4;66;65;24;17;12;26;26;26;26;26;
?;?;?;?;?;?;?;?;?;?;?;?;26;26;26;26;26;22;20;19;15;10;71;70;4;66;65;24;17;12;26;26;22;20;19;15;10;71;70;4;72;88;91;89;11;65;24;17;12;26;
?;?;?;?;?;?;?;?;?;?;?;?;83;81;79;71;64;21;24;17;12;87;85;83;81;79;71;70;4;72;88;91;89;89;89;89;89;11;65;24;17;12;26;26;26;26;26;26;26;26;
?;?;?;?;?;?;?;?;?;?;?;?;20;19;15;10;123;27;1;77;140;138;136;134;131;99;75;21;24;86;84;82;80;78;97;100;11;65;24;86;84;82;80;78;97;100;90;72;66;65;
?;?;?;?;?;?;?;?;?;?;?;?;5;13;6;22;20;19;15;10;71;70;4;72;88;91;89;89;89;89;89;11;65;24;17;12;26;26;22;20;19;15;10;71;70;4;72;66;65;24;
?;?;?;?;?;?;?;?;?;?;?;?;26;26;26;26;26;26;26;22;20;19;15;10;71;70;4;72;88;91;66;65;24;17;12;26;22;20;19;15;10;71;70;4;72;88;91;89;11;65;
?;?;?;?;?;?;?;?;?;?;?;?;1;77;2;87;85;83;81;37;28;23;5;13;6;22;20;19;15;10;71;70;4;66;65;57;50;48;45;132;122;121;106;16;2;26;26;26;26;26;
?;?;?;?;?;?;?;?;?;?;?;?;20;53;120;105;76;69;26;22;20;19;15;10;123;27;1;77;2;26;26;26;26;22;20;19;15;10;71;70;4;66;65;24;17;12;26;22;20;19;
?;?;?;?;?;?;?;?;?;?;?;?;140;138;136;134;131;99;75;21;24;17;12;26;26;26;26;22;20;19;15;10;71;70;4;72;88;75;21;24;17;12;26;26;26;26;26;26;26;26;
?;?;?;?;?;?;?;?;?;?;?;?;26;22;20;19;15;10;71;70;4;72;88;75;21;24;17;140;138;136;134;131;99;70;4;72;66;65;24;17;12;26;26;22;20;19;15;10;123;27;
?;?;?;?;?;?;?;?;?;?;?;?;65;24;17;12;26;22;20;19;15;10;71;70;4;72;88;91;89;89;11;65;24;17;12;26;26;26;26;26;26;26;26;26;26;26;26;26;26;26;
?;?;?;?;?;?;?;?;?;?;?;?;20;19;15;37;28;23;5;13;6;22;20;19;15;37;28;23;5;13;87;85;83;81;79;71;70;4;72;66;65;57;50;48;45;132;96;104;141;124;
?;?;?;?;?;?;?;?;?;?;?;?;24;17;12;26;26;26;22;36;51;42;39;33;32;31;22;20;19;15;37;28;23;5;13;6;26;26;26;26;22;20;19;15;10;71;70;4;72;88;
?;?;?;?;?;?;?;?;?;?;?;?;24;17;12;26;22;20;19;15;37;28;23;5;13;6;26;26;26;26;26;26;26;26;22;20;19;15;10;71;70;4;72;88;91;89;89;89;89;89;
?;?;?;?;?;?;?;?;?;?;?;?;1;77;140;138;136;134;131;123;27;1;77;2;26;22;20;19;15;10;71;70;4;72;66;65;24;17;12;26;26;26;26;26;26;26;26;26;26;26;
?;?;?;?;?;?;?;?;?;?;?;?;81;79;71;70;11;65;24;17;12;26;22;20;19;15;10;71;70;4;72;88;91;66;65;24;17;12;26;26;26;26;26;26;26;26;26;26;26;22;
?;?;?;?;?;?;?;?;?;?;?;?;65;24;17;12;26;26;22;20;19;122;121;106;16;2;26;26;26;26;26;26;26;26;26;22;20;19;15;10;71;70;4;72;88;91;66;65;24;17;
?;?;?;?;?;?;?;?;?;?;?;?;134;131;99;70;4;66;68;63;61;59;55;103;102;75;21;24;17;12;26;26;26;26;26;26;26;26;26;26;26;26;26;26;26;22;20;19;15;10;
?;?;?;?;?;?;?;?;?;?;?;?;20;19;15;10;123;27;1;77;140;138;136;134;37;28;23;5;13;6;26;26;26;26;26;26;22;20;19;15;10;71;70;4;72;88;75;21;24;17;
?;?;?;?;?;?;?;?;?;?;?;?;4;72;88;75;21;24;17;12;26;26;26;26;26;26;26;26;22;20;19;15;10;123;27;1;77;2;26;26;26;26;26;22;20;19;15;10;71;70;
?;?;?;?;?;?;?;?;?;?;?;?;2;26;26;26;26;22;20;19;15;10;71;70;4;72;88;91;89;89;11;65;24;17;12;26;26;26;26;26;26;22;20;19;15;10;71;70;4;72;
?;?;?;?;?;?;?;?;?;?;?;?;89;89;89;11;65;24;17;12;26;26;26;26;26;26;26;26;26;26;26;26;26;26;26;26;26;26;26;26;22;20;19;15;10;71;70;4;72;88;
?;?;?;?;?;?;?;?;?;?;?;?;20;19;15;10;123;27;1;77;2;26;22;20;19;15;10;71;70;4;72;88;91;89;11;65;24;17;12;26;22;20;19;15;10;71;70;4;72;88;
?;?;?;?;?;?;?;?;?;?;?;?;83;81;79;123;27;1;77;2;26;26;26;26;26;26;26;26;22;20;19;122;121;171;165;113;109;93;153;143;141;124;112;91;89;89;89;89;89;89;
?;?;?;?;?;?;?;?;?;?;?;?;83;81;79;71;70;4;72;88;91;89;89;89;89;11;65;24;17;12;26;26;26;26;26;26;26;26;26;26;26;26;26;22;20;19;15;10;71;70;
?;?;?;?;?;?;?;?;?;?;?;?;1;77;2;87;85;83;81;79;71;70;4;66;65;57;50;48;45;132;96;104;141;124;112;91;89;11;65;24;17;12;26;26;26;26;26;26;26;26;
?;?;?;?;?;?;?;?;?;?;?;?;24;17;12;26;26;26;26;26;26;26;26;26;26;22;20;19;15;10;123;27;1;86;84;82;80;78;97;100;90;72;88;91;89;89;89;11;65;24;
?;?;?;?;?;?;?;?;?;?;?;?;81;79;71;64;21;24;17;12;87;85;83;81;79;71;64;21;24;17;140;138;136;134;131;99;70;4;66;65;24;17;12;26;26;26;22;20;19;15;
?;?;?;?;?;?;?;?;?;?;?;?;21;24;17;140;138;136;122;121;106;16;2;26;26;26;26;26;26;26;26;26;26;26;22;20;19;15;10;71;70;4;72;88;91;89;89;89;11;65;
?;?;?;?;?;?;?;?;?;?;?;?;21;24;17;140;138;136;134;131;99;75;21;139;137;135;133;132;96;75;21;24;17;12;26;26;26;22;20;19;15;10;71;70;4;72;88;91;89;11;
?;?;?;?;?;?;?;?;?;?;?;?;37;28;23;5;13;6;26;26;26;22;20;19;15;10;71;70;4;72;88;75;21;24;17;12;26;26;26;22;20;19;15;10;71;70;4;72;88;91;
?;?;?;?;?;?;?;?;?;?;?;?;1;77;2;87;85;83;81;79;71;70;4;66;65;24;17;12;26;26;26;26;22;20;19;15;10;71;70;11;65;24;17;12;26;26;26;26;22;20;
?;?;?;?;?;?;?;?;?;?;?;?;21;24;17;12;26;26;26;22;20;19;15;10;71;70;4;72;88;91;89;11;65;24;17;12;26;26;26;26;26;26;26;26;22;20;19;122;121;106;
?;?;?;?;?;?;?;?;?;?;?;?;20;19;15;10;71;64;21;24;17;12;26;26;26;26;22;20;19;15;10;71;70;4;72;88;91;66;65;24;17;12;87;85;122;121;106;16;2;26;
?;?;?;?;?;?;?;?;?;?;?;?;77;2;87;85;83;81;79;123;27;1;77;2;26;26;26;26;26;26;22;20;19;15;10;71;70;4;66;65;24;17;12;26;26;22;20;19;15;10;
?;?;?;?;?;?;?;?;?;?;?;?;16;174;169;164;151;130;99;70;4;72;88;91;89;89;89;89;89;89;89;89;89;89;89;11;65;24;17;12;26;26;26;26;26;26;26;26;26;26;
?;?;?;?;?;?;?;?;?;?;?;?;6;26;26;26;22;20;19;15;10;71;70;4;72;88;91;66;65;24;17;12;26;26;26;22;20;19;15;10;71;70;4;72;88;91;66;68;63;61;
?;?;?;?;?;?;?;?;?;?;?;?;83;81;37;28;23;5;13;87;85;83;81;79;71;70;11;65;24;17;12;87;85;83;81;79;123;27;1;77;140;138;136;134;131;99;70;4;72;88;
?;?;?;?;?;?;?;?;?;?;?;?;15;10;71;70;4;72;88;91;89;89;89;89;89;89;89;11;65;24;86;84;82;80;78;97;100;11;65;24;17;12;26;26;26;26;26;26;26;26;
?;?;?;?;?;?;?;?;?;?;?;?;83;81;79;71;64;172;167;162;149;128;103;102;98;75;21;24;17;12;26;26;26;26;26;26;26;22;20;19;15;10;71;70;4;66;65;24;17;12;
?;?;?;?;?;?;?;?;?;?;?;?;26;26;26;26;26;26;26;22;20;19;15;10;71;70;4;66;65;24;17;140;138;136;134;131;99;70;4;72;88;91;89;11;65;24;17;140;138;136;
?;?;?;?;?;?;?;?;?;?;?;?;83;81;79;71;64;21;24;17;12;87;85;122;121;106;16;2;26;26;26;26;26;26;26;26;26;26;26;22;20;19;15;10;123;27;1;77;2;26;
?;?;?;?;?;?;?;?;?;?;?;?;4;66;65;24;17;12;26;26;26;26;22;20;19;15;10;71;70;11;65;24;17;12;26;26;26;26;22;20;19;15;10;71;70;4;72;88;91;89;
?;?;?;?;?;?;?;?;?;?;?;?;83;81;79;123;27;1;77;2;26;26;22;36;51;42;39;33;32;22;20;19;15;10;71;70;4;72;88;91;89;89;89;89;89;89;89;89;11;65;
?;?;?;?;?;?;?;?;?;?;?;?;19;15;10;71;70;4;72;66;68;63;61;59;55;103;102;98;72;88;91;89;89;89;89;89;89;89;89;89;89;11;65;24;17;12;26;26;22;20;
?;?;?;?;?;?;?;?;?;?;?;?;5;13;6;22;20;19;15;10;71;70;4;72;88;91;89;89;11;65;24;17;12;26;22;20;19;15;10;71;70;4;72;88;91;89;89;89;89;89;
?;?;?;?;?;?;?;?;?;?;?;?;1;77;2;26;26;26;26;26;26;26;26;22;20;19;15;10;71;70;4;72;66;65;24;17;12;26;26;26;26;22;20;19;15;10;71;70;11;65;
?;?;?;?;?;?;?;?;?;?;?;?;26;26;26;26;26;26;26;22;20;19;15;10;71;70;4;72;88;91;89;89;89;89;11;65;24;17;12;87;85;83;81;79;71;70;4;72;88;75;
?;?;?;?;?;?;?;?;?;?;?;?;19;15;10;71;70;11;65;24;17;12;26;26;26;26;22;20;19;15;10;71;70;4;72;88;91;66;65;24;17;12;26;26;26;22;20;19;15;10;
?;?;?;?;?;?;?;?;?;?;?;?;65;24;17;12;26;26;26;26;26;26;26;26;26;26;26;26;26;26;26;26;26;26;26;26;22;20;19;15;10;71;70;4;72;88;91;89;89;89;
?;?;?;?;?;?;?;?;?;?;?;?;138;136;134;131;123;27;1;77;2;26;26;26;26;26;26;26;26;26;26;26;26;26;26;26;26;26;22;36;51;42;39;33;145;116;159;158;156;4;
?;?;?;?;?;?;?;?;?;?;?;?;19;15;10;71;70;4;72;88;91;89;11;65;24;17;12;26;26;26;26;26;26;26;26;26;26;26;26;26;26;26;26;26;26;26;26;26;26;26;
?;?;?;?;?;?;?;?;?;?;?;?;20;19;15;10;71;70;4;72;66;65;24;17;12;26;26;22;20;19;15;10;71;70;4;72;88;91;89;89;89;89;89;11;65;24;17;12;26;26;
?;?;?;?;?;?;?;?;?;?;?;?;26;26;26;26;26;26;22;20;19;15;10;71;70;4;72;88;91;89;89;89;89;89;89;89;89;11;65;24;17;12;87;85;83;81;79;71;70;4;
?;?;?;?;?;?;?;?;?;?;?;?;83;81;37;28;23;5;13;87;85;83;81;79;71;70;11;65;24;17;12;26;26;22;20;19;122;121;106;16;2;26;26;22;20;19;122;121;106;16;
?;?;?;?;?;?;?;?;?;?;?;?;54;52;43;40;35;2;26;26;26;26;22;20;19;15;10;71;64;172;167;162;149;128;103;102;98;72;88;75;21;24;17;12;87;85;83;81;79;71;
?;?;?;?;?;?;?;?;?;?;?;?;83;81;79;71;70;4;66;65;24;17;12;26;26;26;26;22;20;19;15;10;71;70;4;72;66;65;24;17;12;26;26;26;26;26;26;26;26;26;
?;?;?;?;?;?;?;?;?;?;?;?;89;89;89;89;11;65;24;17;12;26;26;26;26;26;26;26;26;26;22;20;19;15;10;71;70;4;72;88;91;89;89;89;89;89;89;89;89;89;
?;?;?;?;?;?;?;?;?;?;?;?;70;11;65;24;17;140;138;136;134;131;123;27;0;166;161;148;126;96;104;141;75;21;24;17;12;26;22;20;19;15;10;71;70;4;66;65;24;17;
?;?;?;?;?;?;?;?;?;?;?;?;5;13;6;22;20;19;15;10;71;70;4;72;88;91;89;11;65;24;17;12;26;26;26;26;22;20;19;15;10;71;70;11;65;24;86;84;82;80;
?;?;?;?;?;?;?;?;?;?;?;?;1;77;2;87;85;83;81;79;123;27;1;77;140;138;136;134;131;99;70;11;65;24;17;12;26;26;26;26;26;26;26;26;26;26;22;20;19;122;
?;?;?;?;?;?;?;?;?;?;?;?;134;131;123;27;1;77;2;26;26;26;26;26;26;26;26;26;26;22;20;19;15;10;71;70;4;72;88;91;66;65;24;17;12;26;26;26;22;20;
?;?;?;?;?;?;?;?;?;?;?;?;21;24;86;84;82;80;78;97;100;90;11;65;24;17;12;26;26;26;26;26;26;26;26;22;20;19;15;10;71;70;4;66;65;24;17;12;26;26;
?;?;?;?;?;?;?;?;?;?;?;?;1;77;140;138;136;134;131;99;70;11;65;24;17;140;138;136;134;131;123;27;1;77;2;87;85;83;81;79;71;64;21;24;17;12;26;26;26;26;
?;?;?;?;?;?;?;?;?;?;?;?;83;81;79;123;27;1;77;2;26;22;20;19;15;10;123;27;1;86;84;82;80;37;28;23;5;13;6;26;22;20;19;15;10;71;70;4;72;88;
?;?;?;?;?;?;?;?;?;?;?;?;24;17;12;26;22;20;19;15;10;123;27;1;77;2;26;26;26;26;26;26;26;26;26;22;20;19;15;10;71;70;4;72;88;91;89;89;89;89;
?;?;?;?;?;?;?;?;?;?;?;?;24;17;12;26;26;26;22;20;19;15;10;71;70;4;66;65;24;17;12;26;26;26;26;22;20;19;15;10;71;70;11;65;24;17;12;26;26;22;
?;?;?;?;?;?;?;?;?;?;?;?;6;26;26;26;26;26;26;26;26;26;26;26;22;20;19;15;10;71;70;4;72;88;91;89;89;89;89;89;89;89;89;89;89;89;89;89;89;89;
?;?;?;?;?;?;?;?;?;?;?;?;134;131;123;27;1;77;2;26;26;26;22;20;19;15;10;123;27;1;77;2;26;26;26;26;26;26;26;22;20;19;15;10;71;70;4;72;88;91;
?;?;?;?;?;?;?;?;?;?;?;?;22;20;19;15;10;71;70;4;72;88;75;21;24;17;12;26;26;26;26;26;22;20;19;15;10;71;70;4;66;65;24;17;12;26;22;20;19;15;
?;?;?;?;?;?;?;?;?;?;?;?;19;15;10;123;27;1;77;2;26;26;22;20;19;15;10;71;70;4;72;88;91;89;89;89;89;89;89;89;89;89;89;89;89;11;65;24;17;12;
?;?;?;?;?;?;?;?;?;?;?;?;83;81;37;28;23;5;13;87;85;83;81;79;123;27;1;77;2;26;26;26;22;20;19;15;10;71;70;4;72;66;65;24;17;12;26;26;26;26;
?;?;?;?;?;?;?;?;?;?;?;?;81;79;71;70;4;72;88;91;89;89;89;89;89;89;11;65;57;50;48;45;132;96;104;75;21;24;17;12;26;26;22;20;19;15;10;71;70;4;
?;?;?;?;?;?;?;?;?;?;?;?;26;26;26;26;26;26;26;26;26;22;20;19;15;10;71;70;4;72;88;91;89;89;89;89;89;89;89;89;89;89;11;65;24;17;12;26;26;26;
?;?;?;?;?;?;?;?;?;?;?;?;134;131;123;27;1;77;2;26;26;22;20;19;15;10;123;27;1;77;140;138;136;134;131;123;27;1;77;2;26;26;22;20;19;15;37;28;23;5;
?;?;?;?;?;?;?;?;?;?;?;?;134;131;99;75;21;24;17;12;26;22;20;19;15;10;71;64;21;24;17;12;26;26;26;26;26;26;26;26;22;20;19;15;10;123;27;1;77;2;
?;?;?;?;?;?;?;?;?;?;?;?;72;66;65;24;17;12;26;26;26;26;26;26;26;22;20;19;15;10;71;70;4;72;88;91;89;89;89;11;65;24;17;12;26;22;20;19;15;10;
?;?;?;?;?;?;?;?;?;?;?;?;65;24;17;12;26;26;26;26;26;26;22;20;19;15;10;71;70;4;72;66;65;24;17;12;26;26;26;26;26;26;22;20;19;15;10;71;70;4;
?;?;?;?;?;?;?;?;?;?;?;?;77;2;26;22;20;19;15;10;71;70;11;65;24;17;12;26;26;26;26;26;26;26;26;26;22;20;19;15;10;71;70;4;72;88;91;66;65;24;
?;?;?;?;?;?;?;?;?;?;?;?;5;13;6;26;26;22;20;19;15;10;71;70;4;72;88;91;89;89;89;89;89;89;89;11;65;24;17;12;26;26;26;26;26;26;26;26;26;26;
?;?;?;?;?;?;?;?;?;?;?;?;24;17;12;26;26;26;26;26;26;26;26;26;22;20;19;15;10;71;70;4;72;88;91;89;11;65;24;17;12;26;26;26;26;26;26;26;26;26;
?;?;?;?;?;?;?;?;?;?;?;?;21;24;17;140;138;136;134;37;28;23;5;13;6;22;20;19;15;10;71;70;11;65;24;86;84;82;80;78;122;121;106;16;2;26;26;26;22;20;
?;?;?;?;?;?;?;?;?;?;?;?;21;24;17;140;138;136;134;131;123;27;1;77;2;26;26;26;26;26;26;26;22;20;19;15;10;71;70;4;72;88;75;21;24;86;84;82;80;78;
?;?;?;?;?;?;?;?;?;?;?;?;173;168;163;150;129;97;75;21;24;17;12;26;26;26;26;22;20;19;15;10;71;70;4;72;88;75;21;24;17;12;26;26;26;22;20;19;15;10;
?;?;?;?;?;?;?;?;?;?;?;?;134;131;99;70;4;72;88;91;89;11;65;24;17;12;26;22;20;19;15;10;71;64;21;24;17;12;26;26;26;26;26;26;26;22;20;19;15;10;
?;?;?;?;?;?;?;?;?;?;?;?;89;89;89;89;89;89;89;89;89;89;89;11;65;24;17;12;26;26;26;22;20;19;15;10;71;70;4;66;65;24;17;12;26;26;26;26;26;26;
?;?;?;?;?;?;?;?;?;?;?;?;21;24;17;12;26;22;20;19;15;10;71;70;11;65;24;17;12;26;22;20;19;15;10;71;70;4;72;66;65;24;17;12;26;26;26;22;20;19;
?;?;?;?;?;?;?;?;?;?;?;?;70;4;72;88;91;66;65;24;17;12;87;85;83;81;79;71;70;4;72;66;65;24;17;12;26;26;22;20;19;15;10;71;70;4;72;88;91;89;
?;?;?;?;?;?;?;?;?;?;?;?;72;88;91;89;89;89;89;89;89;89;89;89;89;89;89;89;11;65;24;17;12;26;26;26;26;26;26;26;26;26;26;26;26;26;26;26;26;22;
?;?;?;?;?;?;?;?;?;?;?;?;1;77;2;26;26;22;20;19;15;10;71;70;4;72;88;91;89;89;11;65;24;17;12;87;85;83;81;79;71;70;4;66;65;24;17;12;26;26;
?;?;?;?;?;?;?;?;?;?;?;?;19;15;10;123;27;1;77;2;26;22;20;19;15;10;71;70;4;72;88;91;89;89;89;89;89;89;89;89;89;89;89;89;89;89;11;65;24;17;
?;?;?;?;?;?;?;?;?;?;?;?;134;131;99;75;21;24;17;12;26;22;20;53;120;105;76;69;26;22;20;19;15;37;28;23;5;13;6;26;26;26;22;20;19;15;10;71;64;21;
?;?;?;?;?;?;?;?;?;?;?;?;11;65;24;17;12;26;26;22;20;19;15;10;71;70;4;72;88;91;89;89;11;65;24;17;12;26;26;26;26;26;22;20;19;15;10;71;70;4;
?;?;?;?;?;?;?;?;?;?;?;?;1;77;2;26;26;26;26;26;26;26;26;26;26;22;20;19;15;10;71;70;4;72;88;91;89;89;89;89;89;89;11;65;24;17;12;26;22;20;
?;?;?;?;?;?;?;?;?;?;?;?;83;81;79;123;27;1;77;140;138;136;134;131;99;70;4;66;65;24;17;12;26;26;26;26;26;26;22;20;19;15;10;71;70;4;72;88;91;89;
?;?;?;?;?;?;?;?;?;?;?;?;22;20;19;15;10;71;70;4;66;65;24;17;12;26;26;26;26;26;26;26;26;22;20;19;15;10;71;70;4;72;88;91;66;65;24;17;12;26;
?;?;?;?;?;?;?;?;?;?;?;?;19;15;10;71;70;4;66;65;57;50;48;45;122;121;106;16;2;87;85;83;81;79;71;70;4;72;88;91;89;89;89;89;89;89;89;89;11;65;
?;?;?;?;?;?;?;?;?;?;?;?;23;5;13;87;85;83;81;79;71;70;4;72;88;91;89;89;89;89;11;65;24;17;140;138;136;134;131;99;70;4;72;88;75;21;24;17;12;26;
?;?;?;?;?;?;?;?;?;?;?;?;1;77;140;138;136;134;131;99;75;21;24;17;12;87;85;83;81;79;71;64;21;24;17;12;26;26;26;26;26;26;26;26;26;22;20;19;15;10;
?;?;?;?;?;?;?;?;?;?;?;?;5;13;6;22;20;19;15;10;71;70;4;72;88;91;89;89;89;89;89;11;65;24;17;12;26;26;26;26;26;26;26;26;26;26;26;26;26;26;
?;?;?;?;?;?;?;?;?;?;?;?;134;131;99;75;21;24;17;12;26;26;26;26;26;26;26;26;26;26;26;26;22;20;19;15;37;28;23;5;13;87;85;83;81;79;71;70;4;72;
?;?;?;?;?;?;?;?;?;?;?;?;131;123;27;1;77;2;26;26;26;22;20;19;15;10;71;70;4;72;88;91;89;89;89;89;89;89;89;89;11;65;24;17;12;26;26;26;22;20;
?;?;?;?;?;?;?;?;?;?;?;?;5;13;87;85;83;81;79;123;27;1;77;2;26;26;22;20;19;15;10;123;27;1;77;140;138;136;134;131;99;70;4;72;88;91;89;89;11;65;
?;?;?;?;?;?;?;?;?;?;?;?;1;77;2;26;22;20;19;122;121;106;16;2;26;26;26;26;22;20;19;15;10;71;70;4;72;88;91;89;89;89;89;89;89;89;89;89;89;89;
?;?;?;?;?;?;?;?;?;?;?;?;20;19;122;121;106;67;62;60;58;46;101;100;90;11;65;24;17;12;87;85;83;81;37;28;23;5;13;6;22;20;19;15;10;71;70;4;72;88;
?;?;?;?;?;?;?;?;?;?;?;?;83;81;37;28;23;5;13;6;26;22;20;19;15;37;28;23;5;13;6;22;20;19;15;10;71;70;4;72;88;91;89;89;89;11;65;24;17;12;
?;?;?;?;?;?;?;?;?;?;?;?;134;131;99;70;11;65;24;17;12;26;26;26;26;26;26;26;26;26;26;22;20;19;15;10;123;27;1;77;140;138;136;134;131;99;70;11;65;24;
?;?;?;?;?;?;?;?;?;?;?;?;83;81;79;71;70;4;72;88;91;89;11;65;24;17;12;26;26;26;26;22;20;19;15;10;71;70;4;72;66;65;24;17;12;26;26;26;26;26;
?;?;?;?;?;?;?;?;?;?;?;?;83;81;79;71;70;11;65;57;50;48;45;132;122;121;106;16;2;26;26;26;26;26;22;20;19;15;10;71;70;4;72;88;75;21;24;17;12;26;
?;?;?;?;?;?;?;?;?;?;?;?;83;81;37;28;23;5;13;6;26;22;20;19;15;10;123;27;1;77;2;26;26;22;20;19;15;10;71;70;11;65;24;17;12;26;26;22;20;19;
?;?;?;?;?;?;?;?;?;?;?;?;83;81;79;71;64;21;24;17;12;26;26;26;26;26;26;26;26;22;20;19;15;10;71;70;4;72;88;75;21;24;17;12;26;26;26;26;26;22;
?;?;?;?;?;?;?;?;?;?;?;?;83;81;37;28;23;5;13;6;26;22;20;19;15;10;71;70;4;72;88;91;89;89;89;89;89;89;89;89;89;89;89;11;65;24;17;12;26;26;
?;?;?;?;?;?;?;?;?;?;?;?;20;19;15;10;71;70;11;65;24;17;12;26;26;22;20;19;15;10;71;70;4;66;65;24;17;12;26;26;26;26;26;22;20;19;15;10;71;70;
?;?;?;?;?;?;?;?;?;?;?;?;83;81;79;123;27;1;77;140;138;136;134;131;123;27;1;77;2;26;22;20;19;15;10;71;64;21;24;17;12;26;22;20;19;15;37;28;23;5;
?;?;?;?;?;?;?;?;?;?;?;?;1;77;2;26;22;20;19;122;121;106;16;2;26;26;22;20;19;15;10;71;64;172;167;162;149;128;103;102;98;72;88;91;89;89;89;11;65;24;
?;?;?;?;?;?;?;?;?;?;?;?;26;26;26;22;20;19;15;10;71;70;4;72;88;91;89;89;89;11;65;24;17;140;138;136;134;131;123;27;1;77;2;26;26;26;26;26;26;26;
?;?;?;?;?;?;?;?;?;?;?;?;1;86;84;82;80;78;97;75;21;24;17;12;26;26;26;26;22;20;19;15;10;71;70;4;72;88;91;89;11;65;24;17;12;26;26;26;26;26;
?;?;?;?;?;?;?;?;?;?;?;?;83;81;37;28;23;5;13;6;26;26;22;20;19;15;10;71;70;4;72;88;91;66;65;24;17;12;26;22;20;19;15;10;71;70;4;72;88;91;
?;?;?;?;?;?;?;?;?;?;?;?;24;17;140;138;136;134;131;99;70;4;66;65;24;17;12;26;26;22;20;19;15;10;71;70;11;65;24;17;12;26;26;26;26;26;26;26;26;22;
?;?;?;?;?;?;?;?;?;?;?;?;19;15;10;71;70;4;66;65;24;17;12;26;26;26;26;26;22;20;19;15;10;71;70;4;66;65;24;17;12;87;85;83;81;79;71;64;21;24;
?;?;?;?;?;?;?;?;?;?;?;?;20;53;120;105;76;69;26;26;26;22;20;19;15;10;71;70;11;65;24;17;140;138;136;134;131;99;70;4;66;65;24;17;12;26;26;26;22;20;
?;?;?;?;?;?;?;?;?;?;?;?;26;26;22;20;19;15;10;71;64;21;24;17;12;26;26;26;22;20;19;15;10;71;70;4;72;66;65;24;17;12;26;22;20;19;15;10;71;70;
?;?;?;?;?;?;?;?;?;?;?;?;134;131;123;27;1;77;2;26;26;26;26;22;20;19;15;10;71;70;11;65;24;17;12;26;26;26;26;22;20;19;15;10;71;70;4;72;88;75;
?;?;?;?;?;?;?;?;?;?;?;?;81;79;71;64;21;24;17;12;26;22;20;19;15;10;71;70;4;72;88;91;89;89;11;65;24;17;12;26;26;26;22;20;19;15;37;28;23;5;
?;?;?;?;?;?;?;?;?;?;?;?;1;77;2;26;22;20;19;15;10;123;27;1;77;2;87;85;83;81;79;71;70;4;72;88;91;89;89;89;11;65;24;17;12;26;22;20;19;15;
?;?;?;?;?;?;?;?;?;?;?;?;83;81;79;123;27;1;77;2;87;85;83;81;79;123;27;1;77;2;26;26;26;22;20;19;15;10;71;70;4;72;88;91;89;11;65;24;17;12;
?;?;?;?;?;?;?;?;?;?;?;?;122;121;106;16;2;26;22;20;19;15;10;71;70;11;65;24;17;12;26;22;20;19;15;10;71;70;4;66;65;24;17;12;26;26;22;20;19;15;
?;?;?;?;?;?;?;?;?;?;?;?;19;15;10;71;70;4;72;66;65;24;17;12;26;26;26;26;26;22;20;19;15;10;71;70;4;72;88;91;89;89;89;11;65;24;17;12;87;85;
?;?;?;?;?;?;?;?;?;?;?;?;134;131;99;70;11;65;24;17;12;26;26;22;36;51;42;175;117;160;147;125;95;75;21;24;17;12;26;26;26;22;20;19;15;10;71;64;21;24;
?;?;?;?;?;?;?;?;?;?;?;?;83;81;37;28;23;5;13;6;22;20;19;15;10;71;70;4;66;65;24;17;12;26;26;26;26;26;26;26;26;26;26;26;26;26;26;26;26;26;
?;?;?;?;?;?;?;?;?;?;?;?;24;17;12;26;26;26;26;22;20;19;15;10;71;64;21;24;17;12;26;26;22;20;19;15;10;71;70;4;72;88;91;89;89;89;89;89;11;65;
?;?;?;?;?;?;?;?;?;?;?;?;83;81;79;123;27;1;77;2;26;22;20;19;15;37;28;23;5;13;87;85;83;81;79;71;64;21;24;17;12;26;22;36;51;42;39;33;32;31;
?;?;?;?;?;?;?;?;?;?;?;?;1;77;140;138;136;122;121;106;16;2;26;26;26;26;22;20;19;15;10;71;70;11;65;24;17;140;138;136;134;131;99;70;4;72;88;91;89;89;
?;?;?;?;?;?;?;?;?;?;?;?;81;79;71;70;4;72;88;91;66;65;24;17;12;26;26;26;26;22;20;19;15;10;71;70;4;72;88;91;89;89;89;89;11;65;24;17;12;26;
?;?;?;?;?;?;?;?;?;?;?;?;22;20;19;15;10;71;70;11;65;24;17;12;26;26;26;26;22;20;19;15;10;71;70;4;72;88;91;89;11;65;24;17;12;26;26;22;20;19;
?;?;?;?;?;?;?;?;?;?;?;?;1;77;2;26;22;20;19;15;10;71;70;4;72;88;91;89;89;11;65;24;17;12;26;26;26;26;22;20;19;15;10;71;70;4;72;88;91;89;
?;?;?;?;?;?;?;?;?;?;?;?;81;79;71;64;21;24;17;12;26;22;20;19;15;10;71;70;11;65;24;17;12;26;26;26;26;22;20;19;15;10;71;64;21;24;17;12;26;26;
?;?;?;?;?;?;?;?;?;?;?;?;24;86;84;82;80;78;97;75;21;24;17;12;26;26;26;26;26;26;26;22;20;19;15;10;71;70;4;72;88;91;89;89;89;89;89;89;89;89;
?;?;?;?;?;?;?;?;?;?;?;?;5;13;6;26;22;20;19;15;37;28;23;5;13;6;26;26;26;22;20;19;15;10;71;70;4;72;88;91;89;89;89;89;89;89;89;89;11;65;
?;?;?;?;?;?;?;?;?;?;?;?;83;81;79;123;27;1;77;2;87;85;83;81;79;71;64;21;24;17;12;26;26;26;26;26;26;26;22;20;19;15;10;71;70;4;66;65;24;17;
?;?;?;?;?;?;?;?;?;?;?;?;89;11;65;24;17;12;26;26;26;26;26;26;26;26;26;26;26;26;26;26;22;20;19;15;10;71;70;4;72;88;91;89;89;89;89;89;89;89;
?;?;?;?;?;?;?;?;?;?;?;?;83;81;37;28;23;5;13;6;26;22;20;19;15;10;71;70;4;72;88;91;66;65;24;17;12;26;26;26;26;22;20;19;15;10;71;70;4;66;
?;?;?;?;?;?;?;?;?;?;?;?;19;15;10;71;70;4;66;65;57;50;48;54;52;43;40;35;2;26;22;20;19;15;10;123;27;1;77;2;26;26;26;22;20;19;15;10;71;70;
?;?;?;?;?;?;?;?;?;?;?;?;96;104;75;21;24;86;84;82;80;78;97;100;90;11;65;24;17;12;26;26;26;26;26;26;26;26;26;26;26;26;22;20;19;15;10;71;70;4;
?;?;?;?;?;?;?;?;?;?;?;?;10;71;70;4;66;65;24;17;12;26;26;26;26;26;26;26;26;26;26;22;20;19;15;10;71;70;4;72;88;91;89;89;89;89;89;89;89;11;
?;?;?;?;?;?;?;?;?;?;?;?;15;10;71;70;11;65;24;17;12;26;26;26;26;26;26;22;20;19;15;10;71;70;4;72;88;75;21;24;17;12;26;22;20;19;15;10;71;70;
?;?;?;?;?;?;?;?;?;?;?;?;53;120;105;76;69;26;22;20;19;15;10;71;70;4;66;65;24;17;12;87;85;83;81;79;71;70;4;72;88;91;89;89;89;89;89;89;89;89;
?;?;?;?;?;?;?;?;?;?;?;?;1;77;2;87;85;83;81;37;28;23;5;13;6;22;20;19;15;10;71;70;11;65;24;17;12;26;26;26;26;26;26;26;26;26;26;26;26;26;
?;?;?;?;?;?;?;?;?;?;?;?;89;89;89;89;89;89;89;89;89;89;89;89;11;65;24;17;12;26;26;26;26;26;26;26;26;26;26;22;20;19;15;10;71;70;11;65;24;17;
?;?;?;?;?;?;?;?;?;?;?;?;79;71;70;4;72;88;91;66;65;24;17;12;26;26;26;26;26;26;26;26;22;20;19;15;10;71;70;11;65;24;17;12;26;26;26;26;26;26;
?;?;?;?;?;?;?;?;?;?;?;?;32;31;22;20;19;15;10;123;27;1;77;2;26;26;26;22;20;19;15;10;71;70;4;72;88;91;89;11;65;24;17;12;87;85;83;81;79;123;
?;?;?;?;?;?;?;?;?;?;?;?;134;131;99;70;4;66;65;24;17;12;26;26;26;26;26;26;26;26;26;26;22;20;19;15;10;71;70;4;72;88;91;89;89;11;65;24;17;12;
?;?;?;?;?;?;?;?;?;?;?;?;53;120;105;76;69;26;26;26;22;20;19;15;10;71;70;4;72;88;75;21;24;17;12;26;26;22;20;19;15;10;71;70;4;72;88;75;21;24;
?;?;?;?;?;?;?;?;?;?;?;?;122;121;106;16;2;26;22;20;19;15;10;71;70;11;65;24;17;12;26;22;20;19;15;10;71;70;11;65;24;17;12;26;26;22;20;19;15;10;
?;?;?;?;?;?;?;?;?;?;?;?;26;26;26;26;26;26;26;26;22;20;19;15;37;28;23;5;13;87;85;83;81;79;71;70;4;72;88;75;21;24;17;12;26;26;26;26;26;22;
?;?;?;?;?;?;?;?;?;?;?;?;97;100;90;72;66;65;24;17;12;87;85;83;81;79;71;70;11;65;24;17;12;26;26;26;26;26;26;26;26;26;26;26;26;26;26;26;26;26;
?;?;?;?;?;?;?;?;?;?;?;?;5;140;138;136;134;131;99;70;11;65;24;17;12;26;26;26;26;26;26;26;22;20;19;15;10;71;70;4;72;88;91;89;11;65;24;17;12;26;
?;?;?;?;?;?;?;?;?;?;?;?;1;77;2;26;22;20;19;15;10;71;70;4;72;88;91;89;11;65;24;17;12;26;26;22;20;19;15;10;71;64;21;24;17;140;138;136;134;131;
?;?;?;?;?;?;?;?;?;?;?;?;5;13;6;26;22;20;19;15;10;71;70;4;72;88;91;89;11;65;24;17;12;87;85;83;81;79;71;70;4;72;88;91;89;89;89;89;89;11;
?;?;?;?;?;?;?;?;?;?;?;?;80;78;97;100;90;72;88;91;89;89;11;65;24;17;12;26;26;26;26;26;26;26;26;26;26;26;26;26;26;26;26;26;26;26;26;26;26;26;
?;?;?;?;?;?;?;?;?;?;?;?;5;13;6;22;20;19;15;10;71;64;21;24;17;12;26;22;20;19;15;37;28;23;5;13;6;26;22;20;19;15;10;71;70;4;72;66;65;24;
?;?;?;?;?;?;?;?;?;?;?;?;83;81;79;123;27;1;77;2;26;26;26;26;26;26;26;26;22;20;19;15;10;71;70;4;72;88;91;89;89;89;89;89;89;89;89;89;89;89;
?;?;?;?;?;?;?;?;?;?;?;?;88;91;89;11;65;24;17;12;26;26;26;22;20;19;15;10;71;70;11;65;24;17;12;26;26;26;26;26;26;22;20;19;122;121;106;16;2;26;
?;?;?;?;?;?;?;?;?;?;?;?;19;15;10;71;70;4;72;88;91;89;89;11;65;24;17;12;26;26;26;26;26;26;22;20;19;15;10;71;70;4;72;88;91;66;65;24;17;12;
?;?;?;?;?;?;?;?;?;?;?;?;89;89;89;89;89;11;65;24;17;12;26;26;26;26;26;26;26;26;26;26;26;26;26;26;26;26;26;26;26;26;26;22;20;19;15;10;71;70;
?;?;?;?;?;?;?;?;?;?;?;?;21;24;17;12;26;26;26;22;20;19;15;10;71;70;4;72;88;91;89;89;89;11;65;24;17;12;26;26;26;26;26;26;22;20;19;15;10;71;
?;?;?;?;?;?;?;?;?;?;?;?;65;24;17;12;26;26;26;26;26;26;26;26;22;20;19;15;10;71;70;4;66;65;24;17;140;138;136;134;37;28;23;5;13;6;26;26;26;26;
?;?;?;?;?;?;?;?;?;?;?;?;24;17;12;26;26;26;26;26;26;26;26;26;22;20;19;15;10;71;70;11;65;24;17;12;26;26;26;26;26;26;26;22;20;19;15;10;71;70;
?;?;?;?;?;?;?;?;?;?;?;?;26;26;26;26;26;26;26;26;26;22;20;19;15;10;71;70;11;65;24;17;12;26;22;20;19;15;10;71;70;4;72;88;91;89;89;89;89;89;
?;?;?;?;?;?;?;?;?;?;?;?;1;77;2;87;85;83;81;79;71;64;21;24;17;12;26;26;26;26;26;26;26;26;26;22;20;19;15;10;71;64;21;24;17;12;26;26;26;26;
?;?;?;?;?;?;?;?;?;?;?;?;134;131;99;70;11;65;57;50;48;45;132;96;75;21;24;17;12;26;26;26;26;26;26;26;26;22;20;19;15;10;71;70;4;66;65;24;17;140;
?;?;?;?;?;?;?;?;?;?;?;?;19;15;10;71;70;11;65;24;17;12;26;26;26;26;26;26;22;20;19;15;10;71;70;4;72;88;91;89;11;65;24;17;12;26;26;26;26;26;
?;?;?;?;?;?;?;?;?;?;?;?;19;15;10;71;64;21;24;17;140;138;136;134;131;99;70;11;65;24;86;84;82;80;78;97;100;90;11;65;24;17;12;26;26;26;26;26;26;26;
?;?;?;?;?;?;?;?;?;?;?;?;26;26;26;26;22;20;19;15;10;71;70;4;72;88;91;89;89;89;11;65;24;17;12;26;26;26;26;26;26;26;26;26;22;20;19;15;10;71;
?;?;?;?;?;?;?;?;?;?;?;?;17;12;87;85;83;81;79;71;70;4;66;65;24;17;140;138;136;134;37;28;23;5;13;6;26;26;26;26;26;26;26;26;26;26;26;26;26;26;
?;?;?;?;?;?;?;?;?;?;?;?;4;72;88;91;89;89;89;11;65;24;17;12;26;26;26;26;26;26;26;26;22;20;19;15;10;71;70;4;72;88;75;21;24;17;12;26;26;26;
?;?;?;?;?;?;?;?;?;?;?;?;26;26;26;26;26;26;26;26;26;26;26;22;20;19;15;10;71;70;4;72;88;91;89;89;89;89;89;89;89;89;89;89;89;89;89;89;89;89;
?;?;?;?;?;?;?;?;?;?;?;?;20;19;15;10;71;64;21;24;17;12;26;26;26;26;26;26;26;26;26;22;20;19;15;10;71;70;4;72;88;91;89;89;89;11;65;24;17;12;
?;?;?;?;?;?;?;?;?;?;?;?;99;75;21;24;17;12;26;26;26;26;26;26;26;26;22;20;19;15;10;71;70;4;72;88;91;66;68;63;61;59;55;103;102;75;21;24;17;12;
?;?;?;?;?;?;?;?;?;?;?;?;70;4;72;88;91;89;89;89;89;89;11;65;24;17;12;26;26;26;26;26;26;26;26;26;26;26;26;22;20;19;15;10;71;70;4;72;88;91;
?;?;?;?;?;?;?;?;?;?;?;?;83;81;79;71;64;21;24;17;12;26;26;26;26;26;26;26;26;26;22;20;19;15;10;71;70;4;72;88;91;89;89;11;65;24;17;12;26;26;
?;?;?;?;?;?;?;?;?;?;?;?;19;15;10;71;70;4;66;65;24;17;12;26;26;26;26;26;26;22;20;19;15;10;71;70;4;72;88;91;89;11;65;24;17;12;26;26;26;26;
?;?;?;?;?;?;?;?;?;?;?;?;19;15;37;28;23;5;13;6;26;26;26;26;26;26;26;26;26;22;20;19;15;10;71;70;4;72;88;91;89;89;89;89;89;89;89;89;11;65;
?;?;?;?;?;?;?;?;?;?;?;?;19;15;10;123;27;1;77;2;26;26;22;20;19;15;10;71;70;4;72;88;75;21;24;17;140;138;136;134;131;123;27;1;77;2;26;26;26;26;
?;?;?;?;?;?;?;?;?;?;?;?;1;77;2;87;85;83;81;79;71;64;21;24;17;140;138;136;134;131;99;70;11;65;24;17;12;26;26;26;26;26;22;20;19;15;10;71;70;4;
?;?;?;?;?;?;?;?;?;?;?;?;132;96;104;141;75;21;24;17;12;26;26;26;22;20;19;122;121;106;16;2;26;26;26;26;26;26;26;26;26;26;26;26;26;22;20;19;15;10;
?;?;?;?;?;?;?;?;?;?;?;?;122;121;106;16;2;87;85;83;81;79;71;70;4;72;88;91;89;89;89;89;11;65;24;17;12;26;26;26;22;20;19;15;10;71;70;4;72;88;
?;?;?;?;?;?;?;?;?;?;?;?;24;17;12;26;26;26;26;26;26;26;26;26;26;26;26;22;20;19;15;10;71;70;4;72;88;91;89;89;89;89;89;89;89;89;89;89;89;89;
?;?;?;?;?;?;?;?;?;?;?;?;83;81;79;123;27;1;77;140;138;136;134;131;99;70;11;65;24;17;12;26;26;26;26;26;26;26;26;26;26;26;26;26;26;26;26;26;26;22;
?;?;?;?;?;?;?;?;?;?;?;?;81;79;71;70;4;66;65;24;17;12;87;85;83;81;79;71;70;4;72;88;91;89;89;89;11;65;24;17;12;26;26;26;26;26;26;26;26;26;
?;?;?;?;?;?;?;?;?;?;?;?;26;26;26;26;26;22;20;19;15;10;71;70;4;72;88;91;89;89;89;89;89;89;89;11;65;24;17;12;26;22;20;19;15;10;71;70;4;66;
?;?;?;?;?;?;?;?;?;?;?;?;19;15;10;123;27;1;77;2;26;22;20;53;120;105;76;170;155;154;142;111;92;70;4;72;88;75;21;24;17;12;26;26;26;26;26;26;26;26;
?;?;?;?;?;?;?;?;?;?;?;?;89;89;89;89;11;65;24;17;12;26;26;26;26;26;26;22;20;19;15;10;71;64;21;24;17;12;26;26;26;26;22;20;19;15;10;71;70;4;
?;?;?;?;?;?;?;?;?;?;?;?;83;81;79;123;27;1;77;2;26;26;22;20;53;120;105;76;69;26;26;26;26;22;20;19;15;10;71;70;4;72;88;91;66;65;57;50;48;45;
?;?;?;?;?;?;?;?;?;?;?;?;83;81;79;71;64;21;24;17;12;26;22;20;53;120;105;76;69;144;119;115;110;74;71;70;4;66;65;24;17;12;26;26;26;26;26;26;26;26;
?;?;?;?;?;?;?;?;?;?;?;?;26;26;26;26;22;20;19;15;10;71;70;4;72;88;75;21;24;17;12;26;26;26;22;20;19;15;10;71;70;4;72;88;75;21;24;17;12;26;
?;?;?;?;?;?;?;?;?;?;?;?;20;19;15;10;71;70;4;72;88;91;89;11;65;24;17;12;26;26;26;22;20;19;15;37;28;23;5;13;6;26;26;26;26;26;26;26;26;26;
?;?;?;?;?;?;?;?;?;?;?;?;134;131;99;70;4;66;65;24;17;12;26;26;26;26;26;26;26;22;20;19;15;10;71;70;11;65;24;17;12;26;26;26;26;22;20;19;15;10;
?;?;?;?;?;?;?;?;?;?;?;?;1;77;2;26;22;20;19;15;10;71;70;4;72;88;91;89;89;11;65;24;17;12;26;26;26;22;20;19;15;10;71;70;4;72;88;91;89;89;
?;?;?;?;?;?;?;?;?;?;?;?;26;26;26;26;26;26;26;26;26;26;22;20;19;15;10;71;70;4;66;65;24;17;12;26;22;20;19;15;10;71;70;4;72;88;91;89;89;89;
?;?;?;?;?;?;?;?;?;?;?;?;20;53;120;105;76;69;26;22;20;19;15;10;123;27;1;77;2;26;22;20;19;15;10;71;70;4;72;88;91;89;89;89;11;65;24;17;12;26;
?;?;?;?;?;?;?;?;?;?;?;?;2;26;26;22;20;19;122;121;106;16;2;26;26;26;22;20;19;15;10;71;70;4;72;88;75;21;24;17;12;26;26;26;26;26;26;26;26;26;
?;?;?;?;?;?;?;?;?;?;?;?;11;56;49;47;44;55;103;75;21;24;17;12;26;26;26;22;20;19;15;10;71;64;21;24;17;12;26;26;26;26;26;22;20;19;15;10;71;70;
?;?;?;?;?;?;?;?;?;?;?;?;24;17;12;26;26;22;20;19;15;10;71;70;4;72;88;75;21;24;17;12;26;26;26;26;26;26;26;26;26;22;20;19;15;10;71;70;4;72;
?;?;?;?;?;?;?;?;?;?;?;?;70;4;72;88;91;89;11;65;24;17;12;26;26;26;26;22;20;19;15;10;71;70;4;72;88;75;21;24;17;12;26;26;26;26;26;26;26;26;
?;?;?;?;?;?;?;?;?;?;?;?;79;71;70;4;66;65;24;17;12;87;85;83;81;79;71;70;4;72;88;75;21;24;17;12;26;26;26;26;26;26;26;26;26;26;26;26;22;20;
?;?;?;?;?;?;?;?;?;?;?;?;77;2;26;26;22;20;19;15;10;71;70;11;65;24;17;12;26;26;26;26;22;20;19;15;10;71;70;4;66;65;24;17;140;138;136;134;131;99;
?;?;?;?;?;?;?;?;?;?;?;?;21;24;86;84;82;80;78;122;121;106;16;2;26;26;26;26;26;26;26;26;26;26;26;26;26;26;26;22;20;19;15;10;71;70;4;72;88;91;
?;?;?;?;?;?;?;?;?;?;?;?;83;81;79;71;70;11;56;49;47;44;55;103;102;98;75;21;24;86;84;82;80;78;97;75;21;24;17;12;26;26;26;26;26;26;26;26;26;22;
?;?;?;?;?;?;?;?;?;?;?;?;89;11;65;24;17;12;26;26;26;26;26;26;26;26;26;26;26;26;26;26;26;26;26;26;26;22;20;19;15;10;71;70;4;66;65;24;17;12;
?;?;?;?;?;?;?;?;?;?;?;?;77;2;26;26;26;22;20;19;122;121;106;67;62;60;58;46;101;100;90;72;88;91;89;89;89;89;89;11;65;24;17;12;26;22;20;19;15;10;
?;?;?;?;?;?;?;?;?;?;?;?;4;72;88;91;89;89;89;11;65;24;17;12;26;26;26;26;26;26;26;26;26;26;26;22;20;19;15;10;71;70;11;65;24;17;12;26;22;20;
?;?;?;?;?;?;?;?;?;?;?;?;134;131;99;70;4;66;68;63;61;59;55;103;75;21;24;17;12;26;26;26;22;20;19;15;37;28;23;5;13;6;26;26;26;26;26;26;26;26;
?;?;?;?;?;?;?;?;?;?;?;?;20;19;15;10;71;64;21;24;17;12;87;85;83;81;37;28;23;5;13;6;26;26;26;26;26;26;22;20;19;15;10;71;70;4;72;88;91;89;
?;?;?;?;?;?;?;?;?;?;?;?;83;122;121;106;16;2;26;26;22;20;19;15;10;71;70;4;72;88;91;89;89;89;89;11;65;24;17;12;26;26;26;26;26;26;22;20;19;15;
?;?;?;?;?;?;?;?;?;?;?;?;80;78;97;100;11;65;24;17;12;26;22;20;19;122;121;106;16;2;26;26;26;26;22;20;19;15;10;123;27;1;77;2;26;26;26;22;20;19;
?;?;?;?;?;?;?;?;?;?;?;?;19;15;37;28;23;5;13;6;22;20;19;15;10;71;70;4;72;88;91;89;89;89;89;11;65;24;17;12;26;26;22;20;19;15;10;71;70;4;
?;?;?;?;?;?;?;?;?;?;?;?;26;26;26;22;20;19;15;10;71;70;4;72;88;75;21;24;17;12;26;22;20;19;15;10;71;70;11;65;24;17;12;26;26;26;26;26;26;26;
?;?;?;?;?;?;?;?;?;?;?;?;80;78;122;121;106;16;2;26;26;26;26;26;22;20;19;15;10;71;70;4;66;65;24;17;12;26;26;26;26;26;22;20;19;15;10;71;64;21;
?;?;?;?;?;?;?;?;?;?;?;?;66;65;24;17;12;26;26;26;26;26;26;26;26;26;26;26;26;26;22;20;19;15;10;123;27;1;77;2;26;26;26;26;26;26;26;26;26;26;
?;?;?;?;?;?;?;?;?;?;?;?;26;22;20;19;15;10;71;70;4;72;66;65;24;17;12;26;26;26;26;26;26;26;26;26;26;26;22;20;19;15;10;71;70;4;72;88;91;89;
?;?;?;?;?;?;?;?;?;?;?;?;81;79;71;64;21;24;17;12;26;22;20;19;15;10;123;27;1;77;2;26;26;22;20;19;15;10;71;70;4;72;66;65;24;17;140;138;136;134;
?;?;?;?;?;?;?;?;?;?;?;?;24;17;12;26;26;26;26;26;26;26;22;20;19;15;10;71;70;4;66;65;24;17;140;138;136;134;131;99;70;4;66;65;24;17;12;26;26;26;
?;?;?;?;?;?;?;?;?;?;?;?;81;79;71;70;11;65;24;17;12;26;26;26;26;26;26;26;26;26;26;22;20;19;15;10;71;70;4;72;88;75;21;24;17;12;26;26;26;22;
?;?;?;?;?;?;?;?;?;?;?;?;2;26;22;20;19;15;10;71;70;11;65;24;17;12;87;85;83;81;79;71;70;4;66;65;24;17;12;26;26;26;22;20;19;15;10;71;70;4;
?;?;?;?;?;?;?;?;?;?;?;?;21;139;137;135;133;132;96;104;141;124;11;65;24;17;12;26;26;26;26;26;26;26;26;26;26;22;20;19;15;10;71;70;11;65;24;17;12;26;
?;?;?;?;?;?;?;?;?;?;?;?;26;22;20;19;15;10;71;70;4;66;65;24;17;12;26;26;22;20;19;15;10;71;70;4;72;66;65;24;17;12;26;26;26;26;26;26;26;26;
?;?;?;?;?;?;?;?;?;?;?;?;89;89;11;65;24;17;12;26;26;26;26;26;26;22;36;51;42;39;33;32;31;30;34;41;2;26;26;26;26;26;26;26;26;26;26;26;22;20;
?;?;?;?;?;?;?;?;?;?;?;?;19;15;10;71;70;4;66;65;24;17;12;26;26;26;26;22;20;19;15;10;71;70;4;72;88;91;89;89;89;89;89;89;89;89;89;89;89;11;
?;?;?;?;?;?;?;?;?;?;?;?;19;15;10;71;70;11;65;24;17;12;26;26;26;26;26;22;20;19;15;10;123;27;1;77;2;26;22;20;19;15;10;71;70;4;66;65;24;17;
?;?;?;?;?;?;?;?;?;?;?;?;2;26;22;20;19;15;10;71;70;4;72;88;91;89;89;89;11;65;24;17;12;26;26;26;22;20;19;15;10;71;70;4;72;88;91;89;89;89;
?;?;?;?;?;?;?;?;?;?;?;?;11;65;24;17;12;26;26;26;26;26;26;22;20;19;15;10;71;70;4;66;65;24;17;12;87;85;83;81;79;71;70;4;72;88;91;89;89;89;
?;?;?;?;?;?;?;?;?;?;?;?;20;19;15;10;71;64;21;24;17;140;138;136;134;131;99;70;4;72;88;91;89;89;89;89;89;89;89;89;89;89;11;65;24;17;12;26;26;22;
?;?;?;?;?;?;?;?;?;?;?;?;24;17;12;26;22;20;19;15;10;123;27;1;77;2;26;22;20;19;15;10;71;64;21;24;17;12;26;26;26;22;20;19;15;10;71;70;4;66;
?;?;?;?;?;?;?;?;?;?;?;?;131;99;70;4;66;65;24;17;12;26;26;26;26;26;26;26;26;26;26;22;20;19;15;10;71;70;4;72;88;91;89;89;11;65;24;17;12;26;
?;?;?;?;?;?;?;?;?;?;?;?;20;19;15;10;71;70;4;72;66;65;24;17;12;26;26;22;20;19;15;10;71;70;4;72;88;91;66;65;24;17;12;26;26;22;20;19;15;10;
?;?;?;?;?;?;?;?;?;?;?;?;19;15;10;71;70;4;72;88;91;89;89;89;89;89;11;65;24;17;12;26;26;26;26;26;26;26;26;26;26;26;26;26;26;26;26;26;26;26;
?;?;?;?;?;?;?;?;?;?;?;?;5;13;6;26;22;20;19;15;10;71;64;21;24;17;12;87;85;83;81;79;123;27;1;77;2;87;85;83;81;79;71;70;4;72;88;91;89;89;
?;?;?;?;?;?;?;?;?;?;?;?;5;13;87;85;83;81;79;71;70;11;65;24;17;12;87;85;83;81;79;71;70;4;72;88;91;89;89;11;65;24;17;12;26;26;22;20;19;15;
?;?;?;?;?;?;?;?;?;?;?;?;121;106;16;2;26;26;26;26;22;20;19;15;10;71;70;4;72;88;91;89;89;89;89;11;65;24;17;12;26;26;26;26;26;26;26;26;26;26;
?;?;?;?;?;?;?;?;?;?;?;?;26;26;26;26;26;26;26;22;20;19;15;10;71;70;4;72;88;91;89;89;89;89;89;89;89;89;89;89;89;89;89;11;65;24;17;12;87;85;
?;?;?;?;?;?;?;?;?;?;?;?;26;26;26;26;26;26;26;26;26;22;20;19;15;10;71;64;21;24;17;12;87;85;83;81;37;28;23;5;140;138;136;134;131;99;70;4;72;88;
?;?;?;?;?;?;?;?;?;?;?;?;5;13;6;26;26;26;26;26;26;26;26;26;26;26;26;22;20;19;15;10;71;70;4;72;88;91;89;89;89;89;89;89;89;89;89;89;89;89;
?;?;?;?;?;?;?;?;?;?;?;?;19;15;10;71;70;11;65;24;17;12;26;26;22;20;19;15;10;71;70;11;65;24;17;12;26;26;26;26;26;26;26;26;26;26;26;22;20;19;
?;?;?;?;?;?;?;?;?;?;?;?;1;77;2;26;26;22;20;19;122;121;106;16;174;169;164;151;130;99;70;4;72;88;91;89;89;89;89;89;11;65;24;17;12;26;26;26;26;26;
?;?;?;?;?;?;?;?;?;?;?;?;5;13;87;85;83;81;79;71;70;4;72;88;91;89;89;89;89;89;11;65;24;17;12;26;22;20;53;120;105;76;69;26;26;22;20;19;15;10;
?;?;?;?;?;?;?;?;?;?;?;?;20;53;120;105;76;69;26;26;26;26;26;22;20;19;15;10;71;70;4;72;88;91;89;89;89;89;89;89;89;89;89;89;89;89;89;89;11;65;
?;?;?;?;?;?;?;?;?;?;?;?;?;9;176;157;152;127;102;98;75;21;24;17;12;87;85;83;81;79;71;70;4;72;88;91;89;89;89;11;65;24;17;12;26;26;26;26;22;20;
?;?;?;?;?;?;?;?;?;?;?;?;131;99;75;21;24;17;12;26;22;20;19;15;10;71;70;4;72;66;65;24;17;12;26;26;26;26;26;26;26;22;20;19;15;10;71;70;4;72;
?;?;?;?;?;?;?;?;?;?;?;?;22;20;19;15;10;71;70;4;66;65;24;17;12;26;26;26;26;26;22;20;19;15;10;71;70;4;72;88;91;89;89;89;89;89;89;89;89;89;
?;?;?;?;?;?;?;?;?;?;?;?;77;2;26;22;20;19;15;10;71;70;4;72;88;91;89;89;89;11;65;24;17;12;26;26;26;26;26;26;26;26;26;22;20;19;15;10;71;70;
?;?;?;?;?;?;?;?;?;?;?;?;83;81;37;28;23;5;13;6;22;20;19;15;10;71;70;4;72;88;91;89;89;89;89;89;89;11;65;24;17;12;26;26;26;26;26;26;26;26;
?;?;?;?;?;?;?;?;?;?;?;?;2;26;26;26;26;26;26;26;26;26;26;26;26;26;26;26;26;22;20;19;15;10;71;70;4;72;88;91;89;11;65;24;86;84;82;80;78;122;
?;?;?;?;?;?;?;?;?;?;?;?;1;77;2;26;26;26;26;26;26;26;22;20;19;15;10;71;70;4;72;66;65;24;17;12;87;85;83;81;79;71;70;4;72;66;65;24;17;12;
?;?;?;?;?;?;?;?;?;?;?;?;19;15;10;71;64;21;24;17;12;26;26;26;26;26;22;20;19;15;10;71;70;4;72;88;91;89;89;89;89;89;89;89;89;89;89;89;89;11;
?;?;?;?;?;?;?;?;?;?;?;?;1;86;84;82;80;78;97;100;11;65;24;17;12;26;26;22;20;19;15;10;71;70;4;66;65;24;17;12;26;26;26;22;20;19;15;10;71;70;
?;?;?;?;?;?;?;?;?;?;?;?;83;81;79;71;70;4;72;88;91;89;89;89;11;65;24;17;12;26;26;26;26;26;26;26;26;26;26;26;26;26;26;26;26;22;20;19;15;10;
?;?;?;?;?;?;?;?;?;?;?;?;172;167;162;149;128;103;102;75;21;24;17;12;26;26;26;22;20;19;15;10;71;70;4;66;65;24;17;12;26;26;26;26;26;26;26;26;26;26;
?;?;?;?;?;?;?;?;?;?;?;?;83;81;79;71;64;21;24;86;84;82;80;78;97;100;11;65;24;17;12;26;26;26;26;26;26;26;26;26;22;20;19;15;37;28;23;5;13;6;
?;?;?;?;?;?;?;?;?;?;?;?;5;13;6;26;26;22;36;51;42;39;33;32;31;22;20;19;15;10;71;70;4;72;88;91;89;89;89;89;89;89;89;89;89;89;11;65;24;17;
?;?;?;?;?;?;?;?;?;?;?;?;2;26;26;26;26;26;26;26;26;26;26;26;26;26;26;22;20;19;15;10;71;70;4;72;88;91;89;89;89;89;89;89;89;89;89;89;89;89;
?;?;?;?;?;?;?;?;?;?;?;?;15;10;71;70;4;72;66;65;24;17;12;87;85;83;81;79;71;70;4;72;88;91;89;11;65;24;17;12;26;26;26;22;20;19;15;10;71;70;
?;?;?;?;?;?;?;?;?;?;?;?;89;89;89;89;89;89;11;65;24;17;12;26;26;26;26;26;26;26;26;22;20;19;15;10;71;70;4;72;66;65;24;17;12;26;26;26;26;26;
?;?;?;?;?;?;?;?;?;?;?;?;22;20;19;15;10;123;27;1;77;2;26;26;26;26;26;22;20;19;15;10;71;70;4;72;88;91;89;11;65;24;17;12;26;26;26;26;26;26;
?;?;?;?;?;?;?;?;?;?;?;?;24;17;12;26;26;26;26;26;26;26;26;26;26;22;20;19;15;10;71;64;21;24;17;140;138;136;134;131;99;70;4;72;66;65;24;17;12;26;
?;?;?;?;?;?;?;?;?;?;?;?;1;77;2;26;22;20;19;15;37;28;23;5;140;138;136;134;131;99;70;4;72;88;91;89;89;89;89;89;11;65;24;17;12;26;26;22;20;19;
?;?;?;?;?;?;?;?;?;?;?;?;1;77;2;26;26;26;22;20;19;15;10;71;70;4;72;88;91;66;65;24;86;84;82;80;78;97;100;90;11;65;24;17;12;26;26;22;20;19;
?;?;?;?;?;?;?;?;?;?;?;?;83;81;79;123;27;1;77;2;87;85;83;81;37;28;23;5;13;6;26;22;20;19;15;10;123;27;1;77;2;26;26;26;26;22;20;19;15;10;
?;?;?;?;?;?;?;?;?;?;?;?;1;77;2;26;22;20;19;15;10;71;70;4;72;88;91;89;89;89;89;11;65;24;17;12;26;26;26;26;26;26;26;26;26;22;20;19;15;10;
?;?;?;?;?;?;?;?;?;?;?;?;2;26;26;22;20;19;15;10;71;70;4;66;65;24;86;84;82;80;78;97;100;90;11;65;24;17;12;26;26;26;26;22;20;19;15;10;71;70;
?;?;?;?;?;?;?;?;?;?;?;?;83;81;79;123;27;1;77;2;26;26;26;26;22;36;51;42;175;117;160;147;125;95;156;4;72;88;91;89;89;89;89;89;11;65;24;17;12;26;
?;?;?;?;?;?;?;?;?;?;?;?;83;81;79;123;27;1;77;2;26;26;22;20;53;120;105;76;69;26;22;20;19;15;10;71;70;4;72;88;91;89;89;89;11;65;24;17;12;26;
?;?;?;?;?;?;?;?;?;?;?;?;24;17;12;87;85;83;81;79;71;70;4;72;88;91;66;65;24;17;12;26;26;26;26;26;26;22;20;19;15;37;28;23;5;13;87;85;83;81;
?;?;?;?;?;?;?;?;?;?;?;?;83;81;79;71;70;11;65;24;17;12;26;26;26;26;26;26;26;26;26;22;20;19;15;10;71;64;21;24;17;12;26;26;22;20;19;15;10;71;
?;?;?;?;?;?;?;?;?;?;?;?;134;131;99;75;21;24;17;12;26;22;20;19;15;10;71;64;21;24;17;12;26;26;26;26;26;26;26;26;26;26;22;20;19;15;10;71;70;4;
?;?;?;?;?;?;?;?;?;?;?;?;26;26;26;26;26;26;22;20;19;15;10;71;64;21;24;17;12;26;22;20;19;15;10;71;70;4;72;88;91;89;89;89;89;89;89;89;89;89;
?;?;?;?;?;?;?;?;?;?;?;?;70;4;72;66;65;24;17;12;26;26;26;22;20;19;15;10;71;64;21;24;17;12;26;26;26;26;26;22;20;19;15;10;71;70;4;72;88;75;
?;?;?;?;?;?;?;?;?;?;?;?;5;13;6;26;22;20;19;15;10;71;70;4;72;88;91;89;89;89;89;89;89;89;89;11;65;24;17;12;26;26;26;22;20;19;15;10;71;70;
?;?;?;?;?;?;?;?;?;?;?;?;19;15;10;71;64;21;24;86;84;82;80;78;97;100;11;65;57;50;48;45;132;96;104;141;124;112;91;89;89;89;89;89;89;89;11;65;24;17;
?;?;?;?;?;?;?;?;?;?;?;?;24;17;12;26;22;20;19;15;37;28;23;5;13;6;26;26;26;26;26;26;26;26;26;26;22;20;19;15;10;123;27;1;77;2;26;26;26;26;
?;?;?;?;?;?;?;?;?;?;?;?;1;77;2;87;85;83;81;37;28;23;5;13;87;85;83;81;79;71;70;4;66;65;24;17;12;26;26;26;26;26;26;26;26;26;26;26;22;20;
?;?;?;?;?;?;?;?;?;?;?;?;1;77;140;138;136;134;131;123;27;1;77;2;26;26;26;26;22;20;19;15;10;71;70;4;72;88;91;89;89;11;65;24;17;12;26;26;26;26;
?;?;?;?;?;?;?;?;?;?;?;?;134;37;28;23;5;13;6;22;20;19;15;10;71;70;11;65;24;17;12;26;26;26;22;20;19;15;10;71;70;4;72;88;91;89;89;89;89;11;
?;?;?;?;?;?;?;?;?;?;?;?;?;3;72;88;75;21;24;17;12;26;26;26;22;20;19;15;10;71;70;11;56;49;47;44;55;103;102;98;72;88;75;21;24;17;12;26;26;22;
?;?;?;?;?;?;?;?;?;?;?;?;22;20;53;120;105;76;69;26;22;20;19;15;10;71;70;4;72;88;91;89;89;89;89;89;89;89;89;89;89;89;89;89;89;89;89;11;65;24;
?;?;?;?;?;?;?;?;?;?;?;?;5;13;6;22;20;19;15;10;71;70;4;72;88;91;89;89;89;11;65;24;17;12;26;26;22;20;19;15;10;71;70;4;72;88;91;89;11;65;
?;?;?;?;?;?;?;?;?;?;?;?;70;4;72;66;65;24;17;12;26;26;26;26;26;26;26;26;26;22;20;19;15;10;71;70;4;72;88;91;66;65;24;17;12;26;22;20;19;15;
?;?;?;?;?;?;?;?;?;?;?;?;1;77;140;138;136;134;131;99;70;4;72;88;91;89;89;89;89;11;65;24;17;12;26;26;22;20;19;15;10;123;27;1;77;2;26;26;26;26;
?;?;?;?;?;?;?;?;?;?;?;?;81;79;71;64;21;24;17;12;87;85;83;81;79;71;70;4;72;88;91;66;65;24;17;12;26;26;26;26;26;26;26;22;20;19;15;10;71;64;
?;?;?;?;?;?;?;?;?;?;?;?;24;17;12;26;26;26;22;20;19;122;121;106;16;2;26;26;26;26;22;20;19;15;10;71;70;4;72;88;75;21;24;17;12;26;26;26;26;22;
?;?;?;?;?;?;?;?;?;?;?;?;20;19;15;10;71;70;4;66;65;24;86;84;82;80;78;97;100;90;72;88;91;89;89;11;65;24;17;12;26;26;26;26;26;26;26;26;26;26;
?;?;?;?;?;?;?;?;?;?;?;?;103;102;75;21;24;17;12;26;26;22;20;19;122;121;106;16;2;87;85;83;81;79;71;70;4;72;88;91;89;11;65;24;17;12;26;26;26;26;
?;?;?;?;?;?;?;?;?;?;?;?;16;2;26;26;26;26;26;26;26;26;26;26;26;22;20;19;15;10;71;70;4;72;88;91;66;65;24;17;12;26;26;26;26;26;22;20;19;15;
?;?;?;?;?;?;?;?;?;?;?;?;1;77;140;138;136;134;131;123;27;1;77;2;26;26;22;20;19;15;10;71;70;4;72;66;65;24;17;12;26;26;22;20;19;15;10;71;70;4;
?;?;?;?;?;?;?;?;?;?;?;?;16;2;26;26;26;22;20;19;15;10;71;64;21;139;137;135;133;132;96;104;141;124;112;91;89;89;89;89;89;89;89;89;89;89;89;89;89;89;
?;?;?;?;?;?;?;?;?;?;?;?;19;15;10;71;64;21;24;17;12;26;22;20;19;122;121;106;16;174;169;164;151;130;99;70;11;65;24;17;12;87;85;83;81;79;71;70;4;72;
?;?;?;?;?;?;?;?;?;?;?;?;83;81;79;123;27;1;77;2;26;26;26;26;26;26;26;26;26;26;22;20;19;15;10;71;70;4;72;88;91;89;89;11;65;24;17;12;26;26;
?;?;?;?;?;?;?;?;?;?;?;?;26;26;26;26;26;26;26;26;22;20;19;15;10;71;64;21;24;17;12;26;26;26;26;26;26;22;20;19;15;10;71;70;4;72;88;91;66;65;
?;?;?;?;?;?;?;?;?;?;?;?;1;77;2;87;85;83;81;79;71;70;4;72;88;91;89;89;89;89;89;11;65;24;17;140;138;136;134;131;123;27;1;77;140;138;136;134;131;99;
?;?;?;?;?;?;?;?;?;?;?;?;26;26;26;26;26;22;20;19;15;10;71;70;4;66;65;24;17;12;26;22;20;19;15;10;71;70;4;72;66;65;24;17;12;26;26;26;26;26;
?;?;?;?;?;?;?;?;?;?;?;?;65;24;17;140;138;136;134;37;28;23;5;13;6;26;26;22;20;19;15;10;71;70;11;65;24;17;12;26;26;26;26;26;26;26;26;26;26;22;
?;?;?;?;?;?;?;?;?;?;?;?;26;26;26;26;26;26;26;26;26;26;22;20;19;15;10;71;70;4;72;88;91;89;89;89;89;89;89;89;89;89;89;89;89;89;89;89;89;89;
?;?;?;?;?;?;?;?;?;?;?;?;4;72;88;91;66;65;24;17;12;26;26;26;26;22;20;19;15;10;71;70;4;72;88;91;89;11;65;24;17;12;26;26;26;26;26;22;20;19;
?;?;?;?;?;?;?;?;?;?;?;?;1;77;2;26;26;26;26;26;26;26;26;22;20;19;15;10;71;70;11;65;24;17;12;87;85;83;81;79;71;70;4;72;88;91;89;89;89;89;
?;?;?;?;?;?;?;?;?;?;?;?;1;77;140;138;136;134;131;99;70;11;65;24;17;12;26;26;26;26;26;26;26;26;26;22;20;19;15;10;71;70;4;66;65;24;17;12;26;26;
?;?;?;?;?;?;?;?;?;?;?;?;1;77;2;87;85;83;81;79;71;70;4;66;65;24;17;12;26;26;26;26;26;26;22;20;19;15;10;71;70;11;65;24;17;12;26;26;26;22;
?;?;?;?;?;?;?;?;?;?;?;?;26;26;26;26;22;20;19;15;10;71;70;4;72;66;65;24;17;12;26;26;26;26;26;26;26;22;20;19;15;10;71;70;4;72;88;91;89;89;
?;?;?;?;?;?;?;?;?;?;?;?;22;20;19;15;10;71;70;4;72;88;91;89;89;89;89;89;89;89;89;89;89;89;89;89;89;11;65;24;17;12;87;85;83;81;79;71;70;4;
?;?;?;?;?;?;?;?;?;?;?;?;26;26;26;26;22;20;19;15;10;71;70;4;72;66;65;24;17;12;26;26;22;20;19;15;10;71;70;4;72;88;91;66;65;24;17;12;26;22;
?;?;?;?;?;?;?;?;?;?;?;?;13;6;26;26;22;20;19;15;37;28;23;173;168;163;150;129;97;100;11;65;24;86;84;82;80;78;97;100;90;11;65;24;17;12;87;85;83;81;
?;?;?;?;?;?;?;?;?;?;?;?;83;81;79;71;70;4;66;65;24;17;12;26;26;26;26;26;26;26;22;20;19;15;10;71;70;11;65;24;17;12;26;26;26;26;26;26;26;26;
?;?;?;?;?;?;?;?;?;?;?;?;69;144;119;115;110;74;71;70;4;72;66;65;24;17;12;26;26;26;26;26;26;26;26;22;20;19;15;10;71;70;11;65;24;17;12;26;26;26;
?;?;?;?;?;?;?;?;?;?;?;?;1;77;2;87;85;83;81;37;28;23;5;13;6;22;20;19;15;37;28;23;5;13;6;26;26;26;22;20;19;15;10;71;70;4;72;66;65;24;
?;?;?;?;?;?;?;?;?;?;?;?;22;36;51;42;39;170;155;154;142;111;92;70;11;65;24;17;12;26;22;20;19;15;10;71;70;4;72;88;75;21;24;17;12;26;26;26;22;20;
?;?;?;?;?;?;?;?;?;?;?;?;5;13;6;22;20;19;15;10;71;70;4;72;88;91;89;89;89;89;89;89;11;65;24;17;12;26;26;26;26;26;26;26;22;20;19;15;10;71;
?;?;?;?;?;?;?;?;?;?;?;?;5;13;6;22;20;19;15;10;71;70;11;65;24;17;12;26;26;22;20;19;15;10;71;70;4;72;88;91;89;11;65;24;17;12;26;26;26;26;
?;?;?;?;?;?;?;?;?;?;?;?;5;13;87;85;83;81;79;123;27;1;77;2;26;26;22;20;19;15;10;71;70;4;72;66;65;24;17;12;26;26;26;26;22;20;19;15;10;71;
?;?;?;?;?;?;?;?;?;?;?;?;72;88;91;89;89;89;89;89;11;65;24;17;12;26;26;26;26;26;26;26;26;26;26;26;26;26;26;26;26;26;26;26;26;26;26;26;26;26;