?;?;?;?;?;?;?;?;?;?;?;1;18;17;36;32;31;23;22;4;4;4;4;4;4;4;4;4;4;1;18;17;14;12;50;21;21;21;19;16;15;3;8;9;4;4;1;18;17;14;
?;?;?;?;?;?;?;?;?;?;?;4;4;4;4;4;4;4;4;4;4;4;4;1;18;17;14;12;50;21;21;21;21;21;19;16;15;3;43;11;10;53;52;50;21;21;21;21;21;19;
?;?;?;?;?;?;?;?;?;?;?;3;8;9;4;4;4;4;1;18;17;14;12;50;21;21;21;19;16;15;3;8;9;4;4;4;4;4;4;4;1;18;17;14;12;50;21;21;21;21;
?;?;?;?;?;?;?;?;?;?;?;23;22;4;4;1;18;17;14;12;50;21;21;19;16;15;3;8;9;4;4;4;4;4;1;18;17;14;12;50;21;21;21;21;21;21;19;16;15;3;
?;?;?;?;?;?;?;?;?;?;?;4;4;1;18;17;14;12;50;21;21;21;21;21;21;21;21;21;21;21;21;21;21;19;16;15;3;8;9;4;4;4;4;4;1;18;17;14;12;50;
?;?;?;?;?;?;?;?;?;?;?;19;16;20;40;38;37;0;7;6;13;4;4;4;4;4;1;18;17;14;12;36;32;31;23;22;4;4;4;4;4;4;1;18;17;14;12;50;21;21;
?;?;?;?;?;?;?;?;?;?;?;5;51;49;47;46;44;23;22;4;4;4;1;36;32;31;23;22;4;4;4;4;1;18;17;14;12;50;21;21;21;21;21;21;19;16;15;3;8;9;
?;?;?;?;?;?;?;?;?;?;?;1;18;17;14;12;36;32;31;23;22;4;4;4;4;4;4;1;18;17;14;12;50;21;21;21;21;19;35;34;33;30;28;27;26;25;24;29;21;21;
?;?;?;?;?;?;?;?;?;?;?;31;23;22;43;11;10;53;52;50;21;21;19;16;15;3;8;9;4;1;18;17;14;12;50;21;21;21;21;21;21;21;21;21;19;16;15;42;41;39;
?;?;?;?;?;?;?;?;?;?;?;11;10;53;36;32;31;23;22;4;1;18;17;14;12;50;48;45;44;42;41;39;5;51;36;32;31;23;22;4;4;4;1;18;17;14;12;36;32;31;
?;?;?;?;?;?;?;?;?;?;?;10;53;52;50;21;19;16;15;3;8;9;4;4;4;4;4;4;4;4;4;4;1;18;17;14;12;50;48;45;20;40;38;37;2;29;21;21;21;21;
?;?;?;?;?;?;?;?;?;?;?;4;4;4;4;1;18;17;14;12;50;21;21;21;19;16;15;3;8;9;4;4;4;4;4;4;4;1;18;17;14;12;50;21;21;19;16;15;3;8;
?;?;?;?;?;?;?;?;?;?;?;11;10;53;52;50;21;21;21;21;21;21;21;21;19;16;15;3;8;43;11;10;53;36;32;31;23;22;4;4;4;4;4;4;1;18;17;14;12;50;
?;?;?;?;?;?;?;?;?;?;?;43;11;10;53;52;50;21;19;16;15;3;8;9;4;4;4;4;4;4;1;18;17;14;12;50;21;21;21;21;21;21;19;16;15;3;8;9;4;1;
?;?;?;?;?;?;?;?;?;?;?;23;22;4;4;4;4;4;1;18;17;14;12;50;21;21;21;21;21;19;16;15;42;41;39;5;51;49;21;21;19;16;15;3;8;9;4;4;4;4;
?;?;?;?;?;?;?;?;?;?;?;21;21;19;16;15;3;8;9;4;4;1;18;17;14;12;50;21;21;19;16;15;3;8;9;4;1;18;17;36;32;31;23;22;4;4;4;4;4;1;
?;?;?;?;?;?;?;?;?;?;?;11;10;53;52;50;21;21;21;21;21;21;19;16;15;3;8;9;4;4;1;18;17;14;12;50;21;19;16;15;3;8;9;4;4;4;4;4;4;4;
?;?;?;?;?;?;?;?;?;?;?;18;17;14;12;36;32;31;23;22;43;11;10;53;52;50;48;45;20;40;38;37;2;29;21;21;21;19;16;20;40;38;37;2;29;21;19;16;15;3;
?;?;?;?;?;?;?;?;?;?;?;10;53;52;50;21;21;19;16;15;3;8;9;4;4;4;4;4;4;4;4;4;1;18;17;14;12;50;21;21;19;16;15;3;8;9;4;4;4;4;
?;?;?;?;?;?;?;?;?;?;?;32;31;23;43;11;10;53;52;50;48;45;44;23;43;11;10;53;52;50;21;19;16;15;3;8;9;4;4;4;4;4;4;4;4;4;4;1;18;36;
?;?;?;?;?;?;?;?;?;?;?;21;21;21;21;21;21;21;21;21;19;16;15;3;8;9;4;4;4;4;1;18;17;14;12;50;21;21;21;21;19;16;15;3;8;9;4;4;4;4;
?;?;?;?;?;?;?;?;?;?;?;10;53;52;50;21;21;19;16;15;3;8;9;4;4;4;4;4;4;1;18;17;14;12;50;21;21;19;16;15;3;8;9;4;4;4;4;4;1;18;
?;?;?;?;?;?;?;?;?;?;?;11;10;53;52;36;32;31;23;22;4;4;4;4;4;4;4;4;4;4;4;4;4;4;4;4;1;18;17;14;12;50;21;21;21;19;16;15;3;8;
?;?;?;?;?;?;?;?;?;?;?;8;9;4;4;4;4;4;4;4;1;18;17;14;12;50;21;21;21;21;21;21;21;21;21;21;19;16;15;3;8;9;4;4;4;1;18;17;14;12;
?;?;?;?;?;?;?;?;?;?;?;1;18;17;14;12;50;21;21;21;19;16;15;3;8;9;4;4;4;4;1;18;17;14;12;50;21;21;19;16;15;3;8;9;4;4;4;4;4;4;
?;?;?;?;?;?;?;?;?;?;?;11;10;53;36;32;31;23;22;4;1;18;17;14;12;50;48;45;44;23;43;11;10;53;52;50;21;21;21;21;21;21;21;19;16;15;3;8;9;4;
?;?;?;?;?;?;?;?;?;?;?;32;31;23;43;11;10;53;52;50;48;45;44;23;22;4;4;4;4;4;4;4;4;4;4;1;18;17;14;36;32;31;23;22;4;4;4;4;4;4;
?;?;?;?;?;?;?;?;?;?;?;15;3;8;9;4;1;18;17;14;36;32;31;23;22;4;4;4;4;4;4;1;18;17;14;12;50;21;21;21;21;21;19;16;15;3;8;9;4;4;
?;?;?;?;?;?;?;?;?;?;?;21;21;19;16;15;3;8;9;4;4;1;18;17;14;12;50;48;45;44;23;22;4;4;4;4;1;18;17;14;36;32;31;23;22;4;4;4;4;1;
?;?;?;?;?;?;?;?;?;?;?;4;4;4;4;4;4;4;4;1;18;17;14;12;50;21;21;21;21;21;21;21;21;21;21;21;21;21;21;21;21;21;19;16;15;3;8;9;4;4;
?;?;?;?;?;?;?;?;?;?;?;32;31;23;22;43;11;10;53;52;50;21;21;19;16;15;3;8;9;4;4;4;4;4;1;18;17;14;12;50;21;21;21;21;21;21;21;21;21;21;
?;?;?;?;?;?;?;?;?;?;?;4;4;4;4;4;4;4;1;18;17;14;12;50;21;21;21;19;16;15;3;8;43;11;10;53;52;50;21;21;21;21;19;16;15;3;8;9;4;4;
?;?;?;?;?;?;?;?;?;?;?;4;4;4;4;4;4;4;4;4;4;1;18;17;14;12;50;21;21;19;35;34;33;30;28;27;26;25;24;29;21;21;21;21;21;21;21;21;21;19;
?;?;?;?;?;?;?;?;?;?;?;11;10;53;52;36;32;31;23;43;11;10;53;52;50;21;19;16;15;3;8;9;4;4;4;4;4;4;4;4;4;1;18;17;14;12;50;21;21;19;
?;?;?;?;?;?;?;?;?;?;?;45;44;23;22;4;4;4;4;4;4;4;4;4;1;18;17;14;12;50;48;45;44;23;22;4;4;1;18;17;14;12;50;21;21;21;21;21;21;19;
?;?;?;?;?;?;?;?;?;?;?;21;19;16;15;3;8;9;4;4;4;4;4;4;4;1;18;17;14;12;50;21;21;21;21;21;21;21;21;21;21;21;19;16;15;3;8;9;4;4;
?;?;?;?;?;?;?;?;?;?;?;5;51;49;21;21;21;21;21;21;21;21;21;19;16;15;3;8;9;4;4;4;4;4;4;4;4;4;4;4;4;4;4;4;4;1;18;17;14;12;
?;?;?;?;?;?;?;?;?;?;?;48;45;44;23;43;11;10;53;36;32;31;23;22;43;11;10;36;32;31;23;22;4;4;4;4;1;18;17;14;12;50;21;21;19;16;15;3;8;9;
?;?;?;?;?;?;?;?;?;?;?;52;50;21;21;19;16;15;3;8;9;4;1;18;17;14;12;50;21;21;19;16;15;3;8;9;4;4;1;18;17;14;12;50;21;21;19;16;15;3;
?;?;?;?;?;?;?;?;?;?;?;21;19;16;15;3;8;9;4;4;4;4;1;18;17;14;12;36;32;31;23;22;4;4;4;4;4;4;4;4;4;1;18;17;14;12;50;21;21;21;
?;?;?;?;?;?;?;?;?;?;?;44;23;22;4;1;18;17;14;12;50;21;21;21;21;21;21;19;16;15;3;8;9;4;4;4;4;4;4;4;4;4;4;4;4;1;18;17;14;12;
?;?;?;?;?;?;?;?;?;?;?;45;44;23;43;11;10;53;52;50;21;19;16;15;3;8;43;11;36;32;31;23;22;4;4;4;4;4;4;4;4;4;4;4;1;18;17;14;12;50;
?;?;?;?;?;?;?;?;?;?;?;4;4;4;4;4;4;4;4;1;18;17;14;12;50;21;21;21;21;21;21;21;21;21;21;21;19;16;15;3;8;9;4;4;4;4;4;4;4;4;
?;?;?;?;?;?;?;?;?;?;?;1;18;17;36;32;31;23;22;4;4;1;18;17;14;12;50;21;19;16;15;3;8;43;11;10;53;52;50;21;21;21;21;21;21;21;21;21;21;21;
?;?;?;?;?;?;?;?;?;?;?;11;10;53;52;50;48;45;44;23;22;43;11;10;53;52;50;21;21;21;21;19;16;15;3;8;9;4;4;4;4;4;4;4;4;4;4;4;4;4;
?;?;?;?;?;?;?;?;?;?;?;10;53;52;50;48;45;44;23;22;4;4;1;18;17;14;12;50;48;45;44;23;22;4;4;4;1;18;17;14;12;50;21;21;19;16;15;3;8;9;
?;?;?;?;?;?;?;?;?;?;?;48;45;44;23;43;11;10;53;52;50;21;21;19;16;15;3;8;9;4;4;4;4;4;4;1;18;17;14;12;50;21;21;21;19;16;15;3;8;9;
?;?;?;?;?;?;?;?;?;?;?;4;1;18;17;36;32;59;57;55;54;2;29;21;21;19;16;15;42;41;39;5;51;49;21;21;21;21;21;19;16;15;3;8;9;4;4;4;4;4;
?;?;?;?;?;?;?;?;?;?;?;31;23;22;43;11;10;53;52;50;21;21;21;21;21;21;21;21;21;21;19;16;15;3;8;9;4;4;4;4;1;18;17;14;36;32;31;23;22;4;
?;?;?;?;?;?;?;?;?;?;?;21;21;21;19;16;15;3;8;9;4;4;4;4;4;4;4;4;4;1;18;17;14;36;32;31;23;22;4;1;18;17;14;12;50;21;21;21;21;21;
?;?;?;?;?;?;?;?;?;?;?;21;21;21;21;21;21;21;21;21;21;21;19;16;15;3;8;9;4;4;4;4;4;4;4;4;4;4;1;18;17;14;12;36;32;31;23;22;4;4;
?;?;?;?;?;?;?;?;?;?;?;19;16;15;3;8;9;4;4;1;18;17;14;12;50;21;21;21;19;16;15;3;8;9;4;4;4;4;4;4;4;4;4;4;4;4;4;4;4;4;
?;?;?;?;?;?;?;?;?;?;?;21;21;19;16;15;3;8;9;4;4;4;1;18;17;14;36;32;31;23;22;4;4;4;4;4;4;4;4;4;4;4;4;4;4;4;4;4;4;4;
?;?;?;?;?;?;?;?;?;?;?;18;17;14;12;50;21;21;21;21;21;21;21;21;19;16;15;3;8;9;4;4;4;4;1;18;17;14;12;50;21;19;16;15;3;8;9;4;4;4;
?;?;?;?;?;?;?;?;?;?;?;15;3;8;9;4;4;4;4;4;4;1;18;17;14;36;32;31;23;22;4;4;4;1;18;17;14;36;32;31;23;22;4;4;4;4;4;4;4;4;
?;?;?;?;?;?;?;?;?;?;?;10;53;52;50;48;45;44;23;22;4;1;18;17;36;32;31;23;22;4;1;18;17;14;12;50;48;45;44;23;22;4;4;4;4;4;4;1;18;17;
?;?;?;?;?;?;?;?;?;?;?;32;31;23;22;43;11;10;53;52;50;21;21;21;21;19;16;15;3;8;9;4;4;4;4;1;18;17;14;12;50;21;19;16;15;42;41;39;5;51;
?;?;?;?;?;?;?;?;?;?;?;32;31;23;22;4;4;1;18;36;32;31;23;22;43;11;10;53;52;50;21;21;21;21;21;21;21;21;21;21;21;19;16;15;3;8;9;4;4;4;
?;?;?;?;?;?;?;?;?;?;?;4;4;1;18;17;14;12;50;21;19;16;15;42;41;39;5;51;49;21;21;21;21;21;21;21;19;16;15;3;8;43;11;10;53;52;50;21;21;19;
?;?;?;?;?;?;?;?;?;?;?;22;4;4;4;4;4;4;4;4;4;4;4;4;4;4;4;4;4;4;1;18;17;14;12;50;21;21;21;21;21;21;21;21;21;21;21;21;21;21;
?;?;?;?;?;?;?;?;?;?;?;28;27;26;19;16;15;3;8;9;4;4;4;1;18;17;14;12;50;21;21;19;16;15;3;8;9;4;4;4;4;4;4;4;4;4;4;4;4;4;
?;?;?;?;?;?;?;?;?;?;?;31;23;22;4;1;18;17;14;12;50;48;45;44;23;22;43;11;10;53;52;36;32;31;23;22;43;11;10;36;32;31;23;22;4;4;4;4;4;4;
?;?;?;?;?;?;?;?;?;?;?;31;23;22;4;1;18;17;14;12;50;48;45;44;23;22;43;11;10;53;52;50;21;21;21;21;21;21;21;21;21;19;16;15;3;8;9;4;4;4;
?;?;?;?;?;?;?;?;?;?;?;1;18;17;14;12;50;21;21;21;21;21;21;21;21;19;16;15;3;8;43;11;10;53;52;36;32;31;23;22;4;4;1;18;17;14;12;50;48;45;
?;?;?;?;?;?;?;?;?;?;?;32;31;23;22;43;11;10;53;52;50;48;45;44;23;22;4;4;4;4;4;4;4;4;4;4;1;18;17;14;36;32;31;23;22;43;11;10;53;52;
?;?;?;?;?;?;?;?;?;?;?;11;10;53;52;50;21;21;19;16;15;3;8;9;4;4;1;18;17;14;12;50;21;21;19;16;15;3;8;9;4;4;4;1;18;17;14;12;50;21;
?;?;?;?;?;?;?;?;?;?;?;10;53;52;50;48;45;44;23;22;43;11;10;53;36;32;31;23;22;4;4;1;18;17;14;12;50;21;21;21;21;21;19;16;15;3;8;9;4;4;
?;?;?;?;?;?;?;?;?;?;?;18;17;14;12;36;32;31;23;43;11;10;53;52;50;48;45;44;23;22;43;11;10;36;32;31;23;22;4;4;4;1;18;17;14;12;36;32;31;23;
?;?;?;?;?;?;?;?;?;?;?;18;17;14;12;50;48;45;44;23;43;11;10;53;52;50;48;45;44;23;22;43;11;10;53;52;36;32;31;23;22;4;1;18;17;14;12;50;21;21;
?;?;?;?;?;?;?;?;?;?;?;4;4;4;4;4;4;4;4;4;4;4;4;1;18;17;14;12;50;21;21;21;21;21;21;21;21;21;21;21;21;21;21;21;21;21;21;21;19;16;
?;?;?;?;?;?;?;?;?;?;?;10;53;52;50;48;45;44;23;22;4;4;4;1;18;17;14;12;50;21;21;21;21;19;16;15;3;8;9;4;1;18;17;14;12;50;21;19;16;15;
?;?;?;?;?;?;?;?;?;?;?;8;9;4;1;18;17;14;12;50;21;21;21;19;16;15;3;8;9;4;4;4;4;4;1;18;17;14;12;50;21;21;21;19;16;15;3;8;9;4;
?;?;?;?;?;?;?;?;?;?;?;31;23;22;4;4;1;18;17;14;12;50;21;21;21;21;21;19;16;15;3;8;9;4;4;1;18;17;14;12;50;21;21;21;19;16;15;3;8;9;
?;?;?;?;?;?;?;?;?;?;?;10;53;52;50;48;45;44;23;22;4;1;18;17;14;12;50;48;45;44;23;43;11;10;53;52;50;21;21;21;19;16;15;3;8;9;4;4;4;4;
?;?;?;?;?;?;?;?;?;?;?;32;31;23;22;43;11;10;53;36;32;31;23;22;4;4;4;4;1;18;17;14;12;50;21;21;21;21;19;16;20;40;38;37;2;29;21;21;21;21;
?;?;?;?;?;?;?;?;?;?;?;43;11;10;53;52;50;21;21;21;19;16;15;3;8;9;4;4;4;4;4;4;4;4;4;4;4;4;4;4;4;4;4;4;4;4;4;4;4;4;
?;?;?;?;?;?;?;?;?;?;?;45;44;23;43;11;10;53;52;50;48;45;44;23;22;4;4;4;4;4;1;18;17;14;12;50;48;45;44;23;22;43;11;10;53;52;50;21;21;21;
?;?;?;?;?;?;?;?;?;?;?;31;23;22;4;4;1;18;17;14;12;50;21;21;21;21;21;21;21;19;16;15;3;8;9;4;4;4;4;4;4;4;4;1;18;17;14;12;50;21;
?;?;?;?;?;?;?;?;?;?;?;32;31;23;22;4;1;18;17;14;36;32;31;23;43;11;10;53;52;50;21;21;21;19;16;15;3;8;9;4;4;4;4;1;18;17;14;12;50;21;
?;?;?;?;?;?;?;?;?;?;?;10;53;52;50;48;45;44;23;22;4;1;18;17;14;12;50;21;19;16;15;3;8;9;4;4;4;4;4;4;4;4;4;1;18;17;14;12;50;21;
?;?;?;?;?;?;?;?;?;?;?;45;44;23;22;4;4;4;1;18;17;14;12;50;21;21;21;21;19;16;15;3;8;9;4;4;4;1;18;17;14;12;50;21;21;21;21;21;21;21;
?;?;?;?;?;?;?;?;?;?;?;31;23;22;4;1;18;17;14;12;50;21;19;16;15;3;8;9;4;4;4;4;4;4;4;4;4;4;4;4;4;4;1;18;17;14;12;50;21;21;
?;?;?;?;?;?;?;?;?;?;?;1;18;17;14;36;32;31;23;22;4;4;1;18;17;14;12;50;21;21;21;21;19;16;15;3;8;9;4;4;1;18;17;14;12;50;21;21;21;21;
?;?;?;?;?;?;?;?;?;?;?;21;21;21;21;21;21;19;16;15;3;8;9;4;4;4;1;18;17;14;12;50;48;45;44;23;22;4;4;4;4;4;4;4;1;18;17;14;12;50;
?;?;?;?;?;?;?;?;?;?;?;32;31;23;22;4;1;18;17;14;12;36;32;31;23;22;4;4;4;4;4;4;4;4;4;4;4;1;18;17;14;12;50;21;21;21;21;21;21;21;
?;?;?;?;?;?;?;?;?;?;?;48;45;44;23;22;43;11;10;53;36;32;31;23;22;4;1;18;17;36;32;31;23;22;4;4;1;18;17;36;32;31;23;22;4;4;4;4;1;18;
?;?;?;?;?;?;?;?;?;?;?;10;53;52;50;48;45;44;23;22;4;4;4;4;4;4;4;4;4;4;4;1;18;17;14;12;50;21;19;16;15;3;8;9;4;4;1;18;17;14;
?;?;?;?;?;?;?;?;?;?;?;21;21;21;21;21;21;21;21;19;16;15;3;8;9;4;4;4;4;4;1;18;17;14;12;50;48;45;44;23;22;4;4;4;4;4;4;4;1;18;
?;?;?;?;?;?;?;?;?;?;?;11;10;53;52;36;32;31;23;43;11;10;53;52;50;48;45;44;23;22;4;4;4;4;1;18;17;14;12;50;21;21;21;21;21;21;21;21;21;21;
?;?;?;?;?;?;?;?;?;?;?;48;45;20;40;38;37;2;29;36;32;31;23;22;43;11;10;53;52;50;21;21;21;19;16;15;3;8;9;4;4;1;18;17;14;12;50;48;45;44;
?;?;?;?;?;?;?;?;?;?;?;14;36;32;31;23;22;4;4;1;18;17;14;12;50;21;21;19;16;15;3;8;9;4;4;4;4;1;18;17;14;12;50;21;21;21;21;21;21;21;
?;?;?;?;?;?;?;?;?;?;?;21;21;19;16;15;3;8;9;4;4;4;4;1;18;17;14;36;32;31;23;22;4;4;4;4;1;18;17;14;12;50;21;19;16;15;3;8;43;11;
?;?;?;?;?;?;?;?;?;?;?;1;18;17;14;12;50;48;45;44;23;22;4;4;4;4;4;4;4;4;1;18;17;14;12;50;21;21;21;21;21;21;21;21;21;21;21;21;21;21;
?;?;?;?;?;?;?;?;?;?;?;48;45;44;23;43;11;10;53;52;50;48;45;44;23;43;11;10;53;52;36;32;31;23;22;4;4;4;4;1;18;36;32;31;23;22;4;4;4;4;
?;?;?;?;?;?;?;?;?;?;?;18;17;14;12;50;21;21;19;35;34;33;30;28;27;26;19;16;15;3;43;11;10;53;52;50;21;21;21;21;19;16;15;3;8;9;4;4;4;4;
?;?;?;?;?;?;?;?;?;?;?;18;17;14;12;50;48;45;44;23;43;11;10;53;52;50;21;21;21;21;21;21;21;21;19;16;15;3;8;9;4;4;4;4;4;4;4;4;4;4;
?;?;?;?;?;?;?;?;?;?;?;11;10;53;36;32;31;23;22;43;11;10;53;52;50;48;45;44;23;22;4;4;4;4;1;18;17;14;12;50;21;21;21;21;21;21;21;21;21;21;
?;?;?;?;?;?;?;?;?;?;?;31;23;22;4;4;1;18;17;14;12;50;48;45;44;23;22;4;4;4;4;4;4;1;18;17;14;12;50;21;21;21;21;21;21;21;21;21;21;19;
?;?;?;?;?;?;?;?;?;?;?;1;18;17;14;12;50;21;19;16;15;42;41;39;5;51;49;21;21;21;21;21;21;21;21;19;16;15;3;8;9;4;4;4;4;4;1;18;17;14;
?;?;?;?;?;?;?;?;?;?;?;31;23;22;4;4;4;1;36;32;31;23;22;4;4;1;18;17;14;12;50;21;21;21;21;21;21;21;21;21;21;21;21;21;21;19;16;15;3;8;
?;?;?;?;?;?;?;?;?;?;?;48;45;44;23;22;43;11;10;53;36;32;31;23;43;11;10;53;52;50;21;21;21;21;21;21;19;16;15;3;8;9;4;4;4;4;1;18;17;14;
?;?;?;?;?;?;?;?;?;?;?;4;4;4;4;1;18;17;14;12;50;21;21;21;21;21;21;21;19;16;15;3;8;43;11;10;53;52;50;21;21;21;21;19;16;15;3;8;9;4;
?;?;?;?;?;?;?;?;?;?;?;37;2;29;21;21;21;19;16;15;3;8;9;4;4;4;4;4;4;4;1;18;17;14;12;50;21;21;21;21;19;16;15;3;8;9;4;4;4;4;
?;?;?;?;?;?;?;?;?;?;?;4;4;4;4;1;18;17;14;12;50;21;21;21;21;21;21;21;21;21;21;21;21;21;21;21;21;21;21;21;19;16;15;3;8;9;4;4;4;4;
?;?;?;?;?;?;?;?;?;?;?;19;16;15;3;8;43;11;10;53;52;50;48;45;44;23;22;4;4;4;4;4;4;4;1;18;17;14;12;50;48;45;44;23;22;4;4;4;4;4;
?;?;?;?;?;?;?;?;?;?;?;32;31;23;22;43;11;10;53;52;50;21;21;21;21;21;21;21;19;16;15;42;41;0;7;6;13;4;4;4;4;4;4;4;4;4;4;4;4;4;
?;?;?;?;?;?;?;?;?;?;?;32;31;23;22;4;4;4;4;4;4;4;4;4;4;1;18;17;14;12;50;21;21;21;21;21;21;21;21;21;21;21;21;19;16;15;3;8;9;4;
?;?;?;?;?;?;?;?;?;?;?;11;10;53;52;36;32;31;23;22;4;4;4;1;18;36;32;31;23;22;4;4;4;4;4;4;4;1;18;17;14;12;50;21;21;21;21;21;21;21;
?;?;?;?;?;?;?;?;?;?;?;18;17;14;12;50;21;21;21;21;21;21;21;21;21;19;16;15;3;8;43;11;10;36;32;31;23;22;4;4;4;4;4;4;4;4;1;18;17;14;
?;?;?;?;?;?;?;?;?;?;?;31;23;22;4;1;18;17;14;12;36;32;31;23;22;4;1;18;17;14;36;32;31;23;22;4;4;4;1;18;17;14;12;50;21;21;19;16;15;3;
?;?;?;?;?;?;?;?;?;?;?;1;18;17;14;36;32;31;60;58;56;5;51;49;21;21;21;21;21;21;21;21;21;21;19;16;15;3;8;9;4;4;4;4;4;4;4;4;1;18;
?;?;?;?;?;?;?;?;?;?;?;1;18;17;14;36;32;31;23;22;4;1;18;36;32;31;23;22;4;1;18;17;14;12;50;21;21;19;16;15;3;8;9;4;4;4;4;4;4;1;
?;?;?;?;?;?;?;?;?;?;?;15;3;43;11;10;53;52;50;21;21;19;16;15;3;8;9;4;4;4;4;1;18;17;14;12;50;21;19;16;15;3;8;9;4;4;4;4;4;4;
?;?;?;?;?;?;?;?;?;?;?;11;10;53;52;36;32;31;23;22;4;4;1;18;17;14;12;50;21;21;21;21;19;16;15;3;8;9;4;1;18;17;14;12;50;21;21;19;16;15;
?;?;?;?;?;?;?;?;?;?;?;1;18;17;14;12;50;21;21;19;16;15;3;8;9;4;4;4;4;4;4;1;18;17;14;12;50;21;21;21;21;21;21;21;19;16;15;42;41;39;
?;?;?;?;?;?;?;?;?;?;?;48;45;44;23;22;4;1;18;17;14;12;50;21;21;21;19;16;15;3;8;9;4;4;4;4;1;18;17;14;12;50;48;45;20;40;38;37;2;29;
?;?;?;?;?;?;?;?;?;?;?;10;53;52;36;32;31;23;22;43;11;10;53;52;50;21;21;21;21;21;19;16;15;3;8;9;4;4;1;18;17;14;12;50;21;19;16;15;3;8;
?;?;?;?;?;?;?;?;?;?;?;39;5;36;32;31;23;22;4;4;4;4;4;4;4;4;4;4;4;4;4;4;4;4;4;1;18;17;14;12;50;21;21;21;21;21;21;21;21;21;
?;?;?;?;?;?;?;?;?;?;?;50;21;21;21;21;21;21;19;16;15;3;8;9;4;4;4;1;18;17;14;12;50;21;21;19;16;15;3;8;9;4;4;4;4;4;4;4;4;4;
?;?;?;?;?;?;?;?;?;?;?;32;31;23;43;11;10;53;52;36;32;31;23;22;4;4;1;18;17;14;12;36;32;31;23;22;43;11;10;53;36;32;31;23;22;4;4;4;4;4;
?;?;?;?;?;?;?;?;?;?;?;15;3;8;9;4;4;4;4;4;4;4;4;4;4;4;4;1;18;17;36;32;31;23;22;4;1;18;17;14;12;50;21;21;21;21;21;21;21;21;
?;?;?;?;?;?;?;?;?;?;?;32;31;23;22;4;4;4;4;4;4;4;4;4;4;1;18;17;14;12;50;21;21;21;21;21;21;19;16;15;3;8;9;4;4;1;18;17;14;12;
?;?;?;?;?;?;?;?;?;?;?;21;21;21;21;21;21;21;21;19;16;15;3;8;9;4;1;18;17;14;12;36;32;31;23;22;4;4;4;4;4;4;4;1;18;17;14;36;32;31;
?;?;?;?;?;?;?;?;?;?;?;32;31;23;22;43;11;10;53;52;36;32;31;23;22;43;11;10;53;52;50;21;21;21;21;19;16;15;3;8;9;4;4;1;18;17;14;12;50;21;
?;?;?;?;?;?;?;?;?;?;?;4;4;1;18;17;14;12;50;21;21;21;19;16;15;3;8;9;4;1;18;17;14;12;50;21;21;21;19;16;15;3;8;9;4;4;4;4;4;4;
?;?;?;?;?;?;?;?;?;?;?;32;31;23;22;43;11;10;53;52;50;21;19;35;34;33;30;28;27;36;32;31;23;22;4;4;4;4;4;4;4;4;4;4;4;4;4;4;1;18;
?;?;?;?;?;?;?;?;?;?;?;16;15;3;8;9;4;4;4;4;4;4;4;4;4;4;4;4;4;4;4;4;4;4;4;4;4;4;4;4;4;1;18;17;14;12;50;21;19;16;
?;?;?;?;?;?;?;?;?;?;?;10;53;52;50;48;45;44;23;22;4;4;4;4;4;4;4;4;1;18;17;14;12;50;48;45;44;23;22;4;4;4;4;4;4;4;4;4;4;4;
?;?;?;?;?;?;?;?;?;?;?;11;10;53;52;50;21;21;21;21;21;21;21;19;16;15;3;8;9;4;4;4;1;18;17;14;12;50;21;21;21;19;16;15;3;8;9;4;1;18;
?;?;?;?;?;?;?;?;?;?;?;21;21;21;21;21;21;21;21;19;16;15;3;8;9;4;4;4;4;4;4;4;4;4;1;18;17;14;12;36;32;31;23;22;4;4;4;4;4;1;
?;?;?;?;?;?;?;?;?;?;?;16;15;3;8;9;4;1;18;17;14;12;50;21;21;21;19;16;15;3;8;9;4;4;4;4;4;1;18;17;14;12;50;21;21;19;16;15;3;8;
?;?;?;?;?;?;?;?;?;?;?;1;18;17;14;12;50;21;21;21;21;21;21;21;21;21;21;21;21;21;21;21;21;21;21;21;19;16;15;3;8;9;4;4;4;4;4;4;4;4;
?;?;?;?;?;?;?;?;?;?;?;36;32;31;23;22;43;11;10;53;52;50;21;21;21;21;21;21;21;21;21;21;21;21;21;21;21;21;19;35;34;33;30;28;0;7;6;13;4;4;
?;?;?;?;?;?;?;?;?;?;?;45;44;23;22;4;4;4;4;4;4;4;1;18;17;14;12;50;21;21;21;21;21;21;21;21;21;21;21;21;21;21;21;21;21;21;21;21;21;21;
?;?;?;?;?;?;?;?;?;?;?;19;16;15;3;8;9;4;4;4;1;18;17;14;12;50;21;19;16;15;3;8;9;4;4;4;4;4;4;4;4;4;4;1;18;17;14;12;50;21;
?;?;?;?;?;?;?;?;?;?;?;21;21;21;21;21;21;21;19;16;15;3;8;9;4;4;4;4;4;4;4;4;4;4;4;4;1;18;17;14;12;50;48;45;44;23;22;4;4;4;
?;?;?;?;?;?;?;?;?;?;?;32;31;23;43;11;10;53;52;36;32;31;23;22;4;4;1;18;17;14;12;50;21;19;16;15;42;41;39;5;51;49;21;19;16;15;42;41;39;5;
?;?;?;?;?;?;?;?;?;?;?;22;43;11;10;53;52;50;21;21;21;21;19;16;15;3;8;9;1;36;32;31;23;22;4;4;4;4;4;1;18;17;14;12;36;32;31;23;22;4;
?;?;?;?;?;?;?;?;?;?;?;32;31;23;22;4;4;4;1;18;17;14;12;50;21;21;21;19;16;15;3;8;9;4;4;4;1;18;17;14;12;50;21;21;21;21;21;21;21;21;
?;?;?;?;?;?;?;?;?;?;?;4;4;4;4;4;1;18;17;14;12;50;21;21;21;21;21;21;21;21;19;16;15;3;8;9;4;4;4;4;4;4;4;4;4;4;4;4;4;4;
?;?;?;?;?;?;?;?;?;?;?;4;4;1;18;17;14;36;32;31;23;22;43;11;36;32;31;23;22;4;4;4;1;18;17;14;12;50;48;45;44;23;22;4;4;4;1;18;17;14;
?;?;?;?;?;?;?;?;?;?;?;10;53;52;50;48;45;44;23;22;4;4;4;4;4;4;4;1;18;17;14;12;50;21;21;21;19;16;15;3;8;9;4;1;18;17;36;32;31;23;
?;?;?;?;?;?;?;?;?;?;?;11;10;53;52;36;32;31;23;22;43;11;10;53;36;32;31;23;22;4;4;1;18;17;14;12;50;21;21;21;21;21;21;21;21;21;19;16;15;42;
?;?;?;?;?;?;?;?;?;?;?;31;23;22;43;11;10;53;52;50;21;21;21;21;21;21;21;21;21;19;16;15;3;8;9;4;4;4;4;4;1;18;17;14;12;50;21;21;19;16;
?;?;?;?;?;?;?;?;?;?;?;1;18;17;36;32;31;23;22;4;4;4;1;18;17;14;12;50;21;21;21;21;21;21;21;19;16;15;3;8;9;4;4;1;18;17;14;12;50;21;
?;?;?;?;?;?;?;?;?;?;?;11;10;53;36;32;31;23;22;4;4;1;18;17;14;36;32;31;23;22;43;11;10;53;52;36;32;31;23;22;4;1;18;17;14;12;50;21;21;21;
?;?;?;?;?;?;?;?;?;?;?;32;31;23;22;43;11;10;53;52;50;48;45;44;23;22;43;11;10;36;32;31;23;43;11;10;53;52;50;21;19;16;15;3;8;9;4;4;4;4;
?;?;?;?;?;?;?;?;?;?;?;31;23;22;4;4;1;18;17;14;12;50;48;45;44;23;22;4;4;4;4;4;4;4;1;18;17;14;12;50;21;21;21;21;21;21;21;21;21;19;
?;?;?;?;?;?;?;?;?;?;?;18;17;14;12;50;21;19;16;15;3;8;9;4;4;4;1;18;17;14;12;50;21;21;21;19;16;15;3;8;9;1;18;17;14;12;50;21;21;19;
?;?;?;?;?;?;?;?;?;?;?;52;50;21;21;21;21;21;21;21;21;21;21;21;19;16;15;3;8;9;4;4;4;4;4;4;4;4;4;4;4;4;4;4;4;4;4;4;4;4;
?;?;?;?;?;?;?;?;?;?;?;31;23;22;43;11;10;53;52;50;21;21;19;16;15;3;8;43;11;10;53;52;50;21;21;21;21;21;21;19;16;15;3;8;9;4;4;4;4;4;
?;?;?;?;?;?;?;?;?;?;?;50;48;45;44;23;22;4;4;4;4;4;1;18;17;14;12;50;21;21;21;21;19;16;15;3;8;9;4;4;1;18;17;14;12;50;48;45;44;23;
?;?;?;?;?;?;?;?;?;?;?;45;44;23;22;43;11;10;53;52;50;21;19;16;15;3;8;9;4;4;4;4;4;4;4;4;4;4;4;4;4;4;4;4;4;1;18;17;14;12;
?;?;?;?;?;?;?;?;?;?;?;32;31;23;43;11;10;53;52;36;32;31;23;22;43;11;10;53;52;50;21;21;19;16;15;3;8;9;4;4;4;1;18;17;14;12;50;21;21;21;
?;?;?;?;?;?;?;?;?;?;?;31;23;22;4;4;4;4;4;4;4;4;4;4;4;4;1;18;36;32;31;23;22;4;4;1;18;17;14;12;50;21;19;16;15;3;8;9;4;4;
?;?;?;?;?;?;?;?;?;?;?;21;21;21;21;21;21;21;21;21;21;19;16;15;3;8;9;4;4;4;4;4;4;4;4;4;4;4;4;4;4;4;1;18;17;14;12;50;21;21;
?;?;?;?;?;?;?;?;?;?;?;31;23;22;43;11;10;53;52;50;21;19;16;15;3;8;43;11;10;53;36;32;31;23;22;43;11;10;53;52;50;21;19;16;15;3;43;11;10;53;
?;?;?;?;?;?;?;?;?;?;?;31;23;22;4;1;18;17;14;12;50;48;45;44;23;22;4;1;18;17;14;12;50;21;21;21;21;21;21;21;19;16;15;3;8;43;11;10;53;52;
?;?;?;?;?;?;?;?;?;?;?;4;4;1;18;17;14;12;50;21;21;21;21;21;21;19;16;15;3;8;9;4;4;4;4;4;4;4;4;1;18;17;14;12;50;48;45;44;23;22;
?;?;?;?;?;?;?;?;?;?;?;1;18;17;14;12;50;21;21;21;21;21;19;16;15;3;8;9;4;4;4;1;18;17;14;12;50;21;21;21;21;21;19;16;15;3;8;9;4;4;
?;?;?;?;?;?;?;?;?;?;?;10;53;52;50;48;45;44;23;22;4;4;1;18;17;14;12;50;21;21;21;21;21;21;21;21;19;16;15;3;8;9;4;4;4;4;4;1;18;17;
?;?;?;?;?;?;?;?;?;?;?;10;53;52;50;21;21;19;16;15;3;8;9;4;4;4;4;4;4;4;4;4;4;4;4;1;18;17;14;12;50;21;21;21;21;21;21;21;21;21;
?;?;?;?;?;?;?;?;?;?;?;18;17;14;12;50;21;21;21;21;21;21;21;21;19;16;15;3;8;9;4;4;4;4;4;4;1;18;17;14;12;50;21;21;21;21;21;21;21;21;
?;?;?;?;?;?;?;?;?;?;?;1;18;17;14;36;32;31;23;43;11;10;53;52;50;48;45;44;23;22;4;4;1;18;17;36;32;31;23;22;43;11;10;53;52;50;21;21;19;16;
?;?;?;?;?;?;?;?;?;?;?;1;18;17;14;36;32;31;23;22;43;11;10;53;52;50;21;21;21;21;21;21;19;16;15;3;8;9;4;4;4;4;1;18;17;36;32;31;23;22;
?;?;?;?;?;?;?;?;?;?;?;39;0;7;6;13;4;4;1;18;17;14;12;50;21;21;21;19;16;15;3;8;9;4;4;4;4;1;18;17;14;12;50;21;21;19;16;15;3;8;
?;?;?;?;?;?;?;?;?;?;?;31;23;22;4;4;4;4;4;4;4;1;18;17;14;12;50;48;45;44;23;22;4;1;18;17;14;12;50;21;21;21;21;21;21;19;16;15;3;8;
?;?;?;?;?;?;?;?;?;?;?;4;4;4;4;4;4;4;4;4;4;4;4;1;18;17;14;12;50;21;21;19;16;15;3;8;9;4;4;1;18;17;14;12;50;21;21;21;21;21;
?;?;?;?;?;?;?;?;?;?;?;1;18;17;14;12;50;48;45;44;23;22;4;4;1;18;17;14;12;50;48;45;44;23;22;4;4;4;4;1;18;17;14;12;50;21;21;19;16;15;
?;?;?;?;?;?;?;?;?;?;?;4;4;4;4;4;4;1;18;17;14;12;36;32;31;23;22;4;4;4;4;1;18;17;14;12;50;21;19;16;15;3;8;9;4;4;4;4;4;4;
?;?;?;?;?;?;?;?;?;?;?;4;4;4;4;4;4;4;4;4;4;4;4;4;4;4;4;4;1;18;17;14;12;50;21;21;21;21;21;21;21;21;21;21;21;21;21;21;21;19;
?;?;?;?;?;?;?;?;?;?;?;11;10;53;52;50;21;19;16;15;3;8;9;4;4;4;4;4;4;4;1;18;17;14;12;36;32;31;23;22;4;4;4;1;18;17;14;12;50;21;
?;?;?;?;?;?;?;?;?;?;?;45;44;23;22;43;11;10;53;52;50;48;45;44;23;22;4;4;4;4;4;4;4;4;4;4;4;4;4;4;4;4;4;4;4;4;1;18;17;14;
?;?;?;?;?;?;?;?;?;?;?;31;23;22;4;1;18;17;14;12;50;48;45;20;40;38;37;2;29;36;32;31;23;43;11;10;53;52;50;21;21;21;19;16;15;3;8;9;1;18;
?;?;?;?;?;?;?;?;?;?;?;4;1;18;17;14;12;50;21;19;16;15;3;8;9;4;4;4;4;4;4;4;1;18;17;14;12;50;21;21;21;21;19;16;15;3;8;9;4;4;
?;?;?;?;?;?;?;?;?;?;?;11;10;53;52;50;21;21;21;21;21;21;21;21;21;19;16;15;3;8;9;4;4;4;4;4;4;4;4;4;4;4;1;18;17;14;12;50;48;45;
?;?;?;?;?;?;?;?;?;?;?;32;31;23;22;43;11;10;53;36;32;31;23;22;4;4;4;1;18;17;14;12;50;21;21;21;21;21;19;16;15;3;8;9;4;4;4;4;4;4;
?;?;?;?;?;?;?;?;?;?;?;21;19;16;15;3;8;9;4;4;1;18;17;14;12;50;21;21;21;21;21;21;21;19;16;15;3;8;9;4;4;4;4;4;4;1;18;17;14;12;
?;?;?;?;?;?;?;?;?;?;?;45;44;23;22;4;4;1;18;17;14;12;50;21;21;21;21;21;19;16;15;3;8;9;4;4;4;4;4;4;4;4;4;4;4;4;4;4;1;18;
?;?;?;?;?;?;?;?;?;?;?;11;10;53;36;32;31;23;22;4;4;4;4;4;4;4;4;4;4;4;4;1;18;17;36;32;31;23;22;4;4;4;4;4;1;18;17;14;12;50;
?;?;?;?;?;?;?;?;?;?;?;11;10;53;36;32;31;23;22;4;1;18;17;14;12;36;32;31;23;22;4;1;18;17;14;12;50;21;21;21;21;21;21;21;21;19;16;15;3;8;
?;?;?;?;?;?;?;?;?;?;?;10;53;52;50;48;45;44;23;22;4;4;4;4;4;4;4;4;4;4;4;1;18;17;14;12;50;21;21;21;21;21;21;21;21;21;21;21;21;21;
?;?;?;?;?;?;?;?;?;?;?;31;23;22;4;1;18;17;14;12;50;21;21;21;21;21;21;21;21;21;21;21;19;16;15;3;43;11;10;53;52;36;32;31;23;22;4;4;4;4;
?;?;?;?;?;?;?;?;?;?;?;23;22;43;11;10;53;52;50;21;21;19;16;15;3;8;9;4;4;4;4;4;4;4;4;4;4;4;4;4;1;18;17;14;12;50;21;21;19;16;
?;?;?;?;?;?;?;?;?;?;?;10;53;52;36;32;31;23;22;43;11;10;53;52;50;21;19;16;15;3;8;43;11;10;53;36;32;31;23;22;4;4;4;4;4;4;4;4;4;1;
?;?;?;?;?;?;?;?;?;?;?;11;10;53;52;50;48;45;44;42;41;39;5;51;49;21;21;21;19;16;15;3;8;9;4;4;4;4;4;4;4;4;4;4;4;4;4;4;4;4;
?;?;?;?;?;?;?;?;?;?;?;48;45;44;42;41;39;0;7;6;13;4;4;4;4;1;18;17;14;12;36;32;31;23;43;11;10;53;52;50;48;45;44;23;22;4;4;4;4;4;
?;?;?;?;?;?;?;?;?;?;?;32;31;23;43;11;10;53;52;50;21;19;16;15;3;43;11;10;53;52;50;48;45;44;23;22;4;4;4;4;4;4;4;4;4;1;18;17;14;12;
?;?;?;?;?;?;?;?;?;?;?;31;23;22;4;4;1;18;17;14;12;50;21;21;21;21;21;21;21;21;21;19;16;15;3;8;43;11;10;53;36;32;31;23;22;4;1;18;17;14;
?;?;?;?;?;?;?;?;?;?;?;32;31;23;22;4;4;4;4;4;4;4;1;18;17;14;12;50;21;21;21;19;16;15;3;8;9;4;4;4;1;18;17;14;12;50;21;21;21;21;
?;?;?;?;?;?;?;?;?;?;?;32;31;23;22;4;4;1;18;36;32;31;23;22;43;11;10;53;52;50;21;21;21;21;19;16;15;3;8;9;4;4;4;4;1;18;17;14;12;50;
?;?;?;?;?;?;?;?;?;?;?;32;31;23;43;11;10;53;52;50;21;19;16;15;3;8;43;11;10;53;52;50;21;19;16;15;3;8;9;4;4;1;18;17;14;12;50;48;45;44;
?;?;?;?;?;?;?;?;?;?;?;32;31;23;22;4;4;1;18;17;14;12;50;21;21;21;21;21;21;19;16;15;3;8;9;4;4;4;4;1;18;17;14;12;50;21;21;21;21;19;
?;?;?;?;?;?;?;?;?;?;?;32;31;23;43;11;10;53;52;50;21;19;16;15;3;8;9;4;4;4;4;4;4;4;4;4;4;4;4;4;4;4;4;1;18;17;14;12;50;21;
?;?;?;?;?;?;?;?;?;?;?;19;16;15;3;8;9;4;1;18;17;14;12;50;21;19;16;15;3;8;9;4;4;1;18;17;14;12;50;21;21;21;21;19;16;15;3;8;9;4;
?;?;?;?;?;?;?;?;?;?;?;32;31;23;22;43;11;10;53;36;32;31;23;22;43;11;10;53;52;50;48;45;44;23;22;4;1;18;17;14;12;50;21;19;16;15;42;41;39;5;
?;?;?;?;?;?;?;?;?;?;?;11;10;53;52;50;48;45;44;42;41;39;5;51;49;21;19;16;15;3;8;9;1;36;32;31;23;22;4;4;4;4;4;4;4;4;4;1;18;17;
?;?;?;?;?;?;?;?;?;?;?;21;21;21;21;21;19;16;15;3;8;9;4;4;4;4;4;4;4;1;18;17;14;36;32;31;23;22;43;11;10;53;52;50;21;21;21;21;21;21;
?;?;?;?;?;?;?;?;?;?;?;4;4;4;4;4;4;4;4;1;18;17;14;12;50;21;21;21;19;16;15;3;8;9;4;4;4;4;4;4;1;18;17;14;12;50;21;21;21;21;
?;?;?;?;?;?;?;?;?;?;?;32;31;23;43;11;10;53;52;50;21;21;19;16;15;3;8;9;4;4;4;4;4;1;18;17;14;12;50;48;45;44;23;22;4;4;4;4;4;4;
?;?;?;?;?;?;?;?;?;?;?;21;21;21;21;21;21;21;21;21;21;19;16;15;3;8;9;4;4;4;4;4;4;4;4;4;4;4;4;4;4;4;4;4;4;4;4;1;18;17;
?;?;?;?;?;?;?;?;?;?;?;19;16;15;3;8;9;4;4;4;4;4;4;4;4;4;4;1;18;17;14;12;50;21;21;19;16;15;3;8;9;4;4;4;4;1;18;17;14;12;
?;?;?;?;?;?;?;?;?;?;?;10;53;52;50;48;45;44;23;22;4;4;1;18;17;14;12;36;32;31;23;22;4;4;4;4;1;18;17;14;12;50;21;21;21;19;16;15;3;8;
?;?;?;?;?;?;?;?;?;?;?;21;21;21;21;21;19;16;15;3;8;9;1;18;17;14;36;32;31;23;22;4;4;4;4;4;4;4;4;4;4;4;4;4;4;4;1;18;17;14;
?;?;?;?;?;?;?;?;?;?;?;48;45;20;40;38;37;2;36;32;31;23;22;4;4;1;18;17;14;12;50;21;21;21;21;21;21;21;21;21;21;19;16;15;3;8;9;4;1;18;
?;?;?;?;?;?;?;?;?;?;?;4;1;18;17;14;36;32;59;57;55;54;2;29;21;21;21;21;21;21;21;21;21;21;21;21;21;19;16;15;3;8;9;4;1;18;17;14;36;32;
?;?;?;?;?;?;?;?;?;?;?;11;10;53;52;50;48;45;44;42;41;39;5;51;36;32;31;23;22;4;4;4;4;4;1;18;17;14;12;50;21;21;21;21;21;21;21;21;21;21;
?;?;?;?;?;?;?;?;?;?;?;11;10;53;52;36;32;31;23;22;43;11;10;53;52;50;21;19;16;15;3;8;9;4;4;4;4;1;18;17;14;12;50;21;21;21;19;16;15;3;
?;?;?;?;?;?;?;?;?;?;?;21;21;21;21;21;21;21;21;21;19;16;15;3;8;9;4;4;4;4;4;4;4;4;4;4;4;4;1;18;17;14;12;50;21;21;19;16;15;3;
?;?;?;?;?;?;?;?;?;?;?;32;31;23;22;4;1;18;17;14;12;50;21;21;21;21;21;21;19;16;15;3;8;9;4;4;4;4;4;4;4;4;4;4;4;4;4;1;18;17;
?;?;?;?;?;?;?;?;?;?;?;17;36;32;31;23;22;4;4;4;4;4;4;4;4;4;1;18;17;14;12;50;21;21;21;21;21;19;16;15;3;8;9;4;4;1;18;17;14;12;
?;?;?;?;?;?;?;?;?;?;?;4;4;4;1;18;17;14;12;50;21;21;21;21;21;21;21;21;21;21;21;21;21;21;21;21;21;21;19;16;15;3;8;9;4;4;4;4;4;4;
?;?;?;?;?;?;?;?;?;?;?;48;45;44;23;22;4;4;4;4;4;4;4;4;4;1;18;17;14;12;50;21;21;21;21;21;21;21;19;16;15;3;8;9;4;1;18;17;14;12;
?;?;?;?;?;?;?;?;?;?;?;31;23;22;4;1;18;17;14;12;50;21;19;16;15;42;41;39;5;51;49;21;19;16;15;3;8;9;4;4;4;4;4;1;18;17;14;12;50;21;
?;?;?;?;?;?;?;?;?;?;?;10;53;36;32;31;23;22;4;1;18;17;14;12;36;32;31;60;58;56;5;51;49;21;21;19;16;15;3;8;9;4;4;4;4;4;4;1;18;17;
?;?;?;?;?;?;?;?;?;?;?;18;17;14;12;50;21;21;21;21;21;19;16;15;3;8;9;4;4;1;18;17;14;12;50;21;21;21;19;16;15;3;8;43;11;10;36;32;31;23;
?;?;?;?;?;?;?;?;?;?;?;48;45;44;23;22;43;11;10;53;52;50;21;21;21;19;16;15;3;8;9;4;4;4;4;4;4;4;4;1;18;17;14;12;50;21;21;21;21;21;
?;?;?;?;?;?;?;?;?;?;?;1;18;17;36;32;31;23;22;4;1;18;17;14;12;50;48;45;44;23;22;4;4;4;4;1;18;17;14;12;50;21;21;21;19;16;15;3;8;9;
?;?;?;?;?;?;?;?;?;?;?;4;4;4;4;4;1;18;17;14;12;50;21;21;21;19;16;15;3;43;11;10;53;52;50;21;19;16;15;3;8;9;4;4;4;4;4;4;4;1;
?;?;?;?;?;?;?;?;?;?;?;31;23;22;4;4;4;4;4;4;4;4;1;18;17;14;12;50;21;21;21;19;16;15;3;8;9;4;4;4;4;4;4;4;4;1;18;17;14;12;
?;?;?;?;?;?;?;?;?;?;?;10;53;52;50;48;45;44;23;22;43;11;10;53;52;50;21;21;21;19;16;15;3;8;9;4;4;4;4;4;4;4;4;4;4;4;4;4;1;18;
?;?;?;?;?;?;?;?;?;?;?;1;18;17;14;12;36;32;31;23;22;43;11;10;53;52;50;21;21;21;21;19;16;15;3;8;9;4;4;4;1;18;17;14;12;50;21;21;19;16;
?;?;?;?;?;?;?;?;?;?;?;45;44;23;22;43;11;10;53;36;32;31;23;22;4;4;4;1;18;36;32;31;23;22;4;4;1;18;17;14;12;50;21;21;21;21;21;21;21;21;
?;?;?;?;?;?;?;?;?;?;?;18;17;14;12;50;21;21;21;21;21;21;21;21;21;21;19;16;20;40;38;37;2;29;21;21;21;19;16;15;3;8;9;4;1;18;17;14;12;50;
?;?;?;?;?;?;?;?;?;?;?;18;17;14;12;50;48;35;34;33;30;28;27;26;25;19;16;15;3;8;9;4;1;18;17;14;12;50;21;21;21;19;16;15;3;8;9;4;1;18;
?;?;?;?;?;?;?;?;?;?;?;32;31;23;22;43;11;10;53;36;32;31;23;22;4;4;4;1;18;17;14;12;50;21;21;21;21;21;21;21;21;19;16;15;3;8;9;4;4;4;
?;?;?;?;?;?;?;?;?;?;?;18;17;14;12;50;21;19;16;15;42;41;39;5;51;49;21;21;21;19;16;15;3;8;9;4;1;18;17;14;12;50;21;21;19;16;20;40;38;37;
?;?;?;?;?;?;?;?;?;?;?;21;21;21;21;21;21;21;21;21;19;16;15;3;8;9;4;4;4;4;4;4;4;4;4;4;4;4;1;18;17;14;12;50;21;21;21;21;21;21;
?;?;?;?;?;?;?;?;?;?;?;10;53;52;50;21;19;16;15;3;8;9;4;4;4;4;4;4;4;4;4;4;1;18;17;14;36;32;31;23;43;11;10;53;52;50;21;19;16;15;
?;?;?;?;?;?;?;?;?;?;?;11;10;53;52;36;32;31;23;43;11;10;53;52;50;48;45;44;23;22;4;4;4;4;4;4;4;4;4;4;4;4;4;1;18;17;14;12;50;21;
?;?;?;?;?;?;?;?;?;?;?;21;19;16;15;42;41;39;5;51;49;21;19;16;15;3;8;9;4;4;4;4;4;4;4;4;4;1;18;17;14;12;50;21;21;19;16;15;3;8;
?;?;?;?;?;?;?;?;?;?;?;31;23;22;4;1;18;17;14;12;50;48;45;44;42;41;39;5;51;49;21;19;16;15;3;8;9;4;4;4;1;18;17;14;12;50;21;21;21;21;
?;?;?;?;?;?;?;?;?;?;?;4;4;4;4;4;4;4;4;4;4;4;4;4;4;1;18;17;14;12;50;21;21;21;21;21;21;21;21;21;21;21;21;21;19;16;15;3;8;9;
?;?;?;?;?;?;?;?;?;?;?;1;18;17;14;12;50;48;45;44;23;22;4;4;4;4;4;1;18;17;14;12;50;21;19;16;15;3;8;9;1;18;17;14;12;50;21;21;21;21;
?;?;?;?;?;?;?;?;?;?;?;1;18;17;36;32;31;23;22;4;1;18;17;14;12;50;21;21;21;21;21;21;21;21;21;21;21;21;21;21;21;21;19;16;15;3;8;9;4;4;
?;?;?;?;?;?;?;?;?;?;?;4;4;1;18;17;14;12;50;21;21;21;21;21;21;19;16;15;3;8;9;4;4;4;4;4;1;18;17;14;36;32;31;23;22;4;4;4;4;1;
?;?;?;?;?;?;?;?;?;?;?;48;45;44;42;41;39;5;51;36;32;31;23;22;4;4;4;1;18;17;36;32;31;23;22;4;4;4;1;18;17;14;12;50;21;21;21;21;19;16;
?;?;?;?;?;?;?;?;?;?;?;8;9;4;4;4;4;4;4;4;1;18;17;14;12;50;21;21;21;21;21;21;21;21;21;21;21;21;21;21;21;21;19;16;15;3;8;9;4;1;
?;?;?;?;?;?;?;?;?;?;?;21;21;21;21;21;21;21;21;21;21;21;19;16;15;3;8;9;4;4;4;4;4;4;4;4;1;18;36;32;31;23;22;4;4;4;4;4;4;4;
?;?;?;?;?;?;?;?;?;?;?;4;4;4;4;1;18;17;14;12;50;21;21;21;19;16;15;3;8;9;4;4;1;18;17;14;12;50;21;21;21;21;19;16;15;3;8;9;1;18;
?;?;?;?;?;?;?;?;?;?;?;45;44;23;43;11;10;53;52;50;21;19;16;15;3;8;9;4;4;4;4;4;4;4;4;4;4;4;4;4;4;4;4;4;4;4;4;4;1;18;
?;?;?;?;?;?;?;?;?;?;?;4;4;4;4;4;1;18;17;14;12;50;21;21;21;21;21;21;21;21;21;21;19;16;15;3;43;11;10;53;52;50;21;19;16;15;3;8;9;4;
?;?;?;?;?;?;?;?;?;?;?;10;53;52;36;32;31;23;22;4;4;4;1;18;17;14;12;50;21;21;21;21;21;21;19;16;15;3;43;11;10;53;52;50;48;45;44;23;22;4;
?;?;?;?;?;?;?;?;?;?;?;11;10;53;36;32;31;23;22;4;4;1;18;17;14;12;50;21;21;21;21;21;21;21;21;21;19;16;15;3;8;9;4;4;4;4;4;4;4;4;
?;?;?;?;?;?;?;?;?;?;?;4;4;4;4;1;18;17;14;12;50;21;19;16;15;3;8;9;4;4;1;18;17;14;12;50;21;21;21;21;21;21;21;21;21;21;21;21;21;21;
?;?;?;?;?;?;?;?;?;?;?;15;3;8;9;4;4;4;4;1;18;17;36;32;59;57;55;54;2;29;21;21;21;21;19;16;15;3;8;9;4;4;4;4;4;1;18;17;14;12;
?;?;?;?;?;?;?;?;?;?;?;4;4;4;4;4;4;1;18;17;14;12;50;21;21;19;16;15;3;8;9;1;18;17;14;12;50;21;21;21;19;16;15;3;8;9;4;4;4;4;
?;?;?;?;?;?;?;?;?;?;?;16;15;3;8;9;4;4;4;4;4;1;18;17;14;12;50;21;21;21;21;21;21;21;21;21;21;21;19;16;15;3;8;9;4;4;1;18;17;36;
?;?;?;?;?;?;?;?;?;?;?;1;18;17;14;12;50;21;21;21;21;21;21;21;21;21;21;21;21;21;21;21;21;21;21;19;16;15;3;8;43;11;10;53;52;50;21;19;16;15;
?;?;?;?;?;?;?;?;?;?;?;11;10;53;52;50;21;21;21;19;16;15;3;8;9;4;4;4;4;4;4;4;4;4;4;4;4;4;4;4;1;18;17;14;12;50;48;45;44;23;
?;?;?;?;?;?;?;?;?;?;?;21;21;21;21;21;21;21;21;21;21;19;16;15;3;8;9;4;1;18;17;14;12;50;48;45;44;23;22;4;4;4;4;4;4;4;4;4;4;4;
?;?;?;?;?;?;?;?;?;?;?;11;10;53;52;36;32;31;23;22;4;1;18;17;14;12;50;21;21;21;21;21;21;21;21;19;16;15;3;8;9;1;18;17;14;12;50;21;21;21;
?;?;?;?;?;?;?;?;?;?;?;4;4;1;18;17;14;12;50;21;21;19;16;15;3;8;9;4;1;18;17;14;12;50;21;21;21;21;19;16;15;3;8;9;4;4;4;4;4;4;
?;?;?;?;?;?;?;?;?;?;?;45;44;23;22;4;4;1;18;17;14;12;50;21;21;21;21;21;19;16;15;3;8;9;4;4;4;4;4;4;1;18;17;14;12;50;21;21;21;21;
?;?;?;?;?;?;?;?;?;?;?;45;44;23;22;4;1;18;17;14;36;32;31;23;22;4;4;1;18;17;36;32;31;23;22;4;4;4;1;18;17;14;12;50;21;21;21;21;21;21;
?;?;?;?;?;?;?;?;?;?;?;21;21;21;21;21;19;16;15;3;8;9;4;4;4;4;4;4;4;4;1;18;17;14;12;50;21;21;21;21;21;21;21;21;19;16;15;3;8;9;
?;?;?;?;?;?;?;?;?;?;?;17;14;12;50;48;45;44;23;22;4;4;1;18;17;14;36;32;31;23;43;11;10;53;52;50;21;21;21;21;21;21;21;21;21;21;21;21;21;21;
?;?;?;?;?;?;?;?;?;?;?;4;4;4;4;4;4;4;4;1;18;17;14;12;50;21;21;21;21;21;21;21;19;16;15;3;8;9;4;4;4;4;1;18;17;14;36;32;59;57;
?;?;?;?;?;?;?;?;?;?;?;21;21;21;21;21;21;21;21;21;21;21;21;19;16;15;3;8;9;4;4;4;4;4;4;4;4;4;4;4;4;4;4;4;4;4;4;4;4;4;
?;?;?;?;?;?;?;?;?;?;?;48;45;44;23;22;4;1;18;17;14;12;50;21;21;21;21;21;21;21;21;19;16;15;3;8;9;4;4;4;4;4;4;4;4;1;18;17;14;12;
?;?;?;?;?;?;?;?;?;?;?;22;4;1;18;17;14;12;50;21;21;21;21;21;21;21;19;16;15;3;8;9;4;4;4;4;4;1;36;32;31;23;22;4;4;1;18;17;14;12;
?;?;?;?;?;?;?;?;?;?;?;4;4;4;4;4;4;4;4;4;4;4;1;18;17;14;12;50;21;21;21;21;21;21;21;21;21;21;21;19;16;15;3;8;9;4;4;4;4;4;
?;?;?;?;?;?;?;?;?;?;?;32;31;23;22;4;1;18;17;14;12;50;21;21;21;21;21;21;21;21;19;16;15;3;8;9;4;4;4;4;4;4;4;1;18;17;14;12;50;21;
?;?;?;?;?;?;?;?;?;?;?;45;44;23;22;4;4;4;1;18;17;14;12;50;21;21;21;21;21;19;16;15;3;8;9;4;4;4;4;4;4;1;18;17;14;12;50;21;21;21;
?;?;?;?;?;?;?;?;?;?;?;45;44;23;43;11;10;53;52;50;21;21;21;21;21;21;21;21;21;19;16;15;3;8;9;4;4;4;4;4;4;4;4;4;4;4;4;4;1;18;
?;?;?;?;?;?;?;?;?;?;?;45;44;23;22;43;11;10;53;52;50;21;19;16;15;3;8;9;4;4;4;4;1;18;17;14;36;32;31;23;22;43;11;10;53;52;50;21;21;21;
?;?;?;?;?;?;?;?;?;?;?;45;44;23;43;11;10;53;52;50;21;19;16;15;3;8;9;4;4;4;4;4;4;4;4;4;4;4;4;4;4;1;18;17;14;12;50;21;19;16;
?;?;?;?;?;?;?;?;?;?;?;23;22;4;4;4;1;18;17;14;12;50;21;21;19;16;15;42;41;39;5;51;49;21;21;21;21;21;21;21;21;21;21;21;21;19;16;15;3;8;
?;?;?;?;?;?;?;?;?;?;?;15;42;41;39;5;51;36;32;31;23;22;4;4;4;4;4;4;4;4;4;4;1;18;17;14;12;50;21;21;19;16;15;3;8;9;4;4;4;4;
?;?;?;?;?;?;?;?;?;?;?;18;17;14;12;50;21;21;21;21;21;21;21;21;21;21;21;19;16;15;3;8;9;4;4;4;4;4;4;4;4;4;4;4;4;4;4;4;4;4;
?;?;?;?;?;?;?;?;?;?;?;32;31;23;22;43;11;10;53;36;32;31;23;22;4;4;1;18;17;14;12;50;21;21;21;21;21;21;21;21;21;21;21;21;21;21;21;21;21;19;
?;?;?;?;?;?;?;?;?;?;?;44;23;22;4;4;4;4;1;18;17;14;36;32;31;23;22;4;4;4;4;4;4;4;4;4;1;18;17;14;12;50;21;21;21;21;21;21;21;21;
?;?;?;?;?;?;?;?;?;?;?;21;21;21;21;21;21;19;16;15;3;8;9;4;4;4;4;4;4;4;4;4;4;4;4;1;18;17;14;12;50;48;45;44;23;22;4;4;4;1;
?;?;?;?;?;?;?;?;?;?;?;45;44;23;22;43;11;10;53;52;50;48;45;20;40;38;37;0;7;6;13;4;4;4;4;4;4;1;18;17;14;12;50;21;21;21;21;21;21;21;
?;?;?;?;?;?;?;?;?;?;?;4;4;4;4;4;1;18;17;14;12;50;21;21;21;21;21;19;16;15;3;8;9;1;18;17;14;12;50;21;21;21;19;16;15;3;8;9;4;4;
?;?;?;?;?;?;?;?;?;?;?;32;31;23;22;4;1;18;17;14;12;50;21;19;35;34;33;30;28;27;26;25;24;19;16;15;3;8;9;4;4;4;4;4;4;4;4;4;4;4;
?;?;?;?;?;?;?;?;?;?;?;32;31;23;22;4;1;18;17;14;12;50;48;45;20;40;38;37;2;36;32;31;23;22;4;4;4;1;18;17;14;12;50;21;21;21;21;21;21;21;
?;?;?;?;?;?;?;?;?;?;?;51;49;21;21;21;19;16;15;3;8;9;4;4;4;4;1;18;17;14;12;50;21;21;19;16;15;3;8;9;4;4;4;4;1;18;17;14;12;50;
?;?;?;?;?;?;?;?;?;?;?;48;45;44;23;22;4;4;4;4;4;4;4;1;18;17;14;12;50;21;21;19;16;15;3;43;11;10;53;52;50;21;21;21;21;21;21;21;21;21;
?;?;?;?;?;?;?;?;?;?;?;31;23;22;4;4;4;1;18;17;14;12;50;21;21;21;21;21;21;19;16;15;3;8;9;4;1;18;17;14;12;50;21;21;19;16;15;3;8;9;
?;?;?;?;?;?;?;?;?;?;?;11;10;53;52;50;48;45;44;23;22;4;4;4;4;4;4;4;4;1;18;17;14;12;50;21;21;19;16;15;3;8;9;4;4;4;4;4;4;4;
?;?;?;?;?;?;?;?;?;?;?;21;21;21;21;21;21;21;21;21;21;21;19;16;15;3;8;9;4;4;1;18;17;14;12;50;48;45;44;23;22;4;4;4;4;4;4;4;4;4;
?;?;?;?;?;?;?;?;?;?;?;48;45;20;40;38;37;2;29;36;32;31;23;22;43;11;10;53;52;50;48;45;44;23;22;4;4;4;4;4;4;4;4;4;1;18;17;14;12;50;
?;?;?;?;?;?;?;?;?;?;?;5;51;49;21;19;16;15;42;41;39;5;51;49;21;21;19;16;15;3;8;9;4;4;4;4;1;18;17;14;12;50;21;21;21;21;21;21;21;21;
?;?;?;?;?;?;?;?;?;?;?;4;1;36;32;31;23;22;4;1;18;17;14;12;50;21;21;19;16;15;3;8;9;1;18;17;14;12;50;21;21;21;21;19;16;15;3;8;9;4;
?;?;?;?;?;?;?;?;?;?;?;18;17;14;12;50;48;45;44;23;22;4;4;4;4;4;4;1;18;17;14;12;50;21;21;21;21;21;21;21;21;19;16;15;3;8;9;4;4;4;
?;?;?;?;?;?;?;?;?;?;?;4;4;4;4;4;4;4;1;18;17;14;12;50;21;21;21;19;16;15;3;8;9;4;4;4;4;1;18;17;14;12;50;21;21;21;21;21;21;21;
?;?;?;?;?;?;?;?;?;?;?;23;22;4;4;4;1;18;17;14;12;36;32;31;23;22;4;4;4;4;4;1;18;17;14;12;50;21;21;21;21;21;21;21;21;21;21;21;19;16;
?;?;?;?;?;?;?;?;?;?;?;10;53;52;50;21;19;16;15;3;8;9;4;1;18;17;14;12;50;21;21;21;19;16;15;3;8;9;4;4;1;18;17;14;36;32;31;23;22;4;
?;?;?;?;?;?;?;?;?;?;?;18;17;14;12;50;48;45;20;40;38;37;2;29;21;21;21;21;21;21;21;21;21;21;21;19;16;15;3;8;9;4;4;4;4;4;4;4;4;4;
?;?;?;?;?;?;?;?;?;?;?;32;31;23;22;4;4;1;36;32;31;23;22;4;4;4;1;18;17;36;32;31;23;22;4;1;18;17;14;12;50;21;21;21;21;21;21;21;21;19;
?;?;?;?;?;?;?;?;?;?;?;4;4;1;18;17;14;12;50;21;21;21;21;21;21;21;21;21;21;21;21;21;21;21;21;21;21;19;16;15;3;8;9;4;4;1;18;17;14;12;
?;?;?;?;?;?;?;?;?;?;?;10;53;52;50;21;21;19;16;15;42;41;39;0;7;6;13;4;4;4;4;4;4;4;4;4;4;4;4;1;18;17;14;12;50;48;45;44;23;22;
?;?;?;?;?;?;?;?;?;?;?;4;4;4;4;4;4;4;4;1;18;17;14;12;50;21;21;21;21;21;21;21;21;21;21;19;16;15;3;8;9;4;1;18;17;14;12;50;48;45;
?;?;?;?;?;?;?;?;?;?;?;31;23;22;4;4;4;1;36;32;31;23;22;4;1;18;17;14;12;50;21;21;19;16;15;3;43;11;10;53;52;50;21;21;21;21;21;21;21;21;
?;?;?;?;?;?;?;?;?;?;?;48;45;44;23;22;4;1;18;17;14;12;36;32;31;23;43;11;10;53;52;50;21;21;21;21;21;21;19;16;15;3;8;9;4;4;4;4;4;4;
?;?;?;?;?;?;?;?;?;?;?;48;45;20;40;38;37;2;29;21;19;16;15;3;8;9;4;4;4;4;4;4;4;4;4;1;18;17;14;12;50;21;21;21;21;21;19;16;15;3;
?;?;?;?;?;?;?;?;?;?;?;31;23;22;4;4;4;1;18;17;14;12;36;32;59;57;55;54;2;29;21;21;21;21;19;16;15;3;8;43;11;10;53;52;50;21;21;19;16;15;
?;?;?;?;?;?;?;?;?;?;?;45;44;23;43;11;10;53;52;50;48;45;44;23;22;4;4;4;4;4;4;4;4;4;4;1;18;17;14;12;50;21;19;16;15;3;8;9;4;4;
?;?;?;?;?;?;?;?;?;?;?;21;21;21;21;19;16;15;3;8;9;4;4;4;4;1;18;17;14;12;50;48;45;44;23;22;4;4;1;18;17;14;12;50;21;21;21;21;21;21;
?;?;?;?;?;?;?;?;?;?;?;23;22;4;1;18;17;14;12;50;21;21;21;21;19;16;15;3;8;9;4;4;1;18;17;14;12;50;21;21;21;21;19;16;15;3;8;9;1;18;
?;?;?;?;?;?;?;?;?;?;?;4;1;18;17;14;12;50;21;21;21;21;21;21;21;21;21;21;21;21;19;16;15;3;8;43;11;10;53;52;50;21;21;21;21;21;21;21;21;21;
?;?;?;?;?;?;?;?;?;?;?;21;21;19;16;15;3;8;9;4;4;4;1;18;17;14;12;50;21;21;21;21;21;21;21;21;21;21;19;16;15;3;8;9;4;4;4;4;4;4;
?;?;?;?;?;?;?;?;?;?;?;31;23;22;4;1;18;17;14;12;50;48;45;44;23;22;43;11;10;53;52;50;21;19;16;15;3;8;9;4;4;4;1;18;17;14;36;32;31;23;
?;?;?;?;?;?;?;?;?;?;?;18;17;14;12;50;21;21;21;21;21;21;19;16;15;3;8;9;4;4;1;18;17;14;36;32;31;23;22;4;4;4;4;1;18;17;14;12;50;21;
?;?;?;?;?;?;?;?;?;?;?;31;23;22;4;4;1;18;17;14;12;50;21;21;21;21;21;21;21;21;21;19;16;15;3;8;9;4;4;4;4;1;18;17;14;12;50;21;21;19;
?;?;?;?;?;?;?;?;?;?;?;5;51;49;47;46;44;23;22;4;4;1;18;17;14;12;36;32;31;23;22;4;4;4;1;18;17;14;12;50;21;21;19;16;15;3;8;9;4;4;
?;?;?;?;?;?;?;?;?;?;?;1;18;36;32;31;23;22;4;4;4;4;1;18;17;14;12;50;21;21;21;21;21;21;21;21;21;19;16;15;3;8;9;4;1;18;17;14;12;50;
?;?;?;?;?;?;?;?;?;?;?;21;21;19;16;15;3;8;9;4;4;1;18;17;14;12;50;21;19;16;15;3;8;9;4;4;4;1;18;17;14;12;50;21;21;21;21;21;21;21;
?;?;?;?;?;?;?;?;?;?;?;4;4;4;1;18;17;14;12;50;21;21;21;21;21;19;35;34;33;30;28;27;26;25;24;29;21;21;21;21;21;21;21;21;21;21;21;21;19;16;
?;?;?;?;?;?;?;?;?;?;?;45;44;23;22;4;4;4;1;18;17;14;12;50;21;21;21;19;16;15;3;8;9;4;4;4;4;4;4;4;4;4;4;4;4;4;4;4;4;1;
?;?;?;?;?;?;?;?;?;?;?;32;31;23;22;4;4;1;18;17;14;12;50;21;21;21;21;19;16;15;3;8;43;11;10;53;52;50;48;45;44;23;22;4;4;4;1;18;17;14;
?;?;?;?;?;?;?;?;?;?;?;5;51;49;47;46;44;23;22;4;4;4;4;4;4;4;4;4;1;18;17;14;12;50;21;21;19;16;15;3;8;9;4;4;4;4;4;4;4;4;
?;?;?;?;?;?;?;?;?;?;?;4;1;18;17;14;12;50;21;21;21;21;21;19;16;15;3;8;9;4;4;1;18;17;14;12;36;32;31;23;22;4;4;4;4;4;4;4;4;4;
?;?;?;?;?;?;?;?;?;?;?;19;16;15;3;8;9;1;18;17;14;36;32;31;23;22;4;4;4;4;4;4;4;4;4;4;4;4;4;4;4;4;1;18;17;14;12;50;21;19;
?;?;?;?;?;?;?;?;?;?;?;18;17;14;12;50;48;45;44;23;22;43;11;10;53;52;50;48;45;44;23;22;4;1;18;17;14;12;50;21;21;21;19;16;15;3;8;9;4;1;
?;?;?;?;?;?;?;?;?;?;?;23;22;4;4;4;1;18;17;14;12;36;35;34;33;30;28;27;26;25;24;19;16;15;3;8;9;4;4;4;4;4;4;4;1;18;17;14;12;50;
?;?;?;?;?;?;?;?;?;?;?;19;16;15;3;8;9;4;4;4;1;18;17;14;12;50;21;19;16;15;3;8;9;4;4;4;4;4;1;18;17;14;12;50;21;19;16;15;3;8;
?;?;?;?;?;?;?;?;?;?;?;45;44;23;22;4;4;4;4;4;4;4;4;4;4;4;1;18;17;14;12;50;21;21;21;21;21;21;21;21;21;21;21;21;21;21;21;21;21;21;
?;?;?;?;?;?;?;?;?;?;?;10;53;52;50;21;19;16;15;3;8;9;1;18;17;14;12;36;32;31;23;22;43;11;10;53;36;32;31;23;22;4;4;4;4;4;4;4;4;4;
?;?;?;?;?;?;?;?;?;?;?;10;53;52;36;32;31;23;22;4;4;1;18;17;14;12;36;32;31;23;22;4;4;4;4;4;4;4;4;1;18;17;14;12;50;21;19;16;15;3;
?;?;?;?;?;?;?;?;?;?;?;60;58;56;5;51;49;21;21;21;19;16;15;3;8;9;4;4;4;4;4;4;4;4;4;1;18;17;14;12;50;21;21;21;21;21;21;21;21;21;
?;?;?;?;?;?;?;?;?;?;?;21;21;21;21;21;21;21;21;19;16;15;3;8;9;4;4;4;4;4;4;4;4;4;4;4;4;4;4;4;4;4;4;1;18;17;14;12;36;32;
?;?;?;?;?;?;?;?;?;?;?;21;21;21;21;21;21;21;21;21;21;19;16;15;3;8;9;1;18;17;14;12;36;32;31;23;43;11;10;53;36;32;31;23;22;4;4;4;4;4;
?;?;?;?;?;?;?;?;?;?;?;10;53;52;50;21;21;21;21;21;21;21;21;21;21;21;21;19;16;15;3;8;9;4;4;4;4;4;4;4;4;4;4;4;4;4;4;4;4;4;
?;?;?;?;?;?;?;?;?;?;?;45;44;23;22;4;4;1;18;17;14;12;50;21;19;16;15;3;8;9;4;1;18;17;14;12;50;21;21;21;21;21;21;21;21;21;21;19;16;15;
?;?;?;?;?;?;?;?;?;?;?;11;10;53;52;50;21;19;16;15;42;41;39;5;36;32;31;23;22;4;4;4;4;4;4;4;4;4;4;4;1;18;17;14;12;50;21;21;21;21;
?;?;?;?;?;?;?;?;?;?;?;10;53;52;36;32;31;23;22;4;4;4;4;4;4;4;4;4;4;4;1;18;17;14;12;50;21;21;21;21;21;21;21;21;21;19;16;15;3;8;
?;?;?;?;?;?;?;?;?;?;?;19;16;20;40;38;37;2;29;21;21;21;21;19;16;15;3;8;9;4;4;4;4;4;4;4;4;4;4;4;4;4;4;4;4;4;4;4;1;18;
?;?;?;?;?;?;?;?;?;?;?;43;0;7;6;13;4;4;4;4;1;18;17;14;12;36;32;31;23;22;4;4;4;4;4;4;4;4;4;1;18;17;14;12;50;21;21;21;19;16;
?;?;?;?;?;?;?;?;?;?;?;23;22;4;1;18;17;14;12;50;48;45;44;23;22;4;4;4;4;1;18;17;14;12;50;21;21;21;21;21;21;19;16;15;3;8;9;4;4;4;
?;?;?;?;?;?;?;?;?;?;?;21;19;16;15;3;8;9;4;4;1;18;17;14;12;50;21;21;21;21;19;16;15;3;8;9;4;4;4;4;4;4;4;4;4;4;4;4;4;4;
?;?;?;?;?;?;?;?;?;?;?;10;53;52;50;48;45;44;23;22;4;4;4;4;4;4;4;4;4;1;18;17;14;12;50;21;21;21;21;21;21;21;21;19;16;15;3;8;9;4;
?;?;?;?;?;?;?;?;?;?;?;32;31;23;43;11;10;53;52;50;48;45;44;23;22;4;4;4;4;4;4;4;4;4;4;4;4;1;18;17;14;12;50;21;21;21;21;21;21;21;
?;?;?;?;?;?;?;?;?;?;?;21;19;16;15;3;43;11;10;53;52;50;21;21;21;21;21;19;16;15;3;8;9;4;4;4;4;4;4;4;4;1;18;17;14;12;50;21;21;21;
?;?;?;?;?;?;?;?;?;?;?;11;10;53;52;50;21;21;21;21;21;21;19;16;15;3;8;9;4;4;4;1;18;17;14;12;36;32;31;23;22;4;4;4;4;1;18;17;14;12;
?;?;?;?;?;?;?;?;?;?;?;45;44;23;22;4;1;18;17;14;12;50;21;21;21;21;19;16;15;3;8;9;4;4;4;4;4;4;4;4;4;4;4;4;4;4;4;4;4;1;
?;?;?;?;?;?;?;?;?;?;?;11;10;36;32;31;23;22;4;4;1;18;17;14;12;50;21;19;16;15;3;8;9;4;4;1;18;17;14;12;50;21;21;19;16;15;3;8;9;4;
?;?;?;?;?;?;?;?;?;?;?;32;31;23;22;4;4;4;4;4;4;4;4;4;1;18;17;14;12;50;21;21;21;21;21;21;21;21;21;21;21;21;21;21;21;19;16;15;3;8;
?;?;?;?;?;?;?;?;?;?;?;1;36;32;31;23;22;4;4;1;18;17;14;12;50;21;21;19;16;15;3;8;9;4;4;1;18;17;14;12;50;21;21;21;21;21;21;21;21;21;
?;?;?;?;?;?;?;?;?;?;?;32;31;23;22;4;1;18;17;36;32;31;23;22;4;4;1;18;17;14;12;50;21;21;21;21;21;21;21;21;19;16;15;3;43;11;10;53;52;50;
?;?;?;?;?;?;?;?;?;?;?;10;53;52;50;21;21;19;35;34;33;30;28;27;26;19;16;15;3;8;9;4;4;4;4;4;4;4;4;4;4;4;4;4;4;4;1;18;17;14;
?;?;?;?;?;?;?;?;?;?;?;5;51;49;21;21;21;21;21;21;21;21;21;21;21;21;21;19;16;15;3;8;9;4;4;4;4;4;4;4;4;4;4;4;4;4;4;4;4;4;
?;?;?;?;?;?;?;?;?;?;?;15;3;8;9;4;4;4;1;18;17;14;12;36;32;31;23;22;4;4;4;4;4;4;4;1;18;17;14;12;50;21;21;19;16;15;3;8;9;4;
?;?;?;?;?;?;?;?;?;?;?;4;4;4;4;4;4;4;1;18;17;14;12;50;21;21;21;21;21;21;21;19;16;15;3;8;9;4;4;4;1;18;17;14;12;50;21;21;21;21;
?;?;?;?;?;?;?;?;?;?;?;21;19;16;15;3;8;43;11;10;53;52;50;21;21;21;21;19;16;15;3;8;9;4;4;4;4;4;4;1;18;17;14;12;50;21;21;21;21;21;
?;?;?;?;?;?;?;?;?;?;?;18;17;14;12;50;21;21;21;21;21;21;21;21;21;19;16;15;3;8;9;1;18;17;14;36;32;31;23;22;4;4;4;4;1;18;17;14;12;50;
?;?;?;?;?;?;?;?;?;?;?;11;10;53;52;50;48;45;44;23;43;11;10;53;36;32;31;23;22;4;4;4;4;4;4;4;4;4;4;4;1;18;17;14;12;50;21;19;16;15;
?;?;?;?;?;?;?;?;?;?;?;11;10;53;52;50;21;19;16;15;3;8;9;4;4;4;4;4;4;4;4;4;4;4;4;4;4;4;4;4;1;18;17;14;12;50;21;19;16;15;
?;?;?;?;?;?;?;?;?;?;?;32;31;23;22;43;11;10;53;52;36;32;31;23;43;11;10;53;52;50;21;19;16;15;3;8;43;11;10;53;52;50;21;21;21;21;19;16;15;3;
?;?;?;?;?;?;?;?;?;?;?;11;10;53;52;50;48;45;44;23;22;4;4;4;4;4;4;4;4;4;4;1;18;17;14;12;50;21;21;21;21;21;21;21;21;19;16;15;3;8;
?;?;?;?;?;?;?;?;?;?;?;53;52;50;21;19;16;15;3;8;9;4;4;1;18;17;36;32;31;23;22;4;4;4;1;18;17;14;12;50;21;21;21;19;16;15;3;8;9;4;
?;?;?;?;?;?;?;?;?;?;?;32;31;23;22;43;11;10;53;52;50;21;21;21;19;35;34;33;0;7;6;13;4;4;4;4;4;4;4;4;4;4;4;4;1;18;17;14;12;50;
?;?;?;?;?;?;?;?;?;?;?;32;31;23;22;43;11;10;53;52;50;21;19;16;20;40;38;37;2;29;36;32;31;23;22;4;4;4;4;4;4;4;4;4;1;18;17;14;12;50;
?;?;?;?;?;?;?;?;?;?;?;18;17;14;12;36;32;31;23;22;4;4;4;4;4;4;1;18;17;14;12;50;21;21;21;21;21;19;16;15;3;43;11;10;53;52;36;32;31;23;
?;?;?;?;?;?;?;?;?;?;?;32;31;23;22;4;4;1;18;17;14;12;50;21;21;21;21;21;21;21;21;19;16;15;3;8;9;1;18;17;14;12;50;21;19;16;15;3;8;9;
?;?;?;?;?;?;?;?;?;?;?;31;23;22;4;1;18;17;14;12;50;48;45;44;23;22;4;1;18;17;14;12;50;21;21;21;21;21;21;21;21;21;19;16;15;3;8;9;4;4;
?;?;?;?;?;?;?;?;?;?;?;21;21;21;21;21;21;21;19;16;15;3;8;9;1;18;17;14;12;50;48;45;44;23;22;4;4;4;4;4;4;4;4;4;4;4;4;4;4;4;
?;?;?;?;?;?;?;?;?;?;?;4;4;4;4;1;18;17;14;12;50;21;21;19;16;15;3;8;9;1;18;17;14;12;50;21;21;21;21;19;16;15;3;8;9;4;4;4;4;1;
?;?;?;?;?;?;?;?;?;?;?;10;53;52;50;21;19;16;15;3;8;9;4;4;4;4;4;4;4;4;4;4;4;4;4;1;18;17;14;12;50;21;21;19;16;15;3;8;9;4;
?;?;?;?;?;?;?;?;?;?;?;45;44;23;22;4;1;18;17;36;32;31;23;22;4;4;1;18;36;32;31;23;22;4;4;4;4;4;4;4;4;4;4;4;4;4;1;18;17;14;
?;?;?;?;?;?;?;?;?;?;?;18;17;14;12;50;48;45;44;23;43;11;10;53;52;50;21;21;21;21;21;21;21;21;21;21;19;16;15;3;8;43;11;10;53;52;50;21;21;21;
?;?;?;?;?;?;?;?;?;?;?;11;10;53;52;36;32;31;23;43;11;10;53;52;36;32;31;23;22;4;4;4;1;18;17;14;12;50;21;21;21;21;21;21;21;21;21;21;19;16;
?;?;?;?;?;?;?;?;?;?;?;11;10;53;36;32;31;23;22;43;11;10;53;52;50;21;21;21;19;16;15;3;8;9;4;4;4;4;4;4;4;1;18;17;14;12;50;21;21;21;
?;?;?;?;?;?;?;?;?;?;?;31;23;43;11;10;53;52;50;48;45;44;23;22;4;4;1;18;17;14;12;50;21;21;21;19;16;15;3;8;9;4;4;4;4;4;4;4;4;1;
?;?;?;?;?;?;?;?;?;?;?;7;6;13;4;4;1;18;17;14;12;50;21;21;19;16;15;3;8;9;4;1;36;32;31;23;22;4;4;4;4;4;1;18;17;14;12;50;21;19;
?;?;?;?;?;?;?;?;?;?;?;21;21;21;21;21;21;21;21;21;19;16;15;3;8;9;4;4;4;4;4;4;4;4;4;4;4;4;4;4;4;4;4;4;4;4;4;4;1;18;
?;?;?;?;?;?;?;?;?;?;?;10;53;52;50;48;45;44;23;22;4;4;4;4;4;4;4;4;4;1;18;17;14;12;50;21;19;16;15;3;8;9;4;4;4;4;4;4;1;18;
?;?;?;?;?;?;?;?;?;?;?;8;9;4;4;1;18;17;14;12;50;21;21;21;21;21;21;21;21;19;16;15;3;8;9;4;4;4;4;4;1;18;17;14;12;50;48;45;44;23;
?;?;?;?;?;?;?;?;?;?;?;11;10;53;36;32;31;23;22;4;4;4;4;4;4;4;4;4;4;1;18;17;14;12;50;21;19;16;15;3;8;43;11;10;53;52;50;21;21;21;
?;?;?;?;?;?;?;?;?;?;?;31;23;22;4;1;18;17;14;12;36;32;31;23;22;4;4;4;4;4;4;1;18;17;14;12;50;21;21;21;21;21;21;19;16;15;3;8;9;1;
?;?;?;?;?;?;?;?;?;?;?;18;17;14;12;50;21;21;19;16;15;42;41;39;5;51;49;21;21;21;19;16;15;3;8;9;4;4;4;4;1;18;17;14;12;50;21;21;21;19;
?;?;?;?;?;?;?;?;?;?;?;19;16;15;3;8;9;4;4;1;18;17;36;32;31;23;22;4;4;4;4;4;4;4;4;1;18;17;14;12;50;21;21;21;21;21;21;21;21;21;
?;?;?;?;?;?;?;?;?;?;?;22;4;4;1;18;17;14;12;50;21;19;16;15;42;41;39;5;51;36;32;31;23;22;4;4;4;4;4;4;4;1;18;17;14;12;50;21;21;21;
?;?;?;?;?;?;?;?;?;?;?;39;5;51;49;21;21;21;21;21;21;21;21;21;21;19;16;15;3;8;9;4;4;4;4;4;1;18;17;14;12;50;21;21;21;21;19;16;15;3;
?;?;?;?;?;?;?;?;?;?;?;11;10;53;36;32;31;23;22;43;11;10;53;52;50;21;19;16;15;3;8;9;4;4;4;1;18;17;14;12;50;21;19;16;15;3;8;9;4;4;
?;?;?;?;?;?;?;?;?;?;?;39;5;51;49;21;21;19;16;15;3;8;9;1;18;36;32;31;23;22;4;4;4;4;4;4;4;4;4;4;4;4;4;4;4;4;4;4;4;4;
?;?;?;?;?;?;?;?;?;?;?;45;44;23;22;4;1;18;17;14;12;50;48;45;44;42;41;39;5;36;32;31;23;22;4;4;1;18;17;14;12;36;32;31;23;22;4;4;4;4;
?;?;?;?;?;?;?;?;?;?;?;32;31;23;22;43;11;10;53;52;50;21;21;21;21;21;21;21;21;21;19;16;15;3;8;9;4;4;4;4;4;4;4;1;18;17;14;12;50;21;
?;?;?;?;?;?;?;?;?;?;?;21;21;21;21;21;21;21;21;21;19;16;15;3;8;9;1;18;17;14;12;50;21;21;21;21;21;19;16;15;3;8;9;4;4;4;4;4;1;18;
?;?;?;?;?;?;?;?;?;?;?;11;10;53;52;36;32;31;23;22;4;4;4;4;4;4;4;4;4;4;4;1;18;17;14;36;32;31;23;22;43;11;10;53;36;32;31;23;22;4;
?;?;?;?;?;?;?;?;?;?;?;21;21;21;21;21;21;19;16;15;3;8;9;4;4;1;18;17;14;12;50;48;45;44;23;22;4;4;4;4;1;18;17;14;12;50;21;21;21;21;
?;?;?;?;?;?;?;?;?;?;?;1;18;17;14;36;32;31;23;43;11;10;53;52;50;21;21;19;16;15;3;8;9;4;1;18;17;14;12;50;21;21;21;21;21;21;21;21;21;19;
?;?;?;?;?;?;?;?;?;?;?;21;21;21;21;21;21;21;21;21;21;21;19;16;15;3;8;9;4;4;4;4;4;4;4;4;4;4;4;4;4;4;4;4;4;4;4;4;4;4;
?;?;?;?;?;?;?;?;?;?;?;4;4;4;4;4;1;18;17;14;12;50;21;21;21;19;16;15;3;8;9;4;4;4;4;4;4;1;18;17;14;12;50;21;21;21;21;19;16;15;
?;?;?;?;?;?;?;?;?;?;?;11;10;53;52;50;21;21;21;21;21;21;21;19;16;15;3;8;9;4;1;18;17;14;12;36;32;31;23;22;4;4;4;4;4;4;4;4;4;4;
?;?;?;?;?;?;?;?;?;?;?;11;10;53;36;32;31;23;22;4;4;1;18;17;14;12;50;21;21;21;21;21;21;21;21;19;16;15;3;8;9;4;4;1;18;17;14;12;50;21;
?;?;?;?;?;?;?;?;?;?;?;32;31;23;22;43;11;10;53;52;50;21;21;19;16;15;3;8;9;4;4;4;4;4;1;18;17;14;12;50;48;45;44;23;22;4;4;4;1;18;
?;?;?;?;?;?;?;?;?;?;?;21;21;21;21;21;19;16;15;3;8;9;4;4;4;1;18;17;14;12;50;21;21;21;21;21;21;19;16;15;3;8;9;4;4;4;4;4;4;4;
?;?;?;?;?;?;?;?;?;?;?;21;19;16;15;3;8;9;4;4;4;4;4;4;4;4;4;4;4;4;4;4;4;4;4;4;1;18;17;14;12;50;48;45;44;23;22;4;4;4;
?;?;?;?;?;?;?;?;?;?;?;21;21;21;21;21;19;16;15;3;8;9;4;4;4;1;18;17;14;12;50;21;19;16;15;3;8;9;4;4;4;4;4;1;18;17;14;12;50;48;
?;?;?;?;?;?;?;?;?;?;?;53;52;50;21;21;19;16;15;3;43;11;10;36;32;31;23;22;4;4;1;18;17;36;32;31;23;22;4;4;4;1;18;17;14;12;36;32;31;23;
?;?;?;?;?;?;?;?;?;?;?;32;31;23;22;4;4;4;1;18;17;14;12;50;21;21;21;21;21;21;19;16;15;3;8;9;4;1;18;17;14;12;50;21;21;21;21;21;21;21;
?;?;?;?;?;?;?;?;?;?;?;37;2;36;32;31;23;22;4;4;4;4;1;18;17;14;12;50;21;21;21;21;21;21;21;19;16;15;3;8;9;4;1;18;17;14;12;50;21;21;
?;?;?;?;?;?;?;?;?;?;?;11;10;53;52;36;32;31;23;43;11;10;53;52;50;48;45;44;23;43;11;10;53;52;50;21;21;21;19;16;15;3;8;9;4;4;4;1;18;17;
?;?;?;?;?;?;?;?;?;?;?;21;19;35;34;33;30;0;7;6;13;4;4;4;1;18;17;14;12;50;48;45;44;23;22;4;4;4;4;4;1;18;17;14;12;50;21;21;19;16;
?;?;?;?;?;?;?;?;?;?;?;21;19;16;15;3;8;9;4;4;4;4;4;1;18;17;14;12;50;21;21;21;21;19;16;15;3;8;9;4;4;4;1;18;17;14;12;50;21;21;
?;?;?;?;?;?;?;?;?;?;?;10;53;52;50;48;45;44;23;22;4;4;1;18;17;14;12;50;21;19;16;15;3;8;9;4;4;4;4;4;4;1;18;17;14;12;50;21;21;21;
?;?;?;?;?;?;?;?;?;?;?;10;53;52;36;32;31;23;22;43;11;10;53;52;50;21;19;16;15;3;8;9;4;4;4;1;18;17;14;12;50;21;21;21;19;16;15;3;8;9;
?;?;?;?;?;?;?;?;?;?;?;4;4;4;4;4;4;4;4;4;1;18;17;14;12;50;21;21;21;21;21;21;21;21;21;21;21;21;21;21;21;21;21;21;21;21;21;21;21;21;