01100111110001101100111001001111100111001111100110001110011001000111001100000110011111000001001111001001100111100000000101110111110001101100000001100110001100011001100011011100000010011001101001100111001110011111000000111100110110011001110010110110000011001100110000110110011000111011000001111001101011110000011011110011001100100011111110001100111110
00110001111101100010010011011001000101100011100101110001110011000000111100111100011001111001001110000011100101111001100000111111000110001111011001111000011011011001100101100111100010001111100011001110110011001100000111111100001111100000000110001110011001001111000011111110010000011000110111001100011011011000110010011001100011110000110011011101100111
11001001110100000011110000110010001111000110010001100110110000011110011000110011100000011110010000011100110100111000001011011100000111000111100011000110110000111111000110001001101011100000011001100100110000001100100110000001111000110110110111000000000111100100001100110001110000110000000011111000101100111100100011100000110011011000110110110010011001
11011100001111000110100100000011001110000011110010011001100010011001100111000101110000011100110001111000110001100110011001000010011100000011110010110011001110010001110000100010111100100110010011001001100110111000000001111100111110010011000111110011001101100100101101100011001100111110000011100001100101001100101110011001110011001101110110000110011000
00001110000110011000010011001100111000011100001111000001100011111001110110000001100110001111011000011000011010011011011011000001111110011001101001001111011000110110000110110011000011001110011010000111110000111000110000011100000110101100100011001100100001100110001000011100110001100110100001110010001100001001001000110011001111000111101100111000000111
10011110001001100100111100100111100001011011110001100001100011000110100110000111100111100011001001110000101101111001000001100000001101110011001111000110011100011001100110110110001101000100111101100010011000110010000011111100001011111000110000111100100110011111010001100011011001100000011101100110010110011100110011100110001111000110011111001110110000
10111010001011100110010011111100111000111101101000111011001110000111100011110000111001100110001100100110100011000011100010100011011001011110011001101100101101111001100011000110010110001111100001110110001001110001011011000011011001100000111110110000111110001111100000001000111100111101000100100010001110111100011100001100110011011000000001100110100011
10111000011000011011100011100001101110011011001100011011000111110001110011001100110110110011110001001100110011100111001110010010011111100000110011011110000111000000100111000110011100110010001011001100011001001100010111011000001101110000011010000000110001100111000111110000111000111100100011100011101100110111111000000001001001001101100111000110011001
01100011111001100100110001111100001101100110010011001100110111100101100110111100110000110000000101111100000110011101110110000110111001000000111000000111011100001100110000111100011010000110111000010011110010011100100110011001100110010001101100011001111011001100001001100111110000111000011011000110110001110010000111000001101100110001001111000111101100
11010010011100110000111111001100111001111000011100001110000001110000110000000111100000110010011110001101001001100011001101110011001000110011001000111000000011100010000000100110001111110000110000011110000011111000110011000111001100001111000001100111111100100001110000011001101001001100000001100110001110001110011001100000110010000100111111100110011100
11001111001100001100111100000000011100000110001100011110010111001110001100001111001001100011000010011000011000011000001100001110011101110101100000111000110010011110001111100001101100110010010110011011110011100111000111100110001111100001110001000111100100110011001100100011110011100100010010011001001111011001110000111110001111110111001101100110011101
11100100110011000010001111100011110010011100011100110000111100010011111100101100111111000101111001111000000011100001000000011111100100011101100001100000011101110001100111101100000110000011100001110000011110111100010000011001111001101100000111111001001100000100011111011100000000110001011101000011001111100000011111010011000011001101100000000111001100
11001110011100000110000110011001101000011110011100011001100001100110011110000110011111100110100110001111100111001100101100001111000110000011100000011011110110110000100011101100011110000100101001100001101100001110000011111000011000010010011110011000001110010010111001100011110001000010111001100010001100100011110010110011000111000011000110010110011001
10011001111001000110000111001111000111001100111000011110000100111111001100111100011000110011100011001000011100011111001100010000011011000011000111000111001110110000110000111001100000010111001100011000001111110001100011001000110011100011110000011011100001110000011001110111000000111100110000110010011100011110000111111000000100011110010011000110110110
00011001101110010011100100011111100111001100110001101100100001110000010010011000111000011111100011111110001110000001111001000110111101110000001111110000101110110011001100110111010000110000001111001001100111001111011110001110010010010011100110110011001100000110011001000111110001100000110010011100000011000011110110010011001000000001100110111001110000
11100110011001001110011001101100010011011000100011100011011001101100001100111100100110011000100111001110001110000011110001100001101111001001111001110010011000000110110010000100111010011000011110000001110010000011001111000111011000011000000001100110011000011000000011100110010110001111000000001110001110001110010010110001110110010001110000111000100110
11101100100011000110000011110010001111100000111110001001100001100111001100110011100001110100100111111000110001011111001100001111100010011110000110001110001100110011110001110001001101000111100110001111000111001100000110011110011001100111100001110000100001110000111011100000110011100001001111000000001110000001100111110110011000100011110001110000110001
10011000110001100111100100111110001001100110001110000110011110011000011111100011001100110011001100011100011011101111010001110010000011001001100111110001110110001110011011101110011100011000001110110011001100110000000011000101100001111100011100110001111000011001100001111011100000001101100011000100110001100001100011011110011000010011001110110011011011
11000111110000110110011101100111000100001100110011110001110001111001100110100001100011100011100110011001111001000001101111100011100001100011001111000111000110010011100000011001001101001100101100110000101100110001101110000110001110011110010000011101100010000110110111100111100110000011011000100101101101100110011001100001101100101101000110000001000011
00111110011000011100000010000110010000110011000001111100011001110110011000100110011101001000000111000100011100100100011101100000111001100110011011011000000001111001110000011001110011000001011001100001100011000001111110011011100100110010110010010001110000011000010011000011001100001111001100011110001111000011000100111000001100000110011001100000001001
10111100010011100011101101000100011101100110110011000001110001110001111000000001100011100110000111001100001100110011000100111000011001001000100110011001111111000000001110111001000001101110010000001011100110001111100011001110000111000100001110001111000000111100010100011001100100110001100010111110110010011100011000110100011111001100000111011010000110
00000001111000110110001110011100011011001000011100111101100110011110001011011011101000101100110001101110001110000000111111100000011110011011001100000011110001101000011100110001100110000001111000110001100011001100011000001100001011001110000111111000011001110000110011100000110011001100000111001001101100101100111010000001110110010011100000001101001100
00000001100111000110001100110010011001100011111001100011001101111000111110001100110000011000010000111110011000011110111100110011001001110000000111111001011000011001111001100001111111110011001100001111000001101111100010011111001111000000111001110001110011100110000011001100100111001101001100110011000111110001001110000111110001100100011100110110001001
00110001110000111011000011100001011110001110001100110111111110000000001011001110000011001100100010110011000110000010001001110001001011100011111001000111000001110110010000110111000110111000011100011001001111010000111100000111100001111001001100100110110001000000111011101100011011101100000000001100100010011000110011001111000001100111100100110011100110
01100001100111100111100111111101001101100001101101110011001111100001001110011011001001111000011110011100111011101100110011011001100100001110001111100110011110000010100100111001100000011011100110011101000110000110010011110001111001110110001100110001110011001111001011001100111100100001001100100001100100111110000100111101110001110001001101000100011101
01000110000111110000111011001100001011110001111100100111100011110011011110010000111100001100011110110001110011100001100010111001101100011000001100000011011001100010111000101110000110011000011101000011101001001100111011100110110001111111001100100000011011001111000100110111100100110010111000011000000011101111001000110011001100111100011111101100011100
00011110011001000011011000011111100011111110011100000011111000111000001100111101100100110001100001111000011011001100110000111011100110111001110011011100011011001100000100111001100100000110001100110000110000001000111000001111011110011000111000110001111100001100011000011001011100011101000110000110110000111110000111001000110011000011100001110001100011
11100111000001111001100001111001100001110011000111001111000111001100010111011001001111100011100011111000000000111000001001101110000011001001110000110000011100100011110111000011001100110011101001001111100110111011000100111000111001100001110100100000001011100011011010001100011111110011011100111110011001100110011110010111101100000011100011001100010011
00111110011111100000000111001100110000100011001110000111000010011100101110100000011001111100011100011101110100000011100011001000111110000110010011100111000001100111110001110011000011001100010111100111000111100110001111001111110001000110001101110001111100100000011100011111000010001100111111000110001110000111010010011000111101100001110011000110001111
10110110010000111101100110011011011000111100110000111001110100001100110111000000111000100110111000011110000111001110010011000010111100000000110011100100100100110001001100110011100000001101100110001111000111100010011011100001011100101110000111000001100110110010000111100001001011101000110110111100000011001001100111100100111001100011111011100001011011
11110100111001100111000110110111000110110011100110011001111110011001110000000110010011110110000110001101100011110000000000011111000111110011011101001100110011000001111110010001111100010011110000110110001111001100000011100011110011001001100010011011110010011000011011000000011111100011001110010001100111001011111000000111110010110000001110110000001111
10000111011111000100111011001100110001100011110011011000001110001001110011101001111000000110010011001100000111001101111100000110011000111100000000111100101110000011001111001101110011100100011011101001000011000111110010011100001111100100010001100000110000011000110000011100111111001000011110000011100000111000000011011000010001110010011100000111000100
00001001110011001110010011110011001100011000100111100110000011100011000110011111001100011100001101110011011001110000111011001101100110011000111110001100001110011100111000011111100110011100001001110001110010010111000011000001111110010000110001100011111000011000011001110011011100011011000011001101001110000011000110001110000111001100001111111000100111
01110100000110010001100111100000100100110000011100011000110011000011001000011000110011000100011111100001111100111001111000011100011111101110100001100011000000001111001000011100111000001000001111100000100000111100111000000111110000001000011000111111000001111001110000011110011000001100010001011110010000011001001111100000110001111100100001100111111001
10000110011000110011000111011100011001100111110010011111100000101100011110001101000001110011000110000101100001110001100111110110000001110000111111010011111000011101101100011111000011111011000101110011001011001110001101111001000011001001100111100110010111000110110000011100001100001110100111000011001001001101100110110011011010011010001100110011110000
11101001101100010011100111001001100001111000001110011111110011100100000011001100111011001100110001000110000111100000001100000110000110011101100110011001111000111001111100011111000001111100100011000100100110001001111100110001100010000111011001011100000011000111001101110011101000110011000001110010000011101100110000110011100011011001001111000110010001
11100110110011000001111001100010110011110010011100000111011100110011001110011001011001100110001111101100100011100111100010000111111001001100110000000100001111100011001001001100100011110000011101001101100110001101101110011011011100000110011000011011100110000000011111001110011100000110001110011101001000011010001001111000100000111110001110001111000001
01101110000010011111000100110011000011000000011110000111100010010011110010011101100100011011000000010110011011000011000001110001111100111000110011011011000110010000011001100011111110110010001000001100111100001110000100110110001110001110000000111011000111110001001100111000111110110010001110011100000011000111000110011100110011100001001101110001110011
00101100000001110011010011111100011000110001110000001101001110011110011100011100110000011011011110100001111000011110000000111100111111000111001011001011000110001001001001101100110010001100110000001100111001111100111000111001110010000010001110111000001111000111100110011100011000001111001001111000001001100110110000110110011100011001000111110000110110
00011011000001111100010110000110000111100000011111001110110001110011001001100111100111110000011100011001110000000011110000100111100011001000001111000110000110001111100110001100011001111100010000000110110000001100111110011001000111011100110000011000111111000110001100100110011110001110111000111100010000011100110110000011100001100111001100111001001111
01110000011101100000101111111100011001100011110000110011110010001100110110010011001100100001111000101101101110010011001001011000111100110111000011111011011001000000111100011101001001101100100100011001111100110000011111000111111001100100011111100011111000001111110000110010000111010011100111100110001000111000011000111110000001100110110000000111000111
00100010011100100001100111100001110001100111000001011100000110001101100001100110011101111100000001100111100100010001110111001100011110011000011001110000110011000001111100100001111011000100010111100001110011111001100000111100010001100001110110110000110000000111100001101110001100110110000000001101110001100000110011011011000110110001100111011101100011
00000111111000101110110001100111001101110001000011100000110011011000010011100000000111001111000111001100011001001110010010000011100000001111001110001111000000110111100000111100000011110011000111011001100111100011111001100001100110001111000111001000011001111000011000000101110000010110110011001001111110000001110110010001100110000111011100000100110011
01001100010011001111110000110010110110010111000001110010000111100000111111100000111110001110011001100100111001110001111100100110000110001111000000001110011001101100111000011001100110001110011100100011110110011111000010011000111001000010011001111100010011001110011011000110000110011000111001110010000100001110010000011001011010011001110110000110000111
01000111011001000001100011100011000001100000111100110011011001001100010011000110111001110001100011100000001011100010000011000011100001100110011000011100100100110110010110000110101100000111011000100100011000111000101100100001110001100110001100100110110000001111100100111001100000111101001100111100011111110010011000111111010000110001110000111000010000
11000100111001100111000000100111000011100000101110000110001111110000000011110011000110001011111100000001100010000110110000111100001111001111001000000110010001100011110010000110000011100001110111000000110001101101100001110010100011110000011000011110010001111001110000100110011000001111100001001110110001111001101100011001111000011011110001110000011111
10111100001101110011001000000001110100010001011001100100100110100001100001111100001100110110000011100011001110000011011000110011110000010010001100110011001101101011100010001111011110011000110001111000011100110001100101100000111001110110000000111000011001110001001100000110011000011001111001111000101001101100110011000011001111100010000110011001111100
00111000000011011000101001110110001001100110000011111111001111000010110010011110010011000011100100001100111001000000011011001011000111011000111011000001100110001111000111110000011000111111100111001110001001100010011110010000111100000111100001100001111000110011100011011001001100110111001110000011011011000011100001111111110000110011001101100001110001
01110011000111111100111100001110110001111000111111001001110000111011001110001100110001100011100000110001100111100000111100110001001111001101110000101111001100011001110000001110000000011011111000100001111001100110001111000111100100111100011100111100001101111100000100000111100100001100101110001110011001110011001110001111100010011000001100111001111001
00001111011000111001101110011011110011001001000101110011110000001110011001100000111110011000011001111110010011100000011011100100001111001100010111100000001110000001110001100110100001100100111000011000010011100001100011000110010110000011000001100000111001100100100011100011001101000111101100000011110001110000011100110001110011111001000011100011000001
01100100111110000001110000111001110011011100000000111011000111011100000010001110001011111001100110011101110001100110111011000111100100001100110000011110011101100011001100100011110110001100011000111001100011001100010011110000001100111000000001101100110000001101111000001100110010011100100011000011001100111000000110110011110000110110011001100100000010
10000001111001001100011110011001101000000111111110000011000011001110011101100110010011000111000010011100100110011100000111100000011101100111000000001111001101001111100011001000001110001111001110000010011001100011001101100011001100011100100011100000111111100000111000001100001100001100001000011110001111110010000001001111001100001100110000011001001100
11101100011001110000011110000011110000111110000000011011100011001100100111001100000111110010011000000111000110011100000011011100001100111001110000111110000110000011011100000110011100101000011111001101111100101110011111100000111001000111111000000110001111000101110001100111011000111110011011100011000110111100110000011000011100000111000001110111001000
11110000100100110000001000011001111100011110001001001100111001100011100000011110010011100011111011000001100111000000111011010011100001110011110011000101110010011000110111001100100011100100111000111000010010011110011001101110011000111000001100011100011110001100111001110000011010011000001100100011011000110101100100110001101000111101100001111110011100
10111001100110011010011001101000001111100110111000000010011100110011100001100000011100111111100000011110010011001111001000111110000110011100110110001100000111001001001111110011001100011000011011000100110000110111000001110010001000111001110100011000000010001011001100100100010011001111110000110011000001110011001110001111100111010011001100001100110010
01110000111110000001111000011110001000000111100111001011000110001111000001110000111111000011110011000011101100011001100011000100111110000111101100111100110011001111000111100011100111011110110011011100001111000001110000110011001110000000100111110010011011011110011001000100111110000001001110111000111101100010001100111100000011000110111000000110001110
01100111100011000110011100001100001111000011001001100011101100101100110000110010011001100110100110011100111110011000011111001000111110100000001111100011001111001111100000110111000011011000011000011011011100001000111100001110011100000001111100110000010011001001101100011111000001111000111000001100111100000001111001011000111001100011001111001110001110
11100000010001110011100111100011001111000001110001111100110001100000110011100000011011100010011100011011100010011000011111100011000111110001100011000111100000000111100101100100110000011001111100011011110011001110000000000011100100011000000111100011000111110010000111011000010011001100111000001100111100110010000111001000100100111001100001110011100001
11001110001110111001001100111011000001110001011101100101100111100110011110000100111100001100011111110000011100010001101100011001111000100010110010001001101110011100001110000011011001110000011100100111100001111000011001000001100011111000000000011110110011100011000101001100001111100100000111101000111111010000011001001011100001100110100111100100100100
01110001100110110001001000110110100011110000011011110001111011101100111001100011000011101100011001111000111100011110111000011100110000000110011100010010011110011000000110010000111011000100111000111110011100011001100111001100000000110000111110100001100011001001100000111000100110110011000011101101000001101100100100010010011110000110001111001100111110
11000111001100011110000001100001101100111001111000000001100111100100111111111000001110011111000110011100011000000111011000011100001111011100001100110000111100011100100011100000001111111001110000011000100011110010011011000000111110001001111100110001110110010000111110001100100110001111110000011011100011011000111000100000111110011000000001100100011100
11001001110001110000111100000110001100000011100110000110011001110010000000110011000111111111001100011000110001011000000111011001100011001111100011000001100000110001101100100011100001100110110000001111110001000111010001011000001100000111000001110111110011011110001111000000111001000111100011001100110011111100001111100001111100011000000111100000110010
01110001110000011001100111100111000001111000011000111111001110110000100100111110011011001001111100110011001110000110010011001001111001100000111000110011100011100001101100000110000011111110000110011001110001100111111000001001011100011100010000110011111110011001001100110110011100110011011100011001001100001100011001001100110010000101110000000110011100
00111011100000110011100010111111000110010011111110001000111100001100001100000011011110001100110110011100110010001001111001000001111001110011110100110011001100110001110000111110000011100000001111000110011011100010011110011000011100000111110001001111000111110011000011110000011001100011001011100001100110110011000111001111100000001100001110000111000010
00011001100011111100000110011001110011110000000000111000110010111001111000000111100011100001000111000100001111000100001100110111110001100001101110001111110000111001110010001100111100000110011100100100110011001100100011111100001011100110000110010000110100011110010010001101101110001100011111001100110010011001111110000000111100100100100100011101000111
00011001100011111000011001100111111000011001100000111110011111000000011110011100010001100011100110011100110111000010001110110110010000001100011111001100000111000110011000000011011001000001111000111111101101100011100000110000001110011011001110001100000110011000110000100001111100110010001110110011100110001100110111001110001110010011000011100010011100
10110001100000011001100011111001100001101100000111000000010001010011011001110000011001100110011101100001111001110100100110000111000000011001001110000111000111000011011000000111111001001110010011010001111000001001111100100100110100011000010011100011110011100001100100011100000110011001100110011000111001110000110011100110100011111100000110010000110011
00001100111010000101100100110011000111100010011000111000110111011001100110110011111000111011011000111000000110000111111000011110000001111011110011001100000100001101001110001111001100110011001100001110011011001111000100011110001100100111000000011111000001111111000111111100000110010001000110001110001100000110111001100000001101100001100001110011000110
01110000110000110111000100001111100011011001111100011000001100111001110000110001011100111000001110001110001001110111001100011111001100100110000011111000111100001111100000011110000111111000011110000111001100111110011001111111000011110110000001111001100010001111100010011110011001010000001111011001001100011110000000111111001011110001100110111111010000
00111010011111000110001001100011011000111110011100110101110001111000001111000110001110000110011000101111000111000010001111110001001000101100110011111110001000011101111110000010001001110011001100011001001100100010001111000110001100100011111111000000111110000111100110110000100111100000111000111001000100001111110010000011100000000111110001000000110110
00001100111100001100100110001100010000011110000001101100011000111100111000111001100100110111000111000111110011100011011001100000111101100001001100011111000011001000110000110001110000110000100110111100001100000011110010010001111001100110010010001101110001100000110000000111000011100000010111000110011010010011000000111000001100111001110000111000100001
00011111100001101100011100100110100110011110001111100010110001100010111100111011000011000100011100011100001110000011001100100011100010000011100001100011110000010010001111111000110000111110001011110110010111000110000110000001101101101000110011000111000011000001110001111000110010011001110001111110011011100011001111100000110110011001000001111110010010
00110010010010001111000001100110111000011001110001100111000000110001110011011111100001001100111100011110110010010011001011100001101110001000100100110110000110011000111000011100111100100011110111000100011101000111001001111100010001000011000001110100001100000111001101100011001111001111000110001101111110000000111000011100100011001100011111001100110000
10011101011100000100001100001111000011100011110011011111001100011100000100011110011110000001110010011001100000110111100111000000110011101100010111100011110010011100100110011101111000110011100001110001110111100011001101001100000100000011011001110011011100000000001111010000111100110000110011100100110011100000001111001111110001111110001111100100110001
00011011011110000001111000100110011000011111000100110011001001111100011011101100110001111100001000111000100100011111110010011000011001111000100110110011100111100001001110010000110001001111100110000011111100110000001100110001111110001110111000000110110001111100011000100011001000100111001110001001110100011101100110011111001101001001000111000111010000
00111100000000110011001110000111111001001110110111000011110110001110000110000110010011001100011100011001100111110000011110000011000000111111000110011100011111100001100100011000111001101110011011000110110011111001100100001111111001100011000011111001101110001100010011000011011100001111000111010010000100110011001100000011110001100110000110011000110011
11101100100111000011000011100001100001100011001001111100010011000001111100011100110010011111110000111111000000011000111000011111110000011011110000001101110010000011110000000011011110000011110011001001100110000010001000111100000110001111001111100110001110110000011111000001110001111000011111000001000001101110001001000011111100000111100010011001100000
10011011001000110110000111001111111100001101100011000111110000000110010001001110011100110000011100111100111110011001001110001100000100000110011101100110000001110111000001110010001111111000100011111000001000011101100000110000110000110001111100000000011011100000001101100110011001100000011110000001100111110000110001100110011111011001100001110001111101
11110000000001001100010001110111111000011110000100100011111000011001100011111100110010011100010011100010001110000011100011100110110000001101100001110000110111110010000110111001000001000110011111100001110000001100011011100100100111111000110001101100011111001110000100111011001001110000001100111000110001100000111110011100011111000111100000110110011000
00011000000111100111111001100111110000001100111100000111100001110001100111001111000000111001011111000000000111001111110000011100111100110001100011100100010001100011110011000111110001111000000111111100100111100011100011000011111111111000000111100001110000100001111001101100110100100001111100000110011001001000000011110011000011011000000111111100011100
11001100011011000000111010011000110000111111100110011000101111001111100100001111001110000011101001001000111000001000111110111000011111110001000100110011110001100001100100111000110010111001000111010001110001100100011001110001110011001100001111000111100110011001111100110000011001100010001101100011100111110001100011101100011101100100100111110001111001
10011000001000010111000011111001001011000111101101100111101100011100001111111000011111001001111000011010011000110000000110000011100011000011111000011000111001111011000111000000011110000000011101000001111100001101100100010011100001110010011000011110010011100000100011001111100110001100110000111001100000011111000010011001111110000110110000011000000100
01110001001100110110000011100010111000001000001111100111000000011100010011000001111000111000001001111001111000000001000011101000011011100100110011000000011110011000110000001111101111110000111100011110000000011001100001111100001000001100101001111000011001000000110011001001100100011111000111111000110011100000101100110000001110000011100110011001100100
00011100000001110001100011100001110100011100111110001111000111001001111101011110000100011001000111011111000111000100111001001100111110000110011111000011001011110000111100000110011101110000001111100011000010010001101001110011001101000110110110000011111001001110001100000110111001000100000011100100011011100011100111000001001111000000001011100001101100
00111110000011100110000111011000111100011011110001001100001000110000001100110000000011111100110000111111100001000011000000110011111101100100001110010010001111001100100000001100011100000110110011000000110110111000000101111100101100100100110000001110000100110000110000001111100000000111110001100111000110110010000100011001100100011011100100011111000011
10000000011101100011111001100111111000010011100110010011011100001100001111100111110001110111101110000001111100000100111000100100111000111000011100000011000111110001110001101100100011101100011111100111000101100001100000111000011000111010011100000011011101100111000000011110000111011000011111001100010011111001110000011110000110001111100111000110011001
11111000110000010000101110011000001111100001001100110100001100101110000000100011100000111110100000001000010011001100110101100011010000110011001110100001100000111001111001000000011111001001000111110010001110000110011001110010001101110110001111100001100101111000011101100100011100000001101111000000110011111100100000001110111001110011111100001110010011
11100000000110111101100000100110010001110001100100111111110010000111001110000111010000111001100011001001110010111000000110111100111000001111101110000110011011001001111000001110011100110011001111100000001101101100110011001100011111001110000000111100110000011100100011011110000110110011100111110000011100110111001101100001101100111111001100000000001111
11110010111001111101100001001101001100000110001001001100000001111111001100110011100000011011001110011100000000001111100110011100111100000011011111100011001100000111111000001100010011001111111100011110000111110011101000100011101100010011000000011101100110001111100000001110010001110111110110010000100100110000000111110011100001101100110000000111111001
11001100010110011111111000011001100111110010000000110100100001111000111110001001100111000010011000110010000111110001110010011000110011000011100110000111001110001001001100000111000000111001000011000001100011100111000001110110001111100001100000110011100110010001001000011100001111100000000011001100110001100000111101000011011000001100001111110001001100
11000011110001111110000001111011001100100111100001100111100111001000111111111000110000100011101110011000110001110110011110000000000111110000111110010011110000110011011110000110010010011101000011111000111000001100000001111100000111111000110110010110001100000000101110010011101111100000110011000000110000001111110011100111100000011000110110011111110001
01100011010010000111110001001111000011100110000011001101110000001110000001110111000000111001100000111000110110001101110001001110010011000011100001111000100011000111100000111000100110001100001111100010011110011110000011001100111110011000111001101110000001110000100110011100110110110000111000110111100000111111001100000000011011001001100001110001110001
00000111011110001100011001111000000111100100110000001110110000000111100111110000011111001110001101111000110000000111110010000110111100011011101000111010111001000000111110001100011110001100000110001110000111001100110011100111100000001011011110110001101100111100110011111000000011011001110000011100001001100011111011101100011010010010011100011111100001
01111110000110000111001001100000011101110000001100001111001111000110010001111001100000011100110010011110000010100111100000011111111000111100010110011110000110001100011011111001100111100110000111111000001100000110011100000111111110011000111000000110011111000011111000000011011100111001100000011101001111110001001110100010001110011000001101100011100000
11100001111111000001110001111100110100001100010010110011100011000111000011001100100010011100100000010011000100001100110000000111110010000111000000110011100110000011110001001111001011011100011100000111001011110010011101100001011001001110011100000011100011000110101100110001111100001110001110011001110000001101100000000100001111000010001111000111001100
01111000111000111001110001110110001111111001000101100110011001000100100110001000111111001100000000011101100110011000100110011110000001110000000001101111100000111001000000111011001100110010110010011100001101100000111000111000011110000000111000011110010110011001111000001110010110111011100001110000001110011000111000111001110100011001111010010001111011
11000111001100110001111000001110011100011100000001111110001100110001100111000100010011100011100111000111100100011110110010010011000000111111000110000111001100100110000111000001111000111100011111101110110000110011001100111011001100011100111100000001000111101100111011011111010001000011100100100100110000101100111011110000000011000000110011110011101110
11110011110010001100110011100010011000110011100001111000110000001000011001001110001111100111001100110000111000100111000001111001011100110111000111100000011001100100111001100011111000011100001100100110000110010011001111100001100111000011111000111001100011100001110011010011100000111111000000111001111100000110110011100011111100010010110011100100100111
10000011111100001111000111001100100110010011100000011001111000000111111000110011000110110011100000000000111100000110011001110011001100111111001100110001100111000011000111011001100001001110010010011100000111000000000111000000001110110011000001111001000110001111001100001111100000011111000011010010001111000100110001101111111001110011001110001111100001
10110001001101100000110010011000110001110000110011110011000011100100000111000111110000011100001011111001110001100011111011000111000000111111100100011110010000111000110111100110011100110011111010011000011100100111000000001100011100011000111010011000011100110011001110001111110000000100110001111100000110001110111111000000001100111001100001100110000111
11000001011001100111100000110001100101100111001100111100001000011110011100001100000111100011100011000110011000110011101100000111110100011110000000111001100110110111000001111001100100011100100001110011000000111100000110011001001000111001100100111100101110000000110011001011001001110000010111111110000111110000011011100100001001101001101110100110011001
00001000111001000110011001100111011110000000111110011100111000111100110100011100010011111011001100000011001110000011100010110011111011000110011100011101000000111011000110111100011000110011001110110010001110000111110010000111000011000011011001100001100110001100000111110100110011010000001100111001111000001110110001001100110011000000000111110000011100
10010011110011000100011101111100111100010011101110001111000011001110001001001100100011110001110000111011000100110011100110000011000111100001100011100001111100011001101100100110011111100011000010011001100101100100011111100110000011001110110011000001110011010111001100011101000111111110001110010001110000111110011100000001100100111000011111000011000001
01111000110011011001001100100100000011100001110001101100110011001111100100101110000110011010001111001101110000011111001110010000001110011001100011101100111110001001111100110001100100010111000110000011000100110011101100100000011011100000011100110100110100011000001111100001100000110111110001001001100001110000111000100011101100100001110010010011000011
10011001110010000011110011100000011100001100111010001101001110011100100011100111010010011100000110011001100111110000111000000110110000011001000001100000110011000001111000100111000000111001101110000110110110111001001111001101100001011100110011011000011001100111001110001111001111000000110011000111000001110010000110001100111000111111000000001100100110
00110011100111001110000001111110110101100110001100111000110011000000011011001000111001110100110001110011100000110001111100011111100011001100000001100011001110011110011001110010011111000111100110000011001001111001100011100001110000011111001100000101100011100000110001000111000010011001100001111110010111001100011110000011100111110000011100001100000110
10011011001100001100100001100110000110011001111000111001011100001100011101100000110001111100011100110001100011100001001111000001100011000111100001100011000101110111000011000011011011101100010011001110000111000111001100110100111110001000000111110011001111001111000011001101000000011101100011001100110011001110010001111100001100110010110100001100100100
01111001100011100011000110011001001100100000011101110001100111011100010011001111000110010011100000110000010111001110000011110001100111100100001100011001001110000011101110111001000111100001100110001111001100101110000000111110000100001111000011101000111000000110000111011110110000110011000001110011100110011001110011110000011111001111001000111011001001
10110011010011011100110011110011100110110011100001100010011101110011000001100001101110001110011000111100011100001100011110000110000101000110001000111000111100100000010111001100100011000010110011100011000111111000011000111000001100110011000000001111111000001100111000011110010010011000001100011111011000111110001100100111000011001000001100001100001110
11011000011001000110011000111001111100011001000110011001000010111111100011100111001100111100001001000001111001110000100110000011001101100001111100100011001111001100100000011101100000111110001100110110011000111011000100001111001001100001100011100000100110010000111110110000011001111000000001110110010001111000110001110001100110011110001110110001011000
11110001110010001101111000110011000000001111100011001000011110000001100111100000111000011100011111000000110010010010110011001100001100110011001100111000111001000010011011001110001011011100000111110000100111000011100001110011000110110001001111000001110110000111100000011111001011000000110011100110000011000011110001101001100100111000001100101100011101
11000011111000011100010011000101100001100000111001001100011100000011100010001101110001100111001100000001110000010001100110011111100000110011101100000111101001100001110011011000011100001100011111000100110011001000011001110000111000011110001110011001000001100111100001100110110000010110011101000001001100001000111000110000011000011100110010110000111000
01110011000011101101000111001101100110110010000011110011000001100110010000110011000001011100101100111100100111000111000110000100110111000001100111111001111000111110100100001111000110000111111110000111001100010000011111100110110011001110100110011111100110011000110001110100011011000111010011100000110111010000110011000000011110011001100111100011000011
00110011001000111001000111110011001110001100110001100001111010011001100011111101000011100000110001101100011001100011110011001101100111010011000110011111000111010011000110011100100111100000000001110011001101100000101111110011000000100110000101001110111001000111001110011100111100000111000111100000111001101101100011000011001001000011100110011100100000
10001100111001001100110010001111001100101110000100000111000011101101100011110111100110011000000011100110110011000011000111100000111001101100011000011100100011011000000110011100001100101000111100000000011111000000001110011110000010011000010011101110000111011010000110011000000111001001000000110011001100110111100111011110010001101001110011110001110011
01111000110011001100000110111000000110110011001110110011001001100011001101101101100000110011001000111001111100110001100110110000110011000111100011001100001111001001110000111111001101100110010001111000111001100111011010001110000111000100110000000000111000100111100110111001000000011000110001100111000001111000000011100001101110000011001001100000011111
11111000000000110011011000011000000100000110010000110000001111000011110000011001110000011000011100001111001100100001100010111000011111001000110010011100000101110000011110000110011001110011001111001000000111000111011010000011001110001100111100110011011001101100011011010000011000001001101100011001101100011001100100110110011011001000011110001100000110
01100110001110011000111001100011111000110011100100110011001000111110001110000110000011001100001110011000001011000011001000011010011100110001111000110000110111100010111100000111100110001100110010011100101100001110011001100111000001100000110001111001111100110110010011110011000011001110110010010011001001111100011000011001100001100111000011100001100111
00111000011011100110011100100011001100001100111110011110001100011000110001110000111001110000011001110000000111000011100011000111110000011011001100111011010011000001100111111100001100001110010011100011011001100000110001000100011110110000100110110110010001101101000111100110011111000100111001111000000110010111001111011000011001000011100111000110011001
00001111100000111000100011101101100000110011001110001111100010011000110110001110000110010001111000100010001100111011100000111001001100000111010011100000111001000111100111001000000001110001100111000011010011111000011100000011011000111000001101000011110010001111111011100100000011000110110011000111100000111001101111001100110010001100001010010011100111
11011100100001100000001110111110000111100110001100011110011001100000100111111110001100110000010001110001001110011100111001100110100110011100000110001111100100110000011100110001100001100100110111001110110000110110011001110000011110000110000011100000000111000111110000010111000011000110011101100110011001100110110000011001001111000011100100010011000110
00111001100000011110000000011001111000011001100110110011100111101111100000111000001100011000110011001100111100100011001100000011011100001110000100011001100001100100011100111001000110111001100010000110000011000100110001100011011101100000000111000011001100011100000111011000111000011111001001000000011000000110001111000011000001110000000000001001110000
00011110010001110000001100111000000110110010001111000011000011100111011001100001000100111111110000011111001101100000001110100011110011000110011000011001001110011100110001111000001100011011001101110000100111000111000110000000011001100111100110000011111000110011000000011011000001100110000100011100001100110111100011100011110001110011000110000011001101
11000111100011000001100111000001100111000111000010010111110011001111000100001110000011001101000011001100111110000001110001100110000111000000110001100011100001100011000111000110001110001111100011000011001100011100000011001110110000110011000000111111000000110111100011000011100100010011001100111111000000110000001100000111110010011000011011001101110011
00000110000011100000110011000000110011110000110000100000011011001000001111110000110010110011100000110111010001100000111001110110110001110011000111001000001111000001111000110010000111001000110011000001111110000011100111001100100011110000110001111000000011011001110000110000111000000001100100110011110111100110110001001110011100011011100110000100011111
00110111100011101110000100111000101111011000011000110010011000111000001110011000011001110110000111110000001110011101100100100100111011100000000011101100011100001110001100110110100110010011010000011101110011000100011110001110010000011111000001100111100000111100011100110011110000110110011001100110111000011010011001000011000011100110010000000111000001
01111011001111000010011001001110110000100011111100100001001001101001100110000011100111011000111110001100100100100111100011001100110001100110110001110011000011001001100110110000000011001110001111101000110001110010110011001001000111110011110011110110000100011100011011101100100001110011000111100110011011001110001100100001110000001110001100000001100111
11000001111110000000010110111001000001110011011000111011110001100000111100011001111000111110010011000110111110011010000100000111100110011000110011001000101100000011111100110000001101100010000011111100010011100011001110011100101110000000010011000000110011000111000011100011100000011111100110010011101100011101100110011011000110000011110110011011110001
10000011000110000001100111001100000111001001110100000110001100010000011001100011001100011111000011111100001101100000110011110100110110110000000011011000011110010000000101100111110011001100000001100110000110000011000010011100111001111100001100000001100110110000111000011111000110011011001000001100000110000100110110111001000001100100100010011100000001
11101100011100011110011100110000000011110011100110011100011110000110011001110011001100110011100010000111000110001100000111000111000111110011000001111110010001001110011000001110011101100001111001110001101100000000110011100100001110000011001111100100010011001100001001110111000011011001100000011000110010011100110000010001110001100000100111111000000110
00110010000011100101100100100110011000001100011110001110011000011100110011001100011011000110011001110000111100110001100111110000110000111000011000111001000011000001101111110000011100100110000110000100100101100101100100110011001100011001000001111001111100011001100111000110011110000100000111110011000011001101001101100110000110111100011011001000110011
11100110001110001001100111000010011010011100011100110011110011010001111000111100000011100001100110110100011101111000111000110011000011100111011001110001111000011001111001100011111100000110110011100011001100000011110010001110000111001001100111100111000010011000011100000111000001000110111000001000001111100001100100011100111001001110000011001111000000
00000110000110111100001100000111100110011000110001101110001101100100011011000100011110110011101000111010000011100000111000100111000001100111110000110011001100100011100000001110010001100000111001000111000011100111100001111000000110001110001110000100111011000001100001100011000111111000000011001100010001100111000001100001110010010000011110000111000111
10001111011001001100001011001000110011001111100001110010000110110011000001000001111011001110100101101001100001111111001100100110001100001100000100011001100100011110000011001100111111100100110011000000110001111100010011000110010000000111001100111000110011000011100111100001111000000110111100100001111100001110000001100110011001100100000001111111000111
10010100001001100110000011001111000110000011000010011001100011001110110000011100111000110011000011001110001110011001111001000000001100011100001110001111100110000011100001100001110001001111000011100111101110000110011100110001111110001100111111001100000110000111110001001100011011000000000110110110010000011100110011000011110000001100111000000111010011
01101001111001111001110011110111000011100011001100100011000010001110001110100000110011001001110011001100000011011000011111110010011000011011000111000000011110011001000011001100110001101111100011000110011001100110011000110000101100010110111100111100110011110001100011011100001110000000110111001100110010000110011001100110110000001111000011001100000011
00100011100011011011000011000110011101100011100111100011001100000001001111111100100000110011110110001101000000111111111001110010011011011011110000011101100001110011011001100011000110011110011000110000000111010011000111110010011011000000110000011011110000011100001100001110001001111000100101110001101110011000011101111000000011001110010001100011100111
10001100011111110100000110011100011000001001100001100100011000111100010011111100011110010001101100111001111110000011110000011100010011101100000011111111100100000111100000111011001100010111000010011100001100110011001100010011010011001100011001110011000000110011111001100001101001100001100100110001111011110000000001101100111001111000110001111000011000
00110011001110000110001110000011101001110001111001100001101100100110011100111000011000110100110010001101111100000011101000111100011000011110011000001110000111110001100111011100100111000110110001100110010011000111000011000110011011100000010011110110000001101110001111010011001100011001110011100011110001111111000110000100111001100110001100001101011110
10001111000100000011101101100000100001110001101110001111110011101100011110000100110111000000101100110111111000000010011100011100110000110011101000000110110001111000000111100111100001000011100001100000111000011001100000001101111000111111000010011001001100110011100011001110011000111000011101100011001000001111111000110000011100111010001100100111100000
10011110000001101100100110011000111000110010010011001110111001110110000111110001000001101000011110000000011011000111010011001001001111100011111000100100110000000011111001000110011001111100100110000001100110011101100000010011100000100010111011001100111001101000001001110011000111000111010001110000001000100000110111001110001110010001100100001100011100
00001000001110010001100110100101100110011100111100111100110010110001100111100000101100011111000111110001100110011110001101001110000100011011100110000110100111110000111101100001100001110001101100110110001001001001101100001100110000001111001011001101100101100111110001100111000111001100111001100011101100000011000110011001110000111011001110011000110011
00111000100011100100000011001101100001101100001111100011001100011000110000000001100110010011110000111101110010001100111100111001100001111100011100011100000111111000110000011001000001100100000111000011111100110011001100001011000110111000001100001001100001100100000111000000001111000000111001100001101100001111001011001000011001100001100111000011000011
00000111111001100010111110010011000000011000100110001111100011001001100001111001100011111000010011011001001101100100011100000110011100011110010000111011000001100110110000110000011011011011001100110011001100000110010011111100100000110001100110000110001000110111001000110011010000011100011111000111011000110011000110000111011000110010011001110000000111
11110001110001101100000010011011111100001110010011011001111000100011110000001100110111000111000110011100110100000011100111000110110110100000111111000001100110011001001001110011110011010001110000011100011100110110001100011111011001100110110011110011000011100111110000001100101100110001111100011110011001001100001100000000001111001110011000001001100000
11000001100000111001101111000000110101110001111000101110010000011000000011100110011000011000111011001100011011000001110100010011100010100111000011001100001100110011000110010111000100110001111011001110000100011000001011100001001100011110000011100000100011001000001100111100100000001100111000111011001000011111001100010001100001100001110011000001100011
00110000000111110110110110000010111011011100110010001100111100011111000111000110011100110011001100111001100100011110000110011100100001100010011011000011100111000011001011000111000011001110011000011011001110000011101000001111110001000110110011000010011111000111110001001101100000110011001100100110011111001001100001101101111001100110010001110010000000
01111000000011001011000000011110011000011110000001110011101100111101101101100111000110010011110000111000100110000110001111111110000111111000001110000011000011011000111000001100100111101000100010011100000100111100111000011011011000110000110000000111111000011001000100111001110000110010001100110001101110000100011111000011001110001101100001001100011000
10010011110011001100001110011011000000111100001100110011100100110110011000011110000011110001100000110000001110001110000000000011111000101100111110011111000010001100000110011001100011100110000111000001110100111011110000110011010001111000000110010110001101111001100110000011001100011101100001100000001110000111001111000000111001100100110011000110110000
00110110001101110110001000111011000111001110011001110011001000011001110000011101000110001111100000111001100100111011100110011001100011111110110000111001111010000001100011100011110001110001101100000001110110010010100011001100111110000111010000110001110010001100100111000110010001001100000110011000001110110000100001110001100001110000111101111100110011
10110011100111000111000000000011100111100011100110011001110011100011100001100110000000110001100001110010001110010011001101100110011100000011111001011000001111100000011110000011001101110011110001100001111110001100011101101001110000111011001101100110001100110001000011001110001100110011001100110110011100110011001100011100010011100110010001000001101110
11110001100110011011000011001000111000001001100011001110011000110110000111111000000011100001001001110011011000000010000111010000111000111001000110011001011001001100000111010011011111100011001100001111001100110110100011100110011100110000011100011011100001100110000001100011011100110011011011000011001100101111000110011100011011100001100000110001001100
01100001001100100111101100110011000111100001111000000110010011100111001001101100000111000100111100110010111001011001100110110001100011100001000101101100001111000100001110100000011100000111010011110000110110010011100001100111101100111100110011001100000000000001111100100110000110110110000001110010000111110011001001101001000001111000011111000011100011
00001110110000011000100000111000001111010000011000000110000110011000110000001001100000001101101100111100010110000111000011001110001111000111000000111100000110110000111000011111100010011000111001100001100111110010000011111000011100011000011110011001100111000001100000011110001111000111000111100010111001000111101110011000001001100100110000001101110010
10011100111000001011001001100001100100011100000000111001111001101100011100011100011000111100110011110001100100111011101000000110000011111000000011111110011001110000110000001111100000000111000101111001000001111000111000110011000001110000110111000100110000011111000110110000111011110000001111110001111110000011110010000110011100001101110010001110000111
01111100111001000011001100110011110011000100010011111100011001000100011011001000001111100011111001110010011001100001111111001100100110000110110000011000001100001100001111101001100011000011100111110000111101101100110000011011110001111000000110011110011100000011001001110011110011000001111110000011111000001110011001100011101100100100011000001100110111
10000001100001100001100110011110000111100110001100001111000111101000011110000110011000111000110001100011000111011011000000111111110011001111100110001110001111000111111101100111100110111100001001100011100001100101101100111100001101111000011011000111111000111001100001111100110011000111001110000000110011000011001100101111000001110000001111100011001100
10000111001110001101101000011000111111100000011001110011000001111000001111000001100100111100011001111110001001101110001110011000011001100100000110010001111100000111110001100110000011111001100011001111001100001100000110000111100000110010001100011111100111110010001111000011101110001111000000111001111000110001100110001100001100110011111000111011100001
01111001001100110000110011100011110011100100011101100011000100011100011001000111110000000111001000111000110001110011100000001110000001100001111100011110010010111011100011100011000000011111001100110011001100000011111100011001101000000010111000010010011100001110001100000100111100000100011001110000111111000011111001111000100110110010001010011000001100
01000000111000001111100011001000100111011011100001101100110001101110000011110011000110001100011100000111001100001100100011110001110001000011000001000111110010011011001100100000100111000001100000111011001001110110110011000011111011100001000111001110001100100010001100111110010001100001100100110011000011110000110000011000001100110001110000010111001000
00000111000011000001111000011000001100100111100011000111100001101100001100110100011001100001101100000111110000011001110001100111000001100011000100011100010011001100111001100011111000000010110010001100001100000001101101110110011011100100011000000110010011011001100111100011110000110001001110001100111001000011000011100110000011001000001111001110100000
10011100001100111011000111100100011001110001111000001100100111011100000011011100110001110010011111100111100010011001101110011101100001001001100001100110011100111000100111001110000111011000000001111000011001100101110001110100111000111111000111000110000111011000100111100110000000111011100010011000110001100111000011100110011001001111001111001100001001
11000011110001100110000011100111000011100001111000000011001100011001101100110001001100001100110001111100000111000110001000011011100000111011000100011001011000011011100001001111001111001000110010001111111001111100110000110110011110001111000010011000110111000000110011000011011100100000111111000001110000111011000111100111000111001000110001111110000011
10001111100010011011011000001110110001001100001111001100110011000110000111100000110001100001101101111111000011111000110000110111001000100110001100110000110011111000111001111100100000110011001100111011000110010001000000111100110001110000011001101100001101101001111100011000011110011001100110000111000011100111110000110110010000011000000111100000010111
10000100110011011110011011001001100011111001000000111000011000001110010011011001001101100001101110000000110001101000011100100100100101100001011111000110110001100111001111100001110001100110011011000111011100000100011011111110010111100000011000110001111001100100100101100000110111110000010011000111111000001100000111110000111001100111011001101111100011
01110001111100110011000111101100100110011100001111000010011110000011000011000110001111100110011001110011000001110001111111000110100110110011110110011001100110010011010001000110010011001001110000001110110011110010011011001000110000000111111100001100001100011100000111000000111000000001100111000001001110011000011111000001110110011001000110000100111100
00000111001011000011001100000110000111000000111000110011000011111000001110000111011001111110100110011100100001100110110000000111000111000010001100100111000111001110011001100110010001111011001111000110100011011000011000110010111111000111011000011100000100111000001001100110011100111100001101110010000110011011000000011111000011100110110011100100010001
00001100111100001100011011000110011001101111000011110011000011001111110000011001110001001100111000000011011011001001000100111100110010010010011011000001111000110011011100101100100110000001100011001101111110001100110001100110011000110011000000011100011011000110111100011001100000111110000100111011100011111000110000011000001110100000001100111100000011
10011001100110011100111110001100110000111000001110001001100110011111000001110011100111001001110000111110110111001100011100010010000011100110011000111110000110110000011100001001100011001001100111001101110000110111100000001110011011000010001000111100011001000111000001100011001111000111000011001001110001110100011001110000011110001111001111001100011110
10010011001000000111111000001100000111110000011100011000111011100001000011100101100000001110011011100000000111110011100111000100110011001100011110010000110011110000000110010011011001100011001100000011110000000110001111100000001101111011000011111000001100110000110000010011111111000011100110100111000110011100001000011110001110011100111100110001110110
01110001101100010011001000111100001001110100110010000111100001100100000011110011000001100100110000011011110001100110000011000011001000011011001001001110110011111110001100111100001100010011100110011100001111001111000011111000011000011001100000000111110000110111110001100110011011011000000011100011100000111100001100011110011001000011110000011101000010
10011101101100111110011100100110110000000011001101111000000110001100111000011110001110011100110100100111100011111001001000110111100011100001011011001110110011001100111001000011001111100110010011011100001110100000000101110001001100011101001011100101110011001100000110011001100100011000001110001100011100110000111110000111011001100110011101101001100000
11011101000000100001110011100110011111100011101110000011110001111111001111100011100010010001110000011001110010011001111110000011100011001100111000100011100010010001101100110111100001001100111100011111111000000111011000011000011111100010011001110000001100100011110100111100000111011100111110000110000110111000001111001110011100000011110110010000111100
01110011111001110000011100111100000110011110001110001100010011011011011010001111100111110001110000110011000011011111001110010000011111011001101110000111011000111000000001110000101100100111011100110011001110000011111100111100011100010001111000001100111100110001101000110111000110001000001101100100011001001110010001111000011110000100000011001001111100
11100001000111110011001111100000110110001101110011000110001110111000001111000000011001111000100000000110110011001101100011011000110000111100000111000001111000000010001111100001101100111100000011100000100110011100001100110011001100011100110110000011100001111011100100010010011001111000000000111111000011100001110011110000110110011000110000100100000111
10011000111011100001100011001110011100011001101111100011000100110011100011000010011001010011000111100011001110001001101100001110000110000001111000000111011000111100000011100011101000111000101100001100111000000011110110000111100110111101100111000111100011011010010011100100011001100001100110110000001100000100111100110010001100011010001101110001001100
11110000001001111110000000111001001100111000011111000100111000111000110110011010010110010011001110011100001100011011100100011110001111000100101100110110110110001111111011000111111110000011110000011100100111000000110111110011000000110011000000100101110000110000000110111000100110011110000111001001100011110001100000111001110001111001100001110001001100
00011110000011110000010001111100011101000001110000011111000110000110010001110000100011111110000110011011100001111101100111000110000001110111000111010011110010110010011001110010000011100001110000111010011001110001100001000000111111100010001110010011111100011100001111000000011110011100100011111000011110000111100000110001101100110010001001110111000011
11011001111011001111000111101110000001100110011100001110001111100110111000000011100111100001100110011000011111110001100110001100111000110001111000011110011001000111000000011111111011001100100011000111001111000000100101100110010011000000011111001001110011100010000001111100011110001100011001110001000000011111100000010011001001101100000011011001001001
11011000011011100001000111100111110010011000011000110001101100001011111000010000111110000100110011001100011001101111100011011101001001110010011100001100011100011000101100001101110000110011000111101100110000010011111100001111000111011100111100010111000011111000011000111110011001100000111100111100001100001100100001101001100011000111110011000000111001
11110000110000011100011110000111110011111011000001110000010100011111110000100011001110001000011001100110011100011111000111111110000000001101001001101001110010111000111000111000110111000011100000110110000100100111000001111110001100100000100110001110000010010011111001001111101001100011100110001000110111000000110010011100001111000111001001111001100000
01100011000000001111000110001001011001001001010001111001100001100001000001101101000001000111110010000111001111100011011110111100001001100111110100011000111101110100100001000100110000111110001100001101110000110011001100110000001110000110010010000000111100110010011011011000110011000111000111000011001000000000111100010100110010001110000001101110000111
00111100000100111000011001011111000011011100000011110000011100011110001110110000000011111010001111100000111001110000100110000000000111110100010000011001111100000011000111011000111100001010011111000001100011001100000111000000011001100000011000011110001111100001100000010011100111000100110100011001110000001100111011001001101000101111100000110001111001
11000011101100110011000010011100011110011100000111110001101100110001011001001101111100000011111011000011100011100110010011000000111110001000000110011000000100010011001100011000111000110011001001110000000111010001000011111110010110011000011111001101110011000110001111000000001110110111000010001110011100111000000000110111100001100011011100000111000001
01001000001111000110111111100000011000110111100011001101100110011111000100011101000110011111100000111010000100100111000011010011100011111100001100001001110110011001001100011110000011111100111110110001111000001100100110011001101111100000011100110011001110001100001101100001111110001110011100001011001001110010000011100110000111100001001110100110001101
01110110000011100011100111001100100000110111110001111100000110010011001100000011001000001001110001110011011000110011011000000110110000001110001110111001111000010001100100001100011111000000111100010011111000110001110000111100010011110001101100011000011011001000011110001001100100110110100000111111000111000111101100111110011011001111110000011100001111
11011100100110001110000110110011011100111100100010011000110001110001100110010001100110111001100110001100011100001100000111101000001100111100001100001100000100111001101001001100110000111011101100000011100001111000011000111000011000111000010000011100000111101111100001001100111100011100011000111100000100011111000111011000001100011111100111000011011000
01110100100001111100000111100000000110011101100000111111001110010011001101110011011000111000011000111001001110100000111001100110111000000011100001111100001111100110001100111000001110001110000001111110000011011100000001100000110011000001110110001110100011100110000011111000100101110001100011100111110001111001011110000111001110001100011100100011100110
00101110011100001110011111100000011110000100011110000000111100010011001110000011110110001011100110011111100000011111100000001110001111011000111110000011110011100011001100010011111000001110001001111110011001111001000111100001100110001111100010010011000111100111001001000011001000011110001110011011101100001011110000001000011011111110001110110000100011
11110110000111110000100010001111001110001101110001101100111110000011100111100110011110001111111100100011110011001111000001100011001101111110000011100100110011011001100111111001101100001110111000001111100001100100011110000011011101001110001100111000100011001101100111001011001111100001100111000011100001110010110011001100110011001000100111011011100111
00011100110011110011000001001100111110001100111100011110001100000110010110011110001000110011100110000110001111000000010000011000111000111111010011000011111001111100110110011111011100110000001110000111001110011001000000111100110010011011000001000011100100000110011111001110000011110000000110011011011111100110111000111100011111000011001001001001110011
10000011011001110000001100010001110000111100110000111100110011001000110011000000110000111111000110001110001110001111110011110001111000011011101000111011000000001111110000110000011000001110011100010011011000110110001111000111110011000001100101110000111100100100001110000001111000111100011011100110110011001111000001001110000110110010011001011001110100
01101111001011000001001110110010111000011000111100111100110001110011011000110011111000011101100011000110011001011001001101100001110001000110110111000100000101111110001110110001111000011001100110001100100011000000111011100000011111000100010011010000011111000011110010011100011000111110001110011001101100000111000111110110010100011011000110010010010011
10000011110000111001101110001100110000111100011000001110100011110001011001110000010001100000001100110011100110011100100110110001100011111100001011100011100001111001001100000111011001110011101111100111000011001001111100111000110000111100000100110011000011100110010000111100001011110000110011001000000111110001001100110011111011001000110011110011101110
01011100001100110011010000001111100000100110000010011101100000011110110000001100001111110000010111000111100100000111000011111000001111001101100011000100110011111000011000000111000100000001101111100010000100110111000111100111001001101100000001100000111111100110010010011100011110011001100111000001110001110000011101100110110010000111001100110100111100
00011110000000110111100110001100011111001111000000001100001100111110011111011000111011000111100011100110011111100001100011001100000001100011110001111001001100111110001101100001100011000111011100001100110001111001100110110001111001111000000011001111000111110010001001111100010000111001100011000010011110010001111011001100111110000011001111010011001100
11100000001100100011010001111000010011011011001111100000011000111101100110011100110000011010011000110010011001110010010011001000111000110000110110010010001110000111000011100111001111100011011100001111000000101101110000110011001111001100110110010001110000111001100000101110110001111001110110011100000010011100010000000111000100110110000111100000111000
11011001001110011001110010000011111001100100111100110000111100011001001000111011000111000011001100011110001011100001111001100010011000001100011100000011100001000111011000000110010011001110000111001100111100010000110011100001111100111000100111100110011110010000011110100001101100010000111110001101110100011000011100100000001110011001001000111000011000
11100011111001100000111000110010011001100110011000000111000001101101110011101000001110111100010011011000011000110010011100000111110001100111001110001011000100010111111000110011100110000111100010001100111100001100010010110000111100110011101100110011101100000110000111000011110000100010011011101100000101100000001110001001100111000101100111110001100111
00000111110011000000111100100110011111000101110011000010011000111100011010011111111000001110110000011101100110010000011110110011101110000011110000011001011101100011011111001100110011100111001101100111110001101100110100001011111000010011100010011001100111000111111000100111101000110010000011110110011100011111100110010001111000011011100000001110011101
00111110010111100000110010000110001110000110010001111100000011111100110011111000011000011010000111110001100100100011011100000011100001111100100101100110011001100000011111000001110001110001111100000010011100011110001110010011001001111100110001111000011111110001100011110000110011100001100011011100110000001001100111001111100010001100100110011110011000
00001100011000011100111110000111111000000011100001110011100110000111101100100110011000110001100001100011100001100001110010111000011100011001100111000001110000110000011000111111000111100001100001111001100100000001111111000011100110011100111100001100110010010001101110011000110011000001100110000111000011001101100100100011011110000011111001100111000001
01100011111110010001100011000000011111001101110011100000011100001100000111000110010001101110011001100011100111100111010110100000111000111111100001110011001001000011111001111101000111111100111001110011001100000111100000111100100110001100110010011000011100100011000011011011001000110001000110001110000011001100110110010110001100011110100011001000110000
01100001111001000011100011000110010000001101110010011100110001100110011111100100011000111100110110000011000110011100000011110000111100110000010011111001100100011011000001110000110111000111110000000000110000000010001101110000111100011011100001110000110111000011101100001100101101100001111110000111001111001111000011110110001111110110110000011110000111
01111100011111000111100011001110001100001101100011111000000011110000011011000110000011100111000001110011000100110000110001100001110001101111100000111000111001101100011100010011100010011011001110110001001100110111000000111110011011001001001110001111110000011000111000001100011100011100110011100100111100001100000011111000100110011100100110000011000011
00111000111000111001111001100100000001100110000111011110011110000110000001100111000100110001100000001110010110110001111100010011000011011111111000001101100011100011100001110011000000011011001100011000111000011110000000011101111001110000011101001100011111101001101000111111000110001001100000011001001111100000110110011100011110011110001100111110010011
00110011000110011110011011000110010001100000110000110000100011001100110111001110100011111000111001100000110010011101000011000111110001100000111101100100100110000011110100111101100000000001110001100111001100111011100001110001100111001001001111001001011110000001110011001001100100111011000011111110000000111100001011000011110011011100100000111100110001
11000000011001110001100011100001110110011101100001011100100110000011001110110000111110000111011001110001000111001100011000001100111000011000011011011010001101100101111111000011000110110011100100000111110100000111001000011001110110110011001111100100101110000001001100110000001111110011001100100111100111000000111100010010011011000001110001100110110110
11001100010010011110110000111000110011000110000011001111000111000011111001101100011100001111000101101110000000000110001100110011000011001011110000011100000111100111000011001100100100000100000110011110010010011000011111101110001111100001111001111011001100000111100000010001111000011001100000001001011001101100001111100001110000011111001001100011110001
10000111011000001000111100000000000111110001001100100001111000011110010000011001111000011111000001100001111100001110000011111000011100100001001100000111110001100111100000001110000011111000000010011100110010001011100001100110000011001111110000001100100001111100001011001111100000110110001001100000001111000011111000110000011001100000111100011110000111
11100100100001100011110000110011000111010011111100000000001111110001000011000111100000011111100011000100011110011000001110111100011001111000100000111001000111001111000001001100111000000011111000000011100111001100000111110001110001100111001100001111100001100011111000001101111000000100110000111001000000011100000011110010000111100011011000110000110001
10010011100000111110001111000110100001110000110011111001111000001100100001111100110000110011000011100000000110011011100111000011011100000011000001111100001101100111110011000000111100001110001001110001111001101110011001101110001111001000011100000011100100110111000000000111100110000110010110000001110001100110001110001110110000111100010011000111110011
01000111110011100011001110000111100001111100100110010001100011100001111001100010010011000011000111110011000011100011010011111001100011001100110010010011011110001111100100001110000000111101000111110000000111101100111000111100011000111110110001100000100110011000111110010100111000001110000001111001111011000010011111000000011000110100000111000011100011
00011100011100100001110001001011100000111110011011100000011110000011100011001011100100000111000000111000011001011000100111100100110110000111001101100010111111000001111100010011011001001100011111100100000110000111100011000100110011000110001111000110001111110011100011000111110000111110001111001001100010111001001000110111100111110010011100110011001001
