State number: 0
00001000
00011000
00111000
00101000
01101000
01111000
01011000
01001000
11001000
11011000
11101000
11111000
10001000
10011000
10111000
10101000
000001000
000011000
000111000
000101000
001101000
001111000
001011000
001001000
011001000
011011000
011101000
011111000
010111000
010001000
010011000
110001000
110011000
110111000
110101000
111001000
111011000
111111000
111101000
100001000
100011000
100111000
100101000
101111000
101101000
101001000
101011000
distribution: P(0) = 0.765601	P(1) = 0.234399	
transitions: T(0) = 12	T(1) = 1	
P(state): 0.066779

State number: 1
00000001
00000101
00001101
00001001
00011001
00011101
00010101
00010001
00110001
00111001
00101101
00101001
00100001
00100101
01100001
01100101
01101101
01101001
01110001
01110101
01111001
01011101
01011001
01010001
01000101
01000001
01001101
01001001
11000001
11000101
11001101
11001001
11011101
11011001
11010001
11100101
11100001
11101101
11101001
11111001
11110001
11110101
10000001
10000101
10001101
10001001
10011101
10011001
10010001
10111001
10110001
10100001
000000001
000000101
000001101
000001001
000011001
000011101
000010001
000110001
000111001
000101101
000101001
000100001
000100101
001100001
001100101
001101101
001101001
001110001
001110101
001111001
001011101
001011001
001010001
001000101
001000001
001001101
001001001
011000001
011000101
011001001
011001101
011011001
011011101
011010001
011100101
011100001
011101101
011101001
011111001
011110101
011110001
010111001
010110001
010001101
010001001
010000001
010011101
010011001
010010001
110000001
110000101
110001101
110001001
110011101
110011001
110010001
110111001
110110001
110100001
111001101
111001001
111000001
111000101
111011101
111011001
111010001
111111001
111110001
111110101
111100101
111100001
111101101
111101001
100000001
100000101
100001101
100001001
100011001
100011101
100010001
100010101
100111001
100110001
100100001
100101001
101110001
101111001
101101101
101100001
101000001
101011001
distribution: P(0) = 0.161808	P(1) = 0.838192	
transitions: T(0) = 3	T(1) = 2	
P(state): 0.0974924

State number: 2
00000011
00001011
00011011
00010011
00110011
00111011
00101011
00100011
01100011
01110011
01111011
01011011
01010011
01000011
01001011
11000011
11001011
11011011
11010011
11100011
11101011
11111011
11110011
10000011
10001011
10011011
10010011
10111011
10110011
10100011
000000011
000001011
000011011
000010011
000110011
000111011
000101011
000100011
001100011
001110011
001111011
001011011
001010011
001000011
001001011
011000011
011001011
011011011
011010011
011100011
011101011
011111011
011110011
010111011
010110011
010100011
010001011
010000011
010011011
010010011
110000011
110001011
110011011
110010011
110111011
110110011
110100011
111001011
111000011
111011011
111010011
111111011
111110011
111100011
111101011
100000011
100001011
100011011
100010011
100111011
100110011
100100011
101110011
101111011
101100011
101000011
distribution: P(0) = 0.260845	P(1) = 0.739155	
transitions: T(0) = 4	T(1) = 5	
P(state): 0.0887715

State number: 3
00000010
00001010
00011010
00010010
00110010
00111010
00100010
01100010
01110010
01111010
01011010
01000010
11000010
11001010
11010010
11100010
11101010
11111010
11110010
10000010
10001010
10011010
10010010
10111010
10110010
10100010
000000010
000001010
000011010
000010010
000110010
000111010
000100010
001100010
001110010
001111010
001011010
001000010
011000010
011001010
011100010
011111010
011110010
010111010
010001010
010000010
110000010
110001010
110011010
110010010
110111010
110110010
110100010
111001010
111000010
111010010
111111010
111110010
111100010
111101010
100000010
100011010
100010010
100111010
100110010
100100010
101110010
101100010
101000010
distribution: P(0) = 0.915858	P(1) = 0.084142	
transitions: T(0) = 6	T(1) = 1	
P(state): 0.0163144

State number: 4
00000110
00001110
00010110
00110110
00101110
00100110
01100110
01101110
01110110
01000110
01001110
11000110
11001110
11010110
11100110
11101110
11110110
10000110
10001110
10010110
10110110
10100110
10101110
000000110
000001110
000010110
000110110
000101110
000100110
001100110
001101110
001110110
001000110
001001110
011000110
011001110
011100110
011101110
011110110
010110110
010100110
010001110
010000110
110000110
110001110
110010110
110110110
110100110
110101110
111001110
111000110
111010110
111110110
111100110
111101110
100000110
100001110
100010110
100110110
100100110
100101110
101110110
101101110
101100110
101000110
distribution: P(0) = 0.842511	P(1) = 0.157489	
transitions: T(0) = 6	T(1) = 1	
P(state): 0.038891

State number: 5
00000111
00010111
00110111
00100111
01100111
01110111
01010111
01000111
11000111
11010111
11100111
11110111
10000111
10010111
10110111
10100111
000000111
000010111
000110111
000100111
001100111
001110111
001010111
001000111
011000111
011100111
011110111
010110111
010000111
010010111
110000111
110010111
110110111
110100111
111000111
111010111
111110111
111100111
100000111
100010111
100110111
100100111
101110111
101100111
101000111
distribution: P(0) = 0.238525	P(1) = 0.761475	
transitions: T(0) = 4	T(1) = 15	
P(state): 0.0656515

State number: 6
00000100
00001100
00011100
00010100
00110100
00111100
00101100
00100100
01100100
01101100
01110100
01111100
01011100
01000100
01001100
11000100
11001100
11011100
11010100
11100100
11101100
11111100
11110100
10000100
10001100
10011100
10010100
10111100
10110100
10100100
10101100
000000100
000001100
000011100
000010100
000110100
000111100
000101100
000100100
001100100
001101100
001110100
001111100
001011100
001000100
001001100
011000100
011001100
011011100
011100100
011101100
011111100
011110100
010111100
010110100
010001100
010000100
010011100
110000100
110001100
110011100
110010100
110111100
110100100
110101100
111001100
111000100
111011100
111010100
111111100
111110100
111100100
111101100
100000100
100001100
100011100
100010100
100111100
100110100
100100100
100101100
101110100
101111100
101101100
101100100
101000100
101001100
101011100
distribution: P(0) = 0.741846	P(1) = 0.258154	
transitions: T(0) = 0	T(1) = 1	
P(state): 0.0899804

State number: 7
00111111
10111111
000111111
010111111
110111111
100111111
distribution: P(0) = 0.223921	P(1) = 0.776079	
transitions: T(0) = 14	T(1) = 17	
P(state): 0.029912

State number: 8
00111101
01111101
11111101
10111101
000111101
001111101
011111101
010111101
110111101
111111101
100111101
101111101
distribution: P(0) = 0.0739437	P(1) = 0.926056	
transitions: T(0) = 3	T(1) = 2	
P(state): 0.00774288

State number: 9
00000000
10000000
000000000
010000000
110000000
100000000
distribution: P(0) = 0.802988	P(1) = 0.197012	
transitions: T(0) = 9	T(1) = 1	
P(state): 0.113345

State number: 10
01000000
11000000
001000000
011000000
111000000
101000000
distribution: P(0) = 0.748343	P(1) = 0.251657	
transitions: T(0) = 9	T(1) = 1	
P(state): 0.0297761

State number: 11
00100000
01100000
11100000
10100000
000100000
001100000
011100000
010100000
110100000
111100000
100100000
101100000
distribution: P(0) = 0.75584	P(1) = 0.24416	
transitions: T(0) = 10	T(1) = 1	
P(state): 0.0394344

State number: 12
00010000
00110000
01110000
01010000
11010000
11110000
10010000
10110000
000010000
000110000
001110000
001010000
011010000
011110000
010110000
010010000
110010000
110110000
111010000
111110000
100010000
100110000
101110000
101010000
distribution: P(0) = 0.772466	P(1) = 0.227534	
transitions: T(0) = 11	T(1) = 1	
P(state): 0.0510079

State number: 13
111111111
distribution: P(0) = 0.166829	P(1) = 0.833171	
transitions: T(0) = 14	T(1) = 13	
P(state): 0.0841937

State number: 14
00011110
00111110
01111110
01011110
11011110
11111110
10011110
10111110
000011110
000111110
001111110
001011110
011011110
011111110
010111110
010011110
110011110
110111110
111011110
111111110
100011110
100111110
101111110
101011110
distribution: P(0) = 0.844997	P(1) = 0.155003	
transitions: T(0) = 6	T(1) = 8	
P(state): 0.0498669

State number: 15
00001111
00101111
01101111
01001111
11001111
11101111
10001111
10101111
000001111
000101111
001101111
001001111
011001111
011101111
010101111
010001111
110001111
110101111
111001111
111101111
100001111
100101111
101101111
101001111
distribution: P(0) = 0.218827	P(1) = 0.781173	
transitions: T(0) = 14	T(1) = 18	
P(state): 0.0500299

State number: 16
11111111
011111111
distribution: P(0) = 0.185761	P(1) = 0.814239	
transitions: T(0) = 14	T(1) = 13	
P(state): 0.0186101

State number: 17
01111111
001111111
101111111
distribution: P(0) = 0.209193	P(1) = 0.790807	
transitions: T(0) = 14	T(1) = 16	
P(state): 0.0231879

State number: 18
00011111
01011111
11011111
10011111
000011111
001011111
011011111
010011111
110011111
111011111
100011111
101011111
distribution: P(0) = 0.23331	P(1) = 0.76669	
transitions: T(0) = 14	T(1) = 7	
P(state): 0.0390133

