?;?;?;?;?;?;?;?;?;?;?;?;4;4;4;4;4;4;4;4;4;4;4;4;2;11;10;9;3;17;24;23;18;25;25;25;25;25;25;25;25;25;25;25;25;25;25;76;75;74;
?;?;?;?;?;?;?;?;?;?;?;?;13;8;2;11;10;9;3;17;59;86;84;79;72;77;95;93;91;90;3;15;14;13;8;5;77;95;93;91;90;3;15;14;13;8;5;77;4;4;
?;?;?;?;?;?;?;?;?;?;?;?;81;78;96;94;92;90;3;17;24;23;18;25;25;25;25;25;25;25;76;75;74;79;72;77;4;4;2;11;10;9;3;17;59;86;84;79;70;68;
?;?;?;?;?;?;?;?;?;?;?;?;91;90;3;17;24;23;76;75;74;79;72;77;4;4;4;4;4;2;11;10;9;3;17;24;23;18;25;25;25;25;25;25;25;76;75;74;69;65;
?;?;?;?;?;?;?;?;?;?;?;?;93;91;90;3;17;24;23;18;25;25;25;76;75;74;79;72;77;4;4;4;4;4;4;4;4;4;4;4;2;11;10;9;3;17;24;23;18;25;
?;?;?;?;?;?;?;?;?;?;?;?;9;3;15;14;13;8;5;77;4;2;11;10;9;3;17;24;23;18;25;25;25;25;25;25;25;25;25;25;25;76;75;74;79;72;77;4;4;2;
?;?;?;?;?;?;?;?;?;?;?;?;23;18;25;76;75;74;79;72;77;4;4;2;11;10;9;3;17;24;23;18;25;76;75;74;79;72;77;4;4;4;4;4;4;4;4;4;4;4;
?;?;?;?;?;?;?;?;?;?;?;?;75;74;79;72;77;4;4;4;4;4;4;4;4;4;2;11;10;9;3;17;24;23;18;25;25;25;25;25;25;25;76;75;74;79;72;77;4;4;
?;?;?;?;?;?;?;?;?;?;?;?;4;4;4;4;4;4;4;4;4;4;4;4;2;11;10;9;3;17;24;23;18;25;25;25;25;25;76;75;74;79;72;77;95;93;91;90;3;15;
?;?;?;?;?;?;?;?;?;?;?;?;91;90;3;15;14;13;8;5;95;93;91;90;3;15;14;13;8;5;77;95;93;91;90;89;44;83;80;73;77;95;93;91;90;3;17;24;76;75;
?;?;?;?;?;?;?;?;?;?;?;?;13;8;5;95;93;91;90;3;15;14;13;8;5;95;93;91;90;3;17;24;23;18;25;25;25;76;75;74;79;72;77;4;4;4;2;11;10;9;
?;?;?;?;?;?;?;?;?;?;?;?;86;84;79;70;68;67;9;3;15;14;13;8;5;77;4;4;4;4;4;4;4;4;4;4;4;4;2;11;10;9;3;17;24;23;18;25;25;25;
?;?;?;?;?;?;?;?;?;?;?;?;13;8;2;11;10;9;3;17;59;86;84;79;72;77;95;93;91;90;3;17;24;76;75;74;79;72;77;4;4;4;4;4;4;2;11;10;9;3;
?;?;?;?;?;?;?;?;?;?;?;?;25;25;25;25;25;76;75;74;79;72;77;4;4;4;4;4;4;4;2;11;10;9;3;17;24;23;18;25;25;25;25;76;75;74;79;72;77;4;
?;?;?;?;?;?;?;?;?;?;?;?;13;8;5;95;93;91;90;3;15;14;13;8;5;95;93;91;90;89;44;83;80;73;77;95;93;91;90;3;17;24;76;75;74;79;72;77;4;4;
?;?;?;?;?;?;?;?;?;?;?;?;23;18;25;25;76;75;74;79;72;77;4;4;2;11;10;9;3;15;14;13;8;5;77;4;4;4;4;4;4;4;4;2;11;10;9;3;17;24;
?;?;?;?;?;?;?;?;?;?;?;?;91;90;3;17;24;76;75;74;79;72;77;4;4;4;4;2;11;10;9;3;17;24;23;18;25;25;76;75;74;79;72;77;4;4;4;4;4;4;
?;?;?;?;?;?;?;?;?;?;?;?;75;74;79;72;77;4;4;2;11;10;9;3;17;59;86;84;79;72;77;4;4;2;11;10;9;3;17;24;23;76;75;74;79;72;77;4;2;11;
?;?;?;?;?;?;?;?;?;?;?;?;75;74;69;65;63;62;105;103;101;98;82;77;4;4;4;4;4;4;4;4;4;4;4;4;4;4;2;11;10;9;3;17;24;23;18;25;25;25;
?;?;?;?;?;?;?;?;?;?;?;?;91;90;3;15;14;13;8;5;95;93;91;90;3;17;24;76;75;74;79;72;77;4;4;4;4;4;2;11;10;9;3;17;24;76;75;74;79;72;
?;?;?;?;?;?;?;?;?;?;?;?;80;73;77;95;93;91;90;3;17;24;23;18;25;25;25;25;25;25;25;25;25;25;25;25;25;25;25;76;75;74;79;72;77;4;4;4;4;4;
?;?;?;?;?;?;?;?;?;?;?;?;13;8;5;95;93;91;90;3;17;59;86;84;79;72;77;4;2;11;10;9;3;17;24;23;18;25;25;25;76;75;74;79;72;77;95;93;91;90;
?;?;?;?;?;?;?;?;?;?;?;?;23;18;25;25;25;25;25;76;75;74;79;72;77;4;4;4;4;4;4;4;4;4;4;4;4;2;11;10;9;3;17;24;23;18;25;25;25;25;
?;?;?;?;?;?;?;?;?;?;?;?;61;50;48;46;38;34;33;32;27;76;75;74;79;72;77;4;4;4;4;4;4;4;4;2;11;10;0;7;43;97;81;78;4;4;4;4;2;11;
?;?;?;?;?;?;?;?;?;?;?;?;62;3;17;24;76;75;74;79;72;77;4;4;2;11;10;9;58;57;83;80;73;77;4;4;4;4;4;4;4;4;2;11;10;9;3;17;24;23;
?;?;?;?;?;?;?;?;?;?;?;?;80;73;96;94;92;90;3;17;24;23;18;25;25;25;25;25;25;25;25;76;75;74;79;72;77;4;4;4;4;4;4;4;4;4;4;4;4;4;
?;?;?;?;?;?;?;?;?;?;?;?;9;3;17;24;76;75;74;79;72;95;93;91;104;102;100;97;81;78;4;4;4;4;4;4;4;4;4;4;2;11;10;9;3;15;14;13;8;5;
?;?;?;?;?;?;?;?;?;?;?;?;91;90;89;44;83;80;73;96;94;92;90;3;17;24;23;18;25;25;25;25;25;25;76;75;74;79;72;77;4;4;2;11;10;9;3;15;14;13;
?;?;?;?;?;?;?;?;?;?;?;?;80;73;77;4;2;11;10;9;3;15;14;13;2;11;10;9;3;17;24;23;18;16;75;74;79;72;77;4;4;4;4;4;4;4;4;4;4;4;
?;?;?;?;?;?;?;?;?;?;?;?;13;8;5;77;4;2;88;87;6;1;4;4;4;4;2;11;10;9;3;17;24;23;18;25;25;25;25;25;25;25;25;76;75;74;79;72;77;4;
?;?;?;?;?;?;?;?;?;?;?;?;4;4;4;4;4;4;4;4;4;4;4;2;11;10;9;3;17;24;23;18;25;25;25;25;25;25;76;75;74;79;72;77;95;93;91;90;3;17;
?;?;?;?;?;?;?;?;?;?;?;?;91;90;3;15;14;13;8;5;77;95;93;91;90;3;17;24;23;18;25;25;25;25;76;75;74;79;72;77;4;2;11;10;9;3;17;24;23;18;
?;?;?;?;?;?;?;?;?;?;?;?;47;45;39;26;19;40;25;25;25;25;76;75;74;79;72;77;4;4;4;4;4;4;4;4;4;4;4;4;4;4;4;4;4;4;4;4;4;4;
?;?;?;?;?;?;?;?;?;?;?;?;76;75;74;79;72;77;4;4;2;11;10;9;3;17;24;23;18;16;75;74;79;72;77;4;4;4;4;4;4;4;4;4;4;4;4;4;4;4;
?;?;?;?;?;?;?;?;?;?;?;?;84;79;70;68;67;9;3;17;24;23;18;25;25;25;25;25;25;76;75;74;79;72;77;4;4;4;4;4;4;2;11;10;9;3;17;24;23;18;
?;?;?;?;?;?;?;?;?;?;?;?;23;76;75;74;79;72;77;4;4;4;4;4;2;11;10;9;3;17;24;23;18;25;76;75;74;79;72;77;4;4;4;2;11;10;9;3;17;24;
?;?;?;?;?;?;?;?;?;?;?;?;76;75;74;79;72;77;4;4;4;4;4;2;11;10;9;3;17;24;23;18;25;25;25;25;25;25;25;25;25;76;75;74;79;72;77;4;4;2;
?;?;?;?;?;?;?;?;?;?;?;?;91;90;3;17;24;23;18;25;25;25;25;25;25;76;75;74;79;72;77;4;4;4;4;4;4;4;4;4;4;2;11;10;9;3;17;24;23;18;
?;?;?;?;?;?;?;?;?;?;?;?;75;74;79;72;77;4;4;2;11;10;9;3;17;24;76;75;74;79;72;77;4;4;4;2;11;10;9;3;17;59;86;84;79;72;77;4;4;4;
?;?;?;?;?;?;?;?;?;?;?;?;90;3;17;24;76;75;74;79;72;77;95;93;91;90;3;17;24;23;18;25;76;75;74;79;72;77;4;4;4;4;2;11;10;9;3;15;14;13;
?;?;?;?;?;?;?;?;?;?;?;?;11;10;9;58;57;83;80;73;96;94;92;90;3;17;59;86;84;79;72;77;95;93;91;90;3;17;24;23;18;25;25;25;25;76;75;74;79;72;
?;?;?;?;?;?;?;?;?;?;?;?;38;34;105;103;101;98;82;77;4;4;4;4;4;4;4;4;4;4;4;2;11;10;9;3;17;24;23;18;25;25;25;76;75;74;69;65;63;62;
?;?;?;?;?;?;?;?;?;?;?;?;91;90;3;17;24;23;18;25;25;25;76;75;74;79;72;77;4;4;4;4;4;2;11;10;0;7;43;97;81;2;11;10;9;3;15;14;13;8;
?;?;?;?;?;?;?;?;?;?;?;?;8;5;95;93;91;90;3;17;24;23;18;25;25;25;25;25;76;75;74;79;72;77;4;4;4;2;11;10;9;3;17;24;23;18;16;75;74;79;
?;?;?;?;?;?;?;?;?;?;?;?;86;84;79;70;68;67;9;3;15;14;13;8;5;77;4;4;4;4;4;4;4;2;11;10;9;3;17;24;23;18;25;76;75;74;79;72;77;4;
?;?;?;?;?;?;?;?;?;?;?;?;13;8;5;95;93;91;90;3;15;14;13;8;5;77;95;93;91;104;102;100;97;81;78;96;94;92;90;3;17;24;76;75;74;79;70;68;67;9;
?;?;?;?;?;?;?;?;?;?;?;?;13;8;5;95;93;91;90;3;17;24;23;18;25;25;25;25;76;75;74;79;72;77;95;93;91;90;3;17;24;23;76;75;74;79;72;77;4;4;
?;?;?;?;?;?;?;?;?;?;?;?;84;79;70;68;67;9;3;17;24;23;76;75;74;79;72;77;4;4;4;4;4;4;4;4;4;4;4;4;4;4;4;2;11;10;9;3;17;24;
?;?;?;?;?;?;?;?;?;?;?;?;75;74;79;72;77;4;4;4;2;11;10;0;7;43;97;81;78;4;4;4;4;4;2;11;10;9;3;15;14;13;8;5;77;4;4;4;4;4;
?;?;?;?;?;?;?;?;?;?;?;?;10;9;3;17;24;23;18;25;76;75;74;79;72;77;4;4;4;4;4;2;11;10;9;3;17;24;23;18;25;25;25;25;25;25;76;75;74;79;
?;?;?;?;?;?;?;?;?;?;?;?;4;4;4;4;4;4;4;4;4;2;11;10;9;3;17;24;23;18;25;76;75;60;49;47;45;39;26;19;40;25;25;25;25;25;25;25;25;25;
?;?;?;?;?;?;?;?;?;?;?;?;3;17;24;23;18;16;75;74;79;72;77;4;4;4;4;4;4;4;4;4;4;4;4;4;4;4;4;2;11;10;9;3;17;24;23;18;25;25;
?;?;?;?;?;?;?;?;?;?;?;?;11;10;9;3;15;14;13;8;2;11;10;9;3;17;24;23;18;25;25;25;25;25;25;25;25;76;75;74;79;72;77;4;4;4;4;4;4;4;
?;?;?;?;?;?;?;?;?;?;?;?;80;73;77;4;2;11;10;9;58;57;37;31;30;29;28;35;19;40;25;25;76;75;74;79;72;77;4;4;2;11;10;9;3;17;24;23;18;16;
?;?;?;?;?;?;?;?;?;?;?;?;80;73;77;4;2;11;10;9;58;57;83;80;2;11;10;9;3;17;24;23;76;75;74;79;72;77;4;4;4;2;11;10;9;3;17;24;23;76;
?;?;?;?;?;?;?;?;?;?;?;?;84;79;72;95;93;91;90;89;44;83;80;73;96;94;92;90;3;15;14;13;8;5;77;4;4;4;4;4;4;4;4;4;2;11;10;9;3;17;
?;?;?;?;?;?;?;?;?;?;?;?;80;73;96;94;92;90;3;17;24;76;75;74;79;72;77;95;93;91;90;3;17;24;23;18;25;25;25;76;75;74;79;72;77;4;4;4;4;4;
?;?;?;?;?;?;?;?;?;?;?;?;91;90;3;15;14;13;8;5;95;93;91;90;3;17;59;86;84;79;70;68;67;9;3;15;14;13;8;5;77;4;4;4;4;4;4;4;4;4;
?;?;?;?;?;?;?;?;?;?;?;?;91;90;3;15;14;13;8;5;77;95;93;91;90;3;15;14;13;8;5;95;93;91;90;3;17;24;23;18;25;25;25;25;25;25;76;75;74;69;
?;?;?;?;?;?;?;?;?;?;?;?;80;73;96;94;92;90;3;17;59;86;84;79;72;95;93;91;90;3;17;24;23;18;25;76;75;60;49;47;88;87;6;1;4;4;4;4;4;2;
?;?;?;?;?;?;?;?;?;?;?;?;13;8;5;95;93;91;90;3;17;24;23;18;25;25;25;25;25;25;76;75;74;79;72;77;4;4;4;4;4;4;4;4;4;4;2;11;10;9;
?;?;?;?;?;?;?;?;?;?;?;?;91;90;3;15;14;13;8;5;77;95;93;91;90;3;17;24;23;18;16;75;74;79;72;77;4;4;4;2;11;10;9;3;17;59;86;84;79;72;
?;?;?;?;?;?;?;?;?;?;?;?;4;4;4;4;2;11;10;9;3;17;24;23;18;25;25;25;25;25;25;25;25;25;25;25;25;25;25;76;75;74;79;72;77;4;4;4;4;4;
?;?;?;?;?;?;?;?;?;?;?;?;84;79;72;77;4;4;4;4;4;4;4;4;4;4;2;11;10;9;3;17;24;23;18;25;25;25;25;25;25;25;76;75;74;79;72;77;4;4;
?;?;?;?;?;?;?;?;?;?;?;?;3;17;24;23;18;25;25;25;25;25;25;76;75;74;79;72;77;4;4;4;4;4;4;2;11;10;9;3;17;24;76;75;74;79;72;77;4;4;
?;?;?;?;?;?;?;?;?;?;?;?;17;24;23;18;16;75;74;79;72;77;95;93;91;90;3;17;24;23;76;75;74;79;72;77;4;4;4;4;4;4;4;4;4;4;4;4;4;4;
?;?;?;?;?;?;?;?;?;?;?;?;4;4;4;4;4;4;4;4;4;4;4;4;4;4;4;4;4;4;4;4;4;4;4;4;4;4;4;4;4;4;4;4;4;4;4;4;4;4;
?;?;?;?;?;?;?;?;?;?;?;?;91;90;3;17;59;86;84;79;70;68;67;9;3;17;24;23;76;75;74;79;72;77;4;4;4;4;4;4;4;4;4;4;2;11;10;9;3;17;
?;?;?;?;?;?;?;?;?;?;?;?;84;79;72;95;93;91;90;3;15;14;13;8;5;77;95;93;91;90;89;44;83;80;73;77;4;4;4;4;4;4;4;4;4;4;4;4;4;4;
?;?;?;?;?;?;?;?;?;?;?;?;13;8;5;95;93;91;90;3;17;24;76;75;74;79;72;77;4;4;4;4;4;4;4;4;4;4;4;4;4;4;4;4;4;4;4;4;2;11;
?;?;?;?;?;?;?;?;?;?;?;?;73;77;4;4;4;4;4;4;4;4;4;4;4;2;11;10;9;3;17;24;23;18;25;25;25;25;25;25;25;76;75;74;79;72;77;95;93;91;
?;?;?;?;?;?;?;?;?;?;?;?;25;25;76;75;74;79;72;77;4;4;4;4;2;11;10;9;3;17;59;86;84;79;72;95;93;91;90;3;17;24;23;18;25;25;25;25;25;25;
?;?;?;?;?;?;?;?;?;?;?;?;23;18;25;25;76;75;74;79;72;77;4;4;4;4;4;4;4;4;4;4;4;4;2;11;10;9;3;17;24;23;18;25;25;25;25;25;25;25;
?;?;?;?;?;?;?;?;?;?;?;?;84;79;72;95;93;91;90;3;15;14;13;8;5;77;95;93;91;90;89;44;83;80;2;11;10;9;3;17;24;76;75;74;79;72;95;93;91;90;
?;?;?;?;?;?;?;?;?;?;?;?;9;3;15;14;13;8;5;77;4;4;4;2;11;10;9;3;17;24;23;18;25;25;25;76;75;74;79;72;77;4;4;2;11;10;9;58;57;83;
?;?;?;?;?;?;?;?;?;?;?;?;81;78;4;2;11;10;9;3;17;24;23;18;25;25;76;75;74;79;72;77;95;93;91;90;3;17;24;23;76;75;74;79;72;77;4;4;4;4;
?;?;?;?;?;?;?;?;?;?;?;?;91;90;3;17;24;23;76;75;74;69;65;63;88;87;6;1;4;4;4;4;4;4;4;4;4;2;11;10;9;3;17;24;23;18;25;25;76;75;
?;?;?;?;?;?;?;?;?;?;?;?;72;77;4;4;4;4;4;4;2;11;10;9;3;17;59;86;84;79;72;95;93;91;90;3;17;24;23;18;25;25;25;25;25;25;25;25;25;25;
?;?;?;?;?;?;?;?;?;?;?;?;86;84;79;72;77;4;4;4;4;4;4;4;4;2;11;10;9;3;17;59;86;84;71;66;64;62;3;17;24;23;18;25;76;75;60;49;47;45;
?;?;?;?;?;?;?;?;?;?;?;?;2;11;10;9;58;57;83;80;73;77;4;4;2;11;10;9;3;17;24;23;76;75;74;79;72;77;4;2;11;10;9;3;17;24;23;76;75;74;
?;?;?;?;?;?;?;?;?;?;?;?;17;24;76;75;74;79;72;77;4;4;4;4;4;4;4;4;4;4;2;11;10;9;3;17;24;23;18;25;25;25;25;25;25;25;25;25;25;25;
?;?;?;?;?;?;?;?;?;?;?;?;81;78;96;94;92;90;3;17;24;23;76;75;74;79;72;95;93;91;104;102;100;97;81;78;4;4;2;11;10;9;3;17;24;23;76;75;74;79;
?;?;?;?;?;?;?;?;?;?;?;?;91;90;89;44;83;80;73;96;94;92;90;3;15;14;13;8;5;77;95;93;91;90;3;17;24;23;18;25;25;25;25;25;25;76;75;74;79;72;
?;?;?;?;?;?;?;?;?;?;?;?;2;11;10;9;3;17;24;76;75;74;69;65;63;62;3;17;24;23;18;16;75;74;79;72;77;4;4;4;4;4;4;4;4;2;11;10;9;3;
?;?;?;?;?;?;?;?;?;?;?;?;13;8;5;95;93;88;87;6;1;4;4;4;4;2;11;10;0;7;43;97;81;2;11;10;9;3;17;24;23;18;16;75;74;79;72;77;4;2;
?;?;?;?;?;?;?;?;?;?;?;?;76;75;74;79;72;77;4;4;2;11;10;9;3;17;24;23;76;75;74;79;72;77;4;4;4;4;2;11;10;9;3;17;24;76;75;74;79;72;
?;?;?;?;?;?;?;?;?;?;?;?;11;10;9;3;17;59;86;84;79;72;77;95;93;91;90;3;17;24;23;18;25;25;25;25;25;25;25;25;25;25;25;25;25;25;25;25;25;25;
?;?;?;?;?;?;?;?;?;?;?;?;90;3;17;59;86;84;71;66;64;62;3;17;24;23;18;16;75;74;79;72;77;95;93;91;90;3;17;59;86;84;79;72;77;4;4;4;4;4;
?;?;?;?;?;?;?;?;?;?;?;?;91;90;3;15;14;13;8;5;77;4;4;4;4;4;2;11;10;9;3;17;24;23;18;16;75;74;79;72;77;4;4;2;11;10;9;3;15;14;
?;?;?;?;?;?;?;?;?;?;?;?;91;90;3;17;24;23;18;25;25;76;75;74;79;72;77;4;4;4;4;4;2;11;10;9;58;57;83;80;73;77;4;4;4;4;2;11;10;9;
?;?;?;?;?;?;?;?;?;?;?;?;38;34;33;32;59;86;84;79;72;77;4;4;4;4;4;4;4;4;4;4;4;4;4;4;4;4;4;2;11;10;9;3;17;24;23;76;75;60;
?;?;?;?;?;?;?;?;?;?;?;?;79;72;77;4;4;4;4;4;4;4;4;4;4;4;4;4;4;4;4;4;4;2;11;10;9;3;17;24;23;18;25;25;25;25;25;25;25;25;
?;?;?;?;?;?;?;?;?;?;?;?;4;4;4;4;4;4;4;4;4;4;4;4;4;4;4;4;2;11;10;9;3;17;24;23;18;16;75;74;79;72;77;4;2;11;10;9;3;17;
?;?;?;?;?;?;?;?;?;?;?;?;4;4;2;11;10;9;3;17;24;23;18;25;76;75;74;79;72;77;4;4;2;11;10;0;7;43;97;81;78;4;4;2;11;10;9;3;17;24;
?;?;?;?;?;?;?;?;?;?;?;?;80;73;77;95;93;91;90;3;17;24;23;18;25;25;25;25;25;25;25;76;75;74;79;72;77;4;4;4;4;4;4;4;4;4;4;4;2;11;
?;?;?;?;?;?;?;?;?;?;?;?;2;11;10;9;3;17;24;76;75;74;79;72;77;4;4;4;4;4;4;4;4;4;4;4;2;11;10;9;3;17;24;23;18;25;25;25;25;25;
?;?;?;?;?;?;?;?;?;?;?;?;8;5;77;4;2;11;10;9;3;15;14;13;8;5;95;93;91;90;3;17;24;23;76;75;74;79;72;77;95;93;91;90;3;17;59;86;84;79;
?;?;?;?;?;?;?;?;?;?;?;?;25;25;76;75;74;79;72;77;4;4;4;4;4;4;4;4;4;4;4;4;4;4;4;4;4;4;4;4;4;4;2;11;10;9;3;17;24;23;
?;?;?;?;?;?;?;?;?;?;?;?;13;8;5;95;93;91;90;3;17;59;86;84;79;72;77;4;4;4;4;4;4;4;2;11;10;9;3;17;24;76;75;74;79;72;77;4;4;4;
?;?;?;?;?;?;?;?;?;?;?;?;4;4;4;4;4;2;11;10;9;3;17;59;86;84;79;72;77;4;4;2;11;10;9;3;17;24;23;18;25;25;25;25;25;25;25;25;25;25;
?;?;?;?;?;?;?;?;?;?;?;?;13;8;5;95;93;91;90;3;17;59;61;50;48;46;38;34;33;59;86;84;79;72;77;4;4;4;4;2;11;10;9;3;17;24;23;18;25;76;
?;?;?;?;?;?;?;?;?;?;?;?;9;3;17;59;86;84;79;72;77;95;93;91;104;102;100;97;81;78;4;4;4;2;11;10;9;3;17;24;23;76;75;74;69;65;63;62;3;17;
?;?;?;?;?;?;?;?;?;?;?;?;4;4;4;4;4;4;4;2;11;10;9;3;17;24;76;75;74;79;72;77;4;4;2;11;10;9;3;17;24;23;18;25;25;25;76;75;74;79;
?;?;?;?;?;?;?;?;?;?;?;?;90;3;17;24;23;76;75;60;49;47;45;39;26;59;86;84;79;72;77;4;4;4;4;4;4;4;4;4;4;4;2;11;10;9;3;17;24;23;
?;?;?;?;?;?;?;?;?;?;?;?;86;84;79;72;77;4;4;4;4;4;4;4;4;2;11;10;9;3;17;24;23;18;25;25;25;25;25;25;25;25;25;25;25;25;25;76;75;74;
?;?;?;?;?;?;?;?;?;?;?;?;9;3;17;24;76;75;74;79;72;77;4;2;11;10;9;3;17;24;23;18;25;25;25;25;25;25;25;25;76;75;74;79;72;77;4;4;4;4;
?;?;?;?;?;?;?;?;?;?;?;?;61;50;48;46;38;34;33;32;27;76;75;74;79;72;77;4;4;4;4;4;4;4;4;4;4;4;4;4;4;4;4;4;4;4;2;11;10;9;
?;?;?;?;?;?;?;?;?;?;?;?;9;3;17;24;76;75;74;79;72;77;4;4;4;4;4;4;4;4;2;11;10;9;3;17;59;86;84;79;72;77;4;4;4;4;2;11;10;9;
?;?;?;?;?;?;?;?;?;?;?;?;76;75;74;79;72;77;95;93;91;90;3;17;24;23;18;16;75;74;79;72;77;4;4;4;4;4;4;4;4;2;11;10;9;3;17;24;23;18;
?;?;?;?;?;?;?;?;?;?;?;?;4;4;4;4;4;4;2;11;10;9;3;17;24;23;18;16;75;74;79;72;77;4;4;4;4;2;11;10;9;58;57;83;80;2;11;10;9;3;
?;?;?;?;?;?;?;?;?;?;?;?;13;8;5;95;93;91;90;3;17;24;76;75;74;79;70;68;67;104;102;100;97;81;78;96;94;92;90;3;17;24;23;18;25;25;25;25;76;75;
?;?;?;?;?;?;?;?;?;?;?;?;91;104;102;100;97;81;78;96;94;92;90;3;17;24;23;18;16;75;60;49;47;45;39;15;14;13;8;5;77;4;4;4;4;4;4;2;11;10;
?;?;?;?;?;?;?;?;?;?;?;?;93;91;90;3;17;24;23;18;25;25;25;25;25;25;76;75;74;79;72;77;4;4;4;4;4;4;4;4;4;2;11;10;9;3;17;24;23;18;
?;?;?;?;?;?;?;?;?;?;?;?;13;8;5;77;4;4;4;4;4;4;2;11;10;9;3;17;24;23;18;25;25;76;75;74;79;72;77;4;4;4;4;4;4;4;4;4;4;4;
?;?;?;?;?;?;?;?;?;?;?;?;13;8;5;77;95;93;91;90;3;15;14;13;8;2;11;10;9;3;17;24;23;18;25;25;76;75;74;79;72;77;4;2;11;10;9;3;17;24;
?;?;?;?;?;?;?;?;?;?;?;?;88;87;6;1;4;4;4;4;2;11;10;9;3;17;24;76;75;74;79;72;77;4;4;4;4;2;11;10;9;3;17;24;23;18;25;76;75;74;
?;?;?;?;?;?;?;?;?;?;?;?;93;91;90;3;15;14;13;8;5;77;4;4;4;4;4;4;4;4;4;4;2;11;10;9;3;17;24;23;18;25;25;25;25;25;25;76;75;74;
?;?;?;?;?;?;?;?;?;?;?;?;23;18;25;25;25;76;75;74;79;72;77;4;4;2;11;10;9;3;17;24;23;76;75;74;79;72;77;4;4;4;4;4;4;2;11;10;9;3;
?;?;?;?;?;?;?;?;?;?;?;?;13;8;5;77;95;93;91;90;3;17;24;23;18;25;25;25;25;25;25;25;25;25;76;75;74;79;72;77;4;4;4;4;4;4;4;4;4;4;
?;?;?;?;?;?;?;?;?;?;?;?;4;2;11;10;9;3;17;24;23;18;25;25;25;25;25;25;25;25;25;25;25;25;25;25;25;76;75;74;79;72;77;4;4;4;4;4;4;4;
?;?;?;?;?;?;?;?;?;?;?;?;75;60;49;47;45;39;26;59;86;84;79;72;77;4;4;4;4;2;11;10;9;58;57;83;80;73;77;95;93;91;90;3;17;24;23;18;25;25;
?;?;?;?;?;?;?;?;?;?;?;?;8;5;95;93;91;90;3;17;24;23;76;75;74;69;65;63;62;3;17;24;76;75;74;79;72;77;4;4;4;4;4;4;4;4;4;4;4;4;
?;?;?;?;?;?;?;?;?;?;?;?;80;73;77;4;2;11;88;87;6;1;4;4;4;4;4;2;11;10;9;3;17;24;23;18;25;25;25;25;25;25;25;25;76;75;74;79;72;77;
?;?;?;?;?;?;?;?;?;?;?;?;9;3;15;14;13;8;5;77;4;4;4;4;4;4;4;2;11;10;9;3;17;24;23;18;16;75;74;79;72;77;95;93;88;87;6;1;4;4;
?;?;?;?;?;?;?;?;?;?;?;?;24;23;18;16;75;74;79;72;95;93;91;90;3;17;24;23;18;25;76;75;74;79;72;77;95;88;87;6;1;4;4;4;4;4;4;4;4;4;
?;?;?;?;?;?;?;?;?;?;?;?;4;2;11;10;9;3;17;24;23;18;25;25;25;25;25;25;25;25;25;25;25;25;76;75;74;79;72;77;4;4;4;2;11;10;9;3;17;24;
?;?;?;?;?;?;?;?;?;?;?;?;13;8;2;11;10;9;3;17;24;76;75;74;79;72;77;4;4;4;4;4;4;4;4;4;4;4;4;2;11;10;9;3;17;24;23;18;25;76;
?;?;?;?;?;?;?;?;?;?;?;?;93;91;104;102;100;97;81;78;96;94;92;90;89;44;83;80;73;77;4;2;11;10;9;3;17;24;23;18;16;75;74;79;72;77;4;4;4;4;
?;?;?;?;?;?;?;?;?;?;?;?;13;8;5;95;93;91;90;3;17;59;86;84;79;72;95;93;91;104;102;100;97;2;11;10;9;3;17;24;23;18;25;76;75;74;79;72;77;4;
?;?;?;?;?;?;?;?;?;?;?;?;18;25;25;76;75;74;79;72;77;4;4;2;11;10;9;3;17;24;76;75;74;79;72;77;4;4;2;11;10;9;3;17;59;86;84;79;72;77;
?;?;?;?;?;?;?;?;?;?;?;?;76;75;74;79;72;77;4;4;4;4;4;4;4;4;4;4;4;4;2;11;10;9;3;17;24;23;18;25;25;25;25;25;25;25;25;25;25;25;
?;?;?;?;?;?;?;?;?;?;?;?;9;3;17;24;23;76;75;74;79;70;68;67;9;3;15;14;13;8;5;77;4;4;4;4;2;11;10;9;3;17;24;23;76;75;74;79;70;68;
?;?;?;?;?;?;?;?;?;?;?;?;86;60;49;47;45;39;26;19;40;25;25;25;25;25;25;25;25;25;76;75;74;79;72;77;4;4;4;4;4;2;11;10;9;3;17;24;23;18;
?;?;?;?;?;?;?;?;?;?;?;?;59;86;60;49;47;45;39;26;19;40;25;25;25;76;75;74;79;72;95;93;91;90;3;15;14;13;8;5;77;4;4;4;4;2;11;10;9;58;
?;?;?;?;?;?;?;?;?;?;?;?;4;4;4;4;4;4;4;4;4;4;4;4;4;4;2;11;10;9;3;17;24;23;18;25;25;25;25;25;25;25;25;25;25;76;75;74;79;72;
?;?;?;?;?;?;?;?;?;?;?;?;8;5;77;4;4;2;11;10;9;3;15;14;13;8;5;77;4;4;4;4;4;4;2;11;10;9;3;17;24;23;18;25;25;25;25;25;25;25;
?;?;?;?;?;?;?;?;?;?;?;?;91;90;3;17;24;76;75;74;79;70;68;88;87;6;1;4;4;4;4;4;2;11;10;9;3;17;24;23;18;25;25;25;25;25;25;76;75;74;
?;?;?;?;?;?;?;?;?;?;?;?;62;3;15;14;13;8;5;95;93;91;90;3;15;14;13;8;5;77;4;4;4;2;11;10;9;3;17;24;23;18;16;75;74;79;72;77;95;93;
?;?;?;?;?;?;?;?;?;?;?;?;3;17;59;86;84;71;66;64;62;3;17;24;23;76;75;74;79;70;68;67;9;3;15;14;13;8;5;77;4;4;4;4;4;4;4;4;4;2;
?;?;?;?;?;?;?;?;?;?;?;?;13;8;5;95;93;91;90;3;17;24;23;18;25;25;25;76;75;74;79;72;77;4;4;2;11;10;9;3;17;59;86;84;79;72;77;4;4;4;
?;?;?;?;?;?;?;?;?;?;?;?;13;8;2;11;10;9;3;17;24;76;75;74;79;72;77;95;93;91;90;3;15;36;22;21;20;51;41;33;32;27;99;85;76;75;60;49;47;45;
?;?;?;?;?;?;?;?;?;?;?;?;84;79;72;95;93;91;90;3;15;14;13;8;5;77;4;4;4;4;4;4;4;4;4;2;11;10;9;3;17;24;76;75;74;79;72;77;4;4;
?;?;?;?;?;?;?;?;?;?;?;?;13;2;11;10;9;3;17;24;76;75;74;79;72;77;95;93;91;90;89;44;83;80;73;77;4;4;2;11;10;9;3;17;24;23;18;25;25;25;
?;?;?;?;?;?;?;?;?;?;?;?;23;18;25;25;25;76;75;74;79;72;77;4;4;2;11;10;9;3;17;24;76;75;74;79;72;77;95;93;91;90;3;17;24;23;18;25;25;25;
?;?;?;?;?;?;?;?;?;?;?;?;13;8;5;95;93;91;90;89;44;83;80;73;77;95;93;91;90;3;17;24;23;18;16;75;74;79;72;77;4;4;4;4;4;4;4;4;4;4;
?;?;?;?;?;?;?;?;?;?;?;?;80;73;77;95;93;91;90;3;15;14;13;8;5;95;93;91;90;3;17;24;23;18;25;25;25;25;25;25;76;75;74;79;72;77;95;93;91;90;
?;?;?;?;?;?;?;?;?;?;?;?;13;8;5;95;93;91;90;3;15;14;13;8;5;77;95;93;91;90;89;44;83;80;2;11;88;87;6;1;4;4;4;4;4;4;2;11;10;9;
?;?;?;?;?;?;?;?;?;?;?;?;3;17;24;23;18;25;25;76;75;74;79;72;77;95;93;91;90;3;17;24;23;76;75;60;49;47;45;39;26;19;40;25;25;25;76;75;74;79;
?;?;?;?;?;?;?;?;?;?;?;?;4;4;4;4;4;4;4;4;4;4;4;4;4;4;4;4;4;4;4;4;4;4;4;4;4;4;4;4;4;4;4;4;4;4;4;4;4;4;
?;?;?;?;?;?;?;?;?;?;?;?;2;11;10;9;3;17;24;23;18;25;25;25;25;25;76;75;74;79;72;77;4;4;4;4;4;2;11;10;9;3;17;59;86;84;79;72;77;4;
?;?;?;?;?;?;?;?;?;?;?;?;13;8;5;95;93;91;90;89;44;83;80;73;77;4;2;11;10;9;3;17;59;86;84;79;72;77;4;2;11;10;9;3;17;24;23;18;25;25;
?;?;?;?;?;?;?;?;?;?;?;?;18;16;75;74;79;72;77;4;4;4;4;4;4;4;4;4;2;11;88;87;6;1;4;4;4;4;4;2;11;10;9;3;17;24;23;18;16;75;
?;?;?;?;?;?;?;?;?;?;?;?;39;15;14;13;8;5;77;4;4;2;11;10;9;3;17;59;86;84;79;72;77;95;93;91;90;3;17;24;23;18;25;25;25;25;25;25;25;25;
?;?;?;?;?;?;?;?;?;?;?;?;9;3;17;24;76;75;74;79;72;77;4;4;4;4;4;4;4;2;11;10;9;3;17;24;76;75;74;79;72;77;4;4;4;4;4;4;4;4;
?;?;?;?;?;?;?;?;?;?;?;?;91;90;89;44;83;80;73;77;4;4;4;2;11;10;9;3;17;24;76;75;74;79;72;77;95;93;91;90;3;17;24;23;18;16;75;74;79;72;
?;?;?;?;?;?;?;?;?;?;?;?;81;78;96;94;92;90;3;17;24;23;18;25;25;25;25;25;25;25;25;25;25;76;75;74;79;72;77;4;4;4;4;2;11;10;9;3;17;24;
?;?;?;?;?;?;?;?;?;?;?;?;23;18;25;25;25;25;25;25;76;75;74;79;72;77;4;4;4;4;4;4;4;4;4;4;2;11;10;0;7;43;97;81;78;4;4;4;2;11;
?;?;?;?;?;?;?;?;?;?;?;?;91;90;3;17;24;23;18;25;25;25;25;25;25;76;75;74;79;72;77;4;4;4;4;4;4;4;4;4;4;4;2;11;10;9;58;57;83;80;
?;?;?;?;?;?;?;?;?;?;?;?;13;8;2;11;10;9;3;17;59;86;84;79;70;68;67;9;3;17;59;86;84;79;72;77;4;4;4;4;4;2;11;10;9;3;17;24;23;18;
?;?;?;?;?;?;?;?;?;?;?;?;4;4;4;4;4;4;4;4;4;4;4;4;4;4;4;2;11;10;9;3;17;24;23;76;75;74;79;70;68;67;9;3;17;24;23;18;25;25;
?;?;?;?;?;?;?;?;?;?;?;?;60;49;47;45;39;26;19;40;25;76;75;74;69;65;63;62;3;15;14;13;8;5;77;4;4;4;2;11;10;9;58;57;83;80;73;77;4;4;
?;?;?;?;?;?;?;?;?;?;?;?;91;90;3;15;14;13;8;5;95;93;91;90;3;17;24;23;18;25;25;25;25;76;75;74;79;72;77;4;4;4;2;11;10;9;3;17;24;23;
?;?;?;?;?;?;?;?;?;?;?;?;80;73;77;4;2;11;10;9;3;17;24;23;18;25;25;76;75;74;79;72;77;4;4;4;2;11;10;9;3;17;24;23;18;25;25;25;76;75;
?;?;?;?;?;?;?;?;?;?;?;?;25;25;25;76;75;74;69;65;63;62;3;17;24;23;18;16;75;74;79;72;77;4;4;4;4;4;4;4;4;4;4;4;4;2;11;10;9;3;
?;?;?;?;?;?;?;?;?;?;?;?;80;73;77;95;93;91;90;3;17;24;23;18;25;25;25;25;25;25;76;75;74;79;72;95;93;91;90;3;17;59;86;84;79;72;77;4;4;4;
?;?;?;?;?;?;?;?;?;?;?;?;8;5;77;95;93;91;90;3;15;14;13;8;5;77;4;4;4;4;2;11;10;9;3;17;24;23;18;25;25;76;75;74;79;72;77;95;93;91;
?;?;?;?;?;?;?;?;?;?;?;?;13;8;5;77;4;4;2;11;10;9;3;17;24;23;18;16;75;74;79;72;77;4;2;11;10;9;3;17;24;23;18;25;25;25;25;25;25;25;
?;?;?;?;?;?;?;?;?;?;?;?;80;73;96;94;92;90;3;17;24;23;76;75;60;49;47;45;88;87;6;1;4;4;4;4;4;2;11;10;9;3;17;24;23;18;25;25;25;25;
?;?;?;?;?;?;?;?;?;?;?;?;23;18;25;25;76;75;74;79;72;77;4;2;11;10;9;58;57;83;80;73;77;4;4;4;4;4;2;11;10;9;3;17;24;23;18;16;12;2;
?;?;?;?;?;?;?;?;?;?;?;?;93;88;87;6;1;4;4;4;2;11;10;9;3;17;24;76;75;74;79;70;68;67;104;102;100;97;81;2;11;10;9;3;17;24;23;18;25;25;
?;?;?;?;?;?;?;?;?;?;?;?;86;84;71;66;64;62;3;17;59;86;84;79;72;77;4;4;4;4;4;4;4;4;4;4;4;4;4;4;4;4;2;11;10;9;3;17;24;23;
?;?;?;?;?;?;?;?;?;?;?;?;78;4;2;11;10;9;3;17;24;23;18;25;25;25;25;25;25;25;25;25;76;75;74;79;72;77;4;4;4;4;4;2;11;10;9;3;15;14;
?;?;?;?;?;?;?;?;?;?;?;?;13;8;2;11;10;9;3;17;59;86;84;79;72;77;4;4;4;4;4;4;4;4;4;2;11;10;9;3;17;24;23;18;25;25;25;25;25;25;
?;?;?;?;?;?;?;?;?;?;?;?;11;10;0;7;43;56;55;54;53;52;42;24;23;18;25;25;25;25;25;25;25;25;25;25;25;25;25;25;25;25;25;25;25;76;75;74;79;72;
?;?;?;?;?;?;?;?;?;?;?;?;91;90;89;44;83;80;73;77;95;93;91;90;3;17;24;23;18;16;75;74;79;72;77;4;4;4;4;4;2;11;10;9;3;17;24;23;76;75;
?;?;?;?;?;?;?;?;?;?;?;?;80;73;77;95;93;91;90;3;15;14;13;8;5;95;93;91;90;3;17;59;86;84;79;72;77;4;4;4;4;4;4;4;4;4;4;4;4;4;
?;?;?;?;?;?;?;?;?;?;?;?;9;3;17;59;86;84;79;70;68;67;9;3;17;24;76;75;74;79;72;77;4;4;4;4;4;4;4;4;2;11;10;9;58;57;83;80;73;77;
?;?;?;?;?;?;?;?;?;?;?;?;13;8;5;95;93;91;90;89;44;83;80;73;77;95;93;91;90;3;17;59;86;84;79;70;68;67;9;3;17;24;23;18;25;25;76;75;74;79;
?;?;?;?;?;?;?;?;?;?;?;?;86;84;79;70;68;67;9;3;17;59;86;84;79;72;77;95;93;91;90;3;17;24;23;76;75;74;79;72;77;4;4;4;4;4;2;11;10;9;
?;?;?;?;?;?;?;?;?;?;?;?;93;91;90;3;17;24;76;75;74;79;72;77;4;2;11;10;9;3;17;59;86;84;79;72;77;4;2;11;10;9;3;17;24;23;76;75;74;79;
?;?;?;?;?;?;?;?;?;?;?;?;13;8;5;77;4;2;11;10;9;3;17;24;23;18;25;25;25;25;25;25;25;76;75;74;79;72;77;4;4;4;4;4;4;4;4;2;11;10;
?;?;?;?;?;?;?;?;?;?;?;?;76;61;50;48;46;38;34;33;59;86;84;79;72;77;95;93;91;104;102;100;97;81;78;4;4;4;4;4;2;11;10;9;3;17;24;23;18;25;
?;?;?;?;?;?;?;?;?;?;?;?;80;73;96;94;92;90;3;17;59;86;84;79;72;77;95;93;91;90;3;17;24;23;18;25;25;25;25;25;25;25;25;25;25;25;25;25;25;25;
?;?;?;?;?;?;?;?;?;?;?;?;13;8;5;77;95;93;91;90;3;17;24;23;18;25;76;75;60;49;47;45;39;26;19;40;25;76;75;74;79;72;77;4;4;4;4;4;2;11;
?;?;?;?;?;?;?;?;?;?;?;?;84;79;70;68;67;9;3;17;59;86;84;79;72;77;4;4;2;11;10;9;3;17;24;76;61;50;48;46;38;34;33;59;86;84;79;72;77;95;
?;?;?;?;?;?;?;?;?;?;?;?;75;74;79;70;68;67;9;3;15;14;13;8;5;77;4;4;4;4;4;4;4;4;4;4;4;4;4;4;4;2;11;10;9;3;17;24;23;18;
?;?;?;?;?;?;?;?;?;?;?;?;81;78;4;4;2;11;10;9;3;17;24;23;18;25;25;25;25;25;25;76;75;74;79;72;77;4;4;4;4;4;4;4;4;2;11;10;9;3;
?;?;?;?;?;?;?;?;?;?;?;?;91;90;3;15;14;13;8;5;95;93;91;90;3;17;24;23;18;25;25;25;76;75;74;79;72;77;4;4;4;4;2;11;10;9;3;17;24;23;
?;?;?;?;?;?;?;?;?;?;?;?;4;4;4;4;4;4;4;4;4;4;4;2;11;10;9;3;17;24;23;18;25;25;25;25;25;76;75;74;79;72;77;4;4;4;4;4;4;4;
?;?;?;?;?;?;?;?;?;?;?;?;4;4;2;11;10;9;3;17;24;23;76;75;74;79;72;77;95;93;91;90;3;17;24;23;18;25;25;25;76;75;74;79;72;77;4;4;2;11;
?;?;?;?;?;?;?;?;?;?;?;?;13;8;5;95;93;91;90;3;17;24;23;76;75;74;79;72;77;4;2;11;10;9;3;17;59;86;84;79;72;77;4;2;11;10;9;3;17;24;
?;?;?;?;?;?;?;?;?;?;?;?;11;10;9;3;17;24;23;18;25;25;25;25;25;76;75;74;79;72;77;4;2;11;10;9;3;17;24;23;18;25;25;25;76;75;74;79;72;77;
?;?;?;?;?;?;?;?;?;?;?;?;4;4;4;4;4;4;4;4;4;2;11;10;9;3;17;24;23;18;25;25;25;25;25;25;25;25;25;25;25;25;25;25;25;25;25;25;25;25;
?;?;?;?;?;?;?;?;?;?;?;?;104;102;100;97;81;78;4;2;11;10;9;3;17;24;23;18;16;75;74;79;72;77;4;4;4;2;11;10;9;3;17;24;23;76;75;74;69;65;
?;?;?;?;?;?;?;?;?;?;?;?;91;90;3;17;59;86;84;79;70;68;67;9;3;17;24;23;18;25;25;25;76;75;74;79;72;77;4;4;2;11;10;9;3;17;24;76;75;74;
?;?;?;?;?;?;?;?;?;?;?;?;4;4;4;4;4;4;4;4;2;11;10;9;58;57;83;80;73;77;95;93;91;90;3;17;24;23;18;25;25;25;25;25;25;25;25;25;25;25;
?;?;?;?;?;?;?;?;?;?;?;?;91;90;3;17;59;86;84;79;70;68;67;104;102;100;97;81;78;96;94;92;90;3;17;24;23;18;16;75;74;79;72;77;4;4;4;2;11;10;
?;?;?;?;?;?;?;?;?;?;?;?;24;23;18;25;25;25;25;25;76;75;74;79;70;68;67;9;3;17;24;23;18;25;76;75;74;79;72;77;4;4;4;4;4;4;2;11;10;9;
?;?;?;?;?;?;?;?;?;?;?;?;81;78;96;94;92;90;3;17;59;86;84;79;72;77;4;4;4;4;4;4;4;4;2;11;10;9;3;17;24;23;18;25;25;25;25;76;75;74;
?;?;?;?;?;?;?;?;?;?;?;?;78;4;2;11;10;0;7;43;97;81;78;4;4;2;11;10;9;3;17;24;23;18;25;25;25;25;25;25;76;75;74;79;72;77;4;4;4;4;