?;?;?;?;1;4;4;4;4;4;4;4;4;4;4;4;4;4;4;4;4;4;4;4;2;9;8;7;3;3;3;3;3;3;3;3;3;3;3;3;3;3;3;3;3;3;3;0;6;5;
?;?;?;?;4;2;9;8;7;3;0;6;5;1;2;9;8;7;3;3;0;6;5;1;4;4;2;9;8;7;3;0;6;5;1;4;4;2;9;8;7;3;0;6;5;1;4;4;4;4;
?;?;?;?;4;2;9;8;0;6;5;1;4;4;2;9;8;7;3;3;3;3;3;3;3;3;3;3;3;3;0;6;5;1;4;4;4;4;2;9;8;7;3;3;0;6;5;1;2;9;
?;?;?;?;0;6;5;1;4;4;2;9;8;7;3;3;3;3;0;6;5;1;4;4;4;4;4;4;4;2;9;8;7;3;3;3;3;3;3;3;3;3;3;3;3;0;6;5;2;9;
?;?;?;?;3;0;6;5;1;4;4;2;9;8;7;3;3;3;3;3;3;3;3;0;6;5;1;4;4;4;4;4;4;4;4;4;4;4;4;4;2;9;8;7;3;3;3;3;3;3;
?;?;?;?;3;0;6;5;1;2;9;8;7;3;0;6;5;1;4;4;4;2;9;8;7;3;3;3;3;3;3;3;3;3;3;3;3;3;3;3;3;0;6;5;1;4;4;4;4;2;
?;?;?;?;4;2;9;8;7;3;3;3;3;3;3;0;6;5;1;4;4;4;4;2;9;8;7;3;3;3;3;3;3;0;6;5;1;4;4;4;4;4;4;4;4;4;4;4;4;4;
?;?;?;?;2;9;8;7;3;3;3;0;6;5;1;4;4;4;4;4;4;4;4;4;4;4;2;9;8;7;3;3;3;3;3;3;3;3;3;3;3;3;0;6;5;1;4;4;4;4;
?;?;?;?;3;3;0;6;5;1;4;4;4;4;4;4;4;4;4;4;4;4;4;4;2;9;8;7;3;3;3;3;3;3;3;3;3;3;0;6;5;1;4;4;2;9;8;7;3;0;
?;?;?;?;3;0;6;5;1;4;2;9;8;7;3;0;6;5;1;4;2;9;8;7;3;0;6;5;1;4;4;2;9;8;7;0;6;5;1;4;4;2;9;8;7;3;3;3;0;6;
?;?;?;?;4;2;9;8;7;3;0;6;5;1;4;2;9;8;7;3;0;6;5;1;4;2;9;8;7;3;3;3;3;3;3;3;3;0;6;5;1;4;4;4;4;4;2;9;8;7;
?;?;?;?;4;2;9;8;7;3;3;0;6;5;1;2;9;8;7;3;0;6;5;1;4;4;4;4;4;4;4;4;4;4;4;4;4;4;2;9;8;7;3;3;3;3;3;3;3;3;
?;?;?;?;4;2;9;8;7;3;0;6;5;1;2;9;8;7;3;3;0;6;5;1;4;4;2;9;8;7;3;3;3;0;6;5;1;4;4;4;4;4;4;4;4;2;9;8;7;3;
?;?;?;?;3;3;3;3;3;3;3;3;3;3;3;3;3;0;6;5;1;4;4;4;4;4;4;4;4;4;2;9;8;7;3;3;3;3;3;3;3;3;3;0;6;5;1;4;4;4;
?;?;?;?;4;2;9;8;7;3;0;6;5;1;4;2;9;8;7;3;0;6;5;1;4;2;9;8;7;0;6;5;1;4;4;2;9;8;7;3;3;3;0;6;5;1;4;4;4;4;
?;?;?;?;4;2;9;8;7;3;3;3;3;3;3;3;0;6;5;1;4;4;4;4;2;9;8;7;3;0;6;5;1;4;4;4;4;4;4;4;4;4;4;2;9;8;7;3;3;3;
?;?;?;?;3;0;6;5;1;4;2;9;8;7;3;3;3;0;6;5;1;4;4;4;4;4;4;2;9;8;7;3;3;3;3;3;3;3;0;6;5;1;4;4;4;4;4;4;4;4;
?;?;?;?;2;9;8;7;3;3;3;0;6;5;1;4;4;4;4;2;9;8;7;3;3;0;6;5;1;4;4;4;4;2;9;8;7;3;3;3;3;0;6;5;1;4;4;4;2;9;
?;?;?;?;2;9;8;7;3;3;3;0;6;5;2;9;8;7;0;6;5;1;4;4;4;4;4;4;4;4;4;4;4;4;4;4;4;4;2;9;8;7;3;3;3;3;3;3;3;3;
?;?;?;?;0;6;5;1;4;4;2;9;8;7;3;0;6;5;1;4;2;9;8;7;3;3;3;0;6;5;1;4;4;4;4;4;4;4;2;9;8;7;3;3;3;0;6;5;1;4;
?;?;?;?;4;2;9;8;7;0;6;5;1;4;4;2;9;8;7;3;3;3;3;3;3;3;3;3;3;3;3;3;3;3;3;3;3;3;3;0;6;5;1;4;4;4;4;4;4;4;
?;?;?;?;4;2;9;8;7;3;0;6;5;1;4;2;9;8;7;3;3;0;6;5;1;4;4;4;2;9;8;7;3;3;3;3;3;3;3;3;0;6;5;1;4;4;2;9;8;7;
?;?;?;?;4;2;9;8;7;3;3;3;3;3;3;3;3;3;3;0;6;5;1;4;4;4;4;4;4;4;4;4;4;4;4;4;4;2;9;8;7;3;3;3;3;3;3;3;3;3;
?;?;?;?;4;2;9;8;7;3;3;0;2;9;8;7;3;3;3;3;3;0;6;5;1;4;4;4;4;4;4;4;4;4;4;2;9;8;0;6;5;1;4;4;4;4;4;4;2;9;
?;?;?;?;3;3;0;6;5;2;9;8;7;3;3;3;0;6;5;1;4;4;4;4;2;9;8;7;0;6;5;1;4;4;4;4;4;4;4;4;4;4;2;9;8;7;3;3;3;3;
?;?;?;?;4;2;9;8;7;0;6;5;1;4;2;9;8;7;3;3;3;3;3;3;3;3;3;3;3;3;3;0;6;5;1;4;4;4;4;4;4;4;4;4;4;4;4;4;4;4;
?;?;?;?;3;0;6;5;1;2;9;8;7;3;3;3;0;6;5;1;4;2;9;8;0;6;5;1;4;4;4;4;4;4;4;4;4;4;4;4;2;9;8;7;3;0;6;5;1;4;
?;?;?;?;0;6;5;1;4;4;2;9;8;7;0;6;5;1;4;2;9;8;7;3;3;3;3;3;3;3;3;3;3;3;0;6;5;1;4;4;4;4;2;9;8;7;3;0;6;5;
?;?;?;?;4;2;9;8;7;0;6;5;1;4;4;4;2;9;8;7;3;0;6;5;2;9;8;7;3;3;3;3;3;0;6;5;1;4;4;4;4;4;4;4;4;4;4;4;4;4;
?;?;?;?;4;2;9;8;7;3;0;6;5;1;4;4;4;2;0;6;5;1;4;4;4;4;2;9;8;7;3;3;3;3;3;3;3;3;3;3;3;3;3;0;6;5;1;4;4;4;
?;?;?;?;4;4;4;4;4;4;4;4;4;4;4;4;4;4;4;4;4;4;4;2;9;8;7;3;3;3;3;3;3;3;3;3;3;3;0;6;5;1;4;4;2;9;8;7;3;3;
?;?;?;?;3;0;6;5;1;4;2;9;8;7;3;0;6;5;1;4;4;2;9;8;7;3;3;3;3;3;3;3;3;3;0;6;5;1;4;4;4;2;9;8;7;3;3;3;3;3;
?;?;?;?;3;3;3;3;0;6;2;9;8;7;3;3;3;3;3;3;3;3;0;6;5;1;4;4;4;4;4;4;4;4;4;4;4;4;4;4;4;4;4;4;4;4;4;4;4;4;
?;?;?;?;2;9;8;7;3;3;3;3;0;6;5;1;4;4;4;4;2;9;8;7;3;3;3;3;3;0;6;5;1;4;4;4;4;4;4;4;4;4;4;4;4;4;4;4;4;4;
?;?;?;?;2;9;8;7;3;3;0;6;5;1;2;9;8;7;3;3;3;3;3;3;3;3;3;3;3;0;6;5;1;4;4;4;4;4;4;4;4;2;9;8;7;3;3;3;3;3;
?;?;?;?;4;2;9;8;7;3;3;3;3;0;6;5;1;4;4;4;4;4;4;4;2;9;8;7;3;3;3;3;3;3;0;6;5;1;4;4;4;4;4;2;9;8;7;3;3;3;
?;?;?;?;4;2;9;8;7;3;3;3;0;6;5;1;4;4;4;4;4;4;4;2;9;8;7;3;3;3;3;3;3;3;3;3;3;3;3;3;3;0;6;5;1;4;4;4;4;2;
?;?;?;?;3;0;6;5;1;4;2;9;8;7;3;3;3;3;3;3;3;3;3;3;3;0;6;5;1;4;4;4;4;4;4;4;4;4;4;4;4;2;9;8;7;3;3;3;3;3;
?;?;?;?;2;9;8;7;3;3;3;0;6;5;1;4;4;4;4;2;9;8;7;3;3;3;0;6;5;1;4;4;4;4;4;2;9;8;7;3;3;0;6;5;1;4;4;4;4;4;
?;?;?;?;0;6;5;1;4;2;9;8;7;3;3;3;0;6;5;1;4;4;2;9;8;7;3;3;3;3;3;3;0;6;5;1;4;4;4;4;4;4;2;9;8;7;3;0;6;5;
?;?;?;?;0;6;5;1;4;4;4;2;9;8;7;0;6;5;1;4;2;9;8;7;3;3;0;6;5;1;4;4;2;9;8;7;3;3;3;3;3;3;3;3;3;0;6;5;1;4;
?;?;?;?;3;3;3;0;2;9;8;7;3;3;0;6;5;1;4;4;4;4;4;4;4;4;4;4;4;4;4;2;9;8;7;3;3;3;3;3;3;3;3;0;6;5;2;9;8;7;
?;?;?;?;0;6;5;1;4;4;2;9;8;7;3;3;3;3;3;3;3;3;0;6;5;1;4;4;4;4;4;4;4;2;9;8;0;6;5;1;4;2;9;8;7;3;0;6;5;1;
?;?;?;?;2;9;8;7;3;0;6;5;1;4;2;9;8;7;3;3;3;3;3;3;3;3;3;3;0;6;5;1;4;4;4;4;4;2;9;8;7;3;3;3;3;3;0;6;5;1;
?;?;?;?;4;2;9;8;7;3;3;0;6;5;1;2;9;8;7;3;0;6;5;1;4;4;4;4;4;4;4;4;4;2;9;8;7;3;3;3;3;3;3;0;6;5;1;4;4;4;
?;?;?;?;4;2;9;8;7;3;0;6;5;1;4;2;9;8;7;3;0;6;5;1;4;4;2;9;8;0;6;5;1;4;4;2;9;8;7;3;3;3;0;6;5;1;2;9;8;7;
?;?;?;?;4;2;9;8;7;3;0;6;5;1;4;2;9;8;7;3;3;3;3;3;3;3;3;3;0;6;5;1;4;4;2;9;8;7;3;3;3;3;0;6;5;1;4;4;4;4;
?;?;?;?;2;9;8;7;3;3;0;6;5;1;2;9;8;7;3;3;3;3;0;6;5;1;4;4;4;4;4;4;4;4;4;4;4;4;4;4;4;4;4;2;9;8;7;3;3;3;
?;?;?;?;9;8;7;3;3;3;3;0;6;5;1;4;4;4;4;4;2;9;8;0;6;5;1;4;4;4;4;4;4;4;2;9;8;7;3;0;6;5;1;4;4;4;4;4;4;4;
?;?;?;?;4;4;4;4;4;4;2;9;8;7;3;3;3;3;3;3;0;6;5;1;4;4;4;4;4;4;4;2;9;8;7;3;3;3;3;3;3;3;3;3;3;3;0;6;5;1;
?;?;?;?;4;4;4;4;4;4;4;4;4;4;4;4;4;4;4;4;4;2;9;8;7;3;3;3;3;3;3;0;6;2;9;8;7;3;3;3;3;3;3;3;3;3;3;3;3;3;
?;?;?;?;3;0;6;5;2;9;8;7;3;3;3;3;3;0;6;5;1;4;4;4;4;4;4;4;4;4;4;4;4;4;4;4;4;4;4;2;9;8;7;3;3;3;3;3;3;3;
?;?;?;?;0;6;5;1;4;4;4;2;9;8;7;3;0;6;5;1;2;9;8;7;3;3;3;3;3;3;3;3;3;3;3;3;3;0;6;5;1;4;4;4;4;4;4;4;4;4;
?;?;?;?;4;2;9;8;7;0;6;5;1;4;4;4;2;9;8;7;0;6;2;9;8;7;3;3;3;3;3;3;0;6;5;1;4;4;4;4;2;9;8;7;3;3;3;3;3;0;
?;?;?;?;4;2;9;8;7;0;6;5;1;4;4;4;2;9;8;7;0;6;5;1;2;9;8;7;3;3;3;3;0;6;5;1;4;4;4;4;4;2;9;8;7;3;3;3;3;0;
?;?;?;?;2;9;8;7;3;3;0;6;5;1;4;2;9;8;7;0;6;5;1;4;2;9;8;7;3;0;6;5;1;4;4;4;4;4;4;4;4;4;4;4;2;9;8;7;3;3;
?;?;?;?;4;2;9;8;7;0;6;5;1;4;2;9;8;7;3;3;3;0;6;5;1;4;4;2;9;8;7;3;3;3;3;3;3;3;3;0;6;5;1;4;4;4;4;4;4;4;
?;?;?;?;3;0;6;5;1;4;2;9;8;7;3;0;6;5;1;4;2;9;8;7;3;3;0;6;5;1;2;9;8;7;3;0;6;5;1;4;4;4;4;4;4;4;4;4;4;4;
?;?;?;?;3;0;6;5;1;4;2;9;8;7;3;0;6;5;1;4;4;2;9;8;7;3;0;6;5;1;4;2;9;8;7;3;3;3;3;3;3;3;3;3;3;3;0;6;5;2;
?;?;?;?;4;2;9;8;7;0;6;5;1;4;2;9;8;7;3;3;0;6;5;1;4;2;9;8;7;3;3;3;3;3;3;0;6;2;9;8;0;6;5;1;4;4;4;4;4;2;
?;?;?;?;4;2;9;8;7;3;0;6;5;1;4;2;9;8;7;3;3;3;3;3;3;3;3;3;3;3;0;6;5;1;4;4;4;4;4;4;4;4;4;4;4;4;2;9;8;7;
?;?;?;?;3;0;6;5;1;4;2;9;8;7;3;0;6;5;1;4;4;2;9;8;7;3;3;3;3;3;0;6;5;1;4;4;4;4;4;2;9;8;7;3;3;0;6;5;1;4;
?;?;?;?;4;4;2;9;0;6;5;1;4;4;4;4;2;9;8;7;3;3;3;3;3;3;3;3;3;3;3;3;3;3;3;3;3;3;3;0;6;5;1;4;4;4;4;4;4;4;
?;?;?;?;2;9;8;7;3;3;0;6;5;1;4;4;4;4;4;4;4;4;4;4;4;4;2;9;8;7;3;3;3;3;3;3;3;3;3;3;3;3;0;6;5;1;4;4;4;4;
?;?;?;?;4;4;4;4;2;9;8;7;3;3;3;3;3;3;3;3;3;3;3;0;6;5;1;4;4;4;4;4;4;4;4;2;9;8;7;3;3;3;0;6;5;1;4;4;4;4;
?;?;?;?;4;4;4;2;9;8;7;3;3;3;3;3;0;6;5;1;4;4;2;9;8;7;3;3;3;3;0;6;5;1;4;4;4;4;4;4;4;4;4;4;4;4;4;4;4;4;
?;?;?;?;4;4;4;4;4;4;4;4;4;4;4;4;4;4;4;4;4;4;4;4;4;4;4;4;4;4;4;4;4;4;4;4;4;4;4;4;4;4;4;4;4;4;4;4;4;4;
?;?;?;?;3;0;6;5;1;4;2;9;8;7;3;3;0;6;5;1;2;9;8;7;3;3;3;3;0;6;5;1;4;4;4;4;4;4;4;4;4;4;4;4;2;9;8;7;3;3;
?;?;?;?;2;9;8;7;3;3;0;6;5;1;4;2;9;8;7;3;0;6;5;1;4;4;2;9;8;7;0;6;5;1;4;4;4;4;4;4;4;4;4;4;4;4;4;4;4;4;
?;?;?;?;4;2;9;8;7;3;0;6;5;1;4;2;9;8;7;3;3;3;0;6;5;1;4;4;4;4;4;4;4;4;4;4;4;4;4;4;4;4;4;4;4;4;4;4;2;9;
?;?;?;?;2;9;8;7;0;6;5;1;4;4;4;4;4;4;4;4;4;4;4;4;4;2;9;8;7;3;3;3;3;3;3;3;3;3;3;3;3;0;6;5;1;4;4;2;9;8;
?;?;?;?;3;3;3;3;3;3;3;3;3;3;0;6;5;1;4;4;4;4;4;4;2;9;8;7;3;3;0;6;5;1;4;2;9;8;7;3;3;3;3;3;3;3;3;3;3;3;
?;?;?;?;4;2;9;8;7;3;3;3;3;3;3;3;0;6;5;1;4;4;4;4;4;4;4;4;4;4;4;4;4;4;2;9;8;7;3;3;3;3;3;3;3;3;3;3;3;3;
?;?;?;?;2;9;8;7;3;3;0;6;5;1;4;2;9;8;7;3;0;6;5;1;4;4;2;9;8;7;0;6;5;1;2;9;8;7;3;3;3;0;6;5;1;4;2;9;8;7;
?;?;?;?;3;0;6;5;1;2;9;8;7;3;0;6;5;1;4;4;4;4;4;2;9;8;7;3;3;3;3;3;3;3;3;0;6;5;1;4;4;4;4;2;9;8;7;0;6;5;
?;?;?;?;4;2;9;8;0;6;5;1;4;4;4;2;9;8;7;3;3;3;3;3;3;3;0;6;5;1;4;4;2;9;8;7;3;3;3;3;0;6;5;1;4;4;4;4;4;4;
?;?;?;?;0;6;5;1;4;4;2;9;8;7;3;3;3;3;0;6;5;2;9;8;0;6;5;1;4;4;4;4;4;4;4;4;4;2;9;8;7;3;3;3;3;3;3;3;0;6;
?;?;?;?;3;3;3;3;0;6;5;1;4;4;4;4;4;4;4;4;2;9;8;7;3;3;0;6;5;1;4;2;9;8;7;3;3;3;3;3;3;3;3;3;3;3;3;3;3;3;
?;?;?;?;4;2;9;8;7;3;3;0;6;5;1;4;4;4;4;4;4;4;4;4;4;2;9;8;7;3;3;0;6;5;2;9;8;7;3;3;3;3;3;3;0;6;2;9;8;7;
?;?;?;?;3;0;6;5;1;4;4;4;2;9;8;7;0;6;5;1;4;4;4;4;2;9;8;7;3;3;3;3;0;6;5;1;4;4;4;2;9;8;7;3;3;3;3;0;6;5;
?;?;?;?;5;1;4;2;9;8;7;3;3;3;0;6;5;1;4;4;4;4;4;4;4;4;4;4;4;4;2;9;8;7;3;3;3;3;3;3;3;3;3;3;3;3;3;3;3;3;
?;?;?;?;4;2;9;8;0;6;5;1;4;4;2;9;8;7;3;3;3;3;0;6;5;1;4;2;9;8;0;6;5;1;4;4;4;4;2;9;8;7;3;3;3;3;0;6;5;1;
?;?;?;?;3;0;6;5;1;4;2;9;8;7;0;6;5;1;4;2;9;8;7;3;0;6;5;1;4;4;2;9;8;7;3;3;3;3;3;3;3;3;3;3;3;0;6;5;1;4;
?;?;?;?;4;4;4;4;4;4;4;4;2;9;8;7;3;3;3;0;6;5;2;9;8;7;3;3;3;3;3;0;6;5;1;4;4;4;4;4;4;4;4;4;4;2;9;8;7;3;
?;?;?;?;4;2;9;8;7;3;0;6;5;1;4;2;9;0;6;5;1;4;4;4;4;2;9;8;0;6;5;1;4;2;9;8;7;3;3;3;3;3;0;6;5;1;4;4;4;2;
?;?;?;?;3;3;3;3;3;3;3;3;0;6;5;1;4;4;4;4;2;9;8;7;3;3;3;3;0;6;5;1;4;4;4;4;4;4;2;9;8;7;3;3;3;0;6;5;1;4;
?;?;?;?;0;6;5;1;4;4;4;2;9;8;7;3;3;0;6;5;1;4;4;2;9;8;7;3;3;3;3;3;3;3;3;3;3;3;3;3;3;3;3;3;3;3;3;3;3;3;
?;?;?;?;6;5;1;4;4;2;9;8;7;3;3;0;6;5;2;9;8;7;3;3;3;3;3;0;6;5;1;4;4;2;9;8;7;3;3;0;6;5;1;4;4;4;4;4;4;4;
?;?;?;?;3;0;6;5;1;4;2;9;8;7;3;0;6;5;1;4;4;4;4;4;4;4;2;9;8;7;3;3;3;3;3;0;6;5;1;4;4;4;4;2;9;8;7;3;0;6;
?;?;?;?;3;0;6;5;1;4;2;9;8;7;3;3;3;3;3;3;3;0;6;5;1;4;4;4;4;4;4;4;2;9;8;7;0;6;5;1;4;4;4;4;4;4;2;9;8;7;
?;?;?;?;3;3;3;0;2;9;8;7;3;3;3;3;0;6;5;1;4;4;4;4;4;4;4;4;4;4;4;4;4;4;4;4;4;4;4;2;9;8;7;3;3;3;3;0;6;2;
?;?;?;?;9;8;7;3;3;0;6;5;1;4;4;4;4;4;4;4;4;4;4;4;4;4;4;4;4;4;4;4;4;2;9;8;7;3;3;3;3;3;3;3;3;3;3;3;3;3;
?;?;?;?;3;3;0;6;5;1;4;4;4;4;4;4;4;4;4;4;4;4;4;4;4;4;4;4;2;9;8;7;3;3;3;3;3;0;6;5;1;4;4;4;2;9;8;7;3;3;
?;?;?;?;3;0;6;5;1;4;4;4;4;4;2;9;8;7;3;3;3;3;3;3;0;6;5;1;4;4;4;4;2;9;8;0;6;5;1;4;4;4;4;2;9;8;7;3;3;3;
?;?;?;?;4;2;9;8;7;0;6;5;1;4;4;2;9;8;7;3;3;3;3;3;3;3;3;3;3;3;3;0;6;5;1;4;4;4;4;4;4;4;4;4;4;4;4;4;2;9;
?;?;?;?;4;4;4;4;4;4;4;4;2;9;8;7;3;3;3;0;6;5;1;4;4;4;4;4;4;4;4;4;4;4;4;4;2;9;8;7;3;3;3;3;3;3;3;3;3;3;
?;?;?;?;2;9;8;7;3;0;6;5;1;4;4;4;2;9;8;7;3;0;6;5;1;4;2;9;8;7;3;3;3;3;0;6;5;1;4;4;2;9;8;7;3;3;0;6;5;1;
?;?;?;?;3;3;3;3;3;3;3;3;3;3;0;6;5;1;4;4;4;4;4;4;4;4;4;4;4;4;4;4;4;4;4;4;4;4;4;4;4;4;2;9;8;7;3;3;3;3;
?;?;?;?;4;2;9;8;7;3;0;6;5;1;4;2;9;8;7;3;3;0;6;5;1;4;4;4;4;4;4;4;4;4;2;9;8;7;3;3;3;0;6;5;1;4;4;4;4;4;
?;?;?;?;4;4;4;4;4;4;4;4;4;4;4;4;4;2;9;8;7;3;3;0;6;5;1;4;4;4;4;2;9;8;7;3;3;3;3;3;3;3;3;3;3;3;3;3;3;3;
?;?;?;?;4;2;9;8;7;3;0;6;5;1;4;2;9;8;7;3;3;0;2;9;8;7;3;3;3;0;6;5;1;4;4;4;4;4;4;2;9;8;7;3;3;3;3;3;3;0;
?;?;?;?;3;0;6;5;1;2;9;8;7;3;3;0;6;5;1;4;4;2;9;8;0;6;5;1;4;4;4;4;4;2;9;8;7;3;3;3;3;0;6;5;2;9;8;7;3;3;
?;?;?;?;3;0;6;5;1;4;4;4;4;4;4;4;4;4;4;2;9;8;7;3;3;3;0;6;5;1;4;4;4;4;2;9;8;7;3;3;3;3;3;3;3;3;0;6;5;1;
?;?;?;?;0;6;5;1;4;2;9;8;7;3;3;3;3;0;6;2;9;8;7;3;3;0;6;5;1;4;4;4;4;4;4;4;4;4;4;4;4;4;2;9;8;7;3;3;3;3;
?;?;?;?;4;2;9;8;7;3;3;0;6;5;1;4;4;4;4;4;4;4;4;4;4;2;9;8;7;3;3;3;3;3;3;3;3;3;3;3;3;3;3;3;3;3;3;0;6;5;
?;?;?;?;5;1;4;4;4;2;9;8;7;3;3;3;0;6;5;1;4;4;4;2;9;8;7;3;3;3;3;3;3;3;3;3;3;3;3;3;0;6;5;1;4;4;4;4;4;4;
?;?;?;?;2;9;8;7;3;3;3;0;2;9;8;7;3;3;3;3;3;0;6;5;1;4;4;4;4;4;4;4;4;4;4;4;4;4;4;4;4;4;4;4;4;4;2;9;8;7;
?;?;?;?;3;0;6;5;1;2;9;8;7;3;3;3;0;6;5;1;4;4;4;4;4;4;4;4;4;4;2;9;8;7;3;3;0;6;5;1;4;4;4;4;4;4;2;9;8;7;
?;?;?;?;4;2;9;8;7;3;3;3;0;6;5;1;4;4;2;9;8;7;3;3;3;3;3;0;6;5;1;4;4;4;4;4;4;4;4;4;4;2;9;8;7;3;3;3;3;3;
?;?;?;?;3;3;0;6;5;1;4;4;4;4;4;4;4;4;2;9;8;7;3;3;3;3;3;0;6;5;1;4;4;4;4;4;4;2;9;8;7;0;6;5;1;2;9;8;7;3;
?;?;?;?;4;2;9;8;7;3;0;6;5;1;4;2;9;8;7;3;3;3;0;6;5;1;2;9;8;0;6;5;1;4;4;2;9;8;7;3;3;3;3;3;3;3;3;3;0;6;
?;?;?;?;3;0;6;5;1;4;2;9;8;0;6;5;1;4;4;2;9;8;7;3;3;3;3;3;0;6;2;9;8;7;3;0;6;5;1;4;4;4;4;4;4;4;4;2;9;8;
?;?;?;?;3;0;6;5;1;4;4;2;9;8;7;3;3;3;3;3;3;3;3;3;3;3;0;6;5;1;4;4;4;4;4;4;4;4;4;4;4;2;9;8;7;3;3;3;3;3;
?;?;?;?;4;2;9;8;7;3;0;6;5;1;4;4;4;4;4;4;4;4;2;9;8;7;3;3;3;3;3;3;3;0;6;5;1;4;4;4;4;4;4;4;4;4;4;4;4;4;
?;?;?;?;4;2;9;8;7;3;0;6;5;1;4;4;2;9;8;7;3;0;6;5;1;2;9;8;7;3;3;3;3;3;3;3;0;6;5;1;4;4;4;2;9;8;7;3;3;3;
?;?;?;?;3;0;6;5;1;4;4;2;0;6;5;1;4;4;4;4;2;9;8;7;3;3;3;0;6;5;1;4;4;4;4;4;4;2;9;8;7;3;3;3;3;3;3;0;6;5;
?;?;?;?;3;0;6;5;1;4;4;2;9;8;7;3;0;6;5;1;4;4;4;4;4;4;4;4;4;4;4;4;2;9;8;7;3;3;3;3;3;3;3;3;3;3;3;0;6;5;
?;?;?;?;4;2;9;8;7;3;3;3;3;3;3;3;3;0;6;5;1;4;4;4;4;2;9;8;7;3;3;3;3;0;6;5;1;4;4;4;4;4;4;4;4;2;9;8;7;3;
?;?;?;?;4;2;9;8;7;3;0;6;5;1;4;4;2;9;8;7;3;3;3;3;3;3;3;3;3;3;3;3;3;3;0;6;5;1;4;4;4;4;4;4;4;4;4;4;4;4;
?;?;?;?;6;5;1;4;4;4;4;4;4;2;9;8;7;3;3;3;3;3;3;3;3;3;3;3;3;3;3;3;3;3;3;3;3;0;6;5;1;4;4;4;4;4;4;4;4;4;
?;?;?;?;2;9;8;7;3;3;3;0;6;2;9;8;7;3;3;0;6;5;1;4;4;4;4;4;4;2;9;8;7;0;6;5;1;4;4;2;9;8;7;3;3;3;3;3;3;3;
?;?;?;?;2;9;8;7;3;0;6;5;1;4;2;9;8;7;3;3;3;3;0;6;5;2;9;8;7;3;3;3;0;6;5;1;4;4;4;4;4;4;4;4;4;4;4;4;4;4;
?;?;?;?;4;2;9;8;7;0;6;5;1;4;4;4;2;9;0;6;5;1;4;4;4;4;4;2;9;8;7;3;3;3;3;3;3;3;3;3;3;3;3;3;0;6;5;1;4;4;
?;?;?;?;3;0;6;5;1;2;9;8;7;3;0;6;5;1;4;4;4;4;4;4;4;4;4;2;9;8;7;3;3;3;3;3;0;6;5;1;4;4;2;9;0;6;5;1;4;4;
?;?;?;?;4;4;2;9;8;7;3;3;3;3;3;0;6;5;1;4;2;9;8;7;3;3;3;3;3;3;0;6;5;1;4;4;2;0;6;5;1;4;4;4;4;4;4;4;4;4;
?;?;?;?;3;0;6;5;1;4;4;4;4;2;9;8;7;3;3;3;3;3;3;3;3;3;3;3;3;3;3;3;3;3;0;6;5;1;4;4;4;4;4;2;9;8;7;3;3;3;
?;?;?;?;4;2;9;8;7;3;0;6;5;1;2;9;8;7;3;3;3;0;6;5;1;4;4;4;4;4;4;4;4;4;4;4;4;4;4;2;9;8;7;3;3;3;3;3;3;0;
?;?;?;?;3;0;6;5;1;4;4;2;9;8;0;6;5;1;4;4;2;9;8;7;0;6;5;1;4;4;4;2;9;8;7;3;3;3;3;3;0;6;5;1;4;4;4;4;4;4;
?;?;?;?;4;2;9;8;7;3;0;6;5;1;4;2;9;8;7;3;3;0;6;5;1;4;2;9;8;0;6;5;1;2;9;8;7;3;3;3;3;3;3;0;6;5;1;4;4;4;
?;?;?;?;2;9;8;7;3;3;3;3;3;3;3;0;6;5;1;4;4;4;4;2;9;8;7;3;3;3;0;6;5;1;4;4;4;4;2;9;8;7;3;3;0;6;5;1;4;4;
?;?;?;?;8;7;3;3;3;3;3;3;0;6;5;1;4;4;4;4;4;4;4;4;4;4;4;4;4;4;2;9;8;7;3;3;3;3;3;3;3;3;3;3;3;3;3;3;3;3;
?;?;?;?;3;0;6;5;1;2;9;8;7;3;3;3;3;0;6;5;1;2;9;8;7;3;0;6;5;1;4;4;4;4;4;4;2;9;8;7;3;3;3;3;0;6;5;1;2;9;
?;?;?;?;4;2;9;8;7;3;3;0;6;2;9;8;7;3;3;3;3;3;3;3;3;3;3;3;3;3;0;6;5;1;4;4;4;4;4;4;4;2;9;8;7;3;3;3;3;3;
?;?;?;?;4;4;2;9;8;7;3;3;0;6;2;9;8;7;3;3;3;3;3;3;3;0;6;5;1;4;2;9;8;7;3;0;6;5;1;4;4;4;4;4;4;2;9;8;7;0;
?;?;?;?;0;6;5;1;4;4;4;4;4;4;4;4;4;4;4;4;4;4;4;4;4;4;2;9;8;7;3;3;3;3;3;3;3;3;3;3;3;3;3;3;3;0;6;5;1;4;
?;?;?;?;2;9;8;7;3;0;6;5;1;4;4;4;4;2;9;8;7;3;0;6;5;1;4;4;4;4;4;4;4;4;2;9;8;7;3;3;3;3;3;3;3;3;3;3;3;3;
?;?;?;?;0;6;5;1;4;4;2;9;8;7;3;3;3;0;6;5;1;2;9;0;6;5;1;4;4;4;4;4;2;9;8;7;3;3;3;3;3;3;3;3;3;3;3;0;6;5;
?;?;?;?;3;3;0;6;5;2;9;8;7;3;0;6;5;1;4;2;9;8;7;3;0;6;5;1;4;4;4;4;4;2;9;8;7;3;3;3;3;3;0;6;5;1;4;4;2;9;
?;?;?;?;3;0;6;5;2;9;8;7;3;3;0;6;5;2;9;8;7;3;3;3;3;0;6;5;1;2;9;8;7;3;0;6;5;1;4;4;4;4;4;4;4;4;4;4;4;2;
?;?;?;?;4;2;9;8;7;3;0;6;5;1;4;2;9;8;7;3;3;3;3;3;3;3;3;0;6;5;1;4;4;4;4;2;9;8;7;3;3;0;6;5;1;4;4;4;4;4;
?;?;?;?;4;2;9;8;7;3;0;6;5;1;2;9;8;7;3;3;3;0;6;5;1;4;4;2;9;8;7;3;0;2;9;8;7;3;3;3;3;3;3;3;0;6;2;9;8;7;
?;?;?;?;2;9;8;7;3;3;0;6;5;1;4;2;9;8;7;3;0;6;5;1;4;4;4;4;4;4;4;4;4;4;4;2;9;8;7;3;3;3;0;6;5;1;4;4;4;4;
?;?;?;?;4;2;9;8;7;3;0;6;5;2;9;8;7;3;3;3;0;6;5;1;4;4;2;9;8;7;0;6;5;1;4;4;4;4;2;9;8;7;3;3;3;3;3;3;3;3;
?;?;?;?;4;2;9;8;7;3;3;3;3;3;3;3;3;0;6;5;1;4;4;4;4;2;9;8;7;3;3;3;0;6;5;1;4;4;2;9;8;7;3;3;3;3;3;3;3;3;
?;?;?;?;4;2;9;8;7;3;0;6;5;1;4;2;9;8;7;0;6;5;1;4;4;2;9;8;7;3;3;3;3;3;0;6;5;1;4;4;4;4;4;4;4;4;4;4;4;4;
?;?;?;?;4;2;9;8;7;0;6;5;1;4;4;2;9;8;7;3;0;6;5;1;4;2;9;8;7;3;3;3;3;3;3;3;3;3;3;3;0;6;5;1;4;4;2;9;8;7;
?;?;?;?;4;2;9;8;7;3;0;6;5;1;4;2;9;8;7;3;0;6;5;1;4;4;2;9;8;7;0;6;5;1;2;9;0;6;5;1;4;4;4;4;4;4;2;9;8;7;
?;?;?;?;4;4;4;4;2;9;8;7;3;3;3;3;3;3;3;0;6;5;1;4;4;2;9;8;7;3;3;3;3;0;6;2;9;8;7;3;3;3;3;3;3;3;0;6;5;1;
?;?;?;?;4;4;4;4;4;4;4;4;4;4;4;4;4;4;4;4;4;4;4;4;4;4;4;4;4;4;4;4;4;4;4;4;4;4;4;4;4;4;4;4;4;4;4;4;4;4;
?;?;?;?;3;0;6;5;1;4;4;4;2;9;8;7;3;3;3;3;3;3;3;3;3;3;0;6;5;1;4;4;4;4;4;4;4;2;9;8;7;3;3;0;6;5;1;4;4;4;
?;?;?;?;4;2;9;8;7;3;0;6;5;1;4;2;9;8;7;0;6;5;1;4;4;4;2;9;8;7;3;3;0;6;5;1;4;4;4;2;9;8;7;3;3;3;3;3;3;3;
?;?;?;?;2;9;8;7;3;3;3;3;3;0;6;5;1;4;4;4;4;4;4;4;4;4;4;4;2;9;0;6;5;1;4;4;4;4;4;2;9;8;7;3;3;3;3;3;0;6;
?;?;?;?;3;3;0;6;2;9;8;7;3;0;6;5;1;4;4;4;4;2;9;8;7;3;3;0;6;5;1;4;4;2;9;8;7;3;3;3;3;3;3;3;3;3;3;3;3;3;
?;?;?;?;3;0;6;5;1;2;9;8;7;3;3;3;0;6;5;1;4;4;4;4;4;4;4;4;4;2;9;8;7;3;3;3;0;6;5;1;4;4;4;4;4;4;4;4;4;4;
?;?;?;?;3;0;6;5;1;4;2;9;8;7;0;6;5;1;4;4;4;4;4;2;9;8;7;3;3;3;0;6;5;1;4;4;2;9;8;7;3;3;3;3;3;0;6;5;1;4;
?;?;?;?;4;2;9;8;0;6;5;1;4;4;2;9;8;7;3;3;3;3;3;3;3;3;3;3;3;3;3;3;3;0;6;5;1;4;4;4;4;4;4;2;9;8;7;3;3;3;
?;?;?;?;4;2;9;8;7;3;3;3;3;3;3;3;3;3;3;3;0;6;5;1;4;4;4;4;4;4;4;4;4;4;4;4;2;9;8;0;6;5;1;4;4;4;4;4;2;9;
?;?;?;?;3;0;6;5;1;4;2;9;8;7;3;3;3;3;3;3;3;3;3;3;3;0;6;5;1;4;4;4;4;4;4;4;4;4;4;4;4;4;2;9;8;7;0;6;5;1;
?;?;?;?;4;2;9;8;7;3;0;6;5;1;2;9;8;7;3;3;0;6;5;1;2;9;8;7;3;3;0;6;5;1;4;4;4;4;4;4;4;2;9;8;7;3;3;3;3;3;
?;?;?;?;3;0;6;5;1;4;4;4;4;4;4;4;4;4;4;4;4;4;4;4;4;4;4;2;9;8;7;3;3;3;3;0;6;5;1;2;9;8;7;3;3;3;3;3;3;3;
?;?;?;?;4;2;9;8;7;3;0;6;2;9;8;7;3;3;3;3;3;0;6;5;2;9;8;7;3;0;6;5;1;4;4;4;4;4;2;9;8;7;0;6;5;1;4;4;4;4;
?;?;?;?;3;0;6;5;1;4;2;9;8;7;3;0;6;5;1;4;2;9;8;7;3;3;3;3;3;3;3;3;3;0;6;5;1;4;4;4;4;4;2;9;8;7;3;3;3;3;
?;?;?;?;4;2;9;8;7;0;6;5;1;4;4;4;2;9;8;7;3;3;3;3;3;3;3;0;6;5;1;4;4;4;4;4;2;9;8;7;3;3;3;3;3;3;3;3;0;6;
?;?;?;?;3;3;3;3;3;3;3;3;3;3;3;0;6;5;2;9;8;7;3;3;3;3;3;0;6;5;1;4;4;4;4;4;4;4;4;4;4;4;4;4;4;2;9;8;7;3;
?;?;?;?;4;2;9;8;7;0;6;5;1;4;4;2;9;8;7;3;3;3;3;3;3;3;3;3;3;3;0;6;5;1;4;2;9;8;7;3;3;0;6;5;1;4;4;4;4;4;
?;?;?;?;2;9;8;7;3;0;6;5;1;4;4;2;9;8;7;3;0;6;5;1;4;4;4;4;4;4;2;9;8;7;3;3;3;3;3;3;3;0;6;5;1;4;4;2;9;8;
?;?;?;?;4;2;9;8;7;3;0;6;5;1;4;4;4;4;2;9;8;7;3;3;3;3;3;0;6;5;1;4;4;4;2;9;8;7;3;3;3;3;3;3;3;3;3;3;3;3;
?;?;?;?;4;2;9;8;7;0;6;5;1;4;2;9;8;7;3;3;3;3;0;6;2;9;8;7;0;6;5;1;4;4;4;4;4;2;9;8;7;3;3;3;3;3;3;3;3;3;
?;?;?;?;5;2;9;8;7;3;3;3;3;3;3;3;0;6;5;1;4;4;4;2;9;8;7;0;6;5;1;4;4;4;4;4;4;4;2;9;8;7;3;3;3;3;3;0;2;9;
?;?;?;?;3;0;6;5;1;4;4;2;9;0;6;5;1;4;4;4;2;9;8;7;3;3;3;0;6;5;1;2;9;8;0;6;5;1;4;2;9;8;7;3;3;3;3;3;3;3;
?;?;?;?;4;2;9;8;7;3;3;0;6;5;2;9;8;7;3;3;0;6;5;1;4;4;4;4;4;4;4;4;4;4;4;4;4;4;4;4;4;4;2;9;8;7;3;3;3;3;
?;?;?;?;2;9;8;0;6;5;1;4;4;4;2;9;8;7;3;3;3;3;3;3;3;3;3;3;3;3;3;3;0;6;5;1;4;4;4;4;4;4;4;2;9;8;7;3;0;6;
?;?;?;?;4;2;9;8;7;3;0;6;5;1;2;9;8;7;3;3;0;6;5;1;4;4;4;4;4;4;4;4;4;4;4;2;9;8;7;3;3;3;3;3;3;3;3;3;3;3;
?;?;?;?;0;6;5;1;4;4;4;2;9;8;0;6;5;2;9;8;7;3;3;3;3;3;3;3;3;3;3;3;3;3;3;3;3;3;3;3;3;3;3;3;3;0;6;5;1;4;
?;?;?;?;3;0;6;5;1;4;2;9;8;7;0;6;5;1;4;4;2;9;8;7;3;3;3;3;3;0;6;5;1;4;4;4;4;4;4;4;2;9;8;7;3;3;3;3;0;6;
?;?;?;?;4;2;9;8;7;0;6;5;1;4;4;2;9;8;7;3;0;6;5;1;4;2;9;8;7;3;3;0;6;5;1;4;4;4;4;4;4;4;4;4;4;4;4;4;4;4;
?;?;?;?;3;0;6;5;1;2;9;8;7;3;3;0;6;5;1;2;9;8;7;3;3;3;0;6;5;1;4;4;4;4;4;4;4;4;4;4;2;9;8;7;0;6;5;1;4;4;
?;?;?;?;4;2;9;8;7;3;0;6;5;1;4;2;9;8;7;0;6;5;1;4;4;2;9;8;7;3;3;0;6;5;1;2;9;8;7;3;3;3;3;3;3;3;0;6;5;1;
?;?;?;?;4;2;9;8;7;3;3;0;6;5;1;2;9;8;7;3;3;0;6;5;1;4;4;2;9;8;7;3;3;3;3;0;6;5;1;4;4;4;4;4;4;4;2;9;8;7;
?;?;?;?;3;0;6;5;1;4;4;2;9;8;7;3;3;3;0;6;5;1;4;4;4;2;9;8;7;3;3;0;6;5;1;4;4;4;2;9;8;7;3;3;3;3;0;6;5;1;
?;?;?;?;4;2;9;8;7;3;0;6;5;1;4;4;4;2;9;8;7;3;3;3;3;3;3;3;3;3;3;3;3;0;6;5;1;4;4;4;4;4;4;4;4;4;4;2;9;8;
?;?;?;?;4;2;9;8;7;3;3;3;0;2;9;8;7;3;3;3;0;6;5;1;4;4;2;9;8;0;6;5;1;4;4;4;4;4;4;4;2;9;8;7;3;3;3;3;3;3;
?;?;?;?;4;2;9;8;7;0;6;5;1;4;2;9;8;7;3;3;0;6;5;1;4;4;2;9;8;7;3;3;3;3;3;3;3;3;3;3;3;3;3;3;3;3;3;3;3;3;
?;?;?;?;4;2;9;8;7;3;0;6;5;1;4;4;2;9;8;7;3;3;3;3;3;3;0;6;2;9;8;7;3;3;3;3;3;0;6;5;1;4;4;4;4;4;4;4;2;9;
?;?;?;?;2;9;8;7;3;3;0;6;5;1;2;9;8;7;3;3;0;6;5;1;4;4;4;4;2;9;8;7;3;3;3;0;2;9;8;7;3;3;3;0;6;5;1;4;4;2;
?;?;?;?;2;9;8;7;3;3;3;0;6;5;1;2;9;8;7;3;0;6;5;1;4;4;4;4;4;4;4;4;4;4;4;4;4;4;4;4;4;2;9;8;7;3;3;3;3;3;
?;?;?;?;4;2;9;8;0;6;5;1;4;4;4;4;2;9;8;7;3;3;3;3;3;3;3;3;3;3;3;0;6;5;1;4;4;4;4;4;4;4;4;4;4;2;9;8;7;3;
?;?;?;?;0;6;5;1;4;4;2;9;8;7;3;0;6;5;1;4;2;9;8;7;3;3;3;3;3;3;3;3;0;6;5;1;4;4;4;4;4;4;2;9;8;7;3;3;3;3;
?;?;?;?;3;3;0;6;5;1;4;4;4;4;4;4;4;4;4;4;4;4;4;2;9;8;7;3;3;3;3;3;3;3;3;3;3;0;6;5;1;4;4;4;4;4;4;4;4;4;
?;?;?;?;4;4;4;4;4;4;4;4;4;4;2;9;8;7;3;3;3;3;0;6;5;1;4;4;2;9;8;7;3;3;3;3;3;3;3;3;0;6;5;1;4;4;4;4;2;9;
?;?;?;?;4;2;9;8;7;3;0;6;5;1;4;2;9;8;7;3;3;3;3;0;6;5;1;4;4;4;2;9;8;7;3;3;0;6;5;1;4;4;4;2;9;8;7;3;3;3;
?;?;?;?;0;6;5;1;4;4;4;2;9;8;7;3;3;3;3;3;3;3;3;3;3;0;6;5;1;4;4;4;2;9;8;7;3;3;3;3;3;3;3;3;0;6;5;1;4;4;
?;?;?;?;0;6;5;1;4;4;4;4;4;4;4;4;4;4;4;4;4;2;9;8;7;3;3;3;3;3;3;3;3;3;3;3;3;3;3;3;3;3;3;3;3;3;3;3;3;3;
?;?;?;?;3;0;6;5;1;2;9;8;0;6;5;1;4;4;4;2;9;8;7;3;3;3;3;3;0;6;5;1;4;4;4;4;4;2;9;8;7;3;3;3;3;0;6;5;2;9;
?;?;?;?;3;0;6;5;1;4;2;9;8;7;3;3;0;6;5;1;2;9;8;7;3;3;3;3;3;3;3;3;0;6;5;1;4;4;4;4;2;9;8;7;3;3;3;0;6;5;
?;?;?;?;3;0;6;5;1;4;4;4;4;4;4;4;4;4;4;4;2;9;8;7;0;6;5;1;4;4;2;9;8;7;3;3;3;3;3;3;3;3;3;3;3;3;3;3;3;3;
?;?;?;?;3;0;6;5;1;4;2;9;8;7;3;3;0;6;5;1;2;9;8;0;6;5;1;4;4;2;9;8;7;3;3;3;3;3;0;6;5;1;4;4;4;4;4;2;9;8;
?;?;?;?;4;4;2;9;8;7;3;3;3;3;3;3;3;3;3;3;0;6;5;1;2;9;8;7;3;3;3;3;3;3;0;6;5;1;4;4;4;4;4;4;4;4;2;9;8;7;
?;?;?;?;4;2;9;8;0;6;5;1;4;4;2;9;8;7;3;3;0;6;5;1;4;4;4;4;4;4;4;4;4;4;2;9;8;7;3;3;3;3;3;3;3;3;3;0;6;5;
?;?;?;?;2;9;8;0;6;5;1;4;4;4;2;9;8;0;6;5;1;4;4;4;4;2;9;8;7;3;3;3;3;3;3;3;3;3;3;3;0;6;5;1;4;4;4;4;4;4;