?;?;?;?;?;?;?;?;?;?;?;4;4;4;4;4;4;4;4;4;4;4;4;4;2;11;10;9;3;17;22;21;18;23;23;23;23;23;23;23;23;23;23;23;23;23;23;0;7;6;
?;?;?;?;?;?;?;?;?;?;?;14;13;8;2;11;10;9;3;17;0;7;6;1;4;4;2;11;10;9;3;15;14;13;8;5;4;2;11;10;9;3;15;14;13;8;5;4;4;4;
?;?;?;?;?;?;?;?;?;?;?;1;4;4;2;11;10;9;3;17;22;21;18;23;23;23;23;23;23;23;0;7;6;1;4;4;4;4;2;11;10;9;3;17;0;7;6;1;2;11;
?;?;?;?;?;?;?;?;?;?;?;11;10;9;3;17;22;21;0;7;6;1;4;4;4;4;4;4;4;2;11;10;9;3;17;22;21;18;23;23;23;23;23;23;23;0;7;6;2;11;
?;?;?;?;?;?;?;?;?;?;?;2;11;10;9;3;17;22;21;18;23;23;23;0;7;6;1;4;4;4;4;4;4;4;4;4;4;4;4;4;2;11;10;9;3;17;22;21;18;23;
?;?;?;?;?;?;?;?;?;?;?;10;9;3;15;14;13;8;5;4;4;2;11;10;9;3;17;22;21;18;23;23;23;23;23;23;23;23;23;23;23;0;7;6;1;4;4;4;4;2;
?;?;?;?;?;?;?;?;?;?;?;22;21;18;23;0;7;6;1;4;4;4;4;2;11;10;9;3;17;22;21;18;23;0;7;6;1;4;4;4;4;4;4;4;4;4;4;4;4;4;
?;?;?;?;?;?;?;?;?;?;?;0;7;6;1;4;4;4;4;4;4;4;4;4;4;4;2;11;10;9;3;17;22;21;18;23;23;23;23;23;23;23;0;7;6;1;4;4;4;4;
?;?;?;?;?;?;?;?;?;?;?;4;4;4;4;4;4;4;4;4;4;4;4;4;2;11;10;9;3;17;22;21;18;23;23;23;23;23;0;7;6;1;4;4;2;11;10;9;3;15;
?;?;?;?;?;?;?;?;?;?;?;11;10;9;3;15;14;13;8;5;2;11;10;9;3;15;14;13;8;5;4;2;11;10;9;0;7;6;1;4;4;2;11;10;9;3;17;22;0;7;
?;?;?;?;?;?;?;?;?;?;?;14;13;8;5;2;11;10;9;3;15;14;13;8;5;2;11;10;9;3;17;22;21;18;23;23;23;0;7;6;1;4;4;4;4;4;2;11;10;9;
?;?;?;?;?;?;?;?;?;?;?;0;7;6;1;2;11;10;9;3;15;14;13;8;5;4;4;4;4;4;4;4;4;4;4;4;4;4;2;11;10;9;3;17;22;21;18;23;23;23;
?;?;?;?;?;?;?;?;?;?;?;14;13;8;2;11;10;9;3;17;0;7;6;1;4;4;2;11;10;9;3;17;22;0;7;6;1;4;4;4;4;4;4;4;4;2;11;10;9;3;
?;?;?;?;?;?;?;?;?;?;?;23;23;23;23;23;23;0;7;6;1;4;4;4;4;4;4;4;4;4;2;11;10;9;3;17;22;21;18;23;23;23;23;0;7;6;1;4;4;4;
?;?;?;?;?;?;?;?;?;?;?;14;13;8;5;2;11;10;9;3;15;14;13;8;5;2;11;10;9;0;7;6;1;4;4;2;11;10;9;3;17;22;0;7;6;1;4;4;4;4;
?;?;?;?;?;?;?;?;?;?;?;22;21;18;23;23;0;7;6;1;4;4;4;4;2;11;10;9;3;15;14;13;8;5;4;4;4;4;4;4;4;4;4;2;11;10;9;3;17;22;
?;?;?;?;?;?;?;?;?;?;?;11;10;9;3;17;22;0;7;6;1;4;4;4;4;4;4;2;11;10;9;3;17;22;21;18;23;23;0;7;6;1;4;4;4;4;4;4;4;4;
?;?;?;?;?;?;?;?;?;?;?;0;7;6;1;4;4;4;4;2;11;10;9;3;17;0;7;6;1;4;4;4;4;2;11;10;9;3;17;22;21;0;7;6;1;4;4;4;2;11;
?;?;?;?;?;?;?;?;?;?;?;0;7;6;2;11;10;9;0;7;6;1;4;4;4;4;4;4;4;4;4;4;4;4;4;4;4;4;2;11;10;9;3;17;22;21;18;23;23;23;
?;?;?;?;?;?;?;?;?;?;?;11;10;9;3;15;14;13;8;5;2;11;10;9;3;17;22;0;7;6;1;4;4;4;4;4;4;4;2;11;10;9;3;17;22;0;7;6;1;4;
?;?;?;?;?;?;?;?;?;?;?;6;1;4;4;2;11;10;9;3;17;22;21;18;23;23;23;23;23;23;23;23;23;23;23;23;23;23;23;0;7;6;1;4;4;4;4;4;4;4;
?;?;?;?;?;?;?;?;?;?;?;14;13;8;5;2;11;10;9;3;17;0;7;6;1;4;4;4;2;11;10;9;3;17;22;21;18;23;23;23;0;7;6;1;4;4;2;11;10;9;
?;?;?;?;?;?;?;?;?;?;?;22;21;18;23;23;23;23;23;0;7;6;1;4;4;4;4;4;4;4;4;4;4;4;4;4;4;2;11;10;9;3;17;22;21;18;23;23;23;23;
?;?;?;?;?;?;?;?;?;?;?;0;39;37;35;32;30;28;27;26;25;0;7;6;1;4;4;4;4;4;4;4;4;4;4;2;11;10;0;7;6;1;4;4;4;4;4;4;2;11;
?;?;?;?;?;?;?;?;?;?;?;10;9;3;17;22;0;7;6;1;4;4;4;4;2;11;10;9;0;7;6;1;4;4;4;4;4;4;4;4;4;4;2;11;10;9;3;17;22;21;
?;?;?;?;?;?;?;?;?;?;?;6;1;4;2;11;10;9;3;17;22;21;18;23;23;23;23;23;23;23;23;0;7;6;1;4;4;4;4;4;4;4;4;4;4;4;4;4;4;4;
?;?;?;?;?;?;?;?;?;?;?;10;9;3;17;22;0;7;6;1;4;2;11;10;0;7;6;1;4;4;4;4;4;4;4;4;4;4;4;4;2;11;10;9;3;15;14;13;8;5;
?;?;?;?;?;?;?;?;?;?;?;11;10;9;0;7;6;1;4;2;11;10;9;3;17;22;21;18;23;23;23;23;23;23;0;7;6;1;4;4;4;4;2;11;10;9;3;15;14;13;
?;?;?;?;?;?;?;?;?;?;?;6;1;4;4;4;2;11;10;9;3;15;14;13;2;11;10;9;3;17;22;21;18;16;7;6;1;4;4;4;4;4;4;4;4;4;4;4;4;4;
?;?;?;?;?;?;?;?;?;?;?;14;13;8;5;4;4;2;0;7;6;1;4;4;4;4;2;11;10;9;3;17;22;21;18;23;23;23;23;23;23;23;23;0;7;6;1;4;4;4;
?;?;?;?;?;?;?;?;?;?;?;4;4;4;4;4;4;4;4;4;4;4;4;2;11;10;9;3;17;22;21;18;23;23;23;23;23;23;0;7;6;1;4;4;2;11;10;9;3;17;
?;?;?;?;?;?;?;?;?;?;?;11;10;9;3;15;14;13;8;5;4;2;11;10;9;3;17;22;21;18;23;23;23;23;0;7;6;1;4;4;4;2;11;10;9;3;17;22;21;18;
?;?;?;?;?;?;?;?;?;?;?;36;34;33;31;24;19;20;18;23;23;23;0;7;6;1;4;4;4;4;4;4;4;4;4;4;4;4;4;4;4;4;4;4;4;4;4;4;4;4;
?;?;?;?;?;?;?;?;?;?;?;21;0;7;6;1;4;4;4;4;2;11;10;9;3;17;22;21;18;16;7;6;1;4;4;4;4;4;4;4;4;4;4;4;4;4;4;4;4;4;
?;?;?;?;?;?;?;?;?;?;?;7;6;1;2;11;10;9;3;17;22;21;18;23;23;23;23;23;23;0;7;6;1;4;4;4;4;4;4;4;4;2;11;10;9;3;17;22;21;18;
?;?;?;?;?;?;?;?;?;?;?;22;21;0;7;6;1;4;4;4;4;4;4;4;2;11;10;9;3;17;22;21;18;23;0;7;6;1;4;4;4;4;4;2;11;10;9;3;17;22;
?;?;?;?;?;?;?;?;?;?;?;22;0;7;6;1;4;4;4;4;4;4;4;2;11;10;9;3;17;22;21;18;23;23;23;23;23;23;23;23;23;0;7;6;1;4;4;4;4;2;
?;?;?;?;?;?;?;?;?;?;?;11;10;9;3;17;22;21;18;23;23;23;23;23;23;0;7;6;1;4;4;4;4;4;4;4;4;4;4;4;4;2;11;10;9;3;17;22;21;18;
?;?;?;?;?;?;?;?;?;?;?;0;7;6;1;4;4;4;4;2;11;10;9;3;17;22;0;7;6;1;4;4;4;4;4;2;11;10;9;3;17;0;7;6;1;4;4;4;4;4;
?;?;?;?;?;?;?;?;?;?;?;10;9;3;17;22;0;7;6;1;4;4;2;11;10;9;3;17;22;21;18;23;0;7;6;1;4;4;4;4;4;4;2;11;10;9;3;15;14;13;
?;?;?;?;?;?;?;?;?;?;?;2;11;10;9;0;7;6;1;4;2;11;10;9;3;17;0;7;6;1;4;4;2;11;10;9;3;17;22;21;18;23;23;23;23;0;7;6;1;4;
?;?;?;?;?;?;?;?;?;?;?;32;30;28;0;7;6;1;4;4;4;4;4;4;4;4;4;4;4;4;4;2;11;10;9;3;17;22;21;18;23;23;23;0;7;6;2;11;10;9;
?;?;?;?;?;?;?;?;?;?;?;11;10;9;3;17;22;21;18;23;23;23;0;7;6;1;4;4;4;4;4;4;4;2;11;10;0;7;6;1;4;2;11;10;9;3;15;14;13;8;
?;?;?;?;?;?;?;?;?;?;?;13;8;5;2;11;10;9;3;17;22;21;18;23;23;23;23;23;0;7;6;1;4;4;4;4;4;2;11;10;9;3;17;22;21;18;16;7;6;1;
?;?;?;?;?;?;?;?;?;?;?;0;7;6;1;2;11;10;9;3;15;14;13;8;5;4;4;4;4;4;4;4;4;2;11;10;9;3;17;22;21;18;23;0;7;6;1;4;4;4;
?;?;?;?;?;?;?;?;?;?;?;14;13;8;5;2;11;10;9;3;15;14;13;8;5;4;2;11;10;0;7;6;1;4;4;2;11;10;9;3;17;22;0;7;6;1;2;11;10;9;
?;?;?;?;?;?;?;?;?;?;?;14;13;8;5;2;11;10;9;3;17;22;21;18;23;23;23;23;0;7;6;1;4;4;2;11;10;9;3;17;22;21;0;7;6;1;4;4;4;4;
?;?;?;?;?;?;?;?;?;?;?;7;6;1;2;11;10;9;3;17;22;21;0;7;6;1;4;4;4;4;4;4;4;4;4;4;4;4;4;4;4;4;4;2;11;10;9;3;17;22;
?;?;?;?;?;?;?;?;?;?;?;0;7;6;1;4;4;4;4;4;2;11;10;0;7;6;1;4;4;4;4;4;4;4;2;11;10;9;3;15;14;13;8;5;4;4;4;4;4;4;
?;?;?;?;?;?;?;?;?;?;?;11;10;9;3;17;22;21;18;23;0;7;6;1;4;4;4;4;4;4;4;2;11;10;9;3;17;22;21;18;23;23;23;23;23;23;0;7;6;1;
?;?;?;?;?;?;?;?;?;?;?;4;4;4;4;4;4;4;4;4;4;2;11;10;9;3;17;22;21;18;23;0;7;38;36;34;33;31;24;19;20;18;23;23;23;23;23;23;23;23;
?;?;?;?;?;?;?;?;?;?;?;9;3;17;22;21;18;16;7;6;1;4;4;4;4;4;4;4;4;4;4;4;4;4;4;4;4;4;4;2;11;10;9;3;17;22;21;18;23;23;
?;?;?;?;?;?;?;?;?;?;?;2;11;10;9;3;15;14;13;8;2;11;10;9;3;17;22;21;18;23;23;23;23;23;23;23;23;0;7;6;1;4;4;4;4;4;4;4;4;4;
?;?;?;?;?;?;?;?;?;?;?;6;1;4;4;4;2;11;10;9;0;7;38;36;34;33;31;24;19;20;18;23;0;7;6;1;4;4;4;4;2;11;10;9;3;17;22;21;18;16;
?;?;?;?;?;?;?;?;?;?;?;6;1;4;4;4;2;11;10;9;0;7;6;1;2;11;10;9;3;17;22;21;0;7;6;1;4;4;4;4;4;2;11;10;9;3;17;22;21;0;
?;?;?;?;?;?;?;?;?;?;?;7;6;1;4;2;11;10;9;0;7;6;1;4;2;11;10;9;3;15;14;13;8;5;4;4;4;4;4;4;4;4;4;4;2;11;10;9;3;17;
?;?;?;?;?;?;?;?;?;?;?;6;1;4;2;11;10;9;3;17;22;0;7;6;1;4;4;2;11;10;9;3;17;22;21;18;23;23;23;0;7;6;1;4;4;4;4;4;4;4;
?;?;?;?;?;?;?;?;?;?;?;11;10;9;3;15;14;13;8;5;2;11;10;9;3;17;0;7;6;1;2;11;10;9;3;15;14;13;8;5;4;4;4;4;4;4;4;4;4;4;
?;?;?;?;?;?;?;?;?;?;?;11;10;9;3;15;14;13;8;5;4;2;11;10;9;3;15;14;13;8;5;2;11;10;9;3;17;22;21;18;23;23;23;23;23;23;0;7;6;2;
?;?;?;?;?;?;?;?;?;?;?;6;1;4;2;11;10;9;3;17;0;7;6;1;4;2;11;10;9;3;17;22;21;18;23;0;7;38;36;34;0;7;6;1;4;4;4;4;4;2;
?;?;?;?;?;?;?;?;?;?;?;14;13;8;5;2;11;10;9;3;17;22;21;18;23;23;23;23;23;23;0;7;6;1;4;4;4;4;4;4;4;4;4;4;4;4;2;11;10;9;
?;?;?;?;?;?;?;?;?;?;?;11;10;9;3;15;14;13;8;5;4;2;11;10;9;3;17;22;21;18;16;7;6;1;4;4;4;4;4;2;11;10;9;3;17;0;7;6;1;4;
?;?;?;?;?;?;?;?;?;?;?;1;4;4;4;4;2;11;10;9;3;17;22;21;18;23;23;23;23;23;23;23;23;23;23;23;23;23;23;0;7;6;1;4;4;4;4;4;4;4;
?;?;?;?;?;?;?;?;?;?;?;7;6;1;4;4;4;4;4;4;4;4;4;4;4;4;2;11;10;9;3;17;22;21;18;23;23;23;23;23;23;23;0;7;6;1;4;4;4;4;
?;?;?;?;?;?;?;?;?;?;?;9;3;17;22;21;18;23;23;23;23;23;23;0;7;6;1;4;4;4;4;4;4;4;4;2;11;10;9;3;17;22;0;7;6;1;4;4;4;4;
?;?;?;?;?;?;?;?;?;?;?;3;17;22;21;18;16;7;6;1;4;4;2;11;10;9;3;17;22;21;0;7;6;1;4;4;4;4;4;4;4;4;4;4;4;4;4;4;4;4;
?;?;?;?;?;?;?;?;?;?;?;4;4;4;4;4;4;4;4;4;4;4;4;4;4;4;4;4;4;4;4;4;4;4;4;4;4;4;4;4;4;4;4;4;4;4;4;4;4;4;
?;?;?;?;?;?;?;?;?;?;?;11;10;9;3;17;0;7;6;1;2;11;10;9;3;17;22;21;0;7;6;1;4;4;4;4;4;4;4;4;4;4;4;4;2;11;10;9;3;17;
?;?;?;?;?;?;?;?;?;?;?;7;6;1;4;2;11;10;9;3;15;14;13;8;5;4;2;11;10;9;0;7;6;1;4;4;4;4;4;4;4;4;4;4;4;4;4;4;4;4;
?;?;?;?;?;?;?;?;?;?;?;14;13;8;5;2;11;10;9;3;17;22;0;7;6;1;4;4;4;4;4;4;4;4;4;4;4;4;4;4;4;4;4;4;4;4;4;4;2;11;
?;?;?;?;?;?;?;?;?;?;?;1;4;4;4;4;4;4;4;4;4;4;4;4;4;2;11;10;9;3;17;22;21;18;23;23;23;23;23;23;23;0;7;6;1;4;4;2;11;10;
?;?;?;?;?;?;?;?;?;?;?;23;23;23;0;7;6;1;4;4;4;4;4;4;2;11;10;9;3;17;0;7;6;1;4;2;11;10;9;3;17;22;21;18;23;23;23;23;23;23;
?;?;?;?;?;?;?;?;?;?;?;22;21;18;23;23;0;7;6;1;4;4;4;4;4;4;4;4;4;4;4;4;4;4;2;11;10;9;3;17;22;21;18;23;23;23;23;23;23;23;
?;?;?;?;?;?;?;?;?;?;?;7;6;1;4;2;11;10;9;3;15;14;13;8;5;4;2;11;10;9;0;7;6;1;2;11;10;9;3;17;22;0;7;6;1;4;2;11;10;9;
?;?;?;?;?;?;?;?;?;?;?;10;9;3;15;14;13;8;5;4;4;4;4;2;11;10;9;3;17;22;21;18;23;23;23;0;7;6;1;4;4;4;4;2;11;10;9;0;7;6;
?;?;?;?;?;?;?;?;?;?;?;1;4;4;4;2;11;10;9;3;17;22;21;18;23;23;0;7;6;1;4;4;2;11;10;9;3;17;22;21;0;7;6;1;4;4;4;4;4;4;
?;?;?;?;?;?;?;?;?;?;?;11;10;9;3;17;22;21;0;7;6;2;11;10;0;7;6;1;4;4;4;4;4;4;4;4;4;2;11;10;9;3;17;22;21;18;23;23;0;7;
?;?;?;?;?;?;?;?;?;?;?;1;4;4;4;4;4;4;4;4;2;11;10;9;3;17;0;7;6;1;4;2;11;10;9;3;17;22;21;18;23;23;23;23;23;23;23;23;23;23;
?;?;?;?;?;?;?;?;?;?;?;0;7;6;1;4;4;4;4;4;4;4;4;4;4;2;11;10;9;3;17;0;7;6;2;11;10;9;3;17;22;21;18;23;0;7;38;36;34;33;
?;?;?;?;?;?;?;?;?;?;?;4;2;11;10;9;0;7;6;1;4;4;4;4;2;11;10;9;3;17;22;21;0;7;6;1;4;4;4;2;11;10;9;3;17;22;21;0;7;6;
?;?;?;?;?;?;?;?;?;?;?;3;17;22;0;7;6;1;4;4;4;4;4;4;4;4;4;4;4;4;2;11;10;9;3;17;22;21;18;23;23;23;23;23;23;23;23;23;23;23;
?;?;?;?;?;?;?;?;?;?;?;1;4;4;2;11;10;9;3;17;22;21;0;7;6;1;4;2;11;10;0;7;6;1;4;4;4;4;2;11;10;9;3;17;22;21;0;7;6;1;
?;?;?;?;?;?;?;?;?;?;?;11;10;9;0;7;6;1;4;2;11;10;9;3;15;14;13;8;5;4;2;11;10;9;3;17;22;21;18;23;23;23;23;23;23;0;7;6;1;4;
?;?;?;?;?;?;?;?;?;?;?;4;2;11;10;9;3;17;22;0;7;6;2;11;10;9;3;17;22;21;18;16;7;6;1;4;4;4;4;4;4;4;4;4;4;2;11;10;9;3;
?;?;?;?;?;?;?;?;?;?;?;14;13;8;5;2;11;0;7;6;1;4;4;4;4;2;11;10;0;7;6;1;4;2;11;10;9;3;17;22;21;18;16;7;6;1;4;4;4;2;
?;?;?;?;?;?;?;?;?;?;?;23;0;7;6;1;4;4;4;4;2;11;10;9;3;17;22;21;0;7;6;1;4;4;4;4;4;4;2;11;10;9;3;17;22;0;7;6;1;4;
?;?;?;?;?;?;?;?;?;?;?;2;11;10;9;3;17;0;7;6;1;4;4;2;11;10;9;3;17;22;21;18;23;23;23;23;23;23;23;23;23;23;23;23;23;23;23;23;23;23;
?;?;?;?;?;?;?;?;?;?;?;10;9;3;17;0;7;6;2;11;10;9;3;17;22;21;18;16;7;6;1;4;4;2;11;10;9;3;17;0;7;6;1;4;4;4;4;4;4;4;
?;?;?;?;?;?;?;?;?;?;?;11;10;9;3;15;14;13;8;5;4;4;4;4;4;4;2;11;10;9;3;17;22;21;18;16;7;6;1;4;4;4;4;2;11;10;9;3;15;14;
?;?;?;?;?;?;?;?;?;?;?;11;10;9;3;17;22;21;18;23;23;0;7;6;1;4;4;4;4;4;4;4;2;11;10;9;0;7;6;1;4;4;4;4;4;4;2;11;10;9;
?;?;?;?;?;?;?;?;?;?;?;32;30;28;27;26;0;7;6;1;4;4;4;4;4;4;4;4;4;4;4;4;4;4;4;4;4;4;4;2;11;10;9;3;17;22;21;0;7;38;
?;?;?;?;?;?;?;?;?;?;?;6;1;4;4;4;4;4;4;4;4;4;4;4;4;4;4;4;4;4;4;4;4;2;11;10;9;3;17;22;21;18;23;23;23;23;23;23;23;23;
?;?;?;?;?;?;?;?;?;?;?;4;4;4;4;4;4;4;4;4;4;4;4;4;4;4;4;4;2;11;10;9;3;17;22;21;18;16;7;6;1;4;4;4;2;11;10;9;3;17;
?;?;?;?;?;?;?;?;?;?;?;4;4;4;2;11;10;9;3;17;22;21;18;23;0;7;6;1;4;4;4;4;2;11;10;0;7;6;1;4;4;4;4;2;11;10;9;3;17;22;
?;?;?;?;?;?;?;?;?;?;?;6;1;4;4;2;11;10;9;3;17;22;21;18;23;23;23;23;23;23;23;0;7;6;1;4;4;4;4;4;4;4;4;4;4;4;4;4;2;11;
?;?;?;?;?;?;?;?;?;?;?;4;2;11;10;9;3;17;22;0;7;6;1;4;4;4;4;4;4;4;4;4;4;4;4;4;2;11;10;9;3;17;22;21;18;23;23;23;23;23;
?;?;?;?;?;?;?;?;?;?;?;13;8;5;4;4;2;11;10;9;3;15;14;13;8;5;2;11;10;9;3;17;22;21;0;7;6;1;4;4;2;11;10;9;3;17;0;7;6;1;
?;?;?;?;?;?;?;?;?;?;?;23;23;23;0;7;6;1;4;4;4;4;4;4;4;4;4;4;4;4;4;4;4;4;4;4;4;4;4;4;4;4;2;11;10;9;3;17;22;21;
?;?;?;?;?;?;?;?;?;?;?;14;13;8;5;2;11;10;9;3;17;0;7;6;1;4;4;4;4;4;4;4;4;4;2;11;10;9;3;17;22;0;7;6;1;4;4;4;4;4;
?;?;?;?;?;?;?;?;?;?;?;4;4;4;4;4;4;2;11;10;9;3;17;0;7;6;1;4;4;4;4;2;11;10;9;3;17;22;21;18;23;23;23;23;23;23;23;23;23;23;
?;?;?;?;?;?;?;?;?;?;?;14;13;8;5;2;11;10;9;3;17;0;39;37;35;32;30;28;27;0;7;6;1;4;4;4;4;4;4;2;11;10;9;3;17;22;21;18;23;0;
?;?;?;?;?;?;?;?;?;?;?;10;9;3;17;0;7;6;1;4;4;2;11;10;0;7;6;1;4;4;4;4;4;2;11;10;9;3;17;22;21;0;7;6;2;11;10;9;3;17;
?;?;?;?;?;?;?;?;?;?;?;4;4;4;4;4;4;4;4;2;11;10;9;3;17;22;0;7;6;1;4;4;4;4;2;11;10;9;3;17;22;21;18;23;23;23;0;7;6;1;
?;?;?;?;?;?;?;?;?;?;?;10;9;3;17;22;21;0;7;38;36;34;33;31;24;0;7;6;1;4;4;4;4;4;4;4;4;4;4;4;4;4;2;11;10;9;3;17;22;21;
?;?;?;?;?;?;?;?;?;?;?;0;7;6;1;4;4;4;4;4;4;4;4;4;4;2;11;10;9;3;17;22;21;18;23;23;23;23;23;23;23;23;23;23;23;23;23;0;7;6;
?;?;?;?;?;?;?;?;?;?;?;10;9;3;17;22;0;7;6;1;4;4;4;2;11;10;9;3;17;22;21;18;23;23;23;23;23;23;23;23;0;7;6;1;4;4;4;4;4;4;
?;?;?;?;?;?;?;?;?;?;?;0;39;37;35;32;30;28;27;26;25;0;7;6;1;4;4;4;4;4;4;4;4;4;4;4;4;4;4;4;4;4;4;4;4;4;2;11;10;9;
?;?;?;?;?;?;?;?;?;?;?;10;9;3;17;22;0;7;6;1;4;4;4;4;4;4;4;4;4;4;2;11;10;9;3;17;0;7;6;1;4;4;4;4;4;4;2;11;10;9;
?;?;?;?;?;?;?;?;?;?;?;22;0;7;6;1;4;4;2;11;10;9;3;17;22;21;18;16;7;6;1;4;4;4;4;4;4;4;4;4;4;2;11;10;9;3;17;22;21;18;
?;?;?;?;?;?;?;?;?;?;?;4;4;4;4;4;4;4;2;11;10;9;3;17;22;21;18;16;7;6;1;4;4;4;4;4;4;2;11;10;9;0;7;6;1;2;11;10;9;3;
?;?;?;?;?;?;?;?;?;?;?;14;13;8;5;2;11;10;9;3;17;22;0;7;6;1;2;11;10;0;7;6;1;4;4;2;11;10;9;3;17;22;21;18;23;23;23;23;0;7;
?;?;?;?;?;?;?;?;?;?;?;11;10;0;7;6;1;4;4;2;11;10;9;3;17;22;21;18;16;7;38;36;34;33;31;15;14;13;8;5;4;4;4;4;4;4;4;2;11;10;
?;?;?;?;?;?;?;?;?;?;?;2;11;10;9;3;17;22;21;18;23;23;23;23;23;23;0;7;6;1;4;4;4;4;4;4;4;4;4;4;4;2;11;10;9;3;17;22;21;18;
?;?;?;?;?;?;?;?;?;?;?;14;13;8;5;4;4;4;4;4;4;4;2;11;10;9;3;17;22;21;18;23;23;0;7;6;1;4;4;4;4;4;4;4;4;4;4;4;4;4;
?;?;?;?;?;?;?;?;?;?;?;14;13;8;5;4;2;11;10;9;3;15;14;13;8;2;11;10;9;3;17;22;21;18;23;23;0;7;6;1;4;4;4;2;11;10;9;3;17;22;
?;?;?;?;?;?;?;?;?;?;?;2;0;7;6;1;4;4;4;4;2;11;10;9;3;17;22;0;7;6;1;4;4;4;4;4;4;2;11;10;9;3;17;22;21;18;23;0;7;6;
?;?;?;?;?;?;?;?;?;?;?;2;11;10;9;3;15;14;13;8;5;4;4;4;4;4;4;4;4;4;4;4;2;11;10;9;3;17;22;21;18;23;23;23;23;23;23;0;7;6;
?;?;?;?;?;?;?;?;?;?;?;22;21;18;23;23;23;0;7;6;1;4;4;4;4;2;11;10;9;3;17;22;21;0;7;6;1;4;4;4;4;4;4;4;4;2;11;10;9;3;
?;?;?;?;?;?;?;?;?;?;?;14;13;8;5;4;2;11;10;9;3;17;22;21;18;23;23;23;23;23;23;23;23;23;0;7;6;1;4;4;4;4;4;4;4;4;4;4;4;4;
?;?;?;?;?;?;?;?;?;?;?;4;4;2;11;10;9;3;17;22;21;18;23;23;23;23;23;23;23;23;23;23;23;23;23;23;23;0;7;6;1;4;4;4;4;4;4;4;4;4;
?;?;?;?;?;?;?;?;?;?;?;0;7;38;36;34;33;31;24;0;7;6;1;4;4;4;4;4;4;2;11;10;9;0;7;6;1;4;4;2;11;10;9;3;17;22;21;18;23;23;
?;?;?;?;?;?;?;?;?;?;?;13;8;5;2;11;10;9;3;17;22;21;0;7;6;2;11;10;9;3;17;22;0;7;6;1;4;4;4;4;4;4;4;4;4;4;4;4;4;4;
?;?;?;?;?;?;?;?;?;?;?;6;1;4;4;4;2;11;0;7;6;1;4;4;4;4;4;2;11;10;9;3;17;22;21;18;23;23;23;23;23;23;23;23;0;7;6;1;4;4;
?;?;?;?;?;?;?;?;?;?;?;10;9;3;15;14;13;8;5;4;4;4;4;4;4;4;4;2;11;10;9;3;17;22;21;18;16;7;6;1;4;4;2;11;0;7;6;1;4;4;
?;?;?;?;?;?;?;?;?;?;?;17;22;21;18;16;7;6;1;4;2;11;10;9;3;17;22;21;18;23;0;7;6;1;4;4;2;0;7;6;1;4;4;4;4;4;4;4;4;4;
?;?;?;?;?;?;?;?;?;?;?;4;4;2;11;10;9;3;17;22;21;18;23;23;23;23;23;23;23;23;23;23;23;23;0;7;6;1;4;4;4;4;4;2;11;10;9;3;17;22;
?;?;?;?;?;?;?;?;?;?;?;14;13;8;2;11;10;9;3;17;22;0;7;6;1;4;4;4;4;4;4;4;4;4;4;4;4;4;4;2;11;10;9;3;17;22;21;18;23;0;
?;?;?;?;?;?;?;?;?;?;?;2;11;10;0;7;6;1;4;4;2;11;10;9;0;7;6;1;4;4;4;2;11;10;9;3;17;22;21;18;16;7;6;1;4;4;4;4;4;4;
?;?;?;?;?;?;?;?;?;?;?;14;13;8;5;2;11;10;9;3;17;0;7;6;1;4;2;11;10;0;7;6;1;2;11;10;9;3;17;22;21;18;23;0;7;6;1;4;4;4;
?;?;?;?;?;?;?;?;?;?;?;21;18;23;23;0;7;6;1;4;4;4;4;2;11;10;9;3;17;22;0;7;6;1;4;4;4;4;2;11;10;9;3;17;0;7;6;1;4;4;
?;?;?;?;?;?;?;?;?;?;?;23;0;7;6;1;4;4;4;4;4;4;4;4;4;4;4;4;4;4;2;11;10;9;3;17;22;21;18;23;23;23;23;23;23;23;23;23;23;23;
?;?;?;?;?;?;?;?;?;?;?;10;9;3;17;22;21;0;7;6;1;2;11;10;9;3;15;14;13;8;5;4;4;4;4;4;2;11;10;9;3;17;22;21;0;7;6;1;2;11;
?;?;?;?;?;?;?;?;?;?;?;0;7;38;36;34;33;31;24;19;20;18;23;23;23;23;23;23;23;23;0;7;6;1;4;4;4;4;4;4;4;2;11;10;9;3;17;22;21;18;
?;?;?;?;?;?;?;?;?;?;?;17;0;7;38;36;34;33;31;24;19;20;18;23;23;0;7;6;1;4;2;11;10;9;3;15;14;13;8;5;4;4;4;4;4;2;11;10;9;0;
?;?;?;?;?;?;?;?;?;?;?;4;4;4;4;4;4;4;4;4;4;4;4;4;4;4;2;11;10;9;3;17;22;21;18;23;23;23;23;23;23;23;23;23;23;0;7;6;1;4;
?;?;?;?;?;?;?;?;?;?;?;13;8;5;4;4;4;2;11;10;9;3;15;14;13;8;5;4;4;4;4;4;4;4;2;11;10;9;3;17;22;21;18;23;23;23;23;23;23;23;
?;?;?;?;?;?;?;?;?;?;?;11;10;9;3;17;22;0;7;6;1;2;11;0;7;6;1;4;4;4;4;4;2;11;10;9;3;17;22;21;18;23;23;23;23;23;23;0;7;6;
?;?;?;?;?;?;?;?;?;?;?;10;9;3;15;14;13;8;5;2;11;10;9;3;15;14;13;8;5;4;4;4;4;2;11;10;9;3;17;22;21;18;16;7;6;1;4;4;2;11;
?;?;?;?;?;?;?;?;?;?;?;9;3;17;0;7;6;2;11;10;9;3;17;22;21;0;7;6;1;2;11;10;9;3;15;14;13;8;5;4;4;4;4;4;4;4;4;4;4;2;
?;?;?;?;?;?;?;?;?;?;?;14;13;8;5;2;11;10;9;3;17;22;21;18;23;23;23;0;7;6;1;4;4;4;4;2;11;10;9;3;17;0;7;6;1;4;4;4;4;4;
?;?;?;?;?;?;?;?;?;?;?;14;13;8;2;11;10;9;3;17;22;0;7;6;1;4;4;2;11;10;9;3;15;39;37;35;32;30;28;27;26;25;29;23;0;7;38;36;34;33;
?;?;?;?;?;?;?;?;?;?;?;7;6;1;4;2;11;10;9;3;15;14;13;8;5;4;4;4;4;4;4;4;4;4;4;2;11;10;9;3;17;22;0;7;6;1;4;4;4;4;
?;?;?;?;?;?;?;?;?;?;?;14;13;2;11;10;9;3;17;22;0;7;6;1;4;4;2;11;10;9;0;7;6;1;4;4;4;4;2;11;10;9;3;17;22;21;18;23;23;23;
?;?;?;?;?;?;?;?;?;?;?;22;21;18;23;23;23;0;7;6;1;4;4;4;4;2;11;10;9;3;17;22;0;7;6;1;4;4;2;11;10;9;3;17;22;21;18;23;23;23;
?;?;?;?;?;?;?;?;?;?;?;14;13;8;5;2;11;10;9;0;7;6;1;4;4;2;11;10;9;3;17;22;21;18;16;7;6;1;4;4;4;4;4;4;4;4;4;4;4;4;
?;?;?;?;?;?;?;?;?;?;?;6;1;4;4;2;11;10;9;3;15;14;13;8;5;2;11;10;9;3;17;22;21;18;23;23;23;23;23;23;0;7;6;1;4;4;2;11;10;9;
?;?;?;?;?;?;?;?;?;?;?;14;13;8;5;2;11;10;9;3;15;14;13;8;5;4;2;11;10;9;0;7;6;1;2;11;0;7;6;1;4;4;4;4;4;4;2;11;10;9;
?;?;?;?;?;?;?;?;?;?;?;9;3;17;22;21;18;23;23;0;7;6;1;4;4;2;11;10;9;3;17;22;21;0;7;38;36;34;33;31;24;19;20;18;23;23;0;7;6;1;
?;?;?;?;?;?;?;?;?;?;?;4;4;4;4;4;4;4;4;4;4;4;4;4;4;4;4;4;4;4;4;4;4;4;4;4;4;4;4;4;4;4;4;4;4;4;4;4;4;4;
?;?;?;?;?;?;?;?;?;?;?;4;2;11;10;9;3;17;22;21;18;23;23;23;23;23;0;7;6;1;4;4;4;4;4;4;4;2;11;10;9;3;17;0;7;6;1;4;4;4;
?;?;?;?;?;?;?;?;?;?;?;14;13;8;5;2;11;10;9;0;7;6;1;4;4;4;2;11;10;9;3;17;0;7;6;1;4;4;4;2;11;10;9;3;17;22;21;18;23;23;
?;?;?;?;?;?;?;?;?;?;?;21;18;16;7;6;1;4;4;4;4;4;4;4;4;4;4;4;2;11;0;7;6;1;4;4;4;4;4;2;11;10;9;3;17;22;21;18;16;7;
?;?;?;?;?;?;?;?;?;?;?;33;31;15;14;13;8;5;4;4;4;2;11;10;9;3;17;0;7;6;1;4;4;2;11;10;9;3;17;22;21;18;23;23;23;23;23;23;23;23;
?;?;?;?;?;?;?;?;?;?;?;10;9;3;17;22;0;7;6;1;4;4;4;4;4;4;4;4;4;2;11;10;9;3;17;22;0;7;6;1;4;4;4;4;4;4;4;4;4;4;
?;?;?;?;?;?;?;?;?;?;?;11;10;9;0;7;6;1;4;4;4;4;4;2;11;10;9;3;17;22;0;7;6;1;4;4;2;11;10;9;3;17;22;21;18;16;7;6;1;4;
?;?;?;?;?;?;?;?;?;?;?;1;4;4;2;11;10;9;3;17;22;21;18;23;23;23;23;23;23;23;23;23;23;0;7;6;1;4;4;4;4;4;4;2;11;10;9;3;17;22;
?;?;?;?;?;?;?;?;?;?;?;22;21;18;23;23;23;23;23;23;0;7;6;1;4;4;4;4;4;4;4;4;4;4;4;4;2;11;10;0;7;6;1;4;4;4;4;4;2;11;
?;?;?;?;?;?;?;?;?;?;?;11;10;9;3;17;22;21;18;23;23;23;23;23;23;0;7;6;1;4;4;4;4;4;4;4;4;4;4;4;4;4;2;11;10;9;0;7;6;1;
?;?;?;?;?;?;?;?;?;?;?;14;13;8;2;11;10;9;3;17;0;7;6;1;2;11;10;9;3;17;0;7;6;1;4;4;4;4;4;4;4;2;11;10;9;3;17;22;21;18;
?;?;?;?;?;?;?;?;?;?;?;4;4;4;4;4;4;4;4;4;4;4;4;4;4;4;4;2;11;10;9;3;17;22;21;0;7;6;1;2;11;10;9;3;17;22;21;18;23;23;
?;?;?;?;?;?;?;?;?;?;?;14;38;36;34;33;31;24;19;20;18;16;7;6;2;11;10;9;3;15;14;13;8;5;4;4;4;4;2;11;10;9;0;7;6;1;4;4;4;4;
?;?;?;?;?;?;?;?;?;?;?;11;10;9;3;15;14;13;8;5;2;11;10;9;3;17;22;21;18;23;23;23;23;0;7;6;1;4;4;4;4;4;2;11;10;9;3;17;22;21;
?;?;?;?;?;?;?;?;?;?;?;6;1;4;4;4;2;11;10;9;3;17;22;21;18;23;23;0;7;6;1;4;4;4;4;4;2;11;10;9;3;17;22;21;18;23;23;23;0;7;
?;?;?;?;?;?;?;?;?;?;?;23;23;23;23;0;7;6;2;11;10;9;3;17;22;21;18;16;7;6;1;4;4;4;4;4;4;4;4;4;4;4;4;4;4;2;11;10;9;3;
?;?;?;?;?;?;?;?;?;?;?;6;1;4;4;2;11;10;9;3;17;22;21;18;23;23;23;23;23;23;0;7;6;1;4;2;11;10;9;3;17;0;7;6;1;4;4;4;4;4;
?;?;?;?;?;?;?;?;?;?;?;13;8;5;4;2;11;10;9;3;15;14;13;8;5;4;4;4;4;4;2;11;10;9;3;17;22;21;18;23;23;0;7;6;1;4;4;2;11;10;
?;?;?;?;?;?;?;?;?;?;?;14;13;8;5;4;4;4;2;11;10;9;3;17;22;21;18;16;7;6;1;4;4;4;2;11;10;9;3;17;22;21;18;23;23;23;23;23;23;23;
?;?;?;?;?;?;?;?;?;?;?;6;1;4;2;11;10;9;3;17;22;21;0;7;38;36;34;33;0;7;6;1;4;4;4;4;4;2;11;10;9;3;17;22;21;18;23;23;23;23;
?;?;?;?;?;?;?;?;?;?;?;22;21;18;23;23;0;7;6;1;4;4;4;2;11;10;9;0;7;6;1;4;4;4;4;4;4;4;2;11;10;9;3;17;22;21;18;16;12;2;
?;?;?;?;?;?;?;?;?;?;?;2;11;0;7;6;1;4;4;4;2;11;10;9;3;17;22;0;7;6;1;2;11;10;0;7;6;1;4;2;11;10;9;3;17;22;21;18;23;23;
?;?;?;?;?;?;?;?;?;?;?;0;7;6;2;11;10;9;3;17;0;7;6;1;4;4;4;4;4;4;4;4;4;4;4;4;4;4;4;4;4;4;2;11;10;9;3;17;22;21;
?;?;?;?;?;?;?;?;?;?;?;4;4;4;2;11;10;9;3;17;22;21;18;23;23;23;23;23;23;23;23;23;0;7;6;1;4;4;4;4;4;4;4;2;11;10;9;3;15;14;
?;?;?;?;?;?;?;?;?;?;?;14;13;8;2;11;10;9;3;17;0;7;6;1;4;4;4;4;4;4;4;4;4;4;4;2;11;10;9;3;17;22;21;18;23;23;23;23;23;23;
?;?;?;?;?;?;?;?;?;?;?;2;11;10;0;7;6;2;11;10;9;3;17;22;21;18;23;23;23;23;23;23;23;23;23;23;23;23;23;23;23;23;23;23;23;0;7;6;1;4;
?;?;?;?;?;?;?;?;?;?;?;11;10;9;0;7;6;1;4;4;2;11;10;9;3;17;22;21;18;16;7;6;1;4;4;4;4;4;4;4;2;11;10;9;3;17;22;21;0;7;
?;?;?;?;?;?;?;?;?;?;?;6;1;4;4;2;11;10;9;3;15;14;13;8;5;2;11;10;9;3;17;0;7;6;1;4;4;4;4;4;4;4;4;4;4;4;4;4;4;4;
?;?;?;?;?;?;?;?;?;?;?;10;9;3;17;0;7;6;1;2;11;10;9;3;17;22;0;7;6;1;4;4;4;4;4;4;4;4;4;4;2;11;10;9;0;7;6;1;4;4;
?;?;?;?;?;?;?;?;?;?;?;14;13;8;5;2;11;10;9;0;7;6;1;4;4;2;11;10;9;3;17;0;7;6;1;2;11;10;9;3;17;22;21;18;23;23;0;7;6;1;
?;?;?;?;?;?;?;?;?;?;?;0;7;6;1;2;11;10;9;3;17;0;7;6;1;4;4;2;11;10;9;3;17;22;21;0;7;6;1;4;4;4;4;4;4;4;2;11;10;9;
?;?;?;?;?;?;?;?;?;?;?;2;11;10;9;3;17;22;0;7;6;1;4;4;4;2;11;10;9;3;17;0;7;6;1;4;4;4;2;11;10;9;3;17;22;21;0;7;6;1;
?;?;?;?;?;?;?;?;?;?;?;14;13;8;5;4;4;2;11;10;9;3;17;22;21;18;23;23;23;23;23;23;23;0;7;6;1;4;4;4;4;4;4;4;4;4;4;2;11;10;
?;?;?;?;?;?;?;?;?;?;?;22;0;39;37;35;32;30;28;27;0;7;6;1;4;4;2;11;10;0;7;6;1;4;4;4;4;4;4;4;2;11;10;9;3;17;22;21;18;23;
?;?;?;?;?;?;?;?;?;?;?;6;1;4;2;11;10;9;3;17;0;7;6;1;4;4;2;11;10;9;3;17;22;21;18;23;23;23;23;23;23;23;23;23;23;23;23;23;23;23;
?;?;?;?;?;?;?;?;?;?;?;14;13;8;5;4;2;11;10;9;3;17;22;21;18;23;0;7;38;36;34;33;31;24;19;20;18;16;7;6;1;4;4;4;4;4;4;4;2;11;
?;?;?;?;?;?;?;?;?;?;?;7;6;1;2;11;10;9;3;17;0;7;6;1;4;4;4;4;2;11;10;9;3;17;22;0;39;37;35;32;30;28;27;0;7;6;1;4;4;2;
?;?;?;?;?;?;?;?;?;?;?;0;7;6;1;2;11;10;9;3;15;14;13;8;5;4;4;4;4;4;4;4;4;4;4;4;4;4;4;4;4;2;11;10;9;3;17;22;21;18;
?;?;?;?;?;?;?;?;?;?;?;1;4;4;4;4;2;11;10;9;3;17;22;21;18;23;23;23;23;23;23;0;7;6;1;4;4;4;4;4;4;4;4;4;4;2;11;10;9;3;
?;?;?;?;?;?;?;?;?;?;?;11;10;9;3;15;14;13;8;5;2;11;10;9;3;17;22;21;18;23;23;23;0;7;6;1;4;4;4;4;4;4;2;11;10;9;3;17;22;21;
?;?;?;?;?;?;?;?;?;?;?;4;4;4;4;4;4;4;4;4;4;4;4;2;11;10;9;3;17;22;21;18;23;23;23;23;23;0;7;6;1;4;4;4;4;4;4;4;4;4;
?;?;?;?;?;?;?;?;?;?;?;4;4;4;2;11;10;9;3;17;22;21;0;7;6;1;4;4;2;11;10;9;3;17;22;21;18;23;23;23;0;7;6;1;4;4;4;4;2;11;
?;?;?;?;?;?;?;?;?;?;?;14;13;8;5;2;11;10;9;3;17;22;21;0;7;6;1;4;4;4;2;11;10;9;3;17;0;7;6;1;4;4;4;2;11;10;9;3;17;22;
?;?;?;?;?;?;?;?;?;?;?;2;11;10;9;3;17;22;21;18;23;23;23;23;23;0;7;6;1;4;4;4;2;11;10;9;3;17;22;21;18;23;23;23;0;7;6;1;4;4;
?;?;?;?;?;?;?;?;?;?;?;4;4;4;4;4;4;4;4;4;4;2;11;10;9;3;17;22;21;18;23;23;23;23;23;23;23;23;23;23;23;23;23;23;23;23;23;23;23;23;
?;?;?;?;?;?;?;?;?;?;?;10;0;7;6;1;4;4;4;2;11;10;9;3;17;22;21;18;16;7;6;1;4;4;4;4;4;2;11;10;9;3;17;22;21;0;7;6;2;11;
?;?;?;?;?;?;?;?;?;?;?;11;10;9;3;17;0;7;6;1;2;11;10;9;3;17;22;21;18;23;23;23;0;7;6;1;4;4;4;4;2;11;10;9;3;17;22;0;7;6;
?;?;?;?;?;?;?;?;?;?;?;4;4;4;4;4;4;4;4;4;2;11;10;9;0;7;6;1;4;4;2;11;10;9;3;17;22;21;18;23;23;23;23;23;23;23;23;23;23;23;
?;?;?;?;?;?;?;?;?;?;?;11;10;9;3;17;0;7;6;1;2;11;10;0;7;6;1;4;4;2;11;10;9;3;17;22;21;18;16;7;6;1;4;4;4;4;4;2;11;10;
?;?;?;?;?;?;?;?;?;?;?;17;22;21;18;23;23;23;23;23;0;7;6;1;2;11;10;9;3;17;22;21;18;23;0;7;6;1;4;4;4;4;4;4;4;4;2;11;10;9;
?;?;?;?;?;?;?;?;?;?;?;1;4;4;2;11;10;9;3;17;0;7;6;1;4;4;4;4;4;4;4;4;4;4;2;11;10;9;3;17;22;21;18;23;23;23;23;0;7;6;
?;?;?;?;?;?;?;?;?;?;?;4;4;4;2;11;10;0;7;6;1;4;4;4;4;2;11;10;9;3;17;22;21;18;23;23;23;23;23;23;0;7;6;1;4;4;4;4;4;4;