?;?;?;?;?;?;?;?;?;?;?;?;?;?;2;58;52;52;52;52;3;9;34;0;183;174;161;134;121;96;95;94;57;56;55;54;50;51;3;9;34;0;183;174;161;134;121;96;95;94;
?;?;?;?;?;?;?;?;?;?;?;?;?;?;93;92;91;132;124;122;106;126;85;79;66;57;56;55;54;50;51;2;58;52;52;52;52;52;52;52;52;52;52;52;52;52;52;52;52;3;
?;?;?;?;?;?;?;?;?;?;?;?;?;?;114;112;111;103;89;82;59;69;68;67;2;65;63;8;0;183;12;11;156;151;147;182;178;130;129;177;85;79;66;57;56;55;54;65;63;8;
?;?;?;?;?;?;?;?;?;?;?;?;?;?;112;111;61;53;140;14;117;116;115;114;56;55;54;50;3;9;34;0;183;174;161;134;121;96;95;94;57;56;55;54;50;51;2;58;52;52;
?;?;?;?;?;?;?;?;?;?;?;?;?;?;94;57;56;55;54;50;51;2;58;52;52;52;3;9;34;0;183;174;161;99;98;94;57;56;55;54;50;3;9;34;0;183;12;11;10;7;
?;?;?;?;?;?;?;?;?;?;?;?;?;?;56;55;54;50;51;2;58;52;52;3;9;34;0;183;174;161;99;98;94;57;56;55;54;50;51;2;58;52;52;52;52;3;9;34;0;183;
?;?;?;?;?;?;?;?;?;?;?;?;?;?;4;40;175;145;144;13;107;119;134;121;166;135;104;104;104;104;104;96;95;94;57;56;55;54;50;51;2;58;52;52;52;52;3;9;34;0;
?;?;?;?;?;?;?;?;?;?;?;?;?;?;57;56;55;65;63;8;0;183;174;161;99;98;94;57;56;55;54;50;51;2;58;52;52;52;52;52;52;52;52;52;52;52;52;52;52;52;
?;?;?;?;?;?;?;?;?;?;?;?;?;?;52;52;52;52;52;52;52;52;52;52;52;52;52;52;52;52;52;52;52;52;52;52;52;52;52;52;52;52;52;52;52;52;52;52;52;52;
?;?;?;?;?;?;?;?;?;?;?;?;?;?;4;40;175;145;144;13;12;11;10;7;4;55;65;63;8;0;183;12;11;10;93;92;91;132;124;122;106;85;79;66;57;56;55;65;63;8;
?;?;?;?;?;?;?;?;?;?;?;?;?;?;55;54;50;3;9;34;47;45;42;158;153;148;179;173;170;164;128;120;162;135;104;104;104;104;104;104;104;104;104;104;96;95;94;57;56;55;
?;?;?;?;?;?;?;?;?;?;?;?;?;?;110;109;15;97;118;102;86;84;68;67;2;65;49;44;5;39;38;80;73;72;69;65;63;8;0;183;174;161;99;98;94;57;56;40;175;145;
?;?;?;?;?;?;?;?;?;?;?;?;?;?;85;79;66;57;56;55;65;63;8;0;183;12;11;10;7;4;55;65;63;8;0;183;174;161;134;121;166;135;104;96;95;94;57;56;55;54;
?;?;?;?;?;?;?;?;?;?;?;?;?;?;4;55;65;63;8;0;183;174;161;134;121;166;135;104;104;104;96;95;94;57;56;55;54;50;51;2;58;52;52;52;3;9;34;0;183;174;
?;?;?;?;?;?;?;?;?;?;?;?;?;?;85;79;66;57;56;55;54;50;51;2;58;52;52;52;52;52;52;52;3;9;34;0;183;174;161;134;121;166;135;104;104;104;104;104;104;104;
?;?;?;?;?;?;?;?;?;?;?;?;?;?;3;9;34;0;183;174;161;99;98;94;57;56;55;54;50;3;9;34;0;183;174;161;134;85;79;66;57;56;40;175;145;144;13;107;119;134;
?;?;?;?;?;?;?;?;?;?;?;?;?;?;60;51;2;58;52;52;52;52;3;9;34;0;183;174;161;134;85;79;66;57;56;55;54;50;51;2;58;52;3;9;34;0;183;174;161;134;
?;?;?;?;?;?;?;?;?;?;?;?;?;?;57;56;55;54;50;51;2;58;52;52;3;9;34;0;183;174;161;134;121;166;96;95;94;57;56;55;54;50;51;2;58;52;52;52;52;3;
?;?;?;?;?;?;?;?;?;?;?;?;?;?;71;60;51;2;65;63;8;0;183;174;161;134;121;166;135;104;104;96;95;94;57;56;55;54;50;51;2;58;65;63;8;0;183;174;161;99;
?;?;?;?;?;?;?;?;?;?;?;?;?;?;85;79;66;57;56;55;54;50;51;2;58;52;52;52;3;9;34;0;183;174;161;134;121;166;135;104;104;104;104;104;104;104;104;96;95;94;
?;?;?;?;?;?;?;?;?;?;?;?;?;?;56;55;54;50;51;2;58;65;63;8;0;183;174;161;99;98;94;57;56;55;54;50;3;9;34;0;183;174;161;134;121;166;135;104;104;104;
?;?;?;?;?;?;?;?;?;?;?;?;?;?;56;55;65;63;8;0;183;174;161;134;121;166;135;104;104;104;96;95;94;57;56;55;54;50;51;2;65;63;8;0;183;174;161;134;85;79;
?;?;?;?;?;?;?;?;?;?;?;?;?;?;62;160;155;150;133;125;174;161;134;121;96;95;94;57;56;40;175;145;144;13;107;119;134;121;96;95;94;57;56;55;54;50;3;9;34;0;
?;?;?;?;?;?;?;?;?;?;?;?;?;?;9;34;0;183;174;161;134;121;166;135;104;104;104;104;104;104;96;95;94;57;56;55;54;50;51;2;58;52;52;52;52;52;52;52;52;52;
?;?;?;?;?;?;?;?;?;?;?;?;?;?;56;55;54;50;51;2;58;52;52;52;52;52;3;9;34;0;183;174;161;134;121;166;135;104;104;104;104;104;104;104;104;104;104;104;104;96;
?;?;?;?;?;?;?;?;?;?;?;?;?;?;134;85;79;66;57;56;55;54;50;51;2;65;63;8;0;183;174;161;134;121;166;135;104;104;104;104;104;104;96;95;94;110;109;15;97;118;
?;?;?;?;?;?;?;?;?;?;?;?;?;?;104;96;95;94;57;56;55;54;50;51;2;58;52;52;3;9;34;0;48;46;43;36;32;55;54;50;3;9;34;0;183;174;161;99;98;94;
?;?;?;?;?;?;?;?;?;?;?;?;?;?;85;79;66;57;56;55;54;65;63;8;0;183;174;117;116;115;114;112;111;61;53;85;79;66;57;56;55;54;65;63;8;0;183;174;161;134;
?;?;?;?;?;?;?;?;?;?;?;?;?;?;3;9;34;0;48;46;43;36;32;55;54;50;51;3;9;34;0;183;174;161;134;121;166;96;95;94;110;109;15;97;118;122;106;126;120;162;
?;?;?;?;?;?;?;?;?;?;?;?;?;?;52;52;52;52;52;52;52;52;52;52;52;52;52;52;52;52;52;52;52;52;52;52;52;52;52;52;52;52;52;52;52;52;52;52;52;52;
?;?;?;?;?;?;?;?;?;?;?;?;?;?;13;12;11;10;7;4;55;54;65;63;8;0;183;174;161;134;121;166;135;104;96;95;94;57;56;55;54;65;63;1;87;41;76;78;77;194;
?;?;?;?;?;?;?;?;?;?;?;?;?;?;4;40;175;145;144;13;107;119;96;95;94;110;109;15;97;118;122;106;85;79;66;57;56;55;54;50;51;3;9;34;0;183;174;161;134;121;
?;?;?;?;?;?;?;?;?;?;?;?;?;?;13;107;119;134;121;166;135;104;104;104;104;104;96;95;94;57;56;55;54;50;51;2;58;52;52;52;52;52;52;52;3;9;34;0;183;174;
?;?;?;?;?;?;?;?;?;?;?;?;?;?;4;55;65;63;8;0;183;12;11;156;151;147;182;178;130;129;177;168;85;79;66;57;176;35;61;53;140;14;105;99;98;94;57;56;55;54;
?;?;?;?;?;?;?;?;?;?;?;?;?;?;183;174;161;134;121;166;135;85;79;66;57;56;55;54;50;51;2;65;63;8;0;183;174;161;134;121;166;96;95;94;57;56;55;54;50;3;
?;?;?;?;?;?;?;?;?;?;?;?;?;?;183;12;11;156;151;147;182;178;130;129;85;79;66;57;56;55;65;63;8;0;183;174;161;134;121;166;135;85;79;66;57;56;55;54;50;51;
?;?;?;?;?;?;?;?;?;?;?;?;?;?;4;40;175;145;144;13;107;117;116;115;114;56;40;175;145;144;13;107;119;96;95;94;57;56;55;54;50;51;2;58;52;52;52;52;52;52;
?;?;?;?;?;?;?;?;?;?;?;?;?;?;104;104;104;104;104;104;96;95;94;57;56;55;54;50;51;3;9;34;0;183;12;11;10;7;4;55;54;50;51;2;58;65;63;8;0;183;
?;?;?;?;?;?;?;?;?;?;?;?;?;?;13;107;117;116;115;114;56;55;54;65;63;8;0;183;174;161;134;121;166;135;85;79;66;57;56;55;54;50;51;2;58;52;3;9;34;0;
?;?;?;?;?;?;?;?;?;?;?;?;?;?;4;40;175;145;144;13;107;117;116;115;114;56;55;54;65;63;8;30;29;33;31;28;25;22;143;142;141;113;99;98;156;151;147;182;178;130;
?;?;?;?;?;?;?;?;?;?;?;?;?;?;107;117;116;115;114;56;55;54;65;63;8;0;183;12;11;156;151;147;182;178;130;129;177;168;167;163;127;104;104;104;96;95;94;57;56;55;
?;?;?;?;?;?;?;?;?;?;?;?;?;?;6;83;70;75;74;71;60;65;63;8;0;183;174;161;134;121;166;96;95;94;57;56;55;54;50;51;2;65;63;8;0;183;174;161;134;121;
?;?;?;?;?;?;?;?;?;?;?;?;?;?;2;58;52;52;3;9;34;0;183;174;161;134;121;166;135;104;104;96;95;94;57;56;55;65;63;8;0;183;174;161;134;121;166;135;104;104;
?;?;?;?;?;?;?;?;?;?;?;?;?;?;4;40;175;145;144;13;107;117;116;115;114;56;40;175;145;144;13;107;119;134;85;79;66;57;56;55;54;50;51;2;58;52;52;52;52;52;
?;?;?;?;?;?;?;?;?;?;?;?;?;?;104;104;96;95;94;57;56;55;54;50;51;2;58;52;52;52;52;52;52;52;52;52;3;9;34;0;183;174;161;134;121;96;95;94;57;56;
?;?;?;?;?;?;?;?;?;?;?;?;?;?;13;107;119;134;121;166;135;104;104;104;104;104;104;104;96;95;94;57;56;55;54;50;51;2;58;52;52;52;52;52;52;3;9;34;0;183;
?;?;?;?;?;?;?;?;?;?;?;?;?;?;50;51;3;9;34;0;183;174;161;134;121;166;135;104;104;96;95;94;57;56;55;54;50;51;2;58;52;52;52;52;52;52;52;3;9;34;
?;?;?;?;?;?;?;?;?;?;?;?;?;?;56;55;54;50;51;2;58;52;3;9;34;0;183;174;161;99;98;94;57;56;55;65;63;8;0;183;174;161;134;121;166;135;104;104;104;96;
?;?;?;?;?;?;?;?;?;?;?;?;?;?;85;79;66;57;56;55;54;50;3;49;44;5;39;38;80;73;72;160;155;150;133;125;174;161;134;121;166;135;104;104;104;104;96;95;94;57;
?;?;?;?;?;?;?;?;?;?;?;?;?;?;57;56;55;54;50;51;2;58;52;3;9;34;0;48;46;43;36;32;55;54;65;63;8;0;183;174;161;134;121;166;96;95;94;57;56;55;
?;?;?;?;?;?;?;?;?;?;?;?;?;?;52;3;9;34;0;183;174;161;134;121;166;135;104;104;96;95;94;110;109;15;97;118;122;106;126;85;79;66;57;56;40;175;145;144;13;107;
?;?;?;?;?;?;?;?;?;?;?;?;?;?;52;52;52;3;9;34;0;183;174;161;134;121;166;135;104;104;104;96;95;94;57;56;55;54;50;51;2;58;52;52;52;52;52;52;52;52;
?;?;?;?;?;?;?;?;?;?;?;?;?;?;55;65;63;8;0;183;174;117;116;115;114;56;55;54;50;51;2;58;52;52;3;9;34;0;183;174;161;134;121;166;135;104;104;104;104;104;
?;?;?;?;?;?;?;?;?;?;?;?;?;?;94;57;56;55;54;50;51;2;58;52;3;9;34;0;183;174;161;134;121;166;96;95;94;57;56;55;54;50;51;3;9;34;0;183;174;117;
?;?;?;?;?;?;?;?;?;?;?;?;?;?;4;40;175;145;144;85;79;66;57;56;55;54;65;63;8;0;183;174;161;134;121;166;135;104;104;104;104;96;95;94;57;176;35;61;53;140;
?;?;?;?;?;?;?;?;?;?;?;?;?;?;71;60;51;3;9;34;0;183;174;161;134;121;166;135;85;79;66;57;56;55;54;50;51;2;65;63;8;0;183;174;161;134;121;166;135;104;
?;?;?;?;?;?;?;?;?;?;?;?;?;?;2;58;65;63;8;0;183;174;161;134;121;96;95;94;57;56;55;54;50;51;2;65;63;8;0;183;174;161;134;121;166;135;104;96;95;94;
?;?;?;?;?;?;?;?;?;?;?;?;?;?;160;155;150;133;125;174;161;99;98;94;57;56;55;54;65;63;8;0;183;174;161;134;121;96;95;94;57;56;55;54;50;51;2;58;52;52;
?;?;?;?;?;?;?;?;?;?;?;?;?;?;104;104;96;95;94;57;56;55;54;50;51;2;58;52;52;52;52;52;52;52;52;52;52;52;52;52;52;52;52;52;52;52;52;52;52;52;
?;?;?;?;?;?;?;?;?;?;?;?;?;?;2;58;52;52;52;52;52;52;52;52;52;52;52;52;52;52;3;9;34;0;183;174;161;99;98;94;57;56;40;175;145;144;13;107;119;134;
?;?;?;?;?;?;?;?;?;?;?;?;?;?;30;29;27;24;21;20;19;18;17;53;85;79;66;57;56;55;54;65;63;8;0;183;174;161;134;121;166;135;104;104;104;104;96;95;94;57;
?;?;?;?;?;?;?;?;?;?;?;?;?;?;94;57;56;55;54;50;51;3;9;34;0;183;174;161;134;121;166;96;95;94;57;56;55;54;50;51;2;58;52;52;52;52;52;52;52;3;
?;?;?;?;?;?;?;?;?;?;?;?;?;?;45;42;37;64;62;160;155;150;133;125;174;117;116;115;114;56;40;175;145;144;13;107;119;134;121;166;96;95;94;57;56;55;54;50;51;2;
?;?;?;?;?;?;?;?;?;?;?;?;?;?;99;98;94;57;56;55;54;50;51;3;9;34;0;183;174;117;116;115;114;56;55;65;63;8;0;183;174;161;134;121;96;95;94;57;56;55;
?;?;?;?;?;?;?;?;?;?;?;?;?;?;57;56;55;54;65;63;8;0;183;174;161;134;85;79;66;57;56;55;54;50;3;9;34;0;183;174;117;116;115;114;112;111;61;53;140;14;
?;?;?;?;?;?;?;?;?;?;?;?;?;?;3;9;34;0;183;174;161;134;121;166;135;104;104;104;104;96;95;94;57;56;55;54;50;51;2;58;52;3;9;34;0;183;174;161;134;121;
?;?;?;?;?;?;?;?;?;?;?;?;?;?;183;12;11;10;7;191;190;189;188;140;14;105;99;98;94;110;109;15;97;118;102;86;84;68;191;190;189;188;140;12;11;10;7;4;55;54;
?;?;?;?;?;?;?;?;?;?;?;?;?;?;12;11;10;7;4;55;54;65;63;8;0;183;174;161;134;85;79;66;57;56;55;54;50;51;2;65;63;8;0;183;174;161;99;98;94;57;
?;?;?;?;?;?;?;?;?;?;?;?;?;?;55;54;50;51;2;58;52;52;52;3;9;34;0;183;174;161;134;121;166;135;104;96;95;94;57;56;40;175;145;144;13;107;119;134;121;166;
?;?;?;?;?;?;?;?;?;?;?;?;?;?;110;109;15;97;101;88;81;69;68;67;2;65;63;8;0;183;12;11;10;7;4;55;54;50;3;9;34;0;183;174;161;134;121;166;135;104;
?;?;?;?;?;?;?;?;?;?;?;?;?;?;58;52;52;52;52;52;52;3;9;34;0;183;174;161;134;121;166;135;104;104;104;104;104;104;104;104;104;104;104;104;104;104;96;95;94;57;
?;?;?;?;?;?;?;?;?;?;?;?;?;?;135;104;104;96;95;94;57;56;55;54;50;51;2;65;63;8;0;48;46;43;36;32;55;54;50;51;2;58;65;63;8;0;183;174;161;134;
?;?;?;?;?;?;?;?;?;?;?;?;?;?;4;55;54;50;51;2;58;52;52;52;3;9;34;0;183;174;161;99;98;94;57;56;40;175;145;144;13;107;119;134;121;166;135;104;96;95;
?;?;?;?;?;?;?;?;?;?;?;?;?;?;47;45;42;37;64;62;160;155;150;133;125;174;161;134;121;166;135;104;104;104;104;104;104;104;104;104;96;95;94;57;56;55;54;50;51;2;
?;?;?;?;?;?;?;?;?;?;?;?;?;?;85;79;66;57;56;55;65;63;8;0;183;174;117;116;115;114;56;40;175;145;144;13;107;119;134;121;166;96;95;94;57;56;55;54;50;51;
?;?;?;?;?;?;?;?;?;?;?;?;?;?;96;95;94;57;56;55;54;50;51;2;58;52;52;52;52;52;3;9;34;47;45;42;37;64;62;160;155;150;133;125;174;161;134;121;166;96;
?;?;?;?;?;?;?;?;?;?;?;?;?;?;50;3;9;34;0;183;174;161;99;98;94;57;56;55;54;50;51;2;58;52;3;9;34;0;183;174;161;134;121;96;95;94;57;56;55;54;
?;?;?;?;?;?;?;?;?;?;?;?;?;?;79;66;57;56;55;54;50;3;9;34;0;183;174;161;134;121;166;135;104;104;104;96;95;94;57;56;55;54;50;3;9;1;87;41;76;78;
?;?;?;?;?;?;?;?;?;?;?;?;?;?;191;190;189;188;140;14;117;116;115;114;112;111;61;53;140;14;117;116;115;114;56;40;175;145;144;13;107;117;116;115;114;56;55;54;50;51;
?;?;?;?;?;?;?;?;?;?;?;?;?;?;0;183;174;161;99;98;94;57;56;55;54;50;3;9;34;0;183;174;161;134;121;166;135;104;104;104;104;104;104;104;104;104;104;104;104;104;
?;?;?;?;?;?;?;?;?;?;?;?;?;?;114;56;55;54;50;51;2;58;52;3;9;34;0;183;174;161;134;85;79;66;57;56;40;175;145;144;13;107;117;116;115;114;56;55;54;50;
?;?;?;?;?;?;?;?;?;?;?;?;?;?;11;10;7;4;55;54;50;3;9;34;0;183;174;161;134;121;166;135;104;104;104;96;95;94;57;56;55;65;63;8;0;183;174;161;134;121;
?;?;?;?;?;?;?;?;?;?;?;?;?;?;107;117;116;115;114;56;40;175;145;144;85;79;66;57;56;55;54;50;3;9;34;0;183;174;117;116;115;114;112;111;61;53;140;14;105;126;
?;?;?;?;?;?;?;?;?;?;?;?;?;?;32;55;54;50;51;2;65;63;8;0;183;174;161;134;121;166;135;104;104;96;95;94;57;56;55;54;50;51;2;58;52;52;52;52;52;52;
?;?;?;?;?;?;?;?;?;?;?;?;?;?;2;58;52;52;52;52;52;52;3;9;34;0;183;174;161;134;121;166;135;104;104;104;104;104;104;104;104;104;104;96;95;94;57;56;55;54;
?;?;?;?;?;?;?;?;?;?;?;?;?;?;55;54;50;51;2;58;52;52;52;52;52;52;52;3;9;34;0;183;174;161;134;121;166;135;104;104;104;104;104;104;104;104;96;95;94;57;
?;?;?;?;?;?;?;?;?;?;?;?;?;?;193;192;67;2;58;52;52;52;3;9;34;0;183;174;117;116;115;114;56;55;54;50;3;9;34;0;183;174;161;134;121;166;135;104;104;104;
?;?;?;?;?;?;?;?;?;?;?;?;?;?;161;134;121;166;135;104;104;104;104;104;104;104;104;104;104;104;104;104;96;95;94;57;56;55;54;50;51;2;58;65;63;8;0;183;174;161;
?;?;?;?;?;?;?;?;?;?;?;?;?;?;13;107;119;134;121;166;135;104;104;104;96;95;94;57;56;55;54;50;51;3;9;34;47;45;42;37;64;62;71;60;51;3;9;34;0;183;
?;?;?;?;?;?;?;?;?;?;?;?;?;?;166;135;85;79;66;57;56;55;54;50;3;9;34;0;183;174;161;134;121;96;95;94;57;56;55;54;50;3;9;34;0;183;174;161;134;121;
?;?;?;?;?;?;?;?;?;?;?;?;?;?;114;56;55;54;50;3;9;34;0;183;174;161;99;98;94;57;56;55;54;50;51;3;9;34;0;183;174;161;134;85;79;66;57;56;55;54;
?;?;?;?;?;?;?;?;?;?;?;?;?;?;57;56;55;54;50;51;2;58;52;52;52;3;9;34;0;48;46;43;36;32;55;54;65;63;8;0;183;174;161;134;85;79;66;57;56;55;
?;?;?;?;?;?;?;?;?;?;?;?;?;?;135;85;79;66;57;176;35;61;53;140;14;105;126;120;96;95;94;57;56;55;54;50;51;2;58;52;52;52;52;52;3;9;34;0;183;174;
?;?;?;?;?;?;?;?;?;?;?;?;?;?;183;12;11;10;7;4;40;175;145;144;13;107;117;116;115;114;56;55;54;50;3;9;34;0;183;174;161;134;121;166;135;104;104;104;104;96;
?;?;?;?;?;?;?;?;?;?;?;?;?;?;13;12;11;10;7;4;40;175;145;144;85;79;66;57;56;55;54;50;3;9;34;0;183;174;117;116;115;114;56;40;175;145;144;13;107;119;
?;?;?;?;?;?;?;?;?;?;?;?;?;?;0;183;12;11;10;7;4;55;54;50;51;3;9;34;0;183;174;161;134;121;166;135;104;96;95;94;57;56;55;54;50;51;2;65;63;8;
?;?;?;?;?;?;?;?;?;?;?;?;?;?;183;174;161;99;98;156;151;147;103;89;82;59;69;68;67;2;65;63;8;0;183;174;117;116;115;114;56;40;175;145;144;13;107;119;96;95;
?;?;?;?;?;?;?;?;?;?;?;?;?;?;7;4;55;65;63;8;0;183;174;161;134;121;166;135;85;79;66;57;56;55;65;63;8;0;183;174;117;116;115;114;56;55;54;50;3;9;
?;?;?;?;?;?;?;?;?;?;?;?;?;?;52;52;52;52;3;9;34;0;183;174;161;134;121;166;135;104;104;104;104;104;104;96;95;94;57;56;55;54;50;3;9;34;0;183;174;161;
?;?;?;?;?;?;?;?;?;?;?;?;?;?;56;55;54;65;63;8;30;29;33;31;64;62;160;155;150;133;125;174;161;134;121;166;135;104;104;104;104;96;95;94;57;56;55;54;65;63;
?;?;?;?;?;?;?;?;?;?;?;?;?;?;12;11;10;7;4;55;54;50;3;9;34;0;183;174;161;134;121;166;135;104;104;96;95;94;57;56;55;54;50;3;9;34;0;183;174;161;
?;?;?;?;?;?;?;?;?;?;?;?;?;?;30;29;33;31;64;62;160;155;150;133;125;174;161;134;121;166;135;104;104;104;104;104;104;104;104;104;104;104;104;104;104;104;96;95;94;57;
?;?;?;?;?;?;?;?;?;?;?;?;?;?;13;12;11;10;7;4;40;175;145;144;13;107;117;116;115;93;92;91;132;124;122;106;126;120;96;95;94;57;56;55;65;63;8;0;183;174;
?;?;?;?;?;?;?;?;?;?;?;?;?;?;5;39;38;80;73;72;69;65;63;8;0;183;174;161;134;121;166;135;104;104;104;104;96;95;94;57;56;55;54;50;51;2;58;52;52;52;
?;?;?;?;?;?;?;?;?;?;?;?;?;?;121;166;135;104;104;104;104;96;95;94;57;56;55;54;65;63;1;87;41;76;78;77;194;193;65;63;8;0;183;174;161;134;121;166;135;104;
?;?;?;?;?;?;?;?;?;?;?;?;?;?;0;183;174;161;134;121;166;135;104;104;104;96;95;94;57;56;40;175;145;144;85;79;66;57;56;55;54;50;51;2;58;52;3;9;34;0;
?;?;?;?;?;?;?;?;?;?;?;?;?;?;41;76;78;77;194;193;192;65;63;8;0;183;174;161;134;121;166;135;104;104;96;95;94;57;56;55;65;63;8;0;183;174;161;134;121;96;
?;?;?;?;?;?;?;?;?;?;?;?;?;?;14;105;99;98;94;57;56;55;54;50;51;2;58;52;52;52;52;52;52;52;52;52;52;52;52;52;3;9;34;0;183;174;161;134;121;96;
?;?;?;?;?;?;?;?;?;?;?;?;?;?;13;107;119;96;95;94;57;56;55;54;50;51;2;58;52;52;52;52;3;9;34;0;48;46;43;36;32;55;54;50;51;3;9;34;0;48;
?;?;?;?;?;?;?;?;?;?;?;?;?;?;56;40;175;145;144;85;79;66;57;56;55;54;65;63;8;30;29;33;31;64;62;71;65;63;8;0;183;174;161;134;85;79;66;57;56;55;
?;?;?;?;?;?;?;?;?;?;?;?;?;?;55;54;65;63;8;0;183;12;11;10;7;191;190;189;188;140;14;105;126;120;162;135;104;104;104;104;96;95;94;57;56;55;54;50;51;3;
?;?;?;?;?;?;?;?;?;?;?;?;?;?;4;40;175;145;144;13;12;11;10;7;4;55;65;63;8;0;183;174;161;99;98;94;57;176;35;61;53;140;14;105;126;120;96;95;94;57;
?;?;?;?;?;?;?;?;?;?;?;?;?;?;134;85;79;66;57;176;35;61;53;140;14;105;126;120;96;95;26;16;108;90;100;6;83;70;75;74;71;60;51;2;58;65;63;8;0;183;
?;?;?;?;?;?;?;?;?;?;?;?;?;?;13;107;119;134;121;96;95;94;57;56;55;54;50;51;2;58;52;52;3;9;34;0;183;174;161;134;121;166;135;104;104;104;104;104;104;104;
?;?;?;?;?;?;?;?;?;?;?;?;?;?;13;107;119;134;121;166;135;104;104;104;96;95;94;57;56;55;54;50;51;2;58;52;52;52;52;52;52;3;9;34;0;183;174;161;134;121;
?;?;?;?;?;?;?;?;?;?;?;?;?;?;13;12;11;10;7;4;55;54;50;51;2;58;52;52;52;52;52;3;9;34;0;183;174;161;134;121;166;135;104;104;104;104;96;95;94;57;
?;?;?;?;?;?;?;?;?;?;?;?;?;?;104;96;95;94;57;56;55;54;50;51;2;58;52;52;52;52;52;52;52;52;52;52;52;52;52;3;9;34;0;183;174;161;99;98;94;57;
?;?;?;?;?;?;?;?;?;?;?;?;?;?;183;174;161;134;121;166;135;104;96;95;94;57;56;55;54;50;3;9;34;0;183;174;161;134;121;166;135;104;104;104;104;104;104;104;96;95;
?;?;?;?;?;?;?;?;?;?;?;?;?;?;9;34;0;183;174;161;134;85;79;66;57;56;55;54;65;63;8;0;183;174;161;134;121;166;135;104;104;104;96;95;94;57;56;55;65;63;
?;?;?;?;?;?;?;?;?;?;?;?;?;?;106;126;120;162;135;104;104;104;104;104;104;96;95;94;57;56;55;54;50;51;2;58;52;52;52;52;52;52;52;52;52;3;9;34;0;183;
?;?;?;?;?;?;?;?;?;?;?;?;?;?;0;48;46;156;151;147;182;178;130;129;177;168;85;79;66;57;56;55;54;50;51;2;58;52;52;52;52;52;52;52;52;3;9;34;0;183;
?;?;?;?;?;?;?;?;?;?;?;?;?;?;14;105;126;85;79;66;57;56;40;175;1;87;41;76;78;77;194;193;192;67;2;58;52;52;52;52;52;52;52;52;52;52;52;52;52;3;
?;?;?;?;?;?;?;?;?;?;?;?;?;?;85;79;66;57;56;55;54;50;51;2;58;52;52;52;52;52;52;52;52;52;3;9;34;0;183;174;161;134;121;166;135;104;104;104;104;104;
?;?;?;?;?;?;?;?;?;?;?;?;?;?;66;57;56;55;54;50;51;2;58;65;63;8;0;183;12;157;152;146;139;131;138;137;136;123;85;79;66;57;56;55;54;50;3;9;34;0;
?;?;?;?;?;?;?;?;?;?;?;?;?;?;?;23;18;17;53;85;79;66;57;56;55;54;50;51;2;58;52;3;9;34;0;183;174;161;134;121;166;135;85;79;66;57;56;55;54;50;
?;?;?;?;?;?;?;?;?;?;?;?;?;?;85;79;66;57;56;55;54;50;51;2;65;63;8;0;183;174;161;134;121;166;96;95;94;57;56;55;54;65;63;8;0;183;174;161;134;121;
?;?;?;?;?;?;?;?;?;?;?;?;?;?;58;52;52;52;3;9;34;0;183;174;161;134;85;79;66;57;176;35;61;53;140;14;105;126;120;96;95;94;57;56;55;54;50;3;9;34;
?;?;?;?;?;?;?;?;?;?;?;?;?;?;85;79;66;57;56;55;54;65;63;8;0;183;174;161;99;98;94;57;56;55;54;65;63;8;0;183;174;161;134;121;166;135;85;79;66;57;
?;?;?;?;?;?;?;?;?;?;?;?;?;?;0;183;174;161;134;121;166;135;104;104;104;104;104;96;95;94;57;56;55;54;50;3;9;34;0;183;174;161;134;121;166;135;104;104;104;104;
?;?;?;?;?;?;?;?;?;?;?;?;?;?;52;52;52;52;52;52;52;52;52;52;52;52;52;52;52;52;52;52;52;52;52;52;52;52;52;52;52;52;52;52;52;52;52;52;52;52;
?;?;?;?;?;?;?;?;?;?;?;?;?;?;52;52;52;52;52;52;52;52;52;52;52;52;52;52;3;9;34;0;183;174;161;134;121;166;135;104;104;104;104;104;104;104;104;104;96;95;
?;?;?;?;?;?;?;?;?;?;?;?;?;?;96;95;94;57;56;55;54;50;51;2;58;52;52;52;3;9;34;0;183;174;161;134;121;96;95;94;57;56;55;54;50;51;2;58;52;3;
?;?;?;?;?;?;?;?;?;?;?;?;?;?;14;105;126;120;162;135;104;104;96;95;94;57;56;55;54;50;51;2;58;52;52;52;52;52;52;52;52;52;52;52;52;52;52;3;9;34;
?;?;?;?;?;?;?;?;?;?;?;?;?;?;4;40;175;145;144;13;107;117;116;115;114;112;111;61;53;140;14;117;116;115;114;56;55;54;50;51;2;58;52;52;3;9;34;0;183;174;
?;?;?;?;?;?;?;?;?;?;?;?;?;?;183;174;117;116;115;93;92;91;132;124;122;117;116;115;114;112;111;61;53;140;12;11;10;7;4;40;175;145;144;13;107;119;96;95;94;57;
?;?;?;?;?;?;?;?;?;?;?;?;?;?;55;54;65;63;8;0;183;12;11;10;7;191;190;189;188;140;14;105;126;120;162;135;104;104;96;95;94;57;56;55;54;50;51;3;9;34;
?;?;?;?;?;?;?;?;?;?;?;?;?;?;34;0;183;174;161;134;121;166;135;104;104;104;104;104;104;104;104;96;95;94;57;56;55;54;50;51;2;58;52;52;52;52;52;52;52;52;
?;?;?;?;?;?;?;?;?;?;?;?;?;?;96;95;94;57;176;35;61;53;140;14;105;126;120;162;135;104;104;104;104;96;95;94;57;56;55;54;50;51;2;58;52;52;52;3;9;34;
?;?;?;?;?;?;?;?;?;?;?;?;?;?;9;34;0;183;174;161;134;121;166;135;85;79;66;57;56;55;54;50;51;3;9;34;0;183;174;161;134;121;166;135;85;79;66;57;56;40;
?;?;?;?;?;?;?;?;?;?;?;?;?;?;85;79;66;57;56;55;54;50;51;2;58;52;52;52;52;52;52;52;3;9;34;0;183;174;161;134;121;166;135;104;104;104;104;104;104;104;
?;?;?;?;?;?;?;?;?;?;?;?;?;?;0;48;46;43;186;185;184;187;181;180;106;126;85;79;66;57;56;55;54;50;51;2;65;63;8;0;183;174;161;134;121;166;135;85;79;66;
?;?;?;?;?;?;?;?;?;?;?;?;?;?;55;65;63;8;0;183;174;161;134;85;157;152;146;139;131;138;85;79;66;93;92;91;132;124;122;106;126;120;162;135;85;79;66;57;56;55;
?;?;?;?;?;?;?;?;?;?;?;?;?;?;152;146;139;131;138;137;136;123;172;169;163;127;104;104;104;104;96;95;94;57;56;55;54;50;51;2;58;52;52;52;3;9;34;0;183;174;
?;?;?;?;?;?;?;?;?;?;?;?;?;?;2;58;65;63;1;87;41;76;78;77;194;193;192;67;65;63;8;0;183;174;161;134;121;166;135;104;104;104;104;104;104;104;104;104;104;104;
?;?;?;?;?;?;?;?;?;?;?;?;?;?;96;95;94;57;56;55;54;65;63;8;0;48;46;43;36;32;55;65;63;8;0;183;174;117;116;115;114;56;55;54;50;51;3;9;34;0;
?;?;?;?;?;?;?;?;?;?;?;?;?;?;135;104;96;95;94;57;56;55;54;50;51;2;58;65;63;8;0;48;157;152;146;139;131;138;137;136;123;172;169;85;79;66;57;56;55;54;
?;?;?;?;?;?;?;?;?;?;?;?;?;?;85;79;66;57;56;55;54;50;51;3;9;34;0;183;174;161;134;121;166;96;95;94;57;56;55;54;65;63;8;0;183;174;161;134;121;166;
?;?;?;?;?;?;?;?;?;?;?;?;?;?;13;107;117;116;115;114;56;40;175;1;87;41;76;78;77;194;193;192;65;63;8;0;183;174;161;134;121;166;135;85;79;66;57;56;55;54;
?;?;?;?;?;?;?;?;?;?;?;?;?;?;62;71;60;51;2;58;65;63;8;0;183;174;161;134;121;96;95;94;57;56;55;65;63;8;0;183;174;161;134;121;166;135;85;79;66;57;
?;?;?;?;?;?;?;?;?;?;?;?;?;?;13;107;119;134;121;166;135;104;104;104;104;96;95;94;57;56;55;54;50;51;2;58;52;52;52;52;52;52;52;52;52;52;52;52;52;52;
?;?;?;?;?;?;?;?;?;?;?;?;?;?;174;117;116;115;114;56;40;175;145;144;13;107;119;134;121;166;135;104;104;104;104;96;95;94;57;56;55;54;65;63;8;0;183;174;161;134;
?;?;?;?;?;?;?;?;?;?;?;?;?;?;176;35;61;53;140;14;117;116;115;114;56;55;54;50;51;2;65;63;8;0;183;174;161;99;98;94;57;176;35;61;53;140;14;105;99;98;
?;?;?;?;?;?;?;?;?;?;?;?;?;?;183;12;11;10;7;4;55;54;50;3;9;34;0;48;46;43;36;32;159;154;149;171;165;107;119;134;121;166;135;85;79;66;57;56;55;65;
?;?;?;?;?;?;?;?;?;?;?;?;?;?;48;46;43;36;32;55;65;63;8;0;183;174;161;134;121;166;135;104;104;104;104;104;104;104;104;104;96;95;94;57;56;55;54;50;51;2;
?;?;?;?;?;?;?;?;?;?;?;?;?;?;54;50;51;3;9;34;0;183;174;161;99;98;94;57;56;55;54;50;51;2;65;63;8;0;183;174;161;134;121;166;135;104;104;104;104;104;
?;?;?;?;?;?;?;?;?;?;?;?;?;?;2;58;52;52;52;52;52;52;3;9;34;0;183;174;161;134;121;166;135;104;104;104;96;95;94;57;176;35;61;53;85;79;66;57;56;55;
?;?;?;?;?;?;?;?;?;?;?;?;?;?;183;174;161;134;121;166;135;104;104;104;104;104;96;95;94;57;56;55;54;50;51;2;58;52;52;3;9;34;0;183;174;161;99;98;94;57;
?;?;?;?;?;?;?;?;?;?;?;?;?;?;129;177;168;167;96;95;94;57;56;55;54;50;51;2;58;52;52;52;52;52;52;52;3;9;34;0;183;174;161;134;121;166;135;104;104;104;
?;?;?;?;?;?;?;?;?;?;?;?;?;?;57;56;55;54;50;51;2;58;52;52;3;9;34;0;183;174;117;116;115;93;92;91;132;124;122;117;116;115;114;56;40;175;145;144;13;107;
?;?;?;?;?;?;?;?;?;?;?;?;?;?;183;174;161;134;121;166;135;104;104;104;96;95;94;57;56;55;65;63;8;0;183;174;161;99;98;94;57;56;55;54;50;51;2;58;52;52;
?;?;?;?;?;?;?;?;?;?;?;?;?;?;56;55;65;63;8;0;183;174;161;134;121;166;135;104;104;96;95;94;57;56;55;54;50;3;9;34;47;45;42;37;64;62;71;60;51;2;
?;?;?;?;?;?;?;?;?;?;?;?;?;?;13;12;11;10;7;4;40;175;145;144;13;12;11;10;7;4;55;54;50;51;2;58;52;52;52;3;9;34;0;183;174;161;134;121;166;135;
?;?;?;?;?;?;?;?;?;?;?;?;?;?;161;134;121;166;135;104;104;104;96;95;94;57;56;55;54;50;51;2;58;52;52;52;52;52;3;9;34;0;183;174;161;134;121;166;96;95;
?;?;?;?;?;?;?;?;?;?;?;?;?;?;92;91;132;124;122;117;116;115;114;56;55;54;65;63;8;0;183;174;161;99;98;94;57;56;40;175;145;144;13;107;119;134;121;166;135;85;
?;?;?;?;?;?;?;?;?;?;?;?;?;?;13;107;119;134;85;79;66;57;56;55;54;50;51;2;58;65;63;8;0;183;174;117;116;115;114;56;55;65;63;8;0;183;174;117;116;115;
?;?;?;?;?;?;?;?;?;?;?;?;?;?;183;174;161;134;121;166;135;104;104;104;104;104;96;95;94;57;56;40;175;145;144;85;79;66;57;56;55;54;50;51;3;9;34;0;183;174;
?;?;?;?;?;?;?;?;?;?;?;?;?;?;2;58;52;52;52;52;3;9;34;0;183;12;11;10;7;191;190;189;188;140;14;105;126;120;162;135;104;104;104;104;104;104;104;104;96;95;
?;?;?;?;?;?;?;?;?;?;?;?;?;?;45;42;37;64;62;71;60;51;2;65;63;8;0;183;174;161;134;121;96;95;94;57;56;55;54;50;3;9;34;0;183;174;161;134;121;166;
?;?;?;?;?;?;?;?;?;?;?;?;?;?;95;94;110;109;15;97;118;122;106;126;85;79;66;57;56;55;54;50;51;2;65;49;44;5;39;38;80;73;72;69;68;67;2;58;52;52;
?;?;?;?;?;?;?;?;?;?;?;?;?;?;106;85;79;66;57;56;55;54;65;63;8;0;48;46;43;36;32;55;54;50;3;9;34;0;183;174;161;134;121;166;135;104;104;104;104;104;
?;?;?;?;?;?;?;?;?;?;?;?;?;?;95;94;57;56;55;54;50;51;3;9;34;0;183;174;161;134;121;96;95;94;57;56;55;54;50;51;2;65;63;8;0;183;174;161;134;121;
?;?;?;?;?;?;?;?;?;?;?;?;?;?;56;55;54;50;51;2;65;63;8;0;183;174;161;134;85;79;66;57;56;55;54;65;63;8;0;183;174;161;134;121;166;96;95;94;57;56;
?;?;?;?;?;?;?;?;?;?;?;?;?;?;104;104;104;104;96;95;94;57;56;55;54;50;51;2;58;52;52;52;52;52;52;52;52;52;52;52;52;3;9;34;0;183;174;161;134;121;
?;?;?;?;?;?;?;?;?;?;?;?;?;?;13;107;119;134;121;166;135;104;104;104;104;104;96;95;94;57;56;55;54;50;51;2;58;52;52;52;52;52;52;3;9;34;0;183;174;117;
?;?;?;?;?;?;?;?;?;?;?;?;?;?;105;99;98;94;57;56;55;54;50;51;3;9;34;47;45;42;37;64;62;71;60;65;63;8;0;183;174;161;134;121;96;95;94;110;109;15;
?;?;?;?;?;?;?;?;?;?;?;?;?;?;0;183;12;11;10;7;4;55;54;50;51;3;9;34;0;183;174;161;134;121;166;135;85;79;66;57;56;55;54;50;51;3;9;34;47;45;
?;?;?;?;?;?;?;?;?;?;?;?;?;?;183;174;161;99;98;156;151;147;182;178;130;129;177;168;167;163;127;104;96;95;94;57;56;55;54;65;63;8;0;183;174;161;99;98;94;57;
?;?;?;?;?;?;?;?;?;?;?;?;?;?;4;40;175;145;144;13;12;11;10;7;4;55;65;63;8;0;183;174;161;134;121;166;135;104;104;96;95;94;57;56;55;54;50;51;3;9;
?;?;?;?;?;?;?;?;?;?;?;?;?;?;191;190;189;188;140;14;105;126;85;79;66;57;56;55;54;50;51;3;9;34;0;183;174;117;116;115;114;56;55;54;50;51;2;65;63;8;
?;?;?;?;?;?;?;?;?;?;?;?;?;?;57;56;55;54;50;51;2;58;52;52;52;52;52;3;9;34;0;183;174;161;134;121;166;135;85;79;66;57;56;55;54;50;51;3;9;34;
?;?;?;?;?;?;?;?;?;?;?;?;?;?;4;40;175;145;144;13;107;119;134;121;166;135;104;104;104;96;95;94;57;56;55;54;50;51;3;9;34;0;183;174;161;99;98;94;57;56;
?;?;?;?;?;?;?;?;?;?;?;?;?;?;92;91;132;124;122;106;85;79;66;57;56;55;54;50;51;2;65;63;8;0;183;174;161;134;121;166;135;104;104;104;96;95;94;57;56;55;
?;?;?;?;?;?;?;?;?;?;?;?;?;?;114;56;40;175;145;144;85;79;66;57;56;55;54;50;51;2;58;52;52;52;52;52;52;52;52;52;52;3;9;34;0;183;174;161;134;121;
?;?;?;?;?;?;?;?;?;?;?;?;?;?;13;12;11;10;7;4;40;175;145;144;13;107;119;134;121;166;135;104;104;104;104;104;96;95;94;110;109;15;97;101;88;81;69;68;67;2;
?;?;?;?;?;?;?;?;?;?;?;?;?;?;14;105;126;85;79;66;57;176;35;61;53;140;14;117;116;115;114;56;55;54;50;51;2;58;65;63;8;0;183;174;161;134;121;166;96;95;
?;?;?;?;?;?;?;?;?;?;?;?;?;?;52;52;52;52;52;52;52;52;52;52;52;52;52;52;52;52;52;52;52;52;52;52;52;52;52;52;52;52;52;52;52;52;52;52;52;52;
?;?;?;?;?;?;?;?;?;?;?;?;?;?;191;190;189;188;140;14;105;126;85;79;66;57;56;55;54;65;63;8;0;183;174;161;134;121;166;96;95;94;57;56;55;54;50;51;2;58;
?;?;?;?;?;?;?;?;?;?;?;?;?;?;104;96;95;94;57;56;55;54;50;51;2;58;52;52;52;52;52;3;9;34;0;183;174;161;99;98;94;57;176;35;61;53;140;14;105;99;
?;?;?;?;?;?;?;?;?;?;?;?;?;?;13;107;119;134;121;166;135;104;104;96;95;94;57;56;55;65;63;8;0;183;174;117;116;115;114;56;55;54;50;3;9;34;0;183;12;11;
?;?;?;?;?;?;?;?;?;?;?;?;?;?;191;190;189;188;140;12;11;10;7;4;55;54;50;3;9;34;0;183;174;161;134;121;166;135;104;104;104;104;96;95;26;16;108;90;178;130;
?;?;?;?;?;?;?;?;?;?;?;?;?;?;3;9;34;0;183;174;161;134;121;166;135;104;104;104;104;104;104;104;104;104;104;104;104;104;96;95;94;57;56;55;54;65;63;8;0;183;
?;?;?;?;?;?;?;?;?;?;?;?;?;?;79;66;57;56;55;54;65;63;8;0;183;174;117;116;115;114;56;55;54;50;51;3;9;34;0;183;174;161;134;121;96;95;94;57;56;55;
?;?;?;?;?;?;?;?;?;?;?;?;?;?;0;183;174;161;134;121;166;135;104;104;96;95;94;57;176;35;61;53;140;14;117;116;115;114;56;55;54;50;51;2;65;63;8;0;183;174;
?;?;?;?;?;?;?;?;?;?;?;?;?;?;4;55;65;63;8;0;183;12;11;10;7;4;55;65;63;8;0;183;174;161;134;121;166;135;104;104;104;96;95;94;57;56;55;54;65;63;
?;?;?;?;?;?;?;?;?;?;?;?;?;?;2;58;52;52;52;52;52;52;52;52;52;52;52;52;3;9;34;0;183;174;161;134;121;166;135;85;79;66;57;56;55;54;50;51;2;58;
?;?;?;?;?;?;?;?;?;?;?;?;?;?;117;116;115;114;56;55;65;63;8;0;48;46;43;36;32;55;54;65;63;8;0;183;174;161;134;121;166;135;104;104;104;104;96;95;94;57;
?;?;?;?;?;?;?;?;?;?;?;?;?;?;58;52;3;9;34;0;183;174;161;134;121;166;135;104;104;104;104;104;104;104;104;104;104;104;104;96;95;94;57;56;55;54;50;51;2;65;
?;?;?;?;?;?;?;?;?;?;?;?;?;?;56;55;54;50;51;2;58;52;52;52;52;3;9;34;0;183;174;161;134;121;166;135;104;96;95;94;57;56;55;65;63;8;0;183;174;117;
?;?;?;?;?;?;?;?;?;?;?;?;?;?;139;131;138;137;136;123;85;79;66;57;56;55;54;65;63;8;0;48;46;43;36;32;55;54;50;51;2;58;52;52;52;52;52;52;52;52;
?;?;?;?;?;?;?;?;?;?;?;?;?;?;6;83;70;75;74;71;60;65;63;8;0;183;174;161;134;121;166;135;104;104;104;96;95;94;57;56;55;54;65;63;8;0;183;174;161;134;