?;?;?;?;?;?;?;?;?;?;4;4;4;4;4;4;4;4;4;4;4;4;4;4;2;11;10;9;3;17;23;22;18;24;24;24;24;24;24;24;24;24;24;24;24;24;24;0;7;6;
?;?;?;?;?;?;?;?;?;?;15;14;13;8;2;11;10;9;3;17;0;7;6;1;4;4;2;11;10;9;3;15;14;13;8;5;4;2;11;10;9;3;15;14;13;8;5;4;4;4;
?;?;?;?;?;?;?;?;?;?;6;1;4;4;2;11;10;9;3;17;23;22;18;24;24;24;24;24;24;24;0;7;6;1;4;4;4;4;2;11;10;9;3;17;0;7;6;1;2;11;
?;?;?;?;?;?;?;?;?;?;2;11;10;9;3;17;23;22;0;7;6;1;4;4;4;4;4;4;4;2;11;10;9;3;17;23;22;18;24;24;24;24;24;24;24;0;7;6;2;11;
?;?;?;?;?;?;?;?;?;?;4;2;11;10;9;3;17;23;22;18;24;24;24;0;7;6;1;4;4;4;4;4;4;4;4;4;4;4;4;4;2;11;10;9;3;17;23;22;18;24;
?;?;?;?;?;?;?;?;?;?;11;10;9;3;15;14;13;8;5;4;4;2;11;10;9;3;17;23;22;18;24;24;24;24;24;24;24;24;24;24;24;0;7;6;1;4;4;4;4;2;
?;?;?;?;?;?;?;?;?;?;17;23;22;18;24;0;7;6;1;4;4;4;4;2;11;10;9;3;17;23;22;18;24;0;7;6;1;4;4;4;4;4;4;4;4;4;4;4;4;4;
?;?;?;?;?;?;?;?;?;?;23;0;7;6;1;4;4;4;4;4;4;4;4;4;4;4;2;11;10;9;3;17;23;22;18;24;24;24;24;24;24;24;0;7;6;1;4;4;4;4;
?;?;?;?;?;?;?;?;?;?;4;4;4;4;4;4;4;4;4;4;4;4;4;4;2;11;10;9;3;17;23;22;18;24;24;24;24;24;0;7;6;1;4;4;2;11;10;9;3;15;
?;?;?;?;?;?;?;?;?;?;2;11;10;9;3;15;14;13;8;5;2;11;10;9;3;15;14;13;8;5;4;2;11;10;9;0;7;6;1;4;4;2;11;10;9;3;17;23;0;7;
?;?;?;?;?;?;?;?;?;?;15;14;13;8;5;2;11;10;9;3;15;14;13;8;5;2;11;10;9;3;17;23;22;18;24;24;24;0;7;6;1;4;4;4;4;4;2;11;10;9;
?;?;?;?;?;?;?;?;?;?;17;0;7;6;1;2;11;10;9;3;15;14;13;8;5;4;4;4;4;4;4;4;4;4;4;4;4;4;2;11;10;9;3;17;23;22;18;24;24;24;
?;?;?;?;?;?;?;?;?;?;15;14;13;8;2;11;10;9;3;17;0;7;6;1;4;4;2;11;10;9;3;17;23;0;7;6;1;4;4;4;4;4;4;4;4;2;11;10;9;3;
?;?;?;?;?;?;?;?;?;?;24;24;24;24;24;24;24;0;7;6;1;4;4;4;4;4;4;4;4;4;2;11;10;9;3;17;23;22;18;24;24;24;24;0;7;6;1;4;4;4;
?;?;?;?;?;?;?;?;?;?;15;14;13;8;5;2;11;10;9;3;15;14;13;8;5;2;11;10;9;0;7;6;1;4;4;2;11;10;9;3;17;23;0;7;6;1;4;4;4;4;
?;?;?;?;?;?;?;?;?;?;17;23;22;18;24;24;0;7;6;1;4;4;4;4;2;11;10;9;3;15;14;13;8;5;4;4;4;4;4;4;4;4;4;2;11;10;9;3;17;23;
?;?;?;?;?;?;?;?;?;?;2;11;10;9;3;17;23;0;7;6;1;4;4;4;4;4;4;2;11;10;9;3;17;23;22;18;24;24;0;7;6;1;4;4;4;4;4;4;4;4;
?;?;?;?;?;?;?;?;?;?;23;0;7;6;1;4;4;4;4;2;11;10;9;3;17;0;7;6;1;4;4;4;4;2;11;10;9;3;17;23;22;0;7;6;1;4;4;4;2;11;
?;?;?;?;?;?;?;?;?;?;23;0;7;6;2;11;10;9;0;7;6;1;4;4;4;4;4;4;4;4;4;4;4;4;4;4;4;4;2;11;10;9;3;17;23;22;18;24;24;24;
?;?;?;?;?;?;?;?;?;?;2;11;10;9;3;15;14;13;8;5;2;11;10;9;3;17;23;0;7;6;1;4;4;4;4;4;4;4;2;11;10;9;3;17;23;0;7;6;1;4;
?;?;?;?;?;?;?;?;?;?;7;6;1;4;4;2;11;10;9;3;17;23;22;18;24;24;24;24;24;24;24;24;24;24;24;24;24;24;24;0;7;6;1;4;4;4;4;4;4;4;
?;?;?;?;?;?;?;?;?;?;15;14;13;8;5;2;11;10;9;3;17;0;7;6;1;4;4;4;2;11;10;9;3;17;23;22;18;24;24;24;0;7;6;1;4;4;2;11;10;9;
?;?;?;?;?;?;?;?;?;?;17;23;22;18;24;24;24;24;24;0;7;6;1;4;4;4;4;4;4;4;4;4;4;4;4;4;4;2;11;10;9;3;17;23;22;18;24;24;24;24;
?;?;?;?;?;?;?;?;?;?;17;0;2;11;10;9;3;17;23;22;18;16;7;6;1;4;4;4;4;4;4;4;4;4;4;2;11;10;0;7;6;1;4;4;4;4;4;4;2;11;
?;?;?;?;?;?;?;?;?;?;11;10;9;3;17;23;0;7;6;1;4;4;4;4;2;11;10;9;0;7;6;1;4;4;4;4;4;4;4;4;4;4;2;11;10;9;3;17;23;22;
?;?;?;?;?;?;?;?;?;?;7;6;1;4;2;11;10;9;3;17;23;22;18;24;24;24;24;24;24;24;24;0;7;6;1;4;4;4;4;4;4;4;4;4;4;4;4;4;4;4;
?;?;?;?;?;?;?;?;?;?;11;10;9;3;17;23;0;7;6;1;4;2;11;10;0;7;6;1;4;4;4;4;4;4;4;4;4;4;4;4;2;11;10;9;3;15;14;13;8;5;
?;?;?;?;?;?;?;?;?;?;2;11;10;9;0;7;6;1;4;2;11;10;9;3;17;23;22;18;24;24;24;24;24;24;0;7;6;1;4;4;4;4;2;11;10;9;3;15;14;13;
?;?;?;?;?;?;?;?;?;?;7;6;1;4;4;4;2;11;10;9;3;15;14;13;2;11;10;9;3;17;23;22;18;16;7;6;1;4;4;4;4;4;4;4;4;4;4;4;4;4;
?;?;?;?;?;?;?;?;?;?;15;14;13;8;5;4;4;2;0;7;6;1;4;4;4;4;2;11;10;9;3;17;23;22;18;24;24;24;24;24;24;24;24;0;7;6;1;4;4;4;
?;?;?;?;?;?;?;?;?;?;4;4;4;4;4;4;4;4;4;4;4;4;4;2;11;10;9;3;17;23;22;18;24;24;24;24;24;24;0;7;6;1;4;4;2;11;10;9;3;17;
?;?;?;?;?;?;?;?;?;?;2;11;10;9;3;15;14;13;8;5;4;2;11;10;9;3;17;23;22;18;24;24;24;24;0;7;6;1;4;4;4;2;11;10;9;3;17;23;22;18;
?;?;?;?;?;?;?;?;?;?;29;28;27;26;25;21;20;19;18;24;24;24;0;7;6;1;4;4;4;4;4;4;4;4;4;4;4;4;4;4;4;4;4;4;4;4;4;4;4;4;
?;?;?;?;?;?;?;?;?;?;23;22;0;7;6;1;4;4;4;4;2;11;10;9;3;17;23;22;18;16;7;6;1;4;4;4;4;4;4;4;4;4;4;4;4;4;4;4;4;4;
?;?;?;?;?;?;?;?;?;?;0;7;6;1;2;11;10;9;3;17;23;22;18;24;24;24;24;24;24;0;7;6;1;4;4;4;4;4;4;4;4;2;11;10;9;3;17;23;22;18;
?;?;?;?;?;?;?;?;?;?;17;23;22;0;7;6;1;4;4;4;4;4;4;4;2;11;10;9;3;17;23;22;18;24;0;7;6;1;4;4;4;4;4;2;11;10;9;3;17;23;
?;?;?;?;?;?;?;?;?;?;17;23;0;7;6;1;4;4;4;4;4;4;4;2;11;10;9;3;17;23;22;18;24;24;24;24;24;24;24;24;24;0;7;6;1;4;4;4;4;2;
?;?;?;?;?;?;?;?;?;?;2;11;10;9;3;17;23;22;18;24;24;24;24;24;24;0;7;6;1;4;4;4;4;4;4;4;4;4;4;4;4;2;11;10;9;3;17;23;22;18;
?;?;?;?;?;?;?;?;?;?;23;0;7;6;1;4;4;4;4;2;11;10;9;3;17;23;0;7;6;1;4;4;4;4;4;2;11;10;9;3;17;0;7;6;1;4;4;4;4;4;
?;?;?;?;?;?;?;?;?;?;11;10;9;3;17;23;0;7;6;1;4;4;2;11;10;9;3;17;23;22;18;24;0;7;6;1;4;4;4;4;4;4;2;11;10;9;3;15;14;13;
?;?;?;?;?;?;?;?;?;?;4;2;11;10;9;0;7;6;1;4;2;11;10;9;3;17;0;7;6;1;4;4;2;11;10;9;3;17;23;22;18;24;24;24;24;0;7;6;1;4;
?;?;?;?;?;?;?;?;?;?;10;9;3;17;0;7;6;1;4;4;4;4;4;4;4;4;4;4;4;4;4;2;11;10;9;3;17;23;22;18;24;24;24;0;7;6;2;11;10;9;
?;?;?;?;?;?;?;?;?;?;2;11;10;9;3;17;23;22;18;24;24;24;0;7;6;1;4;4;4;4;4;4;4;2;11;10;0;7;6;1;4;2;11;10;9;3;15;14;13;8;
?;?;?;?;?;?;?;?;?;?;14;13;8;5;2;11;10;9;3;17;23;22;18;24;24;24;24;24;0;7;6;1;4;4;4;4;4;2;11;10;9;3;17;23;22;18;16;7;6;1;
?;?;?;?;?;?;?;?;?;?;17;0;7;6;1;2;11;10;9;3;15;14;13;8;5;4;4;4;4;4;4;4;4;2;11;10;9;3;17;23;22;18;24;0;7;6;1;4;4;4;
?;?;?;?;?;?;?;?;?;?;15;14;13;8;5;2;11;10;9;3;15;14;13;8;5;4;2;11;10;0;7;6;1;4;4;2;11;10;9;3;17;23;0;7;6;1;2;11;10;9;
?;?;?;?;?;?;?;?;?;?;15;14;13;8;5;2;11;10;9;3;17;23;22;18;24;24;24;24;0;7;6;1;4;4;2;11;10;9;3;17;23;22;0;7;6;1;4;4;4;4;
?;?;?;?;?;?;?;?;?;?;0;7;6;1;2;11;10;9;3;17;23;22;0;7;6;1;4;4;4;4;4;4;4;4;4;4;4;4;4;4;4;4;4;2;11;10;9;3;17;23;
?;?;?;?;?;?;?;?;?;?;22;0;7;6;1;4;4;4;4;4;2;11;10;0;7;6;1;4;4;4;4;4;4;4;2;11;10;9;3;15;14;13;8;5;4;4;4;4;4;4;
?;?;?;?;?;?;?;?;?;?;2;11;10;9;3;17;23;22;18;24;0;7;6;1;4;4;4;4;4;4;4;2;11;10;9;3;17;23;22;18;24;24;24;24;24;24;0;7;6;1;
?;?;?;?;?;?;?;?;?;?;4;4;4;4;4;4;4;4;4;4;4;2;11;10;9;3;17;23;22;18;24;0;7;29;28;27;26;25;21;20;19;18;24;24;24;24;24;24;24;24;
?;?;?;?;?;?;?;?;?;?;10;9;3;17;23;22;18;16;7;6;1;4;4;4;4;4;4;4;4;4;4;4;4;4;4;4;4;4;4;2;11;10;9;3;17;23;22;18;24;24;
?;?;?;?;?;?;?;?;?;?;4;2;11;10;9;3;15;14;13;8;2;11;10;9;3;17;23;22;18;24;24;24;24;24;24;24;24;0;7;6;1;4;4;4;4;4;4;4;4;4;
?;?;?;?;?;?;?;?;?;?;7;6;1;4;4;4;2;11;10;9;0;7;29;28;27;26;25;21;20;19;18;24;0;7;6;1;4;4;4;4;2;11;10;9;3;17;23;22;18;16;
?;?;?;?;?;?;?;?;?;?;7;6;1;4;4;4;2;11;10;9;0;7;6;1;2;11;10;9;3;17;23;22;0;7;6;1;4;4;4;4;4;2;11;10;9;3;17;23;22;0;
?;?;?;?;?;?;?;?;?;?;0;7;6;1;4;2;11;10;9;0;7;6;1;4;2;11;10;9;3;15;14;13;8;5;4;4;4;4;4;4;4;4;4;4;2;11;10;9;3;17;
?;?;?;?;?;?;?;?;?;?;7;6;1;4;2;11;10;9;3;17;23;0;7;6;1;4;4;2;11;10;9;3;17;23;22;18;24;24;24;0;7;6;1;4;4;4;4;4;4;4;
?;?;?;?;?;?;?;?;?;?;2;11;10;9;3;15;14;13;8;5;2;11;10;9;3;17;0;7;6;1;2;11;10;9;3;15;14;13;8;5;4;4;4;4;4;4;4;4;4;4;
?;?;?;?;?;?;?;?;?;?;2;11;10;9;3;15;14;13;8;5;4;2;11;10;9;3;15;14;13;8;5;2;11;10;9;3;17;23;22;18;24;24;24;24;24;24;0;7;6;2;
?;?;?;?;?;?;?;?;?;?;7;6;1;4;2;11;10;9;3;17;0;7;6;1;4;2;11;10;9;3;17;23;22;18;24;0;7;29;28;27;0;7;6;1;4;4;4;4;4;2;
?;?;?;?;?;?;?;?;?;?;15;14;13;8;5;2;11;10;9;3;17;23;22;18;24;24;24;24;24;24;0;7;6;1;4;4;4;4;4;4;4;4;4;4;4;4;2;11;10;9;
?;?;?;?;?;?;?;?;?;?;2;11;10;9;3;15;14;13;8;5;4;2;11;10;9;3;17;23;22;18;16;7;6;1;4;4;4;4;4;2;11;10;9;3;17;0;7;6;1;4;
?;?;?;?;?;?;?;?;?;?;6;1;4;4;4;4;2;11;10;9;3;17;23;22;18;24;24;24;24;24;24;24;24;24;24;24;24;24;24;0;7;6;1;4;4;4;4;4;4;4;
?;?;?;?;?;?;?;?;?;?;0;7;6;1;4;4;4;4;4;4;4;4;4;4;4;4;2;11;10;9;3;17;23;22;18;24;24;24;24;24;24;24;0;7;6;1;4;4;4;4;
?;?;?;?;?;?;?;?;?;?;10;9;3;17;23;22;18;24;24;24;24;24;24;0;7;6;1;4;4;4;4;4;4;4;4;2;11;10;9;3;17;23;0;7;6;1;4;4;4;4;
?;?;?;?;?;?;?;?;?;?;9;3;17;23;22;18;16;7;6;1;4;4;2;11;10;9;3;17;23;22;0;7;6;1;4;4;4;4;4;4;4;4;4;4;4;4;4;4;4;4;
?;?;?;?;?;?;?;?;?;?;4;4;4;4;4;4;4;4;4;4;4;4;4;4;4;4;4;4;4;4;4;4;4;4;4;4;4;4;4;4;4;4;4;4;4;4;4;4;4;4;
?;?;?;?;?;?;?;?;?;?;2;11;10;9;3;17;0;7;6;1;2;11;10;9;3;17;23;22;0;7;6;1;4;4;4;4;4;4;4;4;4;4;4;4;2;11;10;9;3;17;
?;?;?;?;?;?;?;?;?;?;0;7;6;1;4;2;11;10;9;3;15;14;13;8;5;4;2;11;10;9;0;7;6;1;4;4;4;4;4;4;4;4;4;4;4;4;4;4;4;4;
?;?;?;?;?;?;?;?;?;?;15;14;13;8;5;2;11;10;9;3;17;23;0;7;6;1;4;4;4;4;4;4;4;4;4;4;4;4;4;4;4;4;4;4;4;4;4;4;2;11;
?;?;?;?;?;?;?;?;?;?;6;1;4;4;4;4;4;4;4;4;4;4;4;4;4;2;11;10;9;3;17;23;22;18;24;24;24;24;24;24;24;0;7;6;1;4;4;2;11;10;
?;?;?;?;?;?;?;?;?;?;24;24;24;24;0;7;6;1;4;4;4;4;4;4;2;11;10;9;3;17;0;7;6;1;4;2;11;10;9;3;17;23;22;18;24;24;24;24;24;24;
?;?;?;?;?;?;?;?;?;?;17;23;22;18;24;24;0;7;6;1;4;4;4;4;4;4;4;4;4;4;4;4;4;4;2;11;10;9;3;17;23;22;18;24;24;24;24;24;24;24;
?;?;?;?;?;?;?;?;?;?;0;7;6;1;4;2;11;10;9;3;15;14;13;8;5;4;2;11;10;9;0;7;6;1;2;11;10;9;3;17;23;0;7;6;1;4;2;11;10;9;
?;?;?;?;?;?;?;?;?;?;11;10;9;3;15;14;13;8;5;4;4;4;4;2;11;10;9;3;17;23;22;18;24;24;24;0;7;6;1;4;4;4;4;2;11;10;9;0;7;6;
?;?;?;?;?;?;?;?;?;?;6;1;4;4;4;2;11;10;9;3;17;23;22;18;24;24;0;7;6;1;4;4;2;11;10;9;3;17;23;22;0;7;6;1;4;4;4;4;4;4;
?;?;?;?;?;?;?;?;?;?;2;11;10;9;3;17;23;22;0;7;6;2;11;10;0;7;6;1;4;4;4;4;4;4;4;4;4;2;11;10;9;3;17;23;22;18;24;24;0;7;
?;?;?;?;?;?;?;?;?;?;6;1;4;4;4;4;4;4;4;4;2;11;10;9;3;17;0;7;6;1;4;2;11;10;9;3;17;23;22;18;24;24;24;24;24;24;24;24;24;24;
?;?;?;?;?;?;?;?;?;?;17;0;7;6;1;4;4;4;4;4;4;4;4;4;4;2;11;10;9;3;17;0;7;6;2;11;10;9;3;17;23;22;18;24;0;7;29;28;27;26;
?;?;?;?;?;?;?;?;?;?;4;4;2;11;10;9;0;7;6;1;4;4;4;4;2;11;10;9;3;17;23;22;0;7;6;1;4;4;4;2;11;10;9;3;17;23;22;0;7;6;
?;?;?;?;?;?;?;?;?;?;9;3;17;23;0;7;6;1;4;4;4;4;4;4;4;4;4;4;4;4;2;11;10;9;3;17;23;22;18;24;24;24;24;24;24;24;24;24;24;24;
?;?;?;?;?;?;?;?;?;?;6;1;4;4;2;11;10;9;3;17;23;22;0;7;6;1;4;2;11;10;0;7;6;1;4;4;4;4;2;11;10;9;3;17;23;22;0;7;6;1;
?;?;?;?;?;?;?;?;?;?;2;11;10;9;0;7;6;1;4;2;11;10;9;3;15;14;13;8;5;4;2;11;10;9;3;17;23;22;18;24;24;24;24;24;24;0;7;6;1;4;
?;?;?;?;?;?;?;?;?;?;4;4;2;11;10;9;3;17;23;0;7;6;2;11;10;9;3;17;23;22;18;16;7;6;1;4;4;4;4;4;4;4;4;4;4;2;11;10;9;3;
?;?;?;?;?;?;?;?;?;?;15;14;13;8;5;2;11;0;7;6;1;4;4;4;4;2;11;10;0;7;6;1;4;2;11;10;9;3;17;23;22;18;16;7;6;1;4;4;4;2;
?;?;?;?;?;?;?;?;?;?;24;24;0;7;6;1;4;4;4;4;2;11;10;9;3;17;23;22;0;7;6;1;4;4;4;4;4;4;2;11;10;9;3;17;23;0;7;6;1;4;
?;?;?;?;?;?;?;?;?;?;4;2;11;10;9;3;17;0;7;6;1;4;4;2;11;10;9;3;17;23;22;18;24;24;24;24;24;24;24;24;24;24;24;24;24;24;24;24;24;24;
?;?;?;?;?;?;?;?;?;?;11;10;9;3;17;0;7;6;2;11;10;9;3;17;23;22;18;16;7;6;1;4;4;2;11;10;9;3;17;0;7;6;1;4;4;4;4;4;4;4;
?;?;?;?;?;?;?;?;?;?;2;11;10;9;3;15;14;13;8;5;4;4;4;4;4;4;2;11;10;9;3;17;23;22;18;16;7;6;1;4;4;4;4;2;11;10;9;3;15;14;
?;?;?;?;?;?;?;?;?;?;2;11;10;9;3;17;23;22;18;24;24;0;7;6;1;4;4;4;4;4;4;4;2;11;10;9;0;7;6;1;4;4;4;4;4;4;2;11;10;9;
?;?;?;?;?;?;?;?;?;?;10;9;3;17;23;22;0;7;6;1;4;4;4;4;4;4;4;4;4;4;4;4;4;4;4;4;4;4;4;2;11;10;9;3;17;23;22;0;7;29;
?;?;?;?;?;?;?;?;?;?;7;6;1;4;4;4;4;4;4;4;4;4;4;4;4;4;4;4;4;4;4;4;4;2;11;10;9;3;17;23;22;18;24;24;24;24;24;24;24;24;
?;?;?;?;?;?;?;?;?;?;4;4;4;4;4;4;4;4;4;4;4;4;4;4;4;4;4;4;2;11;10;9;3;17;23;22;18;16;7;6;1;4;4;4;2;11;10;9;3;17;
?;?;?;?;?;?;?;?;?;?;4;4;4;4;2;11;10;9;3;17;23;22;18;24;0;7;6;1;4;4;4;4;2;11;10;0;7;6;1;4;4;4;4;2;11;10;9;3;17;23;
?;?;?;?;?;?;?;?;?;?;7;6;1;4;4;2;11;10;9;3;17;23;22;18;24;24;24;24;24;24;24;0;7;6;1;4;4;4;4;4;4;4;4;4;4;4;4;4;2;11;
?;?;?;?;?;?;?;?;?;?;4;4;2;11;10;9;3;17;23;0;7;6;1;4;4;4;4;4;4;4;4;4;4;4;4;4;2;11;10;9;3;17;23;22;18;24;24;24;24;24;
?;?;?;?;?;?;?;?;?;?;14;13;8;5;4;4;2;11;10;9;3;15;14;13;8;5;2;11;10;9;3;17;23;22;0;7;6;1;4;4;2;11;10;9;3;17;0;7;6;1;
?;?;?;?;?;?;?;?;?;?;24;24;24;24;0;7;6;1;4;4;4;4;4;4;4;4;4;4;4;4;4;4;4;4;4;4;4;4;4;4;4;4;2;11;10;9;3;17;23;22;
?;?;?;?;?;?;?;?;?;?;15;14;13;8;5;2;11;10;9;3;17;0;7;6;1;4;4;4;4;4;4;4;4;4;2;11;10;9;3;17;23;0;7;6;1;4;4;4;4;4;
?;?;?;?;?;?;?;?;?;?;4;4;4;4;4;4;4;2;11;10;9;3;17;0;7;6;1;4;4;4;4;2;11;10;9;3;17;23;22;18;24;24;24;24;24;24;24;24;24;24;
?;?;?;?;?;?;?;?;?;?;15;14;13;8;5;2;11;10;9;3;17;0;2;11;10;9;3;17;23;0;7;6;1;4;4;4;4;4;4;2;11;10;9;3;17;23;22;18;24;0;
?;?;?;?;?;?;?;?;?;?;11;10;9;3;17;0;7;6;1;4;4;2;11;10;0;7;6;1;4;4;4;4;4;2;11;10;9;3;17;23;22;0;7;6;2;11;10;9;3;17;
?;?;?;?;?;?;?;?;?;?;4;4;4;4;4;4;4;4;4;2;11;10;9;3;17;23;0;7;6;1;4;4;4;4;2;11;10;9;3;17;23;22;18;24;24;24;0;7;6;1;
?;?;?;?;?;?;?;?;?;?;11;10;9;3;17;23;22;0;7;29;28;27;26;25;21;0;7;6;1;4;4;4;4;4;4;4;4;4;4;4;4;4;2;11;10;9;3;17;23;22;
?;?;?;?;?;?;?;?;?;?;17;0;7;6;1;4;4;4;4;4;4;4;4;4;4;2;11;10;9;3;17;23;22;18;24;24;24;24;24;24;24;24;24;24;24;24;24;0;7;6;
?;?;?;?;?;?;?;?;?;?;11;10;9;3;17;23;0;7;6;1;4;4;4;2;11;10;9;3;17;23;22;18;24;24;24;24;24;24;24;24;0;7;6;1;4;4;4;4;4;4;
?;?;?;?;?;?;?;?;?;?;23;0;2;11;10;9;3;17;23;22;18;16;7;6;1;4;4;4;4;4;4;4;4;4;4;4;4;4;4;4;4;4;4;4;4;4;2;11;10;9;
?;?;?;?;?;?;?;?;?;?;11;10;9;3;17;23;0;7;6;1;4;4;4;4;4;4;4;4;4;4;2;11;10;9;3;17;0;7;6;1;4;4;4;4;4;4;2;11;10;9;
?;?;?;?;?;?;?;?;?;?;17;23;0;7;6;1;4;4;2;11;10;9;3;17;23;22;18;16;7;6;1;4;4;4;4;4;4;4;4;4;4;2;11;10;9;3;17;23;22;18;
?;?;?;?;?;?;?;?;?;?;4;4;4;4;4;4;4;4;2;11;10;9;3;17;23;22;18;16;7;6;1;4;4;4;4;4;4;2;11;10;9;0;7;6;1;2;11;10;9;3;
?;?;?;?;?;?;?;?;?;?;15;14;13;8;5;2;11;10;9;3;17;23;0;7;6;1;2;11;10;0;7;6;1;4;4;2;11;10;9;3;17;23;22;18;24;24;24;24;0;7;
?;?;?;?;?;?;?;?;?;?;2;11;10;0;7;6;1;4;4;2;11;10;9;3;17;23;22;18;16;7;29;28;27;26;25;15;14;13;8;5;4;4;4;4;4;4;4;2;11;10;
?;?;?;?;?;?;?;?;?;?;4;2;11;10;9;3;17;23;22;18;24;24;24;24;24;24;0;7;6;1;4;4;4;4;4;4;4;4;4;4;4;2;11;10;9;3;17;23;22;18;
?;?;?;?;?;?;?;?;?;?;15;14;13;8;5;4;4;4;4;4;4;4;2;11;10;9;3;17;23;22;18;24;24;0;7;6;1;4;4;4;4;4;4;4;4;4;4;4;4;4;
?;?;?;?;?;?;?;?;?;?;15;14;13;8;5;4;2;11;10;9;3;15;14;13;8;2;11;10;9;3;17;23;22;18;24;24;0;7;6;1;4;4;4;2;11;10;9;3;17;23;
?;?;?;?;?;?;?;?;?;?;4;2;0;7;6;1;4;4;4;4;2;11;10;9;3;17;23;0;7;6;1;4;4;4;4;4;4;2;11;10;9;3;17;23;22;18;24;0;7;6;
?;?;?;?;?;?;?;?;?;?;4;2;11;10;9;3;15;14;13;8;5;4;4;4;4;4;4;4;4;4;4;4;2;11;10;9;3;17;23;22;18;24;24;24;24;24;24;0;7;6;
?;?;?;?;?;?;?;?;?;?;17;23;22;18;24;24;24;0;7;6;1;4;4;4;4;2;11;10;9;3;17;23;22;0;7;6;1;4;4;4;4;4;4;4;4;2;11;10;9;3;
?;?;?;?;?;?;?;?;?;?;15;14;13;8;5;4;2;11;10;9;3;17;23;22;18;24;24;24;24;24;24;24;24;24;0;7;6;1;4;4;4;4;4;4;4;4;4;4;4;4;
?;?;?;?;?;?;?;?;?;?;4;4;4;2;11;10;9;3;17;23;22;18;24;24;24;24;24;24;24;24;24;24;24;24;24;24;24;0;7;6;1;4;4;4;4;4;4;4;4;4;
?;?;?;?;?;?;?;?;?;?;23;0;7;29;28;27;26;25;21;0;7;6;1;4;4;4;4;4;4;2;11;10;9;0;7;6;1;4;4;2;11;10;9;3;17;23;22;18;24;24;
?;?;?;?;?;?;?;?;?;?;14;13;8;5;2;11;10;9;3;17;23;22;0;7;6;2;11;10;9;3;17;23;0;7;6;1;4;4;4;4;4;4;4;4;4;4;4;4;4;4;
?;?;?;?;?;?;?;?;?;?;7;6;1;4;4;4;2;11;0;7;6;1;4;4;4;4;4;2;11;10;9;3;17;23;22;18;24;24;24;24;24;24;24;24;0;7;6;1;4;4;
?;?;?;?;?;?;?;?;?;?;11;10;9;3;15;14;13;8;5;4;4;4;4;4;4;4;4;2;11;10;9;3;17;23;22;18;16;7;6;1;4;4;2;11;0;7;6;1;4;4;
?;?;?;?;?;?;?;?;?;?;3;17;23;22;18;16;7;6;1;4;2;11;10;9;3;17;23;22;18;24;0;7;6;1;4;4;2;0;7;6;1;4;4;4;4;4;4;4;4;4;
?;?;?;?;?;?;?;?;?;?;4;4;4;2;11;10;9;3;17;23;22;18;24;24;24;24;24;24;24;24;24;24;24;24;0;7;6;1;4;4;4;4;4;2;11;10;9;3;17;23;
?;?;?;?;?;?;?;?;?;?;15;14;13;8;2;11;10;9;3;17;23;0;7;6;1;4;4;4;4;4;4;4;4;4;4;4;4;4;4;2;11;10;9;3;17;23;22;18;24;0;
?;?;?;?;?;?;?;?;?;?;4;2;11;10;0;7;6;1;4;4;2;11;10;9;0;7;6;1;4;4;4;2;11;10;9;3;17;23;22;18;16;7;6;1;4;4;4;4;4;4;
?;?;?;?;?;?;?;?;?;?;15;14;13;8;5;2;11;10;9;3;17;0;7;6;1;4;2;11;10;0;7;6;1;2;11;10;9;3;17;23;22;18;24;0;7;6;1;4;4;4;
?;?;?;?;?;?;?;?;?;?;23;22;18;24;24;0;7;6;1;4;4;4;4;2;11;10;9;3;17;23;0;7;6;1;4;4;4;4;2;11;10;9;3;17;0;7;6;1;4;4;
?;?;?;?;?;?;?;?;?;?;18;24;0;7;6;1;4;4;4;4;4;4;4;4;4;4;4;4;4;4;2;11;10;9;3;17;23;22;18;24;24;24;24;24;24;24;24;24;24;24;
?;?;?;?;?;?;?;?;?;?;11;10;9;3;17;23;22;0;7;6;1;2;11;10;9;3;15;14;13;8;5;4;4;4;4;4;2;11;10;9;3;17;23;22;0;7;6;1;2;11;
?;?;?;?;?;?;?;?;?;?;17;0;7;29;28;27;26;25;21;20;19;18;24;24;24;24;24;24;24;24;0;7;6;1;4;4;4;4;4;4;4;2;11;10;9;3;17;23;22;18;
?;?;?;?;?;?;?;?;?;?;3;17;0;7;29;28;27;26;25;21;20;19;18;24;24;0;7;6;1;4;2;11;10;9;3;15;14;13;8;5;4;4;4;4;4;2;11;10;9;0;
?;?;?;?;?;?;?;?;?;?;4;4;4;4;4;4;4;4;4;4;4;4;4;4;4;4;2;11;10;9;3;17;23;22;18;24;24;24;24;24;24;24;24;24;24;0;7;6;1;4;
?;?;?;?;?;?;?;?;?;?;14;13;8;5;4;4;4;2;11;10;9;3;15;14;13;8;5;4;4;4;4;4;4;4;2;11;10;9;3;17;23;22;18;24;24;24;24;24;24;24;
?;?;?;?;?;?;?;?;?;?;2;11;10;9;3;17;23;0;7;6;1;2;11;0;7;6;1;4;4;4;4;4;2;11;10;9;3;17;23;22;18;24;24;24;24;24;24;0;7;6;
?;?;?;?;?;?;?;?;?;?;11;10;9;3;15;14;13;8;5;2;11;10;9;3;15;14;13;8;5;4;4;4;4;2;11;10;9;3;17;23;22;18;16;7;6;1;4;4;2;11;
?;?;?;?;?;?;?;?;?;?;10;9;3;17;0;7;6;2;11;10;9;3;17;23;22;0;7;6;1;2;11;10;9;3;15;14;13;8;5;4;4;4;4;4;4;4;4;4;4;2;
?;?;?;?;?;?;?;?;?;?;15;14;13;8;5;2;11;10;9;3;17;23;22;18;24;24;24;0;7;6;1;4;4;4;4;2;11;10;9;3;17;0;7;6;1;4;4;4;4;4;
?;?;?;?;?;?;?;?;?;?;15;14;13;8;2;11;10;9;3;17;23;0;7;6;1;4;4;2;11;10;9;3;15;2;11;10;9;3;17;23;22;18;24;24;0;7;29;28;27;26;
?;?;?;?;?;?;?;?;?;?;0;7;6;1;4;2;11;10;9;3;15;14;13;8;5;4;4;4;4;4;4;4;4;4;4;2;11;10;9;3;17;23;0;7;6;1;4;4;4;4;
?;?;?;?;?;?;?;?;?;?;15;14;13;2;11;10;9;3;17;23;0;7;6;1;4;4;2;11;10;9;0;7;6;1;4;4;4;4;2;11;10;9;3;17;23;22;18;24;24;24;
?;?;?;?;?;?;?;?;?;?;17;23;22;18;24;24;24;0;7;6;1;4;4;4;4;2;11;10;9;3;17;23;0;7;6;1;4;4;2;11;10;9;3;17;23;22;18;24;24;24;
?;?;?;?;?;?;?;?;?;?;15;14;13;8;5;2;11;10;9;0;7;6;1;4;4;2;11;10;9;3;17;23;22;18;16;7;6;1;4;4;4;4;4;4;4;4;4;4;4;4;
?;?;?;?;?;?;?;?;?;?;7;6;1;4;4;2;11;10;9;3;15;14;13;8;5;2;11;10;9;3;17;23;22;18;24;24;24;24;24;24;0;7;6;1;4;4;2;11;10;9;
?;?;?;?;?;?;?;?;?;?;15;14;13;8;5;2;11;10;9;3;15;14;13;8;5;4;2;11;10;9;0;7;6;1;2;11;0;7;6;1;4;4;4;4;4;4;2;11;10;9;
?;?;?;?;?;?;?;?;?;?;10;9;3;17;23;22;18;24;24;0;7;6;1;4;4;2;11;10;9;3;17;23;22;0;7;29;28;27;26;25;21;20;19;18;24;24;0;7;6;1;
?;?;?;?;?;?;?;?;?;?;4;4;4;4;4;4;4;4;4;4;4;4;4;4;4;4;4;4;4;4;4;4;4;4;4;4;4;4;4;4;4;4;4;4;4;4;4;4;4;4;
?;?;?;?;?;?;?;?;?;?;4;4;2;11;10;9;3;17;23;22;18;24;24;24;24;24;0;7;6;1;4;4;4;4;4;4;4;2;11;10;9;3;17;0;7;6;1;4;4;4;
?;?;?;?;?;?;?;?;?;?;15;14;13;8;5;2;11;10;9;0;7;6;1;4;4;4;2;11;10;9;3;17;0;7;6;1;4;4;4;2;11;10;9;3;17;23;22;18;24;24;
?;?;?;?;?;?;?;?;?;?;23;22;18;16;7;6;1;4;4;4;4;4;4;4;4;4;4;4;2;11;0;7;6;1;4;4;4;4;4;2;11;10;9;3;17;23;22;18;16;7;
?;?;?;?;?;?;?;?;?;?;27;26;25;15;14;13;8;5;4;4;4;2;11;10;9;3;17;0;7;6;1;4;4;2;11;10;9;3;17;23;22;18;24;24;24;24;24;24;24;24;
?;?;?;?;?;?;?;?;?;?;11;10;9;3;17;23;0;7;6;1;4;4;4;4;4;4;4;4;4;2;11;10;9;3;17;23;0;7;6;1;4;4;4;4;4;4;4;4;4;4;
?;?;?;?;?;?;?;?;?;?;2;11;10;9;0;7;6;1;4;4;4;4;4;2;11;10;9;3;17;23;0;7;6;1;4;4;2;11;10;9;3;17;23;22;18;16;7;6;1;4;
?;?;?;?;?;?;?;?;?;?;6;1;4;4;2;11;10;9;3;17;23;22;18;24;24;24;24;24;24;24;24;24;24;0;7;6;1;4;4;4;4;4;4;2;11;10;9;3;17;23;
?;?;?;?;?;?;?;?;?;?;17;23;22;18;24;24;24;24;24;24;0;7;6;1;4;4;4;4;4;4;4;4;4;4;4;4;2;11;10;0;7;6;1;4;4;4;4;4;2;11;
?;?;?;?;?;?;?;?;?;?;2;11;10;9;3;17;23;22;18;24;24;24;24;24;24;0;7;6;1;4;4;4;4;4;4;4;4;4;4;4;4;4;2;11;10;9;0;7;6;1;
?;?;?;?;?;?;?;?;?;?;15;14;13;8;2;11;10;9;3;17;0;7;6;1;2;11;10;9;3;17;0;7;6;1;4;4;4;4;4;4;4;2;11;10;9;3;17;23;22;18;
?;?;?;?;?;?;?;?;?;?;4;4;4;4;4;4;4;4;4;4;4;4;4;4;4;4;4;2;11;10;9;3;17;23;22;0;7;6;1;2;11;10;9;3;17;23;22;18;24;24;
?;?;?;?;?;?;?;?;?;?;15;14;29;28;27;26;25;21;20;19;18;16;7;6;2;11;10;9;3;15;14;13;8;5;4;4;4;4;2;11;10;9;0;7;6;1;4;4;4;4;
?;?;?;?;?;?;?;?;?;?;2;11;10;9;3;15;14;13;8;5;2;11;10;9;3;17;23;22;18;24;24;24;24;0;7;6;1;4;4;4;4;4;2;11;10;9;3;17;23;22;
?;?;?;?;?;?;?;?;?;?;7;6;1;4;4;4;2;11;10;9;3;17;23;22;18;24;24;0;7;6;1;4;4;4;4;4;2;11;10;9;3;17;23;22;18;24;24;24;0;7;
?;?;?;?;?;?;?;?;?;?;24;24;24;24;24;0;7;6;2;11;10;9;3;17;23;22;18;16;7;6;1;4;4;4;4;4;4;4;4;4;4;4;4;4;4;2;11;10;9;3;
?;?;?;?;?;?;?;?;?;?;7;6;1;4;4;2;11;10;9;3;17;23;22;18;24;24;24;24;24;24;0;7;6;1;4;2;11;10;9;3;17;0;7;6;1;4;4;4;4;4;
?;?;?;?;?;?;?;?;?;?;14;13;8;5;4;2;11;10;9;3;15;14;13;8;5;4;4;4;4;4;2;11;10;9;3;17;23;22;18;24;24;0;7;6;1;4;4;2;11;10;
?;?;?;?;?;?;?;?;?;?;15;14;13;8;5;4;4;4;2;11;10;9;3;17;23;22;18;16;7;6;1;4;4;4;2;11;10;9;3;17;23;22;18;24;24;24;24;24;24;24;
?;?;?;?;?;?;?;?;?;?;7;6;1;4;2;11;10;9;3;17;23;22;0;7;29;28;27;26;0;7;6;1;4;4;4;4;4;2;11;10;9;3;17;23;22;18;24;24;24;24;
?;?;?;?;?;?;?;?;?;?;17;23;22;18;24;24;0;7;6;1;4;4;4;2;11;10;9;0;7;6;1;4;4;4;4;4;4;4;2;11;10;9;3;17;23;22;18;16;12;2;
?;?;?;?;?;?;?;?;?;?;4;2;11;0;7;6;1;4;4;4;2;11;10;9;3;17;23;0;7;6;1;2;11;10;0;7;6;1;4;2;11;10;9;3;17;23;22;18;24;24;
?;?;?;?;?;?;?;?;?;?;17;0;7;6;2;11;10;9;3;17;0;7;6;1;4;4;4;4;4;4;4;4;4;4;4;4;4;4;4;4;4;4;2;11;10;9;3;17;23;22;
?;?;?;?;?;?;?;?;?;?;1;4;4;4;2;11;10;9;3;17;23;22;18;24;24;24;24;24;24;24;24;24;0;7;6;1;4;4;4;4;4;4;4;2;11;10;9;3;15;14;
?;?;?;?;?;?;?;?;?;?;15;14;13;8;2;11;10;9;3;17;0;7;6;1;4;4;4;4;4;4;4;4;4;4;4;2;11;10;9;3;17;23;22;18;24;24;24;24;24;24;
?;?;?;?;?;?;?;?;?;?;4;2;11;10;0;7;6;2;11;10;9;3;17;23;22;18;24;24;24;24;24;24;24;24;24;24;24;24;24;24;24;24;24;24;24;0;7;6;1;4;
?;?;?;?;?;?;?;?;?;?;2;11;10;9;0;7;6;1;4;4;2;11;10;9;3;17;23;22;18;16;7;6;1;4;4;4;4;4;4;4;2;11;10;9;3;17;23;22;0;7;
?;?;?;?;?;?;?;?;?;?;7;6;1;4;4;2;11;10;9;3;15;14;13;8;5;2;11;10;9;3;17;0;7;6;1;4;4;4;4;4;4;4;4;4;4;4;4;4;4;4;
?;?;?;?;?;?;?;?;?;?;11;10;9;3;17;0;7;6;1;2;11;10;9;3;17;23;0;7;6;1;4;4;4;4;4;4;4;4;4;4;2;11;10;9;0;7;6;1;4;4;
?;?;?;?;?;?;?;?;?;?;15;14;13;8;5;2;11;10;9;0;7;6;1;4;4;2;11;10;9;3;17;0;7;6;1;2;11;10;9;3;17;23;22;18;24;24;0;7;6;1;
?;?;?;?;?;?;?;?;?;?;17;0;7;6;1;2;11;10;9;3;17;0;7;6;1;4;4;2;11;10;9;3;17;23;22;0;7;6;1;4;4;4;4;4;4;4;2;11;10;9;
?;?;?;?;?;?;?;?;?;?;4;2;11;10;9;3;17;23;0;7;6;1;4;4;4;2;11;10;9;3;17;0;7;6;1;4;4;4;2;11;10;9;3;17;23;22;0;7;6;1;
?;?;?;?;?;?;?;?;?;?;15;14;13;8;5;4;4;2;11;10;9;3;17;23;22;18;24;24;24;24;24;24;24;0;7;6;1;4;4;4;4;4;4;4;4;4;4;2;11;10;
?;?;?;?;?;?;?;?;?;?;17;23;0;2;11;10;9;3;17;23;0;7;6;1;4;4;2;11;10;0;7;6;1;4;4;4;4;4;4;4;2;11;10;9;3;17;23;22;18;24;
?;?;?;?;?;?;?;?;?;?;7;6;1;4;2;11;10;9;3;17;0;7;6;1;4;4;2;11;10;9;3;17;23;22;18;24;24;24;24;24;24;24;24;24;24;24;24;24;24;24;
?;?;?;?;?;?;?;?;?;?;15;14;13;8;5;4;2;11;10;9;3;17;23;22;18;24;0;7;29;28;27;26;25;21;20;19;18;16;7;6;1;4;4;4;4;4;4;4;2;11;
?;?;?;?;?;?;?;?;?;?;0;7;6;1;2;11;10;9;3;17;0;7;6;1;4;4;4;4;2;11;10;9;3;17;23;0;2;11;10;9;3;17;23;0;7;6;1;4;4;2;
?;?;?;?;?;?;?;?;?;?;23;0;7;6;1;2;11;10;9;3;15;14;13;8;5;4;4;4;4;4;4;4;4;4;4;4;4;4;4;4;4;2;11;10;9;3;17;23;22;18;
?;?;?;?;?;?;?;?;?;?;6;1;4;4;4;4;2;11;10;9;3;17;23;22;18;24;24;24;24;24;24;0;7;6;1;4;4;4;4;4;4;4;4;4;4;2;11;10;9;3;
?;?;?;?;?;?;?;?;?;?;2;11;10;9;3;15;14;13;8;5;2;11;10;9;3;17;23;22;18;24;24;24;0;7;6;1;4;4;4;4;4;4;2;11;10;9;3;17;23;22;
?;?;?;?;?;?;?;?;?;?;4;4;4;4;4;4;4;4;4;4;4;4;4;2;11;10;9;3;17;23;22;18;24;24;24;24;24;0;7;6;1;4;4;4;4;4;4;4;4;4;
?;?;?;?;?;?;?;?;?;?;4;4;4;4;2;11;10;9;3;17;23;22;0;7;6;1;4;4;2;11;10;9;3;17;23;22;18;24;24;24;0;7;6;1;4;4;4;4;2;11;
?;?;?;?;?;?;?;?;?;?;15;14;13;8;5;2;11;10;9;3;17;23;22;0;7;6;1;4;4;4;2;11;10;9;3;17;0;7;6;1;4;4;4;2;11;10;9;3;17;23;
?;?;?;?;?;?;?;?;?;?;4;2;11;10;9;3;17;23;22;18;24;24;24;24;24;0;7;6;1;4;4;4;2;11;10;9;3;17;23;22;18;24;24;24;0;7;6;1;4;4;
?;?;?;?;?;?;?;?;?;?;4;4;4;4;4;4;4;4;4;4;4;2;11;10;9;3;17;23;22;18;24;24;24;24;24;24;24;24;24;24;24;24;24;24;24;24;24;24;24;24;
?;?;?;?;?;?;?;?;?;?;11;10;0;7;6;1;4;4;4;2;11;10;9;3;17;23;22;18;16;7;6;1;4;4;4;4;4;2;11;10;9;3;17;23;22;0;7;6;2;11;
?;?;?;?;?;?;?;?;?;?;2;11;10;9;3;17;0;7;6;1;2;11;10;9;3;17;23;22;18;24;24;24;0;7;6;1;4;4;4;4;2;11;10;9;3;17;23;0;7;6;
?;?;?;?;?;?;?;?;?;?;4;4;4;4;4;4;4;4;4;4;2;11;10;9;0;7;6;1;4;4;2;11;10;9;3;17;23;22;18;24;24;24;24;24;24;24;24;24;24;24;
?;?;?;?;?;?;?;?;?;?;2;11;10;9;3;17;0;7;6;1;2;11;10;0;7;6;1;4;4;2;11;10;9;3;17;23;22;18;16;7;6;1;4;4;4;4;4;2;11;10;
?;?;?;?;?;?;?;?;?;?;3;17;23;22;18;24;24;24;24;24;0;7;6;1;2;11;10;9;3;17;23;22;18;24;0;7;6;1;4;4;4;4;4;4;4;4;2;11;10;9;
?;?;?;?;?;?;?;?;?;?;6;1;4;4;2;11;10;9;3;17;0;7;6;1;4;4;4;4;4;4;4;4;4;4;2;11;10;9;3;17;23;22;18;24;24;24;24;0;7;6;
?;?;?;?;?;?;?;?;?;?;1;4;4;4;2;11;10;0;7;6;1;4;4;4;4;2;11;10;9;3;17;23;22;18;24;24;24;24;24;24;0;7;6;1;4;4;4;4;4;4;