?;?;?;?;?;?;?;?;?;?;?;2;2;2;2;2;2;2;51;49;47;44;43;27;10;9;8;26;25;13;23;52;53;2;2;2;2;2;51;49;47;44;43;27;10;9;8;26;25;13;
?;?;?;?;?;?;?;?;?;?;?;26;25;13;41;38;34;0;29;27;10;9;26;25;13;23;52;53;2;2;2;2;2;2;2;2;2;2;51;49;1;59;57;55;54;53;2;2;2;2;
?;?;?;?;?;?;?;?;?;?;?;26;25;13;23;18;19;1;59;57;55;54;53;2;2;51;49;47;44;43;42;39;37;33;32;12;11;10;9;8;26;25;13;23;52;53;2;51;49;47;
?;?;?;?;?;?;?;?;?;?;?;13;23;52;50;17;35;30;29;27;26;25;13;23;52;53;2;2;51;49;47;44;43;27;10;9;8;26;25;13;23;52;53;2;2;2;2;2;2;2;
?;?;?;?;?;?;?;?;?;?;?;15;6;21;4;26;25;13;23;52;53;3;48;46;62;60;58;56;52;53;3;48;46;45;43;27;26;25;13;23;52;53;2;2;2;2;2;2;2;2;
?;?;?;?;?;?;?;?;?;?;?;25;13;23;52;53;2;2;2;2;2;2;2;51;49;47;44;43;27;10;26;25;13;23;52;53;2;2;2;2;2;2;2;2;2;51;49;47;44;43;
?;?;?;?;?;?;?;?;?;?;?;2;51;49;47;62;60;58;41;38;34;0;29;27;10;9;8;26;25;13;23;52;53;2;2;2;2;2;2;51;49;47;44;43;27;10;9;8;26;25;
?;?;?;?;?;?;?;?;?;?;?;26;25;13;23;52;53;3;48;46;45;43;27;10;26;25;13;23;52;53;2;2;2;2;2;2;2;2;2;2;2;2;2;2;2;2;2;2;2;2;
?;?;?;?;?;?;?;?;?;?;?;2;2;2;2;2;2;2;2;2;2;2;2;2;2;2;2;2;2;2;2;2;2;2;2;2;2;2;2;2;2;2;2;2;2;2;2;2;2;2;
?;?;?;?;?;?;?;?;?;?;?;25;13;23;52;50;17;35;30;29;26;25;13;23;52;53;3;48;46;45;43;42;25;13;23;18;19;15;6;21;4;26;25;13;23;52;53;3;48;46;
?;?;?;?;?;?;?;?;?;?;?;13;23;52;53;2;51;49;47;62;60;58;56;52;50;17;35;30;29;27;10;9;8;7;22;5;20;20;20;20;20;20;20;26;25;13;23;52;53;2;
?;?;?;?;?;?;?;?;?;?;?;25;13;23;18;19;15;6;21;26;25;13;23;52;50;17;1;59;57;55;54;53;2;2;2;51;49;47;44;43;27;10;26;25;13;23;52;50;17;35;
?;?;?;?;?;?;?;?;?;?;?;26;25;13;23;52;53;2;2;2;2;2;2;2;2;2;2;2;2;2;2;2;51;49;47;44;43;27;10;9;8;7;22;5;26;25;13;23;52;53;
?;?;?;?;?;?;?;?;?;?;?;25;13;23;52;53;3;48;46;45;43;27;10;9;8;7;22;5;20;20;26;25;13;23;52;53;2;2;2;2;2;2;2;2;51;49;47;44;43;27;
?;?;?;?;?;?;?;?;?;?;?;13;23;52;53;3;48;46;45;43;27;10;26;25;13;23;18;19;15;6;21;4;10;9;8;7;22;5;20;20;26;25;13;23;52;50;17;35;30;29;
?;?;?;?;?;?;?;?;?;?;?;2;2;2;51;49;47;44;43;27;26;25;13;23;52;53;2;2;2;51;49;47;44;43;27;10;9;26;25;13;23;52;50;17;35;30;29;27;10;9;
?;?;?;?;?;?;?;?;?;?;?;23;52;53;2;2;2;2;2;2;2;51;49;47;44;43;27;10;9;8;26;25;13;23;52;53;2;2;51;49;47;44;43;27;10;9;8;7;22;5;
?;?;?;?;?;?;?;?;?;?;?;13;23;52;53;3;48;46;45;43;27;26;25;13;23;52;50;17;35;30;29;27;10;9;8;7;22;5;20;26;25;13;23;52;53;2;2;2;2;51;
?;?;?;?;?;?;?;?;?;?;?;13;23;52;53;2;2;51;49;47;44;43;27;10;9;8;7;22;5;20;20;26;25;13;23;52;53;2;2;2;2;2;51;49;47;44;43;27;10;9;
?;?;?;?;?;?;?;?;?;?;?;17;35;30;26;25;13;23;52;53;2;2;2;2;2;2;2;2;51;49;47;44;43;27;10;9;8;7;22;5;20;20;20;20;20;20;20;20;26;25;
?;?;?;?;?;?;?;?;?;?;?;3;48;1;59;57;55;54;53;2;2;2;51;49;47;62;60;58;41;38;34;0;29;27;10;26;25;13;23;52;53;3;48;46;45;43;27;10;26;25;
?;?;?;?;?;?;?;?;?;?;?;2;2;2;2;2;51;49;47;44;43;27;10;9;8;7;22;5;20;20;20;26;25;13;23;52;53;2;51;49;47;44;43;27;10;9;8;26;25;13;
?;?;?;?;?;?;?;?;?;?;?;10;9;8;7;22;5;20;20;20;20;26;25;13;23;52;53;2;2;2;2;2;2;2;51;49;47;44;43;27;10;9;8;7;22;5;20;20;20;20;
?;?;?;?;?;?;?;?;?;?;?;51;49;47;44;43;27;10;9;8;7;22;5;20;20;20;20;20;20;26;25;13;23;52;53;2;2;2;2;2;2;2;2;2;2;2;2;2;2;2;
?;?;?;?;?;?;?;?;?;?;?;25;13;23;52;53;2;2;2;2;2;2;2;2;2;2;51;49;47;44;43;27;10;9;8;7;22;5;20;20;20;20;20;20;20;20;20;20;20;26;
?;?;?;?;?;?;?;?;?;?;?;45;43;27;10;26;25;13;23;52;53;2;2;2;51;49;47;44;43;27;10;9;8;7;22;5;20;20;20;20;20;26;25;13;23;52;50;17;35;30;
?;?;?;?;?;?;?;?;?;?;?;5;20;20;20;26;25;13;23;52;53;2;2;2;2;2;2;51;49;47;44;42;25;13;23;52;53;2;2;2;51;49;47;44;43;27;10;26;25;13;
?;?;?;?;?;?;?;?;?;?;?;15;6;21;4;26;25;13;23;52;53;2;2;2;2;2;2;51;49;47;44;43;27;10;26;25;13;23;52;53;3;48;46;45;43;27;10;9;26;25;
?;?;?;?;?;?;?;?;?;?;?;2;2;2;51;49;47;44;42;25;13;23;52;53;2;2;2;51;49;47;44;43;27;10;9;8;7;22;5;20;20;20;20;20;20;20;20;20;20;20;
?;?;?;?;?;?;?;?;?;?;?;10;9;8;26;25;39;37;33;32;12;11;10;9;8;7;26;25;13;23;52;53;2;2;2;2;2;2;2;2;2;2;2;2;2;51;49;47;62;60;
?;?;?;?;?;?;?;?;?;?;?;17;35;30;29;26;25;13;23;52;53;2;2;51;49;47;44;43;27;10;9;8;7;22;26;25;13;23;52;53;2;2;2;2;2;2;2;2;2;2;
?;?;?;?;?;?;?;?;?;?;?;25;13;23;52;50;17;35;30;29;27;10;26;25;13;41;38;34;0;29;27;10;26;25;13;23;52;53;2;2;2;51;49;47;44;43;27;10;9;8;
?;?;?;?;?;?;?;?;?;?;?;17;35;30;29;27;10;9;8;7;22;5;20;20;20;20;26;25;13;23;52;53;2;2;2;2;2;2;2;2;2;2;2;2;51;49;47;44;43;27;
?;?;?;?;?;?;?;?;?;?;?;53;2;2;2;2;2;2;2;2;2;2;2;2;2;2;2;2;2;2;2;2;2;2;2;51;49;47;44;43;27;10;9;8;7;22;5;20;20;20;
?;?;?;?;?;?;?;?;?;?;?;48;46;45;43;27;10;9;8;7;22;26;25;13;23;52;53;2;2;2;2;51;49;47;44;43;27;10;9;8;7;22;26;25;13;23;52;53;2;51;
?;?;?;?;?;?;?;?;?;?;?;51;49;47;44;43;27;10;9;8;7;22;5;20;26;25;13;23;52;53;3;48;46;45;43;27;10;9;8;7;22;5;26;25;13;23;52;53;2;2;
?;?;?;?;?;?;?;?;?;?;?;48;46;45;43;27;26;25;13;23;52;50;17;35;30;26;25;13;23;52;53;3;48;46;45;43;27;26;25;13;23;52;53;2;2;2;2;2;2;2;
?;?;?;?;?;?;?;?;?;?;?;15;6;21;4;26;25;13;23;18;19;15;6;21;26;25;13;23;52;53;3;48;46;45;43;42;25;13;23;52;53;2;2;2;2;51;49;47;44;43;
?;?;?;?;?;?;?;?;?;?;?;3;48;46;45;26;25;13;23;18;19;15;6;21;26;25;13;23;52;53;2;51;49;1;59;57;55;54;53;2;2;2;2;2;51;49;47;44;43;27;
?;?;?;?;?;?;?;?;?;?;?;13;23;52;53;3;48;46;45;43;27;10;26;25;13;23;52;53;2;2;2;2;2;2;2;2;2;51;49;47;44;43;27;10;9;8;7;22;5;20;
?;?;?;?;?;?;?;?;?;?;?;2;2;2;2;2;2;2;2;51;49;47;44;43;27;10;9;8;7;22;5;20;20;20;20;26;25;13;23;52;53;3;48;1;59;57;55;54;53;2;
?;?;?;?;?;?;?;?;?;?;?;17;35;30;26;25;13;23;52;53;2;51;49;47;44;43;27;10;9;8;7;22;26;25;13;23;52;53;2;2;51;49;47;44;43;27;10;9;8;7;
?;?;?;?;?;?;?;?;?;?;?;2;51;49;47;44;43;27;26;25;13;23;52;53;2;2;2;51;49;47;62;60;58;56;52;53;3;48;46;45;43;27;10;9;8;7;22;5;20;20;
?;?;?;?;?;?;?;?;?;?;?;25;13;23;52;50;17;35;30;29;27;26;25;13;23;52;50;17;35;30;29;27;10;9;26;25;13;23;52;53;2;2;2;2;2;2;2;2;2;2;
?;?;?;?;?;?;?;?;?;?;?;2;2;2;2;2;2;2;2;2;51;49;47;44;43;42;25;13;23;52;53;2;51;49;47;44;43;27;10;9;8;7;26;25;13;23;52;53;2;2;
?;?;?;?;?;?;?;?;?;?;?;10;9;8;7;22;5;20;20;26;25;13;23;52;53;2;2;2;51;49;47;44;43;42;25;13;23;52;53;2;2;2;2;2;2;2;51;49;47;44;
?;?;?;?;?;?;?;?;?;?;?;23;52;53;2;2;51;49;47;44;43;27;10;9;8;7;22;5;26;25;13;23;52;53;3;48;46;45;43;27;26;25;13;23;52;53;2;2;51;49;
?;?;?;?;?;?;?;?;?;?;?;25;13;23;52;53;2;2;2;2;2;2;51;49;47;44;43;27;10;26;25;13;23;52;53;3;48;46;45;43;27;10;9;8;7;22;5;20;20;26;
?;?;?;?;?;?;?;?;?;?;?;17;35;30;26;25;13;23;52;53;2;2;51;61;14;24;2;2;2;2;2;51;49;47;44;43;27;10;9;8;7;22;5;20;20;20;26;25;13;23;
?;?;?;?;?;?;?;?;?;?;?;2;51;49;47;44;43;27;10;9;8;7;22;5;20;20;26;25;13;23;52;53;2;2;2;2;51;49;47;44;42;25;13;23;52;53;2;2;2;51;
?;?;?;?;?;?;?;?;?;?;?;2;2;2;2;51;49;47;44;43;27;10;9;8;7;22;5;20;26;25;13;41;38;34;0;29;27;10;9;26;25;13;23;52;50;17;35;30;29;27;
?;?;?;?;?;?;?;?;?;?;?;2;2;2;2;2;2;51;49;47;44;43;27;10;9;8;7;22;5;20;20;26;25;13;23;52;53;2;2;2;2;2;2;2;2;2;2;2;2;2;
?;?;?;?;?;?;?;?;?;?;?;13;23;52;53;3;48;46;45;43;27;26;25;13;23;52;53;2;2;2;2;2;2;2;51;49;47;44;43;27;10;9;8;7;22;5;20;20;20;20;
?;?;?;?;?;?;?;?;?;?;?;25;13;23;52;53;2;2;2;2;2;2;2;2;51;49;47;44;43;27;10;9;8;26;25;13;23;52;53;2;2;2;2;51;49;47;44;43;27;26;
?;?;?;?;?;?;?;?;?;?;?;25;13;23;52;50;17;35;30;26;25;13;23;52;53;2;51;49;47;44;43;27;10;9;8;7;22;5;20;20;20;26;25;13;23;18;19;15;6;21;
?;?;?;?;?;?;?;?;?;?;?;56;52;53;2;2;2;51;49;47;44;43;27;10;9;8;7;22;26;25;13;23;52;53;2;2;2;2;51;49;47;44;43;27;10;9;8;7;22;5;
?;?;?;?;?;?;?;?;?;?;?;15;6;21;4;26;25;13;23;52;53;2;51;49;47;44;43;27;10;9;8;7;22;5;20;20;26;25;13;23;52;53;2;2;2;2;2;51;49;47;
?;?;?;?;?;?;?;?;?;?;?;56;52;53;3;48;46;45;43;27;10;9;26;25;13;23;52;53;3;48;46;45;43;27;10;9;8;26;25;13;23;52;53;2;2;2;2;2;2;2;
?;?;?;?;?;?;?;?;?;?;?;5;20;20;20;20;26;25;13;23;52;53;2;2;2;2;2;2;2;2;2;2;2;2;2;2;2;2;2;2;2;2;2;2;2;2;2;2;2;2;
?;?;?;?;?;?;?;?;?;?;?;2;2;2;2;2;2;2;2;2;2;2;2;2;2;2;2;2;2;2;51;49;47;44;43;27;10;26;25;13;23;52;50;17;35;30;29;27;10;9;
?;?;?;?;?;?;?;?;?;?;?;51;49;47;62;60;39;37;33;32;12;11;10;9;26;25;13;23;52;53;2;51;49;47;44;43;27;10;9;8;7;22;5;20;20;20;26;25;13;23;
?;?;?;?;?;?;?;?;?;?;?;5;26;25;13;23;52;53;2;2;2;2;51;49;47;44;43;27;10;9;8;7;26;25;13;23;52;53;2;2;2;2;2;2;2;2;2;2;2;2;
?;?;?;?;?;?;?;?;?;?;?;48;46;62;60;58;56;52;53;3;48;46;45;43;27;26;25;13;23;52;50;17;35;30;29;27;10;9;8;7;26;25;13;23;52;53;2;2;2;2;
?;?;?;?;?;?;?;?;?;?;?;25;13;23;18;19;15;6;21;4;26;25;13;23;52;53;3;48;46;45;26;25;13;23;52;53;3;48;46;45;43;27;10;9;26;25;13;23;52;53;
?;?;?;?;?;?;?;?;?;?;?;26;25;13;23;52;53;2;51;49;47;44;43;27;10;9;26;25;13;23;52;53;2;2;51;49;47;44;43;27;26;25;13;23;18;19;15;6;21;4;
?;?;?;?;?;?;?;?;?;?;?;2;2;2;51;49;47;44;43;27;10;9;8;7;22;5;20;20;20;26;25;13;23;52;53;2;2;2;2;2;2;51;49;47;44;43;27;10;9;8;
?;?;?;?;?;?;?;?;?;?;?;48;46;45;43;42;25;13;23;18;19;15;6;21;4;10;9;26;25;39;37;33;32;12;26;25;13;23;18;19;15;6;21;4;26;25;13;23;52;53;
?;?;?;?;?;?;?;?;?;?;?;15;6;21;26;25;13;23;52;53;2;51;49;47;44;43;27;10;9;26;25;13;23;52;53;2;2;2;2;51;49;47;44;43;27;10;26;25;13;23;
?;?;?;?;?;?;?;?;?;?;?;13;23;52;53;2;2;2;2;2;2;51;49;47;44;43;27;10;9;8;7;22;5;20;20;26;25;13;23;52;53;3;48;46;45;43;27;10;9;8;
?;?;?;?;?;?;?;?;?;?;?;26;25;13;41;38;34;0;62;60;58;56;52;53;2;51;49;47;44;43;42;25;13;23;52;53;2;2;51;49;47;44;43;27;10;9;8;7;22;5;
?;?;?;?;?;?;?;?;?;?;?;2;2;2;2;2;2;2;2;2;2;51;49;47;44;43;27;10;9;8;7;22;5;20;20;20;20;20;20;20;20;20;20;20;20;20;26;25;13;23;
?;?;?;?;?;?;?;?;?;?;?;9;8;7;22;5;20;20;26;25;13;23;52;53;2;2;2;51;49;47;44;42;25;13;23;52;53;2;2;2;2;51;49;47;44;43;27;10;9;8;
?;?;?;?;?;?;?;?;?;?;?;25;13;23;52;50;17;35;30;26;25;13;23;52;53;2;2;51;49;47;44;43;27;10;9;8;7;22;26;25;13;23;52;50;17;35;30;29;26;25;
?;?;?;?;?;?;?;?;?;?;?;3;48;46;62;60;58;56;52;53;3;48;46;45;43;27;10;9;8;7;22;5;20;20;20;20;20;20;20;20;26;25;13;23;52;53;2;2;2;2;
?;?;?;?;?;?;?;?;?;?;?;17;35;30;29;26;25;13;23;52;50;17;35;30;29;26;25;13;23;52;50;17;35;30;29;27;10;9;8;26;25;13;23;52;53;2;2;2;2;2;
?;?;?;?;?;?;?;?;?;?;?;10;9;8;26;25;13;23;52;53;2;2;2;2;2;2;2;2;2;2;51;49;47;62;60;58;56;52;53;3;48;46;45;43;27;10;9;8;7;26;
?;?;?;?;?;?;?;?;?;?;?;13;23;52;53;3;48;46;45;43;27;26;25;13;23;52;53;2;2;2;2;2;2;51;49;47;44;43;27;10;9;8;7;26;25;13;23;52;53;2;
?;?;?;?;?;?;?;?;?;?;?;10;9;26;25;13;23;52;53;2;2;51;49;47;44;43;27;10;9;8;7;22;5;20;20;26;25;13;23;52;53;2;2;51;49;1;59;57;55;54;
?;?;?;?;?;?;?;?;?;?;?;25;13;23;18;19;15;6;21;4;26;25;13;23;18;19;15;6;21;4;26;25;13;23;52;50;17;35;30;29;27;26;25;13;23;52;53;2;2;2;
?;?;?;?;?;?;?;?;?;?;?;51;49;47;44;43;27;10;26;25;13;23;52;53;2;2;51;49;47;44;43;27;10;9;8;7;22;5;20;20;20;20;20;20;20;20;20;20;20;20;
?;?;?;?;?;?;?;?;?;?;?;26;25;13;23;52;53;2;2;2;2;2;2;51;49;47;44;43;27;10;9;26;25;13;23;52;50;17;35;30;29;27;26;25;13;23;52;53;2;2;
?;?;?;?;?;?;?;?;?;?;?;21;4;26;25;13;23;52;53;2;2;51;49;47;44;43;27;10;9;8;7;22;5;20;26;25;13;23;52;53;2;51;49;47;44;43;27;10;9;8;
?;?;?;?;?;?;?;?;?;?;?;35;30;29;27;26;25;13;23;52;50;17;35;30;26;25;13;23;52;53;2;2;51;49;47;44;43;27;26;25;13;23;18;19;15;6;21;4;10;9;
?;?;?;?;?;?;?;?;?;?;?;62;60;58;56;52;53;2;2;2;51;49;47;44;43;27;10;9;8;7;22;5;20;26;25;13;23;52;53;2;2;2;2;2;2;2;2;2;2;2;
?;?;?;?;?;?;?;?;?;?;?;25;13;23;52;53;2;2;2;2;2;2;2;2;51;49;47;44;43;27;10;9;26;25;13;23;18;19;15;6;21;4;10;9;8;7;26;25;13;23;
?;?;?;?;?;?;?;?;?;?;?;13;23;52;53;2;2;2;2;2;2;2;2;2;2;2;2;51;49;47;44;43;27;10;9;8;7;22;5;20;20;20;20;20;20;20;26;25;13;23;
?;?;?;?;?;?;?;?;?;?;?;54;53;2;2;2;2;2;2;2;2;2;51;49;47;44;43;27;26;25;13;23;52;53;2;2;51;49;47;44;43;27;10;9;8;7;22;5;20;20;
?;?;?;?;?;?;?;?;?;?;?;35;30;29;27;10;9;8;26;40;36;16;31;28;11;10;9;8;7;22;5;20;20;26;25;13;23;52;53;2;2;2;2;2;2;2;2;2;51;49;
?;?;?;?;?;?;?;?;?;?;?;17;35;30;29;27;10;9;8;7;22;5;20;20;26;25;13;23;52;53;2;2;2;51;49;47;62;60;58;56;52;53;2;2;2;51;49;47;44;43;
?;?;?;?;?;?;?;?;?;?;?;10;9;8;7;22;5;20;26;25;13;23;52;53;3;48;46;45;43;27;10;26;25;13;23;52;53;2;2;51;49;47;44;43;27;10;9;8;7;22;
?;?;?;?;?;?;?;?;?;?;?;26;25;13;23;52;53;2;2;51;49;47;44;43;27;10;26;25;13;23;52;53;2;2;2;51;49;47;44;43;27;10;9;26;25;13;23;52;53;2;
?;?;?;?;?;?;?;?;?;?;?;26;25;13;23;52;53;2;2;2;2;2;2;2;2;51;49;47;44;42;25;13;23;52;53;2;51;49;47;44;43;27;10;9;26;25;13;23;52;53;
?;?;?;?;?;?;?;?;?;?;?;9;8;7;22;26;25;13;23;18;19;15;6;21;4;10;9;8;26;25;13;23;52;53;2;2;2;2;2;2;2;2;2;2;51;49;47;44;43;27;
?;?;?;?;?;?;?;?;?;?;?;48;46;45;43;42;25;13;23;52;50;17;35;30;29;27;26;25;13;23;52;53;2;2;51;49;47;44;43;27;10;9;8;7;22;5;20;20;20;26;
?;?;?;?;?;?;?;?;?;?;?;17;35;30;26;25;13;23;52;53;3;48;46;45;26;25;13;23;52;53;2;2;51;49;47;44;43;27;26;25;13;23;52;53;3;48;46;45;43;27;
?;?;?;?;?;?;?;?;?;?;?;51;49;47;44;43;42;25;13;23;52;53;2;2;2;51;49;47;44;43;27;10;9;8;7;22;5;26;25;13;23;52;53;2;2;2;2;51;49;47;
?;?;?;?;?;?;?;?;?;?;?;48;46;45;43;27;10;26;25;39;37;33;61;14;24;2;2;2;2;2;51;49;47;44;43;27;26;25;13;23;52;50;17;35;30;29;27;10;26;25;
?;?;?;?;?;?;?;?;?;?;?;42;25;13;23;52;53;3;48;46;45;43;27;10;9;8;7;22;26;25;13;23;52;53;3;48;46;45;43;27;26;25;13;23;52;53;2;2;51;49;
?;?;?;?;?;?;?;?;?;?;?;2;2;2;2;2;2;2;51;49;47;44;43;27;10;9;8;7;22;5;20;20;20;20;20;26;25;13;23;52;53;2;2;51;49;47;44;43;27;10;
?;?;?;?;?;?;?;?;?;?;?;25;13;23;52;53;2;51;49;47;62;60;58;56;52;53;3;48;46;45;43;27;10;9;8;7;22;5;20;20;20;26;25;13;23;52;53;2;51;49;
?;?;?;?;?;?;?;?;?;?;?;15;6;21;26;25;13;23;52;53;2;2;51;49;47;44;43;27;10;9;8;7;22;5;20;26;25;13;23;52;53;2;2;51;49;47;44;43;27;10;
?;?;?;?;?;?;?;?;?;?;?;51;49;1;59;57;55;54;53;2;51;49;47;44;43;27;10;9;8;7;22;5;20;20;20;20;20;20;20;20;20;20;20;20;20;20;26;25;13;23;
?;?;?;?;?;?;?;?;?;?;?;17;35;30;29;26;25;13;23;52;53;3;48;46;62;60;58;56;52;50;17;35;30;29;27;10;9;26;25;13;23;52;53;3;48;46;45;43;27;10;
?;?;?;?;?;?;?;?;?;?;?;3;61;14;24;2;2;2;2;2;2;51;49;47;44;43;27;10;9;8;7;22;5;20;20;20;26;25;13;23;52;53;2;2;2;2;2;2;2;2;
?;?;?;?;?;?;?;?;?;?;?;27;10;9;8;7;22;5;20;20;20;26;25;13;23;52;53;2;51;49;1;59;57;55;54;53;2;2;51;49;47;44;43;27;10;9;8;7;22;5;
?;?;?;?;?;?;?;?;?;?;?;51;49;47;44;43;27;10;9;8;7;22;5;20;20;26;25;13;23;52;50;17;35;30;26;25;13;23;52;53;2;2;2;2;2;2;51;49;47;44;
?;?;?;?;?;?;?;?;?;?;?;17;1;59;57;55;54;53;2;2;2;51;49;47;44;43;27;10;9;8;7;22;5;20;26;25;13;23;52;53;3;48;46;45;43;27;10;9;8;26;
?;?;?;?;?;?;?;?;?;?;?;15;6;21;4;10;26;25;13;23;52;53;2;2;2;2;2;2;2;2;2;2;2;2;2;2;2;2;2;2;51;49;47;44;43;27;10;9;8;7;
?;?;?;?;?;?;?;?;?;?;?;23;18;19;15;6;21;4;10;9;26;25;13;23;52;53;2;2;2;2;2;2;2;2;2;2;2;2;2;2;2;2;2;2;51;49;47;44;42;25;
?;?;?;?;?;?;?;?;?;?;?;25;13;23;52;50;17;35;30;26;25;13;23;52;53;2;2;51;49;1;59;57;55;54;53;3;48;46;45;43;27;10;9;26;25;13;23;52;53;2;
?;?;?;?;?;?;?;?;?;?;?;13;23;52;53;2;51;49;47;44;43;27;26;25;13;41;38;34;0;29;27;10;9;8;7;22;5;20;20;26;25;13;23;52;53;2;2;2;2;51;
?;?;?;?;?;?;?;?;?;?;?;25;13;23;52;50;17;35;30;29;26;25;13;23;52;53;3;48;46;45;43;27;10;26;25;13;23;18;19;15;6;21;4;10;9;8;26;25;13;23;
?;?;?;?;?;?;?;?;?;?;?;6;21;4;10;26;25;13;23;18;19;15;6;21;4;10;26;25;13;23;52;50;17;35;30;26;25;13;23;52;53;2;2;2;2;51;49;47;44;43;
?;?;?;?;?;?;?;?;?;?;?;17;35;30;29;27;10;9;8;26;25;13;23;52;53;2;2;2;2;2;2;2;51;49;47;44;43;27;10;9;8;7;22;5;20;20;20;20;20;20;
?;?;?;?;?;?;?;?;?;?;?;17;35;30;29;27;10;9;8;7;22;5;20;20;26;25;13;23;52;53;2;2;2;2;2;2;2;2;2;2;2;51;49;47;44;43;27;10;9;8;
?;?;?;?;?;?;?;?;?;?;?;17;35;30;29;26;25;13;23;52;53;2;2;2;2;2;2;2;2;2;2;51;49;47;44;43;27;10;9;8;7;22;5;20;20;20;26;25;13;23;
?;?;?;?;?;?;?;?;?;?;?;5;20;20;20;26;25;13;23;52;53;2;2;2;2;2;2;2;2;2;2;2;2;2;2;2;2;2;2;51;49;47;44;43;27;10;26;25;13;23;
?;?;?;?;?;?;?;?;?;?;?;48;46;45;43;27;10;9;8;7;22;5;26;25;13;23;52;53;2;2;51;49;47;44;43;27;10;9;8;7;22;5;20;20;20;20;20;20;26;25;
?;?;?;?;?;?;?;?;?;?;?;2;2;51;49;47;44;43;27;10;9;26;25;13;23;52;53;2;51;49;47;44;43;27;10;9;8;7;22;5;20;20;26;25;13;23;52;53;3;48;
?;?;?;?;?;?;?;?;?;?;?;0;29;27;10;9;8;7;22;5;20;20;20;20;20;26;25;13;23;52;53;2;2;2;2;2;2;2;2;2;2;2;2;2;2;51;49;47;44;43;
?;?;?;?;?;?;?;?;?;?;?;3;48;46;45;26;25;39;37;33;32;12;11;10;9;8;26;25;13;23;52;53;2;2;2;2;2;2;2;2;2;2;2;2;2;51;49;47;44;43;
?;?;?;?;?;?;?;?;?;?;?;15;6;21;4;10;9;26;25;13;23;52;53;2;2;2;2;2;2;2;2;2;2;2;2;2;2;2;2;2;2;2;2;2;2;2;2;2;2;51;
?;?;?;?;?;?;?;?;?;?;?;19;15;6;26;25;13;23;52;53;2;2;2;2;2;2;2;2;2;2;2;2;2;2;51;49;47;44;43;27;10;9;8;7;22;5;20;20;20;20;
?;?;?;?;?;?;?;?;?;?;?;9;26;25;13;23;52;53;2;2;2;2;2;51;49;47;44;43;42;39;37;33;32;12;11;10;9;8;26;25;13;23;52;53;2;2;51;49;47;44;
?;?;?;?;?;?;?;?;?;?;?;10;26;40;36;16;31;28;11;62;60;58;56;52;53;2;2;2;2;2;2;51;49;47;44;43;27;10;9;8;7;22;26;25;13;23;52;53;2;2;
?;?;?;?;?;?;?;?;?;?;?;27;10;9;26;25;13;23;52;53;2;2;2;2;51;49;47;44;43;27;10;9;8;7;26;25;13;23;52;53;2;51;49;47;44;43;27;10;9;8;
?;?;?;?;?;?;?;?;?;?;?;2;2;2;2;2;2;2;51;49;47;44;43;27;10;9;26;25;13;23;18;19;15;6;21;4;10;9;8;26;25;13;23;52;53;2;2;51;49;47;
?;?;?;?;?;?;?;?;?;?;?;17;35;30;26;25;13;23;52;53;2;51;49;47;44;43;27;10;26;25;13;23;52;53;2;51;49;47;44;43;27;10;9;8;7;22;26;25;13;23;
?;?;?;?;?;?;?;?;?;?;?;2;51;49;47;44;43;27;10;9;8;7;22;5;20;20;20;20;20;26;25;13;23;52;53;2;2;51;49;47;44;43;27;10;9;8;7;26;25;13;
?;?;?;?;?;?;?;?;?;?;?;2;2;2;2;2;2;2;2;2;2;2;2;2;2;2;2;2;2;2;2;2;2;2;2;2;2;2;2;2;2;2;2;2;2;2;2;2;2;2;
?;?;?;?;?;?;?;?;?;?;?;2;2;2;2;2;2;2;2;2;2;2;2;2;2;2;2;2;51;49;47;44;43;27;10;9;8;7;22;5;20;20;20;20;20;20;20;20;26;25;
?;?;?;?;?;?;?;?;?;?;?;5;20;20;26;25;13;23;52;53;2;2;2;2;2;2;2;2;51;49;47;44;43;27;10;9;8;26;25;13;23;52;53;2;2;2;2;2;2;51;
?;?;?;?;?;?;?;?;?;?;?;15;6;21;4;10;9;8;7;22;5;20;26;25;13;23;52;53;2;2;2;2;2;2;2;2;2;2;2;2;2;2;2;2;2;2;2;51;49;47;
?;?;?;?;?;?;?;?;?;?;?;25;13;23;52;50;17;35;30;29;27;26;25;13;23;18;19;15;6;21;4;26;25;13;23;52;53;2;2;2;2;2;2;51;49;47;44;43;27;10;
?;?;?;?;?;?;?;?;?;?;?;2;2;2;2;2;51;49;47;44;43;27;10;26;25;13;23;52;50;17;35;30;26;25;13;23;52;53;3;48;46;45;43;27;10;26;25;13;23;52;
?;?;?;?;?;?;?;?;?;?;?;13;23;52;53;2;51;49;47;44;43;42;25;13;23;18;19;15;6;21;4;10;9;8;7;22;5;20;26;25;13;23;52;53;2;2;2;51;49;47;
?;?;?;?;?;?;?;?;?;?;?;2;51;49;47;44;43;27;10;9;8;7;22;5;20;20;20;20;20;20;20;26;25;13;23;52;53;2;2;2;2;2;2;2;2;2;2;2;2;2;
?;?;?;?;?;?;?;?;?;?;?;10;9;8;26;25;13;23;18;19;15;6;21;4;10;9;8;7;22;5;20;20;26;25;13;23;52;53;2;2;2;2;2;2;2;2;2;51;49;47;
?;?;?;?;?;?;?;?;?;?;?;2;2;51;49;47;44;43;27;10;9;8;7;26;25;13;23;52;53;2;2;2;51;49;47;44;43;27;10;9;8;7;22;5;26;25;13;23;18;19;
?;?;?;?;?;?;?;?;?;?;?;17;35;30;26;25;13;23;52;53;2;2;2;2;2;2;2;2;2;2;2;2;51;49;47;44;43;27;10;9;8;7;22;5;20;20;20;20;20;20;
?;?;?;?;?;?;?;?;?;?;?;51;49;47;44;42;25;13;41;38;34;0;29;27;10;9;26;25;13;23;52;53;2;2;2;2;51;49;47;44;43;27;10;9;8;7;22;26;25;13;
?;?;?;?;?;?;?;?;?;?;?;13;23;52;53;3;48;46;45;43;27;10;9;26;40;36;16;31;28;11;62;60;58;41;38;34;0;29;27;10;9;8;7;22;26;25;13;23;52;53;
?;?;?;?;?;?;?;?;?;?;?;26;25;13;23;52;53;2;2;2;51;49;47;44;43;27;10;9;8;7;26;25;13;23;52;53;2;2;2;2;2;2;2;2;51;49;47;44;43;27;
?;?;?;?;?;?;?;?;?;?;?;48;46;45;43;27;10;9;8;7;22;5;20;20;20;20;20;26;25;13;23;52;53;2;2;2;2;2;2;2;2;2;2;51;49;1;59;57;55;54;
?;?;?;?;?;?;?;?;?;?;?;5;20;26;25;13;23;52;53;2;2;51;49;47;44;43;27;10;9;8;7;22;5;20;20;20;20;26;25;13;23;52;53;2;2;51;49;47;44;43;
?;?;?;?;?;?;?;?;?;?;?;9;8;7;22;5;26;25;13;23;52;53;2;2;2;2;2;51;49;47;44;42;39;37;33;32;12;11;10;9;8;7;22;26;25;13;23;52;53;2;
?;?;?;?;?;?;?;?;?;?;?;17;35;30;26;25;13;23;52;53;2;2;2;51;49;47;62;60;58;56;52;50;61;14;24;2;2;2;2;2;2;51;49;47;44;43;27;10;9;8;
?;?;?;?;?;?;?;?;?;?;?;25;13;23;52;53;3;48;46;62;60;58;56;52;50;17;35;30;29;26;25;13;23;52;53;2;2;2;2;2;2;2;2;2;51;49;47;44;43;27;
?;?;?;?;?;?;?;?;?;?;?;2;2;2;2;2;2;2;2;2;51;49;47;44;43;27;10;9;8;26;25;13;23;52;53;3;48;46;45;43;27;10;9;8;7;22;26;25;13;23;
?;?;?;?;?;?;?;?;?;?;?;17;35;30;29;27;10;9;8;7;22;5;20;20;20;26;25;13;23;52;53;2;2;2;2;2;2;2;2;2;2;2;2;2;2;2;2;2;2;2;
?;?;?;?;?;?;?;?;?;?;?;47;44;43;27;26;25;13;23;52;50;17;35;30;29;27;10;9;8;7;22;5;20;20;20;26;25;13;23;52;53;2;51;49;47;44;43;27;10;9;
?;?;?;?;?;?;?;?;?;?;?;13;23;52;53;3;48;46;45;43;27;26;25;13;23;52;53;2;2;2;2;2;2;2;2;51;49;47;62;60;58;56;52;50;17;35;30;29;27;10;
?;?;?;?;?;?;?;?;?;?;?;15;6;21;4;26;25;13;23;52;53;2;2;51;49;47;44;42;25;13;23;52;50;17;35;30;29;27;10;9;8;7;22;26;25;13;23;52;50;17;
?;?;?;?;?;?;?;?;?;?;?;48;46;45;26;25;13;23;52;53;3;48;46;45;43;27;10;9;8;7;22;5;20;20;20;20;20;20;20;20;26;25;13;23;52;53;2;2;2;2;
?;?;?;?;?;?;?;?;?;?;?;23;52;53;2;2;2;51;49;47;44;43;27;10;26;25;13;23;52;53;2;2;2;2;51;49;47;44;43;27;10;9;8;7;22;5;20;20;20;20;
?;?;?;?;?;?;?;?;?;?;?;2;2;2;2;2;2;2;2;2;2;2;51;49;47;44;43;27;10;9;8;7;22;5;20;20;26;25;13;23;18;19;15;6;26;25;13;23;52;53;
?;?;?;?;?;?;?;?;?;?;?;48;46;45;43;27;10;9;8;7;22;5;20;20;20;20;26;25;13;23;52;53;2;2;2;2;2;2;2;51;49;47;44;43;27;10;26;25;13;23;
?;?;?;?;?;?;?;?;?;?;?;34;0;29;27;10;9;8;26;25;13;23;52;53;2;2;2;2;2;2;2;2;2;2;2;2;51;49;47;44;43;27;10;9;8;7;22;5;20;20;
?;?;?;?;?;?;?;?;?;?;?;26;25;13;23;52;53;2;2;2;2;2;2;2;51;49;47;44;43;42;25;13;23;18;19;15;6;21;4;26;25;13;23;52;50;17;35;30;29;27;
?;?;?;?;?;?;?;?;?;?;?;48;46;45;43;27;10;9;8;7;22;5;20;20;26;25;13;23;52;53;3;48;46;45;43;27;10;26;25;13;23;52;53;2;2;2;2;2;2;2;
?;?;?;?;?;?;?;?;?;?;?;25;13;23;52;53;3;48;46;45;43;27;26;40;36;16;31;28;11;10;26;25;13;23;52;53;3;48;46;45;43;42;25;13;23;52;53;2;2;2;
?;?;?;?;?;?;?;?;?;?;?;17;35;30;29;26;25;13;23;18;19;15;6;21;26;25;13;23;52;53;2;2;2;2;2;2;2;2;2;51;49;47;44;43;27;10;9;8;7;22;
?;?;?;?;?;?;?;?;?;?;?;47;44;43;27;10;9;8;7;22;5;20;20;26;25;13;23;52;53;2;2;2;2;2;2;2;2;2;51;49;47;44;43;27;10;9;8;7;26;25;
?;?;?;?;?;?;?;?;?;?;?;25;13;41;38;34;0;29;27;26;25;13;23;52;53;2;51;49;47;44;43;27;10;26;25;13;23;52;50;17;35;30;29;27;10;9;8;7;22;26;
?;?;?;?;?;?;?;?;?;?;?;17;35;30;29;27;10;9;26;25;13;23;52;53;2;2;2;2;51;49;47;44;43;27;26;25;13;23;52;53;2;2;51;49;47;44;43;42;25;13;
?;?;?;?;?;?;?;?;?;?;?;48;46;45;43;27;10;9;8;7;22;5;20;20;20;26;25;13;23;52;53;3;48;46;45;26;25;13;23;52;53;2;2;2;51;49;47;44;43;27;
?;?;?;?;?;?;?;?;?;?;?;2;2;2;2;2;2;2;2;2;51;49;47;44;42;25;13;23;52;50;17;35;30;29;27;10;9;8;7;22;5;20;20;20;20;20;20;20;26;25;
?;?;?;?;?;?;?;?;?;?;?;48;46;62;60;58;56;52;53;2;2;2;2;51;49;47;44;43;27;10;9;8;26;25;13;23;52;53;2;2;51;49;47;44;43;27;10;9;8;7;
?;?;?;?;?;?;?;?;?;?;?;5;20;26;25;13;41;38;34;0;29;27;10;9;26;25;13;23;52;53;2;2;2;2;51;61;14;24;2;2;2;2;2;2;2;2;2;2;2;2;
?;?;?;?;?;?;?;?;?;?;?;0;29;27;10;26;25;13;23;52;53;2;51;49;47;44;42;25;13;23;52;53;2;2;51;49;47;44;43;27;10;9;8;7;22;5;20;20;20;20;
?;?;?;?;?;?;?;?;?;?;?;5;20;26;25;13;23;52;53;2;2;2;51;49;47;44;43;27;10;9;8;26;25;13;23;52;53;2;2;2;2;51;49;47;44;43;27;10;9;8;
?;?;?;?;?;?;?;?;?;?;?;25;13;23;52;53;2;2;2;2;51;49;47;44;43;27;10;9;26;25;13;23;52;53;2;51;49;47;44;43;27;10;9;8;7;26;25;13;23;52;
?;?;?;?;?;?;?;?;?;?;?;5;20;20;20;20;20;20;26;25;13;23;52;53;2;2;2;2;2;2;2;2;2;2;2;2;2;2;2;2;2;51;49;47;44;43;27;10;9;8;
?;?;?;?;?;?;?;?;?;?;?;17;35;30;29;27;10;9;8;7;22;5;20;20;20;20;26;25;13;23;52;53;2;2;2;2;2;2;2;2;2;2;2;51;49;47;44;43;27;26;
?;?;?;?;?;?;?;?;?;?;?;35;30;29;27;26;25;13;23;52;53;2;2;2;2;2;2;2;2;51;49;47;44;43;27;10;9;8;7;22;5;20;26;25;13;41;38;34;0;29;
?;?;?;?;?;?;?;?;?;?;?;51;49;47;44;43;42;25;13;23;52;53;2;2;2;51;49;47;44;43;27;10;9;8;7;22;26;25;13;23;52;53;2;2;2;51;49;47;62;60;
?;?;?;?;?;?;?;?;?;?;?;48;46;45;43;27;10;9;8;7;22;5;20;20;20;20;20;20;20;20;20;20;26;25;13;23;52;53;2;51;49;47;44;43;27;10;26;25;13;23;
?;?;?;?;?;?;?;?;?;?;?;25;13;23;52;50;17;35;30;29;26;25;13;23;52;53;3;48;46;45;43;27;10;9;8;7;22;5;20;26;25;13;23;52;53;2;2;2;51;49;
?;?;?;?;?;?;?;?;?;?;?;2;2;2;2;2;2;2;2;51;49;47;44;43;27;10;9;8;7;22;5;20;20;20;20;20;20;20;20;20;20;20;20;26;25;13;23;52;53;2;
?;?;?;?;?;?;?;?;?;?;?;25;13;23;52;53;2;2;2;2;2;2;2;2;2;2;2;51;49;47;44;43;27;10;9;8;7;22;26;25;13;23;52;53;2;2;2;51;49;47;
?;?;?;?;?;?;?;?;?;?;?;25;13;23;52;50;17;35;30;29;27;10;9;8;7;22;5;20;26;25;13;23;52;53;2;2;2;2;2;51;49;47;44;43;27;10;26;25;13;23;
?;?;?;?;?;?;?;?;?;?;?;25;13;41;38;34;0;29;27;10;26;25;13;23;52;53;2;2;2;2;51;49;47;44;43;27;10;9;8;7;22;5;20;20;26;25;13;23;52;53;
?;?;?;?;?;?;?;?;?;?;?;26;25;13;23;52;50;17;35;30;26;25;13;23;52;53;2;2;2;2;2;2;2;2;2;2;2;2;2;2;2;51;49;47;44;43;27;10;9;8;
?;?;?;?;?;?;?;?;?;?;?;17;35;30;29;26;25;13;23;52;50;17;35;30;29;27;10;9;8;7;22;5;20;20;20;20;20;26;40;36;16;31;28;1;59;57;55;54;53;2;
?;?;?;?;?;?;?;?;?;?;?;15;6;21;4;10;9;26;25;13;23;18;19;15;6;21;4;26;25;13;23;52;53;2;2;2;2;2;51;49;47;44;43;27;10;9;8;7;26;25;
?;?;?;?;?;?;?;?;?;?;?;17;35;30;29;26;25;13;23;52;53;2;2;2;2;2;2;2;2;2;51;49;47;44;43;27;10;26;25;13;23;52;53;2;2;2;2;2;2;2;
?;?;?;?;?;?;?;?;?;?;?;25;13;23;18;19;15;6;21;4;10;9;26;25;13;23;52;53;2;51;49;47;44;43;27;10;9;8;7;26;25;13;23;52;53;2;2;2;2;2;
?;?;?;?;?;?;?;?;?;?;?;5;20;20;20;26;25;13;23;52;53;2;2;2;2;2;2;2;2;2;2;51;49;47;44;43;27;10;26;25;13;23;18;19;15;6;21;4;10;26;
?;?;?;?;?;?;?;?;?;?;?;17;35;30;29;27;10;9;8;7;22;5;20;26;25;13;23;52;50;17;35;30;29;27;10;26;25;13;23;52;53;2;2;51;49;47;44;43;42;25;
?;?;?;?;?;?;?;?;?;?;?;25;13;23;18;19;15;6;21;26;25;13;23;52;53;2;2;51;49;47;44;43;27;10;9;8;7;22;5;20;20;20;26;25;39;37;33;32;12;11;
?;?;?;?;?;?;?;?;?;?;?;51;49;47;44;43;42;25;13;23;52;50;17;35;30;29;27;10;9;8;7;22;5;20;20;20;20;26;25;13;23;52;53;2;51;49;47;44;43;27;
?;?;?;?;?;?;?;?;?;?;?;15;6;26;25;13;23;52;53;2;51;49;47;44;43;27;10;26;25;13;23;52;53;2;2;51;49;47;44;43;27;10;9;8;26;25;13;23;52;53;
?;?;?;?;?;?;?;?;?;?;?;3;48;46;45;43;27;10;9;8;7;22;5;20;26;25;13;23;18;19;15;6;21;4;26;25;13;23;52;53;2;2;2;2;51;49;47;44;43;27;
?;?;?;?;?;?;?;?;?;?;?;25;13;23;52;53;3;48;46;45;43;42;25;13;23;52;53;3;48;46;45;43;27;10;9;8;7;22;5;20;20;26;25;13;23;52;53;2;51;49;
?;?;?;?;?;?;?;?;?;?;?;2;2;2;2;2;2;2;2;2;2;2;2;2;2;2;2;2;51;49;47;44;43;27;10;9;8;7;22;26;25;13;23;52;53;2;2;2;2;2;
?;?;?;?;?;?;?;?;?;?;?;0;29;27;26;25;13;23;52;53;3;48;46;45;26;25;13;23;52;53;2;51;49;47;44;43;27;10;9;8;7;22;5;20;20;20;26;25;13;23;
?;?;?;?;?;?;?;?;?;?;?;2;2;2;2;51;49;47;44;43;27;10;9;8;7;22;5;20;20;20;20;20;20;20;20;20;20;20;26;25;13;23;52;53;2;2;2;2;2;51;
?;?;?;?;?;?;?;?;?;?;?;25;13;23;52;53;2;2;2;2;2;2;2;2;2;51;49;47;44;43;27;10;9;8;7;22;5;26;25;13;23;52;53;3;48;46;45;43;27;26;
?;?;?;?;?;?;?;?;?;?;?;40;36;16;31;28;11;10;9;8;26;25;13;23;52;53;2;51;49;47;44;42;25;13;23;52;53;2;2;2;2;2;2;2;2;2;2;2;2;2;
?;?;?;?;?;?;?;?;?;?;?;17;35;62;60;58;56;52;53;2;2;51;49;47;44;43;27;10;9;8;7;22;5;20;20;26;25;13;23;52;53;2;51;49;47;44;43;27;10;9;