?;?;?;?;?;?;?;1;2;2;2;2;2;2;2;2;2;2;3;6;5;0;0;0;0;0;0;4;7;1;2;2;2;2;2;2;2;2;3;6;5;0;0;0;0;0;0;4;7;1;
?;?;?;?;?;?;?;5;0;0;0;4;7;1;3;6;5;0;0;0;0;0;4;7;1;2;2;2;2;2;2;2;2;2;2;2;2;2;3;6;4;7;1;2;2;2;2;2;2;2;
?;?;?;?;?;?;?;5;0;0;0;4;7;1;2;3;6;4;7;1;2;2;2;2;2;3;6;5;0;0;4;3;6;5;0;0;0;0;0;0;4;7;1;2;2;2;2;3;6;5;
?;?;?;?;?;?;?;0;0;4;7;1;2;2;3;6;5;0;0;0;4;7;1;2;2;2;2;2;3;6;5;0;0;0;0;0;0;4;7;1;2;2;2;2;2;2;2;2;2;2;
?;?;?;?;?;?;?;1;2;3;6;5;0;0;0;4;7;1;2;2;2;3;6;5;4;7;1;2;2;2;3;6;5;0;0;0;4;7;1;2;2;2;2;2;2;2;2;2;2;2;
?;?;?;?;?;?;?;0;0;0;4;7;1;2;2;2;2;2;2;2;2;2;2;3;6;5;0;0;0;0;4;7;1;2;2;2;2;2;2;2;2;2;2;2;2;3;6;5;0;0;
?;?;?;?;?;?;?;1;2;2;2;2;3;6;5;4;7;1;3;6;5;0;0;0;0;0;0;4;7;1;2;2;2;2;2;2;2;2;2;3;6;5;0;0;0;0;0;0;4;7;
?;?;?;?;?;?;?;0;0;0;0;4;7;1;2;2;2;3;6;5;0;0;0;0;4;7;1;2;2;2;2;2;2;2;2;2;2;2;2;2;2;2;2;2;2;2;2;2;2;2;
?;?;?;?;?;?;?;2;2;2;2;2;2;2;2;2;2;2;2;2;2;2;2;2;2;2;2;2;2;2;2;2;2;2;2;2;2;2;2;2;2;2;2;2;2;2;2;2;2;2;
?;?;?;?;?;?;?;5;0;0;4;7;1;2;2;3;6;5;0;0;4;7;1;2;2;2;3;6;5;0;0;4;7;1;2;3;6;5;0;0;0;4;7;1;2;2;2;3;6;5;
?;?;?;?;?;?;?;5;0;4;7;1;2;2;2;2;3;6;5;4;7;1;2;2;3;6;5;0;0;0;0;0;0;0;0;0;0;0;0;0;0;0;0;4;7;1;2;2;2;2;
?;?;?;?;?;?;?;0;0;0;4;7;1;2;3;6;5;0;0;4;7;1;2;2;3;6;4;7;1;2;2;2;2;2;2;3;6;5;0;0;0;0;4;7;1;2;2;3;6;5;
?;?;?;?;?;?;?;0;0;0;0;4;7;1;2;2;2;2;2;2;2;2;2;2;2;2;2;2;2;2;2;2;3;6;5;0;0;0;0;0;0;0;0;0;4;7;1;2;2;2;
?;?;?;?;?;?;?;5;0;0;4;7;1;2;2;2;3;6;5;0;0;0;0;0;0;0;0;0;0;0;4;7;1;2;2;2;2;2;2;2;2;2;2;2;3;6;5;0;0;0;
?;?;?;?;?;?;?;5;0;4;7;1;2;2;2;3;6;5;0;0;0;0;4;7;1;2;3;6;5;0;0;0;0;0;0;0;0;0;0;0;4;7;1;2;2;3;6;5;0;0;
?;?;?;?;?;?;?;1;2;2;2;2;2;2;3;6;5;0;0;0;4;7;1;2;2;2;2;2;2;3;6;5;0;0;0;0;0;4;7;1;2;2;3;6;5;0;0;0;0;0;
?;?;?;?;?;?;?;0;4;7;1;2;2;2;2;2;2;2;2;2;2;3;6;5;0;0;0;0;0;0;4;7;1;2;2;2;2;2;3;6;5;0;0;0;0;0;0;0;0;0;
?;?;?;?;?;?;?;5;0;4;7;1;2;2;2;3;6;5;0;0;0;4;7;1;2;2;3;6;5;0;0;0;0;0;0;0;0;0;0;4;7;1;2;2;2;2;2;2;2;3;
?;?;?;?;?;?;?;5;0;4;7;1;2;2;2;2;2;3;6;5;0;0;0;0;0;0;0;0;0;0;0;4;7;1;2;2;2;2;2;2;2;2;3;6;5;0;0;0;0;0;
?;?;?;?;?;?;?;1;2;2;3;6;5;0;4;7;1;2;2;2;2;2;2;2;2;2;2;2;3;6;5;0;0;0;0;0;0;0;0;0;0;0;0;0;0;0;0;0;4;7;
?;?;?;?;?;?;?;1;2;2;2;3;6;4;7;1;2;2;2;2;2;2;3;6;5;4;7;1;3;6;5;0;0;0;0;4;7;1;2;2;2;3;6;5;0;0;0;0;4;7;
?;?;?;?;?;?;?;2;2;2;2;2;2;2;2;2;3;6;5;0;0;0;0;0;0;0;0;0;0;0;0;4;7;1;2;2;2;2;3;6;5;0;0;0;0;0;0;4;7;1;
?;?;?;?;?;?;?;5;0;0;0;0;0;0;0;0;0;0;0;0;0;4;7;1;2;2;2;2;2;2;2;2;2;2;3;6;5;0;0;0;0;0;0;0;0;0;0;0;0;0;
?;?;?;?;?;?;?;2;2;2;2;3;6;5;0;0;0;0;0;0;0;0;0;0;0;0;0;0;0;4;7;1;2;2;2;2;2;2;2;2;2;2;2;2;2;2;2;2;2;2;
?;?;?;?;?;?;?;0;0;0;4;7;1;2;2;2;2;2;2;2;2;2;2;2;2;2;3;6;5;0;0;0;0;0;0;0;0;0;0;0;0;0;0;0;0;0;0;0;0;4;
?;?;?;?;?;?;?;2;3;6;5;0;0;0;0;4;7;1;2;2;2;2;2;2;3;6;5;0;0;0;0;0;0;0;0;0;0;0;0;0;0;4;7;1;2;2;3;6;5;0;
?;?;?;?;?;?;?;0;0;0;0;0;0;0;0;4;7;1;2;2;2;2;2;2;2;2;2;3;6;5;0;4;7;1;2;2;2;2;2;2;3;6;5;0;0;0;0;4;7;1;
?;?;?;?;?;?;?;1;2;3;6;5;0;0;0;4;7;1;2;2;2;2;2;2;2;2;2;3;6;5;0;0;0;0;4;7;1;2;2;2;3;6;5;0;0;0;0;0;4;7;
?;?;?;?;?;?;?;1;2;2;2;2;2;2;3;6;5;0;4;7;1;2;2;2;2;2;2;3;6;5;0;0;0;0;0;0;0;0;0;0;0;0;0;0;0;0;0;0;0;0;
?;?;?;?;?;?;?;5;0;0;0;0;0;0;4;7;3;6;5;0;0;0;0;0;0;0;4;7;1;2;2;2;2;2;2;2;2;2;2;2;2;2;2;2;2;3;6;5;4;7;
?;?;?;?;?;?;?;1;2;2;3;6;5;0;0;4;7;1;2;2;2;2;2;3;6;5;0;0;0;0;0;0;0;0;4;7;1;2;2;2;2;2;2;2;2;2;2;2;2;2;
?;?;?;?;?;?;?;5;0;0;4;7;1;2;2;3;6;5;0;0;0;0;4;7;1;3;6;5;0;0;0;0;4;7;1;2;2;2;2;2;2;3;6;5;0;0;0;0;0;0;
?;?;?;?;?;?;?;1;2;2;3;6;5;0;0;0;0;0;0;0;0;0;0;0;0;0;4;7;1;2;2;2;2;2;2;2;2;2;2;2;2;2;2;2;3;6;5;0;0;0;
?;?;?;?;?;?;?;7;1;2;2;2;2;2;2;2;2;2;2;2;2;2;2;2;2;2;2;2;2;2;2;2;2;2;2;3;6;5;0;0;0;0;0;0;0;0;0;0;0;0;
?;?;?;?;?;?;?;2;2;2;3;6;5;0;0;0;0;0;0;0;0;4;7;1;2;2;2;2;2;2;2;3;6;5;0;0;0;0;0;0;0;0;4;7;1;2;2;2;2;3;
?;?;?;?;?;?;?;2;2;2;2;3;6;5;0;0;0;0;0;0;0;0;0;0;4;7;1;2;2;2;3;6;5;0;0;0;0;0;0;0;0;0;4;7;1;2;2;2;2;2;
?;?;?;?;?;?;?;2;2;2;3;6;5;0;0;0;4;7;1;2;2;3;6;5;0;4;7;1;2;2;2;3;6;5;0;0;0;4;7;1;2;2;2;2;2;2;2;2;2;2;
?;?;?;?;?;?;?;1;2;3;6;5;0;0;0;4;7;1;2;3;6;5;0;0;4;7;1;2;2;2;3;6;5;0;0;4;7;1;2;2;2;2;2;2;2;3;6;5;0;0;
?;?;?;?;?;?;?;1;2;2;2;3;6;5;0;4;7;1;2;3;6;5;0;0;4;7;1;2;2;2;2;3;6;4;7;1;2;2;2;2;2;2;2;2;3;6;5;0;0;0;
?;?;?;?;?;?;?;0;0;4;7;1;2;2;2;3;6;5;0;0;0;0;4;7;1;2;2;2;2;2;2;2;2;2;2;2;2;3;6;5;0;0;0;0;0;0;0;0;0;0;
?;?;?;?;?;?;?;1;2;2;2;2;2;2;2;2;2;2;2;3;6;5;0;0;0;0;0;0;0;0;0;0;0;0;0;4;7;1;2;2;2;3;6;4;7;1;2;2;2;2;
?;?;?;?;?;?;?;1;2;2;3;6;5;0;4;7;1;2;2;2;2;3;6;5;0;0;0;0;0;0;0;0;4;7;1;2;2;2;2;2;3;6;5;0;0;0;0;0;0;0;
?;?;?;?;?;?;?;2;2;2;2;2;3;6;5;0;0;0;4;7;1;2;2;2;2;2;2;3;6;5;4;7;1;2;2;2;3;6;5;0;0;0;0;0;0;0;0;0;0;0;
?;?;?;?;?;?;?;5;0;0;4;7;1;2;2;3;6;5;0;0;0;4;7;1;2;2;3;6;5;0;0;0;0;0;4;7;1;2;2;2;2;2;2;2;2;2;2;2;2;2;
?;?;?;?;?;?;?;2;2;2;2;2;2;2;2;2;2;2;2;2;3;6;5;0;0;4;7;1;2;2;2;2;3;6;5;0;0;0;0;0;0;0;4;7;1;2;2;2;2;2;
?;?;?;?;?;?;?;5;0;0;0;0;0;0;0;0;0;0;0;4;7;1;2;2;2;2;2;2;3;6;5;0;0;4;7;1;2;2;2;2;2;2;2;2;2;2;3;6;5;0;
?;?;?;?;?;?;?;0;4;7;1;2;2;2;2;2;3;6;5;0;0;0;0;0;0;0;0;0;4;7;1;2;2;2;3;6;5;0;0;0;4;7;1;2;2;2;2;2;3;6;
?;?;?;?;?;?;?;0;0;0;4;7;1;2;2;2;2;2;2;2;2;2;3;6;5;0;0;0;0;4;7;1;2;2;2;3;6;5;0;0;0;0;0;0;0;0;0;0;0;4;
?;?;?;?;?;?;?;1;2;2;3;6;5;0;4;7;1;2;2;2;2;2;3;4;7;1;2;2;2;2;2;3;6;5;0;0;0;0;0;0;0;0;0;0;0;0;4;7;1;2;
?;?;?;?;?;?;?;2;2;2;2;2;3;6;5;0;0;0;0;0;0;0;0;0;0;0;4;7;1;2;2;2;2;2;2;2;3;6;5;0;4;7;1;2;2;2;2;2;2;3;
?;?;?;?;?;?;?;2;2;2;2;2;2;2;2;3;6;5;0;0;0;0;0;0;0;0;0;0;4;7;1;3;6;5;0;0;0;0;0;4;7;1;2;2;3;6;5;0;0;0;
?;?;?;?;?;?;?;2;2;2;2;2;2;2;2;2;2;3;6;5;0;0;0;0;0;0;0;0;0;0;0;4;7;1;2;2;2;2;2;2;2;2;2;2;2;2;2;2;2;2;
?;?;?;?;?;?;?;5;0;4;7;1;2;2;2;3;6;5;0;0;0;4;7;1;2;2;2;2;2;2;2;2;2;2;3;6;5;0;0;0;0;0;0;0;0;0;0;0;0;0;
?;?;?;?;?;?;?;5;0;0;4;7;1;2;2;2;2;2;2;2;2;2;2;2;3;6;5;0;0;0;0;0;0;4;7;1;2;2;2;2;2;2;2;3;6;5;0;0;0;4;
?;?;?;?;?;?;?;5;0;0;4;7;1;2;2;3;6;5;0;4;7;1;2;2;2;2;3;6;5;0;0;0;0;0;0;0;0;0;0;0;0;4;7;1;2;3;6;5;0;0;
?;?;?;?;?;?;?;5;4;7;1;2;2;2;2;2;2;3;6;5;0;0;0;0;0;0;0;0;4;7;1;2;2;2;2;2;2;2;3;6;5;0;0;0;0;0;0;0;0;0;
?;?;?;?;?;?;?;1;2;3;6;5;0;0;0;4;7;1;2;2;2;2;3;6;5;0;0;0;0;0;0;0;0;0;0;0;4;7;1;2;2;2;2;2;2;2;2;3;6;5;
?;?;?;?;?;?;?;5;4;7;1;2;2;2;3;6;5;0;0;0;0;0;4;7;1;2;2;2;3;6;5;0;0;0;0;0;0;4;7;1;2;2;2;2;2;2;2;2;2;2;
?;?;?;?;?;?;?;0;0;0;0;0;0;0;0;0;4;7;1;2;2;2;2;2;2;2;2;2;2;2;2;2;2;2;2;2;2;2;2;2;2;2;2;2;2;2;2;2;2;2;
?;?;?;?;?;?;?;1;2;2;2;2;2;2;2;2;2;2;2;2;2;2;2;2;2;2;2;2;2;2;3;6;5;0;0;0;0;4;7;1;2;2;3;6;5;0;0;0;0;0;
?;?;?;?;?;?;?;2;2;2;2;3;6;5;4;7;3;6;5;0;0;0;0;0;4;7;1;2;2;2;2;3;6;5;0;0;0;0;0;0;0;0;0;0;0;0;4;7;1;2;
?;?;?;?;?;?;?;0;0;0;0;0;4;7;1;2;2;2;2;2;2;2;3;6;5;0;0;0;0;0;0;0;4;7;1;2;2;2;2;2;2;2;2;2;2;2;2;2;2;2;
?;?;?;?;?;?;?;2;2;2;3;6;5;4;7;1;2;2;2;3;6;5;0;0;0;4;7;1;2;2;3;6;5;0;0;0;0;0;0;0;4;7;1;2;2;2;2;2;2;2;
?;?;?;?;?;?;?;5;0;0;4;7;1;2;3;6;5;0;0;0;4;7;1;2;2;2;3;6;5;0;4;7;1;2;2;2;3;6;5;0;0;0;0;0;4;7;1;2;2;2;
?;?;?;?;?;?;?;0;0;0;0;4;7;1;2;2;2;2;3;6;5;0;0;0;0;0;4;7;1;2;2;2;2;2;3;6;5;0;0;0;4;7;1;2;3;6;5;0;0;0;
?;?;?;?;?;?;?;1;2;2;2;2;2;2;3;6;5;0;0;0;0;0;0;0;0;0;0;0;0;4;7;1;2;2;2;2;2;2;2;2;2;3;6;5;0;0;0;0;0;0;
?;?;?;?;?;?;?;2;2;2;3;6;5;0;0;4;7;1;2;3;6;5;0;0;0;0;0;4;7;3;6;5;0;0;4;7;1;2;3;6;5;0;0;0;4;7;1;2;2;2;
?;?;?;?;?;?;?;1;2;3;6;5;0;0;4;7;1;2;2;2;2;3;6;5;0;0;0;0;0;4;7;1;2;2;2;2;2;2;2;3;6;5;0;0;0;0;4;7;1;2;
?;?;?;?;?;?;?;5;0;4;7;1;2;2;2;2;2;2;2;2;2;3;6;5;0;0;0;0;0;0;0;0;0;0;0;4;7;1;2;2;2;3;6;5;0;0;0;0;0;0;
?;?;?;?;?;?;?;0;0;0;0;4;7;1;3;6;5;0;4;7;1;2;2;2;2;3;6;5;0;0;4;7;1;2;2;2;2;2;3;6;5;0;0;0;0;0;0;0;0;0;
?;?;?;?;?;?;?;2;2;2;2;2;2;2;2;2;2;2;2;2;2;3;6;5;0;0;0;0;0;0;0;0;0;0;0;0;0;0;0;0;0;0;0;0;0;0;4;7;1;2;
?;?;?;?;?;?;?;0;0;0;0;0;0;0;0;0;0;0;4;7;1;2;2;2;2;2;2;3;6;5;0;4;7;1;2;2;2;2;2;2;2;3;6;5;0;0;0;0;0;0;
?;?;?;?;?;?;?;5;0;0;4;7;1;2;2;3;6;5;0;4;7;1;2;2;2;2;2;3;6;5;0;0;0;0;0;0;0;0;4;7;1;2;2;3;6;5;0;0;4;7;
?;?;?;?;?;?;?;1;2;2;2;3;6;5;4;7;1;2;2;2;3;6;5;0;0;0;0;0;0;0;0;0;0;0;0;0;0;0;0;0;4;7;1;2;2;2;2;2;2;2;
?;?;?;?;?;?;?;1;2;2;3;6;5;0;0;4;7;1;2;2;3;6;5;0;0;4;7;1;2;2;3;6;5;0;0;0;0;0;0;4;7;1;2;2;2;2;2;2;2;2;
?;?;?;?;?;?;?;5;0;0;0;0;0;0;4;7;1;2;2;2;2;2;2;2;2;2;2;2;2;2;3;6;5;4;7;1;2;2;2;3;6;5;0;0;0;0;0;0;0;4;
?;?;?;?;?;?;?;0;0;4;7;1;2;2;2;3;6;5;0;0;0;4;7;1;2;2;2;2;2;2;2;2;2;3;6;5;0;0;0;0;0;0;0;4;7;1;2;2;2;2;
?;?;?;?;?;?;?;5;0;0;0;0;0;4;7;1;2;2;2;2;2;3;6;5;0;0;0;0;0;0;0;0;0;0;0;4;7;1;2;2;2;2;2;3;6;4;7;1;2;2;
?;?;?;?;?;?;?;5;0;0;4;7;1;2;3;6;5;0;0;0;4;7;1;2;3;6;5;0;0;0;4;7;1;2;2;3;6;5;0;0;0;4;7;1;2;2;2;2;2;2;
?;?;?;?;?;?;?;2;2;2;2;3;6;5;0;0;0;0;4;7;1;2;2;2;2;2;3;6;5;0;0;0;0;0;0;0;0;0;0;0;0;0;0;0;0;0;0;0;0;0;
?;?;?;?;?;?;?;5;0;0;0;4;7;1;2;2;2;2;2;2;2;2;2;3;6;5;0;0;0;0;0;4;7;1;2;2;3;6;5;0;0;0;4;7;1;2;2;2;2;2;
?;?;?;?;?;?;?;3;6;5;0;0;0;4;7;1;2;2;2;2;2;3;6;5;0;0;0;0;0;0;0;0;0;0;4;7;1;2;2;2;2;3;6;5;0;0;0;0;0;0;
?;?;?;?;?;?;?;2;2;3;6;5;0;0;0;4;7;1;2;2;3;6;5;0;4;7;1;2;2;2;2;2;3;6;5;0;0;0;4;7;1;2;3;6;5;0;0;0;0;0;
?;?;?;?;?;?;?;2;3;6;5;4;7;1;2;2;2;2;2;2;3;6;5;0;0;0;0;0;0;0;0;0;0;4;7;1;2;2;2;2;2;2;2;2;2;2;2;2;2;2;
?;?;?;?;?;?;?;5;0;0;4;7;1;2;2;2;2;2;2;2;2;2;2;2;3;6;5;0;0;0;0;0;4;7;1;2;3;6;5;0;0;0;0;0;0;0;4;7;1;2;
?;?;?;?;?;?;?;5;0;4;7;1;2;2;2;2;2;2;2;2;2;2;2;2;2;2;2;3;6;5;0;0;0;0;0;0;0;0;0;0;0;0;0;0;0;0;4;7;1;2;
?;?;?;?;?;?;?;4;7;1;2;2;2;2;2;2;2;2;2;2;2;2;3;6;5;0;0;0;4;7;1;2;2;2;2;2;3;6;5;0;0;0;0;0;0;0;0;0;0;0;
?;?;?;?;?;?;?;2;2;3;6;5;0;0;0;0;0;0;4;3;6;5;0;0;0;0;0;0;0;0;0;0;0;4;7;1;2;2;2;2;2;2;2;2;2;2;2;2;3;6;
?;?;?;?;?;?;?;1;2;2;3;6;5;0;0;0;0;0;0;0;0;0;0;0;4;7;1;2;2;2;2;2;2;3;6;5;4;7;1;2;2;2;2;2;2;3;6;5;0;0;
?;?;?;?;?;?;?;5;0;0;0;0;0;0;0;0;0;0;4;7;1;2;2;2;3;6;5;0;0;0;0;4;7;1;2;2;2;2;2;3;6;5;0;0;0;0;0;0;0;0;
?;?;?;?;?;?;?;5;0;0;0;4;7;1;2;2;2;2;2;3;6;5;0;0;0;0;4;7;1;2;2;2;2;2;2;3;6;5;0;0;0;0;0;4;7;1;2;2;2;2;
?;?;?;?;?;?;?;0;0;0;0;4;7;1;2;2;2;2;2;2;2;2;2;2;2;3;6;5;0;4;7;1;2;2;2;2;3;6;5;0;0;0;0;0;4;7;1;2;2;2;
?;?;?;?;?;?;?;0;0;0;0;0;0;0;0;4;7;1;2;3;6;5;0;0;0;0;0;0;4;7;1;2;2;2;2;2;2;2;2;2;2;2;2;2;3;6;5;0;0;0;
?;?;?;?;?;?;?;2;2;2;3;6;5;0;0;4;7;1;2;2;3;6;5;0;0;0;4;7;1;2;2;2;2;2;3;6;5;0;0;0;0;0;0;0;0;0;0;0;0;4;
?;?;?;?;?;?;?;1;2;2;3;6;5;0;4;7;1;2;2;2;3;6;5;0;4;7;1;2;2;2;2;2;3;6;5;0;0;0;4;7;1;2;2;2;3;6;5;0;0;0;
?;?;?;?;?;?;?;2;2;2;2;3;6;5;0;0;4;7;1;2;2;2;2;2;2;3;6;5;0;0;0;0;0;0;0;0;0;4;7;1;2;2;2;2;2;2;2;3;6;5;
?;?;?;?;?;?;?;2;2;2;3;6;5;0;0;0;0;4;7;3;6;5;4;7;1;2;2;2;2;2;3;6;5;0;0;0;4;7;1;2;2;3;6;5;0;0;0;0;4;7;
?;?;?;?;?;?;?;6;5;0;0;4;7;1;2;2;2;3;6;5;0;0;0;0;0;0;0;0;4;7;1;2;2;2;3;6;5;0;0;0;4;7;1;2;2;2;2;2;3;6;
?;?;?;?;?;?;?;2;2;2;2;2;2;2;2;2;2;2;3;6;5;0;0;0;0;0;0;0;0;0;0;0;0;0;0;4;7;1;2;2;2;2;2;3;6;5;0;0;0;0;
?;?;?;?;?;?;?;0;0;0;4;7;1;2;2;2;2;3;6;5;4;7;1;2;2;2;3;6;5;0;0;0;0;0;0;0;0;0;0;0;0;4;7;1;2;2;2;2;3;6;
?;?;?;?;?;?;?;1;2;3;6;5;0;0;4;7;1;2;2;2;2;2;3;6;5;0;0;0;0;0;0;0;0;0;0;4;7;1;2;2;2;2;2;3;6;5;0;0;0;0;
?;?;?;?;?;?;?;2;2;2;2;3;6;4;7;1;2;2;2;2;3;6;5;0;0;0;0;0;0;0;0;0;0;0;0;0;0;0;0;0;0;0;0;0;0;0;4;7;1;2;
?;?;?;?;?;?;?;1;2;2;3;6;5;0;0;4;7;1;2;2;2;3;6;5;4;7;1;2;2;3;6;5;0;0;0;0;0;4;7;1;2;2;2;3;6;5;0;0;0;0;
?;?;?;?;?;?;?;1;2;2;2;3;4;7;1;2;2;2;2;2;2;3;6;5;0;0;0;0;0;0;0;0;0;0;0;0;4;7;1;2;2;2;2;2;2;2;2;2;2;2;
?;?;?;?;?;?;?;6;5;0;0;0;0;0;0;0;0;0;0;0;0;4;7;1;2;2;2;2;3;6;4;7;1;2;2;2;2;2;3;6;5;0;0;0;0;0;0;0;0;0;
?;?;?;?;?;?;?;2;2;2;2;3;6;5;0;0;0;0;0;0;0;0;0;0;0;4;7;1;2;2;3;6;5;0;4;7;1;2;2;2;2;2;2;2;2;2;3;6;5;0;
?;?;?;?;?;?;?;1;2;2;3;6;4;7;1;2;2;2;2;2;2;3;6;5;0;0;0;0;0;0;0;0;0;0;4;7;1;2;2;2;3;6;5;0;0;0;0;0;0;4;
?;?;?;?;?;?;?;1;2;3;6;5;0;0;0;0;4;7;1;2;2;2;2;2;2;2;2;2;2;2;2;2;2;2;2;2;2;2;2;2;3;6;5;0;0;0;0;0;0;0;
?;?;?;?;?;?;?;0;4;7;1;2;3;6;5;0;0;0;0;0;4;7;1;2;2;2;2;2;2;2;2;2;2;2;2;2;2;2;2;2;2;2;2;2;3;6;5;0;4;7;
?;?;?;?;?;?;?;0;0;0;4;7;1;2;2;3;6;5;0;4;7;1;2;2;2;2;2;3;6;4;7;1;2;2;2;3;6;5;0;0;0;0;0;4;7;1;2;2;2;2;
?;?;?;?;?;?;?;5;0;4;7;1;2;2;2;2;3;6;5;0;0;0;4;7;1;3;6;5;0;0;0;0;0;0;0;0;0;0;0;4;7;1;2;2;2;2;2;2;2;3;
?;?;?;?;?;?;?;5;0;0;4;7;1;2;2;3;6;5;0;0;4;7;1;2;2;2;3;6;5;0;0;0;0;4;7;1;2;3;6;5;0;0;0;0;0;0;4;7;1;2;
?;?;?;?;?;?;?;2;3;6;5;0;0;0;0;4;7;1;2;3;6;5;0;0;0;0;4;7;1;2;2;3;6;5;0;4;7;1;2;2;2;2;2;2;2;3;6;5;0;0;
?;?;?;?;?;?;?;1;2;2;3;6;5;0;0;0;0;0;0;4;7;1;2;2;2;2;2;2;2;2;2;2;3;6;5;0;0;0;0;0;0;0;0;0;0;0;0;0;0;0;
?;?;?;?;?;?;?;1;2;2;3;6;5;0;0;0;0;0;0;0;0;0;0;0;4;7;1;2;2;2;2;2;2;2;2;2;2;2;2;2;2;3;6;5;0;0;0;0;0;0;
?;?;?;?;?;?;?;1;2;2;3;6;5;0;0;4;7;1;2;2;2;2;2;2;2;2;2;2;2;2;2;3;6;5;0;0;0;0;0;0;0;0;0;0;0;0;4;7;1;2;
?;?;?;?;?;?;?;0;0;0;0;0;0;0;0;4;7;1;2;2;2;2;2;2;2;2;2;2;2;2;2;2;2;2;2;2;2;2;2;3;6;5;0;0;0;0;4;7;1;2;
?;?;?;?;?;?;?;2;2;2;3;6;5;0;0;0;0;0;0;0;0;0;4;7;1;2;2;2;2;2;3;6;5;0;0;0;0;0;0;0;0;0;0;0;0;0;0;0;4;7;
?;?;?;?;?;?;?;2;2;2;2;2;2;3;6;5;0;0;0;0;0;4;7;1;2;2;2;2;3;6;5;0;0;0;0;0;0;0;0;0;0;0;4;7;1;2;2;2;3;6;
?;?;?;?;?;?;?;1;3;6;5;0;0;0;0;0;0;0;0;0;0;0;0;0;0;4;7;1;2;2;2;2;2;2;2;2;2;2;2;2;2;2;2;2;2;3;6;5;0;0;
?;?;?;?;?;?;?;1;2;2;2;3;6;5;0;4;7;3;6;5;0;0;0;0;0;0;4;7;1;2;2;2;2;2;2;2;2;2;2;2;2;2;2;2;2;3;6;5;0;0;
?;?;?;?;?;?;?;1;2;3;6;5;0;0;0;0;0;4;7;1;2;2;2;2;2;2;2;2;2;2;2;2;2;2;2;2;2;2;2;2;2;2;2;2;2;2;2;2;2;3;
?;?;?;?;?;?;?;7;1;2;3;6;5;0;4;7;1;2;2;2;2;2;2;2;2;2;2;2;2;2;2;2;2;2;3;6;5;0;0;0;0;0;0;0;0;0;0;0;0;0;
?;?;?;?;?;?;?;0;0;0;0;0;4;7;1;2;2;2;2;2;2;2;2;3;6;5;0;0;4;3;6;5;0;0;0;0;0;0;4;7;1;2;2;2;2;2;3;6;5;0;
?;?;?;?;?;?;?;5;0;0;0;0;4;3;6;5;0;0;0;4;7;1;2;2;2;2;2;2;2;2;2;3;6;5;0;0;0;0;0;0;0;0;4;7;1;2;2;2;2;2;
?;?;?;?;?;?;?;6;5;0;0;0;0;0;4;7;1;2;2;2;2;2;2;2;3;6;5;0;0;0;0;0;0;0;4;7;1;2;2;2;2;3;6;5;0;0;0;0;0;0;
?;?;?;?;?;?;?;2;2;2;2;2;2;2;2;2;2;2;3;6;5;0;0;0;0;0;4;7;1;2;3;6;5;0;0;0;0;0;0;4;7;1;2;2;2;2;2;3;6;5;
?;?;?;?;?;?;?;1;2;2;3;6;5;0;4;7;1;2;2;2;2;3;6;5;0;0;0;0;4;7;1;2;2;2;2;3;6;5;0;0;0;0;0;0;0;0;4;7;1;2;
?;?;?;?;?;?;?;2;2;2;2;2;3;6;5;0;0;0;0;0;0;0;0;0;0;0;0;0;0;4;7;1;2;2;2;2;2;3;6;5;0;0;0;0;0;0;0;4;7;1;
?;?;?;?;?;?;?;2;2;2;2;2;2;2;2;2;2;2;2;2;2;2;2;2;2;2;2;2;2;2;2;2;2;2;2;2;2;2;2;2;2;2;2;2;2;2;2;2;2;2;
?;?;?;?;?;?;?;2;2;2;2;2;2;2;2;2;2;2;2;2;2;2;2;2;2;2;2;2;3;6;5;0;0;0;0;0;0;0;0;0;0;0;0;0;0;0;0;0;4;7;
?;?;?;?;?;?;?;0;0;0;0;0;0;0;4;7;1;2;2;2;2;2;2;2;2;2;2;2;3;6;5;0;0;0;0;0;0;4;7;1;2;2;2;2;2;2;2;2;2;3;
?;?;?;?;?;?;?;1;2;3;6;5;0;0;0;0;0;0;0;0;0;0;4;7;1;2;2;2;2;2;2;2;2;2;2;2;2;2;2;2;2;2;2;2;2;2;2;3;6;5;
?;?;?;?;?;?;?;5;0;0;4;7;1;2;2;3;6;5;0;0;0;4;7;1;2;3;6;5;0;0;0;4;7;1;2;2;2;2;2;2;2;2;2;3;6;5;0;0;0;0;
?;?;?;?;?;?;?;2;2;2;2;2;2;2;2;2;3;6;5;0;0;0;0;4;7;1;2;2;3;6;5;0;4;7;1;2;2;2;3;6;5;0;0;0;0;4;7;1;2;2;
?;?;?;?;?;?;?;5;0;4;7;1;2;2;2;2;3;6;5;0;0;4;7;1;2;3;6;5;0;0;0;0;0;0;0;0;0;0;4;7;1;2;2;2;2;2;2;3;6;5;
?;?;?;?;?;?;?;2;2;2;2;2;3;6;5;0;0;0;0;0;0;0;0;0;0;0;0;0;0;0;0;4;7;1;2;2;2;2;2;2;2;2;2;2;2;2;2;2;2;2;
?;?;?;?;?;?;?;5;0;0;0;0;0;0;4;7;1;2;3;6;5;0;0;0;0;0;0;0;0;0;0;0;4;7;1;2;2;2;2;2;2;2;2;2;2;2;2;3;6;5;
?;?;?;?;?;?;?;2;2;2;2;2;2;3;6;5;0;0;0;0;0;0;0;4;7;1;2;2;2;2;2;2;3;6;5;0;0;0;0;0;0;0;0;0;4;7;1;2;3;6;
?;?;?;?;?;?;?;1;2;2;3;6;5;0;4;7;1;2;2;2;2;2;2;2;2;2;2;2;2;2;2;2;3;6;5;0;0;0;0;0;0;0;0;0;0;0;0;0;0;0;
?;?;?;?;?;?;?;2;2;2;2;3;6;5;0;4;7;1;3;6;5;0;0;0;0;0;4;7;1;2;2;2;2;2;2;2;3;6;5;0;0;0;0;0;0;0;0;4;7;1;
?;?;?;?;?;?;?;5;0;4;7;1;2;2;2;3;6;5;0;0;0;0;0;4;3;6;5;0;0;0;4;7;1;3;6;5;0;0;0;0;0;0;0;0;4;7;1;2;2;2;
?;?;?;?;?;?;?;0;0;0;0;4;7;1;2;2;2;2;2;2;3;6;5;0;0;0;0;0;0;0;4;7;1;2;2;2;2;2;2;2;2;2;2;2;3;6;5;0;0;0;
?;?;?;?;?;?;?;2;2;2;3;6;5;0;0;0;0;0;0;0;0;0;0;0;0;0;0;4;7;1;2;2;2;2;2;2;2;2;2;2;2;2;2;3;6;4;7;1;2;2;
?;?;?;?;?;?;?;0;0;0;0;0;0;4;7;1;2;2;2;2;2;3;6;5;0;0;0;0;0;0;0;0;0;0;0;0;0;4;7;1;2;2;2;2;2;3;6;5;0;0;
?;?;?;?;?;?;?;0;0;0;0;0;0;0;0;0;4;7;1;2;2;2;2;2;2;2;2;3;6;5;0;4;3;6;5;0;0;0;0;0;0;0;0;4;7;1;2;2;2;2;
?;?;?;?;?;?;?;1;2;2;3;6;5;0;4;7;1;2;2;2;2;2;2;3;6;5;4;7;1;2;2;3;4;7;1;2;2;2;2;2;2;3;6;5;0;0;0;0;0;0;
?;?;?;?;?;?;?;0;0;0;4;7;1;2;2;2;3;6;5;4;7;1;2;2;3;6;5;0;0;4;7;1;2;2;2;2;2;2;2;2;2;2;2;2;3;6;5;0;0;0;
?;?;?;?;?;?;?;2;2;2;2;2;2;2;2;2;2;2;2;2;3;6;5;0;0;0;0;0;0;4;7;1;2;2;2;3;6;5;0;0;0;0;0;0;0;0;4;7;1;2;
?;?;?;?;?;?;?;1;2;2;3;6;5;0;0;0;0;0;0;0;0;0;0;0;0;4;7;1;2;2;2;2;2;2;2;2;2;2;2;2;2;2;2;2;2;2;2;2;2;2;
?;?;?;?;?;?;?;2;2;3;6;5;0;0;0;4;7;1;2;2;3;6;5;0;0;0;0;0;0;0;0;0;0;0;0;4;7;1;2;2;2;2;3;6;5;0;0;0;0;0;
?;?;?;?;?;?;?;0;0;4;7;1;2;2;2;3;6;5;0;0;0;4;7;1;2;2;2;2;2;2;2;2;2;2;2;3;6;5;4;7;1;2;2;3;6;5;0;0;0;0;
?;?;?;?;?;?;?;1;2;3;6;5;0;0;0;4;7;1;2;2;2;2;2;3;6;5;0;4;7;1;2;2;3;6;5;0;0;0;0;0;0;0;0;4;7;1;2;2;3;6;
?;?;?;?;?;?;?;2;2;2;3;6;5;0;4;7;1;2;2;2;3;6;5;0;0;0;0;0;0;0;0;0;0;0;0;0;0;0;0;0;4;7;1;2;2;2;2;2;2;2;
?;?;?;?;?;?;?;0;4;7;1;2;2;2;2;2;2;3;6;5;0;0;0;0;4;7;1;2;2;2;2;2;2;2;3;6;5;0;0;0;0;0;0;0;0;0;0;0;0;0;
?;?;?;?;?;?;?;1;2;2;2;2;2;2;2;2;2;2;2;2;2;2;3;6;5;0;0;0;0;0;0;0;0;0;0;0;4;7;1;2;3;6;5;0;4;7;1;2;2;2;
?;?;?;?;?;?;?;2;2;2;3;6;5;0;0;0;0;0;0;0;0;0;0;0;0;0;4;7;1;2;2;2;2;2;2;2;2;2;2;3;6;5;0;0;0;0;4;7;1;2;
?;?;?;?;?;?;?;7;1;3;6;5;0;0;0;0;0;0;4;7;1;2;2;2;2;2;2;2;2;2;2;2;2;2;2;2;3;6;5;0;0;0;0;0;0;0;0;0;0;0;
?;?;?;?;?;?;?;0;0;0;0;4;7;1;2;2;2;2;2;2;2;2;2;2;3;6;5;0;0;4;7;1;2;3;6;5;0;0;0;4;7;1;2;2;3;6;5;0;0;0;
?;?;?;?;?;?;?;2;2;2;3;6;5;0;0;0;0;0;0;0;0;0;0;0;4;7;1;2;2;2;3;6;5;0;0;0;0;4;7;1;2;2;2;2;2;2;2;2;2;2;
?;?;?;?;?;?;?;0;0;0;4;7;1;2;2;2;3;6;5;0;0;0;4;3;6;5;0;0;0;0;4;7;1;2;2;2;3;6;5;0;0;4;7;1;2;2;2;2;2;2;
?;?;?;?;?;?;?;1;2;2;3;6;5;0;0;4;7;1;2;3;6;5;0;0;4;7;1;2;2;2;2;2;2;2;2;2;2;2;2;3;6;5;0;0;0;0;0;0;0;0;
?;?;?;?;?;?;?;2;2;3;6;5;0;0;0;0;0;0;0;0;0;0;0;4;7;1;2;2;2;2;2;2;2;2;2;2;2;2;3;6;5;0;0;0;0;0;0;0;4;7;
?;?;?;?;?;?;?;5;0;0;4;7;1;3;6;5;0;0;0;4;7;1;2;2;2;2;3;6;5;0;0;0;0;4;7;1;2;2;3;6;5;0;0;0;0;0;0;0;0;4;
?;?;?;?;?;?;?;1;2;2;3;6;5;0;0;0;0;0;4;7;1;2;2;2;2;2;2;2;3;6;5;0;0;0;4;7;1;2;2;2;2;2;3;6;5;0;0;4;7;1;
?;?;?;?;?;?;?;2;2;2;3;6;5;0;0;0;0;0;0;0;0;0;0;0;0;4;7;1;2;2;2;3;6;5;0;4;7;1;2;2;2;2;2;2;3;6;5;0;0;0;
?;?;?;?;?;?;?;1;2;2;2;2;2;2;2;2;2;2;2;2;3;6;5;0;4;7;1;2;2;3;6;5;0;0;0;0;0;0;0;0;0;0;0;0;0;0;0;0;4;7;
?;?;?;?;?;?;?;2;2;2;3;6;5;4;7;1;2;2;2;2;2;2;2;3;6;5;0;0;0;0;0;0;4;7;1;2;2;2;2;2;3;6;5;0;0;0;0;0;0;0;
?;?;?;?;?;?;?;0;0;0;0;0;0;4;7;1;3;6;5;0;0;0;0;0;4;7;1;2;2;2;2;2;2;2;3;4;7;1;2;2;2;2;2;2;2;2;2;2;2;2;
?;?;?;?;?;?;?;1;3;6;5;0;0;0;0;4;7;1;2;2;2;2;3;6;5;0;4;7;1;2;2;2;2;2;3;6;5;0;0;0;0;0;0;0;0;0;0;0;0;0;
?;?;?;?;?;?;?;0;0;0;0;0;0;4;7;1;2;2;2;2;2;2;3;6;5;0;0;0;0;0;0;4;7;1;2;2;2;2;2;2;2;3;6;5;0;0;0;0;0;0;
?;?;?;?;?;?;?;0;0;0;4;7;1;2;2;2;2;2;2;2;3;6;5;0;0;0;0;0;4;7;1;2;2;2;2;3;6;5;0;0;0;0;0;0;0;4;7;1;2;2;
?;?;?;?;?;?;?;0;0;0;0;0;0;0;0;0;0;0;4;7;1;2;2;2;2;2;2;2;2;2;2;2;2;2;2;2;2;2;2;2;2;3;6;5;0;0;0;0;0;0;
?;?;?;?;?;?;?;1;2;2;3;6;5;0;0;0;0;0;0;0;0;0;0;0;0;0;4;7;1;2;2;2;2;2;2;2;2;2;2;2;2;2;2;3;6;5;0;0;0;4;
?;?;?;?;?;?;?;2;2;3;6;5;0;0;0;4;7;1;2;2;2;2;2;2;2;2;2;2;2;3;6;5;0;0;0;0;0;0;0;0;0;0;4;7;1;3;6;5;0;0;
?;?;?;?;?;?;?;2;2;2;2;3;6;5;0;0;4;7;1;2;2;2;2;2;2;3;6;5;0;0;0;0;0;0;0;0;4;7;1;2;2;2;2;2;2;3;6;5;4;7;
?;?;?;?;?;?;?;2;2;2;3;6;5;0;0;0;0;0;0;0;0;0;0;0;0;0;0;0;0;0;0;0;4;7;1;2;2;2;2;3;6;5;0;0;0;0;4;7;1;2;
?;?;?;?;?;?;?;5;0;0;4;7;1;2;2;3;6;5;0;0;4;7;1;2;2;2;3;6;5;0;0;0;0;0;0;0;0;0;0;4;7;1;2;2;2;2;2;2;3;6;
?;?;?;?;?;?;?;2;2;2;2;2;2;2;2;2;2;2;2;3;6;5;0;0;0;0;0;0;0;0;0;0;0;0;0;0;0;0;0;0;0;0;0;4;7;1;2;2;2;2;
?;?;?;?;?;?;?;0;0;0;4;7;1;2;2;2;2;2;2;2;2;2;2;2;2;2;2;3;6;5;0;0;0;0;0;0;0;0;4;7;1;2;2;2;2;2;2;3;6;5;
?;?;?;?;?;?;?;5;0;0;4;7;1;2;2;3;6;5;0;0;0;0;0;0;0;0;0;0;4;7;1;2;2;2;2;2;2;2;2;3;6;5;0;0;0;0;4;7;1;2;
?;?;?;?;?;?;?;0;0;0;4;7;1;3;6;5;0;0;0;0;4;7;1;2;2;2;2;2;2;2;3;6;5;0;0;0;0;0;0;0;0;0;0;0;4;7;1;2;2;2;
?;?;?;?;?;?;?;5;0;0;0;4;7;1;2;2;3;6;5;0;4;7;1;2;2;2;2;2;2;2;2;2;2;2;2;2;2;2;2;2;2;3;6;5;0;0;0;0;0;0;
?;?;?;?;?;?;?;1;2;2;3;6;5;0;0;4;7;1;2;2;3;6;5;0;0;0;0;0;0;0;0;0;0;0;0;0;0;4;3;6;5;0;0;4;7;1;2;2;2;2;
?;?;?;?;?;?;?;1;2;3;6;5;0;0;0;0;0;4;7;1;2;3;6;5;0;0;0;4;7;1;2;2;2;2;2;2;2;2;3;6;5;0;0;0;0;0;0;0;4;7;
?;?;?;?;?;?;?;1;2;2;3;6;5;0;0;4;7;1;2;2;2;2;2;2;2;2;2;2;2;2;3;6;5;0;0;0;0;4;7;1;2;2;2;2;2;2;2;2;2;2;
?;?;?;?;?;?;?;5;0;0;4;7;1;2;3;6;5;0;0;0;0;0;4;7;1;2;2;2;2;3;6;5;0;0;0;0;0;0;0;4;7;1;2;2;2;2;2;2;2;2;
?;?;?;?;?;?;?;0;0;0;0;0;0;0;0;4;7;1;2;2;2;2;2;2;2;2;2;2;2;2;2;3;6;5;0;0;0;0;4;7;1;2;3;6;5;0;0;0;0;4;
?;?;?;?;?;?;?;1;2;2;3;6;5;0;0;0;0;0;0;0;0;0;0;4;7;1;2;2;3;6;5;0;0;0;0;4;7;1;2;2;2;2;2;3;6;5;0;0;4;7;
?;?;?;?;?;?;?;5;0;0;4;7;1;2;3;6;5;0;0;4;7;1;2;2;2;2;2;3;6;5;0;0;0;0;0;0;0;0;0;0;0;0;4;7;3;6;5;0;0;0;
?;?;?;?;?;?;?;2;2;2;2;3;6;5;0;0;4;7;1;2;2;3;6;5;0;0;0;0;0;0;0;0;0;0;0;0;0;4;7;1;2;2;2;2;3;6;5;0;0;0;
?;?;?;?;?;?;?;1;2;3;6;5;0;4;7;1;2;2;2;2;3;6;5;0;0;0;0;4;7;1;2;2;2;2;2;3;6;5;0;0;0;0;0;0;4;7;1;2;2;2;
?;?;?;?;?;?;?;1;2;2;2;3;6;5;0;0;0;0;0;0;0;0;0;0;4;7;1;2;3;6;5;0;0;0;4;7;1;2;2;2;2;2;2;2;3;6;5;0;0;0;
?;?;?;?;?;?;?;5;0;0;4;7;1;2;2;2;3;6;5;0;0;4;7;1;2;2;2;3;6;5;0;0;0;0;0;0;0;0;0;0;0;4;7;1;2;2;2;2;3;6;
?;?;?;?;?;?;?;1;2;2;2;2;2;2;2;2;2;2;2;2;2;2;2;2;2;2;2;2;3;6;5;0;0;0;0;0;0;0;0;4;7;1;2;2;2;2;2;2;2;2;
?;?;?;?;?;?;?;1;3;6;5;0;0;0;4;7;1;2;2;2;3;6;5;0;4;7;1;2;2;2;2;3;6;5;0;0;0;0;0;0;0;0;0;0;0;0;4;7;1;2;
?;?;?;?;?;?;?;2;2;2;2;2;2;2;2;3;6;5;0;0;0;0;0;0;0;0;0;0;0;0;0;0;0;0;0;0;0;0;4;7;1;2;2;2;2;2;2;2;2;3;
?;?;?;?;?;?;?;0;0;0;4;7;1;2;2;2;2;2;2;2;2;2;2;2;2;3;6;5;0;0;0;0;0;0;0;0;0;4;7;1;2;2;2;3;6;5;0;0;0;4;
?;?;?;?;?;?;?;0;0;0;4;3;6;5;0;0;0;0;0;0;4;7;1;2;2;2;2;3;6;5;0;4;7;1;2;2;2;2;2;2;2;2;2;2;2;2;2;2;2;2;
?;?;?;?;?;?;?;1;2;2;3;6;5;4;7;1;2;2;2;2;2;3;6;5;0;0;0;0;0;0;0;0;0;0;0;4;7;1;2;2;2;2;3;6;5;0;0;0;0;0;