?;?;?;?;0;1;5;4;2;2;2;2;2;2;2;2;2;2;3;7;6;0;0;0;0;0;0;1;5;4;2;2;2;2;2;2;2;2;3;7;6;0;0;0;0;0;0;1;5;4;
?;?;?;?;2;3;7;6;0;0;0;1;5;4;3;7;6;0;0;0;0;0;1;5;4;2;2;2;2;2;2;2;2;2;2;2;2;2;3;7;1;5;4;2;2;2;2;2;2;2;
?;?;?;?;2;3;7;6;0;0;0;1;5;4;2;3;7;1;5;4;2;2;2;2;2;3;7;6;0;0;1;3;7;6;0;0;0;0;0;0;1;5;4;2;2;2;2;3;7;6;
?;?;?;?;3;7;6;0;0;1;5;4;2;2;3;7;6;0;0;0;1;5;4;2;2;2;2;2;3;7;6;0;0;0;0;0;0;1;5;4;2;2;2;2;2;2;2;2;2;2;
?;?;?;?;0;1;5;4;2;3;7;6;0;0;0;1;5;4;2;2;2;3;7;6;1;5;4;2;2;2;3;7;6;0;0;0;1;5;4;2;2;2;2;2;2;2;2;2;2;2;
?;?;?;?;3;7;6;0;0;0;1;5;4;2;2;2;2;2;2;2;2;2;2;3;7;6;0;0;0;0;1;5;4;2;2;2;2;2;2;2;2;2;2;2;2;3;7;6;0;0;
?;?;?;?;0;1;5;4;2;2;2;2;3;7;6;1;5;4;3;7;6;0;0;0;0;0;0;1;5;4;2;2;2;2;2;2;2;2;2;3;7;6;0;0;0;0;0;0;1;5;
?;?;?;?;3;7;6;0;0;0;0;1;5;4;2;2;2;3;7;6;0;0;0;0;1;5;4;2;2;2;2;2;2;2;2;2;2;2;2;2;2;2;2;2;2;2;2;2;2;2;
?;?;?;?;2;2;2;2;2;2;2;2;2;2;2;2;2;2;2;2;2;2;2;2;2;2;2;2;2;2;2;2;2;2;2;2;2;2;2;2;2;2;2;2;2;2;2;2;2;2;
?;?;?;?;2;3;7;6;0;0;1;5;4;2;2;3;7;6;0;0;1;5;4;2;2;2;3;7;6;0;0;1;5;4;2;3;7;6;0;0;0;1;5;4;2;2;2;3;7;6;
?;?;?;?;2;3;7;6;0;1;5;4;2;2;2;2;3;7;6;1;5;4;2;2;3;7;6;0;0;0;0;0;0;0;0;0;0;0;0;0;0;0;0;1;5;4;2;2;2;2;
?;?;?;?;3;7;6;0;0;0;1;5;4;2;3;7;6;0;0;1;5;4;2;2;3;7;1;5;4;2;2;2;2;2;2;3;7;6;0;0;0;0;1;5;4;2;2;3;7;6;
?;?;?;?;3;7;6;0;0;0;0;1;5;4;2;2;2;2;2;2;2;2;2;2;2;2;2;2;2;2;2;2;3;7;6;0;0;0;0;0;0;0;0;0;1;5;4;2;2;2;
?;?;?;?;2;3;7;6;0;0;1;5;4;2;2;2;3;7;6;0;0;0;0;0;0;0;0;0;0;0;1;5;4;2;2;2;2;2;2;2;2;2;2;2;3;7;6;0;0;0;
?;?;?;?;2;3;7;6;0;1;5;4;2;2;2;3;7;6;0;0;0;0;1;5;4;2;3;7;6;0;0;0;0;0;0;0;0;0;0;0;1;5;4;2;2;3;7;6;0;0;
?;?;?;?;0;1;5;4;2;2;2;2;2;2;3;7;6;0;0;0;1;5;4;2;2;2;2;2;2;3;7;6;0;0;0;0;0;1;5;4;2;2;3;7;6;0;0;0;0;0;
?;?;?;?;3;7;6;0;1;5;4;2;2;2;2;2;2;2;2;2;2;3;7;6;0;0;0;0;0;0;1;5;4;2;2;2;2;2;3;7;6;0;0;0;0;0;0;0;0;0;
?;?;?;?;2;3;7;6;0;1;5;4;2;2;2;3;7;6;0;0;0;1;5;4;2;2;3;7;6;0;0;0;0;0;0;0;0;0;0;1;5;4;2;2;2;2;2;2;2;3;
?;?;?;?;2;3;7;6;0;1;5;4;2;2;2;2;2;3;7;6;0;0;0;0;0;0;0;0;0;0;0;1;5;4;2;2;2;2;2;2;2;2;3;7;6;0;0;0;0;0;
?;?;?;?;0;1;5;4;2;2;3;7;6;0;1;5;4;2;2;2;2;2;2;2;2;2;2;2;3;7;6;0;0;0;0;0;0;0;0;0;0;0;0;0;0;0;0;0;1;5;
?;?;?;?;0;1;5;4;2;2;2;3;7;1;5;4;2;2;2;2;2;2;3;7;6;1;5;4;3;7;6;0;0;0;0;1;5;4;2;2;2;3;7;6;0;0;0;0;1;5;
?;?;?;?;1;5;4;2;2;2;2;2;2;2;2;2;3;7;6;0;0;0;0;0;0;0;0;0;0;0;0;1;5;4;2;2;2;2;3;7;6;0;0;0;0;0;0;1;5;4;
?;?;?;?;2;3;7;6;0;0;0;0;0;0;0;0;0;0;0;0;0;1;5;4;2;2;2;2;2;2;2;2;2;2;3;7;6;0;0;0;0;0;0;0;0;0;0;0;0;0;
?;?;?;?;1;5;4;2;2;2;2;3;7;6;0;0;0;0;0;0;0;0;0;0;0;0;0;0;0;1;5;4;2;2;2;2;2;2;2;2;2;2;2;2;2;2;2;2;2;2;
?;?;?;?;0;0;0;0;0;0;1;5;4;2;2;2;2;2;2;2;2;2;2;2;2;2;3;7;6;0;0;0;0;0;0;0;0;0;0;0;0;0;0;0;0;0;0;0;0;1;
?;?;?;?;4;2;2;2;3;7;6;0;0;0;0;1;5;4;2;2;2;2;2;2;3;7;6;0;0;0;0;0;0;0;0;0;0;0;0;0;0;1;5;4;2;2;3;7;6;0;
?;?;?;?;0;0;0;0;0;0;0;0;0;0;0;1;5;4;2;2;2;2;2;2;2;2;2;3;7;6;0;1;5;4;2;2;2;2;2;2;3;7;6;0;0;0;0;1;5;4;
?;?;?;?;0;1;5;4;2;3;7;6;0;0;0;1;5;4;2;2;2;2;2;2;2;2;2;3;7;6;0;0;0;0;1;5;4;2;2;2;3;7;6;0;0;0;0;0;1;5;
?;?;?;?;0;1;5;4;2;2;2;2;2;2;3;7;6;0;1;5;4;2;2;2;2;2;2;3;7;6;0;0;0;0;0;0;0;0;0;0;0;0;0;0;0;0;0;0;0;0;
?;?;?;?;2;3;7;6;0;0;0;0;0;0;1;5;3;7;6;0;0;0;0;0;0;0;1;5;4;2;2;2;2;2;2;2;2;2;2;2;2;2;2;2;2;3;7;6;1;5;
?;?;?;?;0;1;5;4;2;2;3;7;6;0;0;1;5;4;2;2;2;2;2;3;7;6;0;0;0;0;0;0;0;0;1;5;4;2;2;2;2;2;2;2;2;2;2;2;2;2;
?;?;?;?;2;3;7;6;0;0;1;5;4;2;2;3;7;6;0;0;0;0;1;5;4;3;7;6;0;0;0;0;1;5;4;2;2;2;2;2;2;3;7;6;0;0;0;0;0;0;
?;?;?;?;0;1;5;4;2;2;3;7;6;0;0;0;0;0;0;0;0;0;0;0;0;0;1;5;4;2;2;2;2;2;2;2;2;2;2;2;2;2;2;2;3;7;6;0;0;0;
?;?;?;?;0;0;1;5;4;2;2;2;2;2;2;2;2;2;2;2;2;2;2;2;2;2;2;2;2;2;2;2;2;2;2;3;7;6;0;0;0;0;0;0;0;0;0;0;0;0;
?;?;?;?;1;5;4;2;2;2;3;7;6;0;0;0;0;0;0;0;0;1;5;4;2;2;2;2;2;2;2;3;7;6;0;0;0;0;0;0;0;0;1;5;4;2;2;2;2;3;
?;?;?;?;1;5;4;2;2;2;2;3;7;6;0;0;0;0;0;0;0;0;0;0;1;5;4;2;2;2;3;7;6;0;0;0;0;0;0;0;0;0;1;5;4;2;2;2;2;2;
?;?;?;?;1;5;4;2;2;2;3;7;6;0;0;0;1;5;4;2;2;3;7;6;0;1;5;4;2;2;2;3;7;6;0;0;0;1;5;4;2;2;2;2;2;2;2;2;2;2;
?;?;?;?;0;1;5;4;2;3;7;6;0;0;0;1;5;4;2;3;7;6;0;0;1;5;4;2;2;2;3;7;6;0;0;1;5;4;2;2;2;2;2;2;2;3;7;6;0;0;
?;?;?;?;0;1;5;4;2;2;2;3;7;6;0;1;5;4;2;3;7;6;0;0;1;5;4;2;2;2;2;3;7;1;5;4;2;2;2;2;2;2;2;2;3;7;6;0;0;0;
?;?;?;?;3;7;6;0;0;1;5;4;2;2;2;3;7;6;0;0;0;0;1;5;4;2;2;2;2;2;2;2;2;2;2;2;2;3;7;6;0;0;0;0;0;0;0;0;0;0;
?;?;?;?;0;1;5;4;2;2;2;2;2;2;2;2;2;2;2;3;7;6;0;0;0;0;0;0;0;0;0;0;0;0;0;1;5;4;2;2;2;3;7;1;5;4;2;2;2;2;
?;?;?;?;0;1;5;4;2;2;3;7;6;0;1;5;4;2;2;2;2;3;7;6;0;0;0;0;0;0;0;0;1;5;4;2;2;2;2;2;3;7;6;0;0;0;0;0;0;0;
?;?;?;?;2;2;2;2;2;2;2;2;3;7;6;0;0;0;1;5;4;2;2;2;2;2;2;3;7;6;1;5;4;2;2;2;3;7;6;0;0;0;0;0;0;0;0;0;0;0;
?;?;?;?;2;3;7;6;0;0;1;5;4;2;2;3;7;6;0;0;0;1;5;4;2;2;3;7;6;0;0;0;0;0;1;5;4;2;2;2;2;2;2;2;2;2;2;2;2;2;
?;?;?;?;1;5;4;2;2;2;2;2;2;2;2;2;2;2;2;2;3;7;6;0;0;1;5;4;2;2;2;2;3;7;6;0;0;0;0;0;0;0;1;5;4;2;2;2;2;2;
?;?;?;?;2;3;7;6;0;0;0;0;0;0;0;0;0;0;0;1;5;4;2;2;2;2;2;2;3;7;6;0;0;1;5;4;2;2;2;2;2;2;2;2;2;2;3;7;6;0;
?;?;?;?;0;0;0;0;1;5;4;2;2;2;2;2;3;7;6;0;0;0;0;0;0;0;0;0;1;5;4;2;2;2;3;7;6;0;0;0;1;5;4;2;2;2;2;2;3;7;
?;?;?;?;3;7;6;0;0;0;1;5;4;2;2;2;2;2;2;2;2;2;3;7;6;0;0;0;0;1;5;4;2;2;2;3;7;6;0;0;0;0;0;0;0;0;0;0;0;1;
?;?;?;?;0;1;5;4;2;2;3;7;6;0;1;5;4;2;2;2;2;2;3;1;5;4;2;2;2;2;2;3;7;6;0;0;0;0;0;0;0;0;0;0;0;0;1;5;4;2;
?;?;?;?;4;2;2;2;2;2;2;2;3;7;6;0;0;0;0;0;0;0;0;0;0;0;1;5;4;2;2;2;2;2;2;2;3;7;6;0;1;5;4;2;2;2;2;2;2;3;
?;?;?;?;2;2;2;2;2;2;2;2;2;2;2;3;7;6;0;0;0;0;0;0;0;0;0;0;1;5;4;3;7;6;0;0;0;0;0;1;5;4;2;2;3;7;6;0;0;0;
?;?;?;?;2;2;2;2;2;2;2;2;2;2;2;2;2;3;7;6;0;0;0;0;0;0;0;0;0;0;0;1;5;4;2;2;2;2;2;2;2;2;2;2;2;2;2;2;2;2;
?;?;?;?;2;3;7;6;0;1;5;4;2;2;2;3;7;6;0;0;0;1;5;4;2;2;2;2;2;2;2;2;2;2;3;7;6;0;0;0;0;0;0;0;0;0;0;0;0;0;
?;?;?;?;2;3;7;6;0;0;1;5;4;2;2;2;2;2;2;2;2;2;2;2;3;7;6;0;0;0;0;0;0;1;5;4;2;2;2;2;2;2;2;3;7;6;0;0;0;1;
?;?;?;?;2;3;7;6;0;0;1;5;4;2;2;3;7;6;0;1;5;4;2;2;2;2;3;7;6;0;0;0;0;0;0;0;0;0;0;0;0;1;5;4;2;3;7;6;0;0;
?;?;?;?;2;3;7;6;1;5;4;2;2;2;2;2;2;3;7;6;0;0;0;0;0;0;0;0;1;5;4;2;2;2;2;2;2;2;3;7;6;0;0;0;0;0;0;0;0;0;
?;?;?;?;0;1;5;4;2;3;7;6;0;0;0;1;5;4;2;2;2;2;3;7;6;0;0;0;0;0;0;0;0;0;0;0;1;5;4;2;2;2;2;2;2;2;2;3;7;6;
?;?;?;?;2;3;7;6;1;5;4;2;2;2;3;7;6;0;0;0;0;0;1;5;4;2;2;2;3;7;6;0;0;0;0;0;0;1;5;4;2;2;2;2;2;2;2;2;2;2;
?;?;?;?;0;0;0;0;0;0;0;0;0;0;0;0;1;5;4;2;2;2;2;2;2;2;2;2;2;2;2;2;2;2;2;2;2;2;2;2;2;2;2;2;2;2;2;2;2;2;
?;?;?;?;0;1;5;4;2;2;2;2;2;2;2;2;2;2;2;2;2;2;2;2;2;2;2;2;2;2;3;7;6;0;0;0;0;1;5;4;2;2;3;7;6;0;0;0;0;0;
?;?;?;?;1;5;4;2;2;2;2;3;7;6;1;5;3;7;6;0;0;0;0;0;1;5;4;2;2;2;2;3;7;6;0;0;0;0;0;0;0;0;0;0;0;0;1;5;4;2;
?;?;?;?;0;0;0;0;0;0;0;0;1;5;4;2;2;2;2;2;2;2;3;7;6;0;0;0;0;0;0;0;1;5;4;2;2;2;2;2;2;2;2;2;2;2;2;2;2;2;
?;?;?;?;1;5;4;2;2;2;3;7;6;1;5;4;2;2;2;3;7;6;0;0;0;1;5;4;2;2;3;7;6;0;0;0;0;0;0;0;1;5;4;2;2;2;2;2;2;2;
?;?;?;?;2;3;7;6;0;0;1;5;4;2;3;7;6;0;0;0;1;5;4;2;2;2;3;7;6;0;1;5;4;2;2;2;3;7;6;0;0;0;0;0;1;5;4;2;2;2;
?;?;?;?;3;7;6;0;0;0;0;1;5;4;2;2;2;2;3;7;6;0;0;0;0;0;1;5;4;2;2;2;2;2;3;7;6;0;0;0;1;5;4;2;3;7;6;0;0;0;
?;?;?;?;0;1;5;4;2;2;2;2;2;2;3;7;6;0;0;0;0;0;0;0;0;0;0;0;0;1;5;4;2;2;2;2;2;2;2;2;2;3;7;6;0;0;0;0;0;0;
?;?;?;?;1;5;4;2;2;2;3;7;6;0;0;1;5;4;2;3;7;6;0;0;0;0;0;1;5;3;7;6;0;0;1;5;4;2;3;7;6;0;0;0;1;5;4;2;2;2;
?;?;?;?;0;1;5;4;2;3;7;6;0;0;1;5;4;2;2;2;2;3;7;6;0;0;0;0;0;1;5;4;2;2;2;2;2;2;2;3;7;6;0;0;0;0;1;5;4;2;
?;?;?;?;2;3;7;6;0;1;5;4;2;2;2;2;2;2;2;2;2;3;7;6;0;0;0;0;0;0;0;0;0;0;0;1;5;4;2;2;2;3;7;6;0;0;0;0;0;0;
?;?;?;?;3;7;6;0;0;0;0;1;5;4;3;7;6;0;1;5;4;2;2;2;2;3;7;6;0;0;1;5;4;2;2;2;2;2;3;7;6;0;0;0;0;0;0;0;0;0;
?;?;?;?;1;5;4;2;2;2;2;2;2;2;2;2;2;2;2;2;2;3;7;6;0;0;0;0;0;0;0;0;0;0;0;0;0;0;0;0;0;0;0;0;0;0;1;5;4;2;
?;?;?;?;3;7;6;0;0;0;0;0;0;0;0;0;0;0;1;5;4;2;2;2;2;2;2;3;7;6;0;1;5;4;2;2;2;2;2;2;2;3;7;6;0;0;0;0;0;0;
?;?;?;?;2;3;7;6;0;0;1;5;4;2;2;3;7;6;0;1;5;4;2;2;2;2;2;3;7;6;0;0;0;0;0;0;0;0;1;5;4;2;2;3;7;6;0;0;1;5;
?;?;?;?;0;1;5;4;2;2;2;3;7;6;1;5;4;2;2;2;3;7;6;0;0;0;0;0;0;0;0;0;0;0;0;0;0;0;0;0;1;5;4;2;2;2;2;2;2;2;
?;?;?;?;0;1;5;4;2;2;3;7;6;0;0;1;5;4;2;2;3;7;6;0;0;1;5;4;2;2;3;7;6;0;0;0;0;0;0;1;5;4;2;2;2;2;2;2;2;2;
?;?;?;?;2;3;7;6;0;0;0;0;0;0;1;5;4;2;2;2;2;2;2;2;2;2;2;2;2;2;3;7;6;1;5;4;2;2;2;3;7;6;0;0;0;0;0;0;0;1;
?;?;?;?;3;7;6;0;0;1;5;4;2;2;2;3;7;6;0;0;0;1;5;4;2;2;2;2;2;2;2;2;2;3;7;6;0;0;0;0;0;0;0;1;5;4;2;2;2;2;
?;?;?;?;2;3;7;6;0;0;0;0;0;1;5;4;2;2;2;2;2;3;7;6;0;0;0;0;0;0;0;0;0;0;0;1;5;4;2;2;2;2;2;3;7;1;5;4;2;2;
?;?;?;?;2;3;7;6;0;0;1;5;4;2;3;7;6;0;0;0;1;5;4;2;3;7;6;0;0;0;1;5;4;2;2;3;7;6;0;0;0;1;5;4;2;2;2;2;2;2;
?;?;?;?;2;2;2;2;2;2;2;3;7;6;0;0;0;0;1;5;4;2;2;2;2;2;3;7;6;0;0;0;0;0;0;0;0;0;0;0;0;0;0;0;0;0;0;0;0;0;
?;?;?;?;2;3;7;6;0;0;0;1;5;4;2;2;2;2;2;2;2;2;2;3;7;6;0;0;0;0;0;1;5;4;2;2;3;7;6;0;0;0;1;5;4;2;2;2;2;2;
?;?;?;?;5;4;2;3;7;6;0;0;0;1;5;4;2;2;2;2;2;3;7;6;0;0;0;0;0;0;0;0;0;0;1;5;4;2;2;2;2;3;7;6;0;0;0;0;0;0;
?;?;?;?;1;5;4;2;2;3;7;6;0;0;0;1;5;4;2;2;3;7;6;0;1;5;4;2;2;2;2;2;3;7;6;0;0;0;1;5;4;2;3;7;6;0;0;0;0;0;
?;?;?;?;2;2;2;2;3;7;6;1;5;4;2;2;2;2;2;2;3;7;6;0;0;0;0;0;0;0;0;0;0;1;5;4;2;2;2;2;2;2;2;2;2;2;2;2;2;2;
?;?;?;?;2;3;7;6;0;0;1;5;4;2;2;2;2;2;2;2;2;2;2;2;3;7;6;0;0;0;0;0;1;5;4;2;3;7;6;0;0;0;0;0;0;0;1;5;4;2;
?;?;?;?;2;3;7;6;0;1;5;4;2;2;2;2;2;2;2;2;2;2;2;2;2;2;2;3;7;6;0;0;0;0;0;0;0;0;0;0;0;0;0;0;0;0;1;5;4;2;
?;?;?;?;2;3;7;1;5;4;2;2;2;2;2;2;2;2;2;2;2;2;3;7;6;0;0;0;1;5;4;2;2;2;2;2;3;7;6;0;0;0;0;0;0;0;0;0;0;0;
?;?;?;?;1;5;4;2;2;3;7;6;0;0;0;0;0;0;1;3;7;6;0;0;0;0;0;0;0;0;0;0;0;1;5;4;2;2;2;2;2;2;2;2;2;2;2;2;3;7;
?;?;?;?;0;1;5;4;2;2;3;7;6;0;0;0;0;0;0;0;0;0;0;0;1;5;4;2;2;2;2;2;2;3;7;6;1;5;4;2;2;2;2;2;2;3;7;6;0;0;
?;?;?;?;2;3;7;6;0;0;0;0;0;0;0;0;0;0;1;5;4;2;2;2;3;7;6;0;0;0;0;1;5;4;2;2;2;2;2;3;7;6;0;0;0;0;0;0;0;0;
?;?;?;?;2;3;7;6;0;0;0;1;5;4;2;2;2;2;2;3;7;6;0;0;0;0;1;5;4;2;2;2;2;2;2;3;7;6;0;0;0;0;0;1;5;4;2;2;2;2;
?;?;?;?;3;7;6;0;0;0;0;1;5;4;2;2;2;2;2;2;2;2;2;2;2;3;7;6;0;1;5;4;2;2;2;2;3;7;6;0;0;0;0;0;1;5;4;2;2;2;
?;?;?;?;3;7;6;0;0;0;0;0;0;0;0;1;5;4;2;3;7;6;0;0;0;0;0;0;1;5;4;2;2;2;2;2;2;2;2;2;2;2;2;2;3;7;6;0;0;0;
?;?;?;?;1;5;4;2;2;2;3;7;6;0;0;1;5;4;2;2;3;7;6;0;0;0;1;5;4;2;2;2;2;2;3;7;6;0;0;0;0;0;0;0;0;0;0;0;0;1;
?;?;?;?;0;1;5;4;2;2;3;7;6;0;1;5;4;2;2;2;3;7;6;0;1;5;4;2;2;2;2;2;3;7;6;0;0;0;1;5;4;2;2;2;3;7;6;0;0;0;
?;?;?;?;1;5;4;2;2;2;2;3;7;6;0;0;1;5;4;2;2;2;2;2;2;3;7;6;0;0;0;0;0;0;0;0;0;1;5;4;2;2;2;2;2;2;2;3;7;6;
?;?;?;?;1;5;4;2;2;2;3;7;6;0;0;0;0;1;5;3;7;6;1;5;4;2;2;2;2;2;3;7;6;0;0;0;1;5;4;2;2;3;7;6;0;0;0;0;1;5;
?;?;?;?;2;2;3;7;6;0;0;1;5;4;2;2;2;3;7;6;0;0;0;0;0;0;0;0;1;5;4;2;2;2;3;7;6;0;0;0;1;5;4;2;2;2;2;2;3;7;
?;?;?;?;2;2;2;2;2;2;2;2;2;2;2;2;2;2;3;7;6;0;0;0;0;0;0;0;0;0;0;0;0;0;0;1;5;4;2;2;2;2;2;3;7;6;0;0;0;0;
?;?;?;?;3;7;6;0;0;0;1;5;4;2;2;2;2;3;7;6;1;5;4;2;2;2;3;7;6;0;0;0;0;0;0;0;0;0;0;0;0;1;5;4;2;2;2;2;3;7;
?;?;?;?;0;1;5;4;2;3;7;6;0;0;1;5;4;2;2;2;2;2;3;7;6;0;0;0;0;0;0;0;0;0;0;1;5;4;2;2;2;2;2;3;7;6;0;0;0;0;
?;?;?;?;1;5;4;2;2;2;2;3;7;1;5;4;2;2;2;2;3;7;6;0;0;0;0;0;0;0;0;0;0;0;0;0;0;0;0;0;0;0;0;0;0;0;1;5;4;2;
?;?;?;?;0;1;5;4;2;2;3;7;6;0;0;1;5;4;2;2;2;3;7;6;1;5;4;2;2;3;7;6;0;0;0;0;0;1;5;4;2;2;2;3;7;6;0;0;0;0;
?;?;?;?;0;1;5;4;2;2;2;3;1;5;4;2;2;2;2;2;2;3;7;6;0;0;0;0;0;0;0;0;0;0;0;0;1;5;4;2;2;2;2;2;2;2;2;2;2;2;
?;?;?;?;2;2;3;7;6;0;0;0;0;0;0;0;0;0;0;0;0;1;5;4;2;2;2;2;3;7;1;5;4;2;2;2;2;2;3;7;6;0;0;0;0;0;0;0;0;0;
?;?;?;?;1;5;4;2;2;2;2;3;7;6;0;0;0;0;0;0;0;0;0;0;0;1;5;4;2;2;3;7;6;0;1;5;4;2;2;2;2;2;2;2;2;2;3;7;6;0;
?;?;?;?;0;1;5;4;2;2;3;7;1;5;4;2;2;2;2;2;2;3;7;6;0;0;0;0;0;0;0;0;0;0;1;5;4;2;2;2;3;7;6;0;0;0;0;0;0;1;
?;?;?;?;0;1;5;4;2;3;7;6;0;0;0;0;1;5;4;2;2;2;2;2;2;2;2;2;2;2;2;2;2;2;2;2;2;2;2;2;3;7;6;0;0;0;0;0;0;0;
?;?;?;?;0;0;0;0;1;5;4;2;3;7;6;0;0;0;0;0;1;5;4;2;2;2;2;2;2;2;2;2;2;2;2;2;2;2;2;2;2;2;2;2;3;7;6;0;1;5;
?;?;?;?;3;7;6;0;0;0;1;5;4;2;2;3;7;6;0;1;5;4;2;2;2;2;2;3;7;1;5;4;2;2;2;3;7;6;0;0;0;0;0;1;5;4;2;2;2;2;
?;?;?;?;2;3;7;6;0;1;5;4;2;2;2;2;3;7;6;0;0;0;1;5;4;3;7;6;0;0;0;0;0;0;0;0;0;0;0;1;5;4;2;2;2;2;2;2;2;3;
?;?;?;?;2;3;7;6;0;0;1;5;4;2;2;3;7;6;0;0;1;5;4;2;2;2;3;7;6;0;0;0;0;1;5;4;2;3;7;6;0;0;0;0;0;0;1;5;4;2;
?;?;?;?;1;5;4;2;3;7;6;0;0;0;0;1;5;4;2;3;7;6;0;0;0;0;1;5;4;2;2;3;7;6;0;1;5;4;2;2;2;2;2;2;2;3;7;6;0;0;
?;?;?;?;0;1;5;4;2;2;3;7;6;0;0;0;0;0;0;1;5;4;2;2;2;2;2;2;2;2;2;2;3;7;6;0;0;0;0;0;0;0;0;0;0;0;0;0;0;0;
?;?;?;?;0;1;5;4;2;2;3;7;6;0;0;0;0;0;0;0;0;0;0;0;1;5;4;2;2;2;2;2;2;2;2;2;2;2;2;2;2;3;7;6;0;0;0;0;0;0;
?;?;?;?;0;1;5;4;2;2;3;7;6;0;0;1;5;4;2;2;2;2;2;2;2;2;2;2;2;2;2;3;7;6;0;0;0;0;0;0;0;0;0;0;0;0;1;5;4;2;
?;?;?;?;0;0;0;0;0;0;0;0;0;0;0;1;5;4;2;2;2;2;2;2;2;2;2;2;2;2;2;2;2;2;2;2;2;2;2;3;7;6;0;0;0;0;1;5;4;2;
?;?;?;?;1;5;4;2;2;2;3;7;6;0;0;0;0;0;0;0;0;0;1;5;4;2;2;2;2;2;3;7;6;0;0;0;0;0;0;0;0;0;0;0;0;0;0;0;1;5;
?;?;?;?;2;2;2;2;2;2;2;2;2;3;7;6;0;0;0;0;0;1;5;4;2;2;2;2;3;7;6;0;0;0;0;0;0;0;0;0;0;0;1;5;4;2;2;2;3;7;
?;?;?;?;0;1;5;4;3;7;6;0;0;0;0;0;0;0;0;0;0;0;0;0;0;1;5;4;2;2;2;2;2;2;2;2;2;2;2;2;2;2;2;2;2;3;7;6;0;0;
?;?;?;?;0;1;5;4;2;2;2;3;7;6;0;1;5;3;7;6;0;0;0;0;0;0;1;5;4;2;2;2;2;2;2;2;2;2;2;2;2;2;2;2;2;3;7;6;0;0;
?;?;?;?;0;1;5;4;2;3;7;6;0;0;0;0;0;1;5;4;2;2;2;2;2;2;2;2;2;2;2;2;2;2;2;2;2;2;2;2;2;2;2;2;2;2;2;2;2;3;
?;?;?;?;0;0;1;5;4;2;3;7;6;0;1;5;4;2;2;2;2;2;2;2;2;2;2;2;2;2;2;2;2;2;3;7;6;0;0;0;0;0;0;0;0;0;0;0;0;0;
?;?;?;?;3;7;6;0;0;0;0;0;1;5;4;2;2;2;2;2;2;2;2;3;7;6;0;0;1;3;7;6;0;0;0;0;0;0;1;5;4;2;2;2;2;2;3;7;6;0;
?;?;?;?;2;3;7;6;0;0;0;0;1;3;7;6;0;0;0;1;5;4;2;2;2;2;2;2;2;2;2;3;7;6;0;0;0;0;0;0;0;0;1;5;4;2;2;2;2;2;
?;?;?;?;2;2;3;7;6;0;0;0;0;0;1;5;4;2;2;2;2;2;2;2;3;7;6;0;0;0;0;0;0;0;1;5;4;2;2;2;2;3;7;6;0;0;0;0;0;0;
?;?;?;?;1;5;4;2;2;2;2;2;2;2;2;2;2;2;3;7;6;0;0;0;0;0;1;5;4;2;3;7;6;0;0;0;0;0;0;1;5;4;2;2;2;2;2;3;7;6;
?;?;?;?;0;1;5;4;2;2;3;7;6;0;1;5;4;2;2;2;2;3;7;6;0;0;0;0;1;5;4;2;2;2;2;3;7;6;0;0;0;0;0;0;0;0;1;5;4;2;
?;?;?;?;5;4;2;2;2;2;2;2;3;7;6;0;0;0;0;0;0;0;0;0;0;0;0;0;0;1;5;4;2;2;2;2;2;3;7;6;0;0;0;0;0;0;0;1;5;4;
?;?;?;?;2;2;2;2;2;2;2;2;2;2;2;2;2;2;2;2;2;2;2;2;2;2;2;2;2;2;2;2;2;2;2;2;2;2;2;2;2;2;2;2;2;2;2;2;2;2;
?;?;?;?;2;2;2;2;2;2;2;2;2;2;2;2;2;2;2;2;2;2;2;2;2;2;2;2;3;7;6;0;0;0;0;0;0;0;0;0;0;0;0;0;0;0;0;0;1;5;
?;?;?;?;0;0;0;0;0;0;0;0;0;0;1;5;4;2;2;2;2;2;2;2;2;2;2;2;3;7;6;0;0;0;0;0;0;1;5;4;2;2;2;2;2;2;2;2;2;3;
?;?;?;?;0;1;5;4;2;3;7;6;0;0;0;0;0;0;0;0;0;0;1;5;4;2;2;2;2;2;2;2;2;2;2;2;2;2;2;2;2;2;2;2;2;2;2;3;7;6;
?;?;?;?;2;3;7;6;0;0;1;5;4;2;2;3;7;6;0;0;0;1;5;4;2;3;7;6;0;0;0;1;5;4;2;2;2;2;2;2;2;2;2;3;7;6;0;0;0;0;
?;?;?;?;1;5;4;2;2;2;2;2;2;2;2;2;3;7;6;0;0;0;0;1;5;4;2;2;3;7;6;0;1;5;4;2;2;2;3;7;6;0;0;0;0;1;5;4;2;2;
?;?;?;?;2;3;7;6;0;1;5;4;2;2;2;2;3;7;6;0;0;1;5;4;2;3;7;6;0;0;0;0;0;0;0;0;0;0;1;5;4;2;2;2;2;2;2;3;7;6;
?;?;?;?;2;2;2;2;2;2;2;2;3;7;6;0;0;0;0;0;0;0;0;0;0;0;0;0;0;0;0;1;5;4;2;2;2;2;2;2;2;2;2;2;2;2;2;2;2;2;
?;?;?;?;2;3;7;6;0;0;0;0;0;0;1;5;4;2;3;7;6;0;0;0;0;0;0;0;0;0;0;0;1;5;4;2;2;2;2;2;2;2;2;2;2;2;2;3;7;6;
?;?;?;?;1;5;4;2;2;2;2;2;2;3;7;6;0;0;0;0;0;0;0;1;5;4;2;2;2;2;2;2;3;7;6;0;0;0;0;0;0;0;0;0;1;5;4;2;3;7;
?;?;?;?;0;1;5;4;2;2;3;7;6;0;1;5;4;2;2;2;2;2;2;2;2;2;2;2;2;2;2;2;3;7;6;0;0;0;0;0;0;0;0;0;0;0;0;0;0;0;
?;?;?;?;1;5;4;2;2;2;2;3;7;6;0;1;5;4;3;7;6;0;0;0;0;0;1;5;4;2;2;2;2;2;2;2;3;7;6;0;0;0;0;0;0;0;0;1;5;4;
?;?;?;?;2;3;7;6;0;1;5;4;2;2;2;3;7;6;0;0;0;0;0;1;3;7;6;0;0;0;1;5;4;3;7;6;0;0;0;0;0;0;0;0;1;5;4;2;2;2;
?;?;?;?;3;7;6;0;0;0;0;1;5;4;2;2;2;2;2;2;3;7;6;0;0;0;0;0;0;0;1;5;4;2;2;2;2;2;2;2;2;2;2;2;3;7;6;0;0;0;
?;?;?;?;1;5;4;2;2;2;3;7;6;0;0;0;0;0;0;0;0;0;0;0;0;0;0;1;5;4;2;2;2;2;2;2;2;2;2;2;2;2;2;3;7;1;5;4;2;2;
?;?;?;?;0;0;0;0;0;0;0;0;0;1;5;4;2;2;2;2;2;3;7;6;0;0;0;0;0;0;0;0;0;0;0;0;0;1;5;4;2;2;2;2;2;3;7;6;0;0;
?;?;?;?;3;7;6;0;0;0;0;0;0;0;0;0;1;5;4;2;2;2;2;2;2;2;2;3;7;6;0;1;3;7;6;0;0;0;0;0;0;0;0;1;5;4;2;2;2;2;
?;?;?;?;0;1;5;4;2;2;3;7;6;0;1;5;4;2;2;2;2;2;2;3;7;6;1;5;4;2;2;3;1;5;4;2;2;2;2;2;2;3;7;6;0;0;0;0;0;0;
?;?;?;?;3;7;6;0;0;0;1;5;4;2;2;2;3;7;6;1;5;4;2;2;3;7;6;0;0;1;5;4;2;2;2;2;2;2;2;2;2;2;2;2;3;7;6;0;0;0;
?;?;?;?;2;2;2;2;2;2;2;2;2;2;2;2;2;2;2;2;3;7;6;0;0;0;0;0;0;1;5;4;2;2;2;3;7;6;0;0;0;0;0;0;0;0;1;5;4;2;
?;?;?;?;0;1;5;4;2;2;3;7;6;0;0;0;0;0;0;0;0;0;0;0;0;1;5;4;2;2;2;2;2;2;2;2;2;2;2;2;2;2;2;2;2;2;2;2;2;2;
?;?;?;?;2;2;2;2;2;3;7;6;0;0;0;1;5;4;2;2;3;7;6;0;0;0;0;0;0;0;0;0;0;0;0;1;5;4;2;2;2;2;3;7;6;0;0;0;0;0;
?;?;?;?;3;7;6;0;0;1;5;4;2;2;2;3;7;6;0;0;0;1;5;4;2;2;2;2;2;2;2;2;2;2;2;3;7;6;1;5;4;2;2;3;7;6;0;0;0;0;
?;?;?;?;0;1;5;4;2;3;7;6;0;0;0;1;5;4;2;2;2;2;2;3;7;6;0;1;5;4;2;2;3;7;6;0;0;0;0;0;0;0;0;1;5;4;2;2;3;7;
?;?;?;?;1;5;4;2;2;2;3;7;6;0;1;5;4;2;2;2;3;7;6;0;0;0;0;0;0;0;0;0;0;0;0;0;0;0;0;0;1;5;4;2;2;2;2;2;2;2;
?;?;?;?;7;6;0;0;1;5;4;2;2;2;2;2;2;3;7;6;0;0;0;0;1;5;4;2;2;2;2;2;2;2;3;7;6;0;0;0;0;0;0;0;0;0;0;0;0;0;
?;?;?;?;0;1;5;4;2;2;2;2;2;2;2;2;2;2;2;2;2;2;3;7;6;0;0;0;0;0;0;0;0;0;0;0;1;5;4;2;3;7;6;0;1;5;4;2;2;2;
?;?;?;?;1;5;4;2;2;2;3;7;6;0;0;0;0;0;0;0;0;0;0;0;0;0;1;5;4;2;2;2;2;2;2;2;2;2;2;3;7;6;0;0;0;0;1;5;4;2;
?;?;?;?;0;0;1;5;4;3;7;6;0;0;0;0;0;0;1;5;4;2;2;2;2;2;2;2;2;2;2;2;2;2;2;2;3;7;6;0;0;0;0;0;0;0;0;0;0;0;
?;?;?;?;3;7;6;0;0;0;0;1;5;4;2;2;2;2;2;2;2;2;2;2;3;7;6;0;0;1;5;4;2;3;7;6;0;0;0;1;5;4;2;2;3;7;6;0;0;0;
?;?;?;?;1;5;4;2;2;2;3;7;6;0;0;0;0;0;0;0;0;0;0;0;1;5;4;2;2;2;3;7;6;0;0;0;0;1;5;4;2;2;2;2;2;2;2;2;2;2;
?;?;?;?;3;7;6;0;0;0;1;5;4;2;2;2;3;7;6;0;0;0;1;3;7;6;0;0;0;0;1;5;4;2;2;2;3;7;6;0;0;1;5;4;2;2;2;2;2;2;
?;?;?;?;0;1;5;4;2;2;3;7;6;0;0;1;5;4;2;3;7;6;0;0;1;5;4;2;2;2;2;2;2;2;2;2;2;2;2;3;7;6;0;0;0;0;0;0;0;0;
?;?;?;?;4;2;2;2;2;3;7;6;0;0;0;0;0;0;0;0;0;0;0;1;5;4;2;2;2;2;2;2;2;2;2;2;2;2;3;7;6;0;0;0;0;0;0;0;1;5;
?;?;?;?;2;3;7;6;0;0;1;5;4;3;7;6;0;0;0;1;5;4;2;2;2;2;3;7;6;0;0;0;0;1;5;4;2;2;3;7;6;0;0;0;0;0;0;0;0;1;
?;?;?;?;0;1;5;4;2;2;3;7;6;0;0;0;0;0;1;5;4;2;2;2;2;2;2;2;3;7;6;0;0;0;1;5;4;2;2;2;2;2;3;7;6;0;0;1;5;4;
?;?;?;?;1;5;4;2;2;2;3;7;6;0;0;0;0;0;0;0;0;0;0;0;0;1;5;4;2;2;2;3;7;6;0;1;5;4;2;2;2;2;2;2;3;7;6;0;0;0;
?;?;?;?;0;1;5;4;2;2;2;2;2;2;2;2;2;2;2;2;3;7;6;0;1;5;4;2;2;3;7;6;0;0;0;0;0;0;0;0;0;0;0;0;0;0;0;0;1;5;
?;?;?;?;1;5;4;2;2;2;3;7;6;1;5;4;2;2;2;2;2;2;2;3;7;6;0;0;0;0;0;0;1;5;4;2;2;2;2;2;3;7;6;0;0;0;0;0;0;0;
?;?;?;?;0;0;0;0;0;0;0;0;0;1;5;4;3;7;6;0;0;0;0;0;1;5;4;2;2;2;2;2;2;2;3;1;5;4;2;2;2;2;2;2;2;2;2;2;2;2;
?;?;?;?;0;1;5;4;3;7;6;0;0;0;0;1;5;4;2;2;2;2;3;7;6;0;1;5;4;2;2;2;2;2;3;7;6;0;0;0;0;0;0;0;0;0;0;0;0;0;
?;?;?;?;0;0;0;0;0;0;0;0;0;1;5;4;2;2;2;2;2;2;3;7;6;0;0;0;0;0;0;1;5;4;2;2;2;2;2;2;2;3;7;6;0;0;0;0;0;0;
?;?;?;?;3;7;6;0;0;0;1;5;4;2;2;2;2;2;2;2;3;7;6;0;0;0;0;0;1;5;4;2;2;2;2;3;7;6;0;0;0;0;0;0;0;1;5;4;2;2;
?;?;?;?;0;0;0;0;0;0;0;0;0;0;0;0;0;0;1;5;4;2;2;2;2;2;2;2;2;2;2;2;2;2;2;2;2;2;2;2;2;3;7;6;0;0;0;0;0;0;
?;?;?;?;0;1;5;4;2;2;3;7;6;0;0;0;0;0;0;0;0;0;0;0;0;0;1;5;4;2;2;2;2;2;2;2;2;2;2;2;2;2;2;3;7;6;0;0;0;1;
?;?;?;?;1;5;4;2;2;3;7;6;0;0;0;1;5;4;2;2;2;2;2;2;2;2;2;2;2;3;7;6;0;0;0;0;0;0;0;0;0;0;1;5;4;3;7;6;0;0;
?;?;?;?;1;5;4;2;2;2;2;3;7;6;0;0;1;5;4;2;2;2;2;2;2;3;7;6;0;0;0;0;0;0;0;0;1;5;4;2;2;2;2;2;2;3;7;6;1;5;
?;?;?;?;1;5;4;2;2;2;3;7;6;0;0;0;0;0;0;0;0;0;0;0;0;0;0;0;0;0;0;0;1;5;4;2;2;2;2;3;7;6;0;0;0;0;1;5;4;2;
?;?;?;?;2;3;7;6;0;0;1;5;4;2;2;3;7;6;0;0;1;5;4;2;2;2;3;7;6;0;0;0;0;0;0;0;0;0;0;1;5;4;2;2;2;2;2;2;3;7;
?;?;?;?;1;5;4;2;2;2;2;2;2;2;2;2;2;2;2;3;7;6;0;0;0;0;0;0;0;0;0;0;0;0;0;0;0;0;0;0;0;0;0;1;5;4;2;2;2;2;
?;?;?;?;0;0;0;0;0;0;1;5;4;2;2;2;2;2;2;2;2;2;2;2;2;2;2;3;7;6;0;0;0;0;0;0;0;0;1;5;4;2;2;2;2;2;2;3;7;6;
?;?;?;?;2;3;7;6;0;0;1;5;4;2;2;3;7;6;0;0;0;0;0;0;0;0;0;0;1;5;4;2;2;2;2;2;2;2;2;3;7;6;0;0;0;0;1;5;4;2;
?;?;?;?;3;7;6;0;0;0;1;5;4;3;7;6;0;0;0;0;1;5;4;2;2;2;2;2;2;2;3;7;6;0;0;0;0;0;0;0;0;0;0;0;1;5;4;2;2;2;
?;?;?;?;2;3;7;6;0;0;0;1;5;4;2;2;3;7;6;0;1;5;4;2;2;2;2;2;2;2;2;2;2;2;2;2;2;2;2;2;2;3;7;6;0;0;0;0;0;0;
?;?;?;?;0;1;5;4;2;2;3;7;6;0;0;1;5;4;2;2;3;7;6;0;0;0;0;0;0;0;0;0;0;0;0;0;0;1;3;7;6;0;0;1;5;4;2;2;2;2;
?;?;?;?;0;1;5;4;2;3;7;6;0;0;0;0;0;1;5;4;2;3;7;6;0;0;0;1;5;4;2;2;2;2;2;2;2;2;3;7;6;0;0;0;0;0;0;0;1;5;
?;?;?;?;0;1;5;4;2;2;3;7;6;0;0;1;5;4;2;2;2;2;2;2;2;2;2;2;2;2;3;7;6;0;0;0;0;1;5;4;2;2;2;2;2;2;2;2;2;2;
?;?;?;?;2;3;7;6;0;0;1;5;4;2;3;7;6;0;0;0;0;0;1;5;4;2;2;2;2;3;7;6;0;0;0;0;0;0;0;1;5;4;2;2;2;2;2;2;2;2;
?;?;?;?;0;0;0;0;0;0;0;0;0;0;0;1;5;4;2;2;2;2;2;2;2;2;2;2;2;2;2;3;7;6;0;0;0;0;1;5;4;2;3;7;6;0;0;0;0;1;
?;?;?;?;0;1;5;4;2;2;3;7;6;0;0;0;0;0;0;0;0;0;0;1;5;4;2;2;3;7;6;0;0;0;0;1;5;4;2;2;2;2;2;3;7;6;0;0;1;5;
?;?;?;?;2;3;7;6;0;0;1;5;4;2;3;7;6;0;0;1;5;4;2;2;2;2;2;3;7;6;0;0;0;0;0;0;0;0;0;0;0;0;1;5;3;7;6;0;0;0;
?;?;?;?;1;5;4;2;2;2;2;3;7;6;0;0;1;5;4;2;2;3;7;6;0;0;0;0;0;0;0;0;0;0;0;0;0;1;5;4;2;2;2;2;3;7;6;0;0;0;
?;?;?;?;0;1;5;4;2;3;7;6;0;1;5;4;2;2;2;2;3;7;6;0;0;0;0;1;5;4;2;2;2;2;2;3;7;6;0;0;0;0;0;0;1;5;4;2;2;2;
?;?;?;?;0;1;5;4;2;2;2;3;7;6;0;0;0;0;0;0;0;0;0;0;1;5;4;2;3;7;6;0;0;0;1;5;4;2;2;2;2;2;2;2;3;7;6;0;0;0;
?;?;?;?;2;3;7;6;0;0;1;5;4;2;2;2;3;7;6;0;0;1;5;4;2;2;2;3;7;6;0;0;0;0;0;0;0;0;0;0;0;1;5;4;2;2;2;2;3;7;
?;?;?;?;0;1;5;4;2;2;2;2;2;2;2;2;2;2;2;2;2;2;2;2;2;2;2;2;3;7;6;0;0;0;0;0;0;0;0;1;5;4;2;2;2;2;2;2;2;2;
?;?;?;?;0;1;5;4;3;7;6;0;0;0;1;5;4;2;2;2;3;7;6;0;1;5;4;2;2;2;2;3;7;6;0;0;0;0;0;0;0;0;0;0;0;0;1;5;4;2;
?;?;?;?;1;5;4;2;2;2;2;2;2;2;2;3;7;6;0;0;0;0;0;0;0;0;0;0;0;0;0;0;0;0;0;0;0;0;1;5;4;2;2;2;2;2;2;2;2;3;
?;?;?;?;3;7;6;0;0;0;1;5;4;2;2;2;2;2;2;2;2;2;2;2;2;3;7;6;0;0;0;0;0;0;0;0;0;1;5;4;2;2;2;3;7;6;0;0;0;1;
?;?;?;?;3;7;6;0;0;0;1;3;7;6;0;0;0;0;0;0;1;5;4;2;2;2;2;3;7;6;0;1;5;4;2;2;2;2;2;2;2;2;2;2;2;2;2;2;2;2;
?;?;?;?;0;1;5;4;2;2;3;7;6;1;5;4;2;2;2;2;2;3;7;6;0;0;0;0;0;0;0;0;0;0;0;1;5;4;2;2;2;2;3;7;6;0;0;0;0;0;