State number: 0
111101111
111111111
111001111
111011111
110001111
110011111
110111111
100001111
100011111
100111111
101111111
000001111
000011111
000111111
001111111
011111111
1111001111
1111011111
1111101111
1111111111
1110001111
1110011111
1110111111
1100001111
1100011111
1100111111
1101111111
1000001111
1000011111
1000111111
1001111111
1011111111
0000001111
0000011111
0000111111
0001111111
0011111111
0111111111
0111101111
distribution: P(0) = 0.166326	P(1) = 0.833674	
transitions: T(0) = 1	T(1) = 0	
P(state): 0.321786

State number: 1
111100010
111100110
111111110
111000110
110000110
110001110
110011110
110111110
100000010
100000110
100001110
100011110
100111110
000000110
000001110
000011110
000111110
001111110
011111110
1111000110
1111100010
1111100110
1111111110
1110000110
1110001110
1110011110
1110111110
1100000010
1100000110
1100001110
1100011110
1100111110
1000000110
1000001110
1000011110
1000111110
1001111110
1011111110
0000001110
0000000110
0000011110
0000111110
0001111110
0011111110
0111111110
distribution: P(0) = 0.985279	P(1) = 0.0147213	
transitions: T(0) = 6	T(1) = 3	
P(state): 0.0583333

State number: 2
111110000
100010000
100110000
000010000
000110000
001110000
011110000
1111110000
1100010000
1100110000
1000110000
0000010000
0000110000
0001110000
0011110000
0111110000
distribution: P(0) = 0.917676	P(1) = 0.0823236	
transitions: T(0) = 4	T(1) = 3	
P(state): 0.0558333

State number: 3
111100001
111110001
111111101
111111001
111000001
110000001
100000001
000000001
000111101
001111001
001110001
011111001
011111101
011100001
1111000001
1111100001
1111111101
1111111001
1111110001
1110000001
1100000001
1000000001
0000000001
0000111101
0001111001
0001110001
0011111001
0011111101
0011100001
0111110001
0111111101
0111111001
0111100001
0111000001
0110000001
0100000001
distribution: P(0) = 0.00648649	P(1) = 0.993514	
transitions: T(0) = 1	T(1) = 8	
P(state): 0.0566667

State number: 4
111100000
111000000
110000000
100000000
000000000
000100000
001100000
001000000
011100000
011000000
010000000
1111000000
1111100000
1110000000
1100000000
1000000000
1000100000
1001100000
0000000000
0000100000
0001100000
0001000000
0011100000
0011000000
0010000000
0111100000
0111000000
0110000000
0100000000
distribution: P(0) = 0.831619	P(1) = 0.168381	
transitions: T(0) = 4	T(1) = 3	
P(state): 0.287738

State number: 5
111111000
110001000
110011000
100011000
000001000
000011000
000111000
001111000
011111000
1111111000
1110001000
1110011000
1100011000
1000011000
1000111000
1001111000
1011111000
0000001000
0000011000
0000111000
0001111000
0011111000
0111111000
distribution: P(0) = 0.96132	P(1) = 0.0386803	
transitions: T(0) = 2	T(1) = 3	
P(state): 0.0536905

State number: 6
111111100
111000100
111001100
110001100
100001100
100011100
100111100
101111100
000000100
000001100
000011100
000111100
001111100
011111100
1111000100
1111001100
1111111100
1110001100
1100001100
1100011100
1100111100
1101111100
1000000100
1000001100
1000011100
1000111100
1001111100
0000001100
0000011100
0000111100
0001111100
0011111100
0111111100
distribution: P(0) = 0.963441	P(1) = 0.0365591	
transitions: T(0) = 5	T(1) = 3	
P(state): 0.0564286

State number: 7
111100111
111110111
111000111
110000111
100000111
000000111
011110111
1111000111
1111100111
1111110111
1110000111
1100000111
1000000111
0000000111
0011110111
0111100111
0111000111
distribution: P(0) = 0.0472973	P(1) = 0.952703	
transitions: T(0) = 1	T(1) = 0	
P(state): 0.0541667

State number: 8
111100011
111110011
111111011
111000011
110000011
100000011
000000011
001111011
011110011
011100011
1111000011
1111100011
1111111011
1111110011
1110000011
1100000011
1000000011
0000000011
0001111011
0011110011
0011100011
0111110011
0111111011
0111000011
distribution: P(0) = 0.0196721	P(1) = 0.980328	
transitions: T(0) = 1	T(1) = 7	
P(state): 0.0553571

