?;?;?;?;?;?;?;?;4;4;3;8;7;0;0;1;6;5;2;4;4;4;4;4;4;3;8;7;0;0;0;0;0;0;0;0;1;6;5;3;8;7;0;0;0;0;0;1;6;5;
?;?;?;?;?;?;?;?;0;0;1;6;5;2;3;8;7;0;0;1;6;5;2;4;4;4;4;3;8;7;0;0;0;1;6;5;2;4;4;4;4;4;3;8;7;1;6;5;2;4;
?;?;?;?;?;?;?;?;2;4;4;3;8;7;0;1;6;5;2;3;8;7;0;0;0;0;0;0;0;0;0;0;0;0;0;0;0;0;0;0;0;0;0;0;0;0;1;6;5;2;
?;?;?;?;?;?;?;?;3;8;7;0;0;0;0;0;0;0;0;0;1;6;5;2;4;4;4;4;4;3;8;7;0;1;6;5;2;4;4;4;4;3;8;7;0;0;0;0;0;0;
?;?;?;?;?;?;?;?;2;4;4;3;8;7;0;0;0;0;0;0;0;0;0;1;6;5;2;4;4;4;4;4;4;4;4;4;4;4;4;4;3;8;7;0;0;0;0;0;0;0;
?;?;?;?;?;?;?;?;3;8;7;0;0;0;1;6;5;2;4;4;4;4;3;8;7;0;0;0;1;6;5;2;4;4;4;4;4;3;8;7;0;0;0;1;6;5;2;4;4;3;
?;?;?;?;?;?;?;?;0;0;0;0;1;6;3;8;7;0;1;6;5;2;4;4;3;8;7;0;0;0;0;0;1;6;5;2;4;4;4;4;4;4;4;4;4;4;4;4;3;8;
?;?;?;?;?;?;?;?;4;4;3;8;7;0;0;0;0;0;0;0;0;0;0;0;0;0;1;6;5;2;4;4;4;4;4;4;4;4;4;4;4;3;8;7;0;0;0;0;0;0;
?;?;?;?;?;?;?;?;1;6;5;2;4;4;4;4;4;4;4;4;4;4;4;3;8;7;0;0;0;0;0;0;0;0;0;0;0;0;0;1;6;5;2;4;3;8;7;0;0;1;
?;?;?;?;?;?;?;?;2;4;3;8;7;0;0;1;6;5;2;4;3;8;7;0;0;1;6;5;2;4;4;3;8;7;0;1;6;5;2;4;4;3;8;7;0;0;0;0;1;6;
?;?;?;?;?;?;?;?;4;4;3;8;7;0;1;6;5;2;4;3;8;7;0;0;1;6;5;2;4;3;8;7;0;0;0;0;1;6;3;8;7;0;0;0;0;0;0;0;1;6;
?;?;?;?;?;?;?;?;0;0;0;1;6;5;2;3;8;7;0;0;0;1;6;5;2;4;4;4;4;4;4;4;4;4;4;4;4;3;8;7;0;0;0;0;0;0;0;0;0;0;
?;?;?;?;?;?;?;?;4;4;4;3;8;7;0;0;0;0;0;0;0;1;6;5;2;4;4;3;8;7;0;0;0;0;1;6;5;2;4;4;4;4;4;3;8;7;0;0;0;0;
?;?;?;?;?;?;?;?;0;0;0;0;0;1;6;5;2;4;4;4;3;8;7;1;6;5;2;4;4;4;4;4;3;8;7;0;0;0;0;0;0;0;0;1;6;5;2;4;4;4;
?;?;?;?;?;?;?;?;0;0;1;6;5;2;4;3;8;7;0;0;0;1;6;5;2;4;3;8;1;6;5;2;4;4;3;8;7;0;0;0;0;1;6;5;2;4;4;4;4;3;
?;?;?;?;?;?;?;?;0;0;0;0;1;3;8;7;0;0;1;6;5;2;4;4;3;8;7;0;0;0;1;6;5;2;4;4;4;4;4;3;8;7;0;0;0;0;0;0;0;0;
?;?;?;?;?;?;?;?;2;4;3;8;7;0;0;0;1;6;5;2;4;4;4;4;4;4;4;3;8;7;0;0;0;0;0;0;0;1;6;5;2;4;4;4;4;4;4;4;4;4;
?;?;?;?;?;?;?;?;0;0;1;6;5;2;4;4;3;8;7;0;1;6;5;2;4;4;4;4;4;4;4;4;4;3;8;7;0;0;0;0;0;0;0;0;0;0;0;0;0;0;
?;?;?;?;?;?;?;?;0;0;0;1;6;5;3;8;7;0;1;6;5;2;4;4;4;4;4;4;4;4;4;4;4;4;4;4;4;4;3;8;7;0;0;0;0;0;0;0;0;0;
?;?;?;?;?;?;?;?;4;4;3;8;7;0;0;1;6;5;2;4;3;8;7;0;0;0;0;1;6;5;2;4;4;4;4;4;4;4;3;8;7;0;0;0;0;1;6;5;2;4;
?;?;?;?;?;?;?;?;0;1;6;5;2;4;4;3;8;7;0;0;0;0;0;0;0;0;0;0;0;1;6;5;2;4;4;3;8;7;0;1;6;5;2;4;4;4;4;4;4;4;
?;?;?;?;?;?;?;?;0;0;1;6;5;2;4;3;8;7;0;0;1;6;5;2;4;4;4;3;8;7;0;0;0;0;0;0;0;0;0;0;0;1;6;5;2;4;4;3;8;7;
?;?;?;?;?;?;?;?;4;4;4;3;8;7;1;6;5;2;4;3;8;7;0;0;0;0;0;0;0;0;0;0;0;0;0;0;1;6;5;2;4;4;4;4;4;4;4;4;4;4;
?;?;?;?;?;?;?;?;7;0;0;0;0;0;0;0;0;0;0;0;1;6;5;2;4;4;4;4;4;4;4;4;4;4;4;4;4;3;8;7;0;0;0;1;6;5;2;4;4;4;
?;?;?;?;?;?;?;?;0;0;0;0;1;6;5;3;1;6;5;2;4;4;4;3;8;7;0;0;0;0;0;1;6;5;2;4;4;4;4;4;4;4;4;4;4;4;4;4;4;4;
?;?;?;?;?;?;?;?;0;1;6;5;2;3;8;7;0;0;0;0;0;0;0;0;0;0;1;6;5;2;4;4;4;4;4;4;4;4;4;4;4;4;4;4;4;4;4;4;4;4;
?;?;?;?;?;?;?;?;2;3;8;7;0;0;0;0;1;6;5;2;4;3;8;1;6;5;2;4;4;4;4;4;3;8;7;1;6;5;2;4;4;3;8;7;0;0;1;6;5;2;
?;?;?;?;?;?;?;?;0;0;0;1;6;5;2;3;8;7;0;1;6;5;2;4;4;4;4;4;4;4;4;3;8;7;0;0;0;0;0;0;1;6;5;2;4;4;4;4;3;8;
?;?;?;?;?;?;?;?;0;1;6;5;2;4;4;4;3;8;7;0;0;1;6;5;3;8;7;0;0;0;0;0;0;1;6;5;2;4;4;4;4;4;4;4;4;4;4;4;4;4;
?;?;?;?;?;?;?;?;0;0;1;6;5;2;4;4;3;8;7;1;6;5;2;4;4;4;3;8;7;0;0;0;0;0;0;0;0;0;0;0;0;0;1;6;5;2;4;4;4;4;
?;?;?;?;?;?;?;?;2;3;8;7;0;1;6;5;2;4;4;4;4;4;4;4;4;4;4;4;4;4;3;8;7;0;0;0;0;0;0;0;0;0;0;1;6;5;2;4;4;4;
?;?;?;?;?;?;?;?;2;4;3;8;7;0;0;1;6;5;2;4;4;3;8;7;0;1;3;8;7;0;0;0;0;0;1;6;5;2;4;4;4;4;3;8;7;0;0;0;0;0;
?;?;?;?;?;?;?;?;1;6;3;8;7;0;0;0;0;0;0;0;0;0;1;6;5;2;4;4;4;4;4;4;4;4;4;4;4;4;4;4;4;4;4;4;4;4;4;4;4;4;
?;?;?;?;?;?;?;?;0;0;0;0;1;6;5;2;4;4;4;4;4;3;8;7;0;0;0;0;0;0;1;6;5;2;4;4;4;4;4;4;4;4;4;4;4;4;4;4;4;3;
?;?;?;?;?;?;?;?;0;0;0;0;0;0;0;0;0;0;0;0;0;0;0;0;0;0;0;0;0;1;6;5;2;4;4;4;4;4;4;4;4;3;8;7;0;0;0;0;1;6;
?;?;?;?;?;?;?;?;0;0;0;0;0;0;1;6;5;2;4;4;4;4;4;4;4;3;8;7;0;0;0;0;0;0;0;1;6;5;2;4;4;4;4;3;8;7;0;0;0;0;
?;?;?;?;?;?;?;?;0;0;0;1;6;5;2;4;4;4;4;4;4;4;4;3;8;7;0;0;0;0;0;0;0;0;0;0;0;0;0;0;1;6;5;2;4;4;4;4;4;4;
?;?;?;?;?;?;?;?;0;0;0;0;0;0;1;6;5;2;4;4;4;3;8;7;0;0;0;0;0;0;0;1;6;5;2;4;4;4;4;4;4;4;4;4;4;4;4;4;4;4;
?;?;?;?;?;?;?;?;0;0;0;0;1;6;5;2;4;4;4;3;8;7;0;0;1;6;5;2;4;4;4;4;4;4;4;4;3;8;7;0;0;0;1;6;5;2;4;4;4;4;
?;?;?;?;?;?;?;?;4;3;8;7;0;0;0;1;6;5;2;4;4;4;3;8;7;0;0;0;0;0;0;0;1;6;5;2;4;4;4;4;4;4;4;3;8;7;0;0;1;6;
?;?;?;?;?;?;?;?;4;4;3;8;7;0;1;6;5;2;4;4;3;8;7;0;0;0;0;1;6;5;2;4;4;4;4;3;8;7;0;0;0;0;0;0;0;0;0;1;6;5;
?;?;?;?;?;?;?;?;4;4;4;3;8;7;1;6;5;2;4;4;3;8;7;0;0;0;0;0;0;0;0;1;6;5;2;4;4;4;3;8;7;0;0;1;6;5;2;4;4;4;
?;?;?;?;?;?;?;?;2;4;3;8;7;0;0;0;0;0;0;0;0;0;1;6;5;2;4;4;4;4;4;4;4;3;8;7;0;1;6;5;2;3;8;7;0;0;1;6;5;2;
?;?;?;?;?;?;?;?;0;1;6;5;2;3;8;7;0;0;0;0;0;0;0;0;1;6;5;2;4;4;4;4;4;4;4;4;4;3;8;7;0;0;0;1;6;5;2;4;4;4;
?;?;?;?;?;?;?;?;0;0;1;6;5;2;4;4;3;8;7;0;1;6;5;2;4;4;4;4;4;4;4;4;3;8;7;0;0;0;0;0;0;0;0;1;6;5;2;4;4;4;
?;?;?;?;?;?;?;?;0;0;1;6;5;2;4;4;3;8;7;0;1;6;5;2;4;4;4;4;4;4;4;4;4;3;8;7;0;0;0;0;0;1;6;5;2;4;3;8;7;0;
?;?;?;?;?;?;?;?;0;0;1;6;5;2;4;3;8;7;0;0;0;0;0;0;0;0;0;0;1;6;5;2;4;4;4;3;8;7;0;0;0;0;1;6;5;2;4;4;4;4;
?;?;?;?;?;?;?;?;4;4;3;8;7;0;0;0;0;1;6;5;2;4;4;4;4;4;4;4;4;4;4;4;4;4;3;8;7;0;0;0;0;0;0;0;0;1;6;5;2;4;
?;?;?;?;?;?;?;?;0;0;0;1;6;5;2;4;4;4;4;3;8;7;0;1;6;5;2;4;4;4;4;4;4;4;4;3;8;7;0;0;1;6;5;2;4;4;3;8;7;0;
?;?;?;?;?;?;?;?;4;4;3;8;7;0;0;0;0;0;0;0;1;6;5;2;4;4;4;4;4;4;4;3;8;7;0;0;0;0;0;0;0;0;0;0;0;0;0;0;0;0;
?;?;?;?;?;?;?;?;4;4;4;4;4;4;4;4;4;4;4;4;4;3;8;7;0;0;0;0;0;0;0;1;6;3;8;7;0;0;0;0;0;0;0;0;0;0;0;0;0;0;
?;?;?;?;?;?;?;?;3;8;7;0;0;0;0;0;0;1;6;5;2;4;4;4;4;4;4;4;4;4;4;4;4;4;4;4;4;4;4;3;8;7;0;0;0;0;0;0;0;0;
?;?;?;?;?;?;?;?;4;4;4;3;8;7;0;0;1;6;5;2;3;8;7;0;0;0;0;0;0;0;0;0;0;0;0;0;0;1;6;5;2;4;4;4;4;4;4;4;4;4;
?;?;?;?;?;?;?;?;0;1;6;5;2;4;4;4;3;8;7;0;1;6;3;8;7;0;0;0;0;0;0;0;1;6;5;2;4;4;4;4;3;8;7;0;0;0;0;0;0;1;
?;?;?;?;?;?;?;?;0;1;6;5;2;4;4;4;3;8;7;0;1;6;5;2;3;8;7;0;0;0;0;0;1;6;5;2;4;4;4;4;4;3;8;7;0;0;0;0;0;1;
?;?;?;?;?;?;?;?;0;0;1;6;5;2;4;3;8;7;0;1;6;5;2;4;3;8;7;0;0;1;6;5;2;4;4;4;4;4;4;4;4;4;4;4;3;8;7;0;0;0;
?;?;?;?;?;?;?;?;0;1;6;5;2;4;3;8;7;0;0;0;0;1;6;5;2;4;4;3;8;7;0;0;0;0;0;0;0;0;0;1;6;5;2;4;4;4;4;4;4;4;
?;?;?;?;?;?;?;?;2;4;4;3;8;7;0;0;1;6;5;2;4;4;4;4;4;3;8;7;0;0;0;0;0;0;0;1;6;5;2;4;4;4;4;4;4;4;4;4;4;4;
?;?;?;?;?;?;?;?;0;0;1;6;5;2;4;3;8;7;0;0;0;0;0;1;6;5;2;4;4;4;4;4;4;4;4;4;4;4;4;4;4;4;4;4;4;4;4;4;4;4;
?;?;?;?;?;?;?;?;0;1;6;5;2;4;3;8;7;0;0;0;1;6;5;2;4;3;8;7;0;0;0;0;0;0;0;1;6;3;8;1;6;5;2;4;4;4;4;4;4;3;
?;?;?;?;?;?;?;?;0;0;1;6;5;2;4;3;8;7;0;0;0;0;0;0;0;0;0;0;0;0;1;6;5;2;4;4;4;4;4;4;4;4;4;4;4;4;3;8;7;0;
?;?;?;?;?;?;?;?;2;4;3;8;7;0;0;1;6;5;2;4;4;3;8;7;0;0;0;0;0;0;1;6;5;2;4;4;4;4;4;3;8;7;0;0;0;1;6;5;2;4;
?;?;?;?;?;?;?;?;1;6;5;2;4;4;4;4;3;8;7;0;0;0;0;0;0;0;0;0;0;0;0;0;0;0;0;0;0;0;0;1;6;5;2;4;4;4;4;4;4;4;
?;?;?;?;?;?;?;?;0;0;1;6;5;2;4;4;4;4;4;4;4;4;4;4;4;4;3;8;7;0;0;0;0;0;0;0;0;0;0;0;0;0;1;6;5;2;4;4;4;4;
?;?;?;?;?;?;?;?;0;0;0;0;0;0;0;0;0;0;0;0;0;1;6;5;2;4;4;4;4;4;4;4;4;4;4;4;4;4;4;4;4;4;4;4;4;4;4;4;4;4;
?;?;?;?;?;?;?;?;8;7;0;0;0;0;0;0;1;6;5;2;4;4;3;8;7;0;0;0;0;0;1;6;5;2;4;4;4;4;4;4;4;4;4;4;4;4;4;4;4;4;
?;?;?;?;?;?;?;?;2;4;3;8;7;0;0;0;0;0;1;6;5;2;4;4;4;4;4;4;3;8;7;0;0;0;0;0;0;1;6;5;2;4;4;4;4;4;4;4;4;4;
?;?;?;?;?;?;?;?;2;4;3;8;7;0;0;0;1;6;5;2;3;8;7;0;0;0;0;0;1;6;5;2;4;4;4;4;4;4;4;4;4;4;4;3;8;7;0;0;0;0;
?;?;?;?;?;?;?;?;0;0;1;6;5;2;4;3;8;7;0;0;1;6;5;2;4;4;3;8;7;0;1;6;5;2;4;4;4;4;4;4;4;4;4;4;4;4;4;4;4;4;
?;?;?;?;?;?;?;?;0;0;1;6;5;2;4;3;8;7;0;0;0;0;1;6;5;2;4;4;4;4;4;4;4;4;4;4;4;4;4;4;4;4;4;4;4;4;4;4;4;4;
?;?;?;?;?;?;?;?;1;6;5;2;4;4;4;4;4;4;4;4;4;4;4;4;4;3;8;7;0;0;0;0;0;0;0;0;0;0;0;0;0;1;6;5;2;4;4;3;8;7;
?;?;?;?;?;?;?;?;0;0;0;0;0;0;1;6;5;2;4;4;4;4;4;4;4;3;8;7;0;0;1;6;5;2;4;3;8;7;0;0;0;0;0;0;0;0;0;0;0;0;
?;?;?;?;?;?;?;?;0;0;0;0;0;0;0;0;1;6;5;2;4;4;4;4;4;4;4;4;4;4;4;4;4;4;3;8;7;0;0;0;0;0;0;0;0;0;0;0;0;0;
?;?;?;?;?;?;?;?;0;0;1;6;5;2;4;3;8;7;0;0;1;6;5;2;4;4;3;8;7;0;1;6;5;2;3;8;7;0;0;0;0;1;6;5;2;4;3;8;7;0;
?;?;?;?;?;?;?;?;2;4;3;8;7;0;1;6;5;2;4;4;4;4;4;3;8;7;0;0;0;0;0;0;0;0;1;6;5;2;4;4;3;8;7;0;0;0;0;1;6;5;
?;?;?;?;?;?;?;?;1;6;5;2;4;4;4;3;8;7;0;0;0;0;0;0;0;0;1;6;5;2;4;4;3;8;7;0;0;0;0;0;1;6;5;2;4;4;4;4;4;4;
?;?;?;?;?;?;?;?;4;4;3;8;7;0;0;0;0;0;1;6;5;3;8;7;1;6;5;2;4;4;4;4;4;4;4;4;4;3;8;7;0;0;0;0;0;0;0;0;1;6;
?;?;?;?;?;?;?;?;0;0;1;6;5;2;4;4;4;4;4;4;4;3;8;7;0;1;6;5;2;4;4;3;8;7;0;0;1;6;5;2;3;8;7;0;0;0;0;0;0;0;
?;?;?;?;?;?;?;?;0;0;0;1;6;5;2;4;4;4;4;4;4;4;4;4;4;3;8;7;0;0;0;1;6;5;3;8;7;0;0;0;0;0;0;0;1;6;3;8;7;0;
?;?;?;?;?;?;?;?;2;4;4;4;3;8;7;0;1;6;5;2;4;4;4;4;3;8;7;0;0;0;0;0;1;6;5;2;4;4;4;3;8;7;0;0;0;0;0;1;6;5;
?;?;?;?;?;?;?;?;2;3;8;7;0;0;0;1;6;5;2;4;4;4;4;4;4;4;4;3;8;7;0;0;0;0;0;0;0;0;1;6;5;2;4;4;4;4;4;4;4;4;
?;?;?;?;?;?;?;?;1;6;5;2;4;4;3;8;7;0;0;0;0;0;1;6;5;2;4;3;8;7;1;6;5;2;4;4;4;4;3;8;7;0;0;0;0;0;1;6;5;2;
?;?;?;?;?;?;?;?;2;4;3;8;7;0;1;6;5;2;4;4;3;8;7;0;1;6;5;2;4;4;4;3;8;7;0;0;0;0;0;0;0;0;0;0;0;1;6;5;2;4;
?;?;?;?;?;?;?;?;4;4;4;4;3;8;7;0;0;0;0;0;1;3;8;7;0;0;0;0;0;0;0;1;6;5;2;4;4;4;4;4;4;4;4;4;4;4;3;8;7;0;
?;?;?;?;?;?;?;?;0;0;0;1;6;5;3;8;1;6;5;2;4;4;4;4;4;3;8;7;1;6;5;2;4;3;8;7;0;0;0;0;0;0;1;6;5;2;4;4;4;3;
?;?;?;?;?;?;?;?;3;8;7;0;0;1;6;5;2;4;4;4;3;8;7;0;0;0;0;0;1;6;5;2;4;4;4;4;4;4;3;8;7;0;0;0;0;1;6;5;2;4;
?;?;?;?;?;?;?;?;4;4;4;3;8;7;0;0;0;1;6;5;2;4;4;3;8;7;0;0;0;0;0;0;0;0;0;0;0;0;0;0;0;0;0;0;0;0;0;0;0;0;
?;?;?;?;?;?;?;?;4;3;8;7;0;0;1;6;5;2;3;8;7;0;0;0;0;0;0;1;6;5;2;4;4;3;8;7;0;0;0;1;6;5;2;4;4;4;4;4;4;4;
?;?;?;?;?;?;?;?;2;4;3;8;7;0;0;0;1;6;5;2;4;4;4;4;4;4;3;8;7;0;0;0;0;0;0;1;6;5;2;4;4;4;4;3;8;7;0;0;0;0;
?;?;?;?;?;?;?;?;2;4;3;8;7;0;0;0;0;0;0;0;0;1;6;5;2;4;4;4;4;4;4;4;3;8;7;0;1;6;5;2;4;4;4;4;4;4;3;8;7;0;
?;?;?;?;?;?;?;?;3;8;7;0;0;0;0;0;1;6;5;2;4;4;4;4;4;4;4;4;4;4;4;4;4;4;4;4;4;4;4;3;8;7;0;0;0;0;0;1;6;3;
?;?;?;?;?;?;?;?;0;1;6;5;2;4;4;4;4;4;4;4;4;4;4;4;4;4;4;4;4;4;4;4;4;3;8;7;0;0;0;0;0;0;0;0;0;0;0;0;0;0;
?;?;?;?;?;?;?;?;2;4;4;4;4;4;4;4;4;4;4;4;4;4;4;4;4;4;4;4;3;8;7;0;0;0;0;0;1;6;5;2;4;4;4;4;3;8;7;0;0;0;
?;?;?;?;?;?;?;?;2;4;4;4;4;4;3;8;7;0;0;0;0;0;0;0;1;6;5;2;4;4;4;4;3;8;7;1;6;5;2;4;4;4;4;3;8;7;0;0;0;0;
?;?;?;?;?;?;?;?;0;1;6;5;2;4;4;3;8;7;0;0;0;0;0;0;0;0;0;0;0;0;1;6;5;2;4;4;4;4;4;4;4;4;4;4;4;4;4;4;4;3;
?;?;?;?;?;?;?;?;4;4;4;4;3;8;7;0;0;0;0;1;6;5;2;4;4;4;4;4;4;4;4;4;4;4;4;4;3;8;7;0;0;0;0;0;0;0;0;0;0;0;
?;?;?;?;?;?;?;?;0;1;6;5;2;4;4;4;3;8;7;0;0;1;6;5;2;4;3;8;7;0;0;0;0;0;1;6;5;2;4;4;3;8;7;0;0;0;1;6;5;2;
?;?;?;?;?;?;?;?;0;0;0;0;0;0;1;6;5;2;4;4;4;4;4;4;4;4;4;4;4;4;4;4;4;4;4;4;4;4;4;4;4;4;3;8;7;0;0;0;0;0;
?;?;?;?;?;?;?;?;0;0;1;6;5;2;4;3;8;7;0;0;0;1;6;5;2;4;4;4;4;4;4;4;4;4;3;8;7;0;0;0;0;1;6;5;2;4;4;4;4;4;
?;?;?;?;?;?;?;?;1;6;5;2;4;4;4;4;4;3;8;7;0;1;6;5;2;4;4;4;4;4;4;3;8;7;0;0;0;0;0;0;0;0;0;0;0;0;0;0;0;0;
?;?;?;?;?;?;?;?;0;0;1;6;5;2;4;3;8;7;0;0;0;1;3;8;7;0;0;0;0;1;6;5;2;4;4;4;4;4;4;3;8;7;0;0;0;0;0;0;0;1;
?;?;?;?;?;?;?;?;2;3;8;7;0;0;0;1;6;5;2;4;4;3;8;7;1;6;5;2;4;4;4;4;4;3;8;7;0;0;0;0;0;1;6;5;3;8;7;0;0;0;
?;?;?;?;?;?;?;?;2;4;4;4;4;4;4;4;4;4;4;3;8;7;0;0;0;0;1;6;5;2;4;4;4;4;3;8;7;0;0;0;0;0;0;0;0;0;1;6;5;2;
?;?;?;?;?;?;?;?;4;3;8;7;0;0;0;0;0;1;6;3;8;7;0;0;0;1;6;5;2;4;4;4;4;4;4;4;4;4;4;4;4;4;3;8;7;0;0;0;0;0;
?;?;?;?;?;?;?;?;0;0;0;1;6;5;2;4;4;4;4;4;4;4;4;4;4;3;8;7;0;0;0;0;0;0;0;0;0;0;0;0;0;0;0;0;0;0;0;1;6;5;
?;?;?;?;?;?;?;?;4;3;8;7;0;0;0;0;1;6;5;2;4;4;4;3;8;7;0;0;0;0;0;0;0;0;0;0;0;0;0;0;1;6;5;2;4;4;4;4;4;4;
?;?;?;?;?;?;?;?;0;0;0;1;3;8;7;0;0;0;0;0;0;1;6;5;2;4;4;4;4;4;4;4;4;4;4;4;4;4;4;4;4;4;4;4;4;4;3;8;7;0;
?;?;?;?;?;?;?;?;2;3;8;7;0;0;0;0;0;1;6;5;2;4;4;4;4;4;4;4;4;4;3;8;7;0;0;0;0;1;6;5;2;4;4;4;4;4;4;3;8;7;
?;?;?;?;?;?;?;?;0;0;0;1;6;5;2;4;4;4;3;8;7;0;0;0;0;0;0;0;1;6;5;2;4;4;4;4;4;4;4;4;4;3;8;7;0;0;0;0;0;0;
?;?;?;?;?;?;?;?;5;2;4;4;4;4;4;4;4;4;3;8;7;0;0;0;0;0;0;1;6;5;2;4;4;4;4;4;4;3;8;7;0;1;6;5;2;3;8;7;0;0;
?;?;?;?;?;?;?;?;2;4;3;8;7;0;0;0;0;1;6;5;2;4;4;4;4;4;4;4;4;4;4;4;4;4;4;4;4;3;8;7;0;0;0;0;0;0;0;0;0;0;
?;?;?;?;?;?;?;?;2;4;3;8;7;1;6;5;2;4;4;3;8;7;0;0;0;0;0;0;1;6;3;8;7;0;0;1;6;5;2;4;4;4;4;4;4;4;4;3;8;7;
?;?;?;?;?;?;?;?;2;4;4;3;8;7;0;0;0;0;0;0;0;0;0;0;0;0;1;6;5;2;4;4;4;4;4;4;4;4;4;4;4;3;8;7;0;0;0;0;0;0;
?;?;?;?;?;?;?;?;0;0;1;6;5;2;4;4;4;4;4;4;4;3;8;7;0;0;0;0;0;0;0;0;0;1;6;5;2;4;4;4;4;4;4;4;4;4;4;4;4;4;
?;?;?;?;?;?;?;?;0;0;1;6;5;2;4;4;4;4;4;4;4;4;4;3;8;7;0;0;0;0;1;6;5;2;4;4;4;4;4;4;4;4;3;8;7;0;0;0;0;1;
?;?;?;?;?;?;?;?;2;4;4;3;1;6;5;2;4;4;4;4;3;8;7;0;0;0;0;1;6;5;2;4;4;4;4;4;4;3;8;7;0;0;0;0;0;0;0;1;6;5;
?;?;?;?;?;?;?;?;2;4;4;3;8;7;0;0;1;6;5;2;4;4;4;4;4;4;4;4;4;4;4;4;3;8;7;0;0;0;0;0;0;0;0;0;0;0;0;1;6;5;
?;?;?;?;?;?;?;?;0;0;0;0;0;0;0;0;0;1;6;5;2;4;4;4;4;3;8;7;0;0;0;0;0;1;6;5;2;4;4;4;4;4;4;4;4;3;8;7;0;0;
?;?;?;?;?;?;?;?;0;0;1;6;5;2;4;4;3;8;7;0;0;0;0;0;0;0;0;0;0;0;0;0;0;0;1;6;5;2;4;4;4;4;4;4;4;4;4;4;4;4;
?;?;?;?;?;?;?;?;4;4;4;4;4;3;8;7;0;0;0;0;0;0;0;0;0;0;0;0;0;0;0;0;0;0;0;0;0;1;6;5;2;4;4;4;4;4;4;4;4;4;
?;?;?;?;?;?;?;?;0;0;0;1;6;3;8;7;0;0;0;1;6;5;2;4;4;4;4;4;4;3;8;7;0;1;6;5;2;4;4;3;8;7;0;0;0;0;0;0;0;0;
?;?;?;?;?;?;?;?;0;1;6;5;2;4;3;8;7;0;0;0;0;0;1;6;5;3;8;7;0;0;0;0;1;6;5;2;4;4;4;4;4;4;4;4;4;4;4;4;4;4;
?;?;?;?;?;?;?;?;0;1;6;5;2;4;4;4;3;8;1;6;5;2;4;4;4;4;4;3;8;7;0;0;0;0;0;0;0;0;0;0;0;0;0;0;1;6;5;2;4;4;
?;?;?;?;?;?;?;?;2;3;8;7;0;0;1;6;5;2;4;4;4;4;4;4;4;4;4;3;8;7;0;0;0;0;0;0;1;6;5;2;4;4;3;8;1;6;5;2;4;4;
?;?;?;?;?;?;?;?;7;0;0;0;0;0;0;1;6;5;2;4;3;8;7;0;0;0;0;0;0;0;1;6;5;2;4;4;3;1;6;5;2;4;4;4;4;4;4;4;4;4;
?;?;?;?;?;?;?;?;2;4;4;4;4;3;8;7;0;0;0;0;0;0;0;0;0;0;0;0;0;0;0;0;0;0;1;6;5;2;4;4;4;4;4;3;8;7;0;0;0;0;
?;?;?;?;?;?;?;?;0;0;1;6;5;2;3;8;7;0;0;0;0;1;6;5;2;4;4;4;4;4;4;4;4;4;4;4;4;4;4;3;8;7;0;0;0;0;0;0;0;1;
?;?;?;?;?;?;?;?;2;4;4;3;8;7;1;6;5;2;4;4;3;8;7;0;1;6;5;2;4;4;4;3;8;7;0;0;0;0;0;0;1;6;5;2;4;4;4;4;4;4;
?;?;?;?;?;?;?;?;0;0;1;6;5;2;4;3;8;7;0;0;0;1;6;5;2;4;3;8;7;1;6;5;2;3;8;7;0;0;0;0;0;0;0;1;6;5;2;4;4;4;
?;?;?;?;?;?;?;?;0;0;0;0;0;0;0;1;6;5;2;4;4;4;4;3;8;7;0;0;0;0;1;6;5;2;4;4;4;4;3;8;7;0;0;0;1;6;5;2;4;4;
?;?;?;?;?;?;?;?;0;0;0;0;1;6;5;2;4;4;4;4;4;4;4;4;4;4;4;4;4;4;3;8;7;0;0;0;0;0;0;0;0;0;0;0;0;0;0;0;0;0;
?;?;?;?;?;?;?;?;3;8;7;0;0;0;1;6;5;2;4;4;3;8;7;0;0;0;0;1;6;5;2;4;4;4;4;4;4;4;4;4;4;4;4;4;4;4;4;4;4;3;
?;?;?;?;?;?;?;?;0;0;0;1;6;3;8;7;0;0;0;0;0;0;0;0;0;0;0;0;0;0;1;6;5;2;4;4;4;4;4;4;4;3;8;7;0;0;0;0;0;0;
?;?;?;?;?;?;?;?;7;0;0;0;1;6;3;8;7;0;0;0;0;0;0;0;0;1;6;5;2;4;3;8;7;0;0;1;6;5;2;4;4;4;4;4;4;4;3;8;7;1;
?;?;?;?;?;?;?;?;4;4;4;4;4;4;4;4;4;4;4;4;4;4;4;4;4;4;3;8;7;0;0;0;0;0;0;0;0;0;0;0;0;0;0;0;0;1;6;5;2;4;
?;?;?;?;?;?;?;?;0;1;6;5;2;4;4;4;4;3;8;7;0;0;1;6;5;2;4;4;4;4;4;4;4;4;3;8;7;0;0;0;0;0;0;0;0;0;0;0;0;0;
?;?;?;?;?;?;?;?;4;4;3;8;7;0;0;0;0;1;6;5;2;3;8;1;6;5;2;4;4;4;4;4;3;8;7;0;0;0;0;0;0;0;0;0;0;0;0;1;6;5;
?;?;?;?;?;?;?;?;3;8;7;0;0;0;1;6;5;2;4;3;8;7;0;0;0;1;6;5;2;4;4;4;4;3;8;7;0;0;1;6;5;2;4;4;4;4;4;3;8;7;
?;?;?;?;?;?;?;?;1;6;5;2;4;4;3;8;7;0;0;0;0;0;0;1;6;5;2;4;4;4;4;4;4;3;8;7;0;0;0;1;6;5;3;8;7;0;0;0;0;1;
?;?;?;?;?;?;?;?;0;0;1;6;5;2;4;3;8;7;0;0;0;0;0;0;0;0;0;1;6;5;2;4;4;4;4;3;8;7;0;0;0;1;6;5;2;4;4;4;4;4;
?;?;?;?;?;?;?;?;7;0;0;1;6;3;8;7;0;0;0;0;0;1;6;5;2;4;4;4;4;4;4;4;4;4;3;8;7;0;0;0;0;0;0;0;0;0;0;0;0;0;
?;?;?;?;?;?;?;?;0;0;1;6;5;2;4;3;8;7;0;0;1;6;5;2;4;4;4;4;4;4;4;4;4;4;4;3;8;7;0;0;0;0;1;6;5;2;4;4;4;4;
?;?;?;?;?;?;?;?;0;0;1;6;5;3;8;7;0;0;0;0;1;6;5;2;4;4;3;8;7;0;1;6;5;2;4;4;4;4;3;8;7;0;0;0;0;0;0;0;0;0;
?;?;?;?;?;?;?;?;0;0;0;0;0;0;0;0;0;1;6;5;2;4;4;4;4;3;8;7;0;0;0;0;1;6;5;2;4;4;3;8;7;0;0;0;0;0;0;0;0;0;
?;?;?;?;?;?;?;?;0;0;1;6;5;2;4;3;8;7;0;1;6;5;2;4;4;3;8;7;0;0;0;0;0;0;1;6;5;2;4;4;4;4;4;4;4;4;4;4;4;4;
?;?;?;?;?;?;?;?;0;1;6;5;2;4;4;3;8;7;0;0;1;6;5;2;4;3;8;7;0;0;0;0;0;0;0;0;0;0;0;0;1;6;5;2;4;4;3;8;7;0;
?;?;?;?;?;?;?;?;0;0;0;0;0;0;0;0;0;0;0;0;0;0;0;0;0;0;0;0;0;0;0;1;6;5;2;4;4;4;4;4;4;4;4;4;4;4;4;4;3;8;
?;?;?;?;?;?;?;?;3;8;7;0;0;0;0;0;0;0;0;1;6;5;2;4;4;3;8;7;0;0;0;0;0;1;6;3;8;7;0;0;0;0;0;0;0;0;1;6;5;2;
?;?;?;?;?;?;?;?;4;4;4;4;4;4;4;4;4;4;4;4;4;4;4;4;4;4;4;4;4;4;4;4;4;4;4;4;4;4;4;4;4;4;4;4;4;4;4;4;4;4;
?;?;?;?;?;?;?;?;2;4;3;8;7;0;0;0;1;6;5;3;8;7;0;0;0;0;1;6;5;2;4;4;4;4;4;4;4;4;4;4;4;4;4;4;3;8;7;0;0;0;
?;?;?;?;?;?;?;?;0;0;1;6;5;2;4;3;8;7;0;1;6;5;2;4;4;4;3;8;7;0;0;0;1;6;5;2;4;4;4;3;8;7;0;0;0;0;0;0;0;0;
?;?;?;?;?;?;?;?;0;0;0;0;0;1;6;5;2;4;4;4;4;4;4;4;4;4;4;4;3;8;1;6;5;2;4;4;4;4;4;3;8;7;0;0;0;0;0;0;1;6;
?;?;?;?;?;?;?;?;3;8;7;0;0;1;6;5;2;4;4;4;4;3;8;7;0;0;0;1;6;5;2;4;4;3;8;7;0;0;0;0;0;0;0;0;0;0;0;0;0;0;
?;?;?;?;?;?;?;?;2;3;8;7;0;0;0;0;1;6;5;2;4;4;4;4;4;4;4;4;4;3;8;7;0;0;0;0;1;6;5;2;4;4;4;4;4;4;4;4;4;4;
?;?;?;?;?;?;?;?;2;4;3;8;7;0;1;6;5;2;4;4;4;4;4;3;8;7;0;0;0;0;1;6;5;2;4;4;3;8;7;0;0;0;0;0;0;0;1;6;5;2;
?;?;?;?;?;?;?;?;1;6;5;2;4;4;3;8;7;0;0;0;0;0;0;0;0;0;0;0;0;0;0;0;1;6;5;2;4;4;4;4;4;4;4;3;8;7;0;0;0;0;
?;?;?;?;?;?;?;?;4;3;8;7;0;0;0;0;0;0;0;0;1;6;5;2;4;4;4;4;4;4;4;4;4;4;4;4;4;4;4;4;4;4;4;4;4;4;4;4;3;8;
?;?;?;?;?;?;?;?;2;4;3;8;7;0;0;0;0;0;0;0;0;0;0;0;0;1;6;5;2;4;4;4;4;4;4;4;4;4;4;4;4;4;3;8;7;0;1;6;5;2;
?;?;?;?;?;?;?;?;0;0;1;6;5;2;3;8;7;0;0;0;1;6;5;2;3;8;7;0;0;0;1;6;5;2;4;4;4;4;4;4;4;3;8;7;0;0;0;0;0;0;
?;?;?;?;?;?;?;?;5;2;4;4;4;4;4;4;4;4;4;4;4;4;4;4;4;4;4;3;8;7;0;0;0;0;0;1;6;5;2;3;8;7;0;0;0;0;0;0;0;0;
?;?;?;?;?;?;?;?;0;0;1;6;3;8;7;0;0;0;0;0;0;1;6;5;3;8;7;0;0;1;6;5;2;4;4;4;4;4;3;8;7;0;1;6;5;2;4;4;4;4;
?;?;?;?;?;?;?;?;2;4;3;8;7;0;0;1;6;5;2;4;3;8;7;0;0;0;0;0;0;0;0;0;0;1;6;5;2;4;4;4;4;4;3;8;7;0;0;0;0;0;
?;?;?;?;?;?;?;?;0;1;6;5;2;4;4;4;3;8;7;0;0;0;0;0;0;0;0;1;6;5;2;4;4;4;4;4;3;8;7;0;0;0;0;0;0;0;0;0;1;6;
?;?;?;?;?;?;?;?;0;0;0;0;0;0;0;1;6;5;3;8;7;0;0;0;0;0;0;1;6;5;2;4;4;4;4;4;4;4;4;4;4;4;4;4;4;3;8;7;0;0;
?;?;?;?;?;?;?;?;0;1;6;5;2;4;4;3;8;7;0;0;0;0;0;0;0;0;0;0;0;0;1;6;5;2;4;3;8;7;0;0;0;1;6;5;2;4;4;4;4;4;
?;?;?;?;?;?;?;?;0;1;6;5;2;4;4;3;8;7;0;0;1;6;5;2;4;4;4;4;4;4;3;8;7;0;0;0;0;0;0;0;0;1;6;5;2;4;4;3;8;7;
?;?;?;?;?;?;?;?;0;0;1;6;5;2;4;4;4;4;4;3;8;7;0;0;0;0;0;1;6;5;2;4;4;4;3;8;7;0;0;0;0;0;0;0;0;0;0;0;0;0;
?;?;?;?;?;?;?;?;0;1;6;5;2;4;3;8;7;0;0;0;0;0;1;6;3;8;7;0;1;6;5;2;4;4;4;4;4;3;8;7;0;0;0;0;0;0;0;0;0;0;
?;?;?;?;?;?;?;?;0;0;0;0;0;0;0;0;1;6;5;2;4;4;4;3;8;7;0;1;6;5;2;4;4;4;4;4;4;4;3;8;7;0;0;0;0;0;0;1;3;8;
?;?;?;?;?;?;?;?;2;4;4;3;8;1;6;5;2;4;4;4;3;8;7;0;0;0;0;1;6;5;2;3;8;7;1;6;5;2;4;3;8;7;0;0;0;0;0;0;0;0;
?;?;?;?;?;?;?;?;0;0;0;1;6;5;3;8;7;0;0;0;1;6;5;2;4;4;4;4;4;4;4;4;4;4;4;4;4;4;4;4;4;4;3;8;7;0;0;0;0;0;
?;?;?;?;?;?;?;?;4;4;4;4;4;4;3;8;7;0;0;0;0;0;0;0;0;0;0;0;0;0;0;0;1;6;5;2;4;4;4;4;4;4;4;4;4;3;8;7;0;1;
?;?;?;?;?;?;?;?;0;0;1;6;5;2;3;8;7;0;0;0;1;6;5;2;4;4;4;4;4;4;4;4;4;4;4;3;8;7;0;0;0;0;0;0;0;0;0;0;0;0;
?;?;?;?;?;?;?;?;4;4;4;3;8;7;1;6;5;3;8;7;0;0;0;0;0;0;0;0;0;0;0;0;0;0;0;0;0;0;0;0;0;0;0;0;0;1;6;5;2;4;
?;?;?;?;?;?;?;?;2;4;3;8;7;0;1;6;5;2;4;4;3;8;7;0;0;0;0;0;1;6;5;2;4;4;4;4;4;4;4;4;3;8;7;0;0;0;0;0;1;6;
?;?;?;?;?;?;?;?;0;1;6;5;2;4;4;3;8;7;0;0;1;6;5;2;4;3;8;7;0;0;0;1;6;5;2;4;4;4;4;4;4;4;4;4;4;4;4;4;4;4;
?;?;?;?;?;?;?;?;2;3;8;7;0;0;0;1;6;5;2;3;8;7;0;0;0;0;1;6;5;2;4;4;4;4;4;4;4;4;4;4;3;8;7;0;1;6;5;2;4;4;
?;?;?;?;?;?;?;?;7;0;0;0;0;0;0;0;0;0;0;0;1;6;5;2;4;4;4;3;8;7;0;0;0;1;6;5;2;3;8;7;0;0;0;0;0;0;0;0;1;6;
?;?;?;?;?;?;?;?;0;0;0;1;6;5;2;3;8;7;0;0;0;1;6;5;2;4;4;3;8;7;0;0;0;0;0;1;6;5;2;4;4;4;4;4;4;4;3;8;7;0;
?;?;?;?;?;?;?;?;2;4;4;3;8;7;0;0;0;0;1;6;5;2;4;4;4;3;8;7;0;0;0;1;6;5;2;4;4;4;3;8;7;0;0;0;0;0;1;6;5;2;
?;?;?;?;?;?;?;?;0;0;1;6;5;2;4;4;4;3;8;7;0;0;0;0;0;0;0;0;0;0;0;0;0;1;6;5;2;4;4;4;4;4;4;4;4;4;4;3;8;7;
?;?;?;?;?;?;?;?;0;0;0;0;1;3;8;7;0;0;0;0;1;6;5;2;4;4;3;8;7;1;6;5;2;4;4;4;4;4;4;4;3;8;7;0;0;0;0;0;0;0;
?;?;?;?;?;?;?;?;0;1;6;5;2;4;3;8;7;0;0;0;1;6;5;2;4;4;3;8;7;0;0;0;0;0;0;0;0;0;0;0;0;0;0;0;0;0;0;0;0;0;
?;?;?;?;?;?;?;?;0;0;1;6;5;2;4;4;4;3;8;7;0;0;0;0;0;0;1;6;5;3;8;7;0;0;0;0;0;0;1;6;5;2;4;4;4;4;4;4;3;8;
?;?;?;?;?;?;?;?;0;0;1;6;5;2;3;8;7;0;0;0;1;6;5;2;4;4;4;3;8;7;0;0;0;0;1;6;5;2;3;8;7;0;1;6;5;2;4;4;4;3;
?;?;?;?;?;?;?;?;0;0;0;1;6;5;2;3;8;7;0;0;1;6;5;2;4;4;4;4;4;4;4;4;4;4;4;4;4;4;4;4;4;3;8;7;0;0;0;0;0;0;
?;?;?;?;?;?;?;?;1;6;5;2;4;4;4;4;3;8;7;0;0;0;0;0;0;0;0;0;0;0;0;1;6;5;2;4;4;4;4;4;4;4;4;4;4;3;8;7;0;0;
?;?;?;?;?;?;?;?;4;4;3;8;7;0;0;1;6;5;2;4;3;8;7;0;0;0;0;0;0;0;0;0;1;6;5;2;4;4;4;4;4;4;3;8;7;0;0;0;0;0;
?;?;?;?;?;?;?;?;5;2;4;4;4;4;4;4;4;4;4;4;4;4;4;3;8;7;0;0;0;0;0;0;0;0;0;0;0;1;6;5;2;4;4;4;4;4;4;4;4;4;
?;?;?;?;?;?;?;?;4;4;4;4;4;4;3;8;7;0;0;0;0;0;1;6;5;2;4;4;3;8;7;0;0;0;0;0;0;0;0;0;1;6;5;2;4;4;4;4;3;8;
?;?;?;?;?;?;?;?;0;0;1;6;5;2;4;3;8;7;0;0;0;0;0;1;6;5;2;4;4;4;3;8;7;0;0;0;1;6;5;2;4;4;4;3;8;7;0;0;0;0;
?;?;?;?;?;?;?;?;2;3;8;7;0;0;0;1;6;5;2;4;4;4;3;8;7;0;1;6;5;2;4;3;8;7;0;1;6;5;2;4;3;8;7;1;6;5;2;4;4;4;
?;?;?;?;?;?;?;?;4;4;4;4;4;4;4;4;4;4;4;4;4;3;8;7;0;0;0;0;0;0;0;0;0;0;0;0;0;0;0;0;0;0;0;0;0;0;0;0;0;0;
?;?;?;?;?;?;?;?;4;4;4;4;4;4;4;4;4;4;4;3;8;7;0;0;0;0;0;0;1;6;5;2;4;4;4;4;4;3;8;7;0;0;0;0;0;0;0;0;0;0;
?;?;?;?;?;?;?;?;2;4;3;8;7;0;0;0;1;6;5;2;3;8;7;0;0;0;0;0;0;0;0;0;1;6;5;2;4;4;4;4;3;8;7;0;0;0;0;1;6;5;
?;?;?;?;?;?;?;?;2;4;4;4;4;4;4;4;4;4;4;4;3;8;7;1;6;5;2;4;4;4;3;8;7;0;0;0;0;0;0;0;0;0;0;0;0;0;0;0;0;0;
?;?;?;?;?;?;?;?;2;4;3;8;7;0;0;0;1;6;5;2;3;8;7;1;6;5;2;4;4;3;8;7;0;0;0;0;0;0;1;6;5;2;4;4;4;4;4;3;8;7;
?;?;?;?;?;?;?;?;7;0;0;0;0;0;0;0;0;0;0;0;1;6;5;2;3;8;7;0;0;0;0;0;0;0;1;6;5;2;4;4;4;4;4;4;4;4;3;8;7;0;
?;?;?;?;?;?;?;?;1;6;5;2;4;4;3;8;7;0;0;0;1;6;5;2;4;4;4;4;4;4;4;4;4;4;3;8;7;0;0;0;0;0;0;0;0;0;0;1;6;5;
?;?;?;?;?;?;?;?;2;4;3;8;7;0;0;1;6;5;2;4;4;4;4;4;4;4;4;3;8;7;0;0;0;0;0;0;0;0;0;0;0;0;0;1;6;5;2;4;4;4;