?;?;?;?;?;?;?;?;?;?;?;?;?;3;89;23;22;21;8;5;4;4;4;4;4;2;11;10;3;89;90;76;73;28;138;136;83;118;116;53;147;146;143;142;109;43;135;83;118;116;
?;?;?;?;?;?;?;?;?;?;?;?;?;8;61;60;58;50;49;128;132;131;117;115;4;4;4;2;11;10;3;89;90;84;75;69;106;103;4;4;4;4;2;11;10;0;74;68;57;95;
?;?;?;?;?;?;?;?;?;?;?;?;?;10;3;83;118;116;106;61;60;58;50;49;29;42;30;28;138;136;136;136;136;136;136;136;136;136;136;136;136;136;136;136;136;136;83;118;116;106;
?;?;?;?;?;?;?;?;?;?;?;?;?;72;76;73;28;138;136;136;83;118;116;106;103;4;4;4;4;2;11;10;3;83;118;116;106;103;4;4;4;2;11;10;3;89;90;76;73;28;
?;?;?;?;?;?;?;?;?;?;?;?;?;10;3;89;90;76;73;28;138;136;136;83;118;116;106;103;4;4;4;4;4;4;4;4;4;4;4;4;2;11;10;3;89;90;76;73;28;138;
?;?;?;?;?;?;?;?;?;?;?;?;?;109;83;118;116;106;103;4;4;4;2;11;10;3;89;90;84;75;69;106;103;4;4;4;4;2;11;10;3;89;90;84;75;69;106;103;4;2;
?;?;?;?;?;?;?;?;?;?;?;?;?;92;148;36;35;111;137;33;6;25;4;4;2;11;10;3;89;90;76;73;82;130;116;106;103;4;4;4;4;4;4;4;4;4;4;4;2;11;
?;?;?;?;?;?;?;?;?;?;?;?;?;3;89;90;76;73;28;138;136;136;136;136;136;136;83;118;116;106;103;4;4;4;4;4;4;4;4;4;4;2;11;10;3;89;90;76;73;28;
?;?;?;?;?;?;?;?;?;?;?;?;?;4;4;4;4;4;4;4;4;4;4;2;11;10;3;89;90;76;73;28;138;136;136;136;136;136;136;83;118;116;106;103;101;88;87;102;27;23;
?;?;?;?;?;?;?;?;?;?;?;?;?;102;27;23;22;21;8;5;114;105;104;102;27;23;22;21;8;5;4;2;11;10;3;83;118;116;106;103;4;2;11;10;3;89;90;76;99;92;
?;?;?;?;?;?;?;?;?;?;?;?;?;3;83;118;116;106;103;101;88;87;102;27;23;22;21;8;5;114;105;104;102;27;72;76;99;92;148;36;35;111;110;141;140;107;139;138;133;130;
?;?;?;?;?;?;?;?;?;?;?;?;?;69;106;61;60;58;50;49;29;83;118;116;106;103;4;4;4;4;4;4;4;4;4;4;4;2;11;10;3;89;90;76;73;28;138;136;136;136;
?;?;?;?;?;?;?;?;?;?;?;?;?;10;3;89;90;76;73;28;138;133;130;116;106;103;4;2;11;10;3;89;90;76;99;92;86;71;103;4;4;4;4;2;11;10;3;89;90;76;
?;?;?;?;?;?;?;?;?;?;?;?;?;83;118;116;106;103;4;4;2;11;10;0;74;68;57;95;4;4;4;4;2;11;10;3;89;90;76;73;28;138;136;83;118;116;106;103;4;4;
?;?;?;?;?;?;?;?;?;?;?;?;?;8;5;114;105;104;102;27;72;65;75;69;106;103;101;88;51;7;31;1;20;19;98;97;96;94;93;90;76;99;92;86;71;103;4;4;4;2;
?;?;?;?;?;?;?;?;?;?;?;?;?;55;48;46;44;41;137;33;6;25;4;4;2;11;10;3;89;90;84;75;69;106;103;4;4;4;4;2;11;10;3;89;90;76;73;28;138;136;
?;?;?;?;?;?;?;?;?;?;?;?;?;102;27;72;65;75;69;106;103;4;4;4;4;4;4;2;11;10;3;89;90;76;73;28;138;133;130;116;106;103;4;4;4;4;4;4;4;4;
?;?;?;?;?;?;?;?;?;?;?;?;?;8;5;4;2;11;10;3;83;118;116;106;103;4;4;4;4;4;4;4;4;2;11;10;3;89;90;76;73;28;138;136;136;136;136;136;136;136;
?;?;?;?;?;?;?;?;?;?;?;?;?;86;53;147;146;143;137;33;6;25;4;4;4;4;4;4;4;4;4;4;4;4;4;4;4;4;2;11;10;3;89;90;76;73;28;138;136;136;
?;?;?;?;?;?;?;?;?;?;?;?;?;3;89;23;22;21;8;5;114;105;104;102;27;72;76;99;92;86;71;103;4;4;4;4;4;4;2;11;10;3;89;90;76;99;92;86;71;103;
?;?;?;?;?;?;?;?;?;?;?;?;?;103;4;2;11;10;3;89;90;76;73;28;138;136;136;136;136;83;118;116;106;103;4;2;11;10;3;83;118;116;106;103;4;4;4;4;4;4;
?;?;?;?;?;?;?;?;?;?;?;?;?;8;5;114;105;104;102;27;23;22;21;8;5;4;4;2;11;10;3;89;90;76;73;28;138;136;136;136;136;83;118;116;106;103;4;2;11;10;
?;?;?;?;?;?;?;?;?;?;?;?;?;10;0;74;68;57;95;81;80;79;78;77;72;76;73;28;138;136;136;136;136;136;136;136;83;118;116;106;103;4;4;4;4;4;4;4;4;4;
?;?;?;?;?;?;?;?;?;?;?;?;?;73;28;138;136;136;136;136;83;118;116;106;103;4;4;4;4;4;4;4;4;4;4;4;4;2;11;10;3;89;90;84;75;69;106;103;4;4;
?;?;?;?;?;?;?;?;?;?;?;?;?;130;116;53;100;91;85;70;67;66;56;98;97;96;94;93;90;76;73;82;130;116;106;103;4;4;4;4;4;4;4;4;4;4;4;4;4;4;
?;?;?;?;?;?;?;?;?;?;?;?;?;61;60;58;50;49;29;42;30;28;138;136;136;136;83;118;116;106;103;4;4;4;4;4;4;4;4;4;4;4;4;4;4;4;4;4;4;4;
?;?;?;?;?;?;?;?;?;?;?;?;?;49;29;42;99;92;86;71;103;101;88;51;7;31;1;20;19;18;17;12;2;11;10;0;74;68;57;95;4;2;11;10;3;89;23;22;21;8;
?;?;?;?;?;?;?;?;?;?;?;?;?;86;71;64;63;58;50;137;33;6;25;4;4;4;4;4;4;4;4;2;11;10;3;89;90;76;73;28;24;130;116;106;103;4;4;4;2;11;
?;?;?;?;?;?;?;?;?;?;?;?;?;103;4;4;2;11;10;3;89;23;22;21;127;123;120;112;124;109;43;135;134;133;130;116;106;103;4;4;4;4;4;4;4;4;4;4;4;4;
?;?;?;?;?;?;?;?;?;?;?;?;?;8;5;4;2;11;10;0;74;68;57;95;4;4;2;11;10;3;89;90;76;73;28;138;136;136;136;136;136;136;83;118;116;106;103;4;4;4;
?;?;?;?;?;?;?;?;?;?;?;?;?;137;33;6;25;4;4;4;4;4;4;4;4;4;4;4;4;4;2;11;10;3;89;90;76;73;28;138;136;136;136;83;118;116;106;103;4;4;
?;?;?;?;?;?;?;?;?;?;?;?;?;102;27;23;22;21;8;5;4;2;11;10;3;83;54;47;45;40;39;38;37;3;83;118;116;106;103;4;4;4;2;11;10;3;89;90;76;73;
?;?;?;?;?;?;?;?;?;?;?;?;?;111;110;141;140;107;139;138;136;136;83;118;116;106;103;4;4;4;4;4;4;4;4;4;4;4;4;4;4;4;4;4;4;4;4;4;4;4;
?;?;?;?;?;?;?;?;?;?;?;?;?;130;116;106;103;4;4;4;4;2;11;10;3;89;90;76;73;28;24;130;116;106;103;4;4;4;4;4;4;4;4;4;4;4;4;4;4;2;
?;?;?;?;?;?;?;?;?;?;?;?;?;28;138;136;136;136;136;136;136;136;136;136;136;136;136;136;136;83;118;116;106;103;4;4;4;4;4;4;4;2;11;10;3;89;90;76;99;92;
?;?;?;?;?;?;?;?;?;?;?;?;?;28;24;130;116;106;103;4;4;4;4;4;4;2;11;10;3;89;90;76;73;28;138;133;130;116;106;103;4;4;4;2;11;10;3;89;90;76;
?;?;?;?;?;?;?;?;?;?;?;?;?;86;71;103;4;4;4;4;4;4;4;2;11;10;3;89;90;76;73;28;138;136;136;136;136;136;136;136;83;118;116;106;103;4;4;4;4;4;
?;?;?;?;?;?;?;?;?;?;?;?;?;136;83;118;116;106;103;4;4;2;11;10;3;89;90;76;73;28;138;133;130;116;106;103;4;4;4;4;4;4;4;4;4;4;4;4;4;4;
?;?;?;?;?;?;?;?;?;?;?;?;?;130;116;106;103;4;4;2;11;10;3;89;23;22;21;8;5;4;4;4;4;4;4;4;2;11;10;3;89;90;84;75;69;106;103;4;4;4;
?;?;?;?;?;?;?;?;?;?;?;?;?;27;72;65;75;69;106;103;4;4;2;11;10;3;89;90;76;73;28;138;133;130;116;106;103;4;4;4;4;4;4;2;11;10;3;89;23;22;
?;?;?;?;?;?;?;?;?;?;?;?;?;3;83;118;116;106;103;4;2;11;10;3;89;90;76;99;92;86;71;103;4;4;4;2;11;10;3;89;90;76;73;28;138;136;136;83;118;116;
?;?;?;?;?;?;?;?;?;?;?;?;?;10;0;74;68;57;95;4;2;11;10;3;89;90;76;73;28;138;136;83;118;116;106;103;4;4;2;11;10;3;89;23;22;21;8;5;4;4;
?;?;?;?;?;?;?;?;?;?;?;?;?;102;27;72;76;73;28;138;136;136;83;118;116;106;103;4;4;4;4;4;4;2;11;10;3;83;118;116;106;61;60;58;50;49;128;132;131;117;
?;?;?;?;?;?;?;?;?;?;?;?;?;61;60;58;50;49;29;42;30;28;138;136;83;118;116;106;103;4;4;4;4;4;4;4;4;2;11;10;3;89;90;84;75;69;106;103;4;4;
?;?;?;?;?;?;?;?;?;?;?;?;?;8;5;4;2;11;10;3;83;118;116;106;103;4;4;4;4;4;4;4;2;11;10;3;89;90;76;73;28;138;136;83;118;116;106;103;4;4;
?;?;?;?;?;?;?;?;?;?;?;?;?;8;5;4;2;11;10;3;83;118;116;106;103;4;4;4;4;4;4;4;4;2;11;10;3;89;90;76;73;82;130;116;106;103;101;88;87;102;
?;?;?;?;?;?;?;?;?;?;?;?;?;8;5;114;105;104;102;27;72;76;73;28;138;136;136;136;83;118;116;106;103;4;4;2;11;10;3;89;90;76;99;92;86;71;103;4;4;4;
?;?;?;?;?;?;?;?;?;?;?;?;?;3;89;90;76;99;92;86;71;103;4;4;4;4;4;4;4;4;4;4;4;4;2;11;10;3;89;90;76;73;28;138;136;83;118;116;106;103;
?;?;?;?;?;?;?;?;?;?;?;?;?;116;106;103;4;4;4;2;11;10;3;83;118;116;106;103;4;4;4;4;4;4;4;2;11;10;3;89;23;22;21;8;5;4;2;11;10;3;
?;?;?;?;?;?;?;?;?;?;?;?;?;3;89;90;76;73;28;138;133;130;116;106;103;4;4;4;4;4;4;2;11;10;3;89;90;76;73;28;138;136;136;136;136;136;136;136;136;136;
?;?;?;?;?;?;?;?;?;?;?;?;?;4;4;4;4;4;4;4;4;2;11;10;3;89;90;76;73;28;138;133;130;148;36;35;111;110;141;140;107;139;138;136;136;136;136;136;136;136;
?;?;?;?;?;?;?;?;?;?;?;?;?;109;43;135;134;133;130;116;106;103;4;4;4;4;4;4;4;4;4;4;4;4;4;4;4;4;4;2;11;10;3;89;90;76;73;28;138;136;
?;?;?;?;?;?;?;?;?;?;?;?;?;10;3;89;23;22;21;8;61;60;58;50;49;29;42;30;28;138;136;136;136;136;136;136;136;83;118;116;106;103;4;4;4;4;4;4;4;4;
?;?;?;?;?;?;?;?;?;?;?;?;?;103;4;4;2;11;10;3;83;118;126;122;119;108;113;129;140;107;139;138;133;130;116;106;103;4;4;4;2;11;10;3;89;90;76;73;28;24;
?;?;?;?;?;?;?;?;?;?;?;?;?;103;4;4;2;11;10;3;83;118;116;106;61;60;58;50;49;29;42;30;133;130;116;106;103;4;4;4;4;2;11;10;3;89;90;76;73;82;
?;?;?;?;?;?;?;?;?;?;?;?;?;106;103;101;88;87;102;83;118;116;106;103;101;88;87;102;27;23;22;21;8;5;4;4;4;4;4;4;4;4;4;4;2;11;10;3;89;90;
?;?;?;?;?;?;?;?;?;?;?;?;?;103;101;88;87;102;27;72;76;99;92;86;71;103;4;2;11;10;3;89;90;76;73;28;138;136;136;83;118;116;106;103;4;4;4;4;4;4;
?;?;?;?;?;?;?;?;?;?;?;?;?;10;3;89;23;22;21;8;5;4;4;4;4;2;11;10;3;89;90;76;73;28;138;133;130;116;106;103;4;4;4;4;4;4;4;4;4;4;
?;?;?;?;?;?;?;?;?;?;?;?;?;106;103;101;88;87;102;27;72;76;73;82;130;116;106;103;4;4;4;4;4;4;4;4;4;4;4;4;4;4;4;4;4;4;4;4;4;4;
?;?;?;?;?;?;?;?;?;?;?;?;?;103;101;88;87;102;27;72;65;75;69;106;103;101;88;87;102;27;72;76;73;28;138;133;130;148;36;52;34;32;26;16;15;14;13;9;4;2;
?;?;?;?;?;?;?;?;?;?;?;?;?;8;5;114;105;104;102;27;72;76;73;28;138;136;136;136;136;136;83;118;116;106;103;4;4;4;4;4;4;4;4;4;4;4;2;11;10;3;
?;?;?;?;?;?;?;?;?;?;?;?;?;102;27;23;22;21;8;5;4;2;11;10;3;89;90;76;73;28;24;130;116;106;103;4;4;4;4;2;11;10;3;89;90;84;75;69;106;103;
?;?;?;?;?;?;?;?;?;?;?;?;?;19;18;17;2;11;10;3;89;90;76;73;28;138;136;136;136;136;136;136;136;136;136;136;136;136;136;83;118;116;106;103;4;4;4;4;4;4;
?;?;?;?;?;?;?;?;?;?;?;?;?;106;103;4;4;4;4;4;4;4;4;4;4;4;2;11;10;3;89;90;76;73;28;138;136;136;136;136;136;136;83;118;116;106;103;4;4;4;
?;?;?;?;?;?;?;?;?;?;?;?;?;28;138;136;136;136;136;136;136;83;118;116;106;103;4;4;4;4;4;4;4;4;4;4;4;4;4;4;4;4;4;4;4;4;4;4;4;4;
?;?;?;?;?;?;?;?;?;?;?;?;?;76;73;28;24;130;116;106;103;4;2;11;10;3;89;90;76;73;82;130;116;106;103;4;4;4;4;4;4;4;4;4;4;4;4;4;4;4;
?;?;?;?;?;?;?;?;?;?;?;?;?;102;27;72;76;73;82;130;116;106;103;4;4;4;4;4;2;11;10;3;89;90;76;73;28;24;130;116;106;103;4;4;4;4;4;4;4;4;
?;?;?;?;?;?;?;?;?;?;?;?;?;102;27;72;65;75;69;106;61;60;58;50;49;29;42;30;133;130;116;106;103;4;4;4;4;4;4;4;4;4;4;2;11;10;3;89;90;76;
?;?;?;?;?;?;?;?;?;?;?;?;?;106;103;101;88;87;102;27;23;22;21;8;5;4;2;11;10;3;83;118;116;106;103;4;4;4;4;4;4;4;4;4;4;4;4;4;4;4;
?;?;?;?;?;?;?;?;?;?;?;?;?;106;103;101;88;87;102;27;72;76;99;92;86;71;103;4;4;4;4;4;4;4;4;4;4;4;4;4;4;4;4;4;4;4;4;4;4;4;
?;?;?;?;?;?;?;?;?;?;?;?;?;4;4;4;4;4;4;4;4;4;4;4;4;2;11;10;3;89;90;76;73;28;138;136;136;136;136;136;136;83;118;116;106;103;4;2;11;10;
?;?;?;?;?;?;?;?;?;?;?;?;?;136;83;118;116;106;103;4;4;4;4;4;4;2;11;10;3;89;23;22;21;8;5;114;105;104;102;27;72;76;73;28;138;136;136;136;136;136;
?;?;?;?;?;?;?;?;?;?;?;?;?;28;138;136;83;118;116;106;103;4;4;4;4;4;4;4;4;4;4;4;4;4;2;11;10;3;89;90;76;73;28;138;136;136;136;136;136;136;
?;?;?;?;?;?;?;?;?;?;?;?;?;106;103;101;88;87;102;27;23;22;21;8;5;4;2;11;10;3;83;118;116;106;61;60;58;50;49;29;42;99;92;86;71;103;101;88;87;102;
?;?;?;?;?;?;?;?;?;?;?;?;?;102;83;118;116;106;103;4;4;4;4;2;11;10;3;89;90;76;73;28;138;136;83;118;116;106;103;4;2;11;10;3;89;90;76;99;92;86;
?;?;?;?;?;?;?;?;?;?;?;?;?;4;4;2;11;10;3;89;90;76;73;28;138;136;83;118;116;106;103;4;2;11;10;3;89;90;76;73;82;130;116;106;103;4;4;4;4;4;
?;?;?;?;?;?;?;?;?;?;?;?;?;3;89;90;76;73;82;130;116;53;147;146;137;33;6;25;4;4;4;4;4;4;4;4;4;2;11;10;3;89;90;76;73;28;138;136;83;118;
?;?;?;?;?;?;?;?;?;?;?;?;?;106;103;4;4;4;4;4;4;2;11;10;3;83;118;116;106;103;4;2;11;10;3;89;23;22;21;8;61;60;58;50;49;29;42;30;28;138;
?;?;?;?;?;?;?;?;?;?;?;?;?;69;106;103;4;4;4;4;4;4;4;4;4;2;11;10;3;89;90;84;75;69;62;59;121;125;142;109;43;135;134;138;133;130;148;36;35;111;
?;?;?;?;?;?;?;?;?;?;?;?;?;11;10;3;83;118;116;106;103;4;4;4;2;11;10;3;89;90;76;73;82;130;116;106;103;4;4;2;11;10;3;89;90;76;73;82;130;116;
?;?;?;?;?;?;?;?;?;?;?;?;?;49;29;83;118;116;106;103;4;4;4;4;4;4;4;2;11;10;3;89;90;76;73;28;138;136;83;118;116;106;103;4;4;4;4;4;4;4;
?;?;?;?;?;?;?;?;?;?;?;?;?;4;2;11;10;3;89;90;76;73;82;130;116;106;103;101;88;87;137;33;6;25;4;4;4;4;2;11;10;3;89;90;76;73;82;130;116;106;
?;?;?;?;?;?;?;?;?;?;?;?;?;102;83;118;116;106;103;4;2;11;10;3;83;118;116;106;103;4;4;2;11;10;3;89;90;76;73;28;138;136;136;136;136;83;118;116;106;103;
?;?;?;?;?;?;?;?;?;?;?;?;?;11;10;3;89;90;76;73;82;55;48;46;44;41;40;39;38;37;3;83;118;116;106;103;4;4;4;4;4;4;4;4;4;4;2;11;10;3;
?;?;?;?;?;?;?;?;?;?;?;?;?;69;62;59;51;7;31;1;20;19;18;17;12;2;11;10;0;74;68;57;95;81;80;79;78;77;72;76;73;28;24;130;116;106;103;4;4;2;
?;?;?;?;?;?;?;?;?;?;?;?;?;137;33;6;25;4;4;4;2;11;10;3;89;90;76;73;82;130;116;106;103;4;4;4;4;4;2;11;10;3;89;90;76;99;92;86;71;103;
?;?;?;?;?;?;?;?;?;?;?;?;?;10;3;89;90;84;75;69;106;103;4;2;11;10;3;89;90;76;73;28;138;136;136;136;136;136;136;136;136;136;136;136;136;136;136;136;136;136;
?;?;?;?;?;?;?;?;?;?;?;?;?;27;23;22;21;8;61;60;58;50;49;29;42;30;28;24;130;116;106;103;4;2;11;10;3;89;90;84;75;69;106;103;4;4;4;4;4;4;
?;?;?;?;?;?;?;?;?;?;?;?;?;102;27;72;65;75;69;106;103;4;4;4;4;4;2;11;10;3;89;90;76;73;28;24;130;116;106;103;4;4;4;2;11;10;3;89;90;76;
?;?;?;?;?;?;?;?;?;?;?;?;?;102;27;72;76;73;28;138;136;83;118;116;106;103;4;4;4;4;4;4;2;11;10;3;83;118;116;106;103;4;4;4;4;4;2;11;10;3;
?;?;?;?;?;?;?;?;?;?;?;?;?;40;39;38;83;118;116;106;103;4;4;4;4;4;4;4;4;4;4;4;4;4;4;4;4;4;4;2;11;10;3;89;90;76;73;82;130;148;
?;?;?;?;?;?;?;?;?;?;?;?;?;103;4;4;4;4;4;4;4;4;4;4;4;4;4;4;4;4;4;4;4;2;11;10;3;89;90;76;73;28;138;136;136;136;136;136;136;136;
?;?;?;?;?;?;?;?;?;?;?;?;?;4;4;4;4;4;4;4;4;4;4;4;4;4;4;4;2;11;10;3;89;90;76;73;82;130;116;106;103;4;4;4;2;11;10;3;89;90;
?;?;?;?;?;?;?;?;?;?;?;?;?;4;2;11;10;3;89;90;76;73;28;138;133;130;116;106;103;4;4;4;2;11;10;0;74;68;57;95;4;4;4;2;11;10;3;89;90;76;
?;?;?;?;?;?;?;?;?;?;?;?;?;103;4;2;11;10;3;89;90;76;73;28;138;136;136;136;136;136;83;118;116;106;103;4;4;4;4;4;4;4;4;4;4;4;4;4;4;2;
?;?;?;?;?;?;?;?;?;?;?;?;?;11;10;3;89;90;76;99;92;86;71;103;4;4;4;4;4;4;4;4;4;4;4;4;2;11;10;3;89;90;76;73;28;138;136;136;136;136;
?;?;?;?;?;?;?;?;?;?;?;?;?;?;4;4;2;11;10;3;89;23;22;21;8;5;114;105;104;102;27;72;76;73;82;130;116;106;103;4;2;11;10;3;89;90;84;75;69;106;
?;?;?;?;?;?;?;?;?;?;?;?;?;136;83;118;116;106;103;4;4;4;4;4;4;4;4;4;4;4;4;4;4;4;4;4;4;4;4;4;4;4;2;11;10;3;89;90;76;73;
?;?;?;?;?;?;?;?;?;?;?;?;?;8;5;114;105;104;102;27;72;65;75;69;106;103;4;4;4;4;4;4;4;4;2;11;10;3;89;90;76;99;92;86;71;103;4;4;4;4;
?;?;?;?;?;?;?;?;?;?;?;?;?;19;18;17;12;2;11;10;3;83;118;116;106;103;4;4;4;4;4;2;11;10;3;89;90;76;73;28;138;136;136;136;136;136;136;136;136;136;
?;?;?;?;?;?;?;?;?;?;?;?;?;8;5;114;105;104;102;27;72;65;55;48;46;44;41;40;39;137;33;6;25;4;4;4;4;4;4;2;11;10;3;89;90;76;73;28;138;133;
?;?;?;?;?;?;?;?;?;?;?;?;?;49;29;83;118;116;106;103;4;2;11;10;0;74;68;57;95;4;4;4;4;2;11;10;3;89;90;76;73;82;130;116;53;147;146;143;142;109;
?;?;?;?;?;?;?;?;?;?;?;?;?;4;4;4;4;4;4;2;11;10;3;89;90;76;99;92;86;71;103;4;4;4;2;11;10;3;89;90;76;73;28;138;136;136;83;118;116;106;
?;?;?;?;?;?;?;?;?;?;?;?;?;27;72;76;73;82;130;148;36;35;111;110;141;83;118;116;106;103;4;4;4;4;4;4;4;4;4;4;4;4;2;11;10;3;89;90;76;73;
?;?;?;?;?;?;?;?;?;?;?;?;?;69;106;103;4;4;4;4;4;4;4;4;4;2;11;10;3;89;90;76;73;28;138;136;136;136;136;136;136;136;136;136;136;136;136;83;118;116;
?;?;?;?;?;?;?;?;?;?;?;?;?;89;90;76;99;92;86;71;103;4;4;2;11;10;3;89;90;76;73;28;138;136;136;136;136;136;136;136;83;118;116;106;103;4;4;4;4;4;
?;?;?;?;?;?;?;?;?;?;?;?;?;48;46;44;41;40;39;38;37;83;118;116;106;103;4;4;4;4;4;4;4;4;4;4;4;4;4;4;4;4;4;4;4;4;2;11;10;3;
?;?;?;?;?;?;?;?;?;?;?;?;?;49;29;42;30;133;130;116;106;103;4;4;4;4;4;4;4;4;2;11;10;3;89;90;76;99;92;86;71;103;4;4;4;4;4;2;11;10;
?;?;?;?;?;?;?;?;?;?;?;?;?;69;106;103;4;4;2;11;10;3;89;90;76;73;28;138;133;130;116;106;103;4;4;4;4;4;4;4;4;2;11;10;3;89;90;76;73;28;
?;?;?;?;?;?;?;?;?;?;?;?;?;4;4;4;4;4;2;11;10;3;89;90;76;73;28;24;130;116;106;103;4;4;4;4;4;2;11;10;3;83;118;116;106;61;60;58;50;49;
?;?;?;?;?;?;?;?;?;?;?;?;?;102;27;72;76;99;92;86;71;103;4;4;4;4;4;4;4;4;4;4;4;4;4;4;4;2;11;10;3;89;90;76;73;28;138;136;136;136;
?;?;?;?;?;?;?;?;?;?;?;?;?;137;33;6;25;4;4;2;11;10;3;89;90;76;73;28;24;130;148;36;35;111;110;137;33;6;25;4;4;4;4;4;4;4;4;2;11;10;
?;?;?;?;?;?;?;?;?;?;?;?;?;10;3;89;90;76;73;28;138;136;136;136;136;136;83;118;116;106;103;4;4;4;4;4;4;4;4;4;4;2;11;10;3;89;90;76;73;28;
?;?;?;?;?;?;?;?;?;?;?;?;?;8;5;4;4;4;4;4;4;2;11;10;3;89;90;76;73;28;138;136;136;83;118;116;106;103;4;4;4;4;4;4;4;4;4;4;4;4;
?;?;?;?;?;?;?;?;?;?;?;?;?;106;103;4;4;4;4;4;4;4;4;2;11;10;3;89;90;76;99;92;86;71;103;4;4;4;4;4;4;4;2;11;10;3;89;90;76;99;
?;?;?;?;?;?;?;?;?;?;?;?;?;33;6;25;4;4;4;4;2;11;10;3;89;90;76;99;92;86;71;103;4;4;4;4;4;2;11;10;3;89;90;76;73;28;138;133;130;116;
?;?;?;?;?;?;?;?;?;?;?;?;?;10;3;89;23;22;21;8;5;4;4;4;4;4;4;4;4;4;4;4;2;11;10;3;89;90;76;73;28;138;136;136;136;136;136;83;118;116;
?;?;?;?;?;?;?;?;?;?;?;?;?;28;138;136;136;83;118;116;106;103;4;4;4;2;11;10;3;89;90;76;73;82;130;116;106;103;4;4;4;4;4;4;4;2;11;10;3;89;
?;?;?;?;?;?;?;?;?;?;?;?;?;8;5;4;2;11;10;3;89;90;76;73;28;138;136;136;136;136;136;136;136;136;83;118;116;106;103;4;4;4;4;4;4;4;4;4;4;4;
?;?;?;?;?;?;?;?;?;?;?;?;?;2;11;10;3;89;90;76;73;28;138;136;136;136;136;136;136;136;136;136;136;136;136;136;136;83;118;116;106;103;4;4;4;4;4;4;4;4;
?;?;?;?;?;?;?;?;?;?;?;?;?;148;36;35;111;110;141;83;118;116;106;103;4;4;4;4;4;2;11;10;3;83;118;116;106;103;4;2;11;10;3;89;90;76;73;28;138;136;
?;?;?;?;?;?;?;?;?;?;?;?;?;?;114;105;104;102;27;72;76;73;82;130;116;53;147;146;143;142;109;43;99;92;86;71;103;4;4;4;4;4;4;4;4;4;4;4;4;4;
?;?;?;?;?;?;?;?;?;?;?;?;?;103;4;4;2;11;51;7;31;1;20;19;18;17;12;2;11;10;3;89;90;76;73;28;138;136;136;136;136;136;136;136;83;118;116;106;103;4;
?;?;?;?;?;?;?;?;?;?;?;?;?;49;128;132;131;117;115;4;4;4;4;4;4;4;4;2;11;10;3;89;90;76;73;28;24;130;116;106;103;4;2;11;51;7;31;1;20;19;
?;?;?;?;?;?;?;?;?;?;?;?;?;73;28;24;130;116;106;103;101;88;87;102;27;72;76;73;28;138;133;130;116;106;103;4;2;137;33;6;25;4;4;4;4;4;4;4;4;4;
?;?;?;?;?;?;?;?;?;?;?;?;?;2;11;10;3;89;90;76;73;28;138;136;136;136;136;136;136;136;136;136;136;136;83;118;116;106;103;4;4;4;4;2;11;10;3;89;90;76;
?;?;?;?;?;?;?;?;?;?;?;?;?;8;61;60;58;50;49;29;42;99;92;86;71;103;4;4;4;4;4;4;4;4;4;4;4;4;4;2;11;10;3;89;90;76;73;28;138;133;
?;?;?;?;?;?;?;?;?;?;?;?;?;10;0;74;68;57;95;4;2;11;10;3;83;118;116;106;103;4;4;2;11;10;3;89;90;76;73;28;24;130;116;106;103;4;4;4;4;4;
?;?;?;?;?;?;?;?;?;?;?;?;?;8;5;114;105;104;102;27;72;65;75;69;106;103;101;88;87;137;33;6;25;61;60;58;50;49;29;42;30;28;138;133;130;116;106;103;4;4;
?;?;?;?;?;?;?;?;?;?;?;?;?;138;136;83;118;116;106;103;4;4;4;2;11;10;3;89;90;76;99;92;86;71;103;4;4;4;2;11;10;3;89;90;84;75;69;106;103;4;
?;?;?;?;?;?;?;?;?;?;?;?;?;130;116;106;103;4;4;4;4;4;4;4;4;4;4;4;4;4;2;11;10;3;89;90;76;73;28;138;136;136;136;136;136;136;136;136;136;136;
?;?;?;?;?;?;?;?;?;?;?;?;?;141;83;118;116;106;103;4;2;11;10;3;89;90;76;99;92;86;71;103;4;4;4;4;4;4;4;4;4;4;4;4;4;4;4;4;4;2;
?;?;?;?;?;?;?;?;?;?;?;?;?;153;152;151;149;144;141;140;107;139;138;136;136;136;136;136;136;136;83;118;116;106;103;4;4;4;4;4;4;2;11;10;3;89;90;76;73;28;
?;?;?;?;?;?;?;?;?;?;?;?;?;75;153;152;151;149;144;141;140;107;139;138;136;83;118;116;106;103;101;88;87;102;27;23;22;21;8;5;4;4;4;4;4;4;2;11;10;0;
?;?;?;?;?;?;?;?;?;?;?;?;?;4;4;4;4;4;4;4;4;4;4;4;4;4;2;11;10;3;89;90;76;73;28;138;136;136;136;136;136;136;136;136;136;83;118;116;106;103;
?;?;?;?;?;?;?;?;?;?;?;?;?;?;4;4;4;2;11;10;3;89;23;22;21;8;5;4;4;4;4;4;4;4;2;11;10;3;89;90;76;73;28;138;136;136;136;136;136;136;
?;?;?;?;?;?;?;?;?;?;?;?;?;3;89;90;76;99;92;86;71;64;63;51;7;31;1;20;19;18;17;12;2;11;10;3;89;90;76;73;28;138;136;136;136;136;136;83;118;116;
?;?;?;?;?;?;?;?;?;?;?;?;?;141;83;118;116;106;103;101;88;87;102;27;72;65;75;69;106;103;4;4;4;2;11;10;3;89;23;22;21;8;5;4;4;4;4;2;11;10;
?;?;?;?;?;?;?;?;?;?;?;?;?;4;2;11;10;3;89;90;76;73;28;24;130;116;106;103;4;4;4;4;4;2;11;10;3;89;90;84;75;69;62;59;121;125;142;109;43;99;
?;?;?;?;?;?;?;?;?;?;?;?;?;8;5;114;105;104;102;27;72;76;73;28;138;136;136;83;118;116;106;103;4;4;4;2;11;10;3;89;90;84;75;69;106;103;4;4;4;4;
?;?;?;?;?;?;?;?;?;?;?;?;?;126;122;119;108;113;129;140;107;83;118;116;106;103;4;4;4;4;4;4;4;4;2;11;10;3;89;90;76;73;28;138;136;136;136;136;136;136;
?;?;?;?;?;?;?;?;?;?;?;?;?;106;103;101;88;87;102;27;23;22;21;8;5;4;4;4;4;4;4;4;4;4;4;2;11;10;3;89;90;76;99;92;86;71;103;4;4;4;
?;?;?;?;?;?;?;?;?;?;?;?;?;127;123;120;112;124;109;43;99;92;86;71;103;4;2;11;10;3;83;118;116;106;103;4;4;4;2;11;10;3;89;90;76;73;28;138;136;136;
?;?;?;?;?;?;?;?;?;?;?;?;?;28;138;136;136;83;118;116;106;103;4;4;4;2;11;10;3;89;90;76;99;92;86;71;103;4;2;11;10;3;89;90;76;73;28;138;136;136;
?;?;?;?;?;?;?;?;?;?;?;?;?;8;5;114;105;104;102;83;118;116;106;103;4;2;11;10;3;89;90;76;73;28;24;130;116;106;103;4;4;4;4;4;4;4;4;4;4;4;
?;?;?;?;?;?;?;?;?;?;?;?;?;103;4;2;11;10;3;89;23;22;21;8;5;114;105;104;102;27;72;76;73;28;138;136;136;136;136;136;83;118;116;106;103;4;2;11;10;3;
?;?;?;?;?;?;?;?;?;?;?;?;?;28;138;136;136;136;136;136;136;136;136;136;136;136;136;136;136;136;136;83;118;116;106;103;4;4;4;4;4;4;4;4;4;4;4;4;2;11;
?;?;?;?;?;?;?;?;?;?;?;?;?;90;76;73;28;138;136;83;118;116;106;103;4;2;11;10;3;89;90;76;73;82;130;148;36;35;111;110;141;140;107;139;138;136;83;118;116;106;
?;?;?;?;?;?;?;?;?;?;?;?;?;4;4;4;4;4;4;4;4;4;4;4;4;4;4;4;4;4;4;4;4;4;4;4;4;4;4;4;4;4;4;4;4;4;4;4;4;4;
?;?;?;?;?;?;?;?;?;?;?;?;?;102;27;72;65;75;69;62;59;121;125;142;109;43;99;92;86;71;103;4;4;4;4;4;4;4;4;4;4;4;4;4;2;11;10;3;89;90;
?;?;?;?;?;?;?;?;?;?;?;?;?;8;5;114;105;104;102;83;118;116;106;103;4;4;2;11;10;3;89;90;84;75;69;106;103;4;4;2;11;10;3;89;90;76;73;28;138;136;
?;?;?;?;?;?;?;?;?;?;?;?;?;24;130;116;106;103;4;4;4;4;4;4;4;4;4;4;2;11;51;7;31;1;20;19;18;17;12;2;11;10;3;89;90;76;73;28;24;130;
?;?;?;?;?;?;?;?;?;?;?;?;?;137;33;6;25;4;4;4;4;2;11;10;3;89;90;84;75;69;106;103;4;2;11;10;3;89;90;76;73;28;138;136;136;136;136;136;136;136;
?;?;?;?;?;?;?;?;?;?;?;?;?;49;29;42;99;92;86;71;103;4;4;4;4;4;4;4;4;2;11;10;3;89;90;76;99;92;86;71;103;4;4;4;4;4;4;4;4;4;
?;?;?;?;?;?;?;?;?;?;?;?;?;102;83;118;116;106;103;4;4;4;4;2;11;10;3;89;90;76;99;92;86;71;103;4;2;11;10;3;89;90;76;73;28;138;133;130;116;106;
?;?;?;?;?;?;?;?;?;?;?;?;?;4;2;11;10;3;89;90;76;73;28;138;136;136;136;136;136;136;136;136;83;118;116;106;103;4;4;4;4;4;4;2;11;10;3;89;90;76;
?;?;?;?;?;?;?;?;?;?;?;?;?;27;72;76;73;28;138;136;83;118;116;106;103;4;4;4;4;4;4;4;4;4;4;4;4;4;4;4;4;4;4;4;4;4;4;4;2;11;
?;?;?;?;?;?;?;?;?;?;?;?;?;102;27;72;76;73;28;138;136;136;136;136;136;83;118;116;106;103;4;4;4;4;4;4;4;4;4;4;4;4;2;11;10;3;83;118;116;106;
?;?;?;?;?;?;?;?;?;?;?;?;?;8;61;60;58;50;49;29;83;118;116;106;61;60;58;50;49;29;83;118;116;106;103;4;4;4;4;4;4;2;11;10;3;89;90;76;73;28;
?;?;?;?;?;?;?;?;?;?;?;?;?;4;4;4;4;4;4;4;4;4;4;4;4;4;4;2;11;10;3;89;90;76;73;82;130;116;106;61;60;58;50;49;29;42;30;28;138;136;
?;?;?;?;?;?;?;?;?;?;?;?;?;122;119;108;113;129;140;107;139;83;118;116;53;147;146;143;142;137;33;6;25;4;4;4;4;4;2;11;10;3;83;118;116;106;103;4;4;4;
?;?;?;?;?;?;?;?;?;?;?;?;?;102;27;23;22;21;8;5;114;105;104;102;27;72;76;73;28;138;136;136;136;83;118;116;106;103;4;4;4;4;2;11;10;3;89;90;76;73;
?;?;?;?;?;?;?;?;?;?;?;?;?;103;4;4;2;11;10;3;89;90;76;73;28;138;136;83;118;116;106;103;4;4;4;4;2;11;10;3;89;90;76;73;28;138;136;136;83;118;
?;?;?;?;?;?;?;?;?;?;?;?;?;136;136;83;118;116;53;147;146;143;142;109;43;135;134;133;130;116;106;103;4;4;4;4;4;4;4;4;4;4;4;4;4;2;11;10;3;89;
?;?;?;?;?;?;?;?;?;?;?;?;?;103;4;2;11;10;3;89;90;76;73;28;138;136;136;136;136;136;83;118;116;106;103;101;88;87;102;27;72;65;75;69;106;103;4;4;4;4;
?;?;?;?;?;?;?;?;?;?;?;?;?;?;4;2;11;10;3;89;23;22;21;8;5;4;4;4;4;4;2;11;10;3;89;90;76;73;28;138;136;83;118;116;106;103;4;2;11;10;
?;?;?;?;?;?;?;?;?;?;?;?;?;8;5;4;4;4;4;2;11;10;3;89;90;76;73;82;130;116;106;103;4;4;2;11;10;3;89;90;76;73;28;138;136;136;136;136;136;136;
?;?;?;?;?;?;?;?;?;?;?;?;?;103;101;88;87;102;27;72;76;73;82;130;148;36;35;111;137;33;6;25;4;4;4;4;4;2;11;10;3;89;90;76;73;28;138;136;136;136;
?;?;?;?;?;?;?;?;?;?;?;?;?;134;138;136;83;118;116;106;103;4;4;2;11;10;3;83;118;116;106;103;4;4;4;4;4;4;2;11;10;3;89;90;76;73;28;24;12;2;
?;?;?;?;?;?;?;?;?;?;?;?;?;51;7;31;1;20;19;18;2;11;10;3;89;90;76;99;92;86;71;64;63;58;0;74;68;57;95;81;80;79;78;77;72;76;73;28;138;136;
?;?;?;?;?;?;?;?;?;?;?;?;?;69;62;59;121;125;142;109;83;118;116;106;103;4;4;4;4;4;4;4;4;4;4;4;4;4;4;4;4;4;2;11;10;3;89;90;76;73;
?;?;?;?;?;?;?;?;?;?;?;?;?;4;2;11;10;3;89;90;76;73;28;138;136;136;136;136;136;136;136;136;83;118;116;106;103;4;4;4;4;4;4;4;4;2;11;10;3;83;
?;?;?;?;?;?;?;?;?;?;?;?;?;8;61;60;58;50;49;29;83;118;116;106;103;4;4;4;4;4;4;4;4;4;4;2;11;10;3;89;90;76;73;28;138;136;136;136;136;136;
?;?;?;?;?;?;?;?;?;?;?;?;?;10;0;74;68;157;156;155;154;150;145;43;135;134;138;136;136;136;136;136;136;136;136;136;136;136;136;136;136;136;136;136;136;83;118;116;106;103;
?;?;?;?;?;?;?;?;?;?;?;?;?;102;83;118;116;106;103;4;2;11;10;3;89;90;76;73;82;130;116;106;103;4;4;4;4;4;4;4;2;11;10;3;89;90;76;73;82;130;
?;?;?;?;?;?;?;?;?;?;?;?;?;103;4;2;11;10;3;89;23;22;21;8;5;114;105;104;102;27;72;65;75;69;106;103;4;4;4;4;4;4;4;4;4;4;4;4;4;4;
?;?;?;?;?;?;?;?;?;?;?;?;?;49;29;83;118;116;106;61;60;58;50;49;29;42;99;92;86;71;103;4;4;4;4;4;4;4;4;4;2;11;10;3;83;118;116;106;103;4;
?;?;?;?;?;?;?;?;?;?;?;?;?;73;28;138;136;136;136;136;83;118;116;106;103;4;4;2;11;10;3;89;90;84;75;69;106;61;60;58;50;49;29;42;30;28;138;136;83;118;
?;?;?;?;?;?;?;?;?;?;?;?;?;69;106;61;60;58;50;49;29;83;118;116;106;103;4;2;11;10;3;89;90;76;73;82;130;116;106;103;4;4;4;4;4;4;2;11;10;3;
?;?;?;?;?;?;?;?;?;?;?;?;?;10;3;89;90;76;99;92;86;71;103;4;4;2;11;10;3;89;90;84;75;69;106;103;4;4;2;11;10;3;89;90;76;73;82;130;116;106;
?;?;?;?;?;?;?;?;?;?;?;?;?;8;5;4;4;2;11;10;3;89;90;76;73;28;138;136;136;136;136;136;136;83;118;116;106;103;4;4;4;4;4;4;4;4;4;2;11;10;
?;?;?;?;?;?;?;?;?;?;?;?;?;55;48;46;44;41;40;39;137;33;6;25;4;4;2;11;10;0;74;68;57;95;4;4;4;4;4;4;2;11;10;3;89;90;76;73;28;138;
?;?;?;?;?;?;?;?;?;?;?;?;?;103;101;88;87;102;27;72;65;75;69;106;103;4;2;11;10;3;89;90;76;73;28;138;136;136;136;136;136;136;136;136;136;136;136;136;136;136;
?;?;?;?;?;?;?;?;?;?;?;?;?;8;5;4;4;2;11;10;3;89;90;76;73;28;24;130;116;53;147;146;143;142;109;43;135;134;133;130;116;106;103;4;4;4;4;4;2;11;
?;?;?;?;?;?;?;?;?;?;?;?;?;106;61;60;58;50;49;29;83;118;116;106;103;4;4;2;11;10;3;89;90;76;99;92;86;71;64;63;58;50;137;33;6;25;4;4;4;2;
?;?;?;?;?;?;?;?;?;?;?;?;?;86;71;64;63;58;50;49;128;132;131;117;115;4;4;4;4;4;4;4;4;4;4;4;4;4;4;4;4;2;11;10;3;89;90;76;73;28;
?;?;?;?;?;?;?;?;?;?;?;?;?;4;4;4;2;11;10;3;89;90;76;73;28;138;136;136;136;136;136;83;118;116;106;103;4;4;4;4;4;4;4;4;4;2;11;10;3;89;
?;?;?;?;?;?;?;?;?;?;?;?;?;3;89;23;22;21;8;5;114;105;104;102;27;72;76;73;28;138;136;136;83;118;116;106;103;4;4;4;4;4;2;11;10;3;89;90;76;73;
?;?;?;?;?;?;?;?;?;?;?;?;?;4;4;4;4;4;4;4;4;4;4;2;11;10;3;89;90;76;73;28;138;136;136;136;136;83;118;116;106;103;4;4;4;4;4;4;4;4;
?;?;?;?;?;?;?;?;?;?;?;?;?;4;2;11;10;3;89;90;76;73;82;130;116;106;103;4;2;11;10;3;89;90;76;73;28;138;136;136;83;118;116;106;103;4;4;4;2;11;
?;?;?;?;?;?;?;?;?;?;?;?;?;8;5;114;105;104;102;27;72;76;73;82;130;116;106;103;4;4;2;11;10;3;89;90;84;75;69;106;103;4;4;2;11;10;3;89;90;76;
?;?;?;?;?;?;?;?;?;?;?;?;?;49;29;83;118;116;106;103;4;4;2;11;10;3;83;118;116;106;103;101;88;87;102;83;118;116;106;103;101;88;87;137;33;6;25;4;4;4;
?;?;?;?;?;?;?;?;?;?;?;?;?;4;4;4;4;4;4;4;4;2;11;10;3;89;90;76;73;28;138;136;136;136;136;136;136;136;136;136;136;136;136;136;136;136;136;136;136;136;
?;?;?;?;?;?;?;?;?;?;?;?;?;4;4;4;4;4;4;2;11;10;3;89;90;76;73;28;24;130;116;106;103;4;4;4;4;2;11;10;3;89;90;76;73;28;138;136;136;136;
?;?;?;?;?;?;?;?;?;?;?;?;?;102;27;72;65;75;69;106;61;60;58;50;49;29;42;30;28;138;136;136;83;118;116;106;103;4;4;4;2;11;10;3;89;90;76;99;92;86;
?;?;?;?;?;?;?;?;?;?;?;?;?;4;4;4;4;4;4;4;2;11;10;0;74;68;57;95;4;4;2;11;10;3;89;90;76;73;28;138;136;136;136;136;136;136;136;136;136;136;
?;?;?;?;?;?;?;?;?;?;?;?;?;102;27;72;65;75;69;106;61;60;58;0;74;68;57;95;4;2;11;10;3;89;90;76;73;28;24;130;116;106;103;4;4;4;4;2;11;10;
?;?;?;?;?;?;?;?;?;?;?;?;?;73;28;138;136;136;136;136;83;118;116;106;61;60;58;50;49;29;42;30;28;138;133;130;116;106;103;4;4;4;4;4;4;4;2;11;10;3;
?;?;?;?;?;?;?;?;?;?;?;?;?;4;2;11;10;3;89;90;84;75;69;106;103;4;4;4;4;4;4;4;4;4;2;11;10;3;89;90;76;73;28;138;136;136;136;83;118;116;
?;?;?;?;?;?;?;?;?;?;?;?;?;102;27;23;22;21;8;5;4;4;4;4;4;4;4;2;11;10;3;89;90;76;73;28;138;136;136;136;136;136;136;83;118;116;106;103;4;4;