?;?;?;?;?;?;?;?;?;?;?;?;3;0;22;24;7;16;15;4;4;4;4;4;4;8;13;3;0;22;21;20;19;18;23;23;24;7;16;8;13;3;0;22;21;20;19;24;7;16;
?;?;?;?;?;?;?;?;?;?;?;?;16;15;8;13;3;0;22;24;7;16;15;4;4;4;4;8;13;3;0;22;21;24;7;16;15;4;4;4;4;4;8;13;3;24;7;16;15;4;
?;?;?;?;?;?;?;?;?;?;?;?;13;3;0;24;7;16;15;8;13;3;0;22;21;20;19;18;23;23;23;23;23;23;23;23;23;23;23;23;23;23;23;23;23;23;24;7;16;15;
?;?;?;?;?;?;?;?;?;?;?;?;22;21;20;19;18;23;23;23;24;7;16;15;4;4;4;4;4;8;13;3;0;24;7;16;15;4;4;4;4;8;13;3;0;22;21;20;19;18;
?;?;?;?;?;?;?;?;?;?;?;?;13;3;0;22;21;20;19;18;23;23;23;24;7;16;15;4;4;4;4;4;4;4;4;4;4;4;4;4;8;13;3;0;22;21;20;19;18;23;
?;?;?;?;?;?;?;?;?;?;?;?;22;21;24;7;16;15;4;4;4;4;8;13;3;0;22;21;24;7;16;15;4;4;4;4;4;8;13;3;0;22;21;24;7;16;15;4;4;8;
?;?;?;?;?;?;?;?;?;?;?;?;24;7;35;26;25;23;24;7;16;15;4;4;8;13;3;0;22;21;20;19;24;7;16;15;4;4;4;4;4;4;4;4;4;4;4;4;8;13;
?;?;?;?;?;?;?;?;?;?;?;?;3;0;22;21;20;19;18;23;23;23;23;23;23;23;24;7;16;15;4;4;4;4;4;4;4;4;4;4;4;8;13;3;0;22;21;20;19;18;
?;?;?;?;?;?;?;?;?;?;?;?;4;4;4;4;4;4;4;4;4;4;4;8;13;3;0;22;21;20;19;18;23;23;23;23;23;23;23;24;7;16;15;4;8;13;3;0;22;24;
?;?;?;?;?;?;?;?;?;?;?;?;3;0;22;24;7;16;15;4;8;13;3;0;22;24;7;16;15;4;4;8;13;3;0;24;7;16;15;4;4;8;13;3;0;22;21;20;24;7;
?;?;?;?;?;?;?;?;?;?;?;?;3;0;24;7;16;15;4;8;13;3;0;22;24;7;16;15;4;8;13;3;0;22;21;20;24;7;35;26;25;23;23;23;23;23;23;23;24;7;
?;?;?;?;?;?;?;?;?;?;?;?;7;16;15;8;13;3;0;22;21;24;7;16;15;4;4;4;4;4;4;4;4;4;4;4;4;8;13;3;0;22;21;20;19;18;23;23;23;23;
?;?;?;?;?;?;?;?;?;?;?;?;13;3;0;22;21;20;19;18;23;24;7;16;15;4;4;8;13;3;0;22;21;20;24;7;16;15;4;4;4;4;4;8;13;3;0;22;21;20;
?;?;?;?;?;?;?;?;?;?;?;?;23;24;7;16;15;4;4;4;8;13;3;24;7;16;15;4;4;4;4;4;8;13;3;0;22;21;20;19;18;23;23;24;7;16;15;4;4;4;
?;?;?;?;?;?;?;?;?;?;?;?;16;15;4;8;13;3;0;22;21;24;7;16;15;4;8;13;1;17;6;2;12;11;8;13;3;0;22;21;20;24;7;16;15;4;4;4;4;8;
?;?;?;?;?;?;?;?;?;?;?;?;24;36;34;33;32;31;24;7;16;15;4;4;8;13;3;0;22;21;24;7;16;15;4;4;4;4;4;8;13;3;0;22;21;20;19;18;23;23;
?;?;?;?;?;?;?;?;?;?;?;?;3;0;22;21;24;7;16;15;4;4;4;4;4;4;4;8;13;3;0;22;21;20;19;18;23;24;7;16;15;4;4;4;4;4;4;4;4;4;
?;?;?;?;?;?;?;?;?;?;?;?;16;15;4;4;8;13;3;0;24;7;16;15;4;4;4;4;4;4;4;4;4;8;13;3;0;22;21;20;19;18;23;23;23;23;23;23;23;23;
?;?;?;?;?;?;?;?;?;?;?;?;7;16;8;13;3;0;24;7;16;15;4;4;4;4;4;4;4;4;4;4;4;4;4;4;4;4;8;13;3;0;22;21;20;19;18;23;23;23;
?;?;?;?;?;?;?;?;?;?;?;?;3;0;22;24;7;16;15;4;8;13;3;0;22;21;20;24;7;16;15;4;4;4;4;4;4;4;8;13;3;0;22;21;20;24;7;16;15;4;
?;?;?;?;?;?;?;?;?;?;?;?;15;4;4;8;13;3;0;22;21;20;19;18;23;23;23;23;23;24;7;16;15;4;4;8;13;3;0;24;7;16;15;4;4;4;4;4;4;4;
?;?;?;?;?;?;?;?;?;?;?;?;16;15;4;8;13;3;0;22;24;7;16;15;4;4;4;8;13;3;0;22;21;20;19;18;23;23;23;23;23;24;7;16;15;4;4;8;13;3;
?;?;?;?;?;?;?;?;?;?;?;?;13;3;24;7;16;15;4;8;13;3;0;22;21;20;19;18;23;23;23;23;23;23;23;23;24;7;16;15;4;4;4;4;4;4;4;4;4;4;
?;?;?;?;?;?;?;?;?;?;?;?;20;19;18;23;23;23;23;23;24;7;16;15;4;4;4;4;4;4;4;4;4;4;4;4;4;8;13;3;0;22;21;24;7;16;15;4;4;4;
?;?;?;?;?;?;?;?;?;?;?;?;24;7;16;8;24;7;16;15;4;4;4;8;13;3;0;22;21;20;19;24;7;16;15;4;4;4;4;4;4;4;4;4;4;4;4;4;4;4;
?;?;?;?;?;?;?;?;?;?;?;?;15;8;13;3;0;22;21;20;19;18;23;23;23;23;24;7;16;15;4;4;4;4;4;4;4;4;4;4;4;4;4;4;4;4;4;4;4;4;
?;?;?;?;?;?;?;?;?;?;?;?;0;22;21;20;24;7;16;15;4;8;13;1;17;6;2;12;11;10;9;5;8;13;3;24;7;16;15;4;4;8;13;3;0;22;24;7;16;15;
?;?;?;?;?;?;?;?;?;?;?;?;7;16;15;8;13;3;0;24;7;16;15;4;4;4;4;4;4;4;4;8;13;3;0;22;21;20;19;18;14;7;16;15;4;4;4;4;8;13;
?;?;?;?;?;?;?;?;?;?;?;?;15;4;4;4;8;13;3;0;22;24;7;16;8;13;3;0;22;21;20;19;18;14;7;16;15;4;4;4;4;4;4;4;4;4;4;4;4;4;
?;?;?;?;?;?;?;?;?;?;?;?;16;15;4;4;8;13;3;24;7;16;15;4;4;4;8;13;3;0;22;21;20;19;18;23;23;23;23;23;23;23;24;7;16;15;4;4;4;4;
?;?;?;?;?;?;?;?;?;?;?;?;0;24;7;16;15;4;4;4;4;4;4;4;4;4;4;4;4;4;8;13;3;0;22;21;20;19;18;23;23;23;23;24;7;16;15;4;4;4;
?;?;?;?;?;?;?;?;?;?;?;?;3;0;22;24;7;16;15;4;4;8;13;3;0;24;36;34;33;32;31;30;29;28;24;7;16;15;4;4;4;4;8;13;3;0;22;21;20;19;
?;?;?;?;?;?;?;?;?;?;?;?;25;23;23;23;23;23;23;23;23;23;24;7;16;15;4;4;4;4;4;4;4;4;4;4;4;4;4;4;4;4;4;4;4;4;4;4;4;4;
?;?;?;?;?;?;?;?;?;?;?;?;24;7;16;15;4;4;4;4;4;8;13;3;0;22;21;20;19;18;14;7;16;15;4;4;4;4;4;4;4;4;4;4;4;4;4;4;4;8;
?;?;?;?;?;?;?;?;?;?;?;?;19;18;23;23;23;23;23;23;23;23;23;23;23;23;23;23;23;24;7;16;15;4;4;4;4;4;4;4;4;8;13;3;0;22;21;20;24;7;
?;?;?;?;?;?;?;?;?;?;?;?;19;18;14;7;16;15;4;4;4;4;4;4;4;8;13;3;0;22;21;20;19;18;23;24;7;16;15;4;4;4;4;8;13;3;0;22;21;20;
?;?;?;?;?;?;?;?;?;?;?;?;7;16;15;4;4;4;4;4;4;4;4;8;13;3;0;22;21;20;19;18;23;23;23;23;23;23;23;23;24;7;16;15;4;4;4;4;4;4;
?;?;?;?;?;?;?;?;?;?;?;?;23;23;24;7;16;15;4;4;4;8;13;3;0;22;21;20;19;18;23;24;7;16;15;4;4;4;4;4;4;4;4;4;4;4;4;4;4;4;
?;?;?;?;?;?;?;?;?;?;?;?;24;7;16;15;4;4;4;8;13;3;0;22;24;7;16;15;4;4;4;4;4;4;4;4;8;13;3;0;22;21;24;7;16;15;4;4;4;4;
?;?;?;?;?;?;?;?;?;?;?;?;0;22;21;24;7;16;15;4;4;4;8;13;3;0;22;21;20;19;18;23;24;7;16;15;4;4;4;4;4;4;4;8;13;3;0;22;24;7;
?;?;?;?;?;?;?;?;?;?;?;?;3;0;24;7;16;15;4;4;8;13;3;0;22;21;20;24;7;16;15;4;4;4;4;8;13;3;0;22;21;20;19;18;23;23;23;24;7;16;
?;?;?;?;?;?;?;?;?;?;?;?;13;3;24;7;16;15;4;4;8;13;3;0;22;21;20;19;18;23;23;24;7;16;15;4;4;4;8;13;3;0;22;24;7;16;15;4;4;4;
?;?;?;?;?;?;?;?;?;?;?;?;3;0;22;21;20;19;18;23;23;23;24;7;16;15;4;4;4;4;4;4;4;8;13;3;0;24;7;16;15;8;13;3;0;22;24;7;16;15;
?;?;?;?;?;?;?;?;?;?;?;?;15;8;13;3;0;22;21;20;19;18;23;23;24;7;16;15;4;4;4;4;4;4;4;4;4;8;13;3;0;22;21;24;7;16;15;4;4;4;
?;?;?;?;?;?;?;?;?;?;?;?;16;15;4;4;8;13;3;0;24;7;16;15;4;4;4;4;4;4;4;4;8;13;3;0;22;21;20;19;18;23;23;24;7;16;15;4;4;4;
?;?;?;?;?;?;?;?;?;?;?;?;16;15;4;4;8;13;3;0;24;7;16;15;4;4;4;4;4;4;4;4;4;8;13;3;0;22;21;20;19;24;7;16;15;4;8;13;3;0;
?;?;?;?;?;?;?;?;?;?;?;?;16;15;4;8;13;3;0;22;21;20;19;18;23;23;23;23;24;7;16;15;4;4;4;8;13;3;0;22;21;20;24;7;16;15;4;4;4;4;
?;?;?;?;?;?;?;?;?;?;?;?;3;0;22;21;20;24;7;16;15;4;4;4;4;4;4;4;4;4;4;4;4;4;8;13;3;0;22;21;20;19;18;23;23;24;7;16;15;4;
?;?;?;?;?;?;?;?;?;?;?;?;7;16;15;4;4;4;4;8;13;3;0;24;7;16;15;4;4;4;4;4;4;4;4;8;13;3;0;22;24;7;16;15;4;4;8;13;3;0;
?;?;?;?;?;?;?;?;?;?;?;?;3;0;22;21;20;19;18;23;24;7;16;15;4;4;4;4;4;4;4;8;13;3;0;22;21;20;19;18;23;23;23;23;23;23;23;23;23;23;
?;?;?;?;?;?;?;?;?;?;?;?;4;4;4;4;4;4;4;4;4;8;13;3;0;22;21;20;19;18;23;24;7;35;26;25;23;23;23;23;23;23;23;23;23;23;23;23;23;23;
?;?;?;?;?;?;?;?;?;?;?;?;22;21;20;19;18;14;7;16;15;4;4;4;4;4;4;4;4;4;4;4;4;4;4;4;4;4;4;8;13;3;0;22;21;20;19;18;23;23;
?;?;?;?;?;?;?;?;?;?;?;?;13;3;0;22;24;7;16;15;8;13;3;0;22;21;20;19;18;23;23;23;23;23;23;23;23;24;7;16;15;4;4;4;4;4;4;4;4;4;
?;?;?;?;?;?;?;?;?;?;?;?;15;4;4;4;8;13;3;0;24;7;35;26;25;23;23;23;23;23;23;23;24;7;16;15;4;4;4;4;8;13;3;0;22;21;20;19;18;14;
?;?;?;?;?;?;?;?;?;?;?;?;15;4;4;4;8;13;3;0;24;7;16;15;8;13;3;0;22;21;20;19;24;7;16;15;4;4;4;4;4;8;13;3;0;22;21;20;19;24;
?;?;?;?;?;?;?;?;?;?;?;?;16;15;4;8;13;3;0;24;7;16;15;4;8;13;3;0;22;24;7;16;15;4;4;4;4;4;4;4;4;4;4;4;8;13;3;0;22;21;
?;?;?;?;?;?;?;?;?;?;?;?;15;4;8;13;3;0;22;21;20;24;7;16;15;4;4;8;13;3;0;22;21;20;19;18;23;23;23;24;7;16;15;4;4;4;4;4;4;4;
?;?;?;?;?;?;?;?;?;?;?;?;13;3;0;22;24;7;16;15;4;4;4;4;4;8;13;3;0;22;21;20;19;18;23;24;7;16;15;4;4;4;4;4;4;4;4;4;4;4;
?;?;?;?;?;?;?;?;?;?;?;?;16;15;4;8;13;3;0;22;21;20;19;24;7;16;15;4;4;4;4;4;4;4;4;4;4;4;4;4;4;4;4;4;4;4;4;4;4;4;
?;?;?;?;?;?;?;?;?;?;?;?;15;4;8;13;3;0;22;21;24;7;16;15;4;8;13;3;0;22;21;20;19;18;23;24;7;35;26;1;17;6;2;12;11;10;9;5;4;8;
?;?;?;?;?;?;?;?;?;?;?;?;16;15;4;8;13;3;0;22;21;20;19;18;23;23;23;23;23;23;24;7;16;15;4;4;4;4;4;4;4;4;4;4;4;4;8;13;3;0;
?;?;?;?;?;?;?;?;?;?;?;?;3;0;22;24;7;16;15;4;4;8;13;3;0;22;21;20;19;18;14;7;16;15;4;4;4;4;4;8;13;3;0;22;21;24;7;16;15;4;
?;?;?;?;?;?;?;?;?;?;?;?;12;11;10;9;8;13;3;0;22;21;20;19;18;23;23;23;23;23;23;23;23;23;23;23;23;23;23;24;7;16;15;4;4;4;4;4;4;4;
?;?;?;?;?;?;?;?;?;?;?;?;16;15;4;4;4;4;4;4;4;4;4;4;4;4;8;13;3;0;22;21;20;19;18;23;23;23;23;23;23;23;24;7;16;15;4;4;4;4;
?;?;?;?;?;?;?;?;?;?;?;?;19;18;23;23;23;23;23;23;23;24;7;16;15;4;4;4;4;4;4;4;4;4;4;4;4;4;4;4;4;4;4;4;4;4;4;4;4;4;
?;?;?;?;?;?;?;?;?;?;?;?;21;20;19;18;14;7;16;15;4;4;8;13;3;0;22;21;20;19;24;7;16;15;4;4;4;4;4;4;4;4;4;4;4;4;4;4;4;4;
?;?;?;?;?;?;?;?;?;?;?;?;3;0;22;21;20;19;24;7;16;15;4;4;4;4;4;4;8;13;3;0;22;21;20;19;18;14;7;16;15;4;4;4;4;4;4;4;4;4;
?;?;?;?;?;?;?;?;?;?;?;?;3;0;22;21;24;7;16;15;8;13;3;0;22;21;20;19;24;7;16;15;4;4;4;4;4;4;4;4;4;4;4;8;13;3;0;22;21;20;
?;?;?;?;?;?;?;?;?;?;?;?;16;15;4;8;13;3;0;22;24;7;16;15;4;4;8;13;3;0;24;7;16;15;4;4;4;4;4;4;4;4;4;4;4;4;4;4;4;4;
?;?;?;?;?;?;?;?;?;?;?;?;16;15;4;8;13;3;0;22;21;20;24;7;16;15;4;4;4;4;4;4;4;4;4;4;4;4;4;4;4;4;4;4;4;4;4;4;4;4;
?;?;?;?;?;?;?;?;?;?;?;?;4;4;4;4;4;4;4;4;4;4;4;4;4;8;13;3;0;22;21;20;19;18;23;23;23;23;23;23;23;24;7;16;15;4;4;8;13;3;
?;?;?;?;?;?;?;?;?;?;?;?;23;23;24;7;16;15;4;4;4;4;4;4;4;8;13;3;0;22;24;7;16;15;4;8;13;3;0;22;21;20;19;18;23;23;23;23;23;23;
?;?;?;?;?;?;?;?;?;?;?;?;19;18;23;23;24;7;16;15;4;4;4;4;4;4;4;4;4;4;4;4;4;4;8;13;3;0;22;21;20;19;18;23;23;23;23;23;23;23;
?;?;?;?;?;?;?;?;?;?;?;?;16;15;4;8;13;3;0;22;24;7;16;15;4;4;8;13;3;0;24;7;16;15;8;13;3;0;22;21;20;24;7;16;15;4;8;13;3;0;
?;?;?;?;?;?;?;?;?;?;?;?;3;0;24;7;16;15;4;4;4;4;4;8;13;3;0;22;21;20;19;18;23;23;24;7;16;15;4;4;8;13;3;0;22;21;20;24;7;16;
?;?;?;?;?;?;?;?;?;?;?;?;4;4;4;8;13;3;0;22;21;20;19;18;23;23;24;7;16;15;4;4;8;13;3;0;22;21;20;19;24;7;16;15;4;4;4;4;4;4;
?;?;?;?;?;?;?;?;?;?;?;?;3;0;22;21;20;19;24;7;16;8;13;3;24;7;16;15;4;4;4;4;4;4;4;4;4;8;13;3;0;22;21;20;19;18;23;23;24;7;
?;?;?;?;?;?;?;?;?;?;?;?;16;15;4;4;4;4;4;4;4;8;13;3;0;24;7;16;15;4;4;8;13;3;0;22;24;7;16;15;8;13;3;0;22;21;20;19;18;23;
?;?;?;?;?;?;?;?;?;?;?;?;7;16;15;4;4;4;4;4;4;4;4;4;4;8;13;3;0;22;21;24;7;16;8;13;3;0;22;21;20;19;18;23;24;7;35;26;25;23;
?;?;?;?;?;?;?;?;?;?;?;?;8;13;3;0;24;7;16;15;4;4;4;4;8;13;3;0;22;21;20;19;24;7;16;15;4;4;4;8;13;3;0;22;21;20;19;24;7;16;
?;?;?;?;?;?;?;?;?;?;?;?;0;22;21;24;7;16;15;4;4;4;4;4;4;4;4;8;13;3;0;22;21;20;19;18;23;23;24;7;16;15;4;4;4;4;4;4;4;4;
?;?;?;?;?;?;?;?;?;?;?;?;4;4;8;13;3;0;22;21;20;19;24;7;16;15;4;8;13;3;24;7;16;15;4;4;4;4;8;13;3;0;22;21;20;19;24;7;16;15;
?;?;?;?;?;?;?;?;?;?;?;?;3;0;24;7;16;15;4;4;8;13;3;0;24;7;16;15;4;4;4;8;13;3;0;22;21;20;19;18;23;23;23;23;23;24;7;16;15;4;
?;?;?;?;?;?;?;?;?;?;?;?;8;13;3;0;22;21;20;19;24;36;34;33;32;31;30;29;28;27;0;24;7;16;15;4;4;4;4;4;4;4;4;4;4;4;8;13;3;0;
?;?;?;?;?;?;?;?;?;?;?;?;7;16;8;13;1;17;6;2;12;11;10;9;5;8;13;3;24;7;16;15;4;8;13;3;0;22;21;20;19;18;14;7;16;15;4;4;4;8;
?;?;?;?;?;?;?;?;?;?;?;?;31;24;7;16;15;4;4;4;8;13;3;0;22;21;20;19;24;7;16;15;4;4;4;4;4;4;8;13;3;0;22;21;20;24;7;16;15;4;
?;?;?;?;?;?;?;?;?;?;?;?;13;3;0;22;21;24;7;16;15;4;4;8;13;3;0;22;21;20;19;18;23;23;23;23;23;23;23;23;23;23;23;23;23;23;23;23;23;23;
?;?;?;?;?;?;?;?;?;?;?;?;0;22;24;7;16;15;8;13;3;0;22;21;20;19;18;14;7;16;15;4;4;8;13;3;0;22;21;24;7;16;15;4;4;4;4;4;4;4;
?;?;?;?;?;?;?;?;?;?;?;?;3;0;22;21;24;7;16;15;4;4;4;4;4;4;8;13;3;0;22;21;20;19;18;14;7;16;15;4;4;4;4;8;13;3;0;22;21;20;
?;?;?;?;?;?;?;?;?;?;?;?;3;0;22;21;20;19;18;23;23;24;7;16;15;4;4;4;4;4;4;4;8;13;3;0;24;7;16;15;4;4;4;4;4;4;8;13;3;0;
?;?;?;?;?;?;?;?;?;?;?;?;31;30;29;28;24;7;16;15;4;4;4;4;4;4;4;4;4;4;4;4;4;4;4;4;4;4;4;8;13;3;0;22;21;20;19;24;7;35;
?;?;?;?;?;?;?;?;?;?;?;?;15;4;4;4;4;4;4;4;4;4;4;4;4;4;4;4;4;4;4;4;4;8;13;3;0;22;21;20;19;18;23;23;23;23;23;23;23;23;
?;?;?;?;?;?;?;?;?;?;?;?;4;4;4;4;4;4;4;4;4;4;4;4;4;4;4;4;8;13;3;0;22;21;20;19;24;7;16;15;4;4;4;4;8;13;3;0;22;21;
?;?;?;?;?;?;?;?;?;?;?;?;4;4;8;13;3;0;22;21;20;19;18;23;24;7;16;15;4;4;4;4;8;13;3;24;7;16;15;4;4;4;4;8;13;3;0;22;21;20;
?;?;?;?;?;?;?;?;?;?;?;?;15;4;4;8;13;3;0;22;21;20;19;18;23;23;23;23;23;23;24;7;16;15;4;4;4;4;4;4;4;4;4;4;4;4;4;4;4;8;
?;?;?;?;?;?;?;?;?;?;?;?;8;13;3;0;22;21;20;24;7;16;15;4;4;4;4;4;4;4;4;4;4;4;4;4;8;13;3;0;22;21;20;19;18;23;23;23;23;23;
?;?;?;?;?;?;?;?;?;?;?;?;15;4;4;4;8;13;3;0;22;24;7;16;15;4;8;13;3;0;22;21;20;19;24;7;16;15;4;4;8;13;3;0;22;21;24;7;16;15;
?;?;?;?;?;?;?;?;?;?;?;?;23;23;24;7;16;15;4;4;4;4;4;4;4;4;4;4;4;4;4;4;4;4;4;4;4;4;4;4;4;4;8;13;3;0;22;21;20;19;
?;?;?;?;?;?;?;?;?;?;?;?;16;15;4;8;13;3;0;22;21;24;7;16;15;4;4;4;4;4;4;4;4;4;8;13;3;0;22;21;20;24;7;16;15;4;4;4;4;4;
?;?;?;?;?;?;?;?;?;?;?;?;12;11;10;9;5;8;13;3;0;24;7;16;15;4;4;4;4;4;4;8;13;3;0;22;21;20;19;18;23;23;23;23;23;23;23;23;23;23;
?;?;?;?;?;?;?;?;?;?;?;?;16;15;4;8;13;3;0;22;21;24;36;34;33;32;31;30;29;24;7;16;15;4;4;4;4;4;4;8;13;3;0;22;21;20;19;18;23;24;
?;?;?;?;?;?;?;?;?;?;?;?;0;22;21;24;7;16;15;4;4;8;13;3;24;7;16;15;4;4;4;4;4;8;13;3;0;22;21;20;19;24;7;16;8;13;3;0;22;21;
?;?;?;?;?;?;?;?;?;?;?;?;4;4;4;4;4;4;4;8;13;3;0;22;21;20;24;7;16;15;4;4;4;4;8;13;3;0;22;21;20;19;18;23;23;23;24;7;16;15;
?;?;?;?;?;?;?;?;?;?;?;?;0;22;21;20;19;24;7;35;26;25;23;23;23;24;7;16;15;4;4;4;4;4;4;4;4;4;4;4;4;4;8;13;3;0;22;21;20;19;
?;?;?;?;?;?;?;?;?;?;?;?;7;16;15;4;4;4;4;4;4;4;4;4;4;8;13;3;0;22;21;20;19;18;23;23;23;23;23;23;23;23;23;23;23;23;23;24;7;16;
?;?;?;?;?;?;?;?;?;?;?;?;0;22;21;20;24;7;16;15;4;4;4;8;13;3;0;22;21;20;19;18;23;23;23;23;23;23;23;23;24;7;16;15;4;4;4;4;4;4;
?;?;?;?;?;?;?;?;?;?;?;?;36;34;33;32;31;30;29;28;27;24;7;16;15;4;4;4;4;4;4;4;4;4;4;4;4;4;4;4;4;4;4;4;4;4;8;13;3;0;
?;?;?;?;?;?;?;?;?;?;?;?;0;22;21;20;19;24;7;16;15;4;4;4;4;4;4;4;4;4;8;13;3;0;22;21;20;24;7;16;15;4;4;4;4;4;4;8;13;3;
?;?;?;?;?;?;?;?;?;?;?;?;7;16;15;4;4;4;8;13;3;0;22;21;20;19;18;23;24;7;16;15;4;4;4;4;4;4;4;4;4;8;13;3;0;22;21;20;19;18;
?;?;?;?;?;?;?;?;?;?;?;?;4;4;4;4;4;4;8;13;3;0;22;21;20;19;18;14;7;16;15;4;4;4;4;4;4;8;13;3;0;24;7;16;15;8;13;3;0;22;
?;?;?;?;?;?;?;?;?;?;?;?;3;0;22;21;20;24;7;16;15;4;4;4;4;4;4;4;4;4;4;4;4;4;4;4;4;8;13;3;0;22;21;20;19;18;23;23;23;23;
?;?;?;?;?;?;?;?;?;?;?;?;3;24;7;16;15;4;4;8;13;3;0;22;21;20;19;18;14;7;35;26;25;23;23;24;7;16;15;4;4;4;4;4;4;4;4;8;13;3;
?;?;?;?;?;?;?;?;?;?;?;?;13;3;0;22;21;20;19;18;23;23;23;23;23;23;24;7;16;15;4;4;4;4;4;4;4;4;4;4;4;8;13;3;0;22;21;20;19;18;
?;?;?;?;?;?;?;?;?;?;?;?;16;15;4;4;4;4;4;4;4;8;13;3;0;22;21;20;19;18;23;23;23;24;7;16;15;4;4;4;4;4;4;4;4;4;4;4;4;4;
?;?;?;?;?;?;?;?;?;?;?;?;16;15;4;4;4;4;4;4;4;4;4;8;13;3;0;22;21;20;24;7;16;15;4;4;4;4;4;4;4;4;8;13;3;0;22;21;20;24;
?;?;?;?;?;?;?;?;?;?;?;?;24;7;16;15;4;4;4;4;8;13;3;0;22;21;20;24;7;16;15;4;4;4;4;4;4;8;13;3;0;22;21;20;19;18;23;24;7;16;
?;?;?;?;?;?;?;?;?;?;?;?;13;3;0;22;24;7;16;15;4;4;4;4;4;4;4;4;4;4;4;4;8;13;3;0;22;21;20;19;18;23;23;23;23;23;23;24;7;16;
?;?;?;?;?;?;?;?;?;?;?;?;19;18;23;23;23;24;7;16;15;4;4;4;4;8;13;3;0;22;21;20;19;24;7;16;15;4;4;4;4;4;4;4;4;8;13;3;0;22;
?;?;?;?;?;?;?;?;?;?;?;?;16;15;4;4;8;13;3;0;22;21;20;19;18;23;23;23;23;23;23;23;23;23;24;7;16;15;4;4;4;4;4;4;4;4;4;4;4;4;
?;?;?;?;?;?;?;?;?;?;?;?;4;8;13;3;0;22;21;20;19;18;23;23;23;23;23;23;23;23;23;23;23;23;23;23;23;24;7;16;15;4;4;4;4;4;4;4;4;4;
?;?;?;?;?;?;?;?;?;?;?;?;7;35;26;25;23;23;23;24;7;16;15;4;4;4;4;4;4;8;13;3;0;24;7;16;15;4;4;8;13;3;0;22;21;20;19;18;23;23;
?;?;?;?;?;?;?;?;?;?;?;?;15;4;8;13;3;0;22;21;20;19;24;7;16;8;13;3;0;22;21;20;24;7;16;15;4;4;4;4;4;4;4;4;4;4;4;4;4;4;
?;?;?;?;?;?;?;?;?;?;?;?;15;4;4;4;8;13;1;17;6;2;12;11;10;9;5;8;13;3;0;22;21;20;19;18;23;23;23;23;23;23;23;23;24;7;16;15;4;4;
?;?;?;?;?;?;?;?;?;?;?;?;0;22;24;7;16;15;4;4;4;4;4;4;4;4;4;8;13;3;0;22;21;20;19;18;14;7;16;15;4;4;8;13;1;17;6;2;12;11;
?;?;?;?;?;?;?;?;?;?;?;?;20;19;18;14;7;16;15;4;8;13;3;0;22;21;20;19;18;23;24;7;16;15;4;4;8;24;7;16;15;4;4;4;4;4;4;4;4;4;
?;?;?;?;?;?;?;?;?;?;?;?;4;8;13;3;0;22;21;20;19;18;23;23;23;23;23;23;23;23;23;23;23;23;24;7;16;15;4;4;4;4;4;8;13;3;0;22;21;20;
?;?;?;?;?;?;?;?;?;?;?;?;16;15;8;13;3;0;22;21;20;24;7;16;15;4;4;4;4;4;4;4;4;4;4;4;4;4;4;8;13;3;0;22;21;20;19;18;23;24;
?;?;?;?;?;?;?;?;?;?;?;?;13;3;24;7;16;15;4;4;8;13;3;0;24;7;16;15;4;4;4;8;13;3;0;22;21;20;19;18;14;7;16;15;4;4;4;4;4;4;
?;?;?;?;?;?;?;?;?;?;?;?;16;15;4;8;13;3;0;22;21;24;7;16;15;4;8;13;3;24;7;16;15;8;13;3;0;22;21;20;19;18;23;24;7;16;15;4;4;4;
?;?;?;?;?;?;?;?;?;?;?;?;18;23;23;24;7;16;15;4;4;4;4;8;13;3;0;22;21;20;24;7;16;15;4;4;4;4;8;13;3;0;22;21;24;7;16;15;4;4;
?;?;?;?;?;?;?;?;?;?;?;?;24;7;16;15;4;4;4;4;4;4;4;4;4;4;4;4;4;4;8;13;3;0;22;21;20;19;18;23;23;23;23;23;23;23;23;23;23;23;
?;?;?;?;?;?;?;?;?;?;?;?;23;23;24;7;16;15;4;4;8;13;3;0;22;21;20;24;7;16;15;4;4;4;4;4;4;4;4;4;4;4;4;4;4;4;4;4;4;8;
?;?;?;?;?;?;?;?;?;?;?;?;7;35;26;25;23;23;23;23;23;23;23;23;23;23;23;23;23;23;24;7;16;15;4;4;4;4;4;4;4;8;13;3;0;22;21;20;19;18;
?;?;?;?;?;?;?;?;?;?;?;?;24;7;35;26;25;23;23;23;23;23;23;23;23;24;7;16;15;4;8;13;3;0;22;24;7;16;15;4;4;4;4;4;4;4;8;13;3;24;
?;?;?;?;?;?;?;?;?;?;?;?;4;4;4;4;4;4;4;4;4;4;4;4;4;4;8;13;3;0;22;21;20;19;18;23;23;23;23;23;23;23;23;23;23;24;7;16;15;4;
?;?;?;?;?;?;?;?;?;?;?;?;15;4;4;4;4;8;13;3;0;22;24;7;16;15;4;4;4;4;4;4;4;4;8;13;3;0;22;21;20;19;18;23;23;23;23;23;23;23;
?;?;?;?;?;?;?;?;?;?;?;?;3;0;22;21;20;24;7;16;15;8;13;1;17;6;2;12;11;10;9;5;8;13;3;0;22;21;20;19;18;23;23;23;23;23;23;24;7;16;
?;?;?;?;?;?;?;?;?;?;?;?;23;23;24;7;16;15;4;8;13;3;0;22;21;24;7;16;15;4;4;4;4;8;13;3;0;22;24;7;16;15;4;4;4;4;4;8;13;3;
?;?;?;?;?;?;?;?;?;?;?;?;4;4;8;13;3;0;22;21;20;19;18;14;7;16;15;4;4;4;4;4;4;8;13;3;0;22;21;24;7;16;8;13;3;0;22;21;20;24;
?;?;?;?;?;?;?;?;?;?;?;?;16;15;4;8;13;3;0;22;21;20;19;18;23;23;23;24;7;16;15;4;4;4;4;8;13;3;0;22;21;24;7;16;15;4;4;4;4;4;
?;?;?;?;?;?;?;?;?;?;?;?;7;35;26;25;23;23;23;23;23;24;7;16;15;4;4;4;4;4;4;4;4;4;8;13;3;0;22;21;20;19;18;23;23;23;23;23;23;23;
?;?;?;?;?;?;?;?;?;?;?;?;16;15;4;8;13;3;0;22;24;7;16;15;4;4;4;4;4;4;4;4;4;4;4;8;13;3;0;22;21;20;24;7;16;15;4;4;4;4;
?;?;?;?;?;?;?;?;?;?;?;?;16;8;13;3;0;22;21;20;24;7;16;15;4;4;8;13;3;0;24;7;16;15;4;4;4;4;8;13;3;0;22;21;20;19;18;23;23;23;
?;?;?;?;?;?;?;?;?;?;?;?;19;18;23;23;23;24;7;16;15;4;4;4;4;8;13;3;0;22;21;20;24;7;16;15;4;4;8;13;3;0;22;21;20;19;18;23;23;23;
?;?;?;?;?;?;?;?;?;?;?;?;16;15;4;8;13;3;0;24;7;16;15;4;4;8;13;3;0;22;21;20;19;18;14;7;16;15;4;4;4;4;4;4;4;4;4;4;4;4;
?;?;?;?;?;?;?;?;?;?;?;?;15;4;4;8;13;3;0;22;24;7;16;15;4;8;13;3;0;22;21;20;19;18;23;23;23;23;23;23;24;7;16;15;4;4;8;13;3;0;
?;?;?;?;?;?;?;?;?;?;?;?;19;18;23;23;23;23;23;23;23;23;23;23;23;23;23;23;23;23;23;24;7;16;15;4;4;4;4;4;4;4;4;4;4;4;4;4;8;13;
?;?;?;?;?;?;?;?;?;?;?;?;22;21;20;19;18;23;23;24;7;16;15;4;4;8;13;3;0;22;21;20;19;24;7;35;26;25;23;23;23;23;23;23;23;23;24;7;16;15;
?;?;?;?;?;?;?;?;?;?;?;?;4;4;4;4;4;4;4;4;4;4;4;4;4;4;4;4;4;4;4;4;4;4;4;4;4;4;4;4;4;4;4;4;4;4;4;4;4;4;
?;?;?;?;?;?;?;?;?;?;?;?;3;0;22;21;24;7;16;8;13;3;0;22;21;20;24;7;16;15;4;4;4;4;4;4;4;4;4;4;4;4;4;4;8;13;3;0;22;21;
?;?;?;?;?;?;?;?;?;?;?;?;16;15;4;8;13;3;0;24;7;16;15;4;4;4;8;13;3;0;22;21;24;7;16;15;4;4;4;8;13;3;0;22;21;20;19;18;23;23;
?;?;?;?;?;?;?;?;?;?;?;?;18;14;7;16;15;4;4;4;4;4;4;4;4;4;4;4;8;13;1;17;6;2;12;11;10;9;5;8;13;3;0;22;21;20;19;18;14;7;
?;?;?;?;?;?;?;?;?;?;?;?;23;24;7;16;15;4;4;4;4;8;13;3;0;22;21;24;7;16;15;4;4;8;13;3;0;22;21;20;19;18;23;23;23;23;23;23;23;23;
?;?;?;?;?;?;?;?;?;?;?;?;0;22;21;20;24;7;16;15;4;4;4;4;4;4;4;4;4;8;13;3;0;22;21;20;24;7;16;15;4;4;4;4;4;4;4;4;4;4;
?;?;?;?;?;?;?;?;?;?;?;?;3;0;24;7;16;15;4;4;4;4;4;8;13;3;0;22;21;20;24;7;16;15;4;4;8;13;3;0;22;21;20;19;18;23;24;7;16;15;
?;?;?;?;?;?;?;?;?;?;?;?;4;4;8;13;3;0;22;21;20;19;18;23;23;23;23;23;23;23;23;23;24;7;16;15;4;4;4;4;4;4;4;8;13;3;0;22;21;20;
?;?;?;?;?;?;?;?;?;?;?;?;0;22;21;20;19;18;23;23;24;7;16;15;4;4;4;4;4;4;4;4;4;4;4;4;4;4;4;4;4;4;4;4;4;4;4;4;8;13;
?;?;?;?;?;?;?;?;?;?;?;?;3;0;22;21;20;19;18;23;23;23;23;23;23;24;7;16;15;4;4;4;4;4;4;4;4;4;4;4;4;4;8;13;3;0;24;7;16;15;
?;?;?;?;?;?;?;?;?;?;?;?;16;15;8;13;3;0;22;21;24;7;16;15;8;13;3;0;22;21;24;7;16;15;4;4;4;4;4;4;4;8;13;3;0;22;21;20;19;18;
?;?;?;?;?;?;?;?;?;?;?;?;4;4;4;4;4;4;4;4;4;4;4;4;4;4;4;8;13;3;0;22;21;20;19;24;7;16;15;8;13;3;0;22;21;20;19;18;23;23;
?;?;?;?;?;?;?;?;?;?;?;?;35;26;25;23;23;23;23;23;23;24;7;16;8;13;3;0;22;24;7;16;15;4;4;4;4;4;8;13;3;0;24;7;16;15;4;4;4;4;
?;?;?;?;?;?;?;?;?;?;?;?;3;0;22;24;7;16;15;4;8;13;3;0;22;21;20;19;18;23;23;23;23;24;7;16;15;4;4;4;4;4;8;13;3;0;22;21;20;19;
?;?;?;?;?;?;?;?;?;?;?;?;15;4;4;4;8;13;3;0;22;21;20;19;18;23;23;24;7;16;15;4;4;4;4;4;8;13;3;0;22;21;20;19;18;23;23;23;24;7;
?;?;?;?;?;?;?;?;?;?;?;?;23;23;23;24;7;16;8;13;3;0;22;21;20;19;18;14;7;16;15;4;4;4;4;4;4;4;4;4;4;4;4;4;4;8;13;3;0;22;
?;?;?;?;?;?;?;?;?;?;?;?;15;4;4;8;13;3;0;22;21;20;19;18;23;23;23;23;23;23;24;7;16;15;4;8;13;3;0;22;21;24;7;16;15;4;4;4;4;4;
?;?;?;?;?;?;?;?;?;?;?;?;15;4;4;8;13;3;0;22;24;7;16;15;4;4;4;4;4;4;8;13;3;0;22;21;20;19;18;23;23;24;7;16;15;4;4;8;13;3;
?;?;?;?;?;?;?;?;?;?;?;?;16;15;4;4;4;4;4;8;13;3;0;22;21;20;19;24;7;16;15;4;4;4;8;13;3;0;22;21;20;19;18;23;23;23;23;23;23;23;
?;?;?;?;?;?;?;?;?;?;?;?;15;4;8;13;3;0;22;21;20;19;24;7;35;26;25;23;24;7;16;15;4;4;4;4;4;8;13;3;0;22;21;20;19;18;23;23;23;23;
?;?;?;?;?;?;?;?;?;?;?;?;19;18;23;23;24;7;16;15;4;4;4;8;13;3;0;24;7;16;15;4;4;4;4;4;4;4;8;13;3;0;22;21;20;19;18;14;13;3;
?;?;?;?;?;?;?;?;?;?;?;?;13;1;17;6;2;12;11;10;8;13;3;0;22;21;20;24;7;16;15;8;13;3;24;7;16;15;4;8;13;3;0;22;21;20;19;18;23;23;
?;?;?;?;?;?;?;?;?;?;?;?;7;16;8;13;3;0;22;21;24;7;16;15;4;4;4;4;4;4;4;4;4;4;4;4;4;4;4;4;4;4;8;13;3;0;22;21;20;19;
?;?;?;?;?;?;?;?;?;?;?;?;4;4;8;13;3;0;22;21;20;19;18;23;23;23;23;23;23;23;23;23;24;7;16;15;4;4;4;4;4;4;4;4;4;8;13;3;0;24;
?;?;?;?;?;?;?;?;?;?;?;?;16;15;8;13;3;0;22;21;24;7;16;15;4;4;4;4;4;4;4;4;4;4;4;8;13;3;0;22;21;20;19;18;23;23;23;23;23;23;
?;?;?;?;?;?;?;?;?;?;?;?;13;3;24;7;16;8;13;3;0;22;21;20;19;18;23;23;23;23;23;23;23;23;23;23;23;23;23;23;23;23;23;23;23;24;7;16;15;4;
?;?;?;?;?;?;?;?;?;?;?;?;3;0;24;7;16;15;4;4;8;13;3;0;22;21;20;19;24;7;16;15;4;4;4;4;4;4;4;4;8;13;3;0;22;21;20;19;24;7;
?;?;?;?;?;?;?;?;?;?;?;?;15;4;4;8;13;3;0;22;24;7;16;15;4;8;13;3;0;22;21;24;7;16;15;4;4;4;4;4;4;4;4;4;4;4;4;4;4;4;
?;?;?;?;?;?;?;?;?;?;?;?;0;22;21;24;7;16;15;8;13;3;0;22;21;20;24;7;16;15;4;4;4;4;4;4;4;4;4;4;8;13;3;0;24;7;16;15;4;4;
?;?;?;?;?;?;?;?;?;?;?;?;20;19;18;23;23;23;23;23;24;7;16;15;4;4;4;8;13;3;0;22;21;24;7;16;15;8;13;3;0;22;21;20;19;18;23;23;24;7;
?;?;?;?;?;?;?;?;?;?;?;?;7;16;15;8;13;3;0;22;21;24;7;16;15;4;4;8;13;3;0;22;21;20;19;24;7;16;15;4;4;4;4;4;4;4;8;13;3;0;
?;?;?;?;?;?;?;?;?;?;?;?;13;3;0;22;21;20;24;7;16;15;4;4;4;8;13;3;0;22;21;24;7;16;15;4;4;4;8;13;3;0;22;21;20;19;24;7;16;15;
?;?;?;?;?;?;?;?;?;?;?;?;16;15;4;4;4;8;13;3;0;22;21;20;19;18;23;23;23;23;23;23;23;24;7;16;15;4;4;4;4;4;4;4;4;4;4;8;13;3;
?;?;?;?;?;?;?;?;?;?;?;?;24;36;34;33;32;31;30;29;24;7;16;15;4;4;8;13;3;24;7;16;15;4;4;4;4;4;4;4;8;13;3;0;22;21;20;19;18;23;
?;?;?;?;?;?;?;?;?;?;?;?;15;4;8;13;3;0;22;21;24;7;16;15;4;4;8;13;3;0;22;21;20;19;18;23;23;23;23;23;23;23;23;23;23;23;23;23;23;23;
?;?;?;?;?;?;?;?;?;?;?;?;16;15;4;4;4;8;13;3;0;22;21;20;19;18;14;7;16;8;13;3;0;22;21;20;19;18;14;7;16;15;4;4;4;4;4;4;8;13;
?;?;?;?;?;?;?;?;?;?;?;?;16;15;8;13;3;0;22;21;24;7;16;15;4;4;4;8;13;3;0;22;21;20;24;7;16;15;8;13;3;0;24;7;16;15;4;4;4;8;
?;?;?;?;?;?;?;?;?;?;?;?;7;16;15;8;13;3;0;22;24;7;16;15;4;4;4;4;4;4;4;4;4;4;4;4;4;4;4;4;4;8;13;3;0;22;21;20;19;18;
?;?;?;?;?;?;?;?;?;?;?;?;4;4;4;4;8;13;3;0;22;21;20;19;18;23;23;23;23;23;23;24;7;16;15;4;4;4;4;4;4;4;4;4;4;8;13;3;0;22;
?;?;?;?;?;?;?;?;?;?;?;?;3;0;22;24;7;16;15;4;8;13;3;0;22;21;20;19;18;23;23;23;24;7;16;15;4;4;4;4;4;4;8;13;3;0;22;21;20;19;
?;?;?;?;?;?;?;?;?;?;?;?;4;4;4;4;4;4;4;4;4;4;4;8;13;3;0;22;21;20;19;18;23;23;23;23;23;24;7;16;15;4;4;4;4;4;4;4;4;4;
?;?;?;?;?;?;?;?;?;?;?;?;4;4;8;13;3;0;22;21;20;19;24;7;16;15;4;4;8;13;3;0;22;21;20;19;18;23;23;23;24;7;16;15;4;4;4;4;8;13;
?;?;?;?;?;?;?;?;?;?;?;?;16;15;4;8;13;3;0;22;21;20;19;24;7;16;15;4;4;4;8;13;3;0;22;21;24;7;16;15;4;4;4;8;13;3;0;22;21;20;
?;?;?;?;?;?;?;?;?;?;?;?;0;22;21;24;7;16;15;4;4;4;8;13;3;0;24;7;16;15;4;8;13;3;0;24;7;16;15;4;8;13;3;24;7;16;15;4;4;4;
?;?;?;?;?;?;?;?;?;?;?;?;4;4;4;4;4;4;4;4;4;8;13;3;0;22;21;20;19;18;23;23;23;23;23;23;23;23;23;23;23;23;23;23;23;23;23;23;23;23;
?;?;?;?;?;?;?;?;?;?;?;?;4;4;4;4;4;4;4;8;13;3;0;22;21;20;19;18;14;7;16;15;4;4;4;4;4;8;13;3;0;22;21;20;19;18;23;23;23;23;
?;?;?;?;?;?;?;?;?;?;?;?;3;0;22;21;24;7;16;15;8;13;3;0;22;21;20;19;18;23;23;23;24;7;16;15;4;4;4;4;8;13;3;0;22;21;20;24;7;16;
?;?;?;?;?;?;?;?;?;?;?;?;4;4;4;4;4;4;4;4;8;13;3;24;7;16;15;4;4;4;8;13;3;0;22;21;20;19;18;23;23;23;23;23;23;23;23;23;23;23;
?;?;?;?;?;?;?;?;?;?;?;?;3;0;22;21;24;7;16;15;8;13;3;24;7;16;15;4;4;8;13;3;0;22;21;20;19;18;14;7;16;15;4;4;4;4;4;8;13;3;
?;?;?;?;?;?;?;?;?;?;?;?;20;19;18;23;23;23;23;23;24;7;16;15;8;13;3;0;22;21;20;19;18;23;24;7;16;15;4;4;4;4;4;4;4;4;8;13;3;0;
?;?;?;?;?;?;?;?;?;?;?;?;4;4;8;13;3;0;22;21;24;7;16;15;4;4;4;4;4;4;4;4;4;4;8;13;3;0;22;21;20;19;18;23;23;23;23;24;7;16;
?;?;?;?;?;?;?;?;?;?;?;?;3;0;22;24;7;16;15;4;4;4;4;4;4;4;4;8;13;3;0;22;21;20;19;18;23;23;23;23;23;23;23;24;7;16;15;4;4;4;