?;?;?;?;?;?;1;1;1;1;2;7;6;5;4;8;0;1;1;1;1;1;2;7;6;5;3;3;3;4;8;0;1;1;1;1;2;7;6;5;3;3;3;3;3;3;3;3;3;4;
?;?;?;?;?;?;6;5;3;3;4;8;0;1;1;1;1;1;2;7;6;5;3;3;3;3;3;3;4;8;0;1;1;1;1;1;2;7;6;5;3;4;8;0;1;1;1;2;7;6;
?;?;?;?;?;?;7;6;5;3;3;4;8;2;7;6;5;3;3;3;3;4;8;0;1;1;1;1;2;7;6;5;4;8;0;1;1;1;1;1;2;7;6;5;3;3;3;3;4;8;
?;?;?;?;?;?;0;2;7;6;5;3;3;3;4;8;0;1;1;1;2;7;6;5;3;3;3;3;4;8;0;1;1;1;1;1;1;2;7;6;5;3;3;4;8;0;1;1;1;1;
?;?;?;?;?;?;7;6;5;4;8;0;1;1;2;7;6;5;3;3;3;3;3;4;8;0;1;1;1;1;2;7;6;5;3;3;3;3;3;4;8;0;1;1;1;1;1;1;1;2;
?;?;?;?;?;?;6;5;3;4;8;0;1;1;1;2;7;6;5;3;3;4;8;0;1;1;1;1;1;1;1;1;1;1;2;7;6;5;3;3;3;3;4;8;0;1;2;7;6;5;
?;?;?;?;?;?;8;0;1;1;2;7;6;5;3;3;4;8;0;1;1;2;7;6;5;3;4;8;0;1;1;1;1;1;1;1;1;1;1;1;2;7;6;5;3;3;4;8;0;1;
?;?;?;?;?;?;7;6;5;3;4;8;0;1;1;2;7;6;5;3;4;8;0;1;1;2;7;6;5;3;3;3;3;4;8;0;1;1;1;1;1;1;1;1;1;2;7;6;5;3;
?;?;?;?;?;?;7;6;5;4;8;0;2;7;6;5;3;3;4;8;0;1;1;1;1;2;7;6;5;3;3;4;8;0;1;1;1;1;1;2;7;6;5;3;3;3;4;8;0;1;
?;?;?;?;?;?;5;3;3;3;4;8;0;1;1;1;1;1;1;2;7;6;5;3;3;3;3;3;3;4;8;0;1;1;1;1;1;1;1;1;1;1;1;2;7;6;5;3;4;8;
?;?;?;?;?;?;7;6;5;4;8;0;1;1;1;1;2;7;6;5;3;3;3;4;2;7;6;4;8;0;1;1;1;2;7;6;5;3;3;3;3;4;8;0;1;1;1;2;7;6;
?;?;?;?;?;?;7;6;5;3;4;8;0;1;2;7;6;5;3;3;4;8;0;1;1;1;1;1;2;7;6;5;3;3;3;3;3;3;3;3;3;3;3;3;3;3;3;3;3;3;
?;?;?;?;?;?;0;1;1;1;2;7;6;5;3;3;3;3;3;4;8;0;1;1;1;2;7;6;5;3;3;3;4;8;0;1;1;1;1;1;1;1;1;1;1;1;1;1;2;7;
?;?;?;?;?;?;7;6;5;3;4;8;0;1;1;2;7;6;5;3;3;4;8;0;1;2;7;6;5;3;4;8;0;1;1;1;2;7;6;5;3;3;4;2;7;6;5;3;3;3;
?;?;?;?;?;?;8;0;1;1;2;7;6;5;4;8;0;2;7;6;5;3;3;3;3;3;4;8;0;1;1;1;1;2;7;6;5;4;8;0;1;1;1;1;1;1;1;1;1;1;
?;?;?;?;?;?;6;5;3;4;8;0;1;1;1;1;1;1;1;1;2;7;6;5;3;3;3;3;3;4;8;0;1;1;1;1;1;1;1;1;1;1;1;1;2;7;6;5;3;3;
?;?;?;?;?;?;3;3;3;3;3;3;4;8;0;1;1;1;1;2;7;6;5;3;3;3;3;3;4;8;0;1;1;1;1;1;1;1;1;1;2;7;6;5;3;3;3;4;8;0;
?;?;?;?;?;?;8;0;1;1;2;7;6;5;3;3;4;8;0;1;1;1;1;1;1;1;1;1;1;2;7;6;5;3;3;3;3;3;4;8;0;1;1;1;1;1;1;1;1;1;
?;?;?;?;?;?;6;5;3;4;8;0;1;1;1;2;7;6;5;3;3;4;8;0;1;1;1;1;2;7;6;5;3;3;3;3;3;4;8;0;1;1;1;2;7;6;5;3;3;3;
?;?;?;?;?;?;1;1;1;1;2;7;6;4;8;0;1;1;1;2;7;6;5;3;3;3;3;3;3;3;3;4;8;0;1;1;1;1;1;1;1;1;1;1;1;1;1;1;1;1;
?;?;?;?;?;?;8;0;1;2;7;6;5;3;3;3;4;8;0;1;2;7;6;5;3;3;3;3;3;4;8;0;1;1;1;1;1;1;1;1;1;1;1;1;1;1;1;1;2;7;
?;?;?;?;?;?;7;6;5;3;4;8;0;1;1;2;7;6;5;3;4;8;0;1;1;1;2;7;6;5;3;3;3;3;3;3;3;3;4;8;0;1;1;1;1;1;2;7;6;5;
?;?;?;?;?;?;1;1;1;1;1;1;1;2;7;6;5;3;3;3;3;3;3;3;3;3;3;3;3;3;3;3;4;8;0;1;1;1;1;1;1;1;1;1;1;1;1;1;1;1;
?;?;?;?;?;?;7;6;5;3;4;8;0;1;2;7;6;5;3;3;3;4;8;0;1;1;1;1;1;1;1;1;2;7;6;5;3;3;3;3;3;4;8;0;1;1;1;1;1;2;
?;?;?;?;?;?;6;5;3;3;4;8;0;1;1;1;1;1;2;7;4;8;0;2;7;6;5;3;3;3;4;8;0;1;1;2;7;6;5;3;3;3;3;4;8;0;1;1;1;1;
?;?;?;?;?;?;7;4;8;0;1;1;1;1;2;7;6;4;8;0;1;1;1;1;1;2;7;6;5;3;3;3;3;3;3;3;3;3;3;3;3;3;4;8;0;1;1;1;1;1;
?;?;?;?;?;?;3;3;4;8;0;1;1;1;1;1;2;7;6;5;3;3;3;3;3;3;3;3;3;3;3;4;8;0;1;1;1;1;1;1;1;1;1;1;1;1;1;1;1;2;
?;?;?;?;?;?;5;3;3;4;8;0;1;1;1;1;2;7;6;5;3;3;3;3;3;3;3;4;8;0;1;1;1;1;1;1;1;2;7;6;5;3;3;4;8;0;1;1;1;1;
?;?;?;?;?;?;6;5;3;3;4;8;2;7;6;5;3;3;4;8;0;1;1;1;1;1;2;7;6;5;3;4;8;0;1;1;1;1;1;1;1;1;1;1;1;1;1;1;1;1;
?;?;?;?;?;?;8;0;1;1;2;7;6;5;3;4;8;0;1;2;7;6;5;3;3;4;8;0;1;1;1;1;2;7;6;5;3;3;3;3;3;3;3;3;3;3;3;3;3;3;
?;?;?;?;?;?;1;1;1;1;1;1;1;1;1;1;1;1;1;1;1;1;1;1;2;7;6;5;3;3;3;3;3;3;3;3;3;3;3;4;8;0;1;1;1;1;2;7;6;5;
?;?;?;?;?;?;5;3;4;8;0;1;1;1;1;1;1;1;1;2;7;6;5;3;3;3;3;3;3;3;3;3;4;8;0;1;1;1;1;2;7;6;5;3;3;3;3;3;3;3;
?;?;?;?;?;?;4;2;7;6;5;3;3;3;4;8;0;1;1;2;7;6;5;3;3;3;3;4;8;0;1;1;1;1;1;1;1;1;1;2;7;6;5;3;4;8;0;1;1;2;
?;?;?;?;?;?;7;6;5;4;8;0;1;1;1;1;1;2;7;6;5;3;3;3;3;3;3;3;3;3;3;3;4;8;0;1;1;1;1;1;1;1;1;1;1;2;7;6;5;3;
?;?;?;?;?;?;3;3;3;3;4;8;2;7;6;5;3;3;3;3;4;8;0;1;1;1;1;1;1;1;2;7;6;5;3;3;3;4;8;0;1;1;1;1;1;1;1;2;7;6;
?;?;?;?;?;?;6;5;3;4;8;0;2;7;6;5;3;3;4;8;0;1;1;1;1;2;7;6;5;3;3;4;8;0;1;1;1;1;2;7;6;5;3;3;3;4;8;0;1;1;
?;?;?;?;?;?;2;7;6;5;3;3;3;3;3;3;3;3;3;3;4;8;0;1;2;7;6;5;3;4;8;0;1;1;1;1;1;1;1;2;7;6;5;3;3;3;3;3;3;4;
?;?;?;?;?;?;6;4;8;0;1;1;1;1;1;1;2;7;6;5;3;4;8;0;1;1;1;1;2;7;6;5;3;3;3;3;3;3;3;3;3;3;3;3;3;3;3;3;3;3;
?;?;?;?;?;?;8;0;1;2;7;6;5;4;8;0;1;1;1;1;2;7;6;5;3;3;3;3;3;3;3;3;4;8;0;1;1;1;1;1;1;1;1;1;2;7;6;5;3;3;
?;?;?;?;?;?;8;0;1;1;2;7;6;5;3;3;4;8;0;1;1;1;1;1;1;1;1;1;2;7;6;5;3;3;3;4;8;0;1;1;1;2;7;6;5;4;8;0;1;1;
?;?;?;?;?;?;8;0;1;2;7;6;5;3;3;3;4;8;0;1;1;1;1;1;1;1;1;1;2;7;6;5;3;4;8;0;1;1;1;1;1;1;1;1;1;1;1;1;1;2;
?;?;?;?;?;?;2;7;6;4;8;0;1;1;1;1;1;1;1;1;1;1;2;7;6;5;3;3;3;3;3;3;3;3;3;3;3;3;3;3;3;3;3;3;3;3;3;3;3;3;
?;?;?;?;?;?;8;0;1;2;7;6;5;3;3;4;8;0;1;1;1;2;7;6;5;3;3;4;8;0;1;2;7;6;5;3;3;3;4;8;0;1;1;1;1;1;1;2;7;6;
?;?;?;?;?;?;7;6;5;3;4;8;0;1;1;2;7;6;5;3;3;3;3;3;3;3;3;3;4;8;0;1;1;1;1;1;1;1;1;1;1;1;1;1;1;1;1;1;1;1;
?;?;?;?;?;?;1;1;1;1;1;1;1;1;1;2;7;6;5;3;3;3;3;4;8;0;1;1;1;1;2;7;6;5;3;3;3;3;3;3;3;4;8;0;2;7;6;5;3;3;
?;?;?;?;?;?;6;5;3;3;4;8;0;1;1;1;1;1;1;1;1;1;1;2;7;6;5;3;3;3;3;3;3;3;4;8;0;1;1;1;1;1;1;1;1;2;7;6;5;3;
?;?;?;?;?;?;1;1;1;1;1;1;1;1;1;1;1;2;7;6;5;3;3;3;3;3;3;3;3;3;3;3;3;3;3;3;3;3;3;3;3;3;3;4;8;0;1;1;1;1;
?;?;?;?;?;?;8;0;1;1;1;2;7;6;5;3;3;3;3;4;8;0;1;1;1;1;1;1;1;1;1;1;1;2;7;6;5;3;3;3;3;3;3;3;4;8;0;1;1;1;
?;?;?;?;?;?;0;1;1;1;1;2;7;6;5;3;3;3;3;3;3;3;3;3;4;8;0;1;1;1;1;1;2;7;6;5;4;8;0;1;2;7;6;5;3;3;3;3;3;3;
?;?;?;?;?;?;0;1;1;1;2;7;6;5;3;3;3;3;3;3;3;3;3;3;4;8;0;1;1;1;1;2;7;6;5;3;3;3;3;3;3;3;3;4;8;0;1;1;1;1;
?;?;?;?;?;?;3;3;3;3;3;3;3;3;3;3;3;3;3;3;3;4;8;0;1;1;1;1;2;7;6;5;3;3;4;8;0;1;1;1;1;1;1;1;1;1;1;1;1;1;
?;?;?;?;?;?;8;0;1;1;2;7;6;5;3;4;8;0;1;1;1;2;7;6;5;3;3;3;3;3;3;3;3;3;3;4;8;0;1;1;1;2;7;6;5;3;3;3;3;3;
?;?;?;?;?;?;7;6;5;4;8;0;1;1;1;1;2;7;4;8;0;1;1;1;2;7;6;5;3;3;3;3;3;3;3;3;3;4;8;0;1;1;1;1;1;2;7;6;5;4;
?;?;?;?;?;?;6;5;3;3;4;8;0;1;1;1;1;2;7;6;5;3;3;3;3;3;3;3;4;8;0;1;1;1;1;1;1;1;1;1;2;7;6;5;3;3;3;3;3;3;
?;?;?;?;?;?;6;5;3;3;4;8;0;1;1;1;2;7;6;5;4;8;0;1;1;1;1;2;7;6;4;8;0;1;1;1;1;1;2;7;6;5;3;3;3;3;3;3;3;3;
?;?;?;?;?;?;6;5;3;3;3;3;3;3;3;3;4;8;0;1;1;1;1;1;1;1;1;1;1;1;2;7;6;5;3;3;3;3;3;3;3;3;3;3;4;8;0;1;1;1;
?;?;?;?;?;?;1;1;1;2;7;6;5;3;4;8;0;1;1;1;1;1;2;7;6;5;4;8;0;1;2;7;6;5;3;3;3;3;3;3;3;3;3;3;3;3;3;3;3;3;
?;?;?;?;?;?;8;0;1;1;1;1;1;1;1;1;1;1;1;2;7;6;5;3;3;3;3;3;3;3;3;3;4;8;0;1;1;1;1;1;1;1;2;7;6;5;3;3;3;3;
?;?;?;?;?;?;3;3;3;3;3;3;3;3;3;3;3;3;3;3;3;3;3;4;8;0;1;1;1;1;1;1;1;1;1;1;1;1;1;1;1;1;1;1;1;1;1;1;1;1;
?;?;?;?;?;?;7;6;5;3;3;4;8;0;1;1;1;2;7;6;5;3;3;3;3;3;3;3;3;3;3;4;8;0;1;1;1;1;1;1;1;1;1;1;1;2;7;6;5;3;
?;?;?;?;?;?;5;4;8;0;1;1;1;2;7;6;5;3;3;3;3;3;3;3;3;3;4;8;0;1;1;1;1;1;1;1;1;2;4;8;0;1;1;1;1;2;7;6;5;3;
?;?;?;?;?;?;4;8;0;1;1;1;1;1;1;1;1;1;1;1;1;1;2;7;6;5;3;3;3;3;3;3;3;3;3;3;3;3;3;4;8;0;1;1;1;1;1;1;1;1;
?;?;?;?;?;?;7;6;5;3;4;8;0;1;1;1;2;7;6;5;3;3;3;3;3;3;3;3;3;3;4;8;0;1;1;1;1;1;1;1;1;1;1;2;7;6;5;3;3;3;
?;?;?;?;?;?;6;5;3;3;4;8;0;1;1;1;1;1;2;7;6;5;3;3;3;3;3;3;3;4;8;0;1;1;1;1;1;1;1;1;1;2;7;6;5;3;3;3;3;3;
?;?;?;?;?;?;6;5;3;3;4;8;0;1;2;7;6;5;3;3;3;3;3;3;3;3;3;3;3;4;8;0;1;1;1;1;1;1;1;1;1;1;1;1;1;1;1;1;2;7;
?;?;?;?;?;?;6;5;3;3;4;8;0;1;1;2;7;6;5;3;3;3;4;8;0;1;1;1;1;1;1;1;2;7;6;5;4;8;0;1;1;2;7;6;5;3;3;3;3;3;
?;?;?;?;?;?;8;0;1;1;2;7;6;5;3;4;8;0;1;1;1;2;7;6;5;4;8;0;1;1;1;1;2;7;6;5;3;3;3;3;3;3;4;8;0;1;1;1;1;1;
?;?;?;?;?;?;2;7;4;8;0;1;1;1;1;1;2;7;6;5;3;3;3;3;4;8;0;2;7;6;5;3;3;3;3;3;3;3;3;3;3;3;3;3;3;4;8;0;1;1;
?;?;?;?;?;?;3;3;3;4;8;0;2;7;6;5;3;4;8;0;1;1;1;1;1;1;1;1;1;1;1;1;2;7;6;5;3;3;3;3;4;8;0;1;1;1;1;1;1;1;
?;?;?;?;?;?;0;1;1;1;2;7;6;5;3;3;3;3;3;3;3;3;3;3;3;3;3;4;8;0;1;1;1;1;1;1;1;1;1;1;1;1;1;1;1;1;1;1;1;1;
?;?;?;?;?;?;7;6;5;3;4;8;0;1;1;2;7;6;5;4;8;0;1;1;1;1;2;7;6;5;3;3;3;3;3;3;3;3;3;3;3;3;3;3;3;3;3;3;3;4;
?;?;?;?;?;?;6;5;3;4;8;0;1;1;1;1;1;2;7;6;5;3;4;8;0;1;1;1;1;1;1;1;1;1;1;1;2;7;6;5;3;3;3;3;3;3;3;3;3;3;
?;?;?;?;?;?;3;3;3;3;3;3;3;3;3;3;3;4;8;0;1;1;1;1;1;1;1;1;1;1;1;1;1;1;1;2;7;6;5;3;3;4;8;0;1;1;1;1;1;2;
?;?;?;?;?;?;6;5;3;3;4;8;0;1;1;2;7;6;5;3;3;4;8;2;7;6;5;4;8;0;1;1;1;1;1;1;1;2;7;6;5;3;3;3;3;3;3;3;3;3;
?;?;?;?;?;?;1;1;1;1;1;1;1;1;1;1;2;7;6;5;3;3;3;3;3;3;3;4;8;0;1;1;1;2;7;6;5;3;3;3;3;3;4;8;0;1;1;1;1;1;
?;?;?;?;?;?;7;6;5;3;4;8;0;1;1;2;7;6;5;3;3;3;4;8;2;7;6;5;3;3;3;3;3;4;8;0;1;1;1;1;1;1;1;1;2;7;4;8;0;1;
?;?;?;?;?;?;7;6;5;3;4;8;0;1;1;1;2;7;6;5;3;3;4;8;2;7;6;5;3;4;8;0;1;1;1;1;1;2;7;6;5;3;3;3;3;3;3;3;3;3;
?;?;?;?;?;?;0;2;7;6;5;3;3;3;3;3;4;8;0;1;1;1;1;1;1;1;2;7;6;5;3;3;3;3;4;8;0;1;1;1;1;1;1;1;2;7;6;5;3;3;
?;?;?;?;?;?;7;6;5;3;3;4;8;0;1;1;1;1;1;1;1;1;1;2;7;6;5;3;3;3;3;4;8;0;1;2;7;6;5;3;3;3;3;3;3;3;3;3;3;3;
?;?;?;?;?;?;7;6;5;4;8;0;1;1;1;1;1;2;7;6;5;3;3;3;3;3;3;3;3;4;8;0;1;1;1;1;2;7;6;5;3;3;3;3;3;4;8;0;1;1;
?;?;?;?;?;?;8;0;1;1;2;7;6;5;3;3;4;8;0;1;1;1;1;1;1;1;1;1;1;2;7;6;5;3;3;3;3;4;8;0;1;1;1;1;1;1;1;1;1;1;
?;?;?;?;?;?;7;6;5;3;3;3;3;3;3;3;3;3;3;3;3;3;4;8;0;1;1;1;1;1;2;7;6;5;3;3;4;8;0;1;1;1;1;1;1;1;1;1;1;1;
?;?;?;?;?;?;7;6;5;3;3;4;8;2;7;6;5;3;3;4;8;0;1;1;2;7;6;5;3;3;4;8;0;1;1;1;1;1;1;1;1;1;1;1;2;7;6;5;3;3;
?;?;?;?;?;?;8;0;2;7;6;5;3;3;3;4;8;0;2;7;6;5;3;3;3;3;4;8;0;1;1;1;1;1;1;1;2;7;6;5;3;3;3;3;3;3;3;3;3;3;
?;?;?;?;?;?;8;0;1;1;1;1;2;4;8;0;1;1;1;2;7;6;5;3;3;3;3;4;8;0;1;1;1;2;7;6;5;3;3;3;3;3;3;4;8;0;1;1;1;1;
?;?;?;?;?;?;0;1;1;1;2;7;6;5;3;3;3;4;8;0;1;1;1;1;1;1;1;2;7;6;5;3;3;3;3;3;3;3;3;3;3;4;8;0;1;1;1;1;1;1;
?;?;?;?;?;?;4;8;0;1;1;1;1;1;1;1;1;1;2;7;6;5;3;3;3;3;3;4;8;0;1;1;1;1;1;1;1;2;7;6;5;3;3;3;3;3;3;3;3;3;
?;?;?;?;?;?;5;3;4;8;0;1;1;1;1;1;2;7;6;5;3;4;8;0;1;1;1;1;1;1;1;2;7;6;5;3;3;3;3;3;3;3;3;3;3;3;3;3;4;8;
?;?;?;?;?;?;0;1;1;2;7;6;5;3;3;3;4;8;0;1;1;1;1;2;7;6;5;3;3;3;3;3;4;8;0;1;1;1;1;1;2;7;6;5;4;8;0;1;1;1;
?;?;?;?;?;?;1;1;1;1;1;2;7;6;4;8;0;1;1;2;7;6;5;3;3;3;3;3;3;3;3;3;3;3;3;3;3;3;3;4;8;0;1;1;1;1;1;1;1;1;
?;?;?;?;?;?;7;6;5;3;4;8;0;1;1;1;1;2;4;8;0;1;1;1;1;1;2;7;6;4;8;0;1;1;1;2;7;6;5;3;3;3;3;3;3;3;3;3;3;4;
?;?;?;?;?;?;1;1;1;1;1;1;1;2;7;6;5;3;3;3;3;3;3;3;3;3;3;3;3;3;3;3;3;3;3;3;3;4;8;0;1;1;1;1;1;2;7;6;5;3;
?;?;?;?;?;?;0;1;1;2;7;6;5;3;3;3;3;4;8;0;2;7;6;4;8;0;1;1;1;1;1;1;1;1;1;1;1;1;1;2;7;6;5;3;3;4;8;0;1;1;
?;?;?;?;?;?;8;0;1;1;1;1;1;1;1;1;1;1;1;2;7;6;5;3;3;3;3;3;3;3;3;3;3;3;3;4;8;0;1;1;1;1;2;7;6;5;3;3;4;8;
?;?;?;?;?;?;7;6;5;4;8;0;1;1;1;1;1;2;4;8;0;1;1;1;2;7;6;5;3;3;3;3;4;8;0;1;2;7;6;5;3;3;3;3;3;3;3;3;3;3;
?;?;?;?;?;?;7;6;5;3;3;4;8;0;1;1;1;2;7;6;5;3;4;8;0;1;2;7;6;5;3;3;3;3;3;3;3;3;4;8;0;1;1;1;1;1;1;1;1;1;
?;?;?;?;?;?;7;6;5;3;4;8;0;2;7;6;5;3;3;3;4;8;0;1;1;1;1;1;1;1;1;1;1;1;1;2;7;6;5;3;3;3;3;3;3;3;4;8;0;1;
?;?;?;?;?;?;2;7;6;4;8;0;1;1;1;1;2;7;6;5;3;3;4;8;0;2;7;6;5;3;3;3;3;3;4;8;0;1;1;2;7;6;5;3;3;3;3;4;8;0;
?;?;?;?;?;?;6;5;3;3;4;8;0;1;2;7;6;5;3;3;4;8;0;1;1;1;1;1;1;1;1;1;1;1;1;2;7;6;5;3;3;3;4;8;0;1;1;1;1;1;
?;?;?;?;?;?;7;6;5;3;3;3;3;3;3;4;8;0;1;1;1;1;1;1;1;2;7;6;5;3;3;4;8;0;1;1;1;1;2;7;6;5;3;3;3;3;3;3;3;3;
?;?;?;?;?;?;2;7;6;4;8;0;1;1;2;7;6;5;3;3;3;3;3;3;4;8;0;1;1;1;1;1;2;7;6;5;3;3;3;3;3;3;4;8;0;1;1;1;2;7;
?;?;?;?;?;?;0;1;1;1;1;1;2;7;6;5;3;3;3;3;3;3;3;3;3;3;3;3;3;3;4;8;0;1;1;2;7;6;5;3;3;3;3;3;3;3;3;3;3;3;
?;?;?;?;?;?;7;6;5;3;3;3;3;4;8;0;1;1;1;1;1;1;2;7;6;5;3;3;3;3;3;3;3;3;3;3;3;3;4;8;0;1;1;1;1;1;1;1;1;1;
?;?;?;?;?;?;6;5;3;4;8;0;1;1;1;2;7;6;5;3;3;4;8;0;1;1;2;7;6;5;3;3;3;4;8;0;1;1;1;1;1;1;2;7;6;5;4;8;0;1;
?;?;?;?;?;?;0;1;1;1;2;7;6;5;3;3;3;3;3;3;3;3;4;8;0;1;1;1;1;1;2;7;6;5;4;8;0;1;1;1;1;1;2;7;6;5;3;3;3;3;
?;?;?;?;?;?;6;5;3;4;8;0;1;1;1;1;2;7;6;5;3;3;3;3;3;3;3;3;3;3;3;4;8;0;1;1;1;1;1;1;1;2;7;6;5;3;3;3;3;4;
?;?;?;?;?;?;8;0;2;7;6;5;3;3;4;8;0;1;1;1;1;2;7;6;5;3;4;8;0;1;1;1;1;1;2;7;6;5;3;3;3;3;4;8;0;1;1;1;1;1;
?;?;?;?;?;?;8;0;1;1;1;2;7;4;8;0;1;1;1;1;1;1;2;7;6;5;3;3;3;3;3;3;3;3;3;3;3;4;8;0;1;1;1;1;2;7;6;5;3;3;
?;?;?;?;?;?;3;3;3;3;3;3;3;4;8;0;1;1;1;1;1;2;7;6;5;3;3;3;4;8;0;1;1;1;1;1;1;2;7;6;5;3;3;3;3;3;3;3;3;3;
?;?;?;?;?;?;1;1;1;1;1;1;1;1;2;7;6;5;3;3;3;3;3;3;3;4;2;7;6;5;3;3;3;3;3;3;3;3;3;3;3;3;3;3;3;3;3;3;4;8;
?;?;?;?;?;?;6;5;3;3;4;8;0;1;1;1;1;1;2;7;6;5;3;3;3;3;3;4;8;0;1;1;1;1;1;1;1;1;1;1;1;1;1;1;1;1;1;1;1;2;
?;?;?;?;?;?;6;5;3;3;4;8;0;1;1;1;1;2;7;6;5;3;3;3;3;3;3;4;8;0;1;1;2;7;6;5;3;3;4;8;0;1;1;1;1;1;2;7;6;5;
?;?;?;?;?;?;8;0;2;7;6;5;3;3;4;8;0;1;1;1;1;1;1;1;1;1;1;1;2;7;6;5;3;3;3;3;4;8;0;1;1;1;1;1;1;1;1;1;1;1;
?;?;?;?;?;?;8;0;1;1;1;1;2;7;6;5;3;3;3;3;3;3;3;4;8;0;1;1;1;1;1;2;7;6;5;3;4;8;0;1;1;1;1;1;1;1;1;1;1;1;
?;?;?;?;?;?;6;5;3;3;3;4;8;0;1;1;1;2;7;6;5;4;8;0;1;1;1;1;1;1;1;1;1;1;1;1;1;1;1;1;1;1;2;7;6;5;3;3;3;4;
?;?;?;?;?;?;0;1;1;1;2;7;6;5;3;3;4;8;0;1;1;2;7;6;5;3;3;4;8;0;1;1;1;2;7;6;5;3;3;3;3;4;8;0;1;1;1;1;1;2;
?;?;?;?;?;?;6;5;4;8;0;1;1;1;1;1;2;7;6;5;3;3;3;3;3;3;3;3;3;3;3;4;8;0;1;1;1;1;1;1;1;1;1;1;2;7;6;5;3;3;
?;?;?;?;?;?;3;3;3;3;3;4;8;0;1;1;1;1;1;1;2;7;6;5;3;3;3;4;8;0;1;1;1;1;1;1;1;1;2;7;6;5;3;3;3;4;8;0;1;1;
?;?;?;?;?;?;6;5;3;3;4;8;0;1;1;1;1;1;1;1;1;1;1;1;1;1;2;7;6;5;3;3;3;3;3;3;3;3;3;3;3;3;3;3;3;3;3;3;3;3;
?;?;?;?;?;?;8;0;1;2;7;6;5;3;3;3;4;8;0;1;1;1;2;7;6;5;3;4;8;0;1;1;2;7;6;5;3;4;8;0;1;1;1;1;1;1;1;1;1;1;
?;?;?;?;?;?;8;0;1;2;7;6;5;3;4;8;0;1;1;1;1;2;7;6;5;3;4;8;0;1;1;1;1;1;1;1;1;1;1;2;7;6;5;3;3;3;4;8;0;1;
?;?;?;?;?;?;5;3;4;8;0;2;7;6;5;3;3;3;3;3;4;8;0;1;1;1;1;1;1;1;1;1;1;1;1;2;7;6;5;3;3;3;3;3;3;3;3;3;3;3;
?;?;?;?;?;?;6;5;3;3;3;3;3;3;3;3;3;3;3;4;8;0;1;1;1;1;1;1;1;1;1;1;1;1;1;1;1;1;1;1;1;1;1;2;7;6;5;3;4;8;
?;?;?;?;?;?;7;6;5;3;3;3;3;3;3;3;3;3;3;3;3;4;8;0;1;1;1;2;7;6;5;3;4;8;0;1;2;7;6;5;4;8;0;1;1;1;1;1;1;1;
?;?;?;?;?;?;8;0;1;2;7;6;5;3;3;3;3;3;3;3;3;3;3;3;3;3;3;4;8;0;1;1;1;1;1;1;1;1;1;1;1;1;1;1;1;1;1;1;1;1;
?;?;?;?;?;?;6;5;3;3;4;8;0;1;1;1;1;2;7;6;5;3;3;3;4;8;0;1;1;1;1;2;7;6;5;3;3;3;3;3;3;3;3;3;3;3;3;4;8;0;
?;?;?;?;?;?;8;0;1;1;2;7;6;5;3;3;3;4;8;0;2;7;6;5;4;8;0;1;1;1;1;1;1;1;1;1;1;1;1;1;2;7;6;5;3;3;3;3;3;3;
?;?;?;?;?;?;8;0;1;2;7;6;5;3;4;8;0;1;1;1;1;1;1;1;1;1;1;1;1;1;2;7;6;5;3;3;4;8;2;7;6;5;3;3;3;4;8;0;1;1;
?;?;?;?;?;?;5;3;3;3;3;4;8;2;7;6;5;3;3;3;3;3;3;4;8;0;1;1;1;1;1;1;1;1;1;1;1;1;1;1;1;1;1;1;1;1;1;1;2;7;
?;?;?;?;?;?;4;8;0;1;1;2;4;8;0;1;1;1;1;1;2;7;6;5;3;4;8;0;1;1;1;1;1;1;1;1;1;1;1;2;7;6;5;3;3;3;3;3;4;8;
?;?;?;?;?;?;6;5;4;8;0;1;1;1;2;7;6;5;3;3;4;8;0;1;1;1;1;1;1;2;7;6;5;3;3;3;3;3;3;3;3;4;8;0;1;1;1;1;1;1;
?;?;?;?;?;?;3;3;3;3;3;3;4;8;0;1;1;1;1;1;2;7;6;5;3;3;3;3;3;3;4;8;0;1;1;1;1;1;1;1;1;1;1;1;1;1;1;1;1;1;
?;?;?;?;?;?;0;1;1;2;7;6;5;3;3;4;8;0;1;1;1;1;1;1;1;1;1;1;1;2;7;6;5;3;3;3;3;3;3;3;3;3;3;4;8;0;1;1;1;1;
?;?;?;?;?;?;7;6;5;3;4;8;0;1;2;7;6;5;3;3;4;8;0;1;1;1;1;1;1;1;1;1;1;1;1;1;1;2;7;6;5;3;3;3;3;3;3;3;3;3;
?;?;?;?;?;?;8;0;2;7;6;5;3;3;3;3;3;3;3;3;3;3;3;3;3;3;3;3;3;4;8;0;1;1;1;1;1;1;1;1;1;2;7;6;4;8;0;1;1;2;
?;?;?;?;?;?;8;0;1;1;2;7;6;5;3;3;3;3;3;3;3;3;4;8;0;1;1;1;1;1;1;2;7;6;5;3;4;8;0;1;1;1;1;1;1;2;7;6;5;3;
?;?;?;?;?;?;6;5;3;3;4;8;0;1;1;1;2;7;6;5;3;3;3;3;3;3;4;8;0;1;1;1;1;1;1;1;1;1;1;1;1;1;1;1;1;1;1;1;1;2;
?;?;?;?;?;?;8;0;1;1;2;7;6;4;8;0;1;1;1;1;2;7;6;5;3;3;3;4;8;0;1;1;1;1;1;2;7;6;5;3;3;3;3;4;8;0;1;1;1;1;
?;?;?;?;?;?;7;6;5;3;4;8;0;1;1;1;1;1;1;1;1;1;1;1;2;7;6;5;3;3;3;3;3;3;3;3;3;3;3;3;3;3;3;3;3;4;8;0;1;1;
?;?;?;?;?;?;8;0;1;1;1;2;4;8;0;1;1;1;1;2;7;6;5;3;3;3;3;4;8;0;1;1;1;1;1;2;7;6;5;3;3;3;3;3;3;3;3;3;3;3;
?;?;?;?;?;?;7;6;5;3;4;8;0;1;1;1;2;7;6;4;8;0;1;1;1;1;2;7;6;5;3;3;3;3;3;3;3;3;3;3;4;8;0;1;2;7;6;5;3;3;
?;?;?;?;?;?;8;0;1;2;7;6;5;3;3;3;3;4;2;7;6;5;3;3;3;4;8;0;1;1;1;1;1;1;1;1;1;1;1;1;1;1;1;1;1;1;2;7;6;5;
?;?;?;?;?;?;8;0;2;7;6;5;3;3;3;3;3;3;3;3;3;3;3;3;3;3;3;4;8;0;1;1;1;1;1;1;1;1;1;1;1;1;1;1;1;1;1;1;1;1;
?;?;?;?;?;?;3;3;3;4;8;0;1;1;1;1;1;1;2;7;6;5;3;4;8;0;1;1;1;1;1;1;1;1;1;2;7;6;5;3;3;3;3;4;8;0;1;1;1;1;
?;?;?;?;?;?;1;1;1;1;1;1;1;1;1;1;1;1;2;7;6;5;3;3;3;3;3;3;3;3;3;4;8;0;1;1;1;1;1;1;2;7;6;5;3;3;3;3;3;3;
?;?;?;?;?;?;6;5;3;3;3;3;4;8;0;1;1;2;7;6;5;3;3;3;3;3;3;4;8;0;1;1;1;1;1;1;1;1;1;2;7;6;5;3;3;3;3;3;3;3;
?;?;?;?;?;?;0;1;1;1;2;7;6;5;3;3;3;3;3;3;3;3;3;3;3;4;8;0;1;1;1;2;7;6;5;4;8;0;1;1;1;1;1;1;2;7;6;5;3;3;
?;?;?;?;?;?;8;0;1;1;2;7;6;5;3;3;4;8;0;1;2;7;6;5;4;8;0;1;1;1;1;1;1;1;1;1;1;1;1;1;2;7;6;5;3;3;3;4;8;0;
?;?;?;?;?;?;8;0;1;1;2;7;6;5;3;3;3;3;4;8;0;1;1;1;1;1;1;1;1;2;7;6;4;8;0;1;1;1;1;1;2;7;6;5;3;3;3;4;8;0;
?;?;?;?;?;?;7;6;5;3;4;8;0;1;1;2;7;6;5;3;4;8;0;1;2;7;6;5;3;3;3;4;8;0;1;1;2;7;6;5;3;3;3;3;3;4;8;0;1;1;
?;?;?;?;?;?;8;0;1;1;2;7;6;5;3;3;4;8;0;1;1;1;1;1;1;1;1;1;1;1;1;2;7;6;5;3;3;3;3;3;3;3;3;3;3;4;8;0;1;1;
?;?;?;?;?;?;1;1;2;7;6;5;3;3;3;4;8;0;1;1;1;1;1;2;7;6;4;8;0;1;1;1;1;1;2;7;6;5;3;3;3;3;3;4;8;0;1;1;1;1;
?;?;?;?;?;?;7;6;5;3;4;8;0;1;1;2;7;6;5;3;3;3;3;3;4;2;7;6;4;8;0;1;1;1;1;1;1;1;1;1;1;1;1;1;2;7;6;5;3;3;
?;?;?;?;?;?;7;6;5;3;4;8;0;1;1;2;7;6;5;3;3;3;4;8;2;7;6;5;3;3;4;8;0;1;1;1;1;1;1;1;1;1;1;1;2;7;6;5;3;3;
?;?;?;?;?;?;0;1;1;1;2;7;6;5;3;4;8;0;1;1;1;1;1;1;1;1;2;7;6;5;3;3;3;3;3;3;3;4;8;0;1;2;7;6;5;3;4;8;0;1;
?;?;?;?;?;?;7;6;5;3;4;8;0;1;1;1;1;2;7;6;5;3;3;3;3;3;3;3;3;3;3;4;8;0;1;1;1;2;7;6;5;3;3;3;4;8;0;1;1;1;
?;?;?;?;?;?;7;6;5;4;8;0;1;1;1;2;7;6;5;3;3;4;8;0;1;1;1;2;7;6;5;3;3;3;3;3;3;3;3;3;3;3;4;8;0;1;1;1;1;1;
?;?;?;?;?;?;7;6;5;3;3;3;3;3;3;3;3;3;4;8;0;1;1;1;2;7;6;5;3;3;4;8;0;1;1;1;1;1;1;1;1;1;1;1;1;1;1;1;1;1;
?;?;?;?;?;?;4;8;0;1;1;1;1;1;1;2;7;6;5;3;3;3;3;4;8;0;1;1;1;2;7;6;5;3;3;3;3;3;3;4;8;0;1;1;1;1;1;1;1;2;
?;?;?;?;?;?;8;0;1;2;7;6;5;3;3;3;4;8;0;1;1;1;1;1;1;1;1;1;1;1;1;1;1;1;1;2;7;6;5;3;3;3;3;4;8;0;1;1;1;1;
?;?;?;?;?;?;6;5;3;3;4;8;0;1;1;1;2;7;6;4;8;0;1;1;1;1;2;7;4;8;0;1;1;1;1;1;1;1;1;1;1;1;1;1;1;1;2;7;6;5;
?;?;?;?;?;?;0;1;1;1;2;7;6;5;3;3;4;8;0;1;2;7;6;5;3;3;3;3;3;3;3;3;3;3;3;3;4;8;0;1;1;2;7;6;5;3;3;3;3;3;
?;?;?;?;?;?;8;0;1;1;2;7;6;5;3;4;8;0;1;2;7;6;5;3;4;8;0;1;1;1;1;1;2;7;6;5;3;3;3;3;3;3;3;3;3;3;3;3;4;8;
?;?;?;?;?;?;8;0;1;1;2;7;6;5;4;8;0;1;1;2;7;6;5;3;3;3;3;3;4;8;0;1;1;1;1;1;1;1;1;1;1;2;7;6;5;3;3;3;3;3;
?;?;?;?;?;?;7;6;5;4;8;0;1;2;7;6;5;3;3;4;8;0;1;1;1;1;2;7;6;5;3;3;3;3;4;8;0;1;1;1;1;1;1;1;1;1;1;1;1;2;
?;?;?;?;?;?;4;8;0;2;4;8;0;1;1;1;2;7;6;5;3;3;3;3;4;8;0;1;1;1;1;2;4;8;0;1;1;1;1;1;1;1;2;7;6;5;3;3;3;4;
?;?;?;?;?;?;6;5;3;3;3;3;4;8;2;7;6;5;3;3;4;8;0;1;1;1;1;1;1;1;1;1;1;1;1;1;1;1;1;1;1;1;1;1;1;1;1;2;7;6;
?;?;?;?;?;?;8;0;1;2;7;6;5;3;3;4;8;0;1;1;1;1;1;1;1;1;1;1;1;2;7;6;5;3;3;3;4;8;0;1;1;1;1;1;1;1;1;1;2;7;
?;?;?;?;?;?;4;8;0;1;1;1;1;1;1;2;7;6;5;3;3;3;3;3;3;3;3;3;3;4;8;0;1;1;1;1;1;1;1;1;2;7;6;5;3;3;4;8;0;1;
?;?;?;?;?;?;8;0;1;1;2;7;6;5;4;8;0;1;1;1;1;1;1;1;1;1;1;1;1;2;7;6;5;3;3;3;4;8;0;1;1;2;7;6;5;3;3;3;3;3;
?;?;?;?;?;?;6;5;3;4;8;0;1;1;1;2;7;6;5;3;4;8;0;1;1;1;1;1;1;1;1;2;7;6;5;3;3;3;3;3;3;3;3;4;8;0;1;1;1;2;
?;?;?;?;?;?;0;1;1;1;2;7;6;5;3;3;3;3;4;8;0;2;7;6;5;3;3;3;3;3;4;8;0;1;1;1;1;1;1;1;2;7;6;5;3;3;3;3;3;4;
?;?;?;?;?;?;6;5;3;3;3;4;8;0;1;1;1;1;1;2;7;6;4;8;0;1;1;1;1;1;1;1;1;1;1;2;7;6;5;3;3;3;3;3;3;3;3;3;3;3;
?;?;?;?;?;?;2;4;8;0;1;1;1;1;2;7;6;5;3;3;3;4;8;0;2;7;6;5;3;4;8;0;1;1;1;1;1;1;1;1;1;2;7;6;5;3;3;3;3;3;
?;?;?;?;?;?;4;8;0;2;7;6;5;3;3;3;3;3;3;3;3;3;3;3;3;4;8;0;1;1;1;1;1;1;1;1;2;7;6;5;3;3;3;3;3;3;4;8;0;1;
?;?;?;?;?;?;8;0;1;1;2;7;6;5;4;8;0;1;1;2;7;6;5;3;3;3;4;8;0;1;1;1;1;1;1;2;7;6;5;3;3;3;4;8;0;1;1;1;1;1;
?;?;?;?;?;?;4;8;0;2;7;6;5;3;3;3;3;4;8;0;1;1;1;2;7;4;8;0;1;1;1;1;1;1;1;1;1;1;1;1;1;1;1;1;1;1;1;1;1;1;
?;?;?;?;?;?;6;5;3;3;4;8;0;1;1;1;2;7;6;5;3;3;4;8;0;2;7;6;5;4;8;0;1;1;1;1;2;7;6;5;3;4;8;0;1;1;1;1;1;1;
?;?;?;?;?;?;7;6;5;3;4;8;0;1;1;2;7;6;5;3;3;3;3;3;3;3;3;3;3;3;4;8;0;1;1;1;1;1;1;1;1;1;1;2;7;6;5;3;3;3;
?;?;?;?;?;?;7;6;5;3;3;3;3;3;3;3;3;3;3;3;4;8;0;1;1;1;2;7;6;5;3;3;3;3;3;3;3;4;8;0;1;1;1;1;1;1;1;1;2;7;
?;?;?;?;?;?;8;0;1;1;2;7;6;5;3;4;8;0;1;1;1;1;1;1;1;1;1;1;1;1;1;2;7;6;5;4;8;0;1;1;2;7;6;5;4;8;0;1;1;1;
?;?;?;?;?;?;6;5;3;3;3;3;3;3;3;3;3;4;8;0;1;1;1;1;1;2;7;6;5;3;3;4;8;0;1;1;1;1;1;1;2;7;6;5;3;3;3;3;3;3;
?;?;?;?;?;?;0;1;1;1;1;2;7;6;5;4;8;0;1;2;7;6;5;3;3;3;3;4;8;0;1;1;1;1;2;7;6;5;3;3;3;3;3;3;3;3;3;3;3;4;
?;?;?;?;?;?;5;3;3;3;3;3;3;3;3;3;3;3;3;3;3;3;4;8;0;1;1;1;1;1;1;1;1;1;1;1;1;1;1;1;1;1;1;1;1;1;1;1;1;1;
?;?;?;?;?;?;8;0;1;1;1;1;1;1;1;1;2;7;6;5;3;3;3;3;3;4;8;0;1;1;1;1;1;1;1;1;1;2;7;6;5;3;3;3;3;3;3;4;8;0;
?;?;?;?;?;?;8;0;1;1;2;7;6;5;3;3;3;3;3;3;3;3;3;4;8;0;1;1;1;1;2;7;6;5;3;4;8;0;1;1;1;1;1;1;1;1;1;1;1;1;
?;?;?;?;?;?;8;0;1;1;2;7;6;5;4;8;0;1;1;1;1;2;7;6;5;3;3;3;3;3;3;3;3;3;3;4;8;0;1;1;1;1;1;2;7;6;5;3;3;3;
?;?;?;?;?;?;8;0;1;1;2;7;6;5;3;4;8;0;1;1;1;1;1;2;7;6;5;3;3;3;3;3;3;3;4;8;0;1;1;1;1;2;7;6;5;3;3;3;3;4;
?;?;?;?;?;?;3;3;3;3;3;3;3;3;3;3;4;8;0;1;1;1;1;1;1;2;7;6;5;3;3;3;3;3;3;3;3;4;8;0;1;1;1;1;1;1;1;1;1;1;
?;?;?;?;?;?;3;3;3;3;3;3;4;8;0;1;1;1;1;1;1;1;1;1;1;1;1;1;1;1;1;1;1;1;1;1;1;2;7;6;5;3;4;8;0;1;1;1;1;1;
?;?;?;?;?;?;7;6;5;3;3;3;3;3;3;3;4;8;0;1;1;1;1;1;1;2;7;6;5;3;3;3;4;8;0;1;1;1;1;1;1;1;1;2;7;6;5;3;3;4;
?;?;?;?;?;?;0;1;2;7;6;5;3;3;3;3;4;8;0;1;2;7;6;4;8;0;1;1;1;1;2;7;6;4;8;0;1;1;1;1;1;2;7;6;5;3;4;8;0;1;
?;?;?;?;?;?;7;6;5;3;4;8;0;1;1;1;1;1;2;7;6;5;3;3;3;3;3;3;3;3;4;8;0;1;1;1;1;2;7;6;5;3;3;3;3;3;3;3;3;3;
?;?;?;?;?;?;4;8;2;7;6;5;3;4;8;0;1;1;1;1;1;1;2;7;6;5;3;3;3;3;3;3;3;3;3;4;8;0;1;1;1;1;2;7;6;5;3;3;3;3;
?;?;?;?;?;?;8;0;1;1;2;7;6;5;3;4;8;0;1;2;7;6;5;3;3;4;8;0;1;2;7;6;5;3;3;3;3;3;4;8;0;1;1;1;1;1;1;2;7;6;
?;?;?;?;?;?;7;6;5;3;3;3;4;2;7;6;5;4;8;0;1;1;1;1;2;7;6;5;3;3;4;8;0;1;1;1;1;1;1;1;2;7;6;5;3;3;3;3;4;8;
?;?;?;?;?;?;8;0;1;2;7;6;5;3;3;4;8;0;1;1;1;1;1;1;1;1;1;1;1;1;1;1;2;7;6;5;3;3;3;3;3;3;3;3;4;8;0;1;1;1;
?;?;?;?;?;?;8;0;1;2;7;6;5;3;3;4;8;0;1;1;1;1;2;7;6;5;3;3;3;4;8;0;1;1;1;1;1;1;1;1;1;2;7;6;5;3;3;3;3;3;
?;?;?;?;?;?;8;0;1;2;7;6;5;3;4;8;0;1;1;2;7;6;5;3;3;3;4;8;0;1;1;1;1;1;1;2;7;6;5;3;3;3;3;3;4;8;0;1;1;1;
?;?;?;?;?;?;0;1;1;1;1;1;1;1;1;1;1;1;1;1;2;7;6;5;3;3;3;3;3;3;3;3;3;3;3;3;3;3;3;3;3;3;3;3;3;3;3;3;3;3;