?;?;?;?;?;?;?;1;1;1;2;8;7;6;0;5;4;1;1;1;1;1;2;8;7;6;3;3;3;0;5;4;1;1;1;1;2;8;7;6;3;3;3;3;3;3;3;3;3;0;
?;?;?;?;?;?;?;6;3;3;0;5;4;1;1;1;1;1;2;8;7;6;3;3;3;3;3;3;0;5;4;1;1;1;1;1;2;8;7;6;3;0;5;4;1;1;1;2;8;7;
?;?;?;?;?;?;?;7;6;3;3;0;5;2;8;7;6;3;3;3;3;0;5;4;1;1;1;1;2;8;7;6;0;5;4;1;1;1;1;1;2;8;7;6;3;3;3;3;0;5;
?;?;?;?;?;?;?;2;8;7;6;3;3;3;0;5;4;1;1;1;2;8;7;6;3;3;3;3;0;5;4;1;1;1;1;1;1;2;8;7;6;3;3;0;5;4;1;1;1;1;
?;?;?;?;?;?;?;7;6;0;5;4;1;1;2;8;7;6;3;3;3;3;3;0;5;4;1;1;1;1;2;8;7;6;3;3;3;3;3;0;5;4;1;1;1;1;1;1;1;2;
?;?;?;?;?;?;?;6;3;0;5;4;1;1;1;2;8;7;6;3;3;0;5;4;1;1;1;1;1;1;1;1;1;1;2;8;7;6;3;3;3;3;0;5;4;1;2;8;7;6;
?;?;?;?;?;?;?;4;1;1;2;8;7;6;3;3;0;5;4;1;1;2;8;7;6;3;0;5;4;1;1;1;1;1;1;1;1;1;1;1;2;8;7;6;3;3;0;5;4;1;
?;?;?;?;?;?;?;7;6;3;0;5;4;1;1;2;8;7;6;3;0;5;4;1;1;2;8;7;6;3;3;3;3;0;5;4;1;1;1;1;1;1;1;1;1;2;8;7;6;3;
?;?;?;?;?;?;?;7;6;0;5;4;2;8;7;6;3;3;0;5;4;1;1;1;1;2;8;7;6;3;3;0;5;4;1;1;1;1;1;2;8;7;6;3;3;3;0;5;4;1;
?;?;?;?;?;?;?;3;3;3;0;5;4;1;1;1;1;1;1;2;8;7;6;3;3;3;3;3;3;0;5;4;1;1;1;1;1;1;1;1;1;1;1;2;8;7;6;3;0;5;
?;?;?;?;?;?;?;7;6;0;5;4;1;1;1;1;2;8;7;6;3;3;3;0;2;8;7;0;5;4;1;1;1;2;8;7;6;3;3;3;3;0;5;4;1;1;1;2;8;7;
?;?;?;?;?;?;?;7;6;3;0;5;4;1;2;8;7;6;3;3;0;5;4;1;1;1;1;1;2;8;7;6;3;3;3;3;3;3;3;3;3;3;3;3;3;3;3;3;3;3;
?;?;?;?;?;?;?;1;1;1;2;8;7;6;3;3;3;3;3;0;5;4;1;1;1;2;8;7;6;3;3;3;0;5;4;1;1;1;1;1;1;1;1;1;1;1;1;1;2;8;
?;?;?;?;?;?;?;7;6;3;0;5;4;1;1;2;8;7;6;3;3;0;5;4;1;2;8;7;6;3;0;5;4;1;1;1;2;8;7;6;3;3;0;2;8;7;6;3;3;3;
?;?;?;?;?;?;?;4;1;1;2;8;7;6;0;5;4;2;8;7;6;3;3;3;3;3;0;5;4;1;1;1;1;2;8;7;6;0;5;4;1;1;1;1;1;1;1;1;1;1;
?;?;?;?;?;?;?;6;3;0;5;4;1;1;1;1;1;1;1;1;2;8;7;6;3;3;3;3;3;0;5;4;1;1;1;1;1;1;1;1;1;1;1;1;2;8;7;6;3;3;
?;?;?;?;?;?;?;3;3;3;3;3;0;5;4;1;1;1;1;2;8;7;6;3;3;3;3;3;0;5;4;1;1;1;1;1;1;1;1;1;2;8;7;6;3;3;3;0;5;4;
?;?;?;?;?;?;?;4;1;1;2;8;7;6;3;3;0;5;4;1;1;1;1;1;1;1;1;1;1;2;8;7;6;3;3;3;3;3;0;5;4;1;1;1;1;1;1;1;1;1;
?;?;?;?;?;?;?;6;3;0;5;4;1;1;1;2;8;7;6;3;3;0;5;4;1;1;1;1;2;8;7;6;3;3;3;3;3;0;5;4;1;1;1;2;8;7;6;3;3;3;
?;?;?;?;?;?;?;1;1;1;2;8;7;0;5;4;1;1;1;2;8;7;6;3;3;3;3;3;3;3;3;0;5;4;1;1;1;1;1;1;1;1;1;1;1;1;1;1;1;1;
?;?;?;?;?;?;?;4;1;2;8;7;6;3;3;3;0;5;4;1;2;8;7;6;3;3;3;3;3;0;5;4;1;1;1;1;1;1;1;1;1;1;1;1;1;1;1;1;2;8;
?;?;?;?;?;?;?;7;6;3;0;5;4;1;1;2;8;7;6;3;0;5;4;1;1;1;2;8;7;6;3;3;3;3;3;3;3;3;0;5;4;1;1;1;1;1;2;8;7;6;
?;?;?;?;?;?;?;1;1;1;1;1;1;2;8;7;6;3;3;3;3;3;3;3;3;3;3;3;3;3;3;3;0;5;4;1;1;1;1;1;1;1;1;1;1;1;1;1;1;1;
?;?;?;?;?;?;?;7;6;3;0;5;4;1;2;8;7;6;3;3;3;0;5;4;1;1;1;1;1;1;1;1;2;8;7;6;3;3;3;3;3;0;5;4;1;1;1;1;1;2;
?;?;?;?;?;?;?;6;3;3;0;5;4;1;1;1;1;1;2;8;0;5;4;2;8;7;6;3;3;3;0;5;4;1;1;2;8;7;6;3;3;3;3;0;5;4;1;1;1;1;
?;?;?;?;?;?;?;0;5;4;1;1;1;1;2;8;7;0;5;4;1;1;1;1;1;2;8;7;6;3;3;3;3;3;3;3;3;3;3;3;3;3;0;5;4;1;1;1;1;1;
?;?;?;?;?;?;?;3;0;5;4;1;1;1;1;1;2;8;7;6;3;3;3;3;3;3;3;3;3;3;3;0;5;4;1;1;1;1;1;1;1;1;1;1;1;1;1;1;1;2;
?;?;?;?;?;?;?;3;3;0;5;4;1;1;1;1;2;8;7;6;3;3;3;3;3;3;3;0;5;4;1;1;1;1;1;1;1;2;8;7;6;3;3;0;5;4;1;1;1;1;
?;?;?;?;?;?;?;6;3;3;0;5;2;8;7;6;3;3;0;5;4;1;1;1;1;1;2;8;7;6;3;0;5;4;1;1;1;1;1;1;1;1;1;1;1;1;1;1;1;1;
?;?;?;?;?;?;?;4;1;1;2;8;7;6;3;0;5;4;1;2;8;7;6;3;3;0;5;4;1;1;1;1;2;8;7;6;3;3;3;3;3;3;3;3;3;3;3;3;3;3;
?;?;?;?;?;?;?;1;1;1;1;1;1;1;1;1;1;1;1;1;1;1;1;1;2;8;7;6;3;3;3;3;3;3;3;3;3;3;3;0;5;4;1;1;1;1;2;8;7;6;
?;?;?;?;?;?;?;3;0;5;4;1;1;1;1;1;1;1;1;2;8;7;6;3;3;3;3;3;3;3;3;3;0;5;4;1;1;1;1;2;8;7;6;3;3;3;3;3;3;3;
?;?;?;?;?;?;?;2;8;7;6;3;3;3;0;5;4;1;1;2;8;7;6;3;3;3;3;0;5;4;1;1;1;1;1;1;1;1;1;2;8;7;6;3;0;5;4;1;1;2;
?;?;?;?;?;?;?;7;6;0;5;4;1;1;1;1;1;2;8;7;6;3;3;3;3;3;3;3;3;3;3;3;0;5;4;1;1;1;1;1;1;1;1;1;1;2;8;7;6;3;
?;?;?;?;?;?;?;3;3;3;0;5;2;8;7;6;3;3;3;3;0;5;4;1;1;1;1;1;1;1;2;8;7;6;3;3;3;0;5;4;1;1;1;1;1;1;1;2;8;7;
?;?;?;?;?;?;?;6;3;0;5;4;2;8;7;6;3;3;0;5;4;1;1;1;1;2;8;7;6;3;3;0;5;4;1;1;1;1;2;8;7;6;3;3;3;0;5;4;1;1;
?;?;?;?;?;?;?;8;7;6;3;3;3;3;3;3;3;3;3;3;0;5;4;1;2;8;7;6;3;0;5;4;1;1;1;1;1;1;1;2;8;7;6;3;3;3;3;3;3;0;
?;?;?;?;?;?;?;0;5;4;1;1;1;1;1;1;2;8;7;6;3;0;5;4;1;1;1;1;2;8;7;6;3;3;3;3;3;3;3;3;3;3;3;3;3;3;3;3;3;3;
?;?;?;?;?;?;?;4;1;2;8;7;6;0;5;4;1;1;1;1;2;8;7;6;3;3;3;3;3;3;3;3;0;5;4;1;1;1;1;1;1;1;1;1;2;8;7;6;3;3;
?;?;?;?;?;?;?;4;1;1;2;8;7;6;3;3;0;5;4;1;1;1;1;1;1;1;1;1;2;8;7;6;3;3;3;0;5;4;1;1;1;2;8;7;6;0;5;4;1;1;
?;?;?;?;?;?;?;4;1;2;8;7;6;3;3;3;0;5;4;1;1;1;1;1;1;1;1;1;2;8;7;6;3;0;5;4;1;1;1;1;1;1;1;1;1;1;1;1;1;2;
?;?;?;?;?;?;?;8;7;0;5;4;1;1;1;1;1;1;1;1;1;1;2;8;7;6;3;3;3;3;3;3;3;3;3;3;3;3;3;3;3;3;3;3;3;3;3;3;3;3;
?;?;?;?;?;?;?;4;1;2;8;7;6;3;3;0;5;4;1;1;1;2;8;7;6;3;3;0;5;4;1;2;8;7;6;3;3;3;0;5;4;1;1;1;1;1;1;2;8;7;
?;?;?;?;?;?;?;7;6;3;0;5;4;1;1;2;8;7;6;3;3;3;3;3;3;3;3;3;0;5;4;1;1;1;1;1;1;1;1;1;1;1;1;1;1;1;1;1;1;1;
?;?;?;?;?;?;?;1;1;1;1;1;1;1;1;2;8;7;6;3;3;3;3;0;5;4;1;1;1;1;2;8;7;6;3;3;3;3;3;3;3;0;5;4;2;8;7;6;3;3;
?;?;?;?;?;?;?;6;3;3;0;5;4;1;1;1;1;1;1;1;1;1;1;2;8;7;6;3;3;3;3;3;3;3;0;5;4;1;1;1;1;1;1;1;1;2;8;7;6;3;
?;?;?;?;?;?;?;1;1;1;1;1;1;1;1;1;1;2;8;7;6;3;3;3;3;3;3;3;3;3;3;3;3;3;3;3;3;3;3;3;3;3;3;0;5;4;1;1;1;1;
?;?;?;?;?;?;?;4;1;1;1;2;8;7;6;3;3;3;3;0;5;4;1;1;1;1;1;1;1;1;1;1;1;2;8;7;6;3;3;3;3;3;3;3;0;5;4;1;1;1;
?;?;?;?;?;?;?;1;1;1;1;2;8;7;6;3;3;3;3;3;3;3;3;3;0;5;4;1;1;1;1;1;2;8;7;6;0;5;4;1;2;8;7;6;3;3;3;3;3;3;
?;?;?;?;?;?;?;1;1;1;2;8;7;6;3;3;3;3;3;3;3;3;3;3;0;5;4;1;1;1;1;2;8;7;6;3;3;3;3;3;3;3;3;0;5;4;1;1;1;1;
?;?;?;?;?;?;?;3;3;3;3;3;3;3;3;3;3;3;3;3;3;0;5;4;1;1;1;1;2;8;7;6;3;3;0;5;4;1;1;1;1;1;1;1;1;1;1;1;1;1;
?;?;?;?;?;?;?;4;1;1;2;8;7;6;3;0;5;4;1;1;1;2;8;7;6;3;3;3;3;3;3;3;3;3;3;0;5;4;1;1;1;2;8;7;6;3;3;3;3;3;
?;?;?;?;?;?;?;7;6;0;5;4;1;1;1;1;2;8;0;5;4;1;1;1;2;8;7;6;3;3;3;3;3;3;3;3;3;0;5;4;1;1;1;1;1;2;8;7;6;0;
?;?;?;?;?;?;?;6;3;3;0;5;4;1;1;1;1;2;8;7;6;3;3;3;3;3;3;3;0;5;4;1;1;1;1;1;1;1;1;1;2;8;7;6;3;3;3;3;3;3;
?;?;?;?;?;?;?;6;3;3;0;5;4;1;1;1;2;8;7;6;0;5;4;1;1;1;1;2;8;7;0;5;4;1;1;1;1;1;2;8;7;6;3;3;3;3;3;3;3;3;
?;?;?;?;?;?;?;6;3;3;3;3;3;3;3;3;0;5;4;1;1;1;1;1;1;1;1;1;1;1;2;8;7;6;3;3;3;3;3;3;3;3;3;3;0;5;4;1;1;1;
?;?;?;?;?;?;?;1;1;2;8;7;6;3;0;5;4;1;1;1;1;1;2;8;7;6;0;5;4;1;2;8;7;6;3;3;3;3;3;3;3;3;3;3;3;3;3;3;3;3;
?;?;?;?;?;?;?;4;1;1;1;1;1;1;1;1;1;1;1;2;8;7;6;3;3;3;3;3;3;3;3;3;0;5;4;1;1;1;1;1;1;1;2;8;7;6;3;3;3;3;
?;?;?;?;?;?;?;3;3;3;3;3;3;3;3;3;3;3;3;3;3;3;3;0;5;4;1;1;1;1;1;1;1;1;1;1;1;1;1;1;1;1;1;1;1;1;1;1;1;1;
?;?;?;?;?;?;?;7;6;3;3;0;5;4;1;1;1;2;8;7;6;3;3;3;3;3;3;3;3;3;3;0;5;4;1;1;1;1;1;1;1;1;1;1;1;2;8;7;6;3;
?;?;?;?;?;?;?;0;5;4;1;1;1;2;8;7;6;3;3;3;3;3;3;3;3;3;0;5;4;1;1;1;1;1;1;1;1;2;0;5;4;1;1;1;1;2;8;7;6;3;
?;?;?;?;?;?;?;5;4;1;1;1;1;1;1;1;1;1;1;1;1;1;2;8;7;6;3;3;3;3;3;3;3;3;3;3;3;3;3;0;5;4;1;1;1;1;1;1;1;1;
?;?;?;?;?;?;?;7;6;3;0;5;4;1;1;1;2;8;7;6;3;3;3;3;3;3;3;3;3;3;0;5;4;1;1;1;1;1;1;1;1;1;1;2;8;7;6;3;3;3;
?;?;?;?;?;?;?;6;3;3;0;5;4;1;1;1;1;1;2;8;7;6;3;3;3;3;3;3;3;0;5;4;1;1;1;1;1;1;1;1;1;2;8;7;6;3;3;3;3;3;
?;?;?;?;?;?;?;6;3;3;0;5;4;1;2;8;7;6;3;3;3;3;3;3;3;3;3;3;3;0;5;4;1;1;1;1;1;1;1;1;1;1;1;1;1;1;1;1;2;8;
?;?;?;?;?;?;?;6;3;3;0;5;4;1;1;2;8;7;6;3;3;3;0;5;4;1;1;1;1;1;1;1;2;8;7;6;0;5;4;1;1;2;8;7;6;3;3;3;3;3;
?;?;?;?;?;?;?;4;1;1;2;8;7;6;3;0;5;4;1;1;1;2;8;7;6;0;5;4;1;1;1;1;2;8;7;6;3;3;3;3;3;3;0;5;4;1;1;1;1;1;
?;?;?;?;?;?;?;8;0;5;4;1;1;1;1;1;2;8;7;6;3;3;3;3;0;5;4;2;8;7;6;3;3;3;3;3;3;3;3;3;3;3;3;3;3;0;5;4;1;1;
?;?;?;?;?;?;?;3;3;0;5;4;2;8;7;6;3;0;5;4;1;1;1;1;1;1;1;1;1;1;1;1;2;8;7;6;3;3;3;3;0;5;4;1;1;1;1;1;1;1;
?;?;?;?;?;?;?;1;1;1;2;8;7;6;3;3;3;3;3;3;3;3;3;3;3;3;3;0;5;4;1;1;1;1;1;1;1;1;1;1;1;1;1;1;1;1;1;1;1;1;
?;?;?;?;?;?;?;7;6;3;0;5;4;1;1;2;8;7;6;0;5;4;1;1;1;1;2;8;7;6;3;3;3;3;3;3;3;3;3;3;3;3;3;3;3;3;3;3;3;0;
?;?;?;?;?;?;?;6;3;0;5;4;1;1;1;1;1;2;8;7;6;3;0;5;4;1;1;1;1;1;1;1;1;1;1;1;2;8;7;6;3;3;3;3;3;3;3;3;3;3;
?;?;?;?;?;?;?;3;3;3;3;3;3;3;3;3;3;0;5;4;1;1;1;1;1;1;1;1;1;1;1;1;1;1;1;2;8;7;6;3;3;0;5;4;1;1;1;1;1;2;
?;?;?;?;?;?;?;6;3;3;0;5;4;1;1;2;8;7;6;3;3;0;5;2;8;7;6;0;5;4;1;1;1;1;1;1;1;2;8;7;6;3;3;3;3;3;3;3;3;3;
?;?;?;?;?;?;?;1;1;1;1;1;1;1;1;1;2;8;7;6;3;3;3;3;3;3;3;0;5;4;1;1;1;2;8;7;6;3;3;3;3;3;0;5;4;1;1;1;1;1;
?;?;?;?;?;?;?;7;6;3;0;5;4;1;1;2;8;7;6;3;3;3;0;5;2;8;7;6;3;3;3;3;3;0;5;4;1;1;1;1;1;1;1;1;2;8;0;5;4;1;
?;?;?;?;?;?;?;7;6;3;0;5;4;1;1;1;2;8;7;6;3;3;0;5;2;8;7;6;3;0;5;4;1;1;1;1;1;2;8;7;6;3;3;3;3;3;3;3;3;3;
?;?;?;?;?;?;?;2;8;7;6;3;3;3;3;3;0;5;4;1;1;1;1;1;1;1;2;8;7;6;3;3;3;3;0;5;4;1;1;1;1;1;1;1;2;8;7;6;3;3;
?;?;?;?;?;?;?;7;6;3;3;0;5;4;1;1;1;1;1;1;1;1;1;2;8;7;6;3;3;3;3;0;5;4;1;2;8;7;6;3;3;3;3;3;3;3;3;3;3;3;
?;?;?;?;?;?;?;7;6;0;5;4;1;1;1;1;1;2;8;7;6;3;3;3;3;3;3;3;3;0;5;4;1;1;1;1;2;8;7;6;3;3;3;3;3;0;5;4;1;1;
?;?;?;?;?;?;?;4;1;1;2;8;7;6;3;3;0;5;4;1;1;1;1;1;1;1;1;1;1;2;8;7;6;3;3;3;3;0;5;4;1;1;1;1;1;1;1;1;1;1;
?;?;?;?;?;?;?;7;6;3;3;3;3;3;3;3;3;3;3;3;3;3;0;5;4;1;1;1;1;1;2;8;7;6;3;3;0;5;4;1;1;1;1;1;1;1;1;1;1;1;
?;?;?;?;?;?;?;7;6;3;3;0;5;2;8;7;6;3;3;0;5;4;1;1;2;8;7;6;3;3;0;5;4;1;1;1;1;1;1;1;1;1;1;1;2;8;7;6;3;3;
?;?;?;?;?;?;?;4;2;8;7;6;3;3;3;0;5;4;2;8;7;6;3;3;3;3;0;5;4;1;1;1;1;1;1;1;2;8;7;6;3;3;3;3;3;3;3;3;3;3;
?;?;?;?;?;?;?;4;1;1;1;1;2;0;5;4;1;1;1;2;8;7;6;3;3;3;3;0;5;4;1;1;1;2;8;7;6;3;3;3;3;3;3;0;5;4;1;1;1;1;
?;?;?;?;?;?;?;1;1;1;2;8;7;6;3;3;3;0;5;4;1;1;1;1;1;1;1;2;8;7;6;3;3;3;3;3;3;3;3;3;3;0;5;4;1;1;1;1;1;1;
?;?;?;?;?;?;?;5;4;1;1;1;1;1;1;1;1;1;2;8;7;6;3;3;3;3;3;0;5;4;1;1;1;1;1;1;1;2;8;7;6;3;3;3;3;3;3;3;3;3;
?;?;?;?;?;?;?;3;0;5;4;1;1;1;1;1;2;8;7;6;3;0;5;4;1;1;1;1;1;1;1;2;8;7;6;3;3;3;3;3;3;3;3;3;3;3;3;3;0;5;
?;?;?;?;?;?;?;1;1;2;8;7;6;3;3;3;0;5;4;1;1;1;1;2;8;7;6;3;3;3;3;3;0;5;4;1;1;1;1;1;2;8;7;6;0;5;4;1;1;1;
?;?;?;?;?;?;?;1;1;1;1;2;8;7;0;5;4;1;1;2;8;7;6;3;3;3;3;3;3;3;3;3;3;3;3;3;3;3;3;0;5;4;1;1;1;1;1;1;1;1;
?;?;?;?;?;?;?;7;6;3;0;5;4;1;1;1;1;2;0;5;4;1;1;1;1;1;2;8;7;0;5;4;1;1;1;2;8;7;6;3;3;3;3;3;3;3;3;3;3;0;
?;?;?;?;?;?;?;1;1;1;1;1;1;2;8;7;6;3;3;3;3;3;3;3;3;3;3;3;3;3;3;3;3;3;3;3;3;0;5;4;1;1;1;1;1;2;8;7;6;3;
?;?;?;?;?;?;?;1;1;2;8;7;6;3;3;3;3;0;5;4;2;8;7;0;5;4;1;1;1;1;1;1;1;1;1;1;1;1;1;2;8;7;6;3;3;0;5;4;1;1;
?;?;?;?;?;?;?;4;1;1;1;1;1;1;1;1;1;1;1;2;8;7;6;3;3;3;3;3;3;3;3;3;3;3;3;0;5;4;1;1;1;1;2;8;7;6;3;3;0;5;
?;?;?;?;?;?;?;7;6;0;5;4;1;1;1;1;1;2;0;5;4;1;1;1;2;8;7;6;3;3;3;3;0;5;4;1;2;8;7;6;3;3;3;3;3;3;3;3;3;3;
?;?;?;?;?;?;?;7;6;3;3;0;5;4;1;1;1;2;8;7;6;3;0;5;4;1;2;8;7;6;3;3;3;3;3;3;3;3;0;5;4;1;1;1;1;1;1;1;1;1;
?;?;?;?;?;?;?;7;6;3;0;5;4;2;8;7;6;3;3;3;0;5;4;1;1;1;1;1;1;1;1;1;1;1;1;2;8;7;6;3;3;3;3;3;3;3;0;5;4;1;
?;?;?;?;?;?;?;8;7;0;5;4;1;1;1;1;2;8;7;6;3;3;0;5;4;2;8;7;6;3;3;3;3;3;0;5;4;1;1;2;8;7;6;3;3;3;3;0;5;4;
?;?;?;?;?;?;?;6;3;3;0;5;4;1;2;8;7;6;3;3;0;5;4;1;1;1;1;1;1;1;1;1;1;1;1;2;8;7;6;3;3;3;0;5;4;1;1;1;1;1;
?;?;?;?;?;?;?;7;6;3;3;3;3;3;3;0;5;4;1;1;1;1;1;1;1;2;8;7;6;3;3;0;5;4;1;1;1;1;2;8;7;6;3;3;3;3;3;3;3;3;
?;?;?;?;?;?;?;8;7;0;5;4;1;1;2;8;7;6;3;3;3;3;3;3;0;5;4;1;1;1;1;1;2;8;7;6;3;3;3;3;3;3;0;5;4;1;1;1;2;8;
?;?;?;?;?;?;?;1;1;1;1;1;2;8;7;6;3;3;3;3;3;3;3;3;3;3;3;3;3;3;0;5;4;1;1;2;8;7;6;3;3;3;3;3;3;3;3;3;3;3;
?;?;?;?;?;?;?;7;6;3;3;3;3;0;5;4;1;1;1;1;1;1;2;8;7;6;3;3;3;3;3;3;3;3;3;3;3;3;0;5;4;1;1;1;1;1;1;1;1;1;
?;?;?;?;?;?;?;6;3;0;5;4;1;1;1;2;8;7;6;3;3;0;5;4;1;1;2;8;7;6;3;3;3;0;5;4;1;1;1;1;1;1;2;8;7;6;0;5;4;1;
?;?;?;?;?;?;?;1;1;1;2;8;7;6;3;3;3;3;3;3;3;3;0;5;4;1;1;1;1;1;2;8;7;6;0;5;4;1;1;1;1;1;2;8;7;6;3;3;3;3;
?;?;?;?;?;?;?;6;3;0;5;4;1;1;1;1;2;8;7;6;3;3;3;3;3;3;3;3;3;3;3;0;5;4;1;1;1;1;1;1;1;2;8;7;6;3;3;3;3;0;
?;?;?;?;?;?;?;4;2;8;7;6;3;3;0;5;4;1;1;1;1;2;8;7;6;3;0;5;4;1;1;1;1;1;2;8;7;6;3;3;3;3;0;5;4;1;1;1;1;1;
?;?;?;?;?;?;?;4;1;1;1;2;8;0;5;4;1;1;1;1;1;1;2;8;7;6;3;3;3;3;3;3;3;3;3;3;3;0;5;4;1;1;1;1;2;8;7;6;3;3;
?;?;?;?;?;?;?;3;3;3;3;3;3;0;5;4;1;1;1;1;1;2;8;7;6;3;3;3;0;5;4;1;1;1;1;1;1;2;8;7;6;3;3;3;3;3;3;3;3;3;
?;?;?;?;?;?;?;1;1;1;1;1;1;1;2;8;7;6;3;3;3;3;3;3;3;0;2;8;7;6;3;3;3;3;3;3;3;3;3;3;3;3;3;3;3;3;3;3;0;5;
?;?;?;?;?;?;?;6;3;3;0;5;4;1;1;1;1;1;2;8;7;6;3;3;3;3;3;0;5;4;1;1;1;1;1;1;1;1;1;1;1;1;1;1;1;1;1;1;1;2;
?;?;?;?;?;?;?;6;3;3;0;5;4;1;1;1;1;2;8;7;6;3;3;3;3;3;3;0;5;4;1;1;2;8;7;6;3;3;0;5;4;1;1;1;1;1;2;8;7;6;
?;?;?;?;?;?;?;4;2;8;7;6;3;3;0;5;4;1;1;1;1;1;1;1;1;1;1;1;2;8;7;6;3;3;3;3;0;5;4;1;1;1;1;1;1;1;1;1;1;1;
?;?;?;?;?;?;?;4;1;1;1;1;2;8;7;6;3;3;3;3;3;3;3;0;5;4;1;1;1;1;1;2;8;7;6;3;0;5;4;1;1;1;1;1;1;1;1;1;1;1;
?;?;?;?;?;?;?;6;3;3;3;0;5;4;1;1;1;2;8;7;6;0;5;4;1;1;1;1;1;1;1;1;1;1;1;1;1;1;1;1;1;1;2;8;7;6;3;3;3;0;
?;?;?;?;?;?;?;1;1;1;2;8;7;6;3;3;0;5;4;1;1;2;8;7;6;3;3;0;5;4;1;1;1;2;8;7;6;3;3;3;3;0;5;4;1;1;1;1;1;2;
?;?;?;?;?;?;?;6;0;5;4;1;1;1;1;1;2;8;7;6;3;3;3;3;3;3;3;3;3;3;3;0;5;4;1;1;1;1;1;1;1;1;1;1;2;8;7;6;3;3;
?;?;?;?;?;?;?;3;3;3;3;0;5;4;1;1;1;1;1;1;2;8;7;6;3;3;3;0;5;4;1;1;1;1;1;1;1;1;2;8;7;6;3;3;3;0;5;4;1;1;
?;?;?;?;?;?;?;6;3;3;0;5;4;1;1;1;1;1;1;1;1;1;1;1;1;1;2;8;7;6;3;3;3;3;3;3;3;3;3;3;3;3;3;3;3;3;3;3;3;3;
?;?;?;?;?;?;?;4;1;2;8;7;6;3;3;3;0;5;4;1;1;1;2;8;7;6;3;0;5;4;1;1;2;8;7;6;3;0;5;4;1;1;1;1;1;1;1;1;1;1;
?;?;?;?;?;?;?;4;1;2;8;7;6;3;0;5;4;1;1;1;1;2;8;7;6;3;0;5;4;1;1;1;1;1;1;1;1;1;1;2;8;7;6;3;3;3;0;5;4;1;
?;?;?;?;?;?;?;3;0;5;4;2;8;7;6;3;3;3;3;3;0;5;4;1;1;1;1;1;1;1;1;1;1;1;1;2;8;7;6;3;3;3;3;3;3;3;3;3;3;3;
?;?;?;?;?;?;?;6;3;3;3;3;3;3;3;3;3;3;3;0;5;4;1;1;1;1;1;1;1;1;1;1;1;1;1;1;1;1;1;1;1;1;1;2;8;7;6;3;0;5;
?;?;?;?;?;?;?;7;6;3;3;3;3;3;3;3;3;3;3;3;3;0;5;4;1;1;1;2;8;7;6;3;0;5;4;1;2;8;7;6;0;5;4;1;1;1;1;1;1;1;
?;?;?;?;?;?;?;4;1;2;8;7;6;3;3;3;3;3;3;3;3;3;3;3;3;3;3;0;5;4;1;1;1;1;1;1;1;1;1;1;1;1;1;1;1;1;1;1;1;1;
?;?;?;?;?;?;?;6;3;3;0;5;4;1;1;1;1;2;8;7;6;3;3;3;0;5;4;1;1;1;1;2;8;7;6;3;3;3;3;3;3;3;3;3;3;3;3;0;5;4;
?;?;?;?;?;?;?;4;1;1;2;8;7;6;3;3;3;0;5;4;2;8;7;6;0;5;4;1;1;1;1;1;1;1;1;1;1;1;1;1;2;8;7;6;3;3;3;3;3;3;
?;?;?;?;?;?;?;4;1;2;8;7;6;3;0;5;4;1;1;1;1;1;1;1;1;1;1;1;1;1;2;8;7;6;3;3;0;5;2;8;7;6;3;3;3;0;5;4;1;1;
?;?;?;?;?;?;?;3;3;3;3;0;5;2;8;7;6;3;3;3;3;3;3;0;5;4;1;1;1;1;1;1;1;1;1;1;1;1;1;1;1;1;1;1;1;1;1;1;2;8;
?;?;?;?;?;?;?;5;4;1;1;2;0;5;4;1;1;1;1;1;2;8;7;6;3;0;5;4;1;1;1;1;1;1;1;1;1;1;1;2;8;7;6;3;3;3;3;3;0;5;
?;?;?;?;?;?;?;6;0;5;4;1;1;1;2;8;7;6;3;3;0;5;4;1;1;1;1;1;1;2;8;7;6;3;3;3;3;3;3;3;3;0;5;4;1;1;1;1;1;1;
?;?;?;?;?;?;?;3;3;3;3;3;0;5;4;1;1;1;1;1;2;8;7;6;3;3;3;3;3;3;0;5;4;1;1;1;1;1;1;1;1;1;1;1;1;1;1;1;1;1;
?;?;?;?;?;?;?;1;1;2;8;7;6;3;3;0;5;4;1;1;1;1;1;1;1;1;1;1;1;2;8;7;6;3;3;3;3;3;3;3;3;3;3;0;5;4;1;1;1;1;
?;?;?;?;?;?;?;7;6;3;0;5;4;1;2;8;7;6;3;3;0;5;4;1;1;1;1;1;1;1;1;1;1;1;1;1;1;2;8;7;6;3;3;3;3;3;3;3;3;3;
?;?;?;?;?;?;?;4;2;8;7;6;3;3;3;3;3;3;3;3;3;3;3;3;3;3;3;3;3;0;5;4;1;1;1;1;1;1;1;1;1;2;8;7;0;5;4;1;1;2;
?;?;?;?;?;?;?;4;1;1;2;8;7;6;3;3;3;3;3;3;3;3;0;5;4;1;1;1;1;1;1;2;8;7;6;3;0;5;4;1;1;1;1;1;1;2;8;7;6;3;
?;?;?;?;?;?;?;6;3;3;0;5;4;1;1;1;2;8;7;6;3;3;3;3;3;3;0;5;4;1;1;1;1;1;1;1;1;1;1;1;1;1;1;1;1;1;1;1;1;2;
?;?;?;?;?;?;?;4;1;1;2;8;7;0;5;4;1;1;1;1;2;8;7;6;3;3;3;0;5;4;1;1;1;1;1;2;8;7;6;3;3;3;3;0;5;4;1;1;1;1;
?;?;?;?;?;?;?;7;6;3;0;5;4;1;1;1;1;1;1;1;1;1;1;1;2;8;7;6;3;3;3;3;3;3;3;3;3;3;3;3;3;3;3;3;3;0;5;4;1;1;
?;?;?;?;?;?;?;4;1;1;1;2;0;5;4;1;1;1;1;2;8;7;6;3;3;3;3;0;5;4;1;1;1;1;1;2;8;7;6;3;3;3;3;3;3;3;3;3;3;3;
?;?;?;?;?;?;?;7;6;3;0;5;4;1;1;1;2;8;7;0;5;4;1;1;1;1;2;8;7;6;3;3;3;3;3;3;3;3;3;3;0;5;4;1;2;8;7;6;3;3;
?;?;?;?;?;?;?;4;1;2;8;7;6;3;3;3;3;0;2;8;7;6;3;3;3;0;5;4;1;1;1;1;1;1;1;1;1;1;1;1;1;1;1;1;1;1;2;8;7;6;
?;?;?;?;?;?;?;4;2;8;7;6;3;3;3;3;3;3;3;3;3;3;3;3;3;3;3;0;5;4;1;1;1;1;1;1;1;1;1;1;1;1;1;1;1;1;1;1;1;1;
?;?;?;?;?;?;?;3;3;0;5;4;1;1;1;1;1;1;2;8;7;6;3;0;5;4;1;1;1;1;1;1;1;1;1;2;8;7;6;3;3;3;3;0;5;4;1;1;1;1;
?;?;?;?;?;?;?;1;1;1;1;1;1;1;1;1;1;1;2;8;7;6;3;3;3;3;3;3;3;3;3;0;5;4;1;1;1;1;1;1;2;8;7;6;3;3;3;3;3;3;
?;?;?;?;?;?;?;6;3;3;3;3;0;5;4;1;1;2;8;7;6;3;3;3;3;3;3;0;5;4;1;1;1;1;1;1;1;1;1;2;8;7;6;3;3;3;3;3;3;3;
?;?;?;?;?;?;?;1;1;1;2;8;7;6;3;3;3;3;3;3;3;3;3;3;3;0;5;4;1;1;1;2;8;7;6;0;5;4;1;1;1;1;1;1;2;8;7;6;3;3;
?;?;?;?;?;?;?;4;1;1;2;8;7;6;3;3;0;5;4;1;2;8;7;6;0;5;4;1;1;1;1;1;1;1;1;1;1;1;1;1;2;8;7;6;3;3;3;0;5;4;
?;?;?;?;?;?;?;4;1;1;2;8;7;6;3;3;3;3;0;5;4;1;1;1;1;1;1;1;1;2;8;7;0;5;4;1;1;1;1;1;2;8;7;6;3;3;3;0;5;4;
?;?;?;?;?;?;?;7;6;3;0;5;4;1;1;2;8;7;6;3;0;5;4;1;2;8;7;6;3;3;3;0;5;4;1;1;2;8;7;6;3;3;3;3;3;0;5;4;1;1;
?;?;?;?;?;?;?;4;1;1;2;8;7;6;3;3;0;5;4;1;1;1;1;1;1;1;1;1;1;1;1;2;8;7;6;3;3;3;3;3;3;3;3;3;3;0;5;4;1;1;
?;?;?;?;?;?;?;1;2;8;7;6;3;3;3;0;5;4;1;1;1;1;1;2;8;7;0;5;4;1;1;1;1;1;2;8;7;6;3;3;3;3;3;0;5;4;1;1;1;1;
?;?;?;?;?;?;?;7;6;3;0;5;4;1;1;2;8;7;6;3;3;3;3;3;0;2;8;7;0;5;4;1;1;1;1;1;1;1;1;1;1;1;1;1;2;8;7;6;3;3;
?;?;?;?;?;?;?;7;6;3;0;5;4;1;1;2;8;7;6;3;3;3;0;5;2;8;7;6;3;3;0;5;4;1;1;1;1;1;1;1;1;1;1;1;2;8;7;6;3;3;
?;?;?;?;?;?;?;1;1;1;2;8;7;6;3;0;5;4;1;1;1;1;1;1;1;1;2;8;7;6;3;3;3;3;3;3;3;0;5;4;1;2;8;7;6;3;0;5;4;1;
?;?;?;?;?;?;?;7;6;3;0;5;4;1;1;1;1;2;8;7;6;3;3;3;3;3;3;3;3;3;3;0;5;4;1;1;1;2;8;7;6;3;3;3;0;5;4;1;1;1;
?;?;?;?;?;?;?;7;6;0;5;4;1;1;1;2;8;7;6;3;3;0;5;4;1;1;1;2;8;7;6;3;3;3;3;3;3;3;3;3;3;3;0;5;4;1;1;1;1;1;
?;?;?;?;?;?;?;7;6;3;3;3;3;3;3;3;3;3;0;5;4;1;1;1;2;8;7;6;3;3;0;5;4;1;1;1;1;1;1;1;1;1;1;1;1;1;1;1;1;1;
?;?;?;?;?;?;?;5;4;1;1;1;1;1;1;2;8;7;6;3;3;3;3;0;5;4;1;1;1;2;8;7;6;3;3;3;3;3;3;0;5;4;1;1;1;1;1;1;1;2;
?;?;?;?;?;?;?;4;1;2;8;7;6;3;3;3;0;5;4;1;1;1;1;1;1;1;1;1;1;1;1;1;1;1;1;2;8;7;6;3;3;3;3;0;5;4;1;1;1;1;
?;?;?;?;?;?;?;6;3;3;0;5;4;1;1;1;2;8;7;0;5;4;1;1;1;1;2;8;0;5;4;1;1;1;1;1;1;1;1;1;1;1;1;1;1;1;2;8;7;6;
?;?;?;?;?;?;?;1;1;1;2;8;7;6;3;3;0;5;4;1;2;8;7;6;3;3;3;3;3;3;3;3;3;3;3;3;0;5;4;1;1;2;8;7;6;3;3;3;3;3;
?;?;?;?;?;?;?;4;1;1;2;8;7;6;3;0;5;4;1;2;8;7;6;3;0;5;4;1;1;1;1;1;2;8;7;6;3;3;3;3;3;3;3;3;3;3;3;3;0;5;
?;?;?;?;?;?;?;4;1;1;2;8;7;6;0;5;4;1;1;2;8;7;6;3;3;3;3;3;0;5;4;1;1;1;1;1;1;1;1;1;1;2;8;7;6;3;3;3;3;3;
?;?;?;?;?;?;?;7;6;0;5;4;1;2;8;7;6;3;3;0;5;4;1;1;1;1;2;8;7;6;3;3;3;3;0;5;4;1;1;1;1;1;1;1;1;1;1;1;1;2;
?;?;?;?;?;?;?;5;4;2;0;5;4;1;1;1;2;8;7;6;3;3;3;3;0;5;4;1;1;1;1;2;0;5;4;1;1;1;1;1;1;1;2;8;7;6;3;3;3;0;
?;?;?;?;?;?;?;6;3;3;3;3;0;5;2;8;7;6;3;3;0;5;4;1;1;1;1;1;1;1;1;1;1;1;1;1;1;1;1;1;1;1;1;1;1;1;1;2;8;7;
?;?;?;?;?;?;?;4;1;2;8;7;6;3;3;0;5;4;1;1;1;1;1;1;1;1;1;1;1;2;8;7;6;3;3;3;0;5;4;1;1;1;1;1;1;1;1;1;2;8;
?;?;?;?;?;?;?;5;4;1;1;1;1;1;1;2;8;7;6;3;3;3;3;3;3;3;3;3;3;0;5;4;1;1;1;1;1;1;1;1;2;8;7;6;3;3;0;5;4;1;
?;?;?;?;?;?;?;4;1;1;2;8;7;6;0;5;4;1;1;1;1;1;1;1;1;1;1;1;1;2;8;7;6;3;3;3;0;5;4;1;1;2;8;7;6;3;3;3;3;3;
?;?;?;?;?;?;?;6;3;0;5;4;1;1;1;2;8;7;6;3;0;5;4;1;1;1;1;1;1;1;1;2;8;7;6;3;3;3;3;3;3;3;3;0;5;4;1;1;1;2;
?;?;?;?;?;?;?;1;1;1;2;8;7;6;3;3;3;3;0;5;4;2;8;7;6;3;3;3;3;3;0;5;4;1;1;1;1;1;1;1;2;8;7;6;3;3;3;3;3;0;
?;?;?;?;?;?;?;6;3;3;3;0;5;4;1;1;1;1;1;2;8;7;0;5;4;1;1;1;1;1;1;1;1;1;1;2;8;7;6;3;3;3;3;3;3;3;3;3;3;3;
?;?;?;?;?;?;?;0;5;4;1;1;1;1;2;8;7;6;3;3;3;0;5;4;2;8;7;6;3;0;5;4;1;1;1;1;1;1;1;1;1;2;8;7;6;3;3;3;3;3;
?;?;?;?;?;?;?;5;4;2;8;7;6;3;3;3;3;3;3;3;3;3;3;3;3;0;5;4;1;1;1;1;1;1;1;1;2;8;7;6;3;3;3;3;3;3;0;5;4;1;
?;?;?;?;?;?;?;4;1;1;2;8;7;6;0;5;4;1;1;2;8;7;6;3;3;3;0;5;4;1;1;1;1;1;1;2;8;7;6;3;3;3;0;5;4;1;1;1;1;1;
?;?;?;?;?;?;?;5;4;2;8;7;6;3;3;3;3;0;5;4;1;1;1;2;8;0;5;4;1;1;1;1;1;1;1;1;1;1;1;1;1;1;1;1;1;1;1;1;1;1;
?;?;?;?;?;?;?;6;3;3;0;5;4;1;1;1;2;8;7;6;3;3;0;5;4;2;8;7;6;0;5;4;1;1;1;1;2;8;7;6;3;0;5;4;1;1;1;1;1;1;
?;?;?;?;?;?;?;7;6;3;0;5;4;1;1;2;8;7;6;3;3;3;3;3;3;3;3;3;3;3;0;5;4;1;1;1;1;1;1;1;1;1;1;2;8;7;6;3;3;3;
?;?;?;?;?;?;?;7;6;3;3;3;3;3;3;3;3;3;3;3;0;5;4;1;1;1;2;8;7;6;3;3;3;3;3;3;3;0;5;4;1;1;1;1;1;1;1;1;2;8;
?;?;?;?;?;?;?;4;1;1;2;8;7;6;3;0;5;4;1;1;1;1;1;1;1;1;1;1;1;1;1;2;8;7;6;0;5;4;1;1;2;8;7;6;0;5;4;1;1;1;
?;?;?;?;?;?;?;6;3;3;3;3;3;3;3;3;3;0;5;4;1;1;1;1;1;2;8;7;6;3;3;0;5;4;1;1;1;1;1;1;2;8;7;6;3;3;3;3;3;3;
?;?;?;?;?;?;?;1;1;1;1;2;8;7;6;0;5;4;1;2;8;7;6;3;3;3;3;0;5;4;1;1;1;1;2;8;7;6;3;3;3;3;3;3;3;3;3;3;3;0;
?;?;?;?;?;?;?;3;3;3;3;3;3;3;3;3;3;3;3;3;3;3;0;5;4;1;1;1;1;1;1;1;1;1;1;1;1;1;1;1;1;1;1;1;1;1;1;1;1;1;
?;?;?;?;?;?;?;4;1;1;1;1;1;1;1;1;2;8;7;6;3;3;3;3;3;0;5;4;1;1;1;1;1;1;1;1;1;2;8;7;6;3;3;3;3;3;3;0;5;4;
?;?;?;?;?;?;?;4;1;1;2;8;7;6;3;3;3;3;3;3;3;3;3;0;5;4;1;1;1;1;2;8;7;6;3;0;5;4;1;1;1;1;1;1;1;1;1;1;1;1;
?;?;?;?;?;?;?;4;1;1;2;8;7;6;0;5;4;1;1;1;1;2;8;7;6;3;3;3;3;3;3;3;3;3;3;0;5;4;1;1;1;1;1;2;8;7;6;3;3;3;
?;?;?;?;?;?;?;4;1;1;2;8;7;6;3;0;5;4;1;1;1;1;1;2;8;7;6;3;3;3;3;3;3;3;0;5;4;1;1;1;1;2;8;7;6;3;3;3;3;0;
?;?;?;?;?;?;?;3;3;3;3;3;3;3;3;3;0;5;4;1;1;1;1;1;1;2;8;7;6;3;3;3;3;3;3;3;3;0;5;4;1;1;1;1;1;1;1;1;1;1;
?;?;?;?;?;?;?;3;3;3;3;3;0;5;4;1;1;1;1;1;1;1;1;1;1;1;1;1;1;1;1;1;1;1;1;1;1;2;8;7;6;3;0;5;4;1;1;1;1;1;
?;?;?;?;?;?;?;7;6;3;3;3;3;3;3;3;0;5;4;1;1;1;1;1;1;2;8;7;6;3;3;3;0;5;4;1;1;1;1;1;1;1;1;2;8;7;6;3;3;0;
?;?;?;?;?;?;?;1;2;8;7;6;3;3;3;3;0;5;4;1;2;8;7;0;5;4;1;1;1;1;2;8;7;0;5;4;1;1;1;1;1;2;8;7;6;3;0;5;4;1;
?;?;?;?;?;?;?;7;6;3;0;5;4;1;1;1;1;1;2;8;7;6;3;3;3;3;3;3;3;3;0;5;4;1;1;1;1;2;8;7;6;3;3;3;3;3;3;3;3;3;
?;?;?;?;?;?;?;5;2;8;7;6;3;0;5;4;1;1;1;1;1;1;2;8;7;6;3;3;3;3;3;3;3;3;3;0;5;4;1;1;1;1;2;8;7;6;3;3;3;3;
?;?;?;?;?;?;?;4;1;1;2;8;7;6;3;0;5;4;1;2;8;7;6;3;3;0;5;4;1;2;8;7;6;3;3;3;3;3;0;5;4;1;1;1;1;1;1;2;8;7;
?;?;?;?;?;?;?;7;6;3;3;3;0;2;8;7;6;0;5;4;1;1;1;1;2;8;7;6;3;3;0;5;4;1;1;1;1;1;1;1;2;8;7;6;3;3;3;3;0;5;
?;?;?;?;?;?;?;4;1;2;8;7;6;3;3;0;5;4;1;1;1;1;1;1;1;1;1;1;1;1;1;1;2;8;7;6;3;3;3;3;3;3;3;3;0;5;4;1;1;1;
?;?;?;?;?;?;?;4;1;2;8;7;6;3;3;0;5;4;1;1;1;1;2;8;7;6;3;3;3;0;5;4;1;1;1;1;1;1;1;1;1;2;8;7;6;3;3;3;3;3;
?;?;?;?;?;?;?;4;1;2;8;7;6;3;0;5;4;1;1;2;8;7;6;3;3;3;0;5;4;1;1;1;1;1;1;2;8;7;6;3;3;3;3;3;0;5;4;1;1;1;
?;?;?;?;?;?;?;1;1;1;1;1;1;1;1;1;1;1;1;1;2;8;7;6;3;3;3;3;3;3;3;3;3;3;3;3;3;3;3;3;3;3;3;3;3;3;3;3;3;3;