?;?;?;?;?;?;?;?;?;?;?;?;1;56;130;126;119;117;114;100;21;1;56;137;83;63;53;44;37;29;49;48;4;50;45;41;19;15;11;83;138;172;171;170;155;155;155;105;24;95;
?;?;?;?;?;?;?;?;?;?;?;?;38;37;29;100;21;1;56;137;83;138;129;125;98;96;81;71;47;134;104;92;87;52;49;48;4;45;41;19;15;130;126;119;117;114;74;48;4;45;
?;?;?;?;?;?;?;?;?;?;?;?;1;56;137;105;93;38;37;29;49;40;17;19;34;32;30;27;58;150;149;145;142;137;83;63;53;44;37;29;49;40;17;19;15;11;83;138;172;171;
?;?;?;?;?;?;?;?;?;?;?;?;1;56;137;105;93;38;37;29;49;48;4;50;45;41;19;15;11;83;138;172;171;170;155;105;93;38;37;25;22;18;5;12;6;63;53;44;37;29;
?;?;?;?;?;?;?;?;?;?;?;?;45;41;19;15;11;83;138;172;171;170;155;155;155;155;155;155;155;155;155;155;155;155;105;24;95;80;55;136;102;90;3;51;70;144;4;50;65;68;
?;?;?;?;?;?;?;?;?;?;?;?;66;66;10;41;19;15;11;83;138;172;171;170;155;105;93;38;37;29;49;48;4;50;45;41;19;15;11;83;138;172;171;105;93;38;37;29;49;48;
?;?;?;?;?;?;?;?;?;?;?;?;38;37;29;100;21;1;56;137;105;93;38;37;29;100;21;1;56;137;105;93;38;37;29;49;40;17;19;15;11;105;93;38;37;29;100;21;1;56;
?;?;?;?;?;?;?;?;?;?;?;?;115;150;149;145;142;137;83;138;172;171;105;93;38;99;97;82;14;2;154;173;172;171;105;93;38;37;29;49;48;4;50;45;41;19;15;11;83;138;
?;?;?;?;?;?;?;?;?;?;?;?;115;72;54;17;19;15;11;83;138;172;171;170;129;125;38;37;29;49;48;10;41;19;15;11;83;138;172;171;170;155;105;93;38;37;29;100;21;1;
?;?;?;?;?;?;?;?;?;?;?;?;19;15;11;83;138;129;125;38;37;29;49;48;10;41;19;15;11;83;63;53;44;37;29;49;48;4;45;41;19;15;11;83;138;172;171;170;155;155;
?;?;?;?;?;?;?;?;?;?;?;?;38;37;25;22;18;5;12;6;63;53;44;37;29;49;48;4;50;65;54;17;19;15;11;83;138;172;171;170;155;155;105;93;38;99;97;82;14;2;
?;?;?;?;?;?;?;?;?;?;?;?;5;12;105;93;38;37;29;49;48;4;45;41;19;15;11;83;63;53;44;37;29;49;48;10;35;33;31;28;99;97;82;14;2;154;173;172;171;170;
?;?;?;?;?;?;?;?;?;?;?;?;19;15;11;83;138;172;171;170;155;155;155;155;105;93;38;37;29;49;40;17;19;15;11;83;63;53;44;43;42;36;14;2;105;93;38;37;29;49;
?;?;?;?;?;?;?;?;?;?;?;?;1;56;137;105;93;38;37;29;49;40;17;19;15;11;105;93;38;37;29;49;48;4;45;41;19;15;11;83;138;172;171;105;93;38;37;29;49;48;
?;?;?;?;?;?;?;?;?;?;?;?;5;12;6;138;129;125;38;37;29;49;48;4;50;65;68;66;66;10;41;19;15;11;83;63;53;44;37;29;49;48;4;45;41;19;15;11;83;138;
?;?;?;?;?;?;?;?;?;?;?;?;38;37;29;100;21;1;56;137;83;138;129;125;38;37;25;22;18;5;12;6;138;172;171;170;155;155;155;105;93;38;37;29;49;40;17;19;15;11;
?;?;?;?;?;?;?;?;?;?;?;?;171;170;155;155;155;155;155;155;105;93;38;37;29;49;48;10;41;19;34;32;30;27;58;78;75;67;50;65;68;66;66;66;10;41;19;15;11;83;
?;?;?;?;?;?;?;?;?;?;?;?;105;93;38;37;29;49;48;4;50;65;54;17;19;15;11;83;138;172;171;105;93;38;37;29;100;21;1;56;137;83;63;53;44;37;29;49;48;4;
?;?;?;?;?;?;?;?;?;?;?;?;17;106;94;62;60;115;72;54;17;19;15;11;83;138;172;105;93;38;37;29;49;48;4;50;65;68;66;66;66;66;10;41;19;15;11;83;63;53;
?;?;?;?;?;?;?;?;?;?;?;?;155;155;105;93;38;37;29;49;48;4;50;65;68;66;66;66;66;66;66;10;41;19;15;11;105;93;38;37;29;100;21;1;56;137;83;138;172;171;
?;?;?;?;?;?;?;?;?;?;?;?;1;56;137;105;93;38;37;29;49;48;4;50;65;68;66;66;66;66;66;66;66;66;66;66;66;66;66;10;41;19;15;11;83;138;172;105;93;38;
?;?;?;?;?;?;?;?;?;?;?;?;58;78;75;67;10;41;19;15;11;83;138;172;171;170;155;155;155;155;105;93;38;37;29;49;48;4;50;45;41;19;15;11;105;93;38;37;29;49;
?;?;?;?;?;?;?;?;?;?;?;?;56;137;83;63;53;44;37;29;100;21;1;56;137;83;138;129;125;38;37;25;168;101;8;84;4;50;65;54;17;19;15;11;83;138;172;171;105;93;
?;?;?;?;?;?;?;?;?;?;?;?;117;114;74;48;10;41;19;15;11;83;138;172;171;170;155;155;155;155;155;155;105;93;38;37;29;49;48;4;50;65;68;66;10;41;19;15;11;83;
?;?;?;?;?;?;?;?;?;?;?;?;4;50;65;68;66;10;41;19;15;11;83;138;172;171;170;129;125;38;37;29;49;48;4;50;65;68;45;41;19;15;11;83;138;129;125;38;37;29;
?;?;?;?;?;?;?;?;?;?;?;?;53;44;43;42;36;14;2;105;93;38;37;29;49;48;4;45;41;19;15;130;126;119;117;114;74;48;4;50;65;68;66;66;66;10;41;19;15;11;
?;?;?;?;?;?;?;?;?;?;?;?;155;155;155;155;155;155;155;155;105;93;38;37;29;49;48;4;50;65;68;45;41;19;15;11;105;93;38;37;29;49;48;4;50;65;68;66;66;66;
?;?;?;?;?;?;?;?;?;?;?;?;138;172;171;170;155;155;155;155;105;93;38;37;29;49;40;17;19;15;130;126;119;117;114;74;54;17;19;34;32;30;27;58;78;75;67;50;45;41;
?;?;?;?;?;?;?;?;?;?;?;?;10;41;19;15;11;83;138;172;171;105;93;38;37;29;49;40;17;19;15;11;83;63;53;44;37;29;49;48;10;41;19;15;11;83;138;129;125;38;
?;?;?;?;?;?;?;?;?;?;?;?;117;114;74;48;10;41;19;15;130;126;119;117;114;74;48;4;45;41;19;15;11;83;138;172;171;105;93;38;37;29;49;40;17;19;15;11;83;138;
?;?;?;?;?;?;?;?;?;?;?;?;19;34;32;30;27;58;78;54;17;19;15;11;83;138;129;125;38;99;97;82;14;2;154;173;105;93;38;37;29;49;40;17;19;15;11;83;138;172;
?;?;?;?;?;?;?;?;?;?;?;?;49;48;4;50;65;68;66;66;10;41;19;15;11;83;63;53;44;37;29;49;48;10;41;19;15;11;83;138;172;171;170;129;125;38;37;25;22;18;
?;?;?;?;?;?;?;?;?;?;?;?;44;37;29;49;40;17;19;15;11;83;138;172;171;170;155;155;155;155;105;93;38;37;29;49;48;4;50;45;41;19;15;11;83;138;172;171;105;93;
?;?;?;?;?;?;?;?;?;?;?;?;66;66;66;10;41;19;15;11;83;138;172;171;170;155;155;155;155;155;155;155;155;155;105;24;95;80;55;64;160;153;152;151;138;129;125;38;37;29;
?;?;?;?;?;?;?;?;?;?;?;?;138;172;171;170;155;155;155;155;105;93;38;37;29;49;48;4;50;65;68;66;66;66;66;10;41;19;15;11;83;138;172;171;105;93;38;37;29;49;
?;?;?;?;?;?;?;?;?;?;?;?;38;37;29;49;48;4;50;65;68;66;66;66;66;10;41;19;15;11;83;138;172;171;170;155;155;155;155;155;105;93;38;37;29;49;48;4;50;65;
?;?;?;?;?;?;?;?;?;?;?;?;5;12;6;63;53;44;37;29;49;48;4;50;65;68;66;66;66;66;66;66;66;10;41;19;15;11;83;63;53;44;37;29;49;48;4;50;65;68;
?;?;?;?;?;?;?;?;?;?;?;?;5;12;6;138;129;125;38;37;29;100;21;0;103;91;86;107;72;79;76;120;88;68;66;66;66;66;66;66;66;66;66;66;66;66;66;10;41;19;
?;?;?;?;?;?;?;?;?;?;?;?;56;137;83;63;53;44;37;29;49;48;4;45;41;19;15;11;83;138;172;171;170;155;105;93;38;37;29;49;48;4;45;41;19;15;11;83;138;172;
?;?;?;?;?;?;?;?;?;?;?;?;5;12;6;138;129;125;38;37;29;49;48;4;50;65;68;66;66;66;66;10;41;19;15;11;83;138;172;105;93;38;37;29;49;48;4;50;65;54;
?;?;?;?;?;?;?;?;?;?;?;?;17;19;34;32;30;27;26;23;20;16;13;7;138;129;125;38;37;29;49;48;4;50;45;41;19;15;11;83;138;172;171;170;155;155;155;155;155;155;
?;?;?;?;?;?;?;?;?;?;?;?;125;38;37;29;49;48;10;41;19;15;11;83;138;172;171;170;155;155;155;155;155;105;93;38;37;29;49;48;4;50;45;41;19;15;11;83;138;172;
?;?;?;?;?;?;?;?;?;?;?;?;172;171;170;155;105;93;38;37;29;49;48;4;50;65;68;45;41;19;15;11;83;138;172;171;170;155;105;93;38;37;29;49;48;4;50;65;68;66;
?;?;?;?;?;?;?;?;?;?;?;?;44;37;29;100;21;1;56;130;126;119;117;114;74;48;10;41;19;15;130;126;119;117;114;74;48;10;41;19;15;11;105;93;38;37;29;49;48;4;
?;?;?;?;?;?;?;?;?;?;?;?;44;37;29;49;48;4;50;65;68;66;10;41;19;15;11;83;63;53;44;37;29;49;48;4;45;41;19;15;11;83;63;53;44;37;29;49;48;4;
?;?;?;?;?;?;?;?;?;?;?;?;5;12;6;138;172;105;24;95;80;55;64;160;153;152;105;93;38;37;29;49;48;4;50;65;68;66;10;41;19;15;11;83;138;129;125;38;37;29;
?;?;?;?;?;?;?;?;?;?;?;?;172;171;170;155;155;155;155;155;105;93;38;37;29;49;48;4;50;65;68;66;66;66;10;41;19;15;11;83;138;172;171;170;129;125;38;37;29;49;
?;?;?;?;?;?;?;?;?;?;?;?;17;19;15;11;83;63;53;44;43;42;36;46;9;61;59;57;150;149;145;142;137;83;138;172;171;170;129;125;98;96;136;102;90;3;51;70;144;4;
?;?;?;?;?;?;?;?;?;?;?;?;38;37;29;49;40;17;19;15;130;126;119;117;114;74;54;17;19;15;11;83;138;172;171;170;155;105;93;38;37;29;49;48;4;45;41;19;15;11;
?;?;?;?;?;?;?;?;?;?;?;?;117;114;74;54;17;19;15;11;83;138;172;171;170;155;155;155;105;93;38;37;29;49;48;4;45;41;19;15;11;83;138;172;171;170;155;155;105;93;
?;?;?;?;?;?;?;?;?;?;?;?;155;155;155;155;155;155;155;155;155;155;105;93;38;37;29;49;48;4;50;65;68;66;66;66;66;66;10;41;19;15;11;105;93;38;37;29;49;48;
?;?;?;?;?;?;?;?;?;?;?;?;93;38;37;29;49;48;4;45;41;19;15;11;83;138;172;105;93;38;37;29;49;48;4;50;65;68;66;66;66;66;66;66;66;66;66;66;66;66;
?;?;?;?;?;?;?;?;?;?;?;?;155;105;93;38;37;29;49;48;4;50;45;41;19;15;130;126;119;117;114;74;48;4;50;65;68;66;66;66;66;66;66;66;66;66;66;66;66;66;
?;?;?;?;?;?;?;?;?;?;?;?;19;15;11;83;138;172;171;170;155;155;155;155;105;93;38;37;29;49;48;4;50;65;54;17;19;15;11;83;138;129;125;38;37;29;49;48;4;50;
?;?;?;?;?;?;?;?;?;?;?;?;37;29;49;48;4;50;65;68;66;10;41;19;15;130;126;119;117;114;74;48;4;50;45;41;19;34;32;30;27;58;78;75;67;50;65;68;66;66;
?;?;?;?;?;?;?;?;?;?;?;?;5;12;6;63;53;44;37;29;49;40;17;19;34;32;30;27;58;78;54;17;19;15;11;83;63;53;44;37;29;49;48;4;50;65;68;45;41;19;
?;?;?;?;?;?;?;?;?;?;?;?;38;37;29;100;21;1;56;137;83;138;172;171;170;129;125;38;37;29;49;48;4;50;65;54;17;19;15;11;83;138;129;125;38;99;97;82;14;2;
?;?;?;?;?;?;?;?;?;?;?;?;38;37;29;49;48;4;45;143;141;118;116;113;166;163;161;157;152;151;138;172;171;170;155;155;155;155;155;155;155;105;93;38;37;29;49;48;4;50;
?;?;?;?;?;?;?;?;?;?;?;?;66;10;41;19;15;11;83;138;129;125;38;99;97;82;14;2;154;173;172;171;170;155;155;155;105;93;38;37;29;100;21;1;56;137;83;138;172;105;
?;?;?;?;?;?;?;?;?;?;?;?;112;77;73;50;65;68;66;66;66;66;66;66;66;66;66;66;66;66;10;41;19;15;11;83;138;172;171;170;155;155;155;155;155;155;155;155;155;155;
?;?;?;?;?;?;?;?;?;?;?;?;160;153;105;93;38;37;29;49;48;4;50;45;41;19;15;11;83;138;172;105;93;38;37;29;49;48;4;50;65;68;66;66;66;66;66;66;66;66;
?;?;?;?;?;?;?;?;?;?;?;?;37;29;49;40;17;19;15;11;83;63;53;44;37;29;100;21;1;56;137;83;63;53;44;37;25;22;18;132;127;123;121;108;78;75;67;50;65;68;
?;?;?;?;?;?;?;?;?;?;?;?;117;114;74;54;17;19;15;11;83;63;53;44;37;29;100;21;1;56;137;83;138;172;171;170;155;155;155;155;155;105;93;38;37;29;49;48;4;50;
?;?;?;?;?;?;?;?;?;?;?;?;17;19;15;11;83;138;172;171;170;155;155;155;155;105;93;38;37;29;100;21;1;56;137;105;93;38;37;29;49;48;10;41;19;15;11;83;63;53;
?;?;?;?;?;?;?;?;?;?;?;?;38;37;29;100;21;1;56;137;83;63;53;44;37;29;49;48;4;50;65;68;66;66;66;66;66;10;41;19;34;32;30;27;58;150;149;145;142;137;
?;?;?;?;?;?;?;?;?;?;?;?;1;56;137;83;138;172;105;93;38;37;29;49;48;10;41;19;15;11;83;138;172;171;105;93;38;37;29;49;48;4;50;45;41;19;15;11;83;138;
?;?;?;?;?;?;?;?;?;?;?;?;56;137;83;63;53;44;37;29;100;21;1;56;130;126;119;117;114;74;48;10;41;19;15;11;83;138;172;171;170;155;105;93;38;37;29;49;48;4;
?;?;?;?;?;?;?;?;?;?;?;?;19;15;11;105;93;38;37;25;22;18;5;12;6;63;53;44;37;29;100;21;1;34;32;30;27;58;78;75;67;10;41;19;15;11;105;93;38;37;
?;?;?;?;?;?;?;?;?;?;?;?;19;15;11;83;63;53;44;37;25;22;18;5;12;6;63;53;44;37;29;100;21;1;56;137;105;93;38;37;29;49;40;17;19;15;11;83;138;172;
?;?;?;?;?;?;?;?;?;?;?;?;66;66;66;66;66;66;66;66;66;66;66;10;41;19;15;11;83;138;172;171;170;155;155;155;155;155;155;155;155;155;155;155;155;155;155;155;105;93;
?;?;?;?;?;?;?;?;?;?;?;?;5;12;6;63;53;44;37;29;49;48;4;45;41;19;15;11;83;138;172;171;170;129;125;38;37;29;49;48;10;41;19;15;11;83;138;129;125;38;
?;?;?;?;?;?;?;?;?;?;?;?;49;48;10;41;19;15;11;83;138;172;171;105;93;38;37;29;49;48;4;50;65;68;45;41;19;15;11;83;138;172;171;105;93;38;37;29;49;48;
?;?;?;?;?;?;?;?;?;?;?;?;117;114;74;48;10;41;19;15;11;83;138;172;171;170;155;105;93;38;37;29;49;48;4;45;41;19;15;11;83;138;172;171;105;93;38;37;29;49;
?;?;?;?;?;?;?;?;?;?;?;?;56;137;83;63;53;44;37;29;49;40;17;19;15;11;83;63;53;44;37;25;22;18;5;12;6;138;172;171;105;93;38;37;29;49;48;4;50;65;
?;?;?;?;?;?;?;?;?;?;?;?;38;37;29;100;21;1;56;130;126;119;117;114;74;48;4;50;45;41;19;15;11;83;138;172;171;170;129;125;98;96;81;71;47;155;155;155;155;155;
?;?;?;?;?;?;?;?;?;?;?;?;25;22;18;5;12;6;138;172;105;93;38;37;29;49;48;4;50;65;68;66;66;66;66;66;66;66;66;66;66;66;66;66;66;66;66;66;66;66;
?;?;?;?;?;?;?;?;?;?;?;?;44;37;25;22;18;5;12;6;63;53;44;37;29;49;48;4;50;65;54;17;19;15;11;83;63;53;44;37;29;100;21;1;56;137;83;138;172;171;
?;?;?;?;?;?;?;?;?;?;?;?;37;29;49;48;10;41;19;15;11;83;138;172;171;170;155;155;155;105;93;38;37;29;49;48;4;50;65;68;66;66;66;10;41;19;15;11;83;138;
?;?;?;?;?;?;?;?;?;?;?;?;38;37;29;49;40;17;19;15;130;126;119;117;25;22;18;5;12;6;138;172;171;105;93;38;37;29;49;48;4;50;65;54;17;19;15;11;83;138;
?;?;?;?;?;?;?;?;?;?;?;?;5;12;6;63;53;44;37;29;49;40;17;19;15;11;83;138;129;125;38;37;29;49;48;4;50;65;68;66;66;66;66;10;41;19;15;11;83;138;
?;?;?;?;?;?;?;?;?;?;?;?;44;37;29;49;48;4;50;45;41;19;15;11;83;138;172;105;93;38;37;29;49;48;4;50;65;54;17;19;15;11;83;138;172;171;170;155;155;155;
?;?;?;?;?;?;?;?;?;?;?;?;37;29;49;40;17;19;15;11;83;138;129;125;38;37;29;49;48;4;50;65;68;66;66;66;66;66;66;66;66;66;10;41;19;15;11;83;138;172;
?;?;?;?;?;?;?;?;?;?;?;?;17;19;15;130;126;119;117;114;74;48;10;41;19;15;11;83;138;172;171;170;129;125;38;37;29;49;48;4;45;41;19;15;11;83;138;172;171;170;
?;?;?;?;?;?;?;?;?;?;?;?;138;172;171;170;155;105;93;38;37;29;49;48;4;45;41;19;15;11;83;138;129;125;38;37;29;49;48;4;50;65;68;66;10;41;19;15;11;83;
?;?;?;?;?;?;?;?;?;?;?;?;38;37;29;49;40;17;19;15;11;105;93;38;37;29;49;48;4;50;65;68;66;66;66;66;66;10;41;19;15;11;83;138;172;171;170;155;155;155;
?;?;?;?;?;?;?;?;?;?;?;?;53;44;37;29;100;21;1;56;130;126;119;117;114;74;54;17;19;34;32;30;27;58;78;75;54;17;19;34;32;30;27;58;78;75;67;50;45;41;
?;?;?;?;?;?;?;?;?;?;?;?;5;12;6;63;53;44;37;29;49;48;4;50;65;68;66;66;66;66;66;10;41;19;15;11;83;138;129;125;38;37;29;49;48;4;50;45;41;19;
?;?;?;?;?;?;?;?;?;?;?;?;171;170;155;155;155;155;155;105;93;38;37;29;49;48;4;50;65;68;45;41;19;15;11;83;63;53;44;37;29;49;48;4;50;65;68;66;10;41;
?;?;?;?;?;?;?;?;?;?;?;?;1;56;137;105;93;38;37;25;22;18;5;12;6;63;53;44;37;29;49;48;4;45;41;35;33;31;28;115;150;149;145;142;137;83;138;172;171;170;
?;?;?;?;?;?;?;?;?;?;?;?;53;98;96;81;71;47;155;105;93;38;37;29;100;21;1;56;137;83;138;172;171;105;93;38;37;29;49;48;4;45;41;19;15;11;83;63;53;44;
?;?;?;?;?;?;?;?;?;?;?;?;130;126;119;117;114;74;54;17;19;15;11;83;138;172;171;105;93;38;37;29;49;48;4;50;65;54;17;19;15;11;83;138;172;171;170;155;155;155;
?;?;?;?;?;?;?;?;?;?;?;?;170;129;125;38;37;29;49;48;4;50;65;54;17;19;15;130;126;119;117;114;74;48;4;50;45;41;19;15;11;83;138;129;125;38;37;29;100;21;
?;?;?;?;?;?;?;?;?;?;?;?;41;19;15;11;83;63;53;44;37;29;49;48;4;50;65;68;66;66;10;41;19;15;11;83;138;172;171;170;155;155;155;155;155;155;155;155;155;155;
?;?;?;?;?;?;?;?;?;?;?;?;53;44;37;25;22;18;5;12;6;63;53;44;37;25;22;18;5;12;105;93;38;37;29;49;48;4;50;45;41;35;33;31;28;115;72;79;76;120;
?;?;?;?;?;?;?;?;?;?;?;?;19;15;11;83;138;172;105;24;95;80;55;64;160;153;105;93;38;37;25;22;18;5;12;6;138;172;171;170;129;125;38;37;29;49;48;4;50;65;
?;?;?;?;?;?;?;?;?;?;?;?;19;15;11;83;63;53;44;37;25;22;18;5;12;6;138;172;171;170;155;155;155;155;105;93;38;37;29;49;48;4;50;65;68;66;66;66;66;66;
?;?;?;?;?;?;?;?;?;?;?;?;1;56;130;126;119;117;114;100;21;1;56;137;83;63;53;44;37;29;49;48;4;50;45;41;19;15;11;83;138;172;171;170;155;155;155;155;155;155;
?;?;?;?;?;?;?;?;?;?;?;?;37;29;49;48;10;41;19;15;11;83;63;53;44;37;29;49;48;4;50;65;68;45;41;19;15;11;83;138;172;171;170;155;155;155;155;155;155;105;
?;?;?;?;?;?;?;?;?;?;?;?;41;19;15;11;83;138;129;125;38;99;97;82;14;2;154;173;172;171;170;155;155;155;155;105;93;38;37;29;49;48;4;50;65;68;45;41;19;15;
?;?;?;?;?;?;?;?;?;?;?;?;117;114;74;48;4;45;143;141;118;116;113;112;77;54;17;19;15;11;83;138;172;171;170;155;155;155;155;155;155;155;155;155;155;105;93;38;37;29;
?;?;?;?;?;?;?;?;?;?;?;?;53;44;37;29;100;21;1;56;130;126;119;117;25;22;18;5;12;6;138;172;171;170;155;155;105;93;38;37;29;49;48;4;50;65;54;17;19;15;
?;?;?;?;?;?;?;?;?;?;?;?;4;50;65;54;17;19;15;11;83;138;172;171;170;155;155;155;105;93;38;37;29;100;21;1;56;137;83;138;172;171;170;129;125;38;37;29;49;48;
?;?;?;?;?;?;?;?;?;?;?;?;2;154;173;172;171;105;93;38;37;29;49;48;4;50;65;68;66;66;10;41;19;15;11;83;138;172;171;170;155;105;93;38;37;29;49;48;4;50;
?;?;?;?;?;?;?;?;?;?;?;?;66;66;66;10;41;19;15;11;83;138;172;171;170;155;155;155;155;155;155;155;155;155;155;155;155;155;155;155;105;93;38;37;29;49;48;4;50;65;
?;?;?;?;?;?;?;?;?;?;?;?;125;38;37;29;100;21;1;56;137;83;63;53;44;37;29;49;48;4;50;65;68;66;10;41;19;15;11;83;63;53;44;37;29;49;48;4;50;65;
?;?;?;?;?;?;?;?;?;?;?;?;38;37;29;100;21;1;56;137;83;138;172;171;170;155;155;155;105;93;38;99;97;169;159;89;85;69;139;111;76;120;88;68;66;66;66;66;66;66;
?;?;?;?;?;?;?;?;?;?;?;?;38;37;29;49;48;4;50;65;68;66;66;66;66;10;41;19;15;11;83;138;172;171;170;155;155;155;155;155;155;155;155;105;93;38;37;29;49;48;
?;?;?;?;?;?;?;?;?;?;?;?;1;56;137;105;93;38;37;29;49;48;4;45;41;35;33;31;28;115;72;79;76;120;88;68;66;10;41;19;15;11;83;138;172;171;170;155;155;155;
?;?;?;?;?;?;?;?;?;?;?;?;19;15;11;83;138;172;171;170;155;155;155;155;155;105;93;38;37;29;100;21;1;34;32;30;27;58;78;75;67;50;65;68;66;66;66;10;41;19;
?;?;?;?;?;?;?;?;?;?;?;?;37;29;49;40;17;19;15;11;105;93;38;37;29;49;40;17;19;15;130;126;119;117;114;74;48;4;45;41;19;15;11;83;138;172;105;93;38;37;
?;?;?;?;?;?;?;?;?;?;?;?;17;19;15;130;126;119;99;97;82;14;2;154;173;172;171;170;155;155;155;155;155;155;105;93;38;37;29;49;48;4;50;65;68;66;66;66;10;41;
?;?;?;?;?;?;?;?;?;?;?;?;17;19;15;130;126;119;117;114;74;54;17;106;94;62;60;115;72;54;17;19;15;11;83;138;172;105;93;38;37;29;49;48;4;50;65;68;66;10;
?;?;?;?;?;?;?;?;?;?;?;?;25;22;18;5;12;6;138;172;171;105;93;38;37;29;49;48;4;50;65;54;17;19;15;11;83;138;172;105;93;38;37;29;49;48;4;50;65;68;
?;?;?;?;?;?;?;?;?;?;?;?;1;56;137;105;93;38;37;29;49;48;4;45;41;19;15;11;83;138;172;171;105;93;38;37;29;49;48;10;41;19;15;11;83;138;172;171;105;93;
?;?;?;?;?;?;?;?;?;?;?;?;17;19;15;11;83;138;172;105;93;38;37;29;49;48;4;50;65;68;66;10;41;19;15;11;83;138;172;171;170;155;155;155;105;93;38;99;97;82;
?;?;?;?;?;?;?;?;?;?;?;?;53;44;37;29;49;40;17;19;15;11;83;138;172;171;105;93;38;37;29;49;48;4;50;65;68;45;41;19;15;11;105;93;165;164;162;158;155;155;
?;?;?;?;?;?;?;?;?;?;?;?;56;137;105;93;38;37;29;100;21;1;56;137;83;138;172;171;170;155;105;93;38;37;29;49;48;4;45;41;19;15;11;83;138;129;125;38;37;29;
?;?;?;?;?;?;?;?;?;?;?;?;14;133;128;124;122;109;74;48;4;50;65;68;66;66;66;66;66;66;66;66;66;66;66;10;41;19;15;11;83;138;172;171;170;155;155;155;155;155;
?;?;?;?;?;?;?;?;?;?;?;?;?;138;172;171;105;93;38;37;29;49;48;4;50;65;68;45;41;19;15;11;83;138;172;105;93;38;37;29;49;48;4;50;65;68;45;143;141;118;
?;?;?;?;?;?;?;?;?;?;?;?;38;37;25;22;18;5;12;105;93;38;37;29;49;48;10;41;19;15;11;105;93;38;37;29;100;21;1;56;130;126;119;117;114;74;48;4;50;65;
?;?;?;?;?;?;?;?;?;?;?;?;37;29;49;48;4;50;65;68;66;66;66;66;66;66;66;10;41;19;34;32;30;27;58;78;75;54;17;19;15;11;83;138;172;171;170;155;155;155;
?;?;?;?;?;?;?;?;?;?;?;?;38;37;29;49;40;131;167;156;146;140;112;77;73;54;17;19;15;11;83;138;172;171;170;155;155;105;93;38;37;29;49;48;4;45;41;19;15;11;
?;?;?;?;?;?;?;?;?;?;?;?;171;170;155;155;155;155;155;105;93;38;37;29;49;48;4;45;41;19;15;130;126;119;117;114;74;48;4;50;65;68;66;10;41;19;15;130;126;119;
?;?;?;?;?;?;?;?;?;?;?;?;38;37;29;49;40;17;19;15;11;105;93;165;164;162;158;155;155;155;155;155;155;155;155;155;155;155;155;105;93;38;37;29;100;21;1;56;137;83;
?;?;?;?;?;?;?;?;?;?;?;?;4;45;41;19;15;11;83;138;172;171;105;93;38;37;29;49;48;10;41;19;15;11;83;138;172;171;105;93;38;37;29;49;48;4;50;65;68;66;
?;?;?;?;?;?;?;?;?;?;?;?;38;37;29;100;21;1;56;137;83;138;129;24;95;80;55;64;160;134;104;92;87;52;49;48;4;50;65;68;66;66;66;66;66;66;66;66;10;41;
?;?;?;?;?;?;?;?;?;?;?;?;38;37;29;49;48;4;50;45;143;141;118;116;113;112;77;73;50;65;68;66;66;66;66;66;66;66;66;66;66;10;41;19;15;11;83;138;129;125;
?;?;?;?;?;?;?;?;?;?;?;?;5;12;6;63;53;44;37;29;49;48;4;50;65;68;66;66;10;41;19;15;11;83;63;53;44;37;29;49;48;4;50;65;68;66;66;66;66;66;
?;?;?;?;?;?;?;?;?;?;?;?;1;56;137;83;138;172;171;170;155;155;155;105;93;38;37;29;49;48;4;50;45;41;19;15;11;83;138;172;171;105;93;38;37;29;49;48;10;41;
?;?;?;?;?;?;?;?;?;?;?;?;155;155;155;155;155;155;155;105;93;38;37;29;49;48;4;50;65;68;66;66;66;66;10;41;19;15;11;105;93;38;37;29;49;48;4;50;65;54;
?;?;?;?;?;?;?;?;?;?;?;?;38;37;29;49;48;10;41;19;15;11;83;138;172;171;105;93;38;37;29;49;48;4;50;65;68;45;41;19;15;11;83;138;172;105;93;38;37;29;
?;?;?;?;?;?;?;?;?;?;?;?;41;19;15;11;83;138;172;171;170;155;155;155;155;155;155;155;155;155;155;155;155;155;155;155;105;93;38;37;29;49;48;4;50;65;68;66;66;66;
?;?;?;?;?;?;?;?;?;?;?;?;126;119;117;114;100;21;1;56;137;83;138;172;171;170;155;155;155;155;155;155;155;155;155;155;155;155;105;24;95;80;55;64;135;39;148;147;144;4;
?;?;?;?;?;?;?;?;?;?;?;?;44;37;29;49;48;4;50;65;68;66;10;41;19;15;11;83;138;172;171;170;155;155;155;155;155;155;155;155;155;155;155;155;155;155;155;155;155;155;
?;?;?;?;?;?;?;?;?;?;?;?;93;38;37;29;49;48;4;50;45;41;19;15;11;83;138;129;125;38;37;29;49;48;4;50;65;68;66;66;66;66;66;10;41;19;15;11;83;138;
?;?;?;?;?;?;?;?;?;?;?;?;171;170;155;155;155;155;105;93;38;37;29;49;48;4;50;65;68;66;66;66;66;66;66;66;66;10;41;19;15;11;105;93;38;37;29;49;48;4;
?;?;?;?;?;?;?;?;?;?;?;?;38;37;25;22;18;5;12;105;93;38;37;29;49;48;10;41;19;15;11;83;138;129;125;38;99;97;82;14;2;154;173;105;93;38;99;97;82;14;
?;?;?;?;?;?;?;?;?;?;?;?;166;163;161;157;152;151;138;172;171;170;129;125;38;37;29;49;40;131;167;156;146;140;112;77;73;50;65;54;17;19;15;11;105;93;38;37;29;49;
?;?;?;?;?;?;?;?;?;?;?;?;38;37;29;49;48;4;45;41;19;15;11;83;138;172;171;105;93;38;37;29;49;48;4;50;45;41;19;15;11;83;138;172;171;170;155;155;155;155;
?;?;?;?;?;?;?;?;?;?;?;?;66;66;66;66;10;41;19;15;11;83;138;172;171;170;155;155;155;155;105;93;38;37;29;49;48;4;50;65;68;66;66;66;66;66;66;66;66;66;
?;?;?;?;?;?;?;?;?;?;?;?;48;10;41;19;15;130;126;119;117;114;100;21;0;103;91;86;107;72;79;76;54;17;19;15;11;83;63;53;44;37;29;49;48;4;45;41;19;15;
?;?;?;?;?;?;?;?;?;?;?;?;5;12;6;63;53;44;37;29;49;48;4;50;65;68;66;10;41;19;15;11;83;138;172;171;105;93;38;37;29;49;48;10;41;19;34;32;30;27;
?;?;?;?;?;?;?;?;?;?;?;?;1;56;137;105;93;38;37;29;100;21;1;56;130;126;119;117;114;74;48;10;41;19;15;11;83;138;172;171;170;155;155;155;155;155;105;93;38;99;
?;?;?;?;?;?;?;?;?;?;?;?;117;114;100;21;1;56;137;83;138;172;171;170;155;155;155;155;155;105;93;38;37;29;49;48;4;50;65;68;45;41;19;15;11;83;138;172;105;93;
?;?;?;?;?;?;?;?;?;?;?;?;17;19;34;32;30;27;58;78;75;67;10;41;19;15;11;83;138;172;171;170;155;155;155;105;93;38;37;29;49;48;4;45;41;19;15;11;83;138;
?;?;?;?;?;?;?;?;?;?;?;?;1;56;130;126;119;117;114;74;48;10;41;19;15;130;126;119;117;114;100;21;1;56;137;105;93;38;37;29;49;40;17;19;15;11;83;138;172;171;
?;?;?;?;?;?;?;?;?;?;?;?;38;37;29;100;21;1;56;137;83;63;53;44;37;29;100;21;1;34;32;30;27;26;23;20;16;13;7;138;129;125;38;37;29;49;48;4;50;65;
?;?;?;?;?;?;?;?;?;?;?;?;19;15;11;83;63;53;44;37;29;100;21;1;56;137;83;138;172;171;170;155;155;155;155;105;93;38;37;29;49;48;4;50;65;68;66;66;66;66;
?;?;?;?;?;?;?;?;?;?;?;?;19;15;11;83;138;172;105;93;38;37;29;49;48;4;45;41;19;15;11;83;138;172;171;105;93;38;37;29;49;48;10;41;19;15;11;83;138;129;
?;?;?;?;?;?;?;?;?;?;?;?;?;138;172;171;170;155;155;155;155;155;155;155;105;93;38;37;29;49;48;4;50;65;68;66;66;66;66;66;66;66;66;66;66;66;66;66;66;66;
?;?;?;?;?;?;?;?;?;?;?;?;117;114;100;21;1;56;137;83;138;172;105;93;38;37;29;100;21;1;56;137;83;138;172;171;170;155;155;105;93;38;37;29;49;48;4;50;65;68;
?;?;?;?;?;?;?;?;?;?;?;?;63;53;44;37;29;49;48;4;50;65;54;17;19;15;11;83;138;172;171;170;129;125;38;37;29;49;48;4;45;41;19;15;11;83;63;53;44;37;
?;?;?;?;?;?;?;?;?;?;?;?;44;37;29;100;21;1;56;137;83;138;129;125;38;37;29;49;48;4;50;65;68;66;66;66;66;66;66;66;66;66;66;66;66;10;41;19;15;11;
?;?;?;?;?;?;?;?;?;?;?;?;38;37;25;22;18;5;12;105;93;38;37;29;100;21;1;56;137;83;138;172;105;93;38;37;29;49;48;4;50;45;41;19;15;11;83;138;172;171;
?;?;?;?;?;?;?;?;?;?;?;?;37;29;49;48;4;50;65;68;66;66;66;66;66;66;10;41;35;33;31;28;115;72;79;54;17;19;15;11;83;138;129;125;38;37;29;49;48;4;
?;?;?;?;?;?;?;?;?;?;?;?;172;171;170;155;155;155;155;155;155;105;93;38;37;29;49;48;4;50;65;68;66;66;66;66;66;66;66;66;66;66;10;41;19;15;11;83;138;172;
?;?;?;?;?;?;?;?;?;?;?;?;117;114;100;21;1;56;137;83;138;129;125;38;37;29;100;21;1;56;130;126;119;117;114;100;21;1;56;137;83;138;129;125;38;37;25;22;18;5;
?;?;?;?;?;?;?;?;?;?;?;?;117;114;74;54;17;19;15;11;83;63;53;44;37;29;49;40;17;19;15;11;83;138;172;171;170;155;155;155;105;93;38;37;29;100;21;1;56;137;
?;?;?;?;?;?;?;?;?;?;?;?;50;45;41;19;15;11;83;138;172;171;170;155;155;105;93;38;37;29;49;48;4;50;65;68;66;66;66;10;41;19;15;11;83;63;53;44;37;29;
?;?;?;?;?;?;?;?;?;?;?;?;41;19;15;11;83;138;172;171;170;155;105;93;38;37;29;49;48;4;50;45;41;19;15;11;83;138;172;171;170;155;105;93;38;37;29;49;48;4;
?;?;?;?;?;?;?;?;?;?;?;?;56;137;83;63;53;44;37;29;49;48;10;41;19;15;11;83;138;172;171;170;155;155;155;155;105;93;38;37;29;49;48;4;50;65;68;45;41;19;
?;?;?;?;?;?;?;?;?;?;?;?;5;12;6;138;172;105;93;38;37;29;49;48;4;50;65;68;66;66;66;66;66;66;66;10;41;19;15;11;83;138;172;171;170;155;155;155;155;155;
?;?;?;?;?;?;?;?;?;?;?;?;19;15;11;83;138;172;171;170;155;155;155;155;105;93;38;37;29;49;48;4;50;65;68;66;10;41;19;15;11;83;138;172;171;170;155;155;155;155;
?;?;?;?;?;?;?;?;?;?;?;?;17;19;15;130;126;119;117;25;22;18;5;12;6;63;53;44;37;29;49;48;10;41;19;34;32;30;27;58;150;149;145;142;137;83;138;172;105;93;
?;?;?;?;?;?;?;?;?;?;?;?;17;19;15;130;126;119;117;114;100;21;1;56;137;83;138;172;171;170;155;155;105;93;38;37;29;49;48;4;50;65;54;17;19;34;32;30;27;58;
?;?;?;?;?;?;?;?;?;?;?;?;132;127;123;121;108;78;54;17;19;15;11;83;138;172;171;105;93;38;37;29;49;48;4;50;65;54;17;19;15;11;83;138;172;105;93;38;37;29;
?;?;?;?;?;?;?;?;?;?;?;?;117;114;74;48;4;50;65;68;66;10;41;19;15;11;83;63;53;44;37;29;49;40;17;19;15;11;83;138;172;171;170;155;155;105;93;38;37;29;
?;?;?;?;?;?;?;?;?;?;?;?;66;66;66;66;66;66;66;66;66;66;66;10;41;19;15;11;83;138;172;105;93;38;37;29;49;48;4;45;41;19;15;11;83;138;172;171;170;155;
?;?;?;?;?;?;?;?;?;?;?;?;17;19;15;11;83;63;53;44;37;29;49;48;10;41;19;15;11;83;63;53;44;37;29;49;48;4;50;45;41;19;15;11;83;138;172;105;93;38;
?;?;?;?;?;?;?;?;?;?;?;?;48;4;50;65;68;45;41;19;15;11;105;93;38;37;29;49;48;4;50;45;41;19;15;11;83;138;129;125;38;37;29;49;48;4;50;65;68;66;
?;?;?;?;?;?;?;?;?;?;?;?;50;65;68;66;66;66;66;66;66;66;66;66;66;66;66;66;10;41;19;15;11;83;138;172;171;170;155;155;155;155;155;155;155;155;155;155;155;105;
?;?;?;?;?;?;?;?;?;?;?;?;1;56;137;83;138;129;125;38;37;29;49;48;4;50;65;68;66;66;10;41;19;15;11;105;93;38;37;29;49;48;4;45;41;19;15;11;83;138;
?;?;?;?;?;?;?;?;?;?;?;?;44;37;29;100;21;1;56;137;83;63;53;44;37;29;49;48;4;50;65;68;66;66;66;66;66;66;66;66;66;66;66;66;66;66;10;41;19;15;
?;?;?;?;?;?;?;?;?;?;?;?;117;114;74;54;17;19;15;11;83;63;53;98;96;81;71;47;155;105;93;38;37;25;22;18;5;12;6;138;172;171;105;93;38;37;29;49;40;17;
?;?;?;?;?;?;?;?;?;?;?;?;10;41;19;15;11;83;138;129;125;38;37;29;49;48;4;50;65;68;66;66;10;41;19;15;11;83;138;172;171;170;129;125;38;37;29;49;48;4;
?;?;?;?;?;?;?;?;?;?;?;?;1;56;137;83;138;172;171;170;155;155;155;155;155;105;93;38;37;29;49;48;4;50;65;68;66;66;66;66;66;66;10;41;19;15;11;83;63;53;
?;?;?;?;?;?;?;?;?;?;?;?;38;37;29;100;21;1;56;130;126;119;117;114;74;48;4;45;41;19;15;11;83;138;172;171;170;155;105;93;38;37;29;49;48;4;50;65;68;66;
?;?;?;?;?;?;?;?;?;?;?;?;129;125;38;37;29;49;48;4;45;41;19;15;11;83;138;172;171;170;155;155;155;105;93;38;37;29;49;48;4;50;65;68;45;41;19;15;11;83;
?;?;?;?;?;?;?;?;?;?;?;?;44;37;29;49;48;4;45;41;35;33;31;28;99;97;82;14;2;105;93;38;37;29;49;48;4;50;65;68;66;66;66;66;66;66;66;66;10;41;
?;?;?;?;?;?;?;?;?;?;?;?;18;5;12;105;93;38;37;29;49;48;4;50;65;68;66;66;66;66;10;41;19;15;130;126;119;117;114;74;48;4;50;65;54;17;19;15;11;83;
?;?;?;?;?;?;?;?;?;?;?;?;1;56;130;126;119;117;114;74;54;17;19;15;11;105;93;38;37;29;49;40;17;19;15;11;83;138;172;171;170;155;155;155;155;105;93;38;37;29;
?;?;?;?;?;?;?;?;?;?;?;?;5;12;6;63;53;44;37;29;49;48;4;50;65;68;66;66;66;66;66;10;41;19;15;11;83;138;172;171;170;155;155;155;155;155;155;155;155;155;
?;?;?;?;?;?;?;?;?;?;?;?;117;114;74;54;17;19;15;11;83;138;172;171;170;155;155;155;155;155;155;155;105;93;38;37;25;22;18;5;12;105;93;38;37;29;49;48;4;50;
?;?;?;?;?;?;?;?;?;?;?;?;114;100;21;1;56;137;83;138;172;105;93;38;37;29;49;48;4;50;65;68;66;66;66;66;66;66;66;66;10;41;19;15;11;83;138;172;105;93;
?;?;?;?;?;?;?;?;?;?;?;?;5;12;105;93;38;37;29;100;21;1;56;137;83;138;129;125;38;37;29;100;21;1;56;130;126;119;117;114;74;48;4;50;65;68;66;66;10;41;
?;?;?;?;?;?;?;?;?;?;?;?;1;56;137;83;63;53;44;43;42;36;14;2;154;173;172;171;105;93;38;37;29;49;48;4;50;65;68;66;66;66;66;66;66;66;66;66;66;66;
?;?;?;?;?;?;?;?;?;?;?;?;53;44;43;42;36;46;9;61;59;57;110;75;67;10;41;19;15;11;105;93;38;37;25;22;18;5;12;6;63;53;44;37;29;49;48;4;50;65;
?;?;?;?;?;?;?;?;?;?;?;?;38;37;25;22;18;5;12;6;138;129;125;38;37;25;22;18;5;12;6;63;53;44;37;29;49;48;4;50;65;68;66;66;66;10;41;19;15;11;
?;?;?;?;?;?;?;?;?;?;?;?;117;114;74;48;10;41;19;15;11;83;138;172;171;170;155;155;155;155;155;105;93;38;37;29;100;21;1;56;130;126;119;117;114;74;48;10;41;19;
?;?;?;?;?;?;?;?;?;?;?;?;38;37;29;49;48;4;50;65;68;66;10;41;19;15;11;83;138;172;171;105;93;38;37;29;49;48;4;50;45;41;19;15;11;83;138;172;171;170;
?;?;?;?;?;?;?;?;?;?;?;?;38;37;29;49;48;10;41;35;33;31;28;115;150;149;145;142;137;83;138;172;171;170;129;125;38;37;29;49;48;4;50;65;54;17;19;15;11;83;
?;?;?;?;?;?;?;?;?;?;?;?;38;37;25;22;18;5;12;6;138;129;125;38;37;29;100;21;1;56;137;83;138;129;125;38;37;29;49;48;10;41;19;15;11;83;138;129;125;38;
?;?;?;?;?;?;?;?;?;?;?;?;38;37;29;49;40;17;19;15;11;83;138;172;171;170;155;155;155;105;93;38;37;29;49;48;4;50;65;54;17;19;15;11;83;138;172;171;170;129;
?;?;?;?;?;?;?;?;?;?;?;?;38;37;25;22;18;5;12;6;138;129;125;38;37;29;49;48;4;50;65;68;66;66;66;66;66;66;66;66;66;66;66;10;41;19;15;11;83;138;
?;?;?;?;?;?;?;?;?;?;?;?;93;38;37;29;49;48;10;41;19;15;11;83;138;129;125;38;37;29;49;48;4;45;41;19;15;11;83;138;172;171;170;129;125;38;37;29;49;48;
?;?;?;?;?;?;?;?;?;?;?;?;38;37;29;100;21;1;56;130;126;119;117;114;100;21;1;56;137;83;63;53;44;37;29;49;40;17;19;15;11;83;63;53;44;37;25;22;18;5;
?;?;?;?;?;?;?;?;?;?;?;?;1;56;137;83;63;53;44;43;42;36;14;2;154;173;105;93;38;37;29;49;40;131;167;156;146;140;112;77;73;50;65;68;66;66;66;10;41;19;
?;?;?;?;?;?;?;?;?;?;?;?;172;171;170;129;125;38;37;29;49;48;4;50;65;68;66;66;66;10;41;19;15;130;126;119;117;114;100;21;1;56;137;83;138;172;171;170;155;155;
?;?;?;?;?;?;?;?;?;?;?;?;1;34;32;30;27;58;78;54;17;19;15;11;83;138;172;171;105;93;38;37;29;49;48;4;50;65;68;66;10;41;19;15;11;83;138;172;171;170;
?;?;?;?;?;?;?;?;?;?;?;?;38;37;25;22;18;5;12;6;138;172;105;93;38;37;29;49;48;4;50;65;68;45;41;19;15;11;83;63;53;44;37;29;49;48;4;50;65;68;