State number: 0
000111011
000100011
000000011
001000011
011111011
011100011
011000011
111111011
111110011
111100011
111000011
110000011
100000011
0001000011
0000111011
0000100011
0000000011
0011111011
0011100011
0011000011
0111111011
0111100011
0111000011
0110000011
1111111011
1111110011
1111100011
1111000011
1110000011
1100000011
1000000011
distribution: P(0) = 0.0237581	P(1) = 0.976242	
transitions: T(0) = 2	T(1) = 4	
P(state): 0.0564286

State number: 1
000111111
000011111
000001111
001111111
011111111
011101111
010001111
111111111
111101111
111001111
111011111
110001111
110011111
110111111
100001111
100011111
100111111
101111111
0001111111
0000111111
0000001111
0000011111
0011111111
0011101111
0010001111
0111111111
0111011111
0100011111
0100001111
1111111111
1111101111
1111001111
1111011111
1110001111
1110011111
1110111111
1100001111
1100011111
1100111111
1101111111
1000011111
1000001111
1000111111
1001111111
1011111111
distribution: P(0) = 0.155822	P(1) = 0.844178	
transitions: T(0) = 2	T(1) = 1	
P(state): 0.3375

State number: 2
000111110
000011110
000000010
000000110
000001110
001111110
011111110
111111110
111001110
100001110
100000010
101111110
0001111110
0000111110
0000000110
0000000010
0000001110
0000011110
0011111110
0111111110
1111111110
1111001110
1100001110
1100000010
1101111110
1000011110
1000000010
1000000110
1000001110
1000111110
1001111110
1011111110
distribution: P(0) = 0.982646	P(1) = 0.0173536	
transitions: T(0) = 8	T(1) = 5	
P(state): 0.0569048

State number: 3
000100000
000000000
001100000
001000000
011100000
011000000
010000000
111100000
111000000
110000000
100000000
0001100000
0001000000
0000100000
0000000000
0011100000
0011000000
0010000000
0111100000
0111000000
0110000000
0100000000
1111100000
1111000000
1110000000
1100000000
1000000000
distribution: P(0) = 0.813652	P(1) = 0.186348	
transitions: T(0) = 3	T(1) = 5	
P(state): 0.271905

State number: 4
000000111
001110111
001000111
010000111
111110111
111100111
111000111
110000111
100000111
0001110111
0001000111
0000000111
0010000111
0111110111
0111000111
0110000111
1111110111
1111100111
1111000111
1110000111
1100000111
1000000111
distribution: P(0) = 0.0387168	P(1) = 0.961283	
transitions: T(0) = 2	T(1) = 1	
P(state): 0.055

State number: 5
000100001
000011101
000010001
000000001
001111101
001110001
001100001
011111101
011110001
011100001
011000001
111111101
111111001
111110001
111100001
111000001
110000001
100000001
0001111101
0001110001
0001100001
0000100001
0000000001
0000011101
0000010001
0011111101
0011110001
0011100001
0011000001
0111111101
0111111001
0111110001
0111100001
0111000001
0110000001
0100000001
1111111001
1111111101
1111110001
1111100001
1111000001
1110000001
1100000001
1000000001
distribution: P(0) = 0.0126984	P(1) = 0.987302	
transitions: T(0) = 2	T(1) = 0	
P(state): 0.0580952

State number: 6
000110000
000010000
001110000
011110000
111110000
0001110000
0000110000
0000010000
0011110000
0111110000
1111110000
1001110000
distribution: P(0) = 0.91941	P(1) = 0.0805902	
transitions: T(0) = 3	T(1) = 5	
P(state): 0.0557143

State number: 7
000111000
000011000
000001000
001111000
011111000
111111000
100111000
0001111000
0000111000
0000001000
0000011000
0011111000
0111111000
1111111000
1100111000
distribution: P(0) = 0.958239	P(1) = 0.0417607	
transitions: T(0) = 6	T(1) = 5	
P(state): 0.0536905

State number: 8
000111100
000011100
000000100
000001100
001111100
011111100
111111100
110011100
0001111100
0000111100
0000000100
0000001100
0000011100
0011111100
0111111100
1111111100
1110011100
1000011100
1000000100
1011111100
distribution: P(0) = 0.986711	P(1) = 0.013289	
transitions: T(0) = 7	T(1) = 5	
P(state): 0.0547619

