?;?;?;?;?;?;?;0;3;4;1;8;7;5;9;6;0;3;4;1;8;7;5;2;2;9;6;0;3;4;4;4;4;4;1;8;7;5;2;2;2;2;2;2;2;2;2;9;1;8;
?;?;?;?;?;?;?;7;5;2;9;6;0;3;4;1;8;7;5;2;2;2;9;6;1;8;7;5;2;9;6;0;3;4;4;4;4;1;8;7;5;9;6;0;3;4;4;4;4;1;
?;?;?;?;?;?;?;0;3;4;1;8;7;5;2;9;6;0;3;4;4;1;8;7;9;6;0;3;4;1;8;7;5;2;2;9;6;0;3;4;4;1;8;7;5;2;2;2;2;2;
?;?;?;?;?;?;?;0;3;4;1;8;7;5;2;9;6;0;3;4;4;4;4;4;1;8;7;5;2;2;2;2;2;2;2;9;6;0;3;1;8;7;5;2;2;9;6;0;3;4;
?;?;?;?;?;?;?;4;4;4;4;4;1;8;7;5;2;2;2;2;2;2;2;2;2;2;2;2;2;2;2;2;2;2;9;1;8;7;5;9;6;0;3;4;4;4;4;4;4;4;
?;?;?;?;?;?;?;4;4;4;4;4;4;4;1;8;7;5;2;2;2;2;2;2;2;9;6;0;3;4;4;4;4;4;1;8;7;5;2;2;2;2;2;9;6;0;3;4;4;4;
?;?;?;?;?;?;?;7;5;2;9;6;0;3;4;1;8;7;5;2;9;6;0;3;4;1;8;7;5;2;9;6;0;3;4;4;1;8;7;5;2;9;6;0;3;4;1;8;7;5;
?;?;?;?;?;?;?;8;9;6;0;3;4;1;8;7;5;2;2;2;2;2;9;6;0;1;8;7;5;2;2;2;2;2;9;6;0;3;4;4;4;4;4;1;8;7;5;2;2;2;
?;?;?;?;?;?;?;8;9;6;0;3;4;4;1;8;7;5;2;2;2;2;2;2;9;6;0;3;4;4;4;1;8;7;5;2;2;2;2;2;2;2;9;6;0;3;4;1;8;7;
?;?;?;?;?;?;?;3;4;4;1;8;7;5;2;2;2;9;6;0;3;4;4;4;1;8;7;5;2;2;9;6;0;3;4;4;4;4;1;8;7;5;2;2;2;2;2;2;2;2;
?;?;?;?;?;?;?;7;5;2;9;6;0;3;1;8;7;5;2;2;9;6;0;3;4;4;4;4;4;4;1;8;7;5;2;2;2;2;2;2;2;2;9;6;0;1;8;7;5;2;
?;?;?;?;?;?;?;0;3;1;8;7;5;2;9;6;0;3;4;4;4;4;1;8;7;5;2;2;9;6;0;3;4;4;4;1;9;6;0;3;1;8;7;5;2;2;2;2;2;2;
?;?;?;?;?;?;?;3;4;4;1;8;7;5;2;2;2;2;2;2;2;2;2;2;9;6;0;3;4;4;1;8;7;5;2;2;9;6;0;1;8;7;5;2;9;6;0;3;4;4;
?;?;?;?;?;?;?;0;3;4;1;8;7;5;2;9;6;0;3;4;4;1;8;7;5;2;9;6;0;3;4;4;4;4;1;8;7;5;2;2;2;2;2;9;6;0;3;4;4;4;
?;?;?;?;?;?;?;0;3;1;8;7;5;2;2;2;9;6;0;3;4;4;4;4;4;4;4;4;4;1;8;7;5;2;2;9;6;0;3;4;4;4;4;1;8;7;5;2;2;2;
?;?;?;?;?;?;?;7;5;2;9;6;0;3;4;1;8;7;5;2;2;2;9;6;0;3;1;8;7;5;2;2;2;2;2;2;2;2;2;9;6;0;3;4;4;1;8;7;5;2;
?;?;?;?;?;?;?;5;2;2;2;2;2;2;2;2;2;2;2;2;9;6;0;3;4;4;4;1;8;7;9;6;0;3;4;4;4;4;4;4;4;4;4;4;1;8;7;5;2;2;
?;?;?;?;?;?;?;5;2;2;2;2;9;6;0;3;4;4;4;4;4;4;1;8;7;5;2;2;2;2;2;9;6;0;3;4;1;8;7;5;2;2;9;6;0;3;4;4;4;4;
?;?;?;?;?;?;?;0;3;4;4;1;8;9;6;0;3;4;4;1;8;7;5;2;2;2;2;9;6;0;3;4;4;4;4;4;4;4;4;4;4;4;1;8;7;5;2;2;9;6;
?;?;?;?;?;?;?;2;2;2;2;2;2;2;9;6;0;3;4;4;4;4;4;4;4;4;4;4;4;4;4;1;8;7;5;2;9;6;0;3;4;1;8;7;5;2;2;2;2;2;
?;?;?;?;?;?;?;0;3;4;1;8;7;5;2;9;6;0;3;4;4;4;4;4;4;4;4;4;4;4;4;4;4;4;4;4;4;4;4;1;8;7;5;2;2;2;2;9;6;0;
?;?;?;?;?;?;?;7;9;6;0;3;4;4;4;4;1;8;7;5;2;2;2;2;2;2;2;2;2;2;9;6;0;3;4;4;4;4;4;1;8;7;5;2;9;6;0;3;4;4;
?;?;?;?;?;?;?;3;4;1;8;7;5;2;2;9;6;0;3;4;1;8;7;5;2;2;2;9;6;0;3;1;9;6;0;3;4;4;4;1;8;7;5;2;2;2;2;2;9;6;
?;?;?;?;?;?;?;7;5;9;6;0;3;4;4;4;1;8;7;5;2;2;2;2;2;2;2;2;2;2;2;2;9;6;0;3;4;4;4;4;4;4;4;4;1;8;7;5;2;2;
?;?;?;?;?;?;?;0;3;4;4;4;4;4;4;4;4;1;8;7;5;2;2;2;2;2;2;9;6;0;3;4;4;4;4;4;4;4;1;8;7;5;2;2;2;9;6;0;3;4;
?;?;?;?;?;?;?;7;5;2;2;9;6;0;1;8;7;5;2;9;6;0;3;4;4;4;4;1;8;7;5;9;6;0;3;4;4;4;4;4;4;4;4;4;4;1;8;7;5;2;
?;?;?;?;?;?;?;2;2;2;2;2;2;2;2;2;2;2;2;2;9;6;0;3;4;4;4;4;4;4;4;1;8;7;5;2;9;6;0;3;4;4;4;4;4;4;4;4;4;4;
?;?;?;?;?;?;?;8;7;5;2;2;2;2;2;2;2;2;2;2;9;6;0;3;4;4;1;8;7;5;9;6;0;3;4;4;1;8;7;9;6;0;3;4;4;4;4;4;1;8;
?;?;?;?;?;?;?;4;4;4;4;4;1;8;7;5;2;2;2;2;2;9;6;0;3;4;4;1;8;7;5;2;2;9;6;0;3;4;4;4;1;8;7;5;2;2;2;9;6;0;
?;?;?;?;?;?;?;7;5;9;6;0;3;4;4;4;1;8;7;5;9;6;0;3;4;4;4;4;1;8;7;5;2;2;2;2;2;9;6;0;3;4;4;1;8;7;5;2;2;2;
?;?;?;?;?;?;?;3;4;4;1;8;7;9;6;0;3;4;4;1;8;7;5;2;2;2;9;6;0;1;8;7;5;2;2;2;9;6;0;3;4;4;1;8;7;5;2;2;2;2;
?;?;?;?;?;?;?;9;6;0;3;4;4;4;4;4;4;4;4;4;1;8;7;5;2;2;9;6;0;3;4;4;4;1;8;7;5;2;2;2;2;2;2;9;6;0;3;1;8;7;
?;?;?;?;?;?;?;5;2;2;9;6;0;3;4;4;1;8;7;5;2;2;2;2;2;2;2;2;2;2;9;6;0;3;4;4;4;4;4;1;8;7;5;2;2;2;2;2;9;6;
?;?;?;?;?;?;?;4;4;4;4;4;4;4;4;1;8;7;5;2;2;2;2;2;2;2;2;2;2;2;2;2;2;2;9;1;8;7;5;2;2;2;2;2;2;9;6;0;3;4;
?;?;?;?;?;?;?;8;7;5;2;2;2;2;2;2;2;2;2;2;9;6;0;3;4;4;4;4;4;4;4;4;4;4;4;1;8;7;5;2;2;2;2;2;9;6;0;3;4;4;
?;?;?;?;?;?;?;7;5;2;9;6;0;3;4;4;4;4;4;4;4;4;4;4;4;1;8;7;5;2;2;2;2;2;2;2;2;2;2;2;9;6;0;3;4;4;4;4;4;4;
?;?;?;?;?;?;?;0;3;1;8;7;5;2;2;9;6;0;3;4;4;4;4;4;4;4;4;4;4;4;4;4;4;1;8;7;5;2;2;9;6;0;3;4;4;4;4;4;4;4;
?;?;?;?;?;?;?;0;3;1;8;7;5;2;2;2;9;6;0;3;4;1;8;9;6;0;3;4;4;4;4;4;4;4;4;4;4;4;4;4;4;4;4;4;4;4;4;1;8;7;
?;?;?;?;?;?;?;3;4;1;8;7;5;2;2;9;6;0;3;4;4;4;4;1;8;7;5;2;2;2;2;2;2;2;9;6;0;3;4;4;4;4;1;8;7;5;2;2;2;2;
?;?;?;?;?;?;?;0;3;1;8;7;5;2;2;2;9;6;0;3;4;4;4;4;4;4;4;4;4;4;4;1;8;7;5;2;2;2;2;9;6;0;3;4;4;4;4;4;4;1;
?;?;?;?;?;?;?;0;3;4;4;1;8;7;9;6;0;3;1;8;7;5;2;2;2;9;6;0;3;4;4;4;4;4;1;8;7;5;2;2;2;2;2;2;2;2;2;2;2;2;
?;?;?;?;?;?;?;5;2;2;2;9;6;0;3;4;4;4;1;8;7;5;2;2;2;2;2;2;2;2;2;2;2;9;6;0;3;4;4;4;4;4;1;8;7;5;2;2;2;2;
?;?;?;?;?;?;?;7;5;2;2;2;2;2;2;2;9;6;0;3;4;4;4;4;4;4;4;1;8;7;5;2;2;2;2;2;2;2;9;6;0;3;4;4;4;4;4;4;4;4;
?;?;?;?;?;?;?;5;2;2;9;6;0;3;4;1;8;7;5;9;6;0;3;4;4;4;1;8;7;5;9;6;0;3;4;4;4;1;8;7;5;2;9;6;0;3;4;4;4;4;
?;?;?;?;?;?;?;5;2;2;9;6;0;3;4;4;4;4;4;4;4;4;1;8;7;5;2;2;9;6;0;3;4;4;4;4;1;8;7;5;2;2;9;6;0;3;4;4;4;4;
?;?;?;?;?;?;?;0;3;1;8;7;5;2;2;2;2;9;1;8;7;5;2;2;2;2;9;6;0;3;4;4;4;4;4;4;4;4;1;8;7;5;2;2;2;9;6;0;3;4;
?;?;?;?;?;?;?;7;5;2;2;2;2;2;2;2;2;2;2;2;9;6;0;3;4;4;4;4;4;4;4;4;4;4;1;8;7;5;2;2;2;2;2;2;9;6;0;3;4;4;
?;?;?;?;?;?;?;0;3;4;4;1;8;7;5;2;2;9;6;0;1;8;7;9;6;0;3;4;1;8;7;5;2;2;2;2;2;2;9;6;1;8;9;6;0;3;4;4;4;4;
?;?;?;?;?;?;?;7;5;2;9;6;0;3;4;4;1;8;7;5;9;6;0;3;4;4;1;8;7;5;2;2;2;2;2;2;2;9;6;0;3;4;4;4;4;1;8;7;5;2;
?;?;?;?;?;?;?;7;5;9;6;0;3;4;4;1;8;7;5;2;2;2;2;2;2;2;2;2;9;6;0;3;4;4;4;4;1;8;7;5;2;2;2;2;2;2;2;2;9;6;
?;?;?;?;?;?;?;2;2;2;2;2;2;2;2;2;2;2;2;2;2;2;9;6;0;3;4;4;4;4;4;4;4;4;4;4;4;4;1;8;7;5;2;9;6;0;3;4;4;4;
?;?;?;?;?;?;?;2;2;2;2;9;6;0;3;4;4;4;4;1;8;7;5;2;2;2;2;9;6;0;3;4;4;4;4;4;4;4;4;4;4;4;4;4;4;4;4;4;4;4;
?;?;?;?;?;?;?;2;2;2;2;2;2;9;6;0;3;4;4;4;4;4;1;8;7;5;9;6;0;3;4;4;4;4;4;4;4;4;4;4;4;4;4;4;4;4;4;4;4;4;
?;?;?;?;?;?;?;3;4;4;1;8;7;5;2;2;2;2;2;2;2;2;2;2;9;6;0;3;4;4;4;4;4;4;1;8;7;5;2;2;2;9;6;0;3;4;4;4;4;4;
?;?;?;?;?;?;?;2;2;9;6;0;3;4;4;4;4;4;4;4;4;1;8;7;5;9;6;0;3;4;4;4;4;4;1;8;7;9;6;0;3;4;4;4;4;4;4;4;4;4;
?;?;?;?;?;?;?;0;3;1;8;7;5;2;2;9;6;0;3;4;4;1;8;7;9;6;0;3;4;4;1;8;7;5;2;2;9;6;0;3;4;4;4;4;4;4;4;1;8;7;
?;?;?;?;?;?;?;7;5;2;9;6;0;3;4;1;8;7;5;2;2;2;2;2;2;9;6;0;3;4;4;4;4;4;4;1;8;7;5;2;2;2;9;6;0;1;8;7;5;2;
?;?;?;?;?;?;?;7;5;2;9;6;0;3;4;4;4;4;1;9;6;0;3;4;1;8;7;5;2;2;2;2;2;2;2;2;2;2;2;2;2;9;6;0;3;4;4;4;4;4;
?;?;?;?;?;?;?;4;4;4;4;4;4;1;8;7;5;2;2;2;9;6;0;1;8;7;5;2;2;2;2;2;2;2;2;2;9;6;0;3;4;1;8;7;5;2;2;2;2;9;
?;?;?;?;?;?;?;9;6;0;3;4;4;4;4;4;4;4;4;4;4;4;4;4;4;4;4;4;4;4;1;8;7;5;2;2;2;2;2;2;2;2;2;2;2;2;2;2;2;2;
?;?;?;?;?;?;?;1;8;7;5;2;2;2;9;6;0;3;4;4;4;4;4;1;8;7;5;2;2;2;2;9;6;0;3;4;4;4;4;4;4;4;4;4;4;4;4;4;4;4;
?;?;?;?;?;?;?;5;2;9;6;0;3;4;4;1;8;7;5;2;2;9;6;0;3;4;1;8;7;5;2;2;9;6;0;3;1;8;7;9;6;0;3;4;4;4;4;4;4;4;
?;?;?;?;?;?;?;7;5;9;6;0;3;4;4;1;8;7;5;2;2;9;6;0;3;4;1;8;7;5;2;2;2;2;2;2;2;2;2;2;2;9;6;0;3;4;4;4;4;4;
?;?;?;?;?;?;?;0;3;4;4;1;8;7;5;2;2;2;2;2;2;2;2;2;2;9;6;0;3;4;1;8;7;5;2;9;6;0;3;4;4;4;1;8;7;5;2;2;9;6;
?;?;?;?;?;?;?;7;5;2;9;6;0;3;4;1;8;7;5;2;2;9;6;0;3;4;4;4;4;4;4;4;4;4;4;4;4;1;8;7;9;6;0;3;4;1;8;7;5;2;
?;?;?;?;?;?;?;0;3;4;1;8;7;5;2;2;2;2;9;6;0;3;4;4;4;1;8;7;5;2;2;2;2;2;9;6;0;3;4;4;4;4;4;1;8;7;5;2;2;2;
?;?;?;?;?;?;?;3;4;1;8;7;5;2;2;9;6;0;3;4;1;8;7;5;9;6;0;3;4;4;4;1;8;7;5;2;2;2;2;2;2;2;9;6;0;3;4;4;4;4;
?;?;?;?;?;?;?;3;4;4;1;8;7;5;2;9;6;0;3;1;8;7;5;2;2;9;6;0;3;4;1;8;7;9;6;0;3;4;4;4;4;1;8;7;5;2;9;6;0;3;
?;?;?;?;?;?;?;3;4;4;1;8;7;5;2;2;9;6;0;3;1;8;7;5;2;2;9;6;0;3;4;1;8;7;5;2;9;6;0;3;4;4;1;8;7;5;2;2;2;2;
?;?;?;?;?;?;?;4;4;4;4;4;4;4;4;4;4;4;4;4;4;4;4;1;8;7;5;2;2;2;2;2;2;2;2;2;2;2;2;2;2;2;2;2;2;2;2;2;9;6;
?;?;?;?;?;?;?;0;3;1;8;7;5;2;2;9;6;0;3;4;4;4;4;1;8;7;5;2;2;2;2;2;2;9;6;0;3;4;4;4;1;8;7;5;2;2;2;9;6;0;
?;?;?;?;?;?;?;9;6;0;3;4;4;4;1;8;7;5;2;2;2;2;2;9;6;0;3;4;4;4;4;4;4;4;1;8;7;5;2;2;2;2;2;9;6;0;3;4;4;4;
?;?;?;?;?;?;?;7;5;9;6;0;3;4;4;4;1;8;7;5;2;2;2;2;2;2;2;9;6;0;3;4;4;4;4;1;8;7;5;2;2;2;2;2;9;6;0;3;4;4;
?;?;?;?;?;?;?;3;4;1;8;7;5;2;2;9;6;0;3;4;4;1;8;7;5;2;2;9;6;0;3;1;8;7;5;2;2;2;2;2;9;6;0;3;4;4;4;4;4;4;
?;?;?;?;?;?;?;7;5;2;9;6;0;3;4;1;8;7;5;9;6;0;3;4;4;4;4;4;1;8;7;5;2;2;2;2;2;2;9;6;1;8;7;5;2;2;2;2;2;2;
?;?;?;?;?;?;?;2;9;6;0;3;1;8;7;5;2;2;2;2;9;6;0;3;4;4;4;4;4;4;4;4;4;4;4;4;4;4;4;4;4;4;4;4;4;4;4;4;4;4;
?;?;?;?;?;?;?;5;2;2;9;6;0;3;1;8;7;5;2;2;9;6;0;3;4;4;4;4;4;4;1;8;7;5;2;2;9;6;0;3;4;1;8;7;5;2;2;2;2;2;
?;?;?;?;?;?;?;5;2;9;6;0;3;4;4;4;1;8;7;5;2;2;2;2;2;2;2;2;2;9;6;0;3;4;4;4;4;4;4;4;4;4;4;1;8;7;5;2;2;2;
?;?;?;?;?;?;?;7;5;2;9;6;0;3;4;4;1;8;7;5;9;6;0;3;1;8;7;5;2;2;2;2;2;9;6;0;3;4;4;4;4;4;4;1;8;7;5;2;2;2;
?;?;?;?;?;?;?;0;3;1;8;7;5;2;2;9;6;0;3;4;4;1;8;7;5;2;2;2;9;6;0;3;4;4;4;4;4;4;4;4;4;4;4;1;8;7;5;2;2;2;
?;?;?;?;?;?;?;5;2;2;9;6;0;3;4;4;4;4;4;1;8;7;5;2;2;2;2;9;6;0;3;4;4;4;4;4;4;1;8;7;5;2;2;2;2;2;2;2;2;2;
?;?;?;?;?;?;?;5;2;9;6;0;3;4;4;1;8;7;5;2;2;2;9;6;0;3;4;4;4;4;4;4;4;4;4;4;4;4;4;4;4;4;1;8;7;5;2;2;2;2;
?;?;?;?;?;?;?;0;3;4;4;1;8;7;5;9;6;0;3;4;4;4;1;8;7;5;2;2;2;2;2;2;9;6;0;3;4;4;4;4;1;8;7;5;2;2;2;2;2;2;
?;?;?;?;?;?;?;8;7;5;2;2;2;2;2;2;2;9;6;0;3;4;4;4;4;1;8;7;5;2;2;2;9;6;0;3;4;4;4;4;4;4;4;4;1;8;7;5;2;2;
?;?;?;?;?;?;?;7;5;2;9;6;0;3;4;4;1;8;7;5;2;9;6;0;3;4;4;4;4;4;4;4;4;4;4;4;4;1;8;7;5;2;2;2;2;2;2;2;2;2;
?;?;?;?;?;?;?;7;5;2;2;9;6;0;3;4;1;8;7;5;9;6;0;3;4;4;1;8;7;9;6;0;3;4;4;4;1;8;7;9;6;0;3;4;4;4;4;4;1;8;
?;?;?;?;?;?;?;0;3;1;8;7;5;2;2;9;6;0;3;4;4;4;4;4;4;4;4;4;4;4;4;1;8;7;5;2;2;2;9;6;0;3;4;4;4;4;4;1;8;7;
?;?;?;?;?;?;?;5;2;2;2;2;2;2;2;2;2;2;2;9;6;0;3;4;4;4;4;4;4;4;1;8;7;5;2;2;9;6;0;3;4;4;4;4;4;4;4;4;1;8;
?;?;?;?;?;?;?;0;3;4;1;8;7;5;2;9;6;0;3;1;8;7;5;2;2;9;6;0;3;4;4;4;4;1;8;9;6;0;3;4;1;8;7;5;2;2;2;2;2;2;
?;?;?;?;?;?;?;7;5;2;2;9;6;1;8;7;5;2;2;9;6;0;3;4;1;8;7;5;2;2;2;2;2;9;6;0;3;4;4;4;4;1;8;7;5;2;2;9;6;0;
?;?;?;?;?;?;?;4;1;8;7;5;9;6;0;3;4;4;1;8;7;5;2;2;2;2;2;9;6;0;3;4;4;4;4;4;4;1;8;7;5;2;2;2;2;2;2;2;2;2;
?;?;?;?;?;?;?;2;2;2;2;2;2;9;6;0;3;4;4;4;4;4;4;1;8;7;5;9;6;0;3;4;4;4;4;4;1;8;7;5;2;2;2;9;6;0;3;4;1;8;
?;?;?;?;?;?;?;3;4;4;4;1;8;7;5;2;2;9;6;0;3;4;4;4;4;4;4;4;4;4;1;8;7;5;2;2;2;2;2;2;2;2;2;2;2;2;2;2;2;2;
?;?;?;?;?;?;?;7;5;2;2;9;6;0;3;1;8;7;5;2;2;9;6;0;3;1;8;7;5;2;9;6;0;3;4;4;4;4;4;1;8;9;6;0;3;4;4;4;4;4;
?;?;?;?;?;?;?;3;4;4;1;8;7;5;2;2;2;2;9;1;8;7;5;2;2;2;9;6;0;3;1;8;7;5;2;2;2;2;2;2;9;6;0;3;4;4;4;4;4;4;
?;?;?;?;?;?;?;3;4;4;1;8;7;5;2;2;9;6;0;3;1;8;7;5;2;2;2;2;2;2;2;2;2;2;9;6;0;3;4;4;4;4;4;4;4;4;4;4;4;4;
?;?;?;?;?;?;?;0;3;4;1;8;7;5;9;6;0;3;4;1;8;7;5;2;2;9;6;0;3;4;4;4;4;4;1;8;7;5;2;2;2;2;2;2;2;2;2;2;2;2;
?;?;?;?;?;?;?;5;2;9;6;0;3;4;4;4;1;8;7;5;2;2;9;6;0;3;4;4;4;4;4;4;4;1;8;7;5;2;2;2;2;2;2;2;2;2;2;2;2;9;
?;?;?;?;?;?;?;3;4;4;4;1;8;7;5;2;2;2;9;6;0;1;8;7;5;2;2;2;2;2;2;2;2;2;2;9;6;0;3;4;4;4;4;4;4;4;1;8;7;5;
?;?;?;?;?;?;?;7;5;9;6;0;3;4;4;4;4;1;9;6;0;3;4;4;4;1;8;7;5;2;2;2;2;2;2;2;2;2;2;2;2;2;2;2;2;9;6;0;3;4;
?;?;?;?;?;?;?;7;5;2;2;9;6;0;3;4;1;8;7;5;9;6;0;3;1;8;7;5;2;2;2;2;2;2;2;2;9;6;0;3;4;4;4;4;4;4;1;8;7;5;
?;?;?;?;?;?;?;0;3;4;4;4;4;4;4;1;8;7;5;2;2;2;2;2;2;2;2;2;9;6;0;3;4;1;8;7;5;2;2;2;2;2;2;9;6;0;3;4;4;4;
?;?;?;?;?;?;?;0;1;8;7;5;2;2;2;2;2;9;6;0;3;4;4;4;4;4;4;4;4;4;1;8;7;5;2;2;2;2;2;2;2;9;6;0;3;4;4;4;4;4;
?;?;?;?;?;?;?;4;4;4;4;4;4;4;4;1;8;7;5;2;2;2;2;2;2;2;2;2;2;2;2;2;2;2;2;2;2;2;2;2;9;6;0;3;4;4;4;4;4;4;
?;?;?;?;?;?;?;5;2;2;2;9;6;0;3;4;1;8;7;5;2;2;9;6;0;3;4;4;4;4;4;4;4;4;1;8;7;5;2;2;9;6;0;3;4;4;4;4;4;4;
?;?;?;?;?;?;?;7;5;2;9;6;0;3;4;1;8;7;5;2;2;2;2;2;2;2;2;2;9;6;0;1;8;9;6;0;3;4;4;4;4;4;4;4;4;4;4;4;4;4;
?;?;?;?;?;?;?;7;5;2;9;6;0;3;4;4;4;4;4;4;4;4;4;4;4;1;8;7;5;2;2;2;2;2;2;2;2;2;2;2;2;2;2;9;6;0;3;4;4;4;
?;?;?;?;?;?;?;0;3;4;1;8;7;5;2;9;6;0;3;4;4;4;4;1;8;9;6;0;3;4;4;4;4;4;4;4;4;1;8;7;5;2;2;2;2;2;2;2;2;2;
?;?;?;?;?;?;?;3;4;4;1;8;7;5;2;2;2;2;2;2;2;2;2;2;2;9;6;0;3;4;1;8;7;9;6;0;3;4;4;4;4;4;4;4;4;4;4;1;8;7;
?;?;?;?;?;?;?;5;2;9;6;0;3;4;4;1;8;7;5;2;9;6;0;3;4;4;1;8;7;5;9;6;0;3;4;4;4;4;1;8;7;5;2;2;2;2;9;6;0;3;
?;?;?;?;?;?;?;0;3;4;4;1;8;7;5;9;6;0;1;8;7;5;2;2;2;2;2;2;2;2;2;2;2;2;9;6;0;3;4;4;4;4;4;4;4;4;4;4;1;8;
?;?;?;?;?;?;?;0;3;4;4;1;8;7;5;9;6;0;3;4;4;1;8;9;6;0;3;4;4;1;8;7;5;2;2;2;2;9;6;0;3;4;4;4;4;4;4;4;4;1;
?;?;?;?;?;?;?;2;9;6;0;3;1;8;7;5;2;2;2;2;2;9;6;0;3;4;4;4;4;4;4;1;8;7;5;2;2;2;2;9;6;0;3;4;4;4;4;4;4;4;
?;?;?;?;?;?;?;0;3;4;1;8;7;5;2;9;6;0;3;4;4;4;4;1;8;7;5;2;2;2;2;2;9;6;0;3;4;4;4;1;8;7;5;2;2;2;2;2;9;6;
?;?;?;?;?;?;?;0;3;4;4;1;8;7;5;2;2;2;2;9;6;0;3;4;4;4;4;4;4;4;4;1;8;7;5;2;2;2;2;2;2;2;2;2;9;6;0;1;8;7;
?;?;?;?;?;?;?;7;5;2;2;9;6;0;3;4;4;1;8;7;5;2;2;2;2;2;9;6;0;3;4;4;4;4;4;4;4;1;8;7;5;2;9;6;1;8;7;5;2;2;
?;?;?;?;?;?;?;3;4;1;8;7;5;2;9;6;0;3;4;1;8;7;5;2;2;2;2;2;2;2;9;6;0;3;4;4;4;4;1;8;7;5;2;2;2;9;6;0;3;4;
?;?;?;?;?;?;?;6;0;1;8;7;5;9;6;0;3;4;4;4;4;4;4;4;4;4;4;4;4;4;4;4;4;4;4;1;8;7;5;2;2;2;2;2;2;2;2;2;2;2;
?;?;?;?;?;?;?;1;8;7;5;2;2;2;2;2;9;6;0;3;4;4;4;4;4;4;4;1;8;7;5;2;2;2;2;9;6;0;3;4;4;4;4;4;4;4;1;9;6;0;
?;?;?;?;?;?;?;7;5;2;9;6;0;3;1;8;7;5;2;9;6;0;3;4;4;4;1;8;7;5;2;9;6;0;3;4;1;8;7;5;9;6;0;3;4;4;4;4;4;4;
?;?;?;?;?;?;?;2;2;9;6;0;3;4;4;4;4;4;4;4;4;4;4;4;4;4;4;1;8;7;9;6;0;3;4;4;4;1;8;7;5;2;2;2;2;2;2;2;2;2;
?;?;?;?;?;?;?;7;5;2;9;6;0;3;4;4;1;9;6;0;3;4;4;4;4;1;8;7;5;2;2;2;2;2;2;2;2;9;6;0;3;4;4;4;4;1;8;7;5;2;
?;?;?;?;?;?;?;5;2;2;2;2;2;2;2;2;2;2;2;9;6;0;3;4;4;4;4;1;8;7;5;9;6;0;3;4;4;4;4;4;4;4;4;1;8;7;5;9;6;0;
?;?;?;?;?;?;?;7;5;2;9;6;0;3;4;4;1;8;7;5;2;9;6;1;8;7;5;2;2;2;2;2;2;2;2;2;2;2;2;9;6;0;3;4;1;8;7;5;2;2;
?;?;?;?;?;?;?;0;3;4;4;4;4;1;8;7;5;2;2;2;2;2;9;6;0;3;4;4;4;1;8;7;5;2;2;2;2;2;9;6;0;3;4;4;4;4;4;4;4;4;
?;?;?;?;?;?;?;7;5;2;9;6;0;3;4;1;8;7;5;2;2;2;9;1;8;7;5;2;2;9;6;0;3;4;4;4;4;4;4;4;4;4;4;4;4;4;4;4;1;8;
?;?;?;?;?;?;?;2;2;2;9;6;0;3;4;4;4;4;4;1;9;6;0;3;4;4;4;4;4;4;4;4;4;4;4;4;4;4;4;4;4;1;8;7;5;2;2;2;9;6;
?;?;?;?;?;?;?;0;3;1;8;7;5;2;2;9;6;0;3;4;4;4;4;4;4;4;4;4;1;8;7;5;2;2;9;6;0;3;4;4;4;4;4;4;4;4;4;4;4;4;
?;?;?;?;?;?;?;0;3;4;1;8;7;5;2;2;2;2;2;2;2;2;2;9;6;0;3;4;4;4;4;4;1;8;7;5;2;2;2;2;2;9;6;0;3;4;4;4;1;8;
?;?;?;?;?;?;?;2;2;2;2;2;2;2;2;2;2;2;2;9;6;0;3;4;4;4;4;4;4;4;4;4;4;4;1;8;7;5;2;9;6;0;3;4;4;4;4;4;4;1;
?;?;?;?;?;?;?;2;2;2;9;6;0;3;4;4;4;1;8;7;5;2;2;2;2;2;9;6;0;3;4;4;4;4;4;4;4;1;8;7;5;2;2;2;2;9;6;0;3;4;
?;?;?;?;?;?;?;4;4;4;4;1;8;7;5;2;2;2;2;2;2;2;2;2;2;2;2;2;2;2;2;2;2;2;2;2;9;6;0;3;4;4;4;4;4;4;4;4;4;4;
?;?;?;?;?;?;?;1;8;7;5;9;6;0;3;4;1;8;7;5;2;2;2;2;2;2;2;2;2;2;2;2;2;2;2;2;2;2;9;1;8;7;5;2;9;6;0;3;4;4;
?;?;?;?;?;?;?;5;2;2;9;6;0;3;4;4;4;4;4;4;4;4;1;8;7;5;2;2;2;2;2;2;2;2;2;2;2;2;2;2;2;2;2;2;2;2;2;2;2;2;
?;?;?;?;?;?;?;2;2;2;2;9;6;0;3;4;4;4;4;4;1;8;7;5;2;2;2;9;6;0;3;4;4;4;4;4;4;4;4;4;4;4;4;1;8;7;5;2;2;2;
?;?;?;?;?;?;?;5;2;2;2;2;2;2;2;2;2;2;9;6;0;3;4;4;4;4;4;4;4;4;4;4;4;4;4;4;4;1;8;7;5;2;9;6;0;3;4;4;4;4;
?;?;?;?;?;?;?;7;5;2;9;6;0;3;1;8;7;5;2;9;6;0;3;4;4;4;1;8;7;5;2;2;2;9;6;0;1;8;7;5;2;2;2;9;6;0;1;8;7;5;
?;?;?;?;?;?;?;9;6;0;3;4;1;8;7;5;2;2;2;2;2;2;9;6;0;3;4;4;1;9;6;0;3;4;4;4;4;4;4;1;8;7;5;2;9;6;0;3;4;4;
?;?;?;?;?;?;?;7;5;2;9;6;0;3;4;4;4;4;1;8;7;5;2;2;2;2;2;9;6;0;3;4;4;4;4;4;1;8;7;5;2;2;2;2;2;2;2;2;2;2;
?;?;?;?;?;?;?;4;4;4;4;4;4;4;4;4;1;8;7;5;2;2;2;2;2;2;2;2;2;2;9;6;0;3;4;4;4;4;4;4;4;4;4;4;4;4;4;4;4;4;
?;?;?;?;?;?;?;6;0;3;4;4;4;1;8;7;5;9;6;0;3;4;1;8;9;6;0;3;4;4;4;4;1;8;7;5;2;2;9;6;0;3;4;4;4;4;1;8;7;5;
?;?;?;?;?;?;?;0;3;1;8;7;5;2;2;9;6;0;3;4;4;4;4;4;4;4;4;1;8;7;5;2;2;2;2;2;9;6;0;3;4;4;4;1;8;7;9;6;0;3;
?;?;?;?;?;?;?;0;3;4;1;8;7;5;2;9;6;0;3;4;1;8;7;5;9;6;0;3;4;4;4;1;8;7;5;2;2;2;2;2;2;2;2;2;2;2;9;6;0;1;
?;?;?;?;?;?;?;7;5;9;6;0;3;4;1;8;7;5;2;2;2;2;2;2;2;2;2;2;2;9;6;0;3;4;4;4;4;4;4;4;1;8;7;5;2;2;2;2;9;6;
?;?;?;?;?;?;?;0;3;4;4;1;8;7;9;6;0;3;4;4;4;4;1;8;7;5;2;2;2;2;2;2;2;2;2;9;6;0;3;4;4;4;4;1;8;7;5;2;2;2;
?;?;?;?;?;?;?;0;3;4;1;8;7;5;9;6;0;3;4;4;4;1;8;7;5;9;6;0;3;4;1;8;7;5;2;9;6;0;3;4;4;1;8;7;5;2;2;2;2;2;
?;?;?;?;?;?;?;7;5;2;9;6;0;3;4;1;8;7;5;2;2;9;6;0;3;4;1;8;7;9;6;0;3;1;8;7;5;2;2;2;9;6;0;3;4;4;4;4;4;4;
?;?;?;?;?;?;?;3;4;4;1;8;7;5;2;2;9;6;0;3;4;1;8;7;5;2;2;2;2;2;2;2;2;2;2;9;6;0;3;4;4;4;4;4;4;4;4;4;4;4;
?;?;?;?;?;?;?;3;4;4;1;8;7;5;2;2;2;2;9;6;0;3;4;4;4;4;1;8;7;5;2;2;2;2;2;9;6;0;3;4;4;4;1;8;7;5;2;2;2;9;
?;?;?;?;?;?;?;1;8;7;5;2;2;2;2;2;2;2;2;2;2;2;2;2;9;6;0;3;4;4;4;4;4;4;4;4;4;4;4;4;4;4;4;4;4;4;4;4;4;4;
?;?;?;?;?;?;?;7;5;9;6;0;3;4;1;8;7;5;2;2;2;2;9;6;0;3;4;1;8;7;5;2;2;2;2;2;2;2;2;9;6;0;3;4;4;4;4;4;4;4;
?;?;?;?;?;?;?;8;7;5;2;2;9;6;0;3;4;4;4;4;4;4;1;8;7;5;2;2;2;2;2;2;9;6;0;3;4;4;4;4;1;8;7;5;2;2;9;6;0;3;
?;?;?;?;?;?;?;5;2;2;9;6;0;3;4;1;8;7;5;2;2;2;9;6;0;3;4;4;4;4;4;4;4;4;4;4;4;4;4;4;4;4;4;4;4;1;8;7;5;2;
?;?;?;?;?;?;?;7;5;2;9;6;0;3;1;8;7;5;2;9;6;0;3;4;1;8;7;5;2;2;2;2;9;6;0;3;4;4;4;4;4;1;8;7;5;2;2;2;2;2;
?;?;?;?;?;?;?;5;2;9;6;0;3;4;4;4;4;4;4;4;4;4;4;4;4;4;1;8;9;6;0;3;4;4;4;1;8;7;5;2;2;2;9;6;0;3;4;4;4;4;
?;?;?;?;?;?;?;7;5;2;2;2;2;2;2;2;2;2;2;2;2;9;6;0;3;4;4;4;4;4;4;4;4;4;4;4;4;4;4;4;4;4;1;8;7;5;2;2;2;2;
?;?;?;?;?;?;?;7;5;9;6;0;3;4;1;8;7;5;2;2;2;9;6;0;3;4;1;8;7;5;9;6;0;3;4;1;8;7;5;2;2;2;9;6;0;3;1;8;7;5;
?;?;?;?;?;?;?;7;5;9;6;0;3;4;4;1;8;7;5;2;2;9;6;0;3;4;4;1;8;7;5;2;2;2;2;2;2;2;2;2;9;6;0;3;4;1;8;7;5;2;
?;?;?;?;?;?;?;3;4;4;4;4;4;1;8;7;5;2;2;2;2;2;2;2;2;9;6;0;3;4;4;4;4;4;4;4;4;4;4;1;8;7;5;2;2;9;6;0;3;4;
?;?;?;?;?;?;?;4;4;4;4;1;8;7;5;2;2;2;2;2;2;2;9;6;0;3;4;4;4;4;4;1;8;7;5;2;2;2;2;2;2;2;9;6;0;3;4;4;4;4;
?;?;?;?;?;?;?;3;4;1;8;7;5;2;2;9;6;0;3;4;4;4;1;8;7;5;2;2;2;2;2;2;2;2;2;2;9;6;0;3;4;4;4;4;4;4;4;1;8;7;
?;?;?;?;?;?;?;0;3;1;8;7;5;2;2;2;2;9;6;0;3;4;4;4;4;4;4;4;4;4;4;4;4;4;4;1;8;7;5;2;2;2;2;2;2;2;2;2;2;2;
?;?;?;?;?;?;?;4;4;4;1;8;7;5;2;2;2;2;2;2;2;2;2;2;9;6;0;3;4;4;4;4;4;4;4;4;1;8;7;5;2;2;2;2;2;2;2;2;2;2;
?;?;?;?;?;?;?;0;3;4;4;1;8;7;5;9;6;0;3;1;8;7;5;2;2;9;6;0;3;4;4;4;1;8;7;9;6;0;3;4;1;8;7;5;2;2;2;2;9;6;
?;?;?;?;?;?;?;0;3;4;4;1;8;7;5;9;6;0;3;4;1;8;7;5;2;2;2;2;2;2;2;2;9;6;0;3;4;4;4;4;4;4;1;8;7;9;6;0;3;4;
?;?;?;?;?;?;?;0;3;1;8;7;9;6;0;3;4;4;1;8;7;5;2;2;2;2;2;9;6;0;3;4;4;4;4;4;4;1;8;7;5;2;2;2;2;9;6;0;3;4;
?;?;?;?;?;?;?;7;5;9;6;0;3;4;4;4;4;4;4;4;4;1;8;7;5;2;2;9;6;0;3;4;4;1;8;7;5;2;2;2;2;2;2;2;2;9;6;0;3;4;
?;?;?;?;?;?;?;4;4;4;4;4;4;4;4;4;4;4;4;4;4;4;4;1;8;7;5;2;2;2;2;9;6;0;3;4;4;4;4;1;8;7;5;2;2;2;2;2;2;2;
?;?;?;?;?;?;?;0;3;4;4;1;8;7;5;2;2;9;6;0;3;4;4;4;1;8;7;5;2;2;9;6;0;3;4;4;4;4;4;1;8;7;5;2;2;2;2;9;6;0;
?;?;?;?;?;?;?;6;0;3;4;4;4;4;4;4;4;1;8;7;5;2;9;6;0;3;4;4;4;4;4;1;8;7;5;2;2;2;9;6;0;3;4;4;4;4;4;4;4;4;
?;?;?;?;?;?;?;3;4;4;4;4;4;4;4;4;4;4;4;4;4;4;4;4;4;4;4;4;1;8;7;5;2;2;2;2;2;2;2;2;2;2;2;2;2;2;2;2;2;9;
?;?;?;?;?;?;?;0;3;4;1;8;7;5;2;2;2;9;6;0;3;4;4;4;4;4;4;4;4;4;1;8;7;5;2;9;6;0;3;4;4;4;4;1;8;7;5;2;2;2;
?;?;?;?;?;?;?;5;2;2;9;6;0;3;4;1;8;7;5;2;2;9;6;0;3;4;4;4;4;4;4;4;4;4;4;4;4;4;4;4;4;4;4;4;4;4;1;8;7;5;
?;?;?;?;?;?;?;7;5;9;6;0;3;4;4;1;8;7;5;2;2;9;6;1;8;7;5;2;2;9;6;0;3;1;8;7;5;2;2;2;2;2;9;6;0;3;4;4;1;8;
?;?;?;?;?;?;?;4;4;4;4;4;1;8;7;5;2;2;2;9;6;0;3;4;4;4;4;4;4;4;4;4;1;8;7;5;2;2;2;2;2;2;9;6;0;3;4;4;4;4;
?;?;?;?;?;?;?;0;3;4;1;8;7;5;2;2;2;2;2;2;2;2;2;2;2;9;6;0;3;4;4;4;4;4;4;4;4;4;4;4;4;4;1;8;7;5;2;2;9;6;
?;?;?;?;?;?;?;7;5;2;9;6;0;3;4;1;8;7;5;9;6;0;3;4;4;4;4;1;8;7;5;2;2;2;2;2;2;2;9;6;0;3;4;4;4;4;4;4;4;4;
?;?;?;?;?;?;?;7;5;2;2;2;9;6;0;3;4;4;4;4;1;8;7;5;2;2;2;2;2;2;2;2;2;9;6;0;3;4;4;4;4;4;4;4;1;8;7;5;2;2;
?;?;?;?;?;?;?;5;2;2;9;6;0;3;4;4;4;4;1;8;9;6;0;3;1;8;7;5;2;9;6;0;3;4;4;4;4;4;4;4;4;4;4;4;4;4;4;4;1;8;
?;?;?;?;?;?;?;6;0;3;1;8;7;5;2;9;6;0;3;4;4;4;4;4;4;4;4;4;4;4;1;8;7;5;9;6;0;3;4;4;4;4;4;4;1;8;7;5;2;2;
?;?;?;?;?;?;?;0;3;4;1;8;7;5;9;6;0;3;4;4;1;8;7;5;2;9;6;0;3;4;4;1;8;7;5;2;2;2;2;2;2;2;2;2;2;9;6;0;3;4;
?;?;?;?;?;?;?;0;3;1;8;7;5;2;2;9;6;0;3;4;4;4;4;4;4;4;4;4;4;4;4;1;8;7;5;2;2;2;2;2;2;2;2;2;2;2;2;2;2;2;
?;?;?;?;?;?;?;7;5;9;6;0;3;4;4;1;8;7;5;2;2;2;2;2;2;2;2;2;2;2;2;2;9;6;0;3;1;8;7;5;2;9;6;0;3;4;4;4;4;4;
?;?;?;?;?;?;?;5;9;6;0;3;4;1;8;7;5;2;2;2;2;9;6;0;3;4;4;4;4;4;4;4;4;4;4;4;4;4;4;4;1;8;7;5;2;2;2;2;9;6;
?;?;?;?;?;?;?;0;3;1;8;7;5;2;9;6;0;3;4;1;8;7;5;2;2;2;9;6;0;3;4;1;8;7;5;9;6;0;3;4;4;4;4;4;4;4;4;4;1;8;
?;?;?;?;?;?;?;0;3;4;1;8;7;5;2;2;9;6;0;1;8;7;5;2;2;2;2;2;9;6;0;3;4;4;4;4;4;4;4;4;4;4;4;4;4;4;4;4;4;4;
?;?;?;?;?;?;?;7;5;2;2;9;6;0;1;8;7;9;6;0;3;4;4;4;4;1;8;7;5;2;9;6;0;3;1;8;7;5;2;2;9;6;0;3;4;4;4;4;4;4;
?;?;?;?;?;?;?;7;5;2;9;6;0;3;1;8;7;5;2;2;2;9;6;0;3;1;8;7;5;2;2;9;6;0;3;4;4;4;4;4;4;4;4;4;4;1;8;7;5;2;
?;?;?;?;?;?;?;7;5;9;6;0;3;4;4;4;1;8;7;5;2;2;2;2;2;2;2;2;2;2;2;9;6;0;3;4;1;8;7;5;9;6;0;3;4;4;4;1;8;7;
?;?;?;?;?;?;?;7;5;2;9;6;0;3;4;4;4;4;4;4;4;4;1;8;7;5;2;2;2;2;2;9;6;0;3;4;4;4;4;4;1;8;7;5;2;2;2;2;2;2;
?;?;?;?;?;?;?;7;5;2;9;6;0;3;4;4;4;1;8;9;6;0;3;4;1;8;7;5;2;2;2;2;2;2;9;6;0;3;4;4;4;4;4;4;1;8;7;5;2;2;
?;?;?;?;?;?;?;7;5;2;9;6;0;3;1;8;7;5;2;2;2;9;6;0;3;4;1;8;7;5;2;2;2;9;6;0;3;4;4;4;1;8;7;5;2;2;2;9;6;0;
?;?;?;?;?;?;?;7;5;2;9;6;0;3;4;4;1;8;7;5;2;2;2;2;2;2;2;2;2;9;6;0;3;4;4;4;4;4;4;1;8;7;5;2;2;2;2;2;2;9;
?;?;?;?;?;?;?;7;5;2;9;6;0;3;1;8;7;5;2;2;2;9;6;0;3;4;4;4;4;4;4;4;4;4;4;4;4;4;4;4;4;4;4;1;8;7;5;2;2;2;
?;?;?;?;?;?;?;2;2;2;2;9;6;0;3;4;4;4;1;8;7;5;2;2;2;9;6;0;3;4;4;4;4;1;8;7;5;2;2;2;2;2;2;9;6;0;3;4;4;4;
?;?;?;?;?;?;?;7;5;2;9;6;0;3;4;1;8;7;5;9;6;0;3;4;1;8;7;5;2;2;9;6;0;3;4;4;1;8;7;5;2;2;9;6;0;3;1;8;7;5;
?;?;?;?;?;?;?;0;3;4;1;8;7;5;2;2;9;6;0;1;8;7;5;2;2;2;9;6;0;3;4;4;1;9;6;0;3;4;4;4;4;4;4;4;4;4;4;1;8;7;
?;?;?;?;?;?;?;7;5;2;2;2;2;2;2;9;6;0;3;4;4;4;4;4;4;4;4;4;4;1;8;7;5;9;6;0;3;4;1;8;7;5;2;2;2;2;2;2;2;2;
?;?;?;?;?;?;?;0;3;4;1;8;7;9;6;0;3;4;4;1;8;7;5;2;2;2;2;2;9;6;0;3;4;4;4;4;4;4;4;4;1;8;7;5;2;2;2;2;2;2;
?;?;?;?;?;?;?;7;5;2;9;6;0;3;1;8;7;5;2;2;2;2;9;6;0;3;4;4;4;4;4;4;4;1;8;7;5;2;2;9;6;0;3;4;4;4;4;4;4;4;