State number: 0
1111001111
1111011111
1111111111
1111101111
1110001111
1110011111
1110111111
1100001111
1100011111
1100111111
1101111111
1000001111
1000011111
1000111111
1001111111
1011111111
0000001111
0000011111
0000111111
0001111111
0011111111
0011101111
0010001111
0111111111
0111011111
0100001111
0100011111
11110001111
11110011111
11110111111
11111111111
11111101111
11111001111
11111011111
11100001111
11100011111
11100111111
11101111111
11000001111
11000011111
11000111111
11001111111
11011111111
10000001111
10000011111
10000111111
10001111111
10011111111
10111111111
00000001111
00000011111
00000111111
00001111111
00011111111
00011101111
00010001111
00111111111
00111011111
00100001111
00100011111
01111111111
01111101111
01110001111
01110111111
01100001111
01000011111
01000111111
distribution: P(0) = 0.148362	P(1) = 0.851638	
transitions: T(0) = 1	T(1) = 0	
P(state): 0.341585

State number: 1
1111000110
1111111110
1110000010
1110000110
1100000010
1100000110
1101111110
1000000010
1000000110
1000001110
1000011110
1001111110
1011111110
0000000010
0000000110
0000001110
0000011110
0000111110
0001111110
0011111110
0111111110
11110000010
11110000110
11111111110
11111000110
11100000010
11100000110
11101111110
11000000010
11000000110
11000001110
11000011110
11001111110
11011111110
10000000010
10000000110
10000001110
10000011110
10000111110
10001111110
10011111110
10111111110
00000000010
00000000110
00000001110
00000011110
00000111110
00001111110
00011111110
00111111110
01111111110
distribution: P(0) = 0.983032	P(1) = 0.0169683	
transitions: T(0) = 6	T(1) = 3	
P(state): 0.0564634

State number: 2
1111110000
1000110000
0000010000
0000110000
0001110000
0011110000
0111110000
11111110000
11000110000
10000010000
10000110000
00000010000
00000110000
00001110000
00011110000
00111110000
01111110000
distribution: P(0) = 0.915995	P(1) = 0.084005	
transitions: T(0) = 4	T(1) = 3	
P(state): 0.0503659

State number: 3
1111000001
1111111101
1111111001
1111110001
1111100001
1110000001
1100000001
1000000001
0000000001
0000011101
0000010001
0000100001
0001111101
0001110001
0001100001
0011111101
0011110001
0011100001
0011000001
0111111101
0111111001
0111110001
0111100001
0111000001
0110000001
0100000001
11110000001
11111111101
11111111001
11111110001
11111100001
11111000001
11100000001
11000000001
10000000001
00000000001
00000011101
00000010001
00000100001
00001111101
00001110001
00001100001
00011111101
00011110001
00011100001
00011000001
00111111101
00111111001
00111110001
00111100001
00111000001
00110000001
00100000001
01111111101
01111111001
01111110001
01111100001
01111000001
01110000001
01100000001
01000000001
distribution: P(0) = 0.0155729	P(1) = 0.984427	
transitions: T(0) = 1	T(1) = 8	
P(state): 0.0568293

State number: 4
1111000000
1111100000
1110000000
1100000000
1000000000
0000000000
0000100000
0001100000
0001000000
0011100000
0011000000
0010000000
0111100000
0111000000
0110000000
0100000000
11110000000
11111100000
11111000000
11100000000
11000000000
10000000000
10001100000
00000000000
00000100000
00001100000
00001000000
00011100000
00011000000
00010000000
00111100000
00111000000
00110000000
00100000000
01111100000
01111000000
01110000000
01100000000
01000000000
distribution: P(0) = 0.824313	P(1) = 0.175687	
transitions: T(0) = 4	T(1) = 3	
P(state): 0.277927

State number: 5
1111111000
1100011000
1000001000
1000011000
0000001000
0000011000
0000111000
0001111000
0011111000
0111111000
11111111000
11100011000
11000001000
11000011000
10000001000
10000011000
10111111000
00000001000
00000011000
00000111000
00001111000
00011111000
00111111000
01111111000
distribution: P(0) = 0.958188	P(1) = 0.0418118	
transitions: T(0) = 2	T(1) = 3	
P(state): 0.0530488

State number: 6
1111111100
1110001100
1100000100
1100001100
1000000100
1000001100
1011111100
0000000100
0000001100
0000011100
0000111100
0001111100
0011111100
0111111100
11110001100
11111111100
11100000100
11100001100
11000000100
11000001100
11011111100
10000000100
10000001100
10000011100
10000111100
10011111100
10111111100
00000000100
00000001100
00000011100
00000111100
00001111100
00011111100
00111111100
01111111100
distribution: P(0) = 0.988519	P(1) = 0.0114811	
transitions: T(0) = 5	T(1) = 3	
P(state): 0.055122

State number: 7
1111000111
1111110111
1111100111
1110000111
1100000111
1000000111
0000000111
0001110111
0001000111
0010000111
0111110111
0111000111
0110000111
11110000111
11111110111
11111100111
11111000111
11100000111
11000000111
10000000111
00000000111
00001110111
00001000111
00010000111
00111110111
00111000111
00110000111
01111110111
01111000111
01110000111
01100000111
distribution: P(0) = 0.0375587	P(1) = 0.962441	
transitions: T(0) = 1	T(1) = 0	
P(state): 0.0530488

State number: 8
1111000011
1111111011
1111110011
1111100011
1110000011
1100000011
1000000011
0000000011
0000111011
0000100011
0001000011
0011111011
0011100011
0011000011
0111111011
0111100011
0111000011
0110000011
11110000011
11111111011
11111110011
11111100011
11111000011
11100000011
11000000011
10000000011
00000000011
00000111011
00000100011
00001000011
00011111011
00011100011
00011000011
00111111011
00111100011
00111000011
00110000011
01111111011
01111110011
01111100011
01111000011
01110000011
01100000011
01000000011
distribution: P(0) = 0.0316742	P(1) = 0.968326	
transitions: T(0) = 1	T(1) = 7	
P(state): 0.0556098

