?;?;?;?;?;?;?;?;?;?;?;?;?;2;92;91;90;89;88;95;94;93;4;4;4;4;4;4;4;87;14;2;12;10;67;31;31;31;25;20;18;15;11;8;94;93;9;79;77;12;
?;?;?;?;?;?;?;?;?;?;?;?;?;93;4;4;4;4;4;4;4;4;4;87;14;2;12;10;67;31;31;31;31;31;25;20;18;15;26;57;53;72;3;44;31;31;31;31;31;25;
?;?;?;?;?;?;?;?;?;?;?;?;?;8;94;93;4;4;87;14;2;12;10;67;31;31;31;25;20;18;15;11;8;94;93;4;4;4;4;4;87;14;2;12;10;67;31;31;31;31;
?;?;?;?;?;?;?;?;?;?;?;?;?;86;94;87;14;2;12;10;67;31;31;25;20;18;15;11;8;94;93;4;4;4;87;14;2;12;10;67;31;31;31;31;31;31;25;20;18;15;
?;?;?;?;?;?;?;?;?;?;?;?;?;87;14;2;12;10;67;31;31;31;31;31;31;31;31;31;31;31;31;31;31;25;20;18;15;11;8;94;93;4;4;4;87;14;2;12;10;67;
?;?;?;?;?;?;?;?;?;?;?;?;?;60;56;16;47;7;99;6;97;96;95;94;93;4;87;14;2;12;10;92;91;90;89;88;95;94;93;4;4;4;87;14;2;12;10;67;31;31;
?;?;?;?;?;?;?;?;?;?;?;?;?;38;92;91;90;89;88;95;94;93;9;100;0;98;1;4;4;4;4;4;87;14;2;12;10;67;31;31;31;31;31;31;25;20;18;15;11;8;
?;?;?;?;?;?;?;?;?;?;?;?;?;2;12;10;92;91;90;89;88;95;94;93;4;4;4;87;14;2;12;10;67;31;31;31;31;25;58;55;51;46;66;39;34;45;69;68;3;44;
?;?;?;?;?;?;?;?;?;?;?;?;?;88;80;76;75;5;71;67;31;31;25;20;18;15;11;8;94;87;14;2;12;10;67;31;31;31;31;31;31;31;31;31;25;20;18;59;19;52;
?;?;?;?;?;?;?;?;?;?;?;?;?;5;73;70;50;37;32;86;78;74;2;12;10;67;33;30;90;59;19;52;48;41;7;99;6;97;96;95;94;93;9;79;77;12;10;92;91;90;
?;?;?;?;?;?;?;?;?;?;?;?;?;3;44;31;25;20;18;15;11;8;94;93;4;4;4;4;4;4;4;4;87;14;2;12;10;67;33;30;60;56;16;47;43;42;40;65;63;3;
?;?;?;?;?;?;?;?;?;?;?;?;?;4;4;87;14;2;12;10;67;31;31;31;25;20;18;15;11;8;94;93;4;4;4;4;4;87;14;2;12;10;67;31;31;25;20;18;15;11;
?;?;?;?;?;?;?;?;?;?;?;?;?;5;71;67;31;31;31;31;31;31;31;31;25;20;18;15;11;80;76;75;5;73;70;50;37;32;86;94;93;4;4;4;87;14;2;12;10;67;
?;?;?;?;?;?;?;?;?;?;?;?;?;75;5;71;67;31;25;20;18;15;11;8;94;93;4;4;4;4;87;14;2;12;10;67;31;31;31;31;31;31;25;20;18;15;11;8;94;87;
?;?;?;?;?;?;?;?;?;?;?;?;?;95;94;93;4;4;87;14;2;12;10;67;31;31;31;31;31;25;20;18;59;19;52;48;41;38;36;35;25;20;18;15;11;8;94;93;4;4;
?;?;?;?;?;?;?;?;?;?;?;?;?;25;20;18;15;11;8;94;93;9;79;77;12;10;67;31;31;25;20;18;15;11;8;94;87;14;2;92;91;90;89;88;95;94;93;4;4;87;
?;?;?;?;?;?;?;?;?;?;?;?;?;5;71;67;31;31;31;31;31;31;25;20;18;15;11;8;94;93;9;79;77;12;10;67;31;25;20;18;15;11;8;94;93;4;4;4;4;4;
?;?;?;?;?;?;?;?;?;?;?;?;?;12;10;92;91;90;89;88;80;76;75;5;71;67;33;30;60;56;16;47;43;42;40;65;63;25;20;60;56;16;47;43;42;40;100;0;98;1;
?;?;?;?;?;?;?;?;?;?;?;?;?;3;44;31;31;25;20;18;15;11;8;94;93;4;4;4;4;4;4;4;87;14;2;12;10;67;31;31;25;20;18;15;11;8;94;93;4;4;
?;?;?;?;?;?;?;?;?;?;?;?;?;89;26;57;53;72;3;44;92;91;90;89;26;57;53;72;3;44;31;25;20;18;15;11;8;94;93;4;4;4;4;4;4;4;4;87;14;85;
?;?;?;?;?;?;?;?;?;?;?;?;?;31;31;31;31;31;31;31;25;20;18;15;11;8;94;93;4;4;87;14;2;12;10;67;31;31;31;31;25;20;18;15;11;8;94;93;4;4;
?;?;?;?;?;?;?;?;?;?;?;?;?;3;44;31;31;25;20;18;15;11;8;94;93;4;4;4;4;87;14;2;12;10;67;31;31;25;20;18;15;11;8;94;93;4;4;4;87;14;
?;?;?;?;?;?;?;?;?;?;?;?;?;5;71;92;91;90;89;88;95;94;93;4;4;4;4;4;4;4;4;4;4;4;4;4;87;14;2;12;10;67;31;31;31;25;20;18;15;11;
?;?;?;?;?;?;?;?;?;?;?;?;?;94;93;4;4;4;4;4;87;14;2;12;10;67;31;31;31;31;31;31;31;31;31;31;25;20;18;15;11;8;94;93;4;87;14;2;12;10;
?;?;?;?;?;?;?;?;?;?;?;?;?;2;12;10;67;31;31;31;25;20;18;15;11;8;94;93;4;4;87;14;2;12;10;67;31;31;25;20;18;15;11;8;94;93;4;4;4;4;
?;?;?;?;?;?;?;?;?;?;?;?;?;5;73;70;50;37;32;86;78;74;2;12;10;67;33;30;90;89;26;57;53;72;3;44;31;31;31;31;31;31;31;25;20;18;15;11;8;94;
?;?;?;?;?;?;?;?;?;?;?;?;?;89;26;57;53;72;3;44;92;91;90;89;88;95;94;93;4;4;4;4;4;4;4;87;14;2;12;73;70;50;37;32;86;94;93;4;4;4;
?;?;?;?;?;?;?;?;?;?;?;?;?;11;8;94;87;14;2;12;73;70;50;37;32;86;94;93;4;4;4;87;14;2;12;10;67;31;31;31;31;31;25;20;18;15;11;8;94;93;
?;?;?;?;?;?;?;?;?;?;?;?;?;25;20;18;15;11;8;94;93;9;79;77;12;10;67;33;30;90;89;88;95;94;93;4;87;14;2;12;73;70;50;37;32;86;94;93;4;87;
?;?;?;?;?;?;?;?;?;?;?;?;?;4;4;4;4;4;4;87;14;2;12;10;67;31;31;31;31;31;31;31;31;31;31;31;31;31;31;31;31;31;25;20;18;15;11;8;94;93;
?;?;?;?;?;?;?;?;?;?;?;?;?;89;88;80;76;75;5;71;67;31;31;25;20;18;15;11;8;94;93;4;4;4;87;14;2;12;10;67;31;31;31;31;31;31;31;31;31;31;
?;?;?;?;?;?;?;?;?;?;?;?;?;4;4;4;4;4;87;14;2;12;10;67;31;31;31;25;20;18;15;11;80;76;75;5;71;67;31;31;31;31;25;20;18;15;11;8;94;93;
?;?;?;?;?;?;?;?;?;?;?;?;?;4;4;4;4;4;4;4;4;87;14;2;12;10;67;31;31;25;58;55;51;46;66;39;34;45;69;68;3;44;31;31;31;31;31;31;31;25;
?;?;?;?;?;?;?;?;?;?;?;?;?;5;71;92;91;90;89;26;57;53;72;3;44;31;25;20;18;15;11;8;94;93;4;4;4;4;4;4;4;87;14;2;12;10;67;31;31;25;
?;?;?;?;?;?;?;?;?;?;?;?;?;89;88;95;94;93;4;4;4;4;4;4;87;14;2;12;10;67;33;30;90;89;88;95;94;87;14;2;12;10;67;31;31;31;31;31;31;25;
?;?;?;?;?;?;?;?;?;?;?;?;?;20;18;15;11;8;94;93;4;4;4;4;4;87;14;2;12;10;67;31;31;31;31;31;31;31;31;31;31;31;25;20;18;15;11;8;94;93;
?;?;?;?;?;?;?;?;?;?;?;?;?;38;36;35;64;44;31;31;31;31;31;25;20;18;15;11;8;94;93;4;4;4;4;4;4;4;4;4;4;4;4;4;4;87;14;2;12;10;
?;?;?;?;?;?;?;?;?;?;?;?;?;90;89;26;57;53;72;73;70;50;37;32;80;76;75;7;99;6;97;96;95;94;93;4;87;14;2;12;10;67;31;31;25;20;18;15;11;8;
?;?;?;?;?;?;?;?;?;?;?;?;?;31;31;25;20;18;15;11;8;94;87;14;2;12;10;67;31;31;25;20;18;15;11;8;94;93;9;79;77;12;10;67;31;31;25;20;18;15;
?;?;?;?;?;?;?;?;?;?;?;?;?;20;18;15;11;8;94;93;4;4;87;14;2;12;10;92;91;90;89;88;95;94;93;4;4;4;4;4;4;87;14;2;12;10;67;31;31;31;
?;?;?;?;?;?;?;?;?;?;?;?;?;88;95;87;14;2;12;10;67;31;31;31;31;31;31;25;20;18;15;11;8;94;93;4;4;4;4;4;4;4;4;4;4;87;14;2;12;10;
?;?;?;?;?;?;?;?;?;?;?;?;?;89;26;57;53;72;3;44;31;25;20;18;15;11;80;76;100;0;98;1;4;4;4;4;4;4;4;4;4;4;4;4;87;14;2;12;10;67;
?;?;?;?;?;?;?;?;?;?;?;?;?;93;4;4;4;4;4;87;14;2;12;10;67;31;31;31;31;31;31;31;31;31;31;31;25;20;18;15;11;8;94;93;4;4;4;4;4;4;
?;?;?;?;?;?;?;?;?;?;?;?;?;2;92;91;90;89;88;95;94;87;14;2;12;10;67;31;25;20;18;15;11;80;76;75;5;71;67;31;31;31;31;31;31;31;31;31;31;31;
?;?;?;?;?;?;?;?;?;?;?;?;?;5;71;67;33;30;90;89;88;80;76;75;5;71;67;31;31;31;31;25;20;18;15;11;8;94;93;4;4;4;4;4;4;4;4;4;4;4;
?;?;?;?;?;?;?;?;?;?;?;?;?;3;44;92;91;90;89;88;95;94;87;14;2;12;10;67;33;30;90;89;88;95;94;93;9;79;77;12;10;67;31;31;25;20;18;15;11;8;
?;?;?;?;?;?;?;?;?;?;?;?;?;90;89;26;57;53;72;3;44;31;31;25;20;18;15;11;8;94;93;4;4;4;4;87;14;2;12;10;67;31;31;31;25;20;18;15;11;8;
?;?;?;?;?;?;?;?;?;?;?;?;?;79;77;100;0;29;28;27;24;23;22;21;17;13;62;61;59;19;52;48;41;38;36;35;64;44;31;25;20;18;15;11;8;94;93;4;4;4;
?;?;?;?;?;?;?;?;?;?;?;?;?;32;80;76;75;5;71;67;31;31;31;31;31;31;31;31;31;31;25;20;18;15;11;8;94;93;4;4;87;14;2;12;73;70;50;37;32;86;
?;?;?;?;?;?;?;?;?;?;?;?;?;31;25;20;18;15;11;8;94;93;4;4;4;4;4;4;4;87;14;2;12;73;70;50;37;32;86;78;74;2;12;10;67;31;31;31;31;31;
?;?;?;?;?;?;?;?;?;?;?;?;?;31;31;31;31;31;31;31;31;31;25;20;18;15;11;8;94;93;4;4;4;4;4;4;4;4;87;14;2;12;10;92;91;90;89;88;95;94;
?;?;?;?;?;?;?;?;?;?;?;?;?;18;15;11;8;94;93;9;79;77;12;10;67;31;31;31;25;20;18;15;11;8;94;93;4;4;4;4;4;4;4;4;4;4;4;4;4;4;
?;?;?;?;?;?;?;?;?;?;?;?;?;25;20;18;15;11;8;94;93;4;87;14;2;12;73;70;50;37;32;86;94;93;4;4;4;4;4;4;4;4;4;4;4;4;4;4;4;4;
?;?;?;?;?;?;?;?;?;?;?;?;?;12;10;67;31;31;31;31;31;31;31;31;25;20;18;15;11;8;94;93;4;4;87;14;2;12;10;67;31;25;20;18;15;11;8;94;93;4;
?;?;?;?;?;?;?;?;?;?;?;?;?;11;8;94;93;4;4;4;4;87;14;2;12;73;70;50;37;32;86;94;93;9;79;77;12;73;70;50;37;32;86;94;93;4;4;4;4;4;
?;?;?;?;?;?;?;?;?;?;?;?;?;3;44;92;91;90;89;88;95;87;14;2;92;91;90;89;88;95;87;14;2;12;10;67;33;30;90;89;88;95;94;93;4;4;4;87;14;2;
?;?;?;?;?;?;?;?;?;?;?;?;?;89;88;80;76;75;5;71;67;31;31;31;31;25;20;18;15;11;8;94;93;4;4;87;14;2;12;10;67;31;25;20;18;59;19;52;48;41;
?;?;?;?;?;?;?;?;?;?;?;?;?;89;88;95;94;87;14;85;84;83;82;81;26;57;53;72;3;44;31;31;31;31;31;31;31;31;31;31;31;25;20;18;15;11;8;94;93;4;
?;?;?;?;?;?;?;?;?;?;?;?;?;87;14;2;12;10;67;31;25;20;18;59;19;52;48;41;38;36;35;64;44;31;31;31;25;20;18;15;11;80;76;75;5;71;67;31;31;25;
?;?;?;?;?;?;?;?;?;?;?;?;?;4;4;4;4;4;4;4;4;4;4;4;4;4;4;4;4;4;87;14;2;12;10;67;31;31;31;31;31;31;31;31;31;31;31;31;31;31;
?;?;?;?;?;?;?;?;?;?;?;?;?;34;25;20;18;15;11;8;94;93;4;87;14;2;12;10;67;31;31;25;20;18;15;11;8;94;93;4;4;4;4;4;4;4;4;4;4;4;
?;?;?;?;?;?;?;?;?;?;?;?;?;88;95;87;14;2;12;10;67;33;30;90;89;88;80;76;75;5;71;92;91;90;89;88;80;76;75;7;99;6;97;96;95;94;93;4;4;4;
?;?;?;?;?;?;?;?;?;?;?;?;?;32;86;78;74;2;12;10;67;33;30;90;89;88;80;76;75;5;71;67;31;31;31;31;31;31;31;31;31;25;20;18;15;11;8;94;93;4;
?;?;?;?;?;?;?;?;?;?;?;?;?;2;12;10;67;31;31;31;31;31;31;31;31;25;20;18;15;11;80;76;75;5;71;92;91;90;89;88;95;94;87;14;2;12;10;67;33;30;
?;?;?;?;?;?;?;?;?;?;?;?;?;89;88;80;76;75;5;71;67;33;30;90;89;88;95;94;93;4;4;4;4;4;4;4;87;14;2;12;73;70;50;37;32;80;76;75;5;71;
?;?;?;?;?;?;?;?;?;?;?;?;?;5;71;67;31;31;25;20;18;15;11;8;94;93;9;79;77;12;10;67;31;31;25;20;18;15;11;8;94;93;4;87;14;2;12;10;67;31;
?;?;?;?;?;?;?;?;?;?;?;?;?;71;67;33;30;90;89;88;80;76;75;5;73;70;50;37;32;86;94;87;14;2;12;10;67;31;31;31;31;31;25;20;18;15;11;8;94;93;
?;?;?;?;?;?;?;?;?;?;?;?;?;12;10;92;91;90;89;26;57;53;72;3;44;92;91;90;89;88;80;76;75;7;99;6;97;96;95;94;93;9;79;77;12;10;92;91;90;89;
?;?;?;?;?;?;?;?;?;?;?;?;?;12;10;67;33;30;90;89;26;57;53;72;3;44;92;91;90;89;88;80;76;75;5;71;92;91;90;89;88;95;87;14;2;12;10;67;31;31;
?;?;?;?;?;?;?;?;?;?;?;?;?;4;4;4;4;4;4;4;4;4;4;87;14;2;12;10;67;31;31;31;31;31;31;31;31;31;31;31;31;31;31;31;31;31;31;31;25;20;
?;?;?;?;?;?;?;?;?;?;?;?;?;3;44;92;91;90;89;88;95;94;93;9;79;77;12;10;67;31;31;31;31;25;20;18;15;11;8;94;87;14;2;12;10;67;31;25;20;18;
?;?;?;?;?;?;?;?;?;?;?;?;?;94;87;14;2;12;10;67;31;31;31;25;20;18;15;11;8;94;93;4;4;4;87;14;2;12;10;67;31;31;31;25;20;18;15;11;8;94;
?;?;?;?;?;?;?;?;?;?;?;?;?;32;86;94;87;14;2;12;10;67;31;31;31;31;31;25;20;18;15;11;8;94;93;9;79;77;12;10;67;31;31;31;25;20;18;15;11;8;
?;?;?;?;?;?;?;?;?;?;?;?;?;71;67;33;30;90;89;88;95;87;14;2;12;10;67;33;30;90;89;26;57;53;72;3;44;31;31;31;25;20;18;15;11;8;94;93;4;4;
?;?;?;?;?;?;?;?;?;?;?;?;?;89;88;80;76;75;5;73;70;50;37;32;86;94;93;4;87;14;2;12;10;67;31;31;31;31;25;20;60;56;16;47;43;42;40;65;63;3;
?;?;?;?;?;?;?;?;?;?;?;?;?;53;72;3;44;31;31;31;25;20;18;15;11;8;94;93;4;4;4;4;4;4;4;4;4;4;4;4;4;4;4;4;4;4;4;4;4;4;
?;?;?;?;?;?;?;?;?;?;?;?;?;89;26;57;53;72;3;44;92;91;90;89;88;95;94;93;4;4;87;14;2;12;10;67;33;30;90;89;88;80;76;75;5;71;67;31;31;31;
?;?;?;?;?;?;?;?;?;?;?;?;?;88;95;94;87;14;2;12;10;67;31;31;31;31;31;31;31;25;20;18;15;11;8;94;93;4;4;4;4;4;4;87;14;2;12;10;67;31;
?;?;?;?;?;?;?;?;?;?;?;?;?;89;88;95;87;14;2;12;73;70;50;37;26;57;53;72;3;44;31;31;31;25;20;18;15;11;8;94;93;4;4;87;14;2;12;10;67;31;
?;?;?;?;?;?;?;?;?;?;?;?;?;3;44;92;91;90;89;88;95;87;14;2;12;10;67;31;25;20;18;15;11;8;94;93;4;4;4;4;4;4;4;87;14;2;12;10;67;31;
?;?;?;?;?;?;?;?;?;?;?;?;?;89;88;95;94;93;9;79;77;12;10;67;31;31;31;31;25;20;18;15;11;8;94;93;4;87;14;2;12;10;67;31;31;31;31;31;31;31;
?;?;?;?;?;?;?;?;?;?;?;?;?;88;95;87;14;2;12;10;67;31;25;20;18;15;11;8;94;93;4;4;4;4;4;4;4;4;4;4;4;4;87;14;2;12;10;67;31;31;
?;?;?;?;?;?;?;?;?;?;?;?;?;2;12;73;70;50;37;32;86;94;87;14;2;12;10;67;31;31;31;31;25;20;18;15;11;8;94;93;9;79;77;12;10;67;31;31;31;31;
?;?;?;?;?;?;?;?;?;?;?;?;?;31;31;31;31;25;20;18;15;11;8;94;93;4;87;14;2;12;10;67;33;30;90;89;88;95;94;93;4;4;4;4;87;14;2;12;10;67;
?;?;?;?;?;?;?;?;?;?;?;?;?;89;88;95;87;14;2;12;10;92;91;90;89;88;95;94;93;4;4;4;4;4;4;4;4;87;14;2;12;10;67;31;31;31;31;31;31;31;
?;?;?;?;?;?;?;?;?;?;?;?;?;90;89;88;80;76;75;5;73;70;50;37;32;86;78;74;2;92;91;90;89;88;95;94;87;14;2;92;91;90;89;88;95;94;93;4;87;14;
?;?;?;?;?;?;?;?;?;?;?;?;?;3;44;92;91;90;89;88;95;94;93;4;4;4;4;4;4;4;4;87;14;2;12;10;67;31;25;20;18;15;11;8;94;93;9;79;77;12;
?;?;?;?;?;?;?;?;?;?;?;?;?;31;31;31;31;31;31;25;20;18;15;11;8;94;93;4;4;4;87;14;2;12;10;67;33;30;90;89;88;95;94;93;4;4;4;4;87;14;
?;?;?;?;?;?;?;?;?;?;?;?;?;5;71;92;91;90;89;26;57;53;72;3;44;92;91;90;89;88;95;94;93;4;87;14;2;12;10;67;31;31;31;31;31;31;31;31;31;31;
?;?;?;?;?;?;?;?;?;?;?;?;?;60;56;16;47;43;42;73;70;50;37;32;80;76;75;5;71;67;31;31;31;25;20;18;15;11;8;94;93;9;79;77;12;10;67;33;30;90;
?;?;?;?;?;?;?;?;?;?;?;?;?;70;50;37;32;86;94;87;14;2;12;10;67;31;31;25;20;18;15;11;8;94;93;4;4;87;14;2;12;10;67;31;31;31;31;31;31;31;
?;?;?;?;?;?;?;?;?;?;?;?;?;25;20;18;15;11;8;94;93;4;4;87;14;2;12;73;70;50;37;32;86;94;93;4;87;14;2;12;10;67;31;25;20;18;15;11;80;76;
?;?;?;?;?;?;?;?;?;?;?;?;?;2;12;10;67;33;30;90;89;88;95;94;93;4;4;4;4;4;87;14;2;12;10;67;31;31;31;31;31;31;31;31;31;31;31;31;31;31;
?;?;?;?;?;?;?;?;?;?;?;?;?;90;89;26;57;53;72;3;44;92;91;90;89;26;57;53;72;3;92;91;90;89;88;95;94;93;4;87;14;85;84;83;82;81;4;4;4;4;
?;?;?;?;?;?;?;?;?;?;?;?;?;12;10;67;31;31;25;58;55;51;46;66;39;34;25;20;18;15;26;57;53;72;3;44;31;31;31;31;25;20;18;15;11;8;94;93;4;4;
?;?;?;?;?;?;?;?;?;?;?;?;?;12;10;67;33;30;90;89;26;57;53;72;3;44;31;31;31;31;31;31;31;31;25;20;18;15;11;8;94;93;4;4;4;4;4;4;4;4;
?;?;?;?;?;?;?;?;?;?;?;?;?;5;73;70;50;37;32;80;76;75;5;71;67;33;30;90;89;88;95;94;93;4;87;14;2;12;10;67;31;31;31;31;31;31;31;31;31;31;
?;?;?;?;?;?;?;?;?;?;?;?;?;88;95;94;87;14;2;12;10;67;33;30;90;89;88;95;94;93;4;4;4;87;14;2;12;10;67;31;31;31;31;31;31;31;31;31;31;25;
?;?;?;?;?;?;?;?;?;?;?;?;?;2;12;10;67;31;25;20;18;59;19;52;48;41;38;36;35;64;44;31;31;31;31;25;20;18;15;11;8;94;93;4;4;4;87;14;2;12;
?;?;?;?;?;?;?;?;?;?;?;?;?;32;86;94;93;9;100;0;98;1;4;4;4;87;14;2;12;10;67;31;31;31;31;31;31;31;31;31;31;31;31;31;31;25;20;18;15;11;
?;?;?;?;?;?;?;?;?;?;?;?;?;90;89;88;80;76;75;5;73;70;50;37;26;57;53;72;3;44;31;31;31;31;31;31;25;20;18;15;11;8;94;93;4;4;87;14;2;12;
?;?;?;?;?;?;?;?;?;?;?;?;?;4;4;87;14;2;12;10;67;31;31;31;31;31;31;31;25;20;18;15;11;80;76;75;5;71;67;31;31;31;31;25;20;18;15;11;8;94;
?;?;?;?;?;?;?;?;?;?;?;?;?;42;40;65;63;25;20;18;15;11;8;94;93;4;4;4;4;4;87;14;2;12;10;67;31;31;31;31;25;20;18;15;11;8;94;93;4;4;
?;?;?;?;?;?;?;?;?;?;?;?;?;4;4;87;14;2;12;10;67;31;31;31;31;31;31;31;31;31;31;31;31;31;31;31;31;31;31;31;25;20;18;15;11;8;94;93;4;4;
?;?;?;?;?;?;?;?;?;?;?;?;?;18;15;11;80;76;75;5;71;67;33;30;90;89;88;95;94;93;4;4;4;4;87;14;2;12;10;67;33;30;90;89;88;95;94;93;4;4;
?;?;?;?;?;?;?;?;?;?;?;?;?;89;88;80;76;75;5;71;67;31;31;31;31;31;31;31;25;20;18;59;19;100;0;98;1;4;4;4;4;4;4;4;4;4;4;4;4;4;
?;?;?;?;?;?;?;?;?;?;?;?;?;89;88;95;94;93;4;4;4;4;4;4;4;87;14;2;12;10;67;31;31;31;31;31;31;31;31;31;31;31;31;25;20;18;15;11;8;94;
?;?;?;?;?;?;?;?;?;?;?;?;?;5;71;92;91;90;89;88;95;94;93;9;79;85;84;83;82;81;4;4;4;4;4;4;4;87;14;2;12;10;67;31;31;31;31;31;31;31;
?;?;?;?;?;?;?;?;?;?;?;?;?;12;10;67;31;31;31;31;31;31;31;31;31;25;20;18;15;11;80;76;75;7;99;6;97;96;95;94;93;4;4;4;4;4;87;14;2;12;
?;?;?;?;?;?;?;?;?;?;?;?;?;88;95;87;14;2;12;10;92;91;90;89;88;95;87;14;2;12;73;70;50;37;32;86;94;93;9;79;77;12;10;67;31;31;25;20;18;15;
?;?;?;?;?;?;?;?;?;?;?;?;?;2;12;73;70;50;59;19;52;48;41;38;36;35;64;44;31;31;31;31;31;31;25;20;18;15;11;8;94;93;4;4;4;4;4;4;87;14;
?;?;?;?;?;?;?;?;?;?;?;?;?;2;12;73;70;50;37;32;86;78;74;100;0;98;1;4;4;87;14;2;12;10;67;31;31;25;20;18;15;11;8;94;93;4;4;4;4;87;
?;?;?;?;?;?;?;?;?;?;?;?;?;26;57;53;72;3;44;31;31;25;20;18;15;11;8;94;93;4;4;87;14;2;12;10;67;31;25;20;18;15;11;8;94;93;4;4;4;4;
?;?;?;?;?;?;?;?;?;?;?;?;?;5;71;92;91;90;89;88;95;94;87;14;2;12;10;67;31;31;31;31;25;20;18;15;11;8;94;87;14;2;12;10;67;31;31;25;20;18;
?;?;?;?;?;?;?;?;?;?;?;?;?;2;12;10;67;31;31;25;20;18;15;11;8;94;93;4;4;4;4;87;14;2;12;10;67;31;31;31;31;31;31;31;25;20;18;59;19;52;
?;?;?;?;?;?;?;?;?;?;?;?;?;90;89;88;95;87;14;2;12;10;67;31;31;31;25;20;18;15;11;8;94;93;4;4;87;14;2;12;10;67;33;30;60;56;16;47;43;42;
?;?;?;?;?;?;?;?;?;?;?;?;?;71;92;91;90;89;88;80;76;75;5;71;67;31;31;31;31;31;25;20;18;15;11;8;94;93;9;79;77;12;10;67;31;25;20;18;15;11;
?;?;?;?;?;?;?;?;?;?;?;?;?;7;99;6;97;96;95;94;93;4;4;4;4;4;4;4;4;4;4;4;4;4;4;87;14;2;12;10;67;31;31;31;31;31;31;31;31;31;
?;?;?;?;?;?;?;?;?;?;?;?;?;31;31;31;31;31;25;20;18;15;11;8;94;93;4;87;14;2;12;10;67;31;31;25;20;18;15;11;8;94;93;4;4;4;4;4;4;4;
?;?;?;?;?;?;?;?;?;?;?;?;?;89;26;57;53;72;3;92;91;90;89;88;95;94;87;14;2;12;10;92;91;90;89;88;80;76;75;5;73;70;50;37;32;86;94;93;4;4;
?;?;?;?;?;?;?;?;?;?;?;?;?;11;8;94;93;4;4;4;4;4;4;4;4;4;4;87;14;2;92;91;90;89;88;95;87;14;2;12;10;67;31;31;31;31;31;31;31;31;
?;?;?;?;?;?;?;?;?;?;?;?;?;89;88;95;94;93;4;4;4;4;4;4;4;87;14;2;12;10;67;31;31;31;31;31;31;25;20;18;15;11;8;94;93;9;79;77;12;10;
?;?;?;?;?;?;?;?;?;?;?;?;?;31;31;31;31;31;31;25;20;18;15;11;8;94;87;14;2;12;10;92;91;90;89;88;95;94;93;4;4;4;4;87;14;2;12;73;70;50;
?;?;?;?;?;?;?;?;?;?;?;?;?;89;88;80;76;75;5;71;92;91;90;89;88;80;76;75;5;71;67;31;31;31;31;25;20;18;15;11;8;94;93;9;79;77;12;10;67;31;
?;?;?;?;?;?;?;?;?;?;?;?;?;9;79;77;12;10;67;31;31;31;25;20;18;15;11;8;94;87;14;2;12;10;67;31;31;31;25;20;18;15;11;8;94;93;4;4;4;4;
?;?;?;?;?;?;?;?;?;?;?;?;?;89;88;80;76;75;5;71;67;31;25;58;55;51;46;66;39;7;99;6;97;96;95;94;93;4;4;4;4;4;4;4;4;4;4;4;87;14;
?;?;?;?;?;?;?;?;?;?;?;?;?;15;11;8;94;93;4;4;4;4;4;4;4;4;4;4;4;4;4;4;4;4;4;4;4;4;4;4;4;87;14;2;12;10;67;31;25;20;
?;?;?;?;?;?;?;?;?;?;?;?;?;3;44;92;91;90;89;88;95;94;93;4;4;4;4;4;87;14;2;12;10;67;33;30;90;89;88;95;94;93;4;4;4;4;4;4;4;4;
?;?;?;?;?;?;?;?;?;?;?;?;?;5;71;67;31;31;31;31;31;31;31;25;20;18;15;11;8;94;93;4;87;14;2;12;10;67;31;31;31;25;20;18;15;11;8;94;87;14;
?;?;?;?;?;?;?;?;?;?;?;?;?;31;31;31;31;31;31;25;20;18;15;11;8;94;93;4;4;4;4;4;4;4;87;14;2;12;10;92;91;90;89;88;95;94;93;4;4;87;
?;?;?;?;?;?;?;?;?;?;?;?;?;15;11;8;94;87;14;2;12;10;67;31;31;31;25;20;18;15;11;8;94;93;4;4;4;87;14;2;12;10;67;31;31;25;20;18;15;11;
?;?;?;?;?;?;?;?;?;?;?;?;?;77;12;10;67;31;31;31;31;31;31;31;31;31;31;31;31;31;31;31;31;31;31;31;25;20;18;15;11;8;94;93;4;4;4;4;4;4;
?;?;?;?;?;?;?;?;?;?;?;?;?;50;37;32;80;76;75;5;71;67;31;31;31;31;31;31;31;31;31;31;31;31;31;31;31;31;25;58;55;51;46;66;100;0;98;1;4;4;
?;?;?;?;?;?;?;?;?;?;?;?;?;89;88;95;94;93;4;4;4;4;87;14;2;12;10;67;31;31;31;31;31;31;31;31;31;31;31;31;31;31;31;31;31;31;31;31;31;31;
?;?;?;?;?;?;?;?;?;?;?;?;?;18;15;11;8;94;93;4;87;14;2;12;10;67;31;25;20;18;15;11;8;94;93;4;4;4;4;4;4;4;4;87;14;2;12;10;67;31;
?;?;?;?;?;?;?;?;?;?;?;?;?;31;31;31;31;31;25;20;18;15;11;8;94;93;4;4;4;4;4;4;4;4;4;4;87;14;2;12;10;67;33;30;90;89;88;95;94;93;
?;?;?;?;?;?;?;?;?;?;?;?;?;89;26;57;53;72;3;92;91;90;89;88;95;94;87;14;2;12;10;67;31;25;20;18;59;19;52;48;41;38;36;25;20;18;59;19;52;48;
?;?;?;?;?;?;?;?;?;?;?;?;?;?;54;49;68;3;44;31;31;31;25;20;18;15;11;8;87;100;0;98;1;4;4;4;4;4;4;87;14;2;12;10;92;91;90;89;88;95;
?;?;?;?;?;?;?;?;?;?;?;?;?;89;88;95;94;93;9;79;77;12;10;67;31;31;31;25;20;18;15;11;8;94;93;4;87;14;2;12;10;67;31;31;31;31;31;31;31;31;
?;?;?;?;?;?;?;?;?;?;?;?;?;4;4;4;87;14;2;12;10;67;31;31;31;31;31;31;31;31;25;20;18;15;11;8;94;93;4;4;4;4;4;4;4;4;4;4;4;4;
?;?;?;?;?;?;?;?;?;?;?;?;?;87;14;2;12;73;70;50;37;32;80;76;100;0;98;1;4;4;4;4;87;14;2;12;10;67;33;30;90;89;88;95;94;93;9;79;77;12;
?;?;?;?;?;?;?;?;?;?;?;?;?;3;44;92;91;90;89;88;95;94;93;4;4;4;4;87;14;2;12;10;67;31;31;31;25;20;18;15;11;8;94;87;14;2;92;91;90;89;
?;?;?;?;?;?;?;?;?;?;?;?;?;5;71;92;91;90;89;88;80;76;75;5;73;70;50;37;32;86;94;87;14;2;12;10;67;31;31;31;31;31;31;31;31;31;25;20;18;59;
?;?;?;?;?;?;?;?;?;?;?;?;?;32;80;76;75;5;71;67;31;31;31;31;31;31;31;31;31;25;20;18;15;11;8;94;93;4;4;4;87;14;2;12;10;67;31;31;25;20;
?;?;?;?;?;?;?;?;?;?;?;?;?;2;92;91;90;89;88;95;94;93;9;79;77;12;10;67;31;31;31;31;31;31;31;25;20;18;15;11;8;94;93;9;79;77;12;10;67;31;
?;?;?;?;?;?;?;?;?;?;?;?;?;5;73;70;50;37;32;86;94;87;14;2;12;73;70;50;37;32;80;76;75;5;71;92;91;90;89;88;95;87;14;2;12;10;67;31;31;31;
?;?;?;?;?;?;?;?;?;?;?;?;?;89;88;80;76;75;5;71;67;33;30;90;89;88;80;76;75;7;99;6;97;26;57;53;72;3;44;31;25;20;18;15;11;8;94;93;4;4;
?;?;?;?;?;?;?;?;?;?;?;?;?;88;95;94;87;14;2;12;10;67;33;30;90;89;88;95;94;93;4;4;4;4;87;14;2;12;10;67;31;31;31;31;31;31;31;31;31;25;
?;?;?;?;?;?;?;?;?;?;?;?;?;12;10;67;31;25;20;18;15;11;8;94;93;4;87;14;2;12;10;67;31;31;31;25;20;18;15;11;8;87;14;2;12;10;67;31;31;25;
?;?;?;?;?;?;?;?;?;?;?;?;?;31;31;31;31;31;31;31;31;31;31;31;25;20;18;15;11;8;94;93;4;4;4;4;4;4;4;4;4;4;4;4;4;4;4;4;4;4;
?;?;?;?;?;?;?;?;?;?;?;?;?;32;80;76;75;5;71;67;31;31;25;20;18;15;11;80;76;75;5;71;67;31;31;31;31;31;31;25;20;18;15;11;8;94;93;4;4;4;
?;?;?;?;?;?;?;?;?;?;?;?;?;30;90;89;88;95;94;93;4;4;87;14;2;12;10;67;31;31;31;31;25;20;18;15;11;8;94;93;9;79;77;12;10;67;33;30;90;89;
?;?;?;?;?;?;?;?;?;?;?;?;?;89;88;80;76;75;5;71;67;31;25;20;18;15;11;8;94;93;4;4;4;4;4;4;4;4;4;4;4;4;4;4;4;87;14;2;12;10;
?;?;?;?;?;?;?;?;?;?;?;?;?;89;26;57;53;72;3;92;91;90;89;88;80;76;75;5;71;67;31;31;25;20;18;15;11;8;94;93;4;87;14;2;12;10;67;31;31;31;
?;?;?;?;?;?;?;?;?;?;?;?;?;88;95;94;93;4;4;4;4;4;4;4;4;4;87;14;85;84;83;82;81;4;4;87;14;2;12;10;67;31;25;20;18;15;11;8;94;93;
?;?;?;?;?;?;?;?;?;?;?;?;?;31;31;31;31;31;31;31;31;25;20;18;15;11;8;94;93;4;4;4;4;4;4;4;4;4;4;4;4;4;87;14;2;12;10;67;31;31;
?;?;?;?;?;?;?;?;?;?;?;?;?;32;80;76;75;5;71;67;31;25;20;18;15;11;80;76;75;5;73;70;50;37;32;80;76;75;5;71;67;31;25;20;18;15;26;57;53;72;
?;?;?;?;?;?;?;?;?;?;?;?;?;32;86;78;74;2;12;10;67;33;30;90;89;88;95;87;14;2;12;10;67;31;31;31;31;31;31;31;25;20;18;15;11;80;76;75;5;71;
?;?;?;?;?;?;?;?;?;?;?;?;?;87;14;2;12;10;67;31;31;31;31;31;31;25;20;18;15;11;8;94;93;4;4;4;4;4;4;87;14;2;12;10;67;33;30;90;89;88;
?;?;?;?;?;?;?;?;?;?;?;?;?;2;12;10;67;31;31;31;31;31;25;20;18;15;11;8;94;93;4;87;14;2;12;10;67;31;31;31;31;31;25;20;18;15;11;8;94;93;
?;?;?;?;?;?;?;?;?;?;?;?;?;71;67;33;30;90;89;88;95;94;87;14;2;12;10;67;31;31;31;31;31;31;31;31;25;20;18;15;11;8;94;93;4;4;4;87;14;2;
?;?;?;?;?;?;?;?;?;?;?;?;?;3;44;31;31;25;20;18;15;11;8;94;93;4;4;4;4;4;4;4;4;4;4;87;14;2;12;10;67;31;31;31;31;31;31;31;31;31;
?;?;?;?;?;?;?;?;?;?;?;?;?;12;10;67;31;31;31;31;31;31;31;31;25;20;18;15;11;8;94;93;4;4;4;4;87;14;2;12;10;67;31;31;31;31;31;31;31;31;
?;?;?;?;?;?;?;?;?;?;?;?;?;2;12;73;70;50;37;26;57;53;72;3;44;92;91;90;89;88;95;94;87;14;2;92;91;90;89;88;80;76;75;5;71;67;31;31;25;20;
?;?;?;?;?;?;?;?;?;?;?;?;?;2;12;73;70;50;37;32;80;76;75;5;71;67;31;31;31;31;31;31;25;20;18;15;11;8;94;93;4;4;87;14;2;92;91;90;89;88;
?;?;?;?;?;?;?;?;?;?;?;?;?;99;6;97;96;95;87;14;2;12;10;67;31;31;31;25;20;18;15;11;8;94;93;4;4;87;14;2;12;10;67;31;31;25;20;18;15;11;
?;?;?;?;?;?;?;?;?;?;?;?;?;32;86;94;93;4;4;4;4;87;14;2;12;10;67;33;30;90;89;88;95;87;14;2;12;10;67;31;31;31;31;31;31;25;20;18;15;11;
?;?;?;?;?;?;?;?;?;?;?;?;?;4;4;4;4;4;4;4;4;4;4;87;14;2;12;10;67;31;31;25;20;18;15;11;8;94;93;9;79;77;12;10;67;31;31;31;31;31;
?;?;?;?;?;?;?;?;?;?;?;?;?;2;12;10;67;33;30;90;89;88;95;94;87;14;2;12;10;67;33;30;90;89;88;95;94;93;4;87;14;2;12;10;67;31;31;25;20;18;
?;?;?;?;?;?;?;?;?;?;?;?;?;93;4;4;4;87;14;2;12;10;92;91;90;89;88;95;94;93;4;87;14;2;12;10;67;31;25;20;18;15;11;8;94;93;4;4;4;4;
?;?;?;?;?;?;?;?;?;?;?;?;?;4;4;4;4;4;4;4;4;4;4;4;4;4;4;4;87;14;2;12;10;67;31;31;31;31;31;31;31;31;31;31;31;31;31;31;31;25;
?;?;?;?;?;?;?;?;?;?;?;?;?;5;71;67;31;25;20;18;15;11;8;94;93;4;4;4;4;4;87;14;2;12;10;92;91;90;89;88;95;94;93;9;79;77;12;10;67;31;
?;?;?;?;?;?;?;?;?;?;?;?;?;89;88;80;76;75;5;71;67;33;30;90;89;88;95;94;93;4;4;4;4;4;4;4;4;4;4;4;4;4;4;4;4;4;87;14;2;12;
?;?;?;?;?;?;?;?;?;?;?;?;?;32;86;78;74;2;12;10;67;33;30;60;56;16;47;43;42;73;70;50;37;26;57;53;72;3;44;31;31;31;25;20;18;15;11;8;87;14;
?;?;?;?;?;?;?;?;?;?;?;?;?;14;2;12;10;67;31;25;20;18;15;11;8;94;93;4;4;4;4;4;87;14;2;12;10;67;31;31;31;31;25;20;18;15;11;8;94;93;
?;?;?;?;?;?;?;?;?;?;?;?;?;5;71;67;31;31;31;31;31;31;31;31;31;25;20;18;15;11;8;94;93;4;4;4;4;4;4;4;4;4;87;14;2;12;10;67;33;30;
?;?;?;?;?;?;?;?;?;?;?;?;?;89;88;80;76;75;5;73;70;50;37;32;86;94;93;9;79;77;12;10;67;31;31;31;31;31;25;20;18;15;11;8;94;93;4;4;4;4;
?;?;?;?;?;?;?;?;?;?;?;?;?;20;18;15;11;8;94;93;9;79;77;12;10;67;31;31;31;31;31;31;31;25;20;18;15;11;8;94;93;4;4;4;4;87;14;2;12;10;
?;?;?;?;?;?;?;?;?;?;?;?;?;89;88;95;94;87;14;2;12;10;67;31;31;31;31;31;25;20;18;15;11;8;94;93;4;4;4;4;4;4;4;4;4;4;4;4;87;14;
?;?;?;?;?;?;?;?;?;?;?;?;?;72;73;70;50;37;32;86;94;93;4;4;4;4;4;4;4;4;4;87;14;2;92;91;90;89;88;95;94;93;4;4;87;14;2;12;10;67;
?;?;?;?;?;?;?;?;?;?;?;?;?;5;73;70;50;37;32;86;78;74;2;12;10;92;91;90;89;88;95;87;14;2;12;10;67;31;31;31;31;31;31;31;31;25;20;18;15;11;
?;?;?;?;?;?;?;?;?;?;?;?;?;3;44;92;91;90;89;88;95;94;93;4;4;4;4;4;4;4;4;87;14;2;12;10;67;31;31;31;31;31;31;31;31;31;31;31;31;31;
?;?;?;?;?;?;?;?;?;?;?;?;?;32;86;78;74;2;12;10;67;31;31;31;31;31;31;31;31;31;31;31;25;20;18;15;26;57;53;72;3;92;91;90;89;88;95;94;93;4;
?;?;?;?;?;?;?;?;?;?;?;?;?;80;76;75;5;71;67;31;31;25;20;18;15;11;8;94;93;4;4;4;4;4;4;4;4;4;4;4;87;14;2;12;10;67;31;31;25;20;
?;?;?;?;?;?;?;?;?;?;?;?;?;3;92;91;90;89;88;80;76;75;5;71;67;31;25;20;18;15;11;80;76;75;5;73;70;50;37;32;86;94;93;4;4;4;4;4;4;87;
?;?;?;?;?;?;?;?;?;?;?;?;?;5;71;67;33;30;90;59;19;52;48;41;38;36;35;64;25;20;18;15;11;8;94;93;4;4;4;4;4;4;4;4;4;4;4;4;4;4;
?;?;?;?;?;?;?;?;?;?;?;?;?;90;59;19;52;7;99;6;97;96;95;94;93;9;79;77;12;10;92;91;90;89;26;57;53;72;3;44;92;91;90;89;88;95;94;93;4;4;
?;?;?;?;?;?;?;?;?;?;?;?;?;89;26;57;53;72;3;44;31;25;20;18;15;26;57;53;72;3;44;92;91;90;89;88;95;94;93;4;4;4;4;4;4;87;14;2;12;10;
?;?;?;?;?;?;?;?;?;?;?;?;?;32;86;94;87;14;2;12;10;67;31;31;31;31;31;31;31;31;31;25;20;18;15;11;80;76;75;5;73;70;50;37;32;86;78;74;2;12;
?;?;?;?;?;?;?;?;?;?;?;?;?;89;88;95;94;93;4;4;4;4;87;14;2;12;10;67;31;31;31;25;20;18;15;11;8;94;93;4;87;14;2;12;10;67;31;31;31;31;
?;?;?;?;?;?;?;?;?;?;?;?;?;89;88;95;94;87;14;85;84;83;82;81;26;57;53;72;3;44;31;31;31;31;25;20;18;15;11;8;94;93;4;4;87;14;2;12;10;67;
?;?;?;?;?;?;?;?;?;?;?;?;?;89;26;57;53;72;3;44;31;25;20;18;15;11;80;76;75;5;71;67;31;25;20;18;15;11;8;94;93;9;79;77;12;10;67;33;30;90;
?;?;?;?;?;?;?;?;?;?;?;?;?;89;88;95;94;87;14;2;12;10;67;31;31;31;31;31;31;25;20;18;15;11;8;94;93;4;4;87;14;2;12;10;67;31;31;31;31;25;
?;?;?;?;?;?;?;?;?;?;?;?;?;89;26;57;53;72;3;44;31;25;20;18;15;11;8;94;93;4;4;4;4;4;4;4;4;4;4;4;4;4;4;87;14;2;12;10;67;31;
?;?;?;?;?;?;?;?;?;?;?;?;?;18;15;11;8;94;87;14;2;12;10;67;31;25;20;18;15;11;8;94;93;9;79;77;12;10;67;31;31;31;31;25;20;18;15;11;8;94;
?;?;?;?;?;?;?;?;?;?;?;?;?;89;88;80;76;75;5;73;70;50;37;32;80;76;75;5;71;67;33;30;90;89;88;95;87;14;2;12;10;67;31;25;20;18;59;19;52;48;
?;?;?;?;?;?;?;?;?;?;?;?;?;5;71;67;33;30;90;59;19;52;48;41;38;36;25;20;18;15;11;8;87;100;0;98;1;4;4;4;4;4;4;4;4;4;4;87;14;2;
?;?;?;?;?;?;?;?;?;?;?;?;?;31;31;31;25;20;18;15;11;8;94;93;4;4;4;4;4;87;14;2;12;73;70;50;37;32;80;76;75;5;71;67;31;31;31;31;31;31;
?;?;?;?;?;?;?;?;?;?;?;?;?;4;4;4;4;4;4;87;14;2;12;10;67;31;31;31;25;20;18;15;11;8;94;93;4;4;4;4;87;14;2;12;10;67;31;31;31;31;
?;?;?;?;?;?;?;?;?;?;?;?;?;89;26;57;53;72;3;44;31;31;25;20;18;15;11;8;94;93;4;4;4;87;14;2;12;10;67;33;30;90;89;88;95;94;93;4;4;4;