?;?;?;?;?;?;?;?;?;4;15;14;13;12;0;7;6;1;4;15;15;15;15;15;15;15;15;15;15;14;13;12;11;10;3;3;3;3;0;7;6;1;4;15;15;15;14;13;12;11;
?;?;?;?;?;?;?;?;?;1;4;15;15;15;15;15;15;15;15;15;15;15;15;14;13;12;11;10;3;3;3;3;3;3;0;7;6;1;2;9;8;5;3;3;3;3;3;3;3;0;
?;?;?;?;?;?;?;?;?;7;6;1;4;15;15;15;15;15;14;13;12;11;10;3;3;3;3;0;7;6;1;4;15;15;15;15;15;15;15;15;14;13;12;11;10;3;3;3;3;3;
?;?;?;?;?;?;?;?;?;7;6;1;4;15;15;14;13;12;11;10;3;3;3;0;7;6;1;4;15;15;15;15;15;15;14;13;12;11;10;3;3;3;3;3;3;3;0;7;6;1;
?;?;?;?;?;?;?;?;?;15;15;15;15;14;13;12;11;10;3;3;3;3;3;3;3;3;3;3;3;3;3;3;3;0;7;6;1;4;15;15;15;15;15;15;14;13;12;11;10;3;
?;?;?;?;?;?;?;?;?;3;3;0;7;2;9;8;5;0;7;6;1;4;15;15;15;15;14;13;12;11;10;0;7;6;1;4;15;15;15;15;15;15;14;13;12;11;10;3;3;3;
?;?;?;?;?;?;?;?;?;9;8;5;3;3;0;7;6;1;4;15;15;15;14;22;21;20;18;16;19;17;4;15;14;13;12;11;10;3;3;3;3;3;3;3;0;7;6;1;4;15;
?;?;?;?;?;?;?;?;?;4;15;14;13;12;11;10;0;7;6;1;4;15;15;15;15;15;15;14;13;12;11;10;3;3;3;3;3;0;2;9;8;5;3;3;3;3;3;3;3;3;
?;?;?;?;?;?;?;?;?;0;7;6;1;4;2;9;8;5;3;3;3;3;0;7;6;1;4;15;15;14;13;12;11;10;3;3;3;3;3;3;3;3;3;3;0;7;6;2;9;8;
?;?;?;?;?;?;?;?;?;4;2;9;8;5;0;7;6;1;4;15;14;13;12;11;10;3;0;7;6;2;9;8;5;3;0;7;6;1;4;15;15;15;14;13;12;11;10;0;7;6;
?;?;?;?;?;?;?;?;?;2;9;8;5;3;3;3;0;7;6;1;4;15;15;15;15;15;15;15;15;15;15;15;14;13;12;11;10;3;0;7;2;9;8;5;3;3;3;3;3;3;
?;?;?;?;?;?;?;?;?;4;15;15;15;15;15;14;13;12;11;10;3;3;3;3;0;7;6;1;4;15;15;15;15;15;15;15;15;14;13;12;11;10;3;3;3;0;7;6;1;4;
?;?;?;?;?;?;?;?;?;4;2;9;8;5;3;3;3;3;3;3;3;3;3;3;0;7;6;1;4;2;9;8;5;0;7;6;1;4;15;15;15;15;15;15;14;13;12;11;10;3;
?;?;?;?;?;?;?;?;?;1;4;2;9;8;5;3;3;3;0;7;6;1;4;15;15;15;15;15;15;15;14;13;12;11;10;3;3;3;3;3;3;3;0;7;6;1;4;15;15;14;
?;?;?;?;?;?;?;?;?;7;6;1;4;15;15;15;15;15;14;13;12;11;10;3;3;3;3;3;3;0;7;6;2;9;8;5;3;3;3;3;0;7;6;1;4;15;15;15;15;15;
?;?;?;?;?;?;?;?;?;3;3;3;3;0;7;6;1;4;15;15;15;14;13;12;11;10;3;3;3;0;7;6;1;4;15;15;14;13;12;0;7;6;1;4;15;15;15;15;15;14;
?;?;?;?;?;?;?;?;?;4;2;9;8;5;3;3;3;3;3;3;3;3;0;7;6;1;4;15;15;15;14;13;12;11;10;3;3;0;7;6;1;4;15;15;15;15;15;15;15;15;
?;?;?;?;?;?;?;?;?;15;14;13;12;11;10;0;7;6;1;4;2;9;8;5;3;3;0;7;2;9;8;5;3;3;3;3;3;0;7;2;9;8;5;3;3;3;0;7;6;1;
?;?;?;?;?;?;?;?;?;2;9;8;5;3;3;3;3;0;7;6;1;4;15;15;15;15;15;15;15;15;15;15;14;13;12;11;10;3;3;3;0;7;6;1;4;15;15;15;15;15;
?;?;?;?;?;?;?;?;?;3;0;7;6;1;2;9;8;5;3;3;0;7;6;1;2;9;8;5;3;3;3;0;7;6;1;4;15;15;15;15;15;15;15;15;15;15;15;14;13;0;
?;?;?;?;?;?;?;?;?;3;3;3;3;3;3;3;3;3;3;3;0;7;6;1;4;15;15;15;15;15;14;13;12;11;10;3;3;3;3;3;0;7;6;1;4;15;15;15;15;15;
?;?;?;?;?;?;?;?;?;2;9;8;5;3;3;3;3;0;7;6;1;4;15;15;15;15;15;15;15;14;13;12;11;10;3;3;3;0;7;6;1;4;15;15;15;15;15;15;14;13;
?;?;?;?;?;?;?;?;?;4;2;9;8;5;3;0;7;6;1;4;15;15;15;15;15;15;15;15;15;15;15;15;15;15;15;15;14;13;12;11;10;3;3;3;3;0;7;6;1;4;
?;?;?;?;?;?;?;?;?;6;1;4;15;15;15;15;15;15;15;15;14;13;12;11;10;3;3;3;3;3;3;3;3;3;3;3;0;7;6;1;4;15;15;15;15;14;13;12;11;10;
?;?;?;?;?;?;?;?;?;4;15;14;13;12;11;10;3;3;3;3;0;7;6;1;4;15;15;15;15;15;14;13;12;11;10;3;3;3;0;7;6;1;4;15;15;15;15;15;15;15;
?;?;?;?;?;?;?;?;?;4;2;9;8;5;0;7;6;1;4;15;14;13;12;11;10;3;0;7;6;1;2;9;8;5;3;3;3;3;3;3;3;3;3;0;7;6;1;4;15;15;
?;?;?;?;?;?;?;?;?;3;0;7;6;1;2;9;8;5;3;3;0;7;6;1;4;15;15;15;15;15;15;15;15;15;15;14;13;12;11;0;7;6;1;4;15;15;15;15;15;15;
?;?;?;?;?;?;?;?;?;0;7;6;1;4;15;15;14;13;12;11;0;7;6;1;4;15;15;15;15;15;15;14;13;12;11;10;3;3;3;3;3;3;0;7;6;1;4;15;15;15;
?;?;?;?;?;?;?;?;?;3;3;3;3;0;7;6;1;4;15;15;15;14;13;12;11;10;3;0;7;6;1;4;15;15;15;15;14;13;12;11;0;7;6;1;4;15;15;15;15;14;
?;?;?;?;?;?;?;?;?;15;15;15;15;15;15;15;15;15;15;14;13;12;11;10;3;3;3;3;3;3;3;3;3;3;3;3;3;3;3;3;3;3;0;7;6;1;4;15;15;15;
?;?;?;?;?;?;?;?;?;3;0;7;6;1;4;2;9;8;5;3;3;3;3;0;7;6;1;4;15;15;15;15;15;15;14;13;12;11;10;3;3;3;3;3;3;3;3;3;3;3;
?;?;?;?;?;?;?;?;?;4;15;15;15;15;15;15;15;15;14;13;12;11;10;3;3;3;3;0;7;6;1;4;2;9;8;5;3;3;3;3;3;3;0;7;6;1;4;15;15;15;
?;?;?;?;?;?;?;?;?;4;15;15;15;15;15;15;15;15;15;15;15;14;13;12;11;10;3;3;3;0;2;9;8;5;3;3;3;3;3;3;3;3;3;3;3;3;3;3;3;0;
?;?;?;?;?;?;?;?;?;4;2;9;8;5;3;0;7;6;1;2;9;8;5;3;3;3;0;7;6;1;4;15;15;15;15;15;15;15;15;15;15;14;13;12;11;10;3;3;3;0;
?;?;?;?;?;?;?;?;?;3;0;7;6;1;4;15;15;15;15;15;15;15;15;15;14;13;12;11;10;3;0;7;6;1;4;15;15;14;13;12;11;10;3;3;3;3;3;3;3;0;
?;?;?;?;?;?;?;?;?;3;3;3;0;7;6;1;4;15;15;15;15;15;15;15;15;14;13;12;11;10;3;3;3;3;3;3;3;3;3;3;3;3;0;7;6;1;4;15;15;15;
?;?;?;?;?;?;?;?;?;9;8;5;3;3;3;3;3;3;3;3;3;3;3;0;7;6;1;4;15;15;15;15;15;15;15;15;15;15;15;15;15;15;15;15;15;14;13;12;11;10;
?;?;?;?;?;?;?;?;?;3;3;0;7;6;1;2;9;8;5;0;7;6;1;4;2;9;8;0;7;6;1;4;15;15;15;15;14;13;12;11;10;3;3;3;0;7;6;1;4;15;
?;?;?;?;?;?;?;?;?;8;5;3;3;3;3;0;7;6;1;4;15;15;14;13;12;11;10;3;3;3;0;7;6;1;4;15;15;15;14;13;12;11;10;3;3;3;0;7;6;1;
?;?;?;?;?;?;?;?;?;3;3;3;0;7;6;1;4;15;15;15;15;15;14;13;12;11;10;0;7;6;1;4;15;15;15;15;15;15;15;15;15;14;13;12;11;10;3;3;3;3;
?;?;?;?;?;?;?;?;?;0;7;6;1;4;15;14;13;12;11;10;3;3;3;3;3;3;3;0;7;6;1;4;15;15;15;15;15;15;15;15;15;15;15;15;15;14;13;12;11;10;
?;?;?;?;?;?;?;?;?;3;0;7;6;1;2;9;8;5;3;3;3;0;7;6;1;4;2;9;0;7;6;1;4;15;15;15;15;15;15;15;15;15;15;15;14;13;12;11;10;3;
?;?;?;?;?;?;?;?;?;1;4;15;15;15;15;15;15;15;15;14;13;12;11;10;3;3;3;3;3;3;3;3;3;3;3;3;0;7;6;1;4;15;15;15;15;15;15;15;15;15;
?;?;?;?;?;?;?;?;?;4;15;14;13;12;0;7;6;1;4;15;15;14;13;12;11;10;3;3;0;7;6;1;4;2;9;8;5;3;3;3;3;3;3;3;3;3;3;3;3;3;
?;?;?;?;?;?;?;?;?;4;2;9;8;5;3;3;0;7;6;1;4;2;9;8;5;3;3;3;3;3;3;0;7;6;1;4;15;15;15;15;15;15;15;15;15;15;15;15;15;15;
?;?;?;?;?;?;?;?;?;2;9;8;5;3;3;0;7;6;1;4;15;15;14;13;12;11;10;3;0;7;6;1;4;15;15;15;14;13;12;11;10;3;3;3;0;7;6;1;4;15;
?;?;?;?;?;?;?;?;?;3;3;0;7;6;1;2;9;8;5;3;3;3;3;0;7;6;1;4;15;15;15;15;15;15;15;14;13;12;11;10;3;3;3;3;0;7;6;1;4;15;
?;?;?;?;?;?;?;?;?;15;15;15;14;13;12;0;7;2;9;8;5;3;3;3;3;0;7;6;2;9;8;5;3;3;3;3;3;3;3;0;7;6;1;4;15;15;15;15;15;15;
?;?;?;?;?;?;?;?;?;0;7;6;1;4;2;9;8;5;3;3;3;3;3;3;3;3;3;3;3;3;0;7;6;1;4;15;15;15;15;15;14;13;12;11;0;7;6;1;4;15;
?;?;?;?;?;?;?;?;?;3;3;3;3;3;0;7;6;1;4;15;15;15;15;15;15;15;15;15;15;14;13;12;11;0;7;6;1;4;15;14;13;12;11;10;3;3;3;3;3;3;
?;?;?;?;?;?;?;?;?;3;3;3;3;3;3;3;3;3;3;3;3;3;0;7;6;1;4;15;15;15;15;15;15;15;15;15;15;15;14;13;12;11;10;0;7;6;1;4;15;15;
?;?;?;?;?;?;?;?;?;3;3;0;7;6;1;4;15;15;15;14;13;12;11;10;3;3;3;3;0;7;6;1;4;15;15;15;15;15;15;15;15;15;15;15;15;15;15;15;15;15;
?;?;?;?;?;?;?;?;?;3;3;3;3;0;7;6;1;4;15;15;15;15;14;13;12;11;0;7;6;1;4;15;15;15;15;15;15;15;15;15;15;15;15;15;15;15;15;15;15;15;
?;?;?;?;?;?;?;?;?;15;14;13;12;11;10;3;3;3;3;3;3;3;3;3;0;7;6;1;4;15;15;15;15;15;14;13;12;11;10;3;3;0;7;6;1;4;15;15;15;15;
?;?;?;?;?;?;?;?;?;0;7;6;1;4;15;15;15;15;15;15;15;14;13;12;11;0;7;6;1;4;15;15;15;14;13;12;11;0;7;6;1;4;15;15;15;15;15;15;15;15;
?;?;?;?;?;?;?;?;?;2;9;8;5;3;3;0;7;6;1;4;15;14;13;12;0;7;6;1;4;15;14;13;12;11;10;3;0;7;6;1;4;15;15;15;15;15;15;14;13;12;
?;?;?;?;?;?;?;?;?;3;0;7;6;1;4;2;9;8;5;3;3;3;3;3;3;0;7;6;1;4;15;15;15;15;15;14;13;12;11;10;3;3;0;7;6;2;9;8;5;3;
?;?;?;?;?;?;?;?;?;3;0;7;6;1;4;15;15;14;13;0;7;6;1;4;2;9;8;5;3;3;3;3;3;3;3;3;3;3;3;3;3;0;7;6;1;4;15;15;15;15;
?;?;?;?;?;?;?;?;?;15;15;15;15;14;13;12;11;10;3;3;0;7;6;2;9;8;5;3;3;3;3;3;3;3;3;3;0;7;6;1;4;2;9;8;5;3;3;3;3;0;
?;?;?;?;?;?;?;?;?;20;18;16;19;17;4;15;15;15;15;15;15;15;15;15;15;15;15;15;15;15;14;13;12;11;10;3;3;3;3;3;3;3;3;3;3;3;3;3;3;3;
?;?;?;?;?;?;?;?;?;8;5;3;3;3;0;7;6;1;4;15;15;15;15;14;13;12;11;10;3;3;3;0;7;6;1;4;15;15;15;15;15;15;15;15;15;15;15;15;15;15;
?;?;?;?;?;?;?;?;?;0;7;6;1;4;15;14;13;12;11;10;3;0;7;6;1;4;2;9;8;5;3;0;7;6;1;4;2;9;8;0;7;6;1;4;15;15;15;15;15;15;
?;?;?;?;?;?;?;?;?;0;7;6;1;4;15;14;13;12;11;10;3;0;7;6;1;4;2;9;8;5;3;3;3;3;3;3;3;3;3;3;3;0;7;6;1;4;15;15;15;15;
?;?;?;?;?;?;?;?;?;4;15;14;13;12;11;10;3;3;3;3;3;3;3;3;3;0;7;6;1;4;2;9;8;5;3;0;7;6;1;4;15;15;14;13;12;11;10;3;0;7;
?;?;?;?;?;?;?;?;?;3;0;7;6;1;4;2;9;8;5;3;3;0;7;6;1;4;15;15;15;15;15;15;15;15;15;15;14;13;12;11;0;7;6;1;4;2;9;8;5;3;
?;?;?;?;?;?;?;?;?;4;2;9;8;5;3;3;3;3;0;7;6;1;4;15;15;15;14;13;12;11;10;3;3;3;0;7;6;1;4;15;15;15;15;14;13;12;11;10;3;3;
?;?;?;?;?;?;?;?;?;2;9;8;5;3;3;0;7;6;1;4;2;9;8;5;0;7;6;1;4;15;15;14;13;12;11;10;3;3;3;3;3;3;0;7;6;1;4;15;15;15;
?;?;?;?;?;?;?;?;?;15;14;13;12;11;10;0;7;6;1;2;9;8;5;3;3;0;7;6;1;4;2;9;8;0;7;6;1;4;15;15;15;14;13;12;11;10;0;7;6;1;
?;?;?;?;?;?;?;?;?;15;14;13;12;11;10;3;0;7;6;1;2;9;8;5;3;3;0;7;6;1;4;2;9;8;5;3;0;7;6;1;4;15;14;13;12;11;10;3;3;3;
?;?;?;?;?;?;?;?;?;15;15;15;15;15;15;15;15;15;15;15;15;15;15;14;13;12;11;10;3;3;3;3;3;3;3;3;3;3;3;3;3;3;3;3;3;3;3;3;0;7;
?;?;?;?;?;?;?;?;?;2;9;8;5;3;3;0;7;6;1;4;15;15;15;14;13;12;11;10;3;3;3;3;3;0;7;6;1;4;15;15;14;13;12;11;10;3;3;0;7;6;
?;?;?;?;?;?;?;?;?;6;1;4;15;15;14;13;12;11;10;3;3;3;3;0;7;6;1;4;15;15;15;15;15;15;14;13;12;11;10;3;3;3;3;0;7;6;1;4;15;15;
?;?;?;?;?;?;?;?;?;0;7;6;1;4;15;15;14;13;12;11;10;3;3;3;3;3;3;0;7;6;1;4;15;15;15;14;13;12;11;10;3;3;3;3;0;7;6;1;4;15;
?;?;?;?;?;?;?;?;?;2;9;8;5;3;3;0;7;6;1;4;15;14;13;12;11;10;3;0;7;6;1;2;9;8;5;3;3;3;3;3;0;7;6;1;4;15;15;15;15;15;
?;?;?;?;?;?;?;?;?;3;0;7;6;1;4;2;9;8;5;0;7;6;1;4;15;15;15;15;14;13;12;11;10;3;3;3;3;3;0;7;2;9;8;5;3;3;3;3;3;3;
?;?;?;?;?;?;?;?;?;6;1;2;9;8;5;3;3;3;3;3;0;7;6;1;4;15;15;15;15;15;15;15;15;15;15;15;15;15;15;15;15;15;15;15;15;15;15;15;15;15;
?;?;?;?;?;?;?;?;?;3;0;7;6;1;2;9;8;5;3;3;0;7;6;1;4;15;15;15;15;15;14;13;12;11;10;3;0;7;6;1;4;2;9;8;5;3;3;3;3;3;
?;?;?;?;?;?;?;?;?;0;7;6;1;4;15;15;14;13;12;11;10;3;3;3;3;3;3;3;3;0;7;6;1;4;15;15;15;15;15;15;15;15;15;14;13;12;11;10;3;3;
?;?;?;?;?;?;?;?;?;3;0;7;6;1;4;15;14;13;12;11;0;7;6;1;2;9;8;5;3;3;3;3;3;0;7;6;1;4;15;15;15;15;15;14;13;12;11;10;3;3;
?;?;?;?;?;?;?;?;?;2;9;8;5;3;3;0;7;6;1;4;15;14;13;12;11;10;3;3;0;7;6;1;4;15;15;15;15;15;15;15;15;15;15;14;13;12;11;10;3;3;
?;?;?;?;?;?;?;?;?;3;0;7;6;1;4;15;15;15;14;13;12;11;10;3;3;3;3;3;0;7;6;1;4;15;15;15;15;14;13;12;11;10;3;3;3;3;3;3;3;3;
?;?;?;?;?;?;?;?;?;0;7;6;1;4;15;14;13;12;11;10;3;3;0;7;6;1;4;15;15;15;15;15;15;15;15;15;15;15;15;15;15;15;14;13;12;11;10;3;3;3;
?;?;?;?;?;?;?;?;?;4;15;14;13;12;11;0;7;6;1;4;15;15;14;13;12;11;10;3;3;3;3;3;0;7;6;1;4;15;15;15;14;13;12;11;10;3;3;3;3;3;
?;?;?;?;?;?;?;?;?;3;3;3;3;3;3;3;3;0;7;6;1;4;15;15;15;15;14;13;12;11;10;3;0;7;6;1;4;15;15;15;15;15;15;15;14;13;12;11;10;3;
?;?;?;?;?;?;?;?;?;3;0;7;6;1;4;15;14;13;12;11;10;0;7;6;1;4;15;15;15;15;15;15;15;15;15;15;15;14;13;12;11;10;3;3;3;3;3;3;3;3;
?;?;?;?;?;?;?;?;?;3;3;0;7;6;1;4;2;9;8;5;0;7;6;1;4;15;14;13;12;0;7;6;1;4;15;15;14;13;12;0;7;6;1;4;15;15;15;15;14;13;
?;?;?;?;?;?;?;?;?;2;9;8;5;3;3;0;7;6;1;4;15;15;15;15;15;15;15;15;15;15;15;14;13;12;11;10;3;3;0;7;6;1;4;15;15;15;14;13;12;11;
?;?;?;?;?;?;?;?;?;3;3;3;3;3;3;3;3;3;3;0;7;6;1;4;15;15;15;15;15;15;14;13;12;11;10;3;0;7;6;1;4;15;15;15;15;15;15;15;14;13;
?;?;?;?;?;?;?;?;?;4;2;9;8;5;3;0;7;6;1;2;9;8;5;3;3;0;7;6;1;4;15;15;15;15;14;13;12;11;10;3;3;3;3;3;3;3;3;3;3;3;
?;?;?;?;?;?;?;?;?;3;3;0;7;2;9;8;5;3;3;0;7;6;1;4;2;9;8;5;3;3;3;3;3;0;7;6;1;4;15;15;15;14;13;12;11;10;3;0;7;6;
?;?;?;?;?;?;?;?;?;13;12;11;0;7;6;1;4;15;15;14;13;12;11;10;3;3;3;0;7;6;1;4;15;15;15;15;15;14;13;12;11;10;3;3;3;3;3;3;3;3;
?;?;?;?;?;?;?;?;?;3;3;3;3;0;7;6;1;4;15;15;15;15;15;14;13;12;11;0;7;6;1;4;15;15;15;15;14;13;12;11;10;3;3;0;7;6;1;4;2;9;
?;?;?;?;?;?;?;?;?;15;15;14;13;12;11;10;3;0;7;6;1;4;15;15;15;15;15;15;15;15;14;13;12;11;10;3;3;3;3;3;3;3;3;3;3;3;3;3;3;3;
?;?;?;?;?;?;?;?;?;3;3;0;7;6;1;2;9;8;5;3;3;0;7;6;1;2;9;8;5;3;0;7;6;1;4;15;15;15;15;14;13;0;7;6;1;4;15;15;15;15;
?;?;?;?;?;?;?;?;?;15;14;13;12;11;10;3;3;3;0;2;9;8;5;3;3;3;0;7;6;1;2;9;8;5;3;3;3;3;3;3;0;7;6;1;4;15;15;15;15;15;
?;?;?;?;?;?;?;?;?;15;14;13;12;11;10;3;0;7;6;1;2;9;8;5;3;3;3;3;3;3;3;3;3;3;0;7;6;1;4;15;15;15;15;15;15;15;15;15;15;15;
?;?;?;?;?;?;?;?;?;4;2;9;8;5;0;7;6;1;4;2;9;8;5;3;3;0;7;6;1;4;15;15;15;15;14;13;12;11;10;3;3;3;3;3;3;3;3;3;3;3;
?;?;?;?;?;?;?;?;?;0;7;6;1;4;15;15;14;13;12;11;10;3;0;7;6;1;4;15;15;15;15;15;15;14;13;12;11;10;3;3;3;3;3;3;3;3;3;3;3;0;
?;?;?;?;?;?;?;?;?;15;15;14;13;12;11;10;3;3;0;7;6;2;9;8;5;3;3;3;3;3;3;3;3;3;3;0;7;6;1;4;15;15;15;15;15;15;14;13;12;11;
?;?;?;?;?;?;?;?;?;0;7;6;1;4;15;15;15;14;22;21;20;18;16;19;17;14;13;12;11;10;3;3;3;3;3;3;3;3;3;3;3;3;3;3;3;0;7;6;1;4;
?;?;?;?;?;?;?;?;?;3;3;0;7;6;1;4;2;9;8;5;0;7;6;1;2;9;8;5;3;3;3;3;3;3;3;3;0;7;6;1;4;15;15;15;15;15;14;13;12;11;
?;?;?;?;?;?;?;?;?;4;15;15;15;15;15;14;13;12;11;10;3;3;3;3;3;3;3;3;0;7;6;1;4;2;9;8;5;3;3;3;3;3;3;0;7;6;1;4;15;15;
?;?;?;?;?;?;?;?;?;9;8;5;3;3;3;3;3;0;7;6;1;4;15;15;15;15;15;15;15;15;14;13;12;11;10;3;3;3;3;3;0;7;6;1;4;15;15;15;15;15;
?;?;?;?;?;?;?;?;?;15;15;15;15;15;15;14;13;12;11;10;3;3;3;3;3;3;3;3;3;3;3;3;3;3;3;3;3;3;3;3;0;7;6;1;4;15;15;15;15;15;
?;?;?;?;?;?;?;?;?;3;3;0;7;6;1;4;2;9;8;5;3;3;0;7;6;1;4;15;15;15;15;15;15;15;14;13;12;11;10;3;0;7;6;1;4;15;15;15;15;15;
?;?;?;?;?;?;?;?;?;3;0;7;6;1;4;2;9;8;5;3;3;3;3;3;3;3;3;3;0;7;6;2;9;0;7;6;1;4;15;15;15;15;15;15;15;15;15;15;15;15;
?;?;?;?;?;?;?;?;?;3;0;7;6;1;4;15;15;15;15;15;15;15;15;15;15;14;13;12;11;10;3;3;3;3;3;3;3;3;3;3;3;3;3;0;7;6;1;4;15;15;
?;?;?;?;?;?;?;?;?;4;2;9;8;5;3;0;7;6;1;4;15;15;15;14;13;0;7;6;1;4;15;15;15;15;15;15;15;14;13;12;11;10;3;3;3;3;3;3;3;3;
?;?;?;?;?;?;?;?;?;15;14;13;12;11;10;3;3;3;3;3;3;3;3;3;3;0;7;6;1;4;2;9;8;0;7;6;1;4;15;15;15;15;15;15;15;15;14;13;12;11;
?;?;?;?;?;?;?;?;?;0;7;6;1;4;15;14;13;12;11;10;0;7;6;1;4;15;14;13;12;11;0;7;6;1;4;15;15;15;14;13;12;11;10;3;3;3;0;7;6;1;
?;?;?;?;?;?;?;?;?;4;15;14;13;12;11;0;7;6;2;9;8;5;3;3;3;3;3;3;3;3;3;3;3;3;0;7;6;1;4;15;15;15;15;15;15;15;15;15;14;13;
?;?;?;?;?;?;?;?;?;4;15;14;13;12;11;0;7;6;1;4;15;14;13;0;7;6;1;4;15;14;13;12;11;10;3;3;3;0;7;6;1;4;15;15;15;15;15;15;15;14;
?;?;?;?;?;?;?;?;?;0;7;6;1;2;9;8;5;3;3;3;3;0;7;6;1;4;15;15;15;15;15;14;13;12;11;10;3;3;0;7;6;1;4;15;15;15;15;15;15;15;
?;?;?;?;?;?;?;?;?;4;2;9;8;5;3;0;7;6;1;4;15;15;14;13;12;11;10;3;3;3;3;3;0;7;6;1;4;15;15;14;13;12;11;10;3;3;3;0;7;6;
?;?;?;?;?;?;?;?;?;4;15;14;13;12;11;10;3;3;3;0;7;6;1;4;15;15;15;15;15;15;15;14;13;12;11;10;3;3;3;3;3;3;3;3;0;7;6;2;9;8;
?;?;?;?;?;?;?;?;?;3;3;0;7;6;1;4;15;14;13;12;11;10;3;3;3;3;0;7;6;1;4;15;15;15;15;15;14;13;12;11;10;3;0;7;2;9;8;5;3;3;
?;?;?;?;?;?;?;?;?;2;9;8;5;3;0;7;6;1;4;2;9;8;5;3;3;3;3;3;3;3;0;7;6;1;4;15;15;15;14;13;12;11;10;3;3;0;7;6;1;4;
?;?;?;?;?;?;?;?;?;2;9;8;5;0;7;6;1;4;15;15;15;15;15;15;15;15;15;15;15;15;15;15;15;15;15;14;13;12;11;10;3;3;3;3;3;3;3;3;3;3;
?;?;?;?;?;?;?;?;?;5;3;3;3;3;3;3;3;3;0;7;6;1;4;15;15;15;15;14;13;12;11;10;3;3;3;0;7;6;1;4;15;15;15;15;15;15;15;15;15;15;
?;?;?;?;?;?;?;?;?;3;0;7;6;1;2;9;8;5;3;0;7;6;1;4;15;15;14;13;12;11;10;0;7;6;1;4;2;9;8;5;0;7;6;1;4;15;15;15;15;15;
?;?;?;?;?;?;?;?;?;0;7;6;1;4;15;15;15;15;15;15;15;15;15;15;15;15;15;14;13;12;0;7;6;1;4;15;14;13;12;11;10;3;3;3;3;3;3;3;3;3;
?;?;?;?;?;?;?;?;?;3;0;7;6;1;4;15;15;15;15;15;15;15;15;15;15;14;13;12;11;10;3;3;3;3;3;3;3;0;7;6;1;4;15;15;15;14;13;12;11;10;
?;?;?;?;?;?;?;?;?;3;3;3;3;3;3;3;3;3;3;0;7;6;1;4;15;15;14;13;12;11;10;0;7;6;1;4;15;15;15;15;15;15;15;14;13;12;11;0;7;6;
?;?;?;?;?;?;?;?;?;3;0;7;6;1;4;2;9;8;5;3;0;7;6;1;4;2;9;8;5;3;3;3;3;3;3;0;7;6;1;4;15;15;15;14;13;12;11;10;3;3;
?;?;?;?;?;?;?;?;?;4;15;15;15;14;13;12;11;10;3;3;3;3;0;7;6;1;4;15;15;14;13;12;11;10;3;3;3;3;0;7;6;1;4;15;15;15;15;15;15;15;
?;?;?;?;?;?;?;?;?;3;0;7;6;1;4;2;9;8;5;3;3;3;0;2;9;8;5;3;3;0;7;6;1;4;15;15;15;15;15;15;15;15;15;15;15;15;15;15;14;13;
?;?;?;?;?;?;?;?;?;3;0;7;6;1;4;15;15;15;15;15;15;15;15;15;15;15;15;15;15;15;15;15;15;15;15;15;15;15;15;15;15;14;13;12;11;10;3;3;0;7;
?;?;?;?;?;?;?;?;?;2;9;8;5;3;3;0;7;6;1;4;15;15;15;15;15;15;15;15;14;13;12;11;10;3;0;7;6;1;4;15;15;15;15;15;15;15;15;15;15;15;
?;?;?;?;?;?;?;?;?;4;2;9;8;5;3;3;3;3;3;3;3;3;3;0;7;6;1;4;15;15;15;15;14;13;12;11;10;3;3;3;3;0;7;6;1;4;15;15;14;13;
?;?;?;?;?;?;?;?;?;3;3;3;3;3;3;3;3;3;3;0;7;6;1;4;15;15;15;15;15;15;15;15;15;15;14;13;12;11;10;0;7;6;1;4;15;15;15;15;15;14;
?;?;?;?;?;?;?;?;?;3;0;7;6;1;4;15;15;14;13;12;11;10;3;3;3;3;0;7;6;1;4;15;15;15;15;15;15;14;13;12;11;10;3;3;3;0;7;6;1;4;
?;?;?;?;?;?;?;?;?;15;15;14;13;12;11;10;3;3;3;3;3;3;3;3;3;3;3;3;3;3;3;3;3;3;3;3;0;7;6;1;4;15;15;15;15;15;15;15;15;15;
?;?;?;?;?;?;?;?;?;12;11;0;7;6;1;4;2;9;8;5;3;3;3;3;3;3;3;3;3;3;3;3;3;3;3;3;3;3;0;2;9;8;5;3;0;7;6;1;4;15;
?;?;?;?;?;?;?;?;?;3;0;7;6;1;4;15;15;15;15;15;15;15;14;13;12;11;10;3;3;3;3;3;3;3;3;3;3;3;3;3;3;3;3;3;3;3;3;3;3;3;
?;?;?;?;?;?;?;?;?;3;3;0;7;6;1;4;15;15;15;15;14;13;12;11;10;3;3;0;7;6;1;4;15;15;15;15;15;15;15;15;15;15;15;14;13;12;11;10;3;3;
?;?;?;?;?;?;?;?;?;3;3;3;3;3;3;3;3;3;0;7;6;1;4;15;15;15;15;15;15;15;15;15;15;15;15;15;14;13;12;11;10;3;0;7;6;1;4;15;15;15;
?;?;?;?;?;?;?;?;?;3;0;7;6;1;2;9;8;5;3;0;7;6;1;4;15;15;14;13;12;11;10;3;3;0;7;6;2;9;8;5;3;3;3;0;7;6;2;9;8;5;
?;?;?;?;?;?;?;?;?;20;18;16;2;9;8;5;3;3;3;3;3;3;0;7;6;1;4;15;14;22;21;20;18;16;19;17;4;15;15;14;13;12;11;10;0;7;6;1;4;15;
?;?;?;?;?;?;?;?;?;3;0;7;6;1;4;15;15;15;14;13;12;11;10;3;3;3;3;0;7;6;1;4;15;15;15;15;14;13;12;11;10;3;3;3;3;3;3;3;3;3;
?;?;?;?;?;?;?;?;?;15;15;15;15;15;15;15;14;13;12;11;10;3;3;3;3;3;3;3;3;3;0;7;6;1;4;15;15;15;15;15;15;15;15;15;15;15;15;15;15;15;
?;?;?;?;?;?;?;?;?;1;4;15;15;14;13;12;11;0;7;6;1;4;2;9;0;7;6;1;4;15;15;15;14;13;12;11;10;3;0;7;6;1;4;15;15;15;14;13;12;11;
?;?;?;?;?;?;?;?;?;2;9;8;5;3;3;0;7;6;1;4;15;15;15;15;15;15;15;14;13;12;11;10;3;3;3;3;0;7;6;1;4;15;15;14;13;12;0;7;6;1;
?;?;?;?;?;?;?;?;?;4;2;9;8;5;3;0;7;6;1;4;2;9;8;5;0;7;6;1;4;15;15;14;13;12;11;10;3;3;3;3;3;3;3;3;3;3;0;7;6;2;
?;?;?;?;?;?;?;?;?;0;7;6;1;4;2;9;8;5;3;3;3;3;3;3;3;3;3;3;3;0;7;6;1;4;15;15;15;15;15;15;14;13;12;11;10;3;3;3;0;7;
?;?;?;?;?;?;?;?;?;4;15;14;13;12;0;7;6;1;4;15;15;15;14;13;12;11;10;3;3;3;3;3;3;3;3;0;7;6;1;4;15;15;15;14;13;12;11;10;3;3;
?;?;?;?;?;?;?;?;?;4;2;9;8;5;0;7;6;1;4;15;15;14;13;12;11;0;7;6;1;4;2;9;8;5;3;0;7;6;1;4;15;14;13;12;11;10;3;3;3;3;
?;?;?;?;?;?;?;?;?;3;0;7;6;1;4;2;9;8;5;3;3;0;7;6;1;4;2;9;8;0;7;6;1;2;9;8;5;3;3;3;0;7;6;1;4;15;15;15;15;15;
?;?;?;?;?;?;?;?;?;0;7;6;1;4;15;15;14;13;12;11;10;3;0;7;6;1;4;15;15;15;15;15;15;15;14;13;12;11;10;3;3;3;3;3;3;3;3;3;3;0;
?;?;?;?;?;?;?;?;?;15;14;13;12;11;10;3;3;0;7;6;1;4;15;15;15;15;14;13;12;11;10;3;3;3;3;0;7;6;1;4;15;14;13;12;11;10;3;3;3;0;
?;?;?;?;?;?;?;?;?;8;5;3;3;3;3;3;3;3;3;3;3;3;3;3;0;7;6;1;4;15;15;15;15;15;15;15;15;15;15;15;15;15;15;15;15;15;15;15;15;15;
?;?;?;?;?;?;?;?;?;0;7;6;1;4;2;9;8;5;3;3;3;3;0;7;6;1;4;2;9;8;5;3;3;3;3;3;3;3;3;0;7;6;1;4;15;15;15;15;15;15;
?;?;?;?;?;?;?;?;?;11;10;3;0;7;6;1;4;15;15;15;15;15;14;13;12;11;10;3;3;3;3;3;0;7;6;1;4;15;15;15;14;13;12;11;10;3;0;7;6;1;
?;?;?;?;?;?;?;?;?;3;0;7;6;1;4;2;9;8;5;3;3;3;0;7;6;1;4;15;15;15;15;15;15;15;15;15;15;15;15;15;15;15;15;15;15;14;13;12;11;10;
?;?;?;?;?;?;?;?;?;3;0;7;6;1;2;9;8;5;3;0;7;6;1;4;2;9;8;5;3;3;3;3;0;7;6;1;4;15;15;15;15;14;13;12;11;10;3;3;3;3;
?;?;?;?;?;?;?;?;?;0;7;6;1;4;15;15;15;15;15;15;15;15;15;15;15;15;14;13;0;7;6;1;4;15;15;14;13;12;11;10;3;3;0;7;6;1;4;15;15;15;
?;?;?;?;?;?;?;?;?;3;3;3;3;3;3;3;3;3;3;3;3;0;7;6;1;4;15;15;15;15;15;15;15;15;15;15;15;15;15;15;15;15;14;13;12;11;10;3;3;3;
?;?;?;?;?;?;?;?;?;0;7;6;1;4;2;9;8;5;3;3;3;0;7;6;1;4;2;9;8;5;0;7;6;1;4;2;9;8;5;3;3;3;0;7;6;1;2;9;8;5;
?;?;?;?;?;?;?;?;?;0;7;6;1;4;15;14;13;12;11;10;3;0;7;6;1;4;15;14;13;12;11;10;3;3;3;3;3;3;3;3;0;7;6;1;4;2;9;8;5;3;
?;?;?;?;?;?;?;?;?;15;15;15;15;14;13;12;11;10;3;3;3;3;3;3;3;0;7;6;1;4;15;15;15;15;15;15;15;15;15;14;13;12;11;10;3;0;7;6;1;4;
?;?;?;?;?;?;?;?;?;15;15;14;13;12;11;10;3;3;3;3;3;3;0;7;6;1;4;15;15;15;15;14;13;12;11;10;3;3;3;3;3;3;0;7;6;1;4;15;15;15;
?;?;?;?;?;?;?;?;?;2;9;8;5;3;3;0;7;6;1;4;15;15;14;13;12;11;10;3;3;3;3;3;3;3;3;3;0;7;6;1;4;15;15;15;15;15;15;14;13;12;
?;?;?;?;?;?;?;?;?;2;9;8;5;3;3;3;3;0;7;6;1;4;15;15;15;15;15;15;15;15;15;15;15;15;15;14;13;12;11;10;3;3;3;3;3;3;3;3;3;3;
?;?;?;?;?;?;?;?;?;15;14;13;12;11;10;3;3;3;3;3;3;3;3;3;0;7;6;1;4;15;15;15;15;15;15;15;14;13;12;11;10;3;3;3;3;3;3;3;3;3;
?;?;?;?;?;?;?;?;?;4;15;14;13;12;11;0;7;6;1;2;9;8;5;3;3;0;7;6;1;4;15;15;14;13;12;0;7;6;1;4;2;9;8;5;3;3;3;3;0;7;
?;?;?;?;?;?;?;?;?;4;15;14;13;12;11;0;7;6;1;4;2;9;8;5;3;3;3;3;3;3;3;3;0;7;6;1;4;15;15;15;15;15;14;13;12;0;7;6;1;4;
?;?;?;?;?;?;?;?;?;2;9;8;0;7;6;1;4;15;14;13;12;11;10;3;3;3;3;0;7;6;1;4;15;15;15;15;15;14;13;12;11;10;3;3;3;0;7;6;1;4;
?;?;?;?;?;?;?;?;?;0;7;6;1;4;15;15;15;15;15;15;15;14;13;12;11;10;3;0;7;6;1;4;15;14;13;12;11;10;3;3;3;3;3;3;3;0;7;6;1;4;
?;?;?;?;?;?;?;?;?;15;15;15;15;15;15;15;15;15;15;15;15;15;15;14;13;12;11;10;3;3;3;0;7;6;1;4;15;15;15;14;13;12;11;10;3;3;3;3;3;3;
?;?;?;?;?;?;?;?;?;4;15;14;13;12;11;10;3;0;7;6;1;4;15;15;14;13;12;11;10;3;0;7;6;1;4;15;15;15;15;14;13;12;11;10;3;3;3;0;7;6;
?;?;?;?;?;?;?;?;?;1;4;15;15;15;15;15;15;14;13;12;11;10;0;7;6;1;4;15;15;15;15;14;13;12;11;10;3;3;0;7;6;1;4;15;15;15;15;15;15;15;
?;?;?;?;?;?;?;?;?;15;15;15;15;15;15;15;15;15;15;15;15;15;15;15;15;15;15;15;14;13;12;11;10;3;3;3;3;3;3;3;3;3;3;3;3;3;3;3;3;0;
?;?;?;?;?;?;?;?;?;4;2;9;8;5;3;3;3;0;7;6;1;4;15;15;15;15;15;15;15;15;14;13;12;11;10;0;7;6;1;4;15;15;15;14;13;12;11;10;3;3;
?;?;?;?;?;?;?;?;?;3;0;7;6;1;4;2;9;8;5;3;3;0;7;6;1;4;15;15;15;15;15;15;15;15;15;15;15;15;15;15;15;15;15;15;15;15;14;13;12;11;
?;?;?;?;?;?;?;?;?;0;7;6;1;4;15;14;13;12;11;10;3;0;7;2;9;8;5;3;3;0;7;6;1;2;9;8;5;3;3;3;3;3;0;7;6;1;4;15;14;13;
?;?;?;?;?;?;?;?;?;15;15;15;14;13;12;11;10;3;3;0;7;6;1;4;15;15;15;15;15;15;15;15;14;13;12;11;10;3;3;3;3;3;0;7;6;1;4;15;15;15;
?;?;?;?;?;?;?;?;?;4;2;9;8;5;3;3;3;3;3;3;3;3;3;3;3;0;7;6;1;4;15;15;15;15;15;15;15;15;15;15;15;15;14;13;12;11;10;3;0;7;
?;?;?;?;?;?;?;?;?;3;0;7;6;1;4;2;9;8;5;0;7;6;1;4;15;15;15;14;13;12;11;10;3;3;3;3;3;3;0;7;6;1;4;15;15;15;15;15;15;15;
?;?;?;?;?;?;?;?;?;3;3;3;0;7;6;1;4;15;15;15;14;13;12;11;10;3;3;3;3;3;3;3;3;0;7;6;1;4;15;15;15;15;15;15;15;14;13;12;11;10;
?;?;?;?;?;?;?;?;?;3;0;7;6;1;4;15;15;14;13;12;11;10;3;3;3;3;3;3;0;7;6;1;4;15;15;15;15;15;15;15;15;15;15;15;15;15;15;15;14;13;
?;?;?;?;?;?;?;?;?;1;2;9;8;5;0;7;6;1;4;15;15;15;15;15;15;15;15;15;15;15;15;14;13;12;0;7;6;1;4;15;15;15;15;15;14;13;12;11;10;3;
?;?;?;?;?;?;?;?;?;4;2;9;8;5;0;7;6;1;4;15;14;13;12;11;10;0;7;6;1;4;15;14;13;12;11;10;3;3;3;3;3;3;3;3;3;0;7;6;1;4;
?;?;?;?;?;?;?;?;?;2;9;8;5;3;3;0;7;6;1;4;15;15;15;15;15;15;15;15;15;15;15;14;13;12;11;10;3;3;3;3;3;3;3;3;3;3;3;3;3;3;
?;?;?;?;?;?;?;?;?;0;7;6;1;4;15;14;13;12;11;10;3;3;3;3;3;3;3;3;3;3;3;3;0;7;6;1;2;9;8;5;3;0;7;6;1;4;15;15;15;15;
?;?;?;?;?;?;?;?;?;7;6;1;4;2;9;8;5;3;3;3;3;0;7;6;1;4;15;15;15;15;15;15;15;15;15;15;15;15;15;15;14;13;12;11;10;3;3;3;0;7;
?;?;?;?;?;?;?;?;?;2;9;8;5;3;0;7;6;1;4;2;9;8;5;3;3;3;0;7;6;1;4;2;9;8;5;0;7;6;1;4;15;15;15;15;15;15;15;15;15;14;
?;?;?;?;?;?;?;?;?;4;2;9;8;5;3;3;0;7;6;2;9;8;5;3;3;3;3;3;0;7;6;1;4;15;15;15;15;15;15;15;15;15;15;15;15;15;15;15;15;15;
?;?;?;?;?;?;?;?;?;3;3;0;7;6;2;9;8;0;7;6;1;4;15;15;15;14;13;12;11;10;0;7;6;1;2;9;8;5;3;3;0;7;6;1;4;15;15;15;15;15;
?;?;?;?;?;?;?;?;?;3;0;7;6;1;2;9;8;5;3;3;3;0;7;6;1;2;9;8;5;3;3;0;7;6;1;4;15;15;15;15;15;15;15;15;15;14;13;12;11;10;
?;?;?;?;?;?;?;?;?;0;7;6;1;4;15;15;14;13;12;11;10;3;3;3;3;3;3;3;3;3;3;0;7;6;1;4;2;9;8;5;0;7;6;1;4;15;14;13;12;11;
?;?;?;?;?;?;?;?;?;3;0;7;6;1;4;15;15;15;15;15;15;15;14;13;12;11;10;3;3;3;3;0;7;6;1;4;15;15;15;15;14;13;12;11;10;3;3;3;3;3;
?;?;?;?;?;?;?;?;?;3;0;7;6;1;4;15;15;14;13;0;7;6;1;4;2;9;8;5;3;3;3;3;3;3;0;7;6;1;4;15;15;15;15;15;14;13;12;11;10;3;
?;?;?;?;?;?;?;?;?;3;0;7;6;1;2;9;8;5;3;3;3;0;7;6;1;4;2;9;8;5;3;3;3;0;7;6;1;4;15;15;15;14;13;12;11;10;3;0;7;6;
?;?;?;?;?;?;?;?;?;3;0;7;6;1;4;15;15;14;13;12;11;10;3;3;3;3;3;3;3;0;7;6;1;4;15;15;15;15;15;14;13;12;11;10;3;3;3;3;3;0;
?;?;?;?;?;?;?;?;?;3;0;7;6;1;2;9;8;5;3;3;3;0;7;6;1;4;15;15;15;15;15;15;15;15;15;15;15;15;15;15;15;15;15;14;13;12;11;10;3;3;
?;?;?;?;?;?;?;?;?;3;3;0;7;6;1;4;15;15;14;13;12;11;10;3;3;0;7;6;1;4;15;15;15;14;13;12;11;10;3;3;3;3;3;0;7;6;1;4;15;15;
?;?;?;?;?;?;?;?;?;3;0;7;6;1;4;2;9;8;5;0;7;6;1;4;2;9;8;5;3;3;0;7;6;1;4;15;14;13;12;11;10;3;3;0;7;6;2;9;8;5;
?;?;?;?;?;?;?;?;?;4;2;9;8;5;3;3;0;7;6;2;9;8;5;3;3;3;0;7;6;1;4;15;14;22;21;20;18;16;19;17;4;15;15;15;15;15;15;14;13;12;
?;?;?;?;?;?;?;?;?;3;3;3;3;3;3;3;0;7;6;1;4;15;15;15;15;15;15;15;15;14;13;12;11;0;7;6;1;4;2;9;8;5;3;3;3;3;3;3;3;3;
?;?;?;?;?;?;?;?;?;4;15;15;15;15;15;15;15;15;15;14;13;12;11;10;3;3;3;3;0;7;6;1;4;15;15;15;15;15;15;15;14;13;12;11;10;3;3;3;3;3;
?;?;?;?;?;?;?;?;?;3;0;7;6;1;2;9;8;5;3;3;3;3;0;7;6;1;4;15;15;15;15;15;15;14;13;12;11;10;3;0;7;6;1;4;15;15;15;15;15;15;