?;?;?;?;?;?;?;?;?;?;?;?;?;?;0;7;6;1;4;4;4;4;4;4;4;4;4;4;4;11;110;10;5;12;111;75;42;42;39;30;28;21;14;8;45;43;33;2;19;5;
?;?;?;?;?;?;?;?;?;?;?;?;?;?;4;4;4;4;4;4;4;4;4;11;110;10;5;12;111;75;42;42;42;42;39;30;28;21;143;23;127;112;123;55;75;42;42;42;42;39;
?;?;?;?;?;?;?;?;?;?;?;?;?;?;45;43;4;4;11;110;10;5;12;111;75;42;42;39;30;28;21;14;8;45;43;4;4;4;4;4;11;110;10;5;12;111;75;42;42;42;
?;?;?;?;?;?;?;?;?;?;?;?;?;?;45;11;110;10;5;12;111;75;42;39;30;28;21;14;8;45;43;4;4;4;11;110;10;5;12;111;75;42;42;42;42;42;39;30;28;21;
?;?;?;?;?;?;?;?;?;?;?;?;?;?;110;10;5;12;111;75;42;42;42;42;42;42;42;42;42;42;42;42;42;39;30;28;21;14;8;45;43;4;4;4;11;110;10;5;12;111;
?;?;?;?;?;?;?;?;?;?;?;?;?;?;?;104;103;0;7;6;1;4;4;4;4;4;11;110;10;5;12;148;147;146;145;144;131;130;43;4;4;4;11;110;10;5;12;111;75;42;
?;?;?;?;?;?;?;?;?;?;?;?;?;?;98;136;61;52;47;46;45;43;33;160;158;157;155;153;152;151;4;4;11;110;10;5;12;111;75;42;42;42;42;42;39;30;28;21;14;8;
?;?;?;?;?;?;?;?;?;?;?;?;?;?;5;12;148;147;146;145;144;131;130;43;4;4;4;11;110;10;5;12;111;75;42;42;42;39;73;71;69;67;58;81;49;87;57;86;85;84;
?;?;?;?;?;?;?;?;?;?;?;?;?;?;143;23;127;112;123;55;75;42;39;30;28;21;14;8;45;11;110;10;5;12;111;75;42;42;42;42;42;42;42;42;39;30;28;129;128;18;
?;?;?;?;?;?;?;?;?;?;?;?;?;?;97;64;62;53;44;46;124;24;105;5;12;111;100;94;91;129;128;18;68;101;137;65;135;134;133;132;130;43;33;2;19;5;12;148;147;146;
?;?;?;?;?;?;?;?;?;?;?;?;?;?;55;75;40;31;29;22;20;16;45;43;4;4;4;4;4;4;4;4;11;110;10;5;12;111;100;94;120;118;70;15;83;82;90;56;77;3;
?;?;?;?;?;?;?;?;?;?;?;?;?;?;4;11;110;10;5;12;111;75;42;42;39;30;28;21;14;8;45;43;4;4;4;4;4;11;110;10;5;12;111;75;42;39;30;28;21;14;
?;?;?;?;?;?;?;?;?;?;?;?;?;?;3;111;75;42;42;42;42;42;42;42;39;30;28;21;14;32;142;139;138;97;64;62;53;44;46;45;43;4;4;4;11;110;10;5;12;111;
?;?;?;?;?;?;?;?;?;?;?;?;?;?;138;3;111;75;40;31;29;22;20;16;45;43;4;4;4;4;11;110;10;5;12;111;75;42;42;42;42;42;39;30;28;21;14;8;45;11;
?;?;?;?;?;?;?;?;?;?;?;?;?;?;4;4;4;4;11;110;10;5;12;111;75;42;42;42;42;39;30;28;129;128;18;68;101;80;41;50;39;30;28;21;14;8;45;43;4;4;
?;?;?;?;?;?;?;?;?;?;?;?;?;?;30;28;21;14;8;45;43;33;2;19;5;12;111;75;42;39;30;28;21;14;8;45;11;110;10;99;66;63;54;51;4;4;4;4;4;11;
?;?;?;?;?;?;?;?;?;?;?;?;?;?;3;111;75;42;42;42;42;42;39;30;28;21;14;8;45;43;33;2;19;5;12;111;75;40;31;29;22;20;16;45;43;4;4;4;4;4;
?;?;?;?;?;?;?;?;?;?;?;?;?;?;12;148;147;146;145;144;32;142;139;138;3;111;100;94;120;118;70;15;83;82;90;56;77;39;30;120;118;70;15;83;82;90;0;7;6;1;
?;?;?;?;?;?;?;?;?;?;?;?;?;?;55;75;42;39;30;28;21;14;8;45;43;4;4;4;4;4;4;4;11;110;10;5;12;111;75;42;39;30;28;21;14;8;45;43;4;4;
?;?;?;?;?;?;?;?;?;?;?;?;?;?;143;23;127;112;123;55;97;64;62;53;143;23;127;112;123;55;75;40;31;29;22;20;16;45;43;4;4;4;4;4;4;4;4;11;110;0;
?;?;?;?;?;?;?;?;?;?;?;?;?;?;42;42;42;42;42;42;39;30;28;21;14;8;45;43;4;4;11;110;10;5;12;111;75;42;42;42;39;30;28;21;14;8;45;43;4;4;
?;?;?;?;?;?;?;?;?;?;?;?;?;?;55;75;42;39;30;28;21;14;8;45;43;4;4;4;4;11;110;10;5;12;111;75;42;39;30;28;21;14;8;45;43;4;4;4;11;110;
?;?;?;?;?;?;?;?;?;?;?;?;?;?;3;148;147;146;145;144;131;130;43;4;4;4;4;4;4;4;4;4;4;4;4;4;11;110;10;5;12;111;75;42;42;39;30;28;21;14;
?;?;?;?;?;?;?;?;?;?;?;?;?;?;43;4;4;4;4;4;11;110;10;5;12;111;75;42;42;42;42;42;42;42;42;42;39;30;28;21;14;8;45;43;4;11;110;10;5;12;
?;?;?;?;?;?;?;?;?;?;?;?;?;?;5;12;111;75;42;42;39;30;28;21;14;8;45;43;4;4;11;110;10;5;12;111;75;42;39;30;28;21;14;8;45;43;4;4;4;4;
?;?;?;?;?;?;?;?;?;?;?;?;?;?;97;64;62;53;44;46;124;24;105;5;12;111;100;94;91;53;143;23;127;112;123;55;75;42;42;42;42;42;42;39;30;28;21;14;8;45;
?;?;?;?;?;?;?;?;?;?;?;?;?;?;143;23;127;112;123;55;97;64;62;53;44;46;45;43;4;4;4;4;4;4;4;11;110;10;5;97;64;62;53;44;46;45;43;4;4;4;
?;?;?;?;?;?;?;?;?;?;?;?;?;?;8;45;11;110;10;5;97;64;62;53;44;46;45;43;4;4;4;11;110;10;5;12;111;75;42;42;42;42;39;30;28;21;14;8;45;43;
?;?;?;?;?;?;?;?;?;?;?;?;?;?;30;28;21;14;8;45;43;33;2;19;5;12;111;100;94;91;53;44;46;45;43;4;11;110;10;5;97;64;62;53;44;46;45;43;4;11;
?;?;?;?;?;?;?;?;?;?;?;?;?;?;4;4;4;4;4;11;110;10;5;12;111;75;42;42;42;42;42;42;42;42;42;42;42;42;42;42;42;42;39;30;28;21;14;8;45;43;
?;?;?;?;?;?;?;?;?;?;?;?;?;?;144;32;142;139;138;3;111;75;42;39;30;28;21;14;8;45;43;4;4;4;11;110;10;5;12;111;75;42;42;42;42;42;42;42;42;42;
?;?;?;?;?;?;?;?;?;?;?;?;?;?;4;4;4;4;11;110;10;5;12;111;75;42;42;39;30;28;21;14;32;142;139;138;3;111;75;42;42;42;39;30;28;21;14;8;45;43;
?;?;?;?;?;?;?;?;?;?;?;?;?;?;4;4;4;4;4;4;4;11;110;10;5;12;111;75;42;39;73;71;69;67;58;81;49;87;57;86;85;84;59;42;42;42;42;42;42;39;
?;?;?;?;?;?;?;?;?;?;?;?;?;?;3;148;147;146;145;143;23;127;112;123;55;75;40;31;29;22;20;16;45;43;4;4;4;4;4;4;4;11;110;10;5;12;111;75;42;39;
?;?;?;?;?;?;?;?;?;?;?;?;?;?;44;46;45;43;4;4;4;4;4;4;11;110;10;5;12;111;100;94;91;53;44;46;45;11;110;10;5;12;111;75;42;42;42;42;42;39;
?;?;?;?;?;?;?;?;?;?;?;?;?;?;29;22;20;16;45;43;4;4;4;4;4;11;110;10;5;12;111;75;42;42;42;42;42;42;42;42;42;42;39;30;28;21;14;8;45;43;
?;?;?;?;?;?;?;?;?;?;?;?;?;?;41;50;78;59;42;42;42;42;42;39;30;28;21;14;8;45;43;4;4;4;4;4;4;4;4;4;4;4;4;4;4;11;110;10;5;12;
?;?;?;?;?;?;?;?;?;?;?;?;?;?;53;143;23;127;112;97;64;62;53;44;32;142;139;0;7;6;1;4;4;4;4;4;11;110;10;5;12;111;75;42;39;30;28;21;14;8;
?;?;?;?;?;?;?;?;?;?;?;?;?;?;42;39;30;28;21;14;8;45;11;110;10;5;12;111;75;42;39;30;28;21;14;8;45;43;33;2;19;5;12;111;75;42;39;30;28;21;
?;?;?;?;?;?;?;?;?;?;?;?;?;?;29;22;20;16;45;43;4;4;11;110;10;5;12;148;147;146;145;144;131;130;43;4;4;4;4;4;4;11;110;10;5;12;111;75;42;42;
?;?;?;?;?;?;?;?;?;?;?;?;?;?;46;124;24;105;5;12;111;75;42;42;42;42;42;39;30;28;21;14;8;45;43;4;4;4;4;4;4;4;4;4;4;11;110;10;5;12;
?;?;?;?;?;?;?;?;?;?;?;?;?;?;143;23;127;112;123;55;75;40;31;29;22;20;32;142;0;7;6;1;4;4;4;4;4;4;4;4;4;4;4;4;11;110;10;5;12;111;
?;?;?;?;?;?;?;?;?;?;?;?;?;?;4;4;4;4;4;11;110;10;5;12;111;75;42;42;42;42;42;42;42;42;42;42;39;30;28;21;14;8;45;43;4;4;4;4;4;4;
?;?;?;?;?;?;?;?;?;?;?;?;?;?;0;7;6;1;4;4;4;11;110;10;5;12;111;75;40;31;29;22;20;32;142;139;138;3;111;75;42;42;42;42;42;42;42;42;42;42;
?;?;?;?;?;?;?;?;?;?;?;?;?;?;3;111;100;94;91;53;44;32;142;139;138;3;111;75;42;42;42;39;30;28;21;14;8;45;43;4;4;4;4;4;4;4;4;4;4;4;
?;?;?;?;?;?;?;?;?;?;?;?;?;?;55;97;64;62;53;44;46;45;11;110;10;5;12;111;100;94;91;53;44;46;45;43;33;2;19;5;12;111;75;42;39;30;28;21;14;8;
?;?;?;?;?;?;?;?;?;?;?;?;?;?;53;143;23;127;112;123;55;75;42;39;30;28;21;14;8;45;43;4;4;4;4;11;110;10;5;12;111;75;42;42;39;30;28;21;14;8;
?;?;?;?;?;?;?;?;?;?;?;?;?;?;19;9;38;37;36;35;34;27;26;25;13;17;48;0;129;128;18;68;101;80;41;50;78;59;42;39;30;28;21;14;8;45;43;4;4;4;
?;?;?;?;?;?;?;?;?;?;?;?;?;?;32;142;139;138;3;111;75;42;42;42;42;42;42;42;42;42;39;30;28;21;14;8;45;43;4;4;11;110;10;5;97;64;62;53;44;46;
?;?;?;?;?;?;?;?;?;?;?;?;?;?;39;30;28;21;14;8;45;43;4;4;4;4;4;4;4;11;110;10;5;97;64;62;53;44;46;124;24;105;5;12;111;75;42;42;42;42;
?;?;?;?;?;?;?;?;?;?;?;?;?;?;42;42;42;42;42;42;42;42;39;30;28;21;14;8;45;43;4;4;4;4;4;4;4;4;11;110;10;5;12;148;147;146;145;144;131;130;
?;?;?;?;?;?;?;?;?;?;?;?;?;?;21;14;8;45;43;33;2;19;5;12;111;75;42;42;39;30;28;21;14;8;45;43;4;4;4;4;4;4;4;4;4;4;4;4;4;4;
?;?;?;?;?;?;?;?;?;?;?;?;?;?;30;28;21;14;8;45;43;4;11;110;10;5;97;64;62;53;44;46;45;43;4;4;4;4;4;4;4;4;4;4;4;4;4;4;4;4;
?;?;?;?;?;?;?;?;?;?;?;?;?;?;12;111;75;42;42;42;42;42;42;42;39;30;28;21;14;8;45;43;4;4;11;110;10;5;12;111;75;40;31;29;22;20;16;45;43;4;
?;?;?;?;?;?;?;?;?;?;?;?;?;?;8;45;43;4;4;4;4;11;110;10;5;97;64;62;53;44;46;45;43;33;2;19;5;97;64;62;53;44;46;45;43;4;4;4;4;4;
?;?;?;?;?;?;?;?;?;?;?;?;?;?;55;97;64;62;53;44;46;124;24;105;0;7;6;1;4;4;11;110;10;5;12;111;100;94;91;53;44;46;45;43;4;4;4;11;110;10;
?;?;?;?;?;?;?;?;?;?;?;?;?;?;144;32;142;139;138;3;111;75;42;42;42;39;30;28;21;14;8;45;43;4;4;11;110;10;5;12;111;75;40;31;29;129;128;18;68;101;
?;?;?;?;?;?;?;?;?;?;?;?;?;?;144;131;130;125;122;96;93;92;79;76;121;116;114;108;85;84;59;42;42;42;42;42;42;42;42;42;42;39;30;28;21;14;8;45;43;4;
?;?;?;?;?;?;?;?;?;?;?;?;?;?;110;10;5;12;111;75;40;31;29;129;128;18;68;101;80;41;50;78;59;42;42;42;39;30;28;21;14;32;142;139;138;3;111;75;42;39;
?;?;?;?;?;?;?;?;?;?;?;?;?;?;4;4;4;4;4;4;4;4;4;4;4;4;4;4;4;4;11;110;10;5;12;111;75;42;42;42;42;42;42;42;42;42;42;42;42;42;
?;?;?;?;?;?;?;?;?;?;?;?;?;?;39;30;28;21;14;8;45;43;4;11;110;10;5;12;111;75;42;39;30;28;21;14;8;45;43;4;4;4;4;4;4;4;4;4;4;4;
?;?;?;?;?;?;?;?;?;?;?;?;?;?;131;11;110;10;5;12;111;100;94;91;53;44;32;142;139;138;3;148;147;146;145;144;32;142;139;0;7;6;1;4;4;4;4;4;4;4;
?;?;?;?;?;?;?;?;?;?;?;?;?;?;46;124;24;105;5;12;111;100;94;91;53;44;32;142;139;138;3;111;75;42;42;42;42;42;42;42;42;39;30;28;21;14;8;45;43;4;
?;?;?;?;?;?;?;?;?;?;?;?;?;?;5;12;111;75;42;42;42;42;42;42;42;39;30;28;21;14;32;142;139;138;3;148;147;146;145;144;131;130;125;122;10;5;12;111;100;94;
?;?;?;?;?;?;?;?;?;?;?;?;?;?;144;32;142;139;138;3;111;100;94;91;53;44;46;45;43;4;4;4;4;4;4;4;11;110;10;5;97;64;62;53;44;32;142;139;138;3;
?;?;?;?;?;?;?;?;?;?;?;?;?;?;3;111;75;42;39;30;28;21;14;8;45;43;33;2;19;5;12;111;75;42;39;30;28;21;14;8;45;43;4;11;110;10;5;12;111;75;
?;?;?;?;?;?;?;?;?;?;?;?;?;?;111;100;94;91;53;44;32;142;139;138;97;64;62;53;44;46;45;11;110;10;5;12;111;75;42;42;42;42;39;30;28;21;14;8;45;43;
?;?;?;?;?;?;?;?;?;?;?;?;?;?;12;148;147;146;145;143;23;127;112;123;55;97;64;62;53;44;32;142;139;0;7;6;1;4;4;4;4;11;110;10;5;12;148;147;146;145;
?;?;?;?;?;?;?;?;?;?;?;?;?;?;12;111;100;94;91;53;143;23;127;112;123;55;97;64;62;53;44;32;142;139;138;3;148;147;146;145;144;131;11;110;10;5;12;111;75;42;
?;?;?;?;?;?;?;?;?;?;?;?;?;?;4;4;4;4;4;4;4;4;4;11;110;10;5;12;111;75;42;42;42;42;42;42;42;42;42;42;42;42;42;42;42;42;42;42;39;30;
?;?;?;?;?;?;?;?;?;?;?;?;?;?;55;97;64;62;53;44;46;45;43;33;2;19;5;12;111;75;42;42;42;39;30;28;21;14;8;45;11;110;10;5;12;111;75;40;31;29;
?;?;?;?;?;?;?;?;?;?;?;?;?;?;11;110;10;5;12;111;75;42;42;39;30;28;21;14;8;45;43;4;4;4;11;110;10;5;12;111;75;42;42;39;30;28;21;14;8;45;
?;?;?;?;?;?;?;?;?;?;?;?;?;?;46;45;11;110;10;5;12;111;75;42;42;42;42;39;30;28;21;14;8;45;43;33;2;19;5;12;111;75;42;42;39;30;28;21;14;8;
?;?;?;?;?;?;?;?;?;?;?;?;?;?;111;100;94;91;53;44;46;124;24;105;5;12;111;100;94;91;53;143;23;127;112;123;55;75;42;42;39;30;28;21;14;8;45;43;4;4;
?;?;?;?;?;?;?;?;?;?;?;?;?;?;144;32;142;139;138;97;64;62;53;44;46;45;43;4;11;110;10;5;12;111;75;42;42;42;39;30;120;118;70;15;83;82;90;56;77;3;
?;?;?;?;?;?;?;?;?;?;?;?;?;?;112;123;55;75;42;42;39;30;28;21;14;8;45;43;4;4;4;4;4;4;4;4;4;4;4;4;4;4;4;4;4;4;4;4;4;4;
?;?;?;?;?;?;?;?;?;?;?;?;?;?;143;23;127;112;123;55;97;64;62;53;44;46;45;43;4;4;11;110;10;5;12;111;100;94;91;53;44;32;142;139;138;3;111;75;42;42;
?;?;?;?;?;?;?;?;?;?;?;?;?;?;131;130;125;122;10;5;12;111;75;42;42;42;42;42;42;39;30;28;21;14;8;45;43;4;4;4;4;4;4;11;110;10;5;12;111;75;
?;?;?;?;?;?;?;?;?;?;?;?;?;?;144;131;11;110;10;5;97;64;62;53;143;23;127;112;123;55;75;42;42;39;30;28;21;14;8;45;43;4;4;11;110;10;5;12;111;75;
?;?;?;?;?;?;?;?;?;?;?;?;?;?;55;97;64;62;53;44;46;124;24;105;5;12;111;75;40;31;29;22;20;16;45;43;4;4;4;4;4;4;4;11;110;10;5;12;111;75;
?;?;?;?;?;?;?;?;?;?;?;?;?;?;44;46;45;43;33;2;19;5;12;111;75;42;42;42;39;30;28;21;14;8;45;43;4;11;110;10;5;12;111;75;42;42;42;42;42;42;
?;?;?;?;?;?;?;?;?;?;?;?;?;?;131;11;110;10;5;12;111;75;40;31;29;22;20;16;45;43;4;4;4;4;4;4;4;4;4;4;4;4;11;110;10;5;12;111;75;42;
?;?;?;?;?;?;?;?;?;?;?;?;?;?;5;97;64;62;53;44;46;45;11;110;10;5;12;111;75;42;42;42;39;30;28;21;14;8;45;43;33;2;19;5;12;111;75;42;42;42;
?;?;?;?;?;?;?;?;?;?;?;?;?;?;42;42;42;39;30;28;21;14;8;45;43;4;11;110;10;5;12;111;100;94;91;53;44;46;45;43;4;4;4;4;11;110;10;5;12;111;
?;?;?;?;?;?;?;?;?;?;?;?;?;?;144;131;11;110;10;5;12;148;147;146;145;144;131;130;43;4;4;4;4;4;4;4;4;11;110;10;5;12;111;75;42;42;42;42;42;42;
?;?;?;?;?;?;?;?;?;?;?;?;?;?;53;44;32;142;139;138;97;64;62;53;44;46;124;24;105;0;7;6;1;4;4;4;11;110;10;99;66;63;54;51;4;4;4;4;11;110;
?;?;?;?;?;?;?;?;?;?;?;?;?;?;55;97;64;62;53;44;46;45;43;4;4;4;4;4;4;4;4;11;110;10;5;12;111;75;40;31;29;22;20;16;45;43;33;2;19;5;
?;?;?;?;?;?;?;?;?;?;?;?;?;?;42;42;42;42;42;39;30;28;21;14;8;45;43;4;4;4;11;110;10;5;12;111;100;94;91;53;44;46;45;43;4;4;4;4;11;110;
?;?;?;?;?;?;?;?;?;?;?;?;?;?;3;148;147;146;145;143;23;127;112;123;55;97;64;62;53;44;46;45;43;4;11;110;10;5;12;111;75;42;42;42;42;42;42;42;42;42;
?;?;?;?;?;?;?;?;?;?;?;?;?;?;118;70;15;83;82;97;64;62;53;44;32;142;139;138;3;111;75;42;42;39;30;28;21;14;8;45;43;33;2;19;5;12;111;100;94;91;
?;?;?;?;?;?;?;?;?;?;?;?;?;?;62;53;44;46;45;11;110;10;5;12;111;75;42;39;30;28;21;14;8;45;43;4;4;11;110;10;5;12;111;75;42;42;42;42;42;42;
?;?;?;?;?;?;?;?;?;?;?;?;?;?;30;28;21;14;8;45;43;4;4;11;110;10;5;97;64;62;53;44;46;45;43;4;11;110;10;5;12;111;75;40;31;29;22;20;32;142;
?;?;?;?;?;?;?;?;?;?;?;?;?;?;5;12;111;100;94;91;53;44;46;45;43;4;4;4;4;4;11;110;10;5;12;111;75;42;42;42;42;42;42;42;42;42;42;42;42;42;
?;?;?;?;?;?;?;?;?;?;?;?;?;?;53;143;23;127;112;123;55;97;64;62;53;143;23;127;112;123;148;147;146;145;144;131;130;43;4;11;110;0;7;6;1;4;4;4;4;4;
?;?;?;?;?;?;?;?;?;?;?;?;?;?;12;111;75;42;39;73;71;69;67;58;81;49;39;30;28;21;143;23;127;112;123;55;75;42;42;42;39;30;28;21;14;8;45;43;4;4;
?;?;?;?;?;?;?;?;?;?;?;?;?;?;12;111;100;94;91;53;143;23;127;112;123;55;75;42;42;42;42;42;42;42;39;30;28;21;14;8;45;43;4;4;4;4;4;4;4;4;
?;?;?;?;?;?;?;?;?;?;?;?;?;?;97;64;62;53;44;32;142;139;138;3;111;100;94;91;53;44;46;45;43;4;11;110;10;5;12;111;75;42;42;42;42;42;42;42;42;42;
?;?;?;?;?;?;?;?;?;?;?;?;?;?;131;130;125;122;10;5;12;111;100;94;91;53;44;46;45;43;4;4;4;11;110;10;5;12;111;75;42;42;42;42;42;42;42;42;42;39;
?;?;?;?;?;?;?;?;?;?;?;?;?;?;5;12;111;75;40;31;29;129;128;18;68;101;80;41;50;78;59;42;42;42;42;39;30;28;21;14;8;45;43;4;4;4;11;110;10;5;
?;?;?;?;?;?;?;?;?;?;?;?;?;?;46;45;43;33;160;158;157;155;153;152;151;150;149;141;140;126;55;75;42;42;42;42;42;42;42;42;42;42;42;42;42;39;30;28;21;14;
?;?;?;?;?;?;?;?;?;?;?;?;?;?;53;44;32;142;139;138;97;64;62;53;143;23;127;112;123;55;75;42;42;42;42;42;39;30;28;21;14;8;45;43;4;4;11;110;10;5;
?;?;?;?;?;?;?;?;?;?;?;?;?;?;4;11;110;10;5;12;111;75;42;42;42;42;42;42;39;30;28;21;14;32;142;139;138;3;111;75;42;42;42;39;30;28;21;14;8;45;
?;?;?;?;?;?;?;?;?;?;?;?;?;?;90;56;77;39;30;28;21;14;8;45;43;4;4;4;4;4;11;110;10;5;12;111;75;42;42;42;39;30;28;21;14;8;45;43;4;4;
?;?;?;?;?;?;?;?;?;?;?;?;?;?;4;11;110;10;5;12;111;75;42;42;42;42;42;42;42;42;42;42;42;42;42;42;42;42;42;42;39;30;28;21;14;8;45;43;4;4;
?;?;?;?;?;?;?;?;?;?;?;?;?;?;22;20;32;142;139;138;3;111;100;94;91;53;44;46;45;43;4;4;4;4;11;110;10;5;12;111;100;94;91;53;44;46;45;43;4;4;
?;?;?;?;?;?;?;?;?;?;?;?;?;?;144;32;142;139;138;3;111;75;42;42;42;42;42;42;39;30;28;129;128;0;7;6;1;4;4;4;4;4;4;4;4;4;4;4;4;4;
?;?;?;?;?;?;?;?;?;?;?;?;?;?;144;131;130;43;4;4;4;4;4;4;4;11;110;10;5;12;111;75;42;42;42;42;42;42;42;42;42;42;42;39;30;28;21;14;8;45;
?;?;?;?;?;?;?;?;?;?;?;?;?;?;3;148;147;146;145;144;131;130;43;33;2;0;7;6;1;4;4;4;4;4;4;4;4;11;110;10;5;12;111;75;42;42;42;42;42;42;
?;?;?;?;?;?;?;?;?;?;?;?;?;?;12;111;75;42;42;42;42;42;42;42;42;39;30;28;21;14;32;142;139;0;7;6;1;4;4;4;4;4;4;4;4;4;11;110;10;5;
?;?;?;?;?;?;?;?;?;?;?;?;?;?;131;11;110;10;5;12;148;147;146;145;144;131;11;110;10;5;97;64;62;53;44;46;45;43;33;2;19;5;12;111;75;42;39;30;28;21;
?;?;?;?;?;?;?;?;?;?;?;?;?;?;5;97;64;62;74;72;113;107;95;89;60;50;78;59;42;42;42;42;42;42;39;30;28;21;14;8;45;43;4;4;4;4;4;4;11;110;
?;?;?;?;?;?;?;?;?;?;?;?;?;?;5;97;64;62;53;44;46;124;24;161;159;156;154;152;151;150;149;141;140;126;55;75;42;39;30;28;21;14;8;45;43;4;4;4;4;11;
?;?;?;?;?;?;?;?;?;?;?;?;?;?;23;127;112;123;55;75;42;39;30;28;21;14;8;45;43;4;4;11;110;10;5;12;111;75;40;31;29;22;20;16;45;43;4;4;4;4;
?;?;?;?;?;?;?;?;?;?;?;?;?;?;3;148;147;146;145;144;131;130;125;122;10;5;12;111;75;42;42;42;39;30;28;21;14;8;45;11;110;10;5;12;111;75;42;39;30;28;
?;?;?;?;?;?;?;?;?;?;?;?;?;?;5;12;111;75;42;39;30;28;21;14;8;45;43;4;4;4;4;11;110;10;5;12;111;75;42;42;42;42;42;42;39;30;28;129;128;18;
?;?;?;?;?;?;?;?;?;?;?;?;?;?;53;44;46;124;24;105;5;12;111;75;42;42;39;30;28;21;14;8;45;43;4;4;11;110;10;5;12;111;100;94;120;118;70;15;83;82;
?;?;?;?;?;?;?;?;?;?;?;?;?;?;148;147;146;145;144;32;142;139;138;3;111;75;42;42;42;42;39;30;28;21;14;8;45;43;33;2;19;5;12;111;75;40;31;29;22;20;
?;?;?;?;?;?;?;?;?;?;?;?;?;?;136;61;52;47;46;45;43;4;4;4;4;4;4;4;4;4;4;4;4;4;4;11;110;10;5;12;111;75;42;42;42;42;42;42;42;42;
?;?;?;?;?;?;?;?;?;?;?;?;?;?;42;42;42;42;39;30;28;21;14;8;45;43;4;11;110;10;5;12;111;75;42;39;30;28;21;14;8;45;43;4;4;4;4;4;4;4;
?;?;?;?;?;?;?;?;?;?;?;?;?;?;143;23;127;112;123;148;147;146;145;144;131;130;125;122;10;5;12;148;147;146;145;144;32;142;139;138;97;64;62;53;44;46;45;43;4;4;
?;?;?;?;?;?;?;?;?;?;?;?;?;?;8;45;43;4;4;4;4;4;4;4;4;4;4;11;110;10;99;66;63;54;51;4;11;110;10;5;12;111;75;42;42;42;42;42;42;42;
?;?;?;?;?;?;?;?;?;?;?;?;?;?;144;131;130;43;4;4;4;4;4;4;4;11;110;10;5;12;111;75;42;42;42;42;42;39;30;28;21;14;8;45;43;33;2;19;5;12;
?;?;?;?;?;?;?;?;?;?;?;?;?;?;42;42;42;42;42;39;30;28;21;14;8;45;11;110;10;5;12;148;147;146;145;144;131;130;43;4;4;4;4;11;110;10;5;97;64;62;
?;?;?;?;?;?;?;?;?;?;?;?;?;?;144;32;142;139;138;3;148;147;146;145;144;32;142;139;138;3;111;75;42;42;42;39;30;28;21;14;8;45;43;33;2;19;5;12;111;75;
?;?;?;?;?;?;?;?;?;?;?;?;?;?;2;19;5;12;111;75;42;42;39;30;28;21;14;8;45;11;110;10;5;12;111;75;42;42;39;30;28;21;14;8;45;43;4;4;4;4;
?;?;?;?;?;?;?;?;?;?;?;?;?;?;144;32;142;139;138;3;111;75;40;119;117;115;109;88;102;98;136;61;52;47;46;45;43;4;4;4;4;4;4;4;4;4;4;4;11;110;
?;?;?;?;?;?;?;?;?;?;?;?;?;?;14;8;45;43;4;4;4;4;4;4;4;4;4;4;4;4;4;4;4;4;4;4;4;4;4;4;4;11;110;10;5;12;111;75;40;31;
?;?;?;?;?;?;?;?;?;?;?;?;?;?;55;97;64;62;53;44;46;45;43;4;4;4;4;4;11;110;10;5;12;111;100;94;91;53;44;46;45;43;4;4;4;4;4;4;4;4;
?;?;?;?;?;?;?;?;?;?;?;?;?;?;3;111;75;42;42;42;42;42;42;39;30;28;21;14;8;45;43;4;11;110;10;5;12;111;75;42;42;39;30;28;21;14;8;45;11;110;
?;?;?;?;?;?;?;?;?;?;?;?;?;?;42;42;42;42;42;39;30;28;21;14;8;45;43;4;4;4;4;4;4;4;11;110;10;5;12;148;147;146;145;144;131;130;43;4;4;11;
?;?;?;?;?;?;?;?;?;?;?;?;?;?;20;16;45;11;110;10;5;12;111;75;42;42;39;30;28;21;14;8;45;43;4;4;4;11;110;10;5;12;111;75;42;39;30;28;21;14;
?;?;?;?;?;?;?;?;?;?;?;?;?;?;5;12;111;75;42;42;42;42;42;42;42;42;42;42;42;42;42;42;42;42;42;42;39;30;28;21;14;8;45;43;4;4;4;4;4;4;
?;?;?;?;?;?;?;?;?;?;?;?;?;?;53;44;32;142;139;138;3;111;75;42;42;42;42;42;42;42;42;42;42;42;42;42;42;42;39;73;71;69;67;58;0;7;6;1;4;4;
?;?;?;?;?;?;?;?;?;?;?;?;?;?;44;46;45;43;4;4;4;4;11;110;10;5;12;111;75;42;42;42;42;42;42;42;42;42;42;42;42;42;42;42;42;42;42;42;42;42;
?;?;?;?;?;?;?;?;?;?;?;?;?;?;21;14;8;45;43;4;11;110;10;5;12;111;75;40;31;29;22;20;16;45;43;4;4;4;4;4;4;4;4;11;110;10;5;12;111;75;
?;?;?;?;?;?;?;?;?;?;?;?;?;?;42;42;42;42;39;30;28;21;14;8;45;43;4;4;4;4;4;4;4;4;4;4;11;110;10;5;12;111;100;94;91;53;44;46;45;43;
?;?;?;?;?;?;?;?;?;?;?;?;?;?;143;23;127;112;123;148;147;146;145;144;131;130;125;122;10;5;12;111;75;40;31;29;129;128;18;68;101;80;41;40;31;29;129;128;18;68;
?;?;?;?;?;?;?;?;?;?;?;?;?;?;?;106;86;85;84;59;42;42;39;30;28;21;14;8;124;0;7;6;1;4;4;4;4;4;4;11;110;10;5;12;148;147;146;145;144;131;
?;?;?;?;?;?;?;?;?;?;?;?;?;?;144;131;130;43;33;2;19;5;12;111;75;42;42;39;30;28;21;14;8;45;43;4;11;110;10;5;12;111;75;42;42;42;42;42;42;42;
?;?;?;?;?;?;?;?;?;?;?;?;?;?;4;4;11;110;10;5;12;111;75;42;42;42;42;42;42;42;39;30;28;21;14;8;45;43;4;4;4;4;4;4;4;4;4;4;4;4;
?;?;?;?;?;?;?;?;?;?;?;?;?;?;110;10;5;97;64;62;53;44;32;142;0;7;6;1;4;4;4;4;11;110;10;5;12;111;100;94;91;53;44;46;45;43;33;2;19;5;
?;?;?;?;?;?;?;?;?;?;?;?;?;?;55;97;64;62;53;44;46;45;43;4;4;4;4;11;110;10;5;12;111;75;42;42;39;30;28;21;14;8;45;11;110;10;99;66;63;54;
?;?;?;?;?;?;?;?;?;?;?;?;?;?;3;148;147;146;145;144;32;142;139;138;97;64;62;53;44;46;45;11;110;10;5;12;111;75;42;42;42;42;42;42;42;42;39;30;28;129;
?;?;?;?;?;?;?;?;?;?;?;?;?;?;32;142;139;138;3;111;75;42;42;42;42;42;42;42;42;39;30;28;21;14;8;45;43;4;4;4;11;110;10;5;12;111;75;42;39;30;
?;?;?;?;?;?;?;?;?;?;?;?;?;?;0;7;6;1;4;4;4;4;11;110;10;5;12;111;75;42;42;42;42;42;42;39;30;28;21;14;8;45;43;33;2;19;5;12;111;75;
?;?;?;?;?;?;?;?;?;?;?;?;?;?;97;64;62;53;44;46;45;11;110;10;5;97;64;62;53;44;32;142;139;138;3;148;147;146;145;144;131;11;110;10;5;12;111;75;42;42;
?;?;?;?;?;?;?;?;?;?;?;?;?;?;144;32;142;139;138;3;111;100;94;91;53;44;32;142;139;0;7;6;1;129;128;18;68;101;80;41;40;31;29;22;20;16;45;43;4;4;
?;?;?;?;?;?;?;?;?;?;?;?;?;?;131;130;125;122;10;5;12;111;100;94;91;53;44;46;45;43;4;4;4;4;11;110;10;5;12;111;75;42;42;42;42;42;42;42;42;39;
?;?;?;?;?;?;?;?;?;?;?;?;?;?;12;111;75;40;31;29;22;20;16;45;43;4;11;110;10;5;12;111;75;42;42;39;30;28;21;14;8;124;24;105;5;12;111;75;42;39;
?;?;?;?;?;?;?;?;?;?;?;?;?;?;42;42;42;42;42;42;42;42;42;42;39;30;28;21;14;8;45;43;4;4;4;4;4;4;4;4;4;4;4;4;4;4;4;4;4;4;
?;?;?;?;?;?;?;?;?;?;?;?;?;?;32;142;139;138;3;111;75;42;39;30;28;21;14;32;142;139;138;3;111;75;42;42;42;42;42;39;30;28;21;14;8;45;43;4;4;4;
?;?;?;?;?;?;?;?;?;?;?;?;?;?;91;53;44;46;45;43;4;4;11;110;10;5;12;111;75;42;42;42;39;30;28;21;14;8;45;43;33;2;19;5;12;111;100;94;91;53;
?;?;?;?;?;?;?;?;?;?;?;?;?;?;44;32;142;139;138;3;111;75;40;31;29;22;20;16;45;43;4;4;4;4;4;4;4;4;4;4;4;4;4;4;4;11;110;10;5;12;
?;?;?;?;?;?;?;?;?;?;?;?;?;?;143;23;127;112;123;148;147;146;145;144;32;142;139;138;3;111;75;42;39;30;28;21;14;8;45;43;4;11;110;10;5;12;111;75;42;42;
?;?;?;?;?;?;?;?;?;?;?;?;?;?;131;130;43;4;4;4;4;4;4;4;4;4;11;110;0;7;6;1;4;4;4;11;110;10;5;12;111;75;40;31;29;22;20;16;45;43;
?;?;?;?;?;?;?;?;?;?;?;?;?;?;42;42;42;42;42;42;42;39;30;28;21;14;8;45;43;4;4;4;4;4;4;4;4;4;4;4;4;4;11;110;10;5;12;111;75;42;
?;?;?;?;?;?;?;?;?;?;?;?;?;?;32;142;139;138;3;111;75;40;31;29;22;20;32;142;139;138;97;64;62;53;44;32;142;139;138;3;111;75;40;31;29;22;143;23;127;112;
?;?;?;?;?;?;?;?;?;?;?;?;?;?;46;124;24;105;5;12;111;100;94;91;53;44;46;124;24;105;5;12;111;75;42;42;42;42;42;42;39;30;28;21;14;32;142;139;138;3;
?;?;?;?;?;?;?;?;?;?;?;?;?;?;110;10;5;12;111;75;42;42;42;42;42;39;30;28;21;14;8;45;43;4;4;4;4;4;4;11;110;10;5;12;111;100;94;91;53;44;
?;?;?;?;?;?;?;?;?;?;?;?;?;?;5;12;111;75;42;42;42;42;39;30;28;21;14;8;45;43;4;11;110;10;5;12;111;75;42;42;42;42;39;30;28;21;14;8;45;43;
?;?;?;?;?;?;?;?;?;?;?;?;?;?;111;100;94;91;53;44;46;45;11;110;10;5;12;111;75;42;42;42;42;42;42;42;39;30;28;21;14;8;45;43;4;4;4;11;110;10;
?;?;?;?;?;?;?;?;?;?;?;?;?;?;55;75;42;39;30;28;21;14;8;45;43;4;4;4;4;4;4;4;4;4;4;11;110;10;5;12;111;75;42;42;42;42;42;42;42;42;
?;?;?;?;?;?;?;?;?;?;?;?;?;?;12;111;75;42;42;42;42;42;42;42;39;30;28;21;14;8;45;43;4;4;4;4;11;110;10;5;12;111;75;42;42;42;42;42;42;42;
?;?;?;?;?;?;?;?;?;?;?;?;?;?;5;97;64;62;53;143;23;127;112;123;55;97;64;62;53;44;46;45;11;110;10;99;66;63;54;51;143;23;127;112;123;55;75;42;39;30;
?;?;?;?;?;?;?;?;?;?;?;?;?;?;5;97;64;62;53;44;32;142;139;138;3;111;75;42;42;42;42;42;39;30;28;21;14;8;45;43;4;4;11;110;10;99;66;63;54;51;
?;?;?;?;?;?;?;?;?;?;?;?;?;?;6;1;4;4;11;110;10;5;12;111;75;42;42;39;30;28;21;14;8;45;43;4;4;11;110;10;5;12;111;75;42;39;30;28;21;14;
?;?;?;?;?;?;?;?;?;?;?;?;?;?;46;45;43;4;4;4;4;11;110;10;5;12;111;100;94;91;53;44;46;124;24;105;5;12;111;75;42;42;42;42;42;39;30;28;21;14;
?;?;?;?;?;?;?;?;?;?;?;?;?;?;4;4;4;4;4;4;4;4;4;11;110;10;5;12;111;75;42;39;30;28;21;14;8;45;43;33;2;19;5;12;111;75;42;42;42;42;
?;?;?;?;?;?;?;?;?;?;?;?;?;?;5;12;111;100;94;91;53;44;46;45;11;110;10;5;12;111;100;94;91;53;44;46;45;43;4;11;110;10;5;12;111;75;42;39;30;28;
?;?;?;?;?;?;?;?;?;?;?;?;?;?;4;4;4;11;110;10;5;12;148;147;146;145;144;131;130;43;4;11;110;10;5;12;111;75;40;31;29;22;20;16;45;43;4;4;4;4;
?;?;?;?;?;?;?;?;?;?;?;?;?;?;4;4;4;4;4;4;4;4;4;4;4;4;4;4;11;110;10;5;12;111;75;42;42;42;42;42;42;42;42;42;42;42;42;42;42;39;
?;?;?;?;?;?;?;?;?;?;?;?;?;?;3;111;75;40;31;29;22;20;16;45;43;4;4;4;4;4;11;110;10;5;12;148;147;146;145;144;131;130;43;33;2;19;5;12;111;75;
?;?;?;?;?;?;?;?;?;?;?;?;?;?;44;32;142;139;138;3;111;100;94;91;53;44;46;45;43;4;4;4;4;4;4;4;4;4;4;4;4;4;4;4;4;4;11;110;10;5;
?;?;?;?;?;?;?;?;?;?;?;?;?;?;46;124;24;105;5;12;111;100;94;120;118;70;15;83;82;97;64;62;53;143;23;127;112;123;55;75;42;42;39;30;28;21;14;8;124;24;
?;?;?;?;?;?;?;?;?;?;?;?;?;?;10;5;12;111;75;40;31;29;22;20;16;45;43;4;4;4;4;4;11;110;10;5;12;111;75;42;42;42;39;30;28;21;14;8;45;43;
?;?;?;?;?;?;?;?;?;?;?;?;?;?;3;111;75;42;42;42;42;42;42;42;42;39;30;28;21;14;8;45;43;4;4;4;4;4;4;4;4;4;11;110;10;5;12;111;100;94;
?;?;?;?;?;?;?;?;?;?;?;?;?;?;144;32;142;139;138;97;64;62;53;44;46;45;43;33;2;19;5;12;111;75;42;42;42;42;39;30;28;21;14;8;45;43;4;4;4;4;
?;?;?;?;?;?;?;?;?;?;?;?;?;?;29;22;20;16;45;43;33;2;19;5;12;111;75;42;42;42;42;42;42;39;30;28;21;14;8;45;43;4;4;4;4;11;110;10;5;12;
?;?;?;?;?;?;?;?;?;?;?;?;?;?;44;46;45;11;110;10;5;12;111;75;42;42;42;42;39;30;28;21;14;8;45;43;4;4;4;4;4;4;4;4;4;4;4;4;11;110;
?;?;?;?;?;?;?;?;?;?;?;?;?;?;97;64;62;53;44;46;45;43;4;4;4;4;4;4;4;4;4;11;110;10;99;66;63;54;51;4;4;4;4;4;11;110;10;5;12;111;
?;?;?;?;?;?;?;?;?;?;?;?;?;?;97;64;62;53;44;46;124;24;105;5;12;148;147;146;145;144;131;11;110;10;5;12;111;75;42;42;42;42;42;42;42;39;30;28;21;14;
?;?;?;?;?;?;?;?;?;?;?;?;?;?;55;97;64;62;53;44;46;45;43;4;4;4;4;4;4;4;4;11;110;10;5;12;111;75;42;42;42;42;42;42;42;42;42;42;42;42;
?;?;?;?;?;?;?;?;?;?;?;?;?;?;46;124;24;105;5;12;111;75;42;42;42;42;42;42;42;42;42;42;39;30;28;21;143;23;127;112;123;148;147;146;145;144;131;130;43;4;
?;?;?;?;?;?;?;?;?;?;?;?;?;?;142;139;138;3;111;75;42;39;30;28;21;14;8;45;43;4;4;4;4;4;4;4;4;4;4;4;11;110;10;5;12;111;75;42;39;30;
?;?;?;?;?;?;?;?;?;?;?;?;?;?;148;147;146;145;144;32;142;139;138;3;111;75;40;31;29;22;20;32;142;139;138;97;64;62;53;44;46;45;43;4;4;4;4;4;4;11;
?;?;?;?;?;?;?;?;?;?;?;?;?;?;3;111;100;94;91;129;128;18;68;101;80;41;50;78;39;30;28;21;14;8;45;43;4;4;4;4;4;4;4;4;4;4;4;4;4;4;
?;?;?;?;?;?;?;?;?;?;?;?;?;?;129;128;18;0;7;6;1;4;4;4;4;11;110;10;5;12;148;147;146;145;143;23;127;112;123;55;97;64;62;53;44;46;45;43;4;4;
?;?;?;?;?;?;?;?;?;?;?;?;?;?;143;23;127;112;123;55;75;40;31;29;22;143;23;127;112;123;55;97;64;62;53;44;46;45;43;4;4;4;4;4;4;11;110;10;5;12;
?;?;?;?;?;?;?;?;?;?;?;?;?;?;46;45;11;110;10;5;12;111;75;42;42;42;42;42;42;42;42;39;30;28;21;14;32;142;139;138;97;64;62;53;44;46;124;24;105;5;
?;?;?;?;?;?;?;?;?;?;?;?;?;?;144;131;130;43;4;4;4;4;11;110;10;5;12;111;75;42;42;39;30;28;21;14;8;45;43;4;11;110;10;5;12;111;75;42;42;42;
?;?;?;?;?;?;?;?;?;?;?;?;?;?;144;131;130;125;122;96;93;92;79;76;121;116;114;108;85;84;59;42;42;42;39;30;28;21;14;8;45;43;4;4;11;110;10;5;12;111;
?;?;?;?;?;?;?;?;?;?;?;?;?;?;143;23;127;112;123;55;75;40;31;29;22;20;32;142;139;138;3;111;75;40;31;29;22;20;16;45;43;33;2;19;5;12;111;100;94;91;
?;?;?;?;?;?;?;?;?;?;?;?;?;?;144;131;130;125;122;10;5;12;111;75;42;42;42;42;42;39;30;28;21;14;8;45;43;4;4;11;110;10;5;12;111;75;42;42;42;39;
?;?;?;?;?;?;?;?;?;?;?;?;?;?;143;23;127;112;123;55;75;40;31;29;22;20;16;45;43;4;4;4;4;4;4;4;4;4;4;4;4;4;4;11;110;10;5;12;111;75;
?;?;?;?;?;?;?;?;?;?;?;?;?;?;21;14;8;45;11;110;10;5;12;111;75;40;31;29;22;20;16;45;43;33;2;19;5;12;111;75;42;42;42;39;30;28;21;14;8;45;
?;?;?;?;?;?;?;?;?;?;?;?;?;?;144;32;142;139;138;97;64;62;53;44;32;142;139;138;3;111;100;94;91;53;44;46;124;24;105;5;12;111;75;40;31;29;129;128;18;68;
?;?;?;?;?;?;?;?;?;?;?;?;?;?;3;111;100;94;91;129;128;18;68;101;80;41;40;31;29;22;20;16;2;0;7;6;1;4;4;4;4;4;4;4;4;4;4;11;110;10;
?;?;?;?;?;?;?;?;?;?;?;?;?;?;42;42;39;30;28;21;14;8;45;43;4;4;4;4;4;11;110;10;5;97;64;62;53;44;32;142;139;138;3;111;75;42;42;42;42;42;
?;?;?;?;?;?;?;?;?;?;?;?;?;?;4;4;4;4;4;11;110;10;5;12;111;75;42;42;39;30;28;21;14;8;45;43;4;4;4;4;11;110;10;5;12;111;75;42;42;42;
?;?;?;?;?;?;?;?;?;?;?;?;?;?;143;23;127;112;123;55;75;42;39;30;28;21;14;8;45;43;4;4;4;11;110;10;5;12;111;100;94;91;53;44;46;45;43;4;4;4;