?;?;?;?;?;?;?;?;?;?;4;4;4;4;4;4;4;4;4;4;4;3;8;7;0;0;0;0;0;0;0;0;0;0;0;0;0;0;0;0;0;0;0;0;0;0;0;1;6;5;
?;?;?;?;?;?;?;?;?;?;4;3;8;7;0;0;0;0;0;0;0;0;0;0;0;0;0;1;6;5;2;4;4;4;4;3;8;7;0;0;0;0;0;0;0;1;6;5;2;4;
?;?;?;?;?;?;?;?;?;?;6;5;2;4;4;3;8;7;0;0;0;0;1;6;5;2;4;3;8;7;0;0;0;0;0;0;1;6;5;2;4;4;4;4;4;3;8;7;0;0;
?;?;?;?;?;?;?;?;?;?;4;4;4;4;4;4;3;8;7;0;0;0;1;6;5;2;3;8;7;0;0;0;0;0;0;0;0;0;0;0;0;0;0;0;0;0;1;6;5;2;
?;?;?;?;?;?;?;?;?;?;4;3;8;1;6;5;2;4;3;8;7;0;0;0;0;1;6;5;2;4;4;4;4;4;4;4;4;4;4;4;4;3;8;7;0;0;0;0;1;6;
?;?;?;?;?;?;?;?;?;?;0;0;1;6;5;2;3;8;1;6;5;2;4;4;4;4;4;4;4;4;4;4;4;4;4;4;4;3;8;7;0;0;0;0;1;6;5;2;3;8;
?;?;?;?;?;?;?;?;?;?;1;6;5;2;4;4;3;8;7;1;6;5;2;4;3;8;7;0;0;0;0;0;0;0;1;6;5;2;4;4;4;4;4;4;4;4;4;4;4;4;
?;?;?;?;?;?;?;?;?;?;1;6;5;2;4;3;8;7;0;0;1;6;5;2;4;4;4;3;8;7;0;0;0;0;0;0;0;1;6;5;2;4;4;4;4;4;3;8;7;0;
?;?;?;?;?;?;?;?;?;?;4;4;4;4;4;4;4;4;4;4;3;8;7;0;0;0;0;0;0;0;0;0;0;0;0;0;0;0;1;6;5;2;4;4;4;4;3;8;7;0;
?;?;?;?;?;?;?;?;?;?;3;8;7;0;0;0;1;6;5;2;4;4;4;4;4;4;4;4;3;8;7;0;0;0;0;0;0;0;0;0;0;0;0;0;0;0;0;1;6;5;
?;?;?;?;?;?;?;?;?;?;6;5;3;8;7;0;0;0;0;0;0;0;0;0;0;0;1;6;5;2;4;4;4;4;4;4;4;3;8;7;0;0;0;0;0;1;6;5;2;4;
?;?;?;?;?;?;?;?;?;?;0;0;0;0;1;6;5;2;4;4;4;4;4;4;4;4;4;4;4;4;4;4;4;4;4;4;4;4;3;8;7;0;0;0;0;0;0;0;0;0;
?;?;?;?;?;?;?;?;?;?;4;3;8;7;0;0;0;0;0;0;0;0;0;0;0;1;6;5;2;4;4;4;4;4;4;4;4;4;3;8;7;0;0;0;0;1;6;5;2;4;
?;?;?;?;?;?;?;?;?;?;8;7;0;0;0;1;6;5;2;4;4;4;3;8;7;1;6;5;2;4;4;4;3;8;7;0;0;0;0;0;0;0;0;1;6;5;2;4;4;4;
?;?;?;?;?;?;?;?;?;?;6;5;2;3;8;7;0;0;0;1;6;5;2;4;3;8;7;1;6;5;2;4;4;4;4;3;8;7;0;0;0;0;0;0;0;0;0;1;6;5;
?;?;?;?;?;?;?;?;?;?;1;6;5;2;4;4;4;4;4;4;4;3;8;7;0;0;0;0;0;1;6;5;2;4;4;4;4;4;3;8;7;0;0;1;6;5;3;8;7;0;
?;?;?;?;?;?;?;?;?;?;4;3;8;7;0;0;1;6;5;2;4;4;4;4;4;3;8;7;0;0;0;0;0;0;0;0;0;0;0;1;6;5;2;4;4;4;4;4;4;4;
?;?;?;?;?;?;?;?;?;?;0;1;6;5;3;8;7;0;0;0;1;6;5;2;4;4;3;8;7;0;0;0;0;0;0;1;6;5;2;4;4;4;4;4;3;8;7;0;0;0;
?;?;?;?;?;?;?;?;?;?;0;0;0;0;0;0;1;6;5;2;4;4;4;4;4;3;8;7;0;1;6;5;2;4;4;4;3;8;7;0;0;0;0;0;0;0;0;0;0;1;
?;?;?;?;?;?;?;?;?;?;8;7;0;0;0;0;0;0;0;0;0;0;1;6;5;2;4;4;4;4;4;3;8;7;0;0;0;0;0;0;0;0;0;0;0;1;6;5;2;4;
?;?;?;?;?;?;?;?;?;?;6;5;2;4;4;3;8;7;0;0;1;6;5;2;4;4;4;4;4;3;8;7;0;0;0;0;0;0;0;0;0;0;0;0;0;0;0;0;1;6;
?;?;?;?;?;?;?;?;?;?;0;1;6;5;2;4;3;8;7;0;0;1;6;5;2;4;4;4;4;4;4;3;8;7;0;0;0;0;0;0;1;6;5;2;4;4;4;4;3;8;
?;?;?;?;?;?;?;?;?;?;3;8;7;0;0;1;6;5;2;3;8;7;0;0;0;0;0;1;6;3;8;7;0;0;0;0;1;6;5;2;4;4;4;4;4;4;4;4;4;4;
?;?;?;?;?;?;?;?;?;?;1;6;5;2;4;4;4;4;4;4;4;4;4;4;4;4;3;8;1;6;5;2;4;4;4;4;4;3;8;7;0;0;0;0;1;6;5;2;4;4;
?;?;?;?;?;?;?;?;?;?;1;6;5;2;4;4;3;1;6;5;2;4;4;4;4;3;8;7;0;0;0;0;1;6;5;2;4;4;4;4;4;3;8;7;0;0;0;0;1;6;
?;?;?;?;?;?;?;?;?;?;3;8;7;0;0;1;6;5;2;3;8;7;0;0;0;0;0;1;6;5;2;4;4;4;4;4;4;4;4;4;4;3;8;7;0;0;0;0;0;0;
?;?;?;?;?;?;?;?;?;?;1;6;5;2;4;4;4;3;8;7;1;6;5;2;4;4;4;4;4;3;8;7;0;0;0;0;1;6;5;2;4;4;4;4;3;8;1;6;5;2;
?;?;?;?;?;?;?;?;?;?;4;4;4;4;4;4;4;4;4;4;3;8;7;0;0;0;0;0;0;0;0;0;0;0;0;0;0;0;1;6;5;2;4;4;4;4;4;4;4;4;
?;?;?;?;?;?;?;?;?;?;6;5;2;4;4;4;3;8;7;0;0;0;0;0;0;0;0;0;0;0;0;0;1;6;5;2;3;8;7;0;1;6;5;2;4;4;4;3;8;7;
?;?;?;?;?;?;?;?;?;?;1;6;5;2;4;3;8;7;0;1;6;5;2;4;4;3;8;7;0;0;0;0;0;0;0;0;0;0;0;0;0;0;0;1;6;5;2;4;4;4;
?;?;?;?;?;?;?;?;?;?;4;4;3;8;7;1;6;5;2;4;4;4;3;8;7;0;0;0;0;0;0;0;0;0;0;0;0;1;6;5;2;4;4;4;4;3;8;7;0;0;
?;?;?;?;?;?;?;?;?;?;8;7;0;0;0;1;6;5;2;4;4;3;8;7;1;6;5;2;4;4;4;3;8;7;0;0;0;0;0;0;1;6;5;2;4;4;4;4;4;4;
?;?;?;?;?;?;?;?;?;?;0;0;0;0;0;0;0;0;0;0;0;0;0;0;0;1;6;5;2;4;4;4;4;4;4;4;4;4;4;4;4;4;4;4;3;8;7;0;0;0;
?;?;?;?;?;?;?;?;?;?;0;1;6;5;2;4;4;3;8;7;0;0;0;0;0;0;0;1;6;5;2;4;4;4;3;8;7;0;0;0;1;6;5;2;4;4;4;4;4;4;
?;?;?;?;?;?;?;?;?;?;0;1;6;5;3;8;7;0;0;0;1;6;5;2;4;4;4;4;4;4;4;4;4;4;4;4;4;4;4;4;4;4;3;8;7;0;0;0;0;0;
?;?;?;?;?;?;?;?;?;?;0;0;0;1;6;5;2;4;4;4;4;4;4;4;4;3;8;7;0;0;0;0;0;0;0;0;1;6;5;2;3;8;7;0;0;0;0;0;0;1;
?;?;?;?;?;?;?;?;?;?;4;3;8;7;1;6;5;2;4;3;8;7;0;0;0;0;0;1;6;5;3;8;7;0;0;0;0;0;1;6;5;2;4;4;4;4;4;4;3;8;
?;?;?;?;?;?;?;?;?;?;0;0;0;0;0;0;0;0;0;0;1;6;5;2;4;4;4;4;4;4;4;4;4;4;4;4;4;4;4;4;4;4;3;8;7;0;0;0;0;1;
?;?;?;?;?;?;?;?;?;?;4;4;4;4;4;4;4;4;4;4;4;4;3;8;7;0;0;0;0;0;0;0;0;0;0;0;1;6;3;8;7;0;0;0;0;0;0;0;0;0;
?;?;?;?;?;?;?;?;?;?;0;0;0;0;0;1;6;5;2;4;4;4;4;4;3;8;7;0;0;0;0;0;1;6;5;2;4;4;4;4;4;4;3;8;7;0;0;0;1;6;
?;?;?;?;?;?;?;?;?;?;3;8;7;0;1;6;5;2;4;4;4;3;8;7;0;0;0;0;0;0;0;0;0;0;0;0;0;0;0;0;0;0;0;0;0;0;0;0;1;6;
?;?;?;?;?;?;?;?;?;?;0;0;0;0;0;0;1;6;5;2;4;4;4;4;4;4;4;4;4;4;4;4;3;8;7;0;1;6;5;2;4;4;4;3;8;7;0;0;0;0;
?;?;?;?;?;?;?;?;?;?;6;5;2;4;3;8;7;0;0;0;0;0;1;6;5;2;4;4;4;4;4;4;4;4;3;8;7;0;1;6;5;2;4;4;3;8;7;0;0;0;
?;?;?;?;?;?;?;?;?;?;1;6;5;2;3;8;7;0;0;0;0;1;6;5;2;4;4;4;4;4;4;4;4;4;4;4;3;8;7;0;0;0;0;0;0;0;0;0;0;0;
?;?;?;?;?;?;?;?;?;?;0;0;0;0;0;1;6;5;2;4;4;4;3;8;7;0;0;0;0;0;1;6;5;2;4;4;4;4;4;4;4;4;4;4;4;4;4;4;4;4;
?;?;?;?;?;?;?;?;?;?;8;7;0;0;0;0;0;0;0;1;6;5;3;8;1;6;5;2;4;4;4;4;4;4;3;8;7;0;0;0;0;0;0;0;0;1;6;5;2;4;
?;?;?;?;?;?;?;?;?;?;0;0;0;0;0;0;0;1;6;5;2;4;4;4;4;3;8;7;0;0;0;1;6;5;2;4;4;4;4;4;3;8;7;0;0;0;0;0;0;0;
?;?;?;?;?;?;?;?;?;?;3;8;7;0;0;0;0;0;0;0;0;1;6;5;2;4;4;4;4;4;4;4;4;4;4;4;4;4;3;8;7;0;0;0;0;0;1;6;5;3;
?;?;?;?;?;?;?;?;?;?;0;1;6;5;2;4;4;4;4;4;4;4;4;4;4;4;4;4;4;4;4;4;4;4;4;3;8;7;0;0;1;6;5;2;4;4;4;3;8;7;
?;?;?;?;?;?;?;?;?;?;1;6;5;2;4;4;4;4;4;3;8;7;0;0;0;0;0;0;0;0;0;0;0;0;0;0;0;0;0;0;1;6;5;2;4;4;3;8;7;0;
?;?;?;?;?;?;?;?;?;?;4;4;4;4;4;4;4;4;4;4;4;3;8;7;0;0;0;0;1;6;5;2;4;4;3;8;7;0;0;0;0;0;0;0;0;0;0;0;0;0;
?;?;?;?;?;?;?;?;?;?;1;6;5;2;4;3;8;7;0;0;0;1;6;5;2;4;4;4;4;4;4;4;4;4;4;3;8;7;0;0;0;1;6;5;2;4;4;4;4;4;
?;?;?;?;?;?;?;?;?;?;0;0;0;1;6;5;2;4;4;4;4;3;8;7;0;0;0;0;1;6;5;2;4;4;4;4;4;4;3;8;7;0;0;0;0;0;0;0;0;0;
?;?;?;?;?;?;?;?;?;?;3;8;7;0;0;0;0;1;6;5;2;4;4;4;4;4;4;4;3;8;7;0;0;0;0;0;0;0;0;0;1;6;5;2;4;4;4;4;4;4;
?;?;?;?;?;?;?;?;?;?;3;8;7;0;0;0;1;6;5;2;3;8;7;0;0;0;0;1;6;5;3;8;7;0;0;0;0;0;1;6;5;2;4;4;4;4;4;4;4;4;
?;?;?;?;?;?;?;?;?;?;4;4;4;4;4;4;3;8;7;0;0;0;0;0;0;0;0;0;0;0;1;6;5;2;4;4;4;4;4;4;4;4;4;4;3;8;7;0;0;0;
?;?;?;?;?;?;?;?;?;?;6;5;2;4;4;3;8;7;0;0;0;0;1;6;5;2;3;8;7;0;1;6;5;2;4;4;4;4;4;4;4;4;4;4;4;4;4;4;4;4;
?;?;?;?;?;?;?;?;?;?;0;0;0;0;0;0;0;0;0;1;6;5;2;4;4;4;4;4;4;4;4;4;3;8;7;0;0;0;0;0;0;0;1;6;5;2;3;8;1;6;
?;?;?;?;?;?;?;?;?;?;4;4;4;4;4;4;4;4;4;4;4;4;4;3;8;7;0;0;0;0;0;0;0;0;0;0;0;0;0;0;0;0;0;0;0;0;0;0;0;0;
?;?;?;?;?;?;?;?;?;?;4;3;8;7;0;0;0;1;6;5;2;4;4;4;4;4;4;4;4;4;4;3;8;7;0;0;0;0;0;0;0;0;0;0;0;1;6;5;2;4;
?;?;?;?;?;?;?;?;?;?;0;0;0;1;6;5;2;4;4;4;4;4;4;4;4;4;3;8;7;0;0;0;0;0;0;0;0;1;3;8;7;0;0;0;0;1;6;5;2;4;
?;?;?;?;?;?;?;?;?;?;0;0;0;0;0;0;0;0;0;0;0;0;1;6;5;2;4;4;4;4;4;4;4;4;4;4;4;4;4;3;8;7;0;0;0;0;0;0;0;0;
?;?;?;?;?;?;?;?;?;?;3;8;7;0;0;0;1;6;5;2;4;4;4;4;4;4;4;4;4;4;3;8;7;0;0;0;0;0;0;0;0;0;0;1;6;5;2;4;4;4;
?;?;?;?;?;?;?;?;?;?;3;8;7;0;0;0;0;0;1;6;5;2;4;4;4;4;4;4;4;3;8;7;0;0;0;0;0;0;0;0;0;1;6;5;2;4;4;4;4;4;
?;?;?;?;?;?;?;?;?;?;3;8;7;0;1;6;5;2;4;4;4;4;4;4;4;4;4;4;4;3;8;7;0;0;0;0;0;0;0;0;0;0;0;0;0;0;0;0;1;6;
?;?;?;?;?;?;?;?;?;?;3;8;7;0;0;1;6;5;2;4;4;4;3;8;7;0;0;0;0;0;0;0;1;6;5;2;3;8;7;0;0;1;6;5;2;4;4;4;4;4;
?;?;?;?;?;?;?;?;?;?;3;8;7;0;1;6;5;2;4;4;4;3;8;7;0;0;0;0;0;0;0;0;0;0;0;0;0;0;0;0;0;1;6;5;2;4;4;4;3;8;
?;?;?;?;?;?;?;?;?;?;7;0;0;0;0;0;1;6;5;2;4;4;4;4;3;8;7;1;6;5;2;4;4;4;4;4;4;4;4;4;4;4;4;4;4;3;8;7;0;0;
?;?;?;?;?;?;?;?;?;?;8;7;1;6;5;2;4;3;8;7;0;0;0;0;0;0;0;0;0;0;0;0;1;6;5;2;4;4;4;4;3;8;7;0;0;0;0;0;0;0;
?;?;?;?;?;?;?;?;?;?;1;6;5;2;4;4;4;4;4;4;4;4;4;4;4;4;4;3;8;7;0;0;0;0;0;0;0;0;0;0;0;0;0;0;0;0;0;0;0;0;
?;?;?;?;?;?;?;?;?;?;3;8;7;0;0;1;6;5;2;3;8;7;0;0;0;0;1;6;5;2;4;4;4;4;4;4;4;4;4;4;4;4;4;4;4;4;4;4;4;3;
?;?;?;?;?;?;?;?;?;?;8;7;0;0;0;0;0;0;1;6;5;2;3;8;7;0;0;0;0;0;0;0;0;0;0;0;1;6;5;2;4;4;4;4;4;4;4;4;4;4;
?;?;?;?;?;?;?;?;?;?;4;4;4;4;4;4;4;3;8;7;0;0;0;0;0;0;0;0;0;0;0;0;0;0;0;1;6;5;2;4;4;3;8;7;0;0;0;0;0;1;
?;?;?;?;?;?;?;?;?;?;3;8;7;0;0;1;6;5;2;4;4;3;8;1;6;5;2;3;8;7;0;0;0;0;0;0;0;1;6;5;2;4;4;4;4;4;4;4;4;4;
?;?;?;?;?;?;?;?;?;?;0;0;0;0;0;0;1;6;5;2;4;4;4;4;4;4;4;3;8;7;0;0;0;1;6;5;2;4;4;4;4;4;3;8;7;0;0;0;0;0;
?;?;?;?;?;?;?;?;?;?;3;8;7;0;0;0;1;6;5;2;4;4;4;3;1;6;5;2;4;4;4;4;4;3;8;7;0;0;0;0;0;0;0;0;0;0;0;0;0;0;
?;?;?;?;?;?;?;?;?;?;3;8;7;0;0;0;1;6;5;2;4;4;3;8;1;6;5;2;4;3;8;7;0;0;0;0;0;1;6;5;2;4;4;4;4;4;4;4;4;4;
?;?;?;?;?;?;?;?;?;?;2;4;4;4;4;4;3;8;7;0;0;0;0;0;0;0;1;6;5;2;4;4;4;4;3;8;7;0;0;0;0;0;0;0;1;6;5;2;4;4;
?;?;?;?;?;?;?;?;?;?;4;3;8;7;0;0;0;0;0;0;0;0;0;1;6;5;2;4;4;4;4;3;8;7;0;1;6;5;2;4;4;4;4;4;4;4;4;4;4;4;
?;?;?;?;?;?;?;?;?;?;8;7;0;0;0;0;0;1;6;5;2;4;4;4;4;4;4;4;4;3;8;7;0;0;0;0;1;6;5;2;4;4;4;4;3;8;7;0;0;0;
?;?;?;?;?;?;?;?;?;?;1;6;5;2;4;4;3;8;7;0;0;0;0;0;0;0;0;0;0;1;6;5;2;4;4;4;4;3;8;7;0;0;0;0;0;0;0;0;0;0;
?;?;?;?;?;?;?;?;?;?;4;4;4;4;4;4;4;4;4;4;4;4;3;8;7;0;0;0;0;0;1;6;5;2;4;4;3;8;7;0;0;0;0;0;0;0;0;0;0;0;
?;?;?;?;?;?;?;?;?;?;4;3;8;1;6;5;2;4;4;3;8;7;0;0;1;6;5;2;4;4;3;8;7;0;0;0;0;0;0;0;0;0;0;0;1;6;5;2;4;4;
?;?;?;?;?;?;?;?;?;?;5;2;4;4;4;3;8;7;1;6;5;2;4;4;4;4;3;8;7;0;0;0;0;0;0;0;1;6;5;2;4;4;4;4;4;4;4;4;4;4;
?;?;?;?;?;?;?;?;?;?;0;0;1;3;8;7;0;0;0;1;6;5;2;4;4;4;4;3;8;7;0;0;0;1;6;5;2;4;4;4;4;4;4;3;8;7;0;0;0;0;
?;?;?;?;?;?;?;?;?;?;1;6;5;2;4;4;3;8;7;0;0;0;0;0;0;0;0;1;6;5;2;4;4;4;4;4;4;4;4;4;4;3;8;7;0;0;0;0;0;0;
?;?;?;?;?;?;?;?;?;?;0;0;0;0;0;0;0;0;1;6;5;2;4;4;4;4;4;3;8;7;0;0;0;0;0;0;0;1;6;5;2;4;4;4;4;4;4;4;4;4;
?;?;?;?;?;?;?;?;?;?;7;0;0;0;0;0;1;6;5;2;4;3;8;7;0;0;0;0;0;0;0;1;6;5;2;4;4;4;4;4;4;4;4;4;4;4;4;4;3;8;
?;?;?;?;?;?;?;?;?;?;6;5;2;4;4;4;3;8;7;0;0;0;0;1;6;5;2;4;4;4;4;4;3;8;7;0;0;0;0;0;1;6;5;2;3;8;7;0;0;0;
?;?;?;?;?;?;?;?;?;?;1;6;5;2;4;4;3;8;1;6;5;2;4;4;4;4;4;4;4;4;4;4;4;4;4;3;8;7;0;0;0;0;0;0;0;0;0;0;0;0;
?;?;?;?;?;?;?;?;?;?;3;8;7;0;0;0;0;1;3;8;7;0;0;0;0;0;1;6;5;3;8;7;0;0;0;1;6;5;2;4;4;4;4;4;4;4;4;4;4;3;
?;?;?;?;?;?;?;?;?;?;0;0;0;1;6;5;2;4;4;4;4;4;4;4;4;4;4;4;4;4;4;4;4;4;4;4;4;3;8;7;0;0;0;0;0;1;6;5;2;4;
?;?;?;?;?;?;?;?;?;?;6;5;2;4;4;4;4;3;8;7;1;6;5;3;8;7;0;0;0;0;0;0;0;0;0;0;0;0;0;1;6;5;2;4;4;3;8;7;0;0;
?;?;?;?;?;?;?;?;?;?;0;0;0;0;0;0;0;0;0;1;6;5;2;4;4;4;4;4;4;4;4;4;4;4;4;3;8;7;0;0;0;0;1;6;5;2;4;4;3;8;
?;?;?;?;?;?;?;?;?;?;8;7;0;0;0;0;0;1;3;8;7;0;0;0;1;6;5;2;4;4;4;4;3;8;7;0;1;6;5;2;4;4;4;4;4;4;4;4;4;4;
?;?;?;?;?;?;?;?;?;?;4;3;8;7;0;0;0;1;6;5;2;4;3;8;7;0;1;6;5;2;4;4;4;4;4;4;4;4;3;8;7;0;0;0;0;0;0;0;0;0;
?;?;?;?;?;?;?;?;?;?;4;3;8;1;6;5;2;4;4;4;3;8;7;0;0;0;0;0;0;0;0;0;0;0;0;1;6;5;2;4;4;4;4;4;4;4;3;8;7;0;
?;?;?;?;?;?;?;?;?;?;8;7;0;0;0;0;0;1;6;5;2;4;3;8;1;6;5;2;4;4;4;4;4;4;3;8;7;0;0;1;6;5;2;4;4;4;4;3;8;7;
?;?;?;?;?;?;?;?;?;?;3;8;7;0;1;6;5;2;4;4;3;8;7;0;0;0;0;0;0;0;0;0;0;0;0;1;6;5;2;4;4;4;3;8;7;0;0;0;0;0;
?;?;?;?;?;?;?;?;?;?;4;4;4;4;4;3;8;7;0;0;0;0;0;0;0;1;6;5;2;4;4;3;8;7;0;0;0;0;1;6;5;2;4;4;4;4;4;4;4;4;
?;?;?;?;?;?;?;?;?;?;7;0;0;0;1;6;5;2;4;4;4;4;4;4;3;8;7;0;0;0;0;0;1;6;5;2;4;4;4;4;4;4;3;8;7;0;0;0;1;6;
?;?;?;?;?;?;?;?;?;?;0;0;1;6;5;2;4;4;4;4;4;4;4;4;4;4;4;4;4;4;3;8;7;0;0;1;6;5;2;4;4;4;4;4;4;4;4;4;4;4;
?;?;?;?;?;?;?;?;?;?;4;4;4;3;8;7;0;0;0;0;0;0;1;6;5;2;4;4;4;4;4;4;4;4;4;4;4;4;3;8;7;0;0;0;0;0;0;0;0;0;
?;?;?;?;?;?;?;?;?;?;8;7;0;0;0;1;6;5;2;4;4;3;8;7;0;0;1;6;5;2;4;4;4;3;8;7;0;0;0;0;0;0;1;6;5;2;3;8;7;0;
?;?;?;?;?;?;?;?;?;?;1;6;5;2;4;4;4;4;4;4;4;4;3;8;7;0;0;0;0;0;1;6;5;2;3;8;7;0;0;0;0;0;0;1;6;5;2;4;4;4;
?;?;?;?;?;?;?;?;?;?;8;7;0;0;0;0;1;6;5;2;4;4;4;4;4;4;4;4;4;4;4;3;8;7;0;0;0;0;0;0;0;1;6;5;2;4;4;4;4;3;
?;?;?;?;?;?;?;?;?;?;5;2;4;4;3;8;7;0;0;0;0;1;6;5;2;4;3;8;7;0;0;0;0;0;1;6;5;2;4;4;4;4;3;8;7;0;0;0;0;0;
?;?;?;?;?;?;?;?;?;?;0;1;6;3;8;7;0;0;0;0;0;0;1;6;5;2;4;4;4;4;4;4;4;4;4;4;4;3;8;7;0;0;0;0;1;6;5;2;4;4;
?;?;?;?;?;?;?;?;?;?;4;4;4;3;8;7;0;0;0;0;0;1;6;5;2;4;4;4;3;8;7;0;0;0;0;0;0;1;6;5;2;4;4;4;4;4;4;4;4;4;
?;?;?;?;?;?;?;?;?;?;0;0;0;0;1;6;5;2;4;4;4;4;4;4;4;3;1;6;5;2;4;4;4;4;4;4;4;4;4;4;4;4;4;4;4;4;4;4;3;8;
?;?;?;?;?;?;?;?;?;?;3;8;7;0;0;0;0;0;1;6;5;2;4;4;4;4;4;3;8;7;0;0;0;0;0;0;0;0;0;0;0;0;0;0;0;0;0;0;0;1;
?;?;?;?;?;?;?;?;?;?;3;8;7;0;0;0;0;1;6;5;2;4;4;4;4;4;4;3;8;7;0;0;1;6;5;2;4;4;3;8;7;0;0;0;0;0;1;6;5;2;
?;?;?;?;?;?;?;?;?;?;5;2;4;4;3;8;7;0;0;0;0;0;0;0;0;0;0;0;1;6;5;2;4;4;4;4;3;8;7;0;0;0;0;0;0;0;0;0;0;0;
?;?;?;?;?;?;?;?;?;?;0;0;1;6;5;2;4;4;4;4;4;4;4;3;8;7;0;0;0;0;0;1;6;5;2;4;3;8;7;0;0;0;0;0;0;0;0;0;0;0;
?;?;?;?;?;?;?;?;?;?;4;3;8;7;0;0;0;1;6;5;2;3;8;7;0;0;0;0;0;0;0;0;0;0;0;0;0;0;0;0;0;0;1;6;5;2;4;4;4;3;
?;?;?;?;?;?;?;?;?;?;1;6;5;2;4;4;3;8;7;0;0;1;6;5;2;4;4;3;8;7;0;0;0;1;6;5;2;4;4;4;4;4;3;8;7;0;0;0;0;1;
?;?;?;?;?;?;?;?;?;?;7;0;0;0;0;0;1;6;5;2;4;3;1;6;5;2;4;4;4;4;4;3;8;7;0;0;0;0;0;0;0;0;0;0;1;6;5;2;4;4;
?;?;?;?;?;?;?;?;?;?;4;3;8;7;0;0;0;0;0;0;1;6;5;2;4;4;4;3;8;7;0;0;0;0;0;0;0;0;1;6;5;2;4;4;4;3;8;7;0;0;
?;?;?;?;?;?;?;?;?;?;3;8;7;0;0;0;0;0;0;0;0;0;0;0;0;0;1;6;5;2;4;4;4;4;4;4;4;4;4;4;4;4;4;4;4;4;4;4;4;4;
?;?;?;?;?;?;?;?;?;?;6;5;2;4;4;4;3;8;7;0;0;0;1;6;5;2;4;3;8;7;0;0;1;6;5;2;3;8;7;0;0;0;0;0;0;0;0;0;0;0;
?;?;?;?;?;?;?;?;?;?;6;5;2;4;3;8;7;0;0;0;0;1;6;5;2;4;3;8;7;0;0;0;0;0;0;0;0;0;0;1;6;5;2;4;4;4;3;8;7;0;
?;?;?;?;?;?;?;?;?;?;7;1;6;5;2;4;4;4;4;4;3;8;7;0;0;0;0;0;0;0;0;0;0;0;0;1;6;5;2;4;4;4;4;4;4;4;4;4;4;4;
?;?;?;?;?;?;?;?;?;?;4;4;4;4;4;4;4;4;4;3;8;7;0;0;0;0;0;0;0;0;0;0;0;0;0;0;0;0;0;0;0;0;0;1;6;5;2;4;3;8;
?;?;?;?;?;?;?;?;?;?;4;4;4;4;4;4;4;4;4;4;4;3;8;7;0;0;0;1;6;5;2;4;3;8;7;0;1;6;5;2;3;8;7;0;0;0;0;0;0;0;
?;?;?;?;?;?;?;?;?;?;6;5;2;4;4;4;4;4;4;4;4;4;4;4;4;4;4;3;8;7;0;0;0;0;0;0;0;0;0;0;0;0;0;0;0;0;0;0;0;0;
?;?;?;?;?;?;?;?;?;?;3;8;7;0;0;0;0;1;6;5;2;4;4;4;3;8;7;0;0;0;0;1;6;5;2;4;4;4;4;4;4;4;4;4;4;4;4;3;8;7;
?;?;?;?;?;?;?;?;?;?;1;6;5;2;4;4;4;3;8;7;1;6;5;2;3;8;7;0;0;0;0;0;0;0;0;0;0;0;0;0;1;6;5;2;4;4;4;4;4;4;
?;?;?;?;?;?;?;?;?;?;6;5;2;4;3;8;7;0;0;0;0;0;0;0;0;0;0;0;0;0;1;6;5;2;4;4;4;4;4;4;4;4;4;4;4;3;8;7;0;0;
?;?;?;?;?;?;?;?;?;?;4;3;8;1;6;5;2;4;4;4;4;4;4;3;8;7;0;0;0;0;0;0;0;0;0;0;0;0;0;0;0;0;0;0;0;0;0;0;1;6;
?;?;?;?;?;?;?;?;?;?;0;1;3;8;7;0;0;0;0;0;1;6;5;2;4;3;8;7;0;0;0;0;0;0;0;0;0;0;0;1;6;5;2;4;4;4;4;4;3;8;
?;?;?;?;?;?;?;?;?;?;7;0;0;0;1;6;5;2;4;4;3;8;7;0;0;0;0;0;0;1;6;5;2;4;4;4;4;4;4;4;4;3;8;7;0;0;0;0;0;0;
?;?;?;?;?;?;?;?;?;?;4;4;3;8;7;0;0;0;0;0;1;6;5;2;4;4;4;4;4;4;3;8;7;0;0;0;0;0;0;0;0;0;0;0;0;0;0;0;0;0;
?;?;?;?;?;?;?;?;?;?;6;5;2;4;4;3;8;7;0;0;0;0;0;0;0;0;0;0;0;1;6;5;2;4;4;4;4;4;4;4;4;4;4;3;8;7;0;0;0;0;
?;?;?;?;?;?;?;?;?;?;3;8;7;0;1;6;5;2;4;4;3;8;7;0;0;0;0;0;0;0;0;0;0;0;0;0;0;1;6;5;2;4;4;4;4;4;4;4;4;4;
?;?;?;?;?;?;?;?;?;?;4;4;3;8;7;0;1;6;5;2;4;4;4;4;4;4;4;3;8;7;0;0;0;0;0;0;0;0;0;0;0;1;6;5;2;4;4;4;4;4;
?;?;?;?;?;?;?;?;?;?;1;6;5;2;4;4;4;4;4;4;4;4;3;8;7;0;0;0;0;0;0;1;6;5;2;4;3;8;7;0;0;0;0;0;0;1;6;5;2;4;
?;?;?;?;?;?;?;?;?;?;3;8;7;0;0;0;1;6;5;2;4;4;4;4;4;4;3;8;7;0;0;0;0;0;0;0;0;0;0;0;0;0;0;0;0;0;0;0;0;1;
?;?;?;?;?;?;?;?;?;?;1;6;5;3;8;7;0;0;0;0;1;6;5;2;4;4;4;3;8;7;0;0;0;0;0;1;6;5;2;4;4;4;4;3;8;7;0;0;0;0;
?;?;?;?;?;?;?;?;?;?;3;8;7;0;0;0;0;0;0;0;0;0;0;0;1;6;5;2;4;4;4;4;4;4;4;4;4;4;4;4;4;4;4;4;4;3;8;7;0;0;
?;?;?;?;?;?;?;?;?;?;0;1;3;8;7;0;0;0;0;1;6;5;2;4;4;4;4;3;8;7;0;0;0;0;0;1;6;5;2;4;4;4;4;4;4;4;4;4;4;4;
?;?;?;?;?;?;?;?;?;?;3;8;7;0;0;0;1;6;5;3;8;7;0;0;0;0;1;6;5;2;4;4;4;4;4;4;4;4;4;4;3;8;7;0;1;6;5;2;4;4;
?;?;?;?;?;?;?;?;?;?;6;5;2;4;4;4;4;3;1;6;5;2;4;4;4;3;8;7;0;0;0;0;0;0;0;0;0;0;0;0;0;0;0;0;0;0;1;6;5;2;
?;?;?;?;?;?;?;?;?;?;5;2;4;4;4;4;4;4;4;4;4;4;4;4;4;4;4;3;8;7;0;0;0;0;0;0;0;0;0;0;0;0;0;0;0;0;0;0;0;0;
?;?;?;?;?;?;?;?;?;?;8;7;0;0;0;0;0;0;1;6;5;2;4;3;8;7;0;0;0;0;0;0;0;0;0;1;6;5;2;4;4;4;4;3;8;7;0;0;0;0;
?;?;?;?;?;?;?;?;?;?;0;0;0;0;0;0;0;0;1;6;5;2;4;4;4;4;4;4;4;4;4;3;8;7;0;0;0;0;0;0;1;6;5;2;4;4;4;4;4;4;
?;?;?;?;?;?;?;?;?;?;4;4;3;8;7;0;0;1;6;5;2;4;4;4;4;4;4;3;8;7;0;0;0;0;0;0;0;0;0;1;6;5;2;4;4;4;4;4;4;4;
?;?;?;?;?;?;?;?;?;?;1;6;5;2;4;4;4;4;4;4;4;4;4;4;4;3;8;7;0;0;0;1;6;5;2;3;8;7;0;0;0;0;0;0;1;6;5;2;4;4;
?;?;?;?;?;?;?;?;?;?;1;6;5;2;4;4;3;8;7;0;1;6;5;2;3;8;7;0;0;0;0;0;0;0;0;0;0;0;0;0;1;6;5;2;4;4;4;3;8;7;
?;?;?;?;?;?;?;?;?;?;1;6;5;2;4;4;4;3;8;7;0;0;0;0;0;0;0;0;0;0;0;0;0;0;0;0;0;0;0;0;1;6;5;2;4;4;4;3;8;7;
?;?;?;?;?;?;?;?;?;?;3;8;7;0;0;1;6;5;2;4;3;8;7;0;1;6;5;2;4;4;4;3;8;7;0;0;1;6;5;2;4;4;4;4;4;4;3;8;7;0;
?;?;?;?;?;?;?;?;?;?;1;6;5;2;4;4;3;8;7;0;0;0;0;0;0;0;0;0;0;0;0;1;6;5;2;4;4;4;4;4;4;4;4;4;4;3;8;7;0;0;
?;?;?;?;?;?;?;?;?;?;5;2;4;4;4;3;8;7;0;0;0;0;0;1;6;5;3;8;7;0;0;0;0;0;1;6;5;2;4;4;4;4;4;3;8;7;0;0;0;0;
?;?;?;?;?;?;?;?;?;?;3;8;7;0;0;1;6;5;2;4;4;4;4;4;3;1;6;5;3;8;7;0;0;0;0;0;0;0;0;0;0;0;0;0;1;6;5;2;4;4;
?;?;?;?;?;?;?;?;?;?;3;8;7;0;0;1;6;5;2;4;4;4;3;8;1;6;5;2;4;4;3;8;7;0;0;0;0;0;0;0;0;0;0;0;1;6;5;2;4;4;
?;?;?;?;?;?;?;?;?;?;1;6;5;2;4;3;8;7;0;0;0;0;0;0;0;0;1;6;5;2;4;4;4;4;4;4;4;3;8;7;0;1;6;5;2;4;3;8;7;0;
?;?;?;?;?;?;?;?;?;?;3;8;7;0;0;0;0;1;6;5;2;4;4;4;4;4;4;4;4;4;4;3;8;7;0;0;0;1;6;5;2;4;4;4;3;8;7;0;0;0;
?;?;?;?;?;?;?;?;?;?;8;7;0;0;0;1;6;5;2;4;4;3;8;7;0;0;0;1;6;5;2;4;4;4;4;4;4;4;4;4;4;4;3;8;7;0;0;0;0;0;
?;?;?;?;?;?;?;?;?;?;4;4;4;4;4;4;4;4;3;8;7;0;0;0;1;6;5;2;4;4;3;8;7;0;0;0;0;0;0;0;0;0;0;0;0;0;0;0;0;0;
?;?;?;?;?;?;?;?;?;?;0;0;0;0;0;1;6;5;2;4;4;4;4;3;8;7;0;0;0;1;6;5;2;4;4;4;4;4;4;3;8;7;0;0;0;0;0;0;0;1;
?;?;?;?;?;?;?;?;?;?;6;5;2;4;4;4;3;8;7;0;0;0;0;0;0;0;0;0;0;0;0;0;0;0;0;1;6;5;2;4;4;4;4;3;8;7;0;0;0;0;
?;?;?;?;?;?;?;?;?;?;3;8;7;0;0;0;1;6;5;3;8;7;0;0;0;0;1;6;3;8;7;0;0;0;0;0;0;0;0;0;0;0;0;0;0;0;1;6;5;2;
?;?;?;?;?;?;?;?;?;?;1;6;5;2;4;4;3;8;7;0;1;6;5;2;4;4;4;4;4;4;4;4;4;4;4;4;3;8;7;0;0;1;6;5;2;4;4;4;4;4;
?;?;?;?;?;?;?;?;?;?;1;6;5;2;4;3;8;7;0;1;6;5;2;4;3;8;7;0;0;0;0;0;1;6;5;2;4;4;4;4;4;4;4;4;4;4;4;4;3;8;
?;?;?;?;?;?;?;?;?;?;1;6;5;2;3;8;7;0;0;1;6;5;2;4;4;4;4;4;3;8;7;0;0;0;0;0;0;0;0;0;0;1;6;5;2;4;4;4;4;4;
?;?;?;?;?;?;?;?;?;?;8;7;0;1;6;5;2;4;4;3;8;7;0;0;0;0;1;6;5;2;4;4;4;4;4;3;8;7;0;0;0;0;0;0;0;0;0;0;0;1;
?;?;?;?;?;?;?;?;?;?;3;8;7;0;0;0;1;6;5;2;4;4;4;4;3;8;7;0;0;0;0;1;3;8;7;0;0;0;0;0;0;0;1;6;5;2;4;4;4;3;
?;?;?;?;?;?;?;?;?;?;4;4;4;4;4;4;4;4;4;4;3;8;7;0;0;0;0;0;0;0;0;0;0;0;0;0;0;0;0;0;0;0;0;0;0;0;0;0;1;6;
?;?;?;?;?;?;?;?;?;?;6;5;2;4;4;3;8;7;0;0;0;0;0;0;0;0;0;0;0;1;6;5;2;4;4;4;3;8;7;0;0;0;0;0;0;0;0;0;1;6;
?;?;?;?;?;?;?;?;?;?;0;0;0;0;0;1;6;5;2;4;4;4;4;4;4;4;4;4;4;3;8;7;0;0;0;0;0;0;0;0;1;6;5;2;4;4;3;8;7;0;
?;?;?;?;?;?;?;?;?;?;1;6;5;2;3;8;7;0;0;0;0;0;0;0;0;0;0;0;0;1;6;5;2;4;4;4;3;8;7;0;0;1;6;5;2;4;4;4;4;4;
?;?;?;?;?;?;?;?;?;?;8;7;0;0;0;1;6;5;2;4;3;8;7;0;0;0;0;0;0;0;0;1;6;5;2;4;4;4;4;4;4;4;4;3;8;7;0;0;0;1;
?;?;?;?;?;?;?;?;?;?;1;6;5;2;4;4;4;4;3;8;7;1;6;5;2;4;4;4;4;4;3;8;7;0;0;0;0;0;0;0;1;6;5;2;4;4;4;4;4;3;
?;?;?;?;?;?;?;?;?;?;4;3;8;7;0;0;0;0;0;1;6;5;3;8;7;0;0;0;0;0;0;0;0;0;0;1;6;5;2;4;4;4;4;4;4;4;4;4;4;4;
?;?;?;?;?;?;?;?;?;?;0;0;0;0;1;6;5;2;4;4;4;3;8;7;1;6;5;2;4;3;8;7;0;0;0;0;0;0;0;0;0;1;6;5;2;4;4;4;4;4;
?;?;?;?;?;?;?;?;?;?;6;5;2;4;4;4;4;4;4;4;4;4;4;4;4;3;8;7;0;0;0;0;0;0;0;0;1;6;5;2;4;4;4;4;4;4;3;8;7;0;
?;?;?;?;?;?;?;?;?;?;1;6;5;2;3;8;7;0;0;1;6;5;2;4;4;4;3;8;7;0;0;0;0;0;0;1;6;5;2;4;4;4;3;8;7;0;0;0;0;0;
?;?;?;?;?;?;?;?;?;?;6;5;2;4;4;4;4;3;8;7;0;0;0;1;6;3;8;7;0;0;0;0;0;0;0;0;0;0;0;0;0;0;0;0;0;0;0;0;0;0;
?;?;?;?;?;?;?;?;?;?;3;8;7;0;0;0;1;6;5;2;4;4;3;8;7;1;6;5;2;3;8;7;0;0;0;0;1;6;5;2;4;3;8;7;0;0;0;0;0;0;
?;?;?;?;?;?;?;?;?;?;3;8;7;0;0;1;6;5;2;4;4;4;4;4;4;4;4;4;4;4;3;8;7;0;0;0;0;0;0;0;0;0;0;1;6;5;2;4;4;4;
?;?;?;?;?;?;?;?;?;?;4;4;4;4;4;4;4;4;4;4;3;8;7;0;0;0;1;6;5;2;4;4;4;4;4;4;4;3;8;7;0;0;0;0;0;0;0;0;1;6;
?;?;?;?;?;?;?;?;?;?;1;6;5;2;4;3;8;7;0;0;0;0;0;0;0;0;0;0;0;0;0;1;6;5;2;3;8;7;0;0;1;6;5;2;3;8;7;0;0;0;
?;?;?;?;?;?;?;?;?;?;4;4;4;4;4;4;4;3;8;7;0;0;0;0;0;1;6;5;2;4;4;3;8;7;0;0;0;0;0;0;1;6;5;2;4;4;4;4;4;4;
?;?;?;?;?;?;?;?;?;?;0;1;6;5;2;3;8;7;0;1;6;5;2;4;4;4;4;3;8;7;0;0;0;0;1;6;5;2;4;4;4;4;4;4;4;4;4;4;4;3;
?;?;?;?;?;?;?;?;?;?;4;4;4;4;4;4;4;4;4;4;4;4;3;8;7;0;0;0;0;0;0;0;0;0;0;0;0;0;0;0;0;0;0;0;0;0;0;0;0;0;
?;?;?;?;?;?;?;?;?;?;0;0;0;0;0;0;1;6;5;2;4;4;4;4;4;3;8;7;0;0;0;0;0;0;0;0;0;1;6;5;2;4;4;4;4;4;4;3;8;7;
?;?;?;?;?;?;?;?;?;?;1;6;5;2;4;4;4;4;4;4;4;4;4;3;8;7;0;0;0;0;1;6;5;2;4;3;8;7;0;0;0;0;0;0;0;0;0;0;0;0;
?;?;?;?;?;?;?;?;?;?;1;6;5;2;3;8;7;0;0;0;0;1;6;5;2;4;4;4;4;4;4;4;4;4;4;3;8;7;0;0;0;0;0;1;6;5;2;4;4;4;
?;?;?;?;?;?;?;?;?;?;3;8;7;0;0;1;6;5;2;4;4;4;4;3;8;7;0;0;0;0;0;0;0;0;1;6;5;2;4;4;3;8;7;0;0;0;0;0;1;6;
?;?;?;?;?;?;?;?;?;?;4;4;4;4;4;4;3;8;7;0;0;0;0;0;0;1;6;5;2;4;4;4;4;4;4;4;4;3;8;7;0;0;0;0;0;0;0;0;0;0;
?;?;?;?;?;?;?;?;?;?;4;4;3;8;7;0;0;0;0;0;0;0;0;0;0;0;0;0;0;0;0;0;0;0;0;0;1;6;5;2;4;4;3;8;7;0;0;0;0;0;
?;?;?;?;?;?;?;?;?;?;4;4;4;4;4;4;3;8;7;0;0;0;0;0;0;1;6;5;2;4;4;4;3;8;7;0;0;0;0;0;0;0;0;1;6;5;2;4;4;3;
?;?;?;?;?;?;?;?;?;?;5;2;4;4;4;4;3;8;7;0;1;6;5;3;8;7;0;0;0;0;1;6;5;3;8;7;0;0;0;0;0;1;6;5;2;4;3;8;7;0;
?;?;?;?;?;?;?;?;?;?;3;8;7;0;0;0;0;0;1;6;5;2;4;4;4;4;4;4;4;4;3;8;7;0;0;0;0;1;6;5;2;4;4;4;4;4;4;4;4;4;
?;?;?;?;?;?;?;?;?;?;5;2;4;3;8;7;0;0;0;0;0;0;1;6;5;2;4;4;4;4;4;4;4;4;4;3;8;7;0;0;0;0;1;6;5;2;4;4;4;4;
?;?;?;?;?;?;?;?;?;?;1;6;5;2;4;3;8;7;0;1;6;5;2;4;4;3;8;7;0;1;6;5;2;4;4;4;4;4;3;8;7;0;0;0;0;0;0;1;6;5;
?;?;?;?;?;?;?;?;?;?;4;4;3;1;6;5;2;3;8;7;0;0;0;0;1;6;5;2;4;4;3;8;7;0;0;0;0;0;0;0;1;6;5;2;4;4;4;4;3;8;
?;?;?;?;?;?;?;?;?;?;4;4;3;8;7;0;0;0;0;0;0;0;0;1;6;5;2;4;4;4;4;4;4;3;8;7;0;0;0;0;0;0;1;6;5;2;4;4;4;4;
?;?;?;?;?;?;?;?;?;?;6;5;2;4;4;3;8;7;0;0;0;0;1;6;5;2;4;4;4;3;8;7;0;0;0;0;0;0;0;0;0;1;6;5;2;4;4;4;4;4;
?;?;?;?;?;?;?;?;?;?;6;5;2;4;3;8;7;0;0;1;6;5;2;4;4;4;3;8;7;0;0;0;0;0;0;1;6;5;2;4;4;4;4;4;3;8;7;0;0;0;
?;?;?;?;?;?;?;?;?;?;0;0;0;0;0;0;0;0;0;0;1;6;5;2;4;4;4;4;4;4;4;4;4;4;4;4;4;4;4;4;4;4;4;4;4;4;4;4;4;4;