?;?;?;0;1;6;5;2;4;4;4;4;4;4;4;4;4;4;4;4;4;3;8;7;0;0;0;0;0;0;0;0;0;0;0;0;0;0;0;0;0;0;0;0;0;0;0;1;6;5;
?;?;?;?;4;4;4;4;4;4;4;3;8;7;0;0;0;0;0;0;0;0;0;0;0;0;0;1;6;5;2;4;4;4;4;3;8;7;0;0;0;0;0;0;0;1;6;5;2;4;
?;?;?;?;4;3;8;7;0;1;6;5;2;4;4;3;8;7;0;0;0;0;1;6;5;2;4;3;8;7;0;0;0;0;0;0;1;6;5;2;4;4;4;4;4;3;8;7;0;0;
?;?;?;?;4;4;4;4;4;4;4;4;4;4;4;4;3;8;7;0;0;0;1;6;5;2;3;8;7;0;0;0;0;0;0;0;0;0;0;0;0;0;0;0;0;0;1;6;5;2;
?;?;?;0;0;1;6;5;2;4;4;3;8;1;6;5;2;4;3;8;7;0;0;0;0;1;6;5;2;4;4;4;4;4;4;4;4;4;4;4;4;3;8;7;0;0;0;0;1;6;
?;?;?;?;3;8;7;0;0;0;0;0;1;6;5;2;3;8;1;6;5;2;4;4;4;4;4;4;4;4;4;4;4;4;4;4;4;3;8;7;0;0;0;0;1;6;5;2;3;8;
?;?;?;?;4;3;8;7;0;0;1;6;5;2;4;4;3;8;7;1;6;5;2;4;3;8;7;0;0;0;0;0;0;0;1;6;5;2;4;4;4;4;4;4;4;4;4;4;4;4;
?;?;?;?;4;3;8;7;0;0;1;6;5;2;4;3;8;7;0;0;1;6;5;2;4;4;4;3;8;7;0;0;0;0;0;0;0;1;6;5;2;4;4;4;4;4;3;8;7;0;
?;?;?;0;0;1;6;5;2;4;4;4;4;4;4;4;4;4;4;4;3;8;7;0;0;0;0;0;0;0;0;0;0;0;0;0;0;0;1;6;5;2;4;4;4;4;3;8;7;0;
?;?;?;0;0;1;6;5;2;4;3;8;7;0;0;0;1;6;5;2;4;4;4;4;4;4;4;4;3;8;7;0;0;0;0;0;0;0;0;0;0;0;0;0;0;0;0;1;6;5;
?;?;?;8;7;0;0;0;0;1;6;5;3;8;7;0;0;0;0;0;0;0;0;0;0;0;1;6;5;2;4;4;4;4;4;4;4;3;8;7;0;0;0;0;0;1;6;5;2;4;
?;?;?;?;3;8;7;0;0;0;0;0;0;0;1;6;5;2;4;4;4;4;4;4;4;4;4;4;4;4;4;4;4;4;4;4;4;4;3;8;7;0;0;0;0;0;0;0;0;0;
?;?;?;0;0;1;6;5;2;4;4;3;8;7;0;0;0;0;0;0;0;0;0;0;0;1;6;5;2;4;4;4;4;4;4;4;4;4;3;8;7;0;0;0;0;1;6;5;2;4;
?;?;?;0;1;6;5;2;4;3;8;7;0;0;0;1;6;5;2;4;4;4;3;8;7;1;6;5;2;4;4;4;3;8;7;0;0;0;0;0;0;0;0;1;6;5;2;4;4;4;
?;?;?;?;3;8;7;0;0;1;6;5;2;3;8;7;0;0;0;1;6;5;2;4;3;8;7;1;6;5;2;4;4;4;4;3;8;7;0;0;0;0;0;0;0;0;0;1;6;5;
?;?;?;3;8;7;0;0;0;0;1;6;5;2;4;4;4;4;4;4;4;3;8;7;0;0;0;0;0;1;6;5;2;4;4;4;4;4;3;8;7;0;0;1;6;5;3;8;7;0;
?;?;?;0;0;1;6;5;2;4;4;3;8;7;0;0;1;6;5;2;4;4;4;4;4;3;8;7;0;0;0;0;0;0;0;0;0;0;0;1;6;5;2;4;4;4;4;4;4;4;
?;?;?;?;4;3;8;7;0;0;0;1;6;5;3;8;7;0;0;0;1;6;5;2;4;4;3;8;7;0;0;0;0;0;0;1;6;5;2;4;4;4;4;4;3;8;7;0;0;0;
?;?;?;?;4;3;8;7;0;0;0;0;0;0;0;0;1;6;5;2;4;4;4;4;4;3;8;7;0;1;6;5;2;4;4;4;3;8;7;0;0;0;0;0;0;0;0;0;0;1;
?;?;?;0;1;6;5;2;4;3;8;7;0;0;0;0;0;0;0;0;0;0;1;6;5;2;4;4;4;4;4;3;8;7;0;0;0;0;0;0;0;0;0;0;0;1;6;5;2;4;
?;?;?;?;4;3;8;7;0;1;6;5;2;4;4;3;8;7;0;0;1;6;5;2;4;4;4;4;4;3;8;7;0;0;0;0;0;0;0;0;0;0;0;0;0;0;0;0;1;6;
?;?;?;?;4;3;8;7;0;0;0;1;6;5;2;4;3;8;7;0;0;1;6;5;2;4;4;4;4;4;4;3;8;7;0;0;0;0;0;0;1;6;5;2;4;4;4;4;3;8;
?;?;?;0;1;6;5;2;4;4;3;8;7;0;0;1;6;5;2;3;8;7;0;0;0;0;0;1;6;3;8;7;0;0;0;0;1;6;5;2;4;4;4;4;4;4;4;4;4;4;
?;?;?;3;8;7;0;0;0;0;1;6;5;2;4;4;4;4;4;4;4;4;4;4;4;4;3;8;1;6;5;2;4;4;4;4;4;3;8;7;0;0;0;0;1;6;5;2;4;4;
?;?;?;?;3;8;7;0;0;0;1;6;5;2;4;4;3;1;6;5;2;4;4;4;4;3;8;7;0;0;0;0;1;6;5;2;4;4;4;4;4;3;8;7;0;0;0;0;1;6;
?;?;?;0;0;1;6;5;2;4;3;8;7;0;0;1;6;5;2;3;8;7;0;0;0;0;0;1;6;5;2;4;4;4;4;4;4;4;4;4;4;3;8;7;0;0;0;0;0;0;
?;?;?;0;0;0;0;0;0;0;1;6;5;2;4;4;4;3;8;7;1;6;5;2;4;4;4;4;4;3;8;7;0;0;0;0;1;6;5;2;4;4;4;4;3;8;1;6;5;2;
?;?;?;0;0;1;6;5;2;4;4;4;4;4;4;4;4;4;4;4;3;8;7;0;0;0;0;0;0;0;0;0;0;0;0;0;0;0;1;6;5;2;4;4;4;4;4;4;4;4;
?;?;?;?;4;3;8;7;0;1;6;5;2;4;4;4;3;8;7;0;0;0;0;0;0;0;0;0;0;0;0;0;1;6;5;2;3;8;7;0;1;6;5;2;4;4;4;3;8;7;
?;?;?;?;4;3;8;7;0;0;1;6;5;2;4;3;8;7;0;1;6;5;2;4;4;3;8;7;0;0;0;0;0;0;0;0;0;0;0;0;0;0;0;1;6;5;2;4;4;4;
?;?;?;0;1;6;5;2;4;4;4;4;3;8;7;1;6;5;2;4;4;4;3;8;7;0;0;0;0;0;0;0;0;0;0;0;0;1;6;5;2;4;4;4;4;3;8;7;0;0;
?;?;?;0;0;1;6;5;2;3;8;7;0;0;0;1;6;5;2;4;4;3;8;7;1;6;5;2;4;4;4;3;8;7;0;0;0;0;0;0;1;6;5;2;4;4;4;4;4;4;
?;?;?;?;3;8;7;0;0;0;0;0;0;0;0;0;0;0;0;0;0;0;0;0;0;1;6;5;2;4;4;4;4;4;4;4;4;4;4;4;4;4;4;4;3;8;7;0;0;0;
?;?;?;?;4;3;8;7;0;0;0;1;6;5;2;4;4;3;8;7;0;0;0;0;0;0;0;1;6;5;2;4;4;4;3;8;7;0;0;0;1;6;5;2;4;4;4;4;4;4;
?;?;?;?;3;8;7;0;0;0;0;1;6;5;3;8;7;0;0;0;1;6;5;2;4;4;4;4;4;4;4;4;4;4;4;4;4;4;4;4;4;4;3;8;7;0;0;0;0;0;
?;?;?;?;4;3;8;7;0;0;0;0;0;1;6;5;2;4;4;4;4;4;4;4;4;3;8;7;0;0;0;0;0;0;0;0;1;6;5;2;3;8;7;0;0;0;0;0;0;1;
?;?;?;0;0;1;6;5;2;4;4;3;8;7;1;6;5;2;4;3;8;7;0;0;0;0;0;1;6;5;3;8;7;0;0;0;0;0;1;6;5;2;4;4;4;4;4;4;3;8;
?;?;?;?;4;4;4;3;8;7;0;0;0;0;0;0;0;0;0;0;1;6;5;2;4;4;4;4;4;4;4;4;4;4;4;4;4;4;4;4;4;4;3;8;7;0;0;0;0;1;
?;?;?;6;5;2;4;4;4;4;4;4;4;4;4;4;4;4;4;4;4;4;3;8;7;0;0;0;0;0;0;0;0;0;0;0;1;6;3;8;7;0;0;0;0;0;0;0;0;0;
?;?;?;0;0;1;3;8;7;0;0;0;0;0;0;1;6;5;2;4;4;4;4;4;3;8;7;0;0;0;0;0;1;6;5;2;4;4;4;4;4;4;3;8;7;0;0;0;1;6;
?;?;?;0;1;6;5;2;4;4;3;8;7;0;1;6;5;2;4;4;4;3;8;7;0;0;0;0;0;0;0;0;0;0;0;0;0;0;0;0;0;0;0;0;0;0;0;0;1;6;
?;?;?;0;0;0;0;0;0;0;0;0;0;0;0;0;1;6;5;2;4;4;4;4;4;4;4;4;4;4;4;4;3;8;7;0;1;6;5;2;4;4;4;3;8;7;0;0;0;0;
?;?;?;?;4;3;8;7;0;1;6;5;2;4;3;8;7;0;0;0;0;0;1;6;5;2;4;4;4;4;4;4;4;4;3;8;7;0;1;6;5;2;4;4;3;8;7;0;0;0;
?;?;?;?;4;3;8;7;0;0;1;6;5;2;3;8;7;0;0;0;0;1;6;5;2;4;4;4;4;4;4;4;4;4;4;4;3;8;7;0;0;0;0;0;0;0;0;0;0;0;
?;?;?;0;0;0;0;0;0;0;0;0;0;0;0;1;6;5;2;4;4;4;3;8;7;0;0;0;0;0;1;6;5;2;4;4;4;4;4;4;4;4;4;4;4;4;4;4;4;4;
?;?;?;6;5;2;4;4;4;3;8;7;0;0;0;0;0;0;0;1;6;5;3;8;1;6;5;2;4;4;4;4;4;4;3;8;7;0;0;0;0;0;0;0;0;1;6;5;2;4;
?;?;?;?;3;8;7;0;0;0;0;0;0;0;0;0;0;1;6;5;2;4;4;4;4;3;8;7;0;0;0;1;6;5;2;4;4;4;4;4;3;8;7;0;0;0;0;0;0;0;
?;?;?;?;4;4;4;4;4;4;3;8;7;0;0;0;0;0;0;0;0;1;6;5;2;4;4;4;4;4;4;4;4;4;4;4;4;4;3;8;7;0;0;0;0;0;1;6;5;3;
?;?;?;3;8;7;0;0;0;0;0;1;6;5;2;4;4;4;4;4;4;4;4;4;4;4;4;4;4;4;4;4;4;4;4;3;8;7;0;0;1;6;5;2;4;4;4;3;8;7;
?;?;?;?;4;3;8;7;0;0;1;6;5;2;4;4;4;4;4;3;8;7;0;0;0;0;0;0;0;0;0;0;0;0;0;0;0;0;0;0;1;6;5;2;4;4;3;8;7;0;
?;?;?;?;4;4;4;4;4;4;4;4;4;4;4;4;4;4;4;4;4;3;8;7;0;0;0;0;1;6;5;2;4;4;3;8;7;0;0;0;0;0;0;0;0;0;0;0;0;0;
?;?;?;?;4;3;8;7;0;0;1;6;5;2;4;3;8;7;0;0;0;1;6;5;2;4;4;4;4;4;4;4;4;4;4;3;8;7;0;0;0;1;6;5;2;4;4;4;4;4;
?;?;?;?;3;8;7;0;0;0;0;0;0;1;6;5;2;4;4;4;4;3;8;7;0;0;0;0;1;6;5;2;4;4;4;4;4;4;3;8;7;0;0;0;0;0;0;0;0;0;
?;?;?;0;1;6;5;2;4;4;3;8;7;0;0;0;0;1;6;5;2;4;4;4;4;4;4;4;3;8;7;0;0;0;0;0;0;0;0;0;1;6;5;2;4;4;4;4;4;4;
?;?;?;0;1;6;5;2;4;4;3;8;7;0;0;0;1;6;5;2;3;8;7;0;0;0;0;1;6;5;3;8;7;0;0;0;0;0;1;6;5;2;4;4;4;4;4;4;4;4;
?;?;?;0;1;6;5;2;4;4;4;4;4;4;4;4;3;8;7;0;0;0;0;0;0;0;0;0;0;0;1;6;5;2;4;4;4;4;4;4;4;4;4;4;3;8;7;0;0;0;
?;?;?;8;7;0;0;0;0;1;6;5;2;4;4;3;8;7;0;0;0;0;1;6;5;2;3;8;7;0;1;6;5;2;4;4;4;4;4;4;4;4;4;4;4;4;4;4;4;4;
?;?;?;?;4;3;8;7;0;0;0;0;0;0;0;0;0;0;0;1;6;5;2;4;4;4;4;4;4;4;4;4;3;8;7;0;0;0;0;0;0;0;1;6;5;2;3;8;1;6;
?;?;?;?;4;4;4;4;4;4;4;4;4;4;4;4;4;4;4;4;4;4;4;3;8;7;0;0;0;0;0;0;0;0;0;0;0;0;0;0;0;0;0;0;0;0;0;0;0;0;
?;?;?;0;0;1;6;5;2;4;4;3;8;7;0;0;0;1;6;5;2;4;4;4;4;4;4;4;4;4;4;3;8;7;0;0;0;0;0;0;0;0;0;0;0;1;6;5;2;4;
?;?;?;6;5;2;4;3;8;7;0;0;0;1;6;5;2;4;4;4;4;4;4;4;4;4;3;8;7;0;0;0;0;0;0;0;0;1;3;8;7;0;0;0;0;1;6;5;2;4;
?;?;?;?;4;4;3;8;7;0;0;0;0;0;0;0;0;0;0;0;0;0;1;6;5;2;4;4;4;4;4;4;4;4;4;4;4;4;4;3;8;7;0;0;0;0;0;0;0;0;
?;?;?;0;0;1;6;5;2;4;3;8;7;0;0;0;1;6;5;2;4;4;4;4;4;4;4;4;4;4;3;8;7;0;0;0;0;0;0;0;0;0;0;1;6;5;2;4;4;4;
?;?;?;0;1;6;5;2;4;4;3;8;7;0;0;0;0;0;1;6;5;2;4;4;4;4;4;4;4;3;8;7;0;0;0;0;0;0;0;0;0;1;6;5;2;4;4;4;4;4;
?;?;?;0;1;6;5;2;4;4;3;8;7;0;1;6;5;2;4;4;4;4;4;4;4;4;4;4;4;3;8;7;0;0;0;0;0;0;0;0;0;0;0;0;0;0;0;0;1;6;
?;?;?;0;1;6;5;2;4;4;3;8;7;0;0;1;6;5;2;4;4;4;3;8;7;0;0;0;0;0;0;0;1;6;5;2;3;8;7;0;0;1;6;5;2;4;4;4;4;4;
?;?;?;0;1;6;5;2;4;4;3;8;7;0;1;6;5;2;4;4;4;3;8;7;0;0;0;0;0;0;0;0;0;0;0;0;0;0;0;0;0;1;6;5;2;4;4;4;3;8;
?;?;?;0;0;0;1;6;3;8;7;0;0;0;0;0;1;6;5;2;4;4;4;4;3;8;7;1;6;5;2;4;4;4;4;4;4;4;4;4;4;4;4;4;4;3;8;7;0;0;
?;?;?;?;4;4;4;4;4;3;8;7;1;6;5;2;4;3;8;7;0;0;0;0;0;0;0;0;0;0;0;0;1;6;5;2;4;4;4;4;3;8;7;0;0;0;0;0;0;0;
?;?;?;?;3;8;7;0;0;0;1;6;5;2;4;4;4;4;4;4;4;4;4;4;4;4;4;3;8;7;0;0;0;0;0;0;0;0;0;0;0;0;0;0;0;0;0;0;0;0;
?;?;?;0;0;1;6;5;2;4;3;8;7;0;0;1;6;5;2;3;8;7;0;0;0;0;1;6;5;2;4;4;4;4;4;4;4;4;4;4;4;4;4;4;4;4;4;4;4;3;
?;?;?;1;6;5;2;4;4;3;8;7;0;0;0;0;0;0;1;6;5;2;3;8;7;0;0;0;0;0;0;0;0;0;0;0;1;6;5;2;4;4;4;4;4;4;4;4;4;4;
?;?;?;?;4;4;4;4;4;4;4;4;4;4;4;4;4;3;8;7;0;0;0;0;0;0;0;0;0;0;0;0;0;0;0;1;6;5;2;4;4;3;8;7;0;0;0;0;0;1;
?;?;?;0;1;6;5;2;4;4;3;8;7;0;0;1;6;5;2;4;4;3;8;1;6;5;2;3;8;7;0;0;0;0;0;0;0;1;6;5;2;4;4;4;4;4;4;4;4;4;
?;?;?;0;0;0;0;0;0;0;0;0;0;0;0;0;1;6;5;2;4;4;4;4;4;4;4;3;8;7;0;0;0;1;6;5;2;4;4;4;4;4;3;8;7;0;0;0;0;0;
?;?;?;0;0;1;6;5;2;4;3;8;7;0;0;0;1;6;5;2;4;4;4;3;1;6;5;2;4;4;4;4;4;3;8;7;0;0;0;0;0;0;0;0;0;0;0;0;0;0;
?;?;?;0;0;1;6;5;2;4;3;8;7;0;0;0;1;6;5;2;4;4;3;8;1;6;5;2;4;3;8;7;0;0;0;0;0;1;6;5;2;4;4;4;4;4;4;4;4;4;
?;?;?;?;3;8;7;1;6;5;2;4;4;4;4;4;3;8;7;0;0;0;0;0;0;0;1;6;5;2;4;4;4;4;3;8;7;0;0;0;0;0;0;0;1;6;5;2;4;4;
?;?;?;0;0;1;6;5;2;4;4;3;8;7;0;0;0;0;0;0;0;0;0;1;6;5;2;4;4;4;4;3;8;7;0;1;6;5;2;4;4;4;4;4;4;4;4;4;4;4;
?;?;?;0;0;1;6;5;2;3;8;7;0;0;0;0;0;1;6;5;2;4;4;4;4;4;4;4;4;3;8;7;0;0;0;0;1;6;5;2;4;4;4;4;3;8;7;0;0;0;
?;?;?;?;4;3;8;7;0;0;1;6;5;2;4;4;3;8;7;0;0;0;0;0;0;0;0;0;0;1;6;5;2;4;4;4;4;3;8;7;0;0;0;0;0;0;0;0;0;0;
?;?;?;0;0;1;6;5;2;4;4;4;4;4;4;4;4;4;4;4;4;4;3;8;7;0;0;0;0;0;1;6;5;2;4;4;3;8;7;0;0;0;0;0;0;0;0;0;0;0;
?;?;?;0;0;1;6;5;2;4;4;3;8;1;6;5;2;4;4;3;8;7;0;0;1;6;5;2;4;4;3;8;7;0;0;0;0;0;0;0;0;0;0;0;1;6;5;2;4;4;
?;?;?;?;4;3;8;7;1;6;5;2;4;4;4;3;8;7;1;6;5;2;4;4;4;4;3;8;7;0;0;0;0;0;0;0;1;6;5;2;4;4;4;4;4;4;4;4;4;4;
?;?;?;?;4;3;8;7;0;0;0;0;1;3;8;7;0;0;0;1;6;5;2;4;4;4;4;3;8;7;0;0;0;1;6;5;2;4;4;4;4;4;4;3;8;7;0;0;0;0;
?;?;?;?;3;8;7;0;0;0;1;6;5;2;4;4;3;8;7;0;0;0;0;0;0;0;0;1;6;5;2;4;4;4;4;4;4;4;4;4;4;3;8;7;0;0;0;0;0;0;
?;?;?;?;4;4;3;8;7;0;0;0;0;0;0;0;0;0;1;6;5;2;4;4;4;4;4;3;8;7;0;0;0;0;0;0;0;1;6;5;2;4;4;4;4;4;4;4;4;4;
?;?;?;1;6;5;2;4;3;8;7;0;0;0;0;0;1;6;5;2;4;3;8;7;0;0;0;0;0;0;0;1;6;5;2;4;4;4;4;4;4;4;4;4;4;4;4;4;3;8;
?;?;?;?;3;8;7;0;0;1;6;5;2;4;4;4;3;8;7;0;0;0;0;1;6;5;2;4;4;4;4;4;3;8;7;0;0;0;0;0;1;6;5;2;3;8;7;0;0;0;
?;?;?;3;8;7;0;0;0;0;1;6;5;2;4;4;3;8;1;6;5;2;4;4;4;4;4;4;4;4;4;4;4;4;4;3;8;7;0;0;0;0;0;0;0;0;0;0;0;0;
?;?;?;0;0;1;6;5;2;4;3;8;7;0;0;0;0;1;3;8;7;0;0;0;0;0;1;6;5;3;8;7;0;0;0;1;6;5;2;4;4;4;4;4;4;4;4;4;4;3;
?;?;?;0;0;0;0;0;0;0;0;0;0;1;6;5;2;4;4;4;4;4;4;4;4;4;4;4;4;4;4;4;4;4;4;4;4;3;8;7;0;0;0;0;0;1;6;5;2;4;
?;?;?;?;3;8;7;0;0;1;6;5;2;4;4;4;4;3;8;7;1;6;5;3;8;7;0;0;0;0;0;0;0;0;0;0;0;0;0;1;6;5;2;4;4;3;8;7;0;0;
?;?;?;?;4;3;8;7;0;0;0;0;0;0;0;0;0;0;0;1;6;5;2;4;4;4;4;4;4;4;4;4;4;4;4;3;8;7;0;0;0;0;1;6;5;2;4;4;3;8;
?;?;?;0;0;1;6;5;2;3;8;7;0;0;0;0;0;1;3;8;7;0;0;0;1;6;5;2;4;4;4;4;3;8;7;0;1;6;5;2;4;4;4;4;4;4;4;4;4;4;
?;?;?;0;0;1;6;5;2;4;4;3;8;7;0;0;0;1;6;5;2;4;3;8;7;0;1;6;5;2;4;4;4;4;4;4;4;4;3;8;7;0;0;0;0;0;0;0;0;0;
?;?;?;0;0;1;6;5;2;4;4;3;8;1;6;5;2;4;4;4;3;8;7;0;0;0;0;0;0;0;0;0;0;0;0;1;6;5;2;4;4;4;4;4;4;4;3;8;7;0;
?;?;?;0;0;0;1;6;5;3;8;7;0;0;0;0;0;1;6;5;2;4;3;8;1;6;5;2;4;4;4;4;4;4;3;8;7;0;0;1;6;5;2;4;4;4;4;3;8;7;
?;?;?;0;1;6;5;2;4;4;3;8;7;0;1;6;5;2;4;4;3;8;7;0;0;0;0;0;0;0;0;0;0;0;0;1;6;5;2;4;4;4;3;8;7;0;0;0;0;0;
?;?;?;0;0;1;6;5;2;4;4;4;4;4;4;3;8;7;0;0;0;0;0;0;0;1;6;5;2;4;4;3;8;7;0;0;0;0;1;6;5;2;4;4;4;4;4;4;4;4;
?;?;?;0;0;0;1;6;3;8;7;0;0;0;1;6;5;2;4;4;4;4;4;4;3;8;7;0;0;0;0;0;1;6;5;2;4;4;4;4;4;4;3;8;7;0;0;0;1;6;
?;?;?;?;3;8;7;0;0;0;0;0;1;6;5;2;4;4;4;4;4;4;4;4;4;4;4;4;4;4;3;8;7;0;0;1;6;5;2;4;4;4;4;4;4;4;4;4;4;4;
?;?;?;0;0;1;6;5;2;4;4;4;4;3;8;7;0;0;0;0;0;0;1;6;5;2;4;4;4;4;4;4;4;4;4;4;4;4;3;8;7;0;0;0;0;0;0;0;0;0;
?;?;?;0;1;6;5;2;4;3;8;7;0;0;0;1;6;5;2;4;4;3;8;7;0;0;1;6;5;2;4;4;4;3;8;7;0;0;0;0;0;0;1;6;5;2;3;8;7;0;
?;?;?;?;3;8;7;0;0;0;1;6;5;2;4;4;4;4;4;4;4;4;3;8;7;0;0;0;0;0;1;6;5;2;3;8;7;0;0;0;0;0;0;1;6;5;2;4;4;4;
?;?;?;0;1;6;5;2;4;3;8;7;0;0;0;0;1;6;5;2;4;4;4;4;4;4;4;4;4;4;4;3;8;7;0;0;0;0;0;0;0;1;6;5;2;4;4;4;4;3;
?;?;?;?;4;3;8;7;1;6;5;2;4;4;3;8;7;0;0;0;0;1;6;5;2;4;3;8;7;0;0;0;0;0;1;6;5;2;4;4;4;4;3;8;7;0;0;0;0;0;
?;?;?;?;4;3;8;7;0;0;0;1;6;3;8;7;0;0;0;0;0;0;1;6;5;2;4;4;4;4;4;4;4;4;4;4;4;3;8;7;0;0;0;0;1;6;5;2;4;4;
?;?;?;?;4;4;4;4;4;4;4;4;4;3;8;7;0;0;0;0;0;1;6;5;2;4;4;4;3;8;7;0;0;0;0;0;0;1;6;5;2;4;4;4;4;4;4;4;4;4;
?;?;?;0;0;0;0;0;0;0;0;0;0;0;1;6;5;2;4;4;4;4;4;4;4;3;1;6;5;2;4;4;4;4;4;4;4;4;4;4;4;4;4;4;4;4;4;4;3;8;
?;?;?;0;1;6;5;2;4;4;3;8;7;0;0;0;0;0;1;6;5;2;4;4;4;4;4;3;8;7;0;0;0;0;0;0;0;0;0;0;0;0;0;0;0;0;0;0;0;1;
?;?;?;0;0;1;6;5;2;4;3;8;7;0;0;0;0;1;6;5;2;4;4;4;4;4;4;3;8;7;0;0;1;6;5;2;4;4;3;8;7;0;0;0;0;0;1;6;5;2;
?;?;?;?;4;3;8;7;1;6;5;2;4;4;3;8;7;0;0;0;0;0;0;0;0;0;0;0;1;6;5;2;4;4;4;4;3;8;7;0;0;0;0;0;0;0;0;0;0;0;
?;?;?;?;4;3;8;7;0;0;0;0;1;6;5;2;4;4;4;4;4;4;4;3;8;7;0;0;0;0;0;1;6;5;2;4;3;8;7;0;0;0;0;0;0;0;0;0;0;0;
?;?;?;0;1;6;5;2;4;4;4;3;8;7;0;0;0;1;6;5;2;3;8;7;0;0;0;0;0;0;0;0;0;0;0;0;0;0;0;0;0;0;1;6;5;2;4;4;4;3;
?;?;?;?;3;8;7;0;0;0;1;6;5;2;4;4;3;8;7;0;0;1;6;5;2;4;4;3;8;7;0;0;0;1;6;5;2;4;4;4;4;4;3;8;7;0;0;0;0;1;
?;?;?;0;1;6;5;2;3;8;7;0;0;0;0;0;1;6;5;2;4;3;1;6;5;2;4;4;4;4;4;3;8;7;0;0;0;0;0;0;0;0;0;0;1;6;5;2;4;4;
?;?;?;?;4;4;4;4;4;4;4;3;8;7;0;0;0;0;0;0;1;6;5;2;4;4;4;3;8;7;0;0;0;0;0;0;0;0;1;6;5;2;4;4;4;3;8;7;0;0;
?;?;?;0;1;6;5;2;4;4;3;8;7;0;0;0;0;0;0;0;0;0;0;0;0;0;1;6;5;2;4;4;4;4;4;4;4;4;4;4;4;4;4;4;4;4;4;4;4;4;
?;?;?;?;4;3;8;7;0;1;6;5;2;4;4;4;3;8;7;0;0;0;1;6;5;2;4;3;8;7;0;0;1;6;5;2;3;8;7;0;0;0;0;0;0;0;0;0;0;0;
?;?;?;?;4;3;8;7;0;1;6;5;2;4;3;8;7;0;0;0;0;1;6;5;2;4;3;8;7;0;0;0;0;0;0;0;0;0;0;1;6;5;2;4;4;4;3;8;7;0;
?;?;?;1;6;5;2;4;3;8;7;1;6;5;2;4;4;4;4;4;3;8;7;0;0;0;0;0;0;0;0;0;0;0;0;1;6;5;2;4;4;4;4;4;4;4;4;4;4;4;
?;?;?;0;1;6;5;2;4;4;4;4;4;4;4;4;4;4;4;3;8;7;0;0;0;0;0;0;0;0;0;0;0;0;0;0;0;0;0;0;0;0;0;1;6;5;2;4;3;8;
?;?;?;0;0;1;6;5;2;4;4;4;4;4;4;4;4;4;4;4;4;3;8;7;0;0;0;1;6;5;2;4;3;8;7;0;1;6;5;2;3;8;7;0;0;0;0;0;0;0;
?;?;?;?;4;3;8;7;0;1;6;5;2;4;4;4;4;4;4;4;4;4;4;4;4;4;4;3;8;7;0;0;0;0;0;0;0;0;0;0;0;0;0;0;0;0;0;0;0;0;
?;?;?;0;1;6;5;2;4;4;3;8;7;0;0;0;0;1;6;5;2;4;4;4;3;8;7;0;0;0;0;1;6;5;2;4;4;4;4;4;4;4;4;4;4;4;4;3;8;7;
?;?;?;?;4;3;8;7;0;0;1;6;5;2;4;4;4;3;8;7;1;6;5;2;3;8;7;0;0;0;0;0;0;0;0;0;0;0;0;0;1;6;5;2;4;4;4;4;4;4;
?;?;?;?;4;3;8;7;0;1;6;5;2;4;3;8;7;0;0;0;0;0;0;0;0;0;0;0;0;0;1;6;5;2;4;4;4;4;4;4;4;4;4;4;4;3;8;7;0;0;
?;?;?;1;6;5;2;4;4;4;4;3;8;1;6;5;2;4;4;4;4;4;4;3;8;7;0;0;0;0;0;0;0;0;0;0;0;0;0;0;0;0;0;0;0;0;0;0;1;6;
?;?;?;?;4;4;3;8;7;0;0;1;3;8;7;0;0;0;0;0;1;6;5;2;4;3;8;7;0;0;0;0;0;0;0;0;0;0;0;1;6;5;2;4;4;4;4;4;3;8;
?;?;?;0;1;6;5;2;3;8;7;0;0;0;1;6;5;2;4;4;3;8;7;0;0;0;0;0;0;1;6;5;2;4;4;4;4;4;4;4;4;3;8;7;0;0;0;0;0;0;
?;?;?;?;4;4;4;4;4;4;4;4;3;8;7;0;0;0;0;0;1;6;5;2;4;4;4;4;4;4;3;8;7;0;0;0;0;0;0;0;0;0;0;0;0;0;0;0;0;0;
?;?;?;?;3;8;7;0;0;1;6;5;2;4;4;3;8;7;0;0;0;0;0;0;0;0;0;0;0;1;6;5;2;4;4;4;4;4;4;4;4;4;4;3;8;7;0;0;0;0;
?;?;?;0;0;1;6;5;2;4;3;8;7;0;1;6;5;2;4;4;3;8;7;0;0;0;0;0;0;0;0;0;0;0;0;0;0;1;6;5;2;4;4;4;4;4;4;4;4;4;
?;?;?;0;1;6;5;2;4;4;4;4;3;8;7;0;1;6;5;2;4;4;4;4;4;4;4;3;8;7;0;0;0;0;0;0;0;0;0;0;0;1;6;5;2;4;4;4;4;4;
?;?;?;?;4;3;8;7;0;0;1;6;5;2;4;4;4;4;4;4;4;4;3;8;7;0;0;0;0;0;0;1;6;5;2;4;3;8;7;0;0;0;0;0;0;1;6;5;2;4;
?;?;?;0;1;6;5;2;4;4;3;8;7;0;0;0;1;6;5;2;4;4;4;4;4;4;3;8;7;0;0;0;0;0;0;0;0;0;0;0;0;0;0;0;0;0;0;0;0;1;
?;?;?;?;4;3;8;7;0;0;1;6;5;3;8;7;0;0;0;0;1;6;5;2;4;4;4;3;8;7;0;0;0;0;0;1;6;5;2;4;4;4;4;3;8;7;0;0;0;0;
?;?;?;0;0;1;6;5;2;4;3;8;7;0;0;0;0;0;0;0;0;0;0;0;1;6;5;2;4;4;4;4;4;4;4;4;4;4;4;4;4;4;4;4;4;3;8;7;0;0;
?;?;?;?;4;3;8;7;0;0;0;1;3;8;7;0;0;0;0;1;6;5;2;4;4;4;4;3;8;7;0;0;0;0;0;1;6;5;2;4;4;4;4;4;4;4;4;4;4;4;
?;?;?;0;0;1;6;5;2;4;3;8;7;0;0;0;1;6;5;3;8;7;0;0;0;0;1;6;5;2;4;4;4;4;4;4;4;4;4;4;3;8;7;0;1;6;5;2;4;4;
?;?;?;?;4;3;8;7;0;1;6;5;2;4;4;4;4;3;1;6;5;2;4;4;4;3;8;7;0;0;0;0;0;0;0;0;0;0;0;0;0;0;0;0;0;0;1;6;5;2;
?;?;?;?;4;3;8;7;1;6;5;2;4;4;4;4;4;4;4;4;4;4;4;4;4;4;4;3;8;7;0;0;0;0;0;0;0;0;0;0;0;0;0;0;0;0;0;0;0;0;
?;?;?;?;4;4;4;4;4;3;8;7;0;0;0;0;0;0;1;6;5;2;4;3;8;7;0;0;0;0;0;0;0;0;0;1;6;5;2;4;4;4;4;3;8;7;0;0;0;0;
?;?;?;0;0;0;0;0;0;0;0;0;0;0;0;0;0;0;1;6;5;2;4;4;4;4;4;4;4;4;4;3;8;7;0;0;0;0;0;0;1;6;5;2;4;4;4;4;4;4;
?;?;?;0;1;6;5;2;4;4;4;4;3;8;7;0;0;1;6;5;2;4;4;4;4;4;4;3;8;7;0;0;0;0;0;0;0;0;0;1;6;5;2;4;4;4;4;4;4;4;
?;?;?;?;3;8;7;0;0;0;1;6;5;2;4;4;4;4;4;4;4;4;4;4;4;3;8;7;0;0;0;1;6;5;2;3;8;7;0;0;0;0;0;0;1;6;5;2;4;4;
?;?;?;?;4;3;8;7;0;0;1;6;5;2;4;4;3;8;7;0;1;6;5;2;3;8;7;0;0;0;0;0;0;0;0;0;0;0;0;0;1;6;5;2;4;4;4;3;8;7;
?;?;?;?;4;3;8;7;0;0;1;6;5;2;4;4;4;3;8;7;0;0;0;0;0;0;0;0;0;0;0;0;0;0;0;0;0;0;0;0;1;6;5;2;4;4;4;3;8;7;
?;?;?;0;0;1;6;5;2;4;3;8;7;0;0;1;6;5;2;4;3;8;7;0;1;6;5;2;4;4;4;3;8;7;0;0;1;6;5;2;4;4;4;4;4;4;3;8;7;0;
?;?;?;?;4;3;8;7;0;0;1;6;5;2;4;4;3;8;7;0;0;0;0;0;0;0;0;0;0;0;0;1;6;5;2;4;4;4;4;4;4;4;4;4;4;3;8;7;0;0;
?;?;?;3;8;7;0;0;1;6;5;2;4;4;4;3;8;7;0;0;0;0;0;1;6;5;3;8;7;0;0;0;0;0;1;6;5;2;4;4;4;4;4;3;8;7;0;0;0;0;
?;?;?;0;0;1;6;5;2;4;3;8;7;0;0;1;6;5;2;4;4;4;4;4;3;1;6;5;3;8;7;0;0;0;0;0;0;0;0;0;0;0;0;0;1;6;5;2;4;4;
?;?;?;0;0;1;6;5;2;4;3;8;7;0;0;1;6;5;2;4;4;4;3;8;1;6;5;2;4;4;3;8;7;0;0;0;0;0;0;0;0;0;0;0;1;6;5;2;4;4;
?;?;?;?;3;8;7;0;0;0;1;6;5;2;4;3;8;7;0;0;0;0;0;0;0;0;1;6;5;2;4;4;4;4;4;4;4;3;8;7;0;1;6;5;2;4;3;8;7;0;
?;?;?;0;0;1;6;5;2;4;3;8;7;0;0;0;0;1;6;5;2;4;4;4;4;4;4;4;4;4;4;3;8;7;0;0;0;1;6;5;2;4;4;4;3;8;7;0;0;0;
?;?;?;0;0;1;6;5;2;3;8;7;0;0;0;1;6;5;2;4;4;3;8;7;0;0;0;1;6;5;2;4;4;4;4;4;4;4;4;4;4;4;3;8;7;0;0;0;0;0;
?;?;?;0;0;1;6;5;2;4;4;4;4;4;4;4;4;4;3;8;7;0;0;0;1;6;5;2;4;4;3;8;7;0;0;0;0;0;0;0;0;0;0;0;0;0;0;0;0;0;
?;?;?;5;2;4;3;8;7;0;0;0;0;0;0;1;6;5;2;4;4;4;4;3;8;7;0;0;0;1;6;5;2;4;4;4;4;4;4;3;8;7;0;0;0;0;0;0;0;1;
?;?;?;?;4;3;8;7;0;1;6;5;2;4;4;4;3;8;7;0;0;0;0;0;0;0;0;0;0;0;0;0;0;0;0;1;6;5;2;4;4;4;4;3;8;7;0;0;0;0;
?;?;?;0;1;6;5;2;4;4;3;8;7;0;0;0;1;6;5;3;8;7;0;0;0;0;1;6;3;8;7;0;0;0;0;0;0;0;0;0;0;0;0;0;0;0;1;6;5;2;
?;?;?;?;3;8;7;0;0;0;1;6;5;2;4;4;3;8;7;0;1;6;5;2;4;4;4;4;4;4;4;4;4;4;4;4;3;8;7;0;0;1;6;5;2;4;4;4;4;4;
?;?;?;?;4;3;8;7;0;0;1;6;5;2;4;3;8;7;0;1;6;5;2;4;3;8;7;0;0;0;0;0;1;6;5;2;4;4;4;4;4;4;4;4;4;4;4;4;3;8;
?;?;?;?;4;3;8;7;0;0;1;6;5;2;3;8;7;0;0;1;6;5;2;4;4;4;4;4;3;8;7;0;0;0;0;0;0;0;0;0;0;1;6;5;2;4;4;4;4;4;
?;?;?;0;0;1;6;5;2;3;8;7;0;1;6;5;2;4;4;3;8;7;0;0;0;0;1;6;5;2;4;4;4;4;4;3;8;7;0;0;0;0;0;0;0;0;0;0;0;1;
?;?;?;?;4;4;3;8;7;1;3;8;7;0;0;0;1;6;5;2;4;4;4;4;3;8;7;0;0;0;0;1;3;8;7;0;0;0;0;0;0;0;1;6;5;2;4;4;4;3;
?;?;?;0;1;6;5;2;4;4;4;4;4;4;4;4;4;4;4;4;3;8;7;0;0;0;0;0;0;0;0;0;0;0;0;0;0;0;0;0;0;0;0;0;0;0;0;0;1;6;
?;?;?;?;4;3;8;7;0;1;6;5;2;4;4;3;8;7;0;0;0;0;0;0;0;0;0;0;0;1;6;5;2;4;4;4;3;8;7;0;0;0;0;0;0;0;0;0;1;6;
?;?;?;?;4;4;4;3;8;7;0;0;0;0;0;1;6;5;2;4;4;4;4;4;4;4;4;4;4;3;8;7;0;0;0;0;0;0;0;0;1;6;5;2;4;4;3;8;7;0;
?;?;?;?;4;3;8;7;0;0;1;6;5;2;3;8;7;0;0;0;0;0;0;0;0;0;0;0;0;1;6;5;2;4;4;4;3;8;7;0;0;1;6;5;2;4;4;4;4;4;
?;?;?;0;1;6;5;2;4;3;8;7;0;0;0;1;6;5;2;4;3;8;7;0;0;0;0;0;0;0;0;1;6;5;2;4;4;4;4;4;4;4;4;3;8;7;0;0;0;1;
?;?;?;?;3;8;7;0;0;0;1;6;5;2;4;4;4;4;3;8;7;1;6;5;2;4;4;4;4;4;3;8;7;0;0;0;0;0;0;0;1;6;5;2;4;4;4;4;4;3;
?;?;?;0;1;6;5;2;4;4;4;3;8;7;0;0;0;0;0;1;6;5;3;8;7;0;0;0;0;0;0;0;0;0;0;1;6;5;2;4;4;4;4;4;4;4;4;4;4;4;
?;?;?;0;0;0;1;3;8;7;0;0;0;0;1;6;5;2;4;4;4;3;8;7;1;6;5;2;4;3;8;7;0;0;0;0;0;0;0;0;0;1;6;5;2;4;4;4;4;4;
?;?;?;?;4;4;3;8;7;1;6;5;2;4;4;4;4;4;4;4;4;4;4;4;4;3;8;7;0;0;0;0;0;0;0;0;1;6;5;2;4;4;4;4;4;4;3;8;7;0;
?;?;?;?;4;3;8;7;0;0;1;6;5;2;3;8;7;0;0;1;6;5;2;4;4;4;3;8;7;0;0;0;0;0;0;1;6;5;2;4;4;4;3;8;7;0;0;0;0;0;
?;?;?;?;4;4;3;8;7;1;6;5;2;4;4;4;4;3;8;7;0;0;0;1;6;3;8;7;0;0;0;0;0;0;0;0;0;0;0;0;0;0;0;0;0;0;0;0;0;0;
?;?;?;0;1;6;5;2;4;4;3;8;7;0;0;0;1;6;5;2;4;4;3;8;7;1;6;5;2;3;8;7;0;0;0;0;1;6;5;2;4;3;8;7;0;0;0;0;0;0;
?;?;?;0;0;1;6;5;2;4;3;8;7;0;0;1;6;5;2;4;4;4;4;4;4;4;4;4;4;4;3;8;7;0;0;0;0;0;0;0;0;0;0;1;6;5;2;4;4;4;
?;?;?;0;0;1;6;5;2;4;4;4;4;4;4;4;4;4;4;4;3;8;7;0;0;0;1;6;5;2;4;4;4;4;4;4;4;3;8;7;0;0;0;0;0;0;0;0;1;6;
?;?;?;?;4;3;8;7;0;0;1;6;5;2;4;3;8;7;0;0;0;0;0;0;0;0;0;0;0;0;0;1;6;5;2;3;8;7;0;0;1;6;5;2;3;8;7;0;0;0;
?;?;?;0;1;6;5;2;4;4;4;4;4;4;4;4;4;3;8;7;0;0;0;0;0;1;6;5;2;4;4;3;8;7;0;0;0;0;0;0;1;6;5;2;4;4;4;4;4;4;
?;?;?;?;3;8;7;0;0;0;0;1;6;5;2;3;8;7;0;1;6;5;2;4;4;4;4;3;8;7;0;0;0;0;1;6;5;2;4;4;4;4;4;4;4;4;4;4;4;3;
?;?;?;1;6;5;2;4;4;4;4;4;4;4;4;4;4;4;4;4;4;4;3;8;7;0;0;0;0;0;0;0;0;0;0;0;0;0;0;0;0;0;0;0;0;0;0;0;0;0;
?;?;?;?;4;3;8;7;0;0;0;0;0;0;0;0;1;6;5;2;4;4;4;4;4;3;8;7;0;0;0;0;0;0;0;0;0;1;6;5;2;4;4;4;4;4;4;3;8;7;
?;?;?;?;4;3;8;7;0;0;1;6;5;2;4;4;4;4;4;4;4;4;4;3;8;7;0;0;0;0;1;6;5;2;4;3;8;7;0;0;0;0;0;0;0;0;0;0;0;0;
?;?;?;?;4;3;8;7;0;0;1;6;5;2;3;8;7;0;0;0;0;1;6;5;2;4;4;4;4;4;4;4;4;4;4;3;8;7;0;0;0;0;0;1;6;5;2;4;4;4;
?;?;?;0;0;1;6;5;2;4;3;8;7;0;0;1;6;5;2;4;4;4;4;3;8;7;0;0;0;0;0;0;0;0;1;6;5;2;4;4;3;8;7;0;0;0;0;0;1;6;
?;?;?;5;2;4;4;4;4;4;4;4;4;4;4;4;3;8;7;0;0;0;0;0;0;1;6;5;2;4;4;4;4;4;4;4;4;3;8;7;0;0;0;0;0;0;0;0;0;0;
?;?;?;?;4;4;4;4;4;4;4;4;3;8;7;0;0;0;0;0;0;0;0;0;0;0;0;0;0;0;0;0;0;0;0;0;1;6;5;2;4;4;3;8;7;0;0;0;0;0;
?;?;?;0;0;1;6;5;2;4;4;4;4;4;4;4;3;8;7;0;0;0;0;0;0;1;6;5;2;4;4;4;3;8;7;0;0;0;0;0;0;0;0;1;6;5;2;4;4;3;
?;?;?;?;3;8;7;0;1;6;5;2;4;4;4;4;3;8;7;0;1;6;5;3;8;7;0;0;0;0;1;6;5;3;8;7;0;0;0;0;0;1;6;5;2;4;3;8;7;0;
?;?;?;0;0;1;6;5;2;4;3;8;7;0;0;0;0;0;1;6;5;2;4;4;4;4;4;4;4;4;3;8;7;0;0;0;0;1;6;5;2;4;4;4;4;4;4;4;4;4;
?;?;?;?;4;4;3;8;1;6;5;2;4;3;8;7;0;0;0;0;0;0;1;6;5;2;4;4;4;4;4;4;4;4;4;3;8;7;0;0;0;0;1;6;5;2;4;4;4;4;
?;?;?;?;4;3;8;7;0;0;1;6;5;2;4;3;8;7;0;1;6;5;2;4;4;3;8;7;0;1;6;5;2;4;4;4;4;4;3;8;7;0;0;0;0;0;0;1;6;5;
?;?;?;0;0;1;6;5;2;4;4;4;3;1;6;5;2;3;8;7;0;0;0;0;1;6;5;2;4;4;3;8;7;0;0;0;0;0;0;0;1;6;5;2;4;4;4;4;3;8;
?;?;?;0;0;1;6;5;2;4;4;4;3;8;7;0;0;0;0;0;0;0;0;1;6;5;2;4;4;4;4;4;4;3;8;7;0;0;0;0;0;0;1;6;5;2;4;4;4;4;
?;?;?;?;4;3;8;7;0;1;6;5;2;4;4;3;8;7;0;0;0;0;1;6;5;2;4;4;4;3;8;7;0;0;0;0;0;0;0;0;0;1;6;5;2;4;4;4;4;4;
?;?;?;?;4;3;8;7;0;1;6;5;2;4;3;8;7;0;0;1;6;5;2;4;4;4;3;8;7;0;0;0;0;0;0;1;6;5;2;4;4;4;4;4;3;8;7;0;0;0;
?;?;?;?;3;8;7;0;0;0;0;0;0;0;0;0;0;0;0;0;1;6;5;2;4;4;4;4;4;4;4;4;4;4;4;4;4;4;4;4;4;4;4;4;4;4;4;4;4;4;