000000000000000000000001000000000000000000001110111000000000000100000000000000000110000000000000000000000000000000000000000001111100011111111111100000000001101100000000000000000000000001111110001000000000010000000000000000100000000000000000000000000000000000000000000000000000000000000000000000000000000000000000000000000000000000000000000000000000000
000000000000000000000000000000000000000000000000000000000000000000000000000000000000000000000000000000000000000000000000000000000000000000000000000000000000000000000000000000000000000000000000000000000000000000000000000000000000000000000000000000000000000000001100110000000000000000000000000000000000000000100011111111100000000000000000000001000000000
011000100111110011101111111110001111101100100000110000000000000000000000000000000010000000001000000111101111000000010000000000000000000000001100000000000000000000000000000000000000000000000011000000000000000000000001100111111000011111000001100000000000000000000000000000000000000000000001111100000001000100111111111011100011110000000000011000000000000
110000011111101100000000000000000000011000000000000000000000000011000000000000000111100000000000000000000000000000000001001000000001011111111110010000000000000000000001111111100000111111111111111111100110000000000000111110000000000000000000000000000000000000000000000000001100000000000000000000000000000000000000000000000000000000000000000000000000000
000000111110001110001000000000000011000000000000011000000010000001000000000000000000000000000000000000000000000000110000000000000000000000000000000000000000000000000000000000000000000000000000000001100001100100111000000000000000000000000011110011000011111111111111111111111111111111111111110111111111111111111111111111111111111111111111111111111111111
000000111111111111001111111101111110110000110000000000000000000000000000000111111111111110000110010000000000100000011111111111111111111111000000000011100000000000000000000000000000000000111000000001100000000000011001111111011110000000000000000000000000000011111000000000111111100001111000000000001111111001111111111111111011111101111111111111111111111
111000011111111111111111111111111111111011111111000001110111001110000111111111111111111111111111111101100000111111001111111111110011111111110110000000001001111111111111001111111000000000000111110001110000000011000011111011111111111111100011111110000000001111111110011111111111111111111000100000000000111100111111111111111111011111111111111011111111111
100011111111111111111001111111111111111111000000110111111111000000000011111111100000000010011111100011110001110110011111111001111111111111111111011111111100011111111111111111111101111111111100000110110011011111000000000000000011110111100000111000000000111111100000000000000000000000000000110000000000000001110001100000000000000000000011100000000000000
000000000000000000000000000100000000000000000000000000000001000000000000000000010000000001000001111110000000000000000100000000000000000000000000000000000000000000000011111000000000000000000000000000000000000000000000000000000000000000000000000000000001000111100000000001110001100000000001110011111111111011111110000000000001100010000000000000000101100
000000000000000000000000000000000000000000000000000000000000000000011010000000000000000000001100000000000000000000000000000000000000000000000000000000000000000000000000000000000000000000000000000000000000000000000000000000000000000000000000000000000000000000000000000001000000000000110000001110001110000111100011000000000000000000000000000000000000000
000000000000010000011001110000000000000000000000000000000100111001111111111111111111111111111100111111000000000000000000000000000000000000000000000000000000000000000000000001100000001111111011100000000000000000000000000000000100000000000000000000000000000000000000000000000000000000101100010001110000000011000110000000000000001110000000010000000010000
111111111111110000000110011111111111111111111111000110011111111111111111111111111110111100001111111111111000011111111111111111111001111111111111101110111111111111111111111111111111100111110000111110000011011111111111111111111111111111111111111111111111111111111111111111111111111111101111111111111111111111111111111111111111111111100011111111111111110
000011101111111111111111111111111111111111111111111111111111111111011111111110111111111111111100000111111111111111110001111100111111111111101111111111111111100111000001111111000100000000000000000000100000100001000000000000110011111001110001110000000110001111111110011011111011111110000000000000000000000000000001000000000000000000000000000000001000000
011000111111111111100100000111000000100011111001111111110001111111111111111111111111111111111111111111111111111111111111111111111111111111000111000111111111111111110011111111110000011111111100000011111111111111111000001110000000000000100011000000000011001111111110000000000000000000000000000000000000000000000000000000000000000000000000000000000000000
110000000000011111111000111100110011111111111111111111100011111111101111111111111100001111111111111100000111111110110011000000000000000000000000000000000000000000000000000000000000000000000011100011000000000000000000000000000000000000000000000000000001000000000011000011001100000000000010011011111100000010000000111100011100000000100000001011100000000
000000010001000001100000000000000000000000000000000000000000000000000000000000000000000000000000000000000000000000000000000000000000000000000000000000000000000000000000000000000000000000000000000000000000000000000000000000000001110000000000000000000000000000001111111111111101111111111100000000000000001000011101111100000000000000000000000000000100000
001100001000000000100000000000000000100000000111111000000000000000000001000011111111000000000000000000000000000100000000001000000000001111110001111111111111111111111111111111111111111111111111111111110011111101111111111111111111111111101111100000111111001111111111111111111111111111000000000000111111111110011111111111111111101111110011000000111101100
000000000000000000000000000000000000000000000000000000000000000000000000000000001000000000000000000000000000000000111000000000000000000000000000000000010011110011111110001100000000000000000000000000000000010000000000000000000000000000000000000000000000000000000000000000001000000000000010000000000000000000000000000000000000000000000000000000000000000
000000111100001100000011111111111111111111111111111001101111111100000001111111011111111111111111111111111111111111111111111111111111111111111111111111111111111111111111111111111111111001101111111111111110111111111110111110011000110111011111100011100000100000111111111101110001111111111110000111111111110001111111111111000011111100000000000001000111011
000100000111110001111111111110000110011100000000000010000000000000000000000000000000000000000000000000011111111111111111111110000111000010111110000111111111110000000000000000000000000011000000000000000000000000000000000000000000000000000000000000000000000000000000000000000000000000000000000001110000100001111011000000000000000000000000000000000000000
111111111111111111111111111111111111111111111111111111111111111111111111111111111001111101110111110000000000000000001100011011000011000011001111111111111111111111111111111111110000000000000000100000000000000000000000000000000000000000011000000001000000000000000000000000000000000000000000000000000000000000110000000000000000000000000001000000000000000
110011111000000000000000000000000000000000000000000000000000111010111101100011111111111111110001000001101111000000001100000000000000000000000000000000000000000000000000000000000000000000000000000000000000000000001111111111100000000001111111110000000000110100011101111101111111111111000110111101111111100000000001100100001111111011110000011100001111111
111111111000000000000011100111111100000000000000000100000000000000110011110011111111111111111111100000010000000011000000000001000000000000000000000000000001000100011000000111101111111111111111101111111001100000000000000000000000000000000000000000000000000000000000001000000000000110000001000000000001111111111111111111100000010000000011101100011000000
000000000000000000000000000011000000000000000000000000001110000000001001000000000000000000000000000000000000000000000000000000000000000000000000110111110000000000101111111100011111111111000010000000000000111100001111111111111111111111111111111111111111111111111111111111111111111111111111111111111001111111111111111111100000110011000110111111111111100
111110111111111111111111111111111111111111001111111111111111111111111111111111111111111111111111111111111111111111111111111111111111111111111111111111111111111111111011111111110011111111111111111111111111111101110100011111111000111111110000000001110000001111111111111111111111111111111011110000000000000000000111111111111111111111110011100011001111111
111111111111111111111111111111111111111111111111111111111111111111111111111111111111111111111111111111111111111111111111111111111111111111111111111111111111111111111011111111111111100011111001111111111111111111111111111111111111111111111111110111111111101111111111111011111111111111111111111111111111111111111111111111111101000111111111111111111111111
000000000000000000000000000000000000000000000000000000000000000100100000000000000000000000000000000000000000000000000000000000000000000000000000000000000000000000000000011100011111111000000000000000000000000000000000000111111111100000000000000000000000000000001111110000000000000000000011111000000000000000000001100000000000000000010000000000000000000
000011100000110000000000000000000000000000000000000000000000000000000000000000001111111101111111111100010000000000000000000000000000000000000000000000000000000000000000000111111111100110000000000000000001111011011111000000001000000000000000000000000000000000000000000000000000011111111111111111111000001111110111111100000000000000010000000001111000000
000000000000000110010001111111111111111111111000000000000000111111111000111111111111111111111111110001001111111111111111111111111110111111111100010100010010000000111111100111111111111000000010000000001100000000000000000000000000000000000000000000000011111111111111011111111100000000000111110000000000000000000000110000111111011000000000111000111000000
000011111111100111111001110011111111111000001101100000000000000000000000000000000000000000000000000000000000000000000000000000000000000000000000000000000000000000000000000000000000000000000000011001000100100000000000000000000000000000000000000000000000000000000000000000000000000000000000000000000000000000000000000000010000000000000000101000000000000
111111111111110011111100111110000100000000111011111111111111111101100000000000000000000000010000000000000000000000000000000000000000000000000000000100000001111100000000000000100000000000000000000000000000000000000000000000000000000000000001111111100000000000000000000000000000001111111111111111111000110000001111100100001100000011111111111011111100000
010000111111100011000000000111110000000000000000000000000000000000011000001100000001111011100000001100000000000000000100000000000011010000000000000000000000000000000000000011111111111111111111111111111111111111111111111111111111111111111111111111001111110111100110000110111111000000000000000000000001111000000000100000000000000010010000000010000000000
000000000000000000000011100000000011000011000111100000000000000000000000000000000011100000000000000000000000000000001001100011111000111111111111111111000000000000001101111111111100111111111111111111111110000000000000110000001111100111111111111111000000000011110000111111011100100011111111110011111111111111111111111111111110000000000001000100000100010
111111111111001111111111111111111111101111111001001111111111001111111111111111111111111111111110001101111111111000010000000000000001111111111111111110000111111101100111111111111111111111111111111111111111111111111111111111111111111111111111111110111111111111111111111111111111111111111111111111111111110000011111111111111111111111111111111111111000001
111011111000000000000100111100111111111000111111111110011100000110111000010000011100000100000000000000000000000000000000000000000000100000010000010011111111111111111111111100000000011000000110000111111111111100000111111011000111111111110000110011111000100000100001100000001111100000011111111111111111111111111111111111111111111111111111111111101111111
000000000000000000000001111111100011000000000000000000000000000000111111111111111111110000000000011000101111111111011111111110001100000000000000000000000000000000000000000000000000000000000000000000000000000000000000011000000111100000000011100000000001001001000000010010001011111111111100111111010000011111111111111111001000111111111111111111111100011
000000000000000000000000000000000000000011000000000010000000000000000000000000000000000000000000000000000000000000000000000000000000000000000000000000000000110000000000000011110000000000000000001111111111111111111111111111111111111111100111100000000110011000000000000000000000000000000000011111111111100000000110000011111101000000000000000000111000000
000000000000000000000000000000000000000000000000000000000000000000000000000000000000000000111000000000000000001000001110111111111100000110001110000111110001111111000000110011111111111111111111111111111111111111111111111111111111100100000111111111011011000011110000000000000000000000000000000000000000000000000000000000000000000000000000000010000000011
001100001111000110000011111111111111100111111111111111111111001111000000010110000000000000000000000000000000000000000000000011100000001000000000000001011111111110111110001111111110011000000000100000000000000000000111110111011111000011111000000001111111111111111111111111111111111110010001111100000011111111111111011100000000000001100000000010000000000
111111111001111111111111111111111111010011001111111111111111111111111111111111111111111111111111111111111111111111111111111111111111111110111111111111111111111111111111111111111111111111111111111111111111111111111111101111111111111111111111111111111111001111110111111111111111111111111111111111111111111111111111111111111111111111111111111111111111111
000000000000000000000100000000000000000000000000000000000000000000000000000000000001111000000000000000000000000000111111000001000000000000000000000000000000011110111111111111100000000000000000000000011011000000000110011111111100000011100000000000000000100000000000000000000010000000000000000000010000000000000000000000000000000000000000000000000000000
011111111111111111111111111111111111111111111111111110011111111111111111111111111111111111111111111111111111111000001101111000111011111100011101111111111111111111111111100111000000011011111111111111111111111111111111111111111111111111111111111111111111111101111111111111111111111111111110011111111111101100001100111111111111110011110010000100011111111
011111111110111111111111111111111111111111111111111111111111000011111111111100011111110011111111111111111111111111111111111111111111111101111111111111111111111111111110000000000000111100111111111111111111111111111111111111111111111111111111111111111111111111111111111111111111111111111111111111111011111110111111111111110011111111111000001111111111111
100000000000000000000000000000000000000000000000000000000000000000001000000000100000000000000000000000000000000000000000000000000000000000000000000000000000000000000000000000000000000000000000000000000000000000000001111111111110000000111011001111001000000000000000000000000011100000000000000000000000011100000000001100000000001111110000000111101100001
111111001100000000000111111111100010000110001110000000001000000000000000000000000000011111100000111100000000000000000000000000000000000000000000000000000000100011111000000011111011111000000000000000000000000000000000000000000000000000000000000000000000000000000000000000000000000000000000000000000000000000000000001111100110011111111111111111110110000
110001110000000000011000001000000111101100011111111111111111100111111110011100000000000000000011111111110011000011000010000000011111111111110000001010000000000000000000000000000000011001101111110000000000000000000000000000000000000000000000000000000000001001111111000000000000000000000000000000000000000111110111111111111111110111111111111111111111111
000111111110011110001111011111111111111001110000001000000001100000000000000001111111100110010011111111100011100001111101111110111110000010000011001000011001111111111111111111111111111111111111111111111111111111111111111111111111111111111111111001001111111111111111111111111111111111111111111111011110110000000000000000111111110000111111001110111111111
110000111111011111111111111111100000011110000000000000110000000000000000000000000000000000110000000000000011000000000000000000000000000000000000000000000000000000000000000000000000000000000000000000000000000000000000000000000000000000000000000000000000000000000000000000000000000110001101100000000000000000000000011111110001000011111101111111101111000
000000000000000000000000000000000000000000000000000001000000000000000000000000000000100000000000000000000000100001100000111111001101111000000000000001100011111100110000000011000001000001110111000011000111111110111111000000000000000000000000000000011111011110001111110000011110011000111111110000000000000010000000000000000001100000000000111000000000000
000000001111100000100111100000000001111111111111111100000011111111111101000000111100110000000001111111111111111000111110000000111111111111110011100011111000110001100100000000011111111111111110000011111101111011111111111011111111111111000001100000111111111111111111111111111111111111111111100111000011111111111111111111111111111111111111111111111111111
000000000111111111111111111111111101111100001111101111111110011111111001011111000000110011111111111111111111111111111111111111111011111101111111111111111111111111111111111111111111111111111111111111111111111111111111111111111111111111111111111111111111111111111111111111111111111111111111111111111111111111111111111111111111111111111111111111111111111
011100011111000111000000000000000000000000000000000000000000000000000000000000000001100000010000000110000000000000000000000000000000000000110001100000000000000000001000110000000000000000000000000000000000000000000000000000000000000000000000000000000000000000000000000000000000000000000000000000000000000000000000000000000000000000000000000000000000000
000110111011111111111111111100000000011000000001100000000001000000000000000000000000000000000000000000000000000000000000000000000000000000000100000000001011100000000000000000000000000000000000000000000000000000000011111111111100000000000011100000000110011111110000000000000000000000110000000000000000001111111111111111111111110011000000001111111111000
110111111111111111111111111111111111111111111111111011001101111111111111111111111111111111111000011110000000000000000000110000000111111001100110000010111111111100000000011001000001111100000011000000000000000000000000000000000000000000000000000000000000000000000000000000000000000001100000001100011110000101100000001100000000000000001111000111100000000
111111111111111111111111111111101111111111111111111111111111111111111111111111110111111111111111111111111111111111111111111111110111111111011111111111111111111111111111111111111111111111111111111111111111111111111111111111111111111111111111111101111111111111111111111111111111111111111111111110011011001111111111111111110111111111111111111111111111111
111111111111111111111111111110111111111111111111111111111111111111111111111111111111111111111110111111111111111111111111111111111111111111111111111111111111111111111111111111111111111111111111111111111111111111111111111111111111111111111111111110001111111111110011111111111111111111111000000011000000000000000000000000001100000000000000000000000000010
111111111111111111000101110000001111110001100000001111111111111111111111111111111111111111111111111111111111111111111111111111111111111111111111111111111111111111111111111111111111111111111111111111111111111111111111011111111111111111111111111111111111111111100011101111111111111111111111111111111011111111111111111111111111111111111111110111111111111
011100000000000000000000000000000000000000000000000000000000000000000000100000111110000111100000000000000000001000000000000000000000010000000000000000100000000011000000111001110000000111011111000000000000000111000000111000111000000000110010000001111000000000100000000000000000000000000000011111011000111110000000001111100000000000000100000000000000011
111111111100111111101000000000000000000000000000000000000000010000111110000000000000000000000000000000000000000010000000001111010000010000000100000000000000000001000000000000011100110000000100000000000000000000000000000000000000000000000000000000000000000000000000000000000000000000000000000000000011100000000000000000000000000000000000001001111000011
000011111111100011111110000010000001000000011000110000100011010001111110001101100111111100000111111100011111111000011111111111111111111111111111100111111110001110001111111111110000001100111111111111111011111111111111111111111111111111111111110001111111111000000000000111111001111111110111111001111111111111000000000000001000000111110000000000000011111
111111111111111111111111111111111110101111111111111111111000000000000000000000000000000000000110011100001100000001000000000000000000000000000000000000000000000000000000000000000001110001001111111111110011111000000000000000000000001001000000000000000000000000000000000000000000000000000000001100000000000000000000000000000000000000000000000000000000000
100001110000000000000001111110000001100111111111110011110111100001111111100010001111100000000100111110000111111111100000000111111111111111111111111111111111111111111111111111111111111111111111111111111111111111111111111111111111111111111111111110001111111111111111111111111111111111111111111111111111111111111111111111111111111111111111111111111111111
111111111111111111111011111111111111111111111111111111111111111111111111111111111111111111111111111111111111111111111111111111111111111111111111111111111111111110111100011000000000100011111111111111001111101111110011100000110011100011111111111111111111111110000011111110111111110111111111111111111111111110111111111111110000111110000110000000000000111
000000000000000000000000000000000000000000000000000000000000000000000000000000000000000000000000000000000000000000000000000000000000000000001100000000010001111100011000000000000011110000000111111111111111111111111110111111111111111111001111100000000000001000000000111111111111111111111111100001101111111100111111101101100110011111111111011111111001111
100000100000000000000000000000000000000000000000000000000000000011111011110000000110000000000000000000000000001111000000000000111110011000000000110011100000000000000000000000000000000000000000000000000000000000000000000000000000000000000000000000000000000000000000000000000000000000000000000000000100011111110000000000000000000000000000000000000000001
000001100000011111000110000000110000000000000000000000111111100110011000010011000011000011111111011111110000111111110010000100000001110011001100000011110011110000000000000000001110011111100001111111111111110011111111111110001111111111110110000000001000000000111100000000111001100111111111111000000000000000000111000000000000111111111111000000111000001
111111111111111111111111111111111111111111100000011000000000000111111000101111000111110011110001111111111111111100010011111011101111111111111111111111111111111111111111111111111110111111111111111111111111111011111111111111111100000000110000001000011111111111111111111111111111111111111111111111110011000000011111111111000000011111111111011110111111100
001000000000000000000000000000010000000011000000000001101111111111111111111111111111111111111111111111111111111100010000000000000000011101000000000000000000000000011100000000000000000000000001111111111111111111001111111110111100000111111111111100000110000000000000000000000000100000001111111111111001100000000011000111111111111110011011100000000000001
000001000110000000111111111111111001100001100001111111100000111111111001111111100000000000000111111111100011111111001110000011111000000000001111111011111100001111110000111000000110000000000000000000000000000000000000000000000000000000000000000000000000000000000000001111111011111000110000000000011100000000000001000011100000000000000000010011001111100
000000000000000000000000000000000000000000000000000000000000000000000000000000000000000000000000000000000000000000000000000011111111111110001111111111000000000011101000000011111101111111111111111111111101111111111111111110000011111011110000000111001111111001100110001001100111110000010111000000000000000000111110000001111111111111110011111111111111110
100011111111111000000000111111111001111111111111111100000000000000000000000000000000000000000000000000000000000000000000100000000000000000000000000000011110001111100111110000000000000000000000000011100000000000000000110000000000000000000000000000000000000000000000000000000000000000000000100000000000000000000000000000000011000011000000000000000000000
001000000000000000000000000000000000000000010000110000001110000000000000000000010001110000001111100010000000000000000000000000000100000010011100000011110000000000000000000000000000000000011000000000000000000000110000000000000000000000000000000000000000000000000000000000000000000000000000000000000000000000000000000000000000000000000000000000000000000
111111000000000000000010000000000000000000000000000000000000000000000000000000000000000000000000000000000000000000000000000000000000000000000000000000000000000000000000000000000000000000000000000000000010000000111000011111000000001111111110011111111111111111111111111111111100111111111111111111111100110001001111110000100000001000001111111111111111111
111111111111111111111111111111111111111111111111111111111111111111111111111111111111111111111111111111111111111111111111111111100000000000000011111111111111111111111111111111111111111111111111111111111111111111111111111111111111111111111111111111111111111111111111111111111111111111111111111111111111111111111100000111111111111111111111111111111111111
000000011100000000000000000000000000000000111111110000100000000000000000000000000000000000000001110000000001000000000000110000011000011111111111111111111111111111111011111111111111111111111111111111111100011000111111111111111111111111111111111111111111111111111111111111111111111111111111111111110011111111111111111111111111111111111111111001110111111
000000000001100001001111111110001100111111110000011111111111111110011111111110111111111100111110001100001100111110010001100011111100111111110111111111111111111111100001111111111111111111111111111111111111111111111101111111101000001101111111001111101111111111111110110111111011011111011111111111000000001110001100001000010000000000000011100000000000000
010000001000111101111000000000000000000000000100001111111111000000111000000001000000000000111111111111111111111111100000000000001111111111111111111111111111111111100001010000001000000111001110000000001110111111101100011111111111111001000000011110000001110011111111111111000000110011111111111011110011000000001111000000100000000000000000000000000000000
000000000000000001000000000000000000000000000000000000000000000000000000000001000000000000000000000000000000111000011100000000000000000000000000000000001110001111000100111111100000100001001111111111111111111001111111000000000000000000001100001000000000000000000000000000000000000000000000000000000000000000000000000000000000000000000000000000000000000
000000001000000010000000100000000000100000000000000000000000000000000000000000000000000000001100001110000000000000000000000000000000001110001100000000000111111111111111111111110111111111111100001000000010000001111000001100110000000000000000000000000000000000000000000000000011100000000000000000000000000000000000000000000000000000000000000000000000000
111111111111000010111111111110011100000000000000000000000111101111111111110111111010100011111111110001011100011110000111111000011111110010000000011001100111111110011111111111111110000000000000001100011111111111111111111111111111111111111111111111111111111100000011001100101111111110011110000000000000000000000000001111000000000000000000000000110110110
001100110000000111000011100000100011100000001000001111100000011111111111111111111011111111111111111111111111110011000111111111111111111001111111111111101111111111111011000111111111110011111111111111111111111111111001111111111111111111111101111111111111111011111011111101111111110000111111111111110000110001111111111100000111111100001111111111111111111
111111111111111111111111111111111111111111111111111111111111111111111111111111111111111111111111111111111111010011111110111111011111111111111111111111111111111111111111111111111111111111111111111111111111111111111111111111111111111111111111111111111111111111111111111111111111111111111111111111111111111111111111111111111111111111111111111111111111111
111111111111111111111111111111111111111111111111111111111111111111111111111111111111111111111111111111111111111111111111111111111111111111111111111111111111111111111111111111111111100000100011111000000011111011111111111111111111111111111111111111000000000011111111111111111111111111111111011111111111001111111101111111000000001011111100011110011111111
111111001111111111111111111111111111111111111111111111111111111111111111100111111111101111111111111111111111111111111111111111111111011111111111111111111111111111111111111111111111111111111111111011111111111111111111110111111111111111111111111111111111111111111111111111111111111111111111111111111111011111111111111111111111111111111111111111111111111
111111001111111111110110110000001001110011000001101100000011000000110011111111111111111111111111111111111111111111111111111111111111111111111111111111111111111111111111111111111111111111111111111111111111111111111111111111111111111101111111100111000011110011100011001111111101110011111100000111100011011111111110000011100000001111111001000011101111111
000000111111011001000000000000000000000000000011011100110000000000000011110010001001001111111111000011000000001111111111100000011000000001000000011000000000100000000001110000000000111110011001000000000000000001111111111001111111111111100001100010000000011111110111001000000001111100001111100010000001001100010000000000000011000000000011001100000000000
000000000000000000000000000000000000000000000000000000010001001111000000011000000000000001000000000000000000000000000000010000001001111111110110110000000000100011110000000110001100000101111000001100000111000000000011111111111011000000000000000000000000000000001110010000000001110001111111110011001111111111111111111111111111111111111111111111111111111
000000000000000110000000000100000000000000000000000000000000000000000000010011111111111111111111101111110011000011001011111111111111000000111100110000000000000000000000110000000000000000000000001000000000000000000000000000000000000001111000000000000000000000111000100011100000000000000000000000000000000000000000000000000000001000111001011111100000111
111111111111111111111111111111111111000111111011111110011111111111100111111111111111111111111111100000011111111110111111111111111110111111111111111111111111111111111000011111111100111110000111111110111111111111111111111111111111111111100110000011111111111111000000001111111111111111111111111111100111000111111110111000000011111100011100000001111110011
101110000000111111111111111111111100011110000011111100011110000000010000011111111110011111111010001000000001100001111111000000000000011110010001000000000000100000001111111111111100111100000000000000000000000000011111111111111111000001110011000000000000000000000000000000000000100100000000010011111111111111111111100111100111111111111111101111111111111
001001111111111111111011111000011000000000001100000000000000000000000000000000000000000000000000000000000000000000000000000000000001000000000000000000000000000000001111110111100000000111111011100000011111110000000010000000001001101111000111110000000000000000000000000000000000000000001111011000000000000011100010000000000000110000000000000000000000000
000000000010000011111000000000001111101101111100000001111111111111111110011111100110011111111111111111111111111111111100111111110001110111110000000000000000000000000000000000000000000000000000000000000000000000000000000000000000000000000000000000000000000000000000000000000010000000000000000000000000000000000000110110000000001111111111100111111110100
111111111111111111111111111111111111111111111111111101111100100111110001111111110000000010000001001111111111001110111111111111011100111000000000000000001100000000000000000000001100111000111111110011100110000000000001100011100000000001111000100000000000001100000000000110000000100001111011111111111111111001111111111111110111111111001111111111111111111
111111111111111111111111111111111111111111111111111100000011111111111111011111111111111100111111110000000011111000011110000000011110011100111001111111111110111100011111111110111111111110011101100000000111101111111111111111111111111111111100001111111111111000000111111111100000001101110000111110000000111111111111111011111111111111111111111111111111111
111100001100011111000000000000010011100000000000000000000000111000000001000000100111010000011111000000000000000000000000000000000000000001100000000111000000000000000000000000000001111000000011111100000000000000000000000000010000000000000000000000000000000000000000000011110001100111111111011001110011000000111000000000010000000011000000000000111000001
000000000000000000000000000000000000000000111110011110000000000000000000000011000000000000001000000000000000000000000110000011000010000000000000000000111000011110000001100000000000100000000000010000111100011111100110000000000011111001111000000000000000000000000000011000000000111111011111111111111111111111101111111111111111111111111111111000111110011
000000011000001000000000000000000011110000010000111110011001100000000000000000011011100000111111110011111100000111111110001110011111001110001111001101100000000001100000000000100000111111111111111110011111111001001110111111100001100000000000000000000000000000000000000000000000000000111111111111110000000000110000000000000000000000000000000000100010011
011100011111111100000100010000000000011011100000000000000000000000000000000000000000000000000000000000000000000000000011000100011100100001111000000110011111000111101111111111111110111111111101111000111111111111100000011111110000000000000000000000000000111000000001000000000111100111111111000111111110011100000111011111111111111111111111111111111111011
000000001000000000000000000000000000000000000000000000000000000000000000000000000000000000100000000000000000000000000000000000000000000000000000000000000000000000000001000000000110011000000000000000000000000000000000000000000110000000000000000000000000000000000000000000000000000000000000000000000000000000000100000000011110000000000011110111111111111
111100100000000011101000111100001110000000000000000000000000000000000000000000000001100010000000000000111100000000001110000000011111000000000000000000000000000110011000110000001000000000000000000011100000000000000000000000111111110001000000000001000000000000000000000000111001111000000000000000000000000000000010000000000110001100000000000001111111100
110000000000000000001100000111110011110111111111110011000011111111111111111111111111111110000000011000000000000000000000001100000000111111000110000011110000000000000000000000111001111111110000000001111001000000000000011110000111110000001001100000000000000000000000011000010000001100000000000000000000000000000000000001000000000000000000000000000100011
001100000011100000001111110011100000000000000000000000000000000000000000000000000000000000000000000000000000000000000000000000000000000000000000000011000000000000000000000000000000001111000011111100000000000000000000000000011111000111111111000000000000000000000000000111100111100100001111100111101110000000001110000000000110001111111111111111111000000
111111111111111111111111111111011100001111111100000111011110000000000011111111110010111111111111011111000001000011111111111111111111111111111111111111111100000000111111111111111111111111111111111111111111111111111111111111111111111111111111111111000011110011101111111111111111111111111111111111111111000111111111111111111111111111111111111011001111111
111111111111111111111111111111111111111111111111111111111111000011001111111111111111111100001111111111111111111111111111111001110011000111111110011111111111110011110000000011111111111111111111111111111111111111111111111111111111111111111111011111100011111001111111111111111111111011111111111101111110111111110000000100111011111100001011111111110000100
111111111111111111111111001111000000000111111111111110001000000111001111111111111111111111111111111111111111111111111111111111111111111111110001111111111111111111111111111111011111111111111111111111111111111111111111111111111111111111111111111110001111111111111100111111111111001111111100001111111001111110001111111111111111111110111011111111111111111
000000000000000000000000000000000000000000000000000000000000000000000000000000000000000000000000000000000000000000000000000000000000000000000000000000000000000000000000000000000000000000000000000000000000000000000000000000000000000000000000000000000000000000000000000000000000000000000000000000000000000000000000000000000000000000000000000000000000000
111111100011110000011111111111111111000000011111111111100011110011100000011000000000111110000000000001100001100011000001000000011111111111110000100011011101111100000111111000000010011111001111001110010111111111110000000000010111110000110000000000000000011111100000000011111111000000000000000001100001111111001111000000111110000111111000000001100010000
000000000110011111111110011110111000000000010000000000001100110000011110111111111110000111100110111000111111111111111111111111100101111100000110000001101100000000001111111111111111111111111111111111001111101111110111111111111111111111001111000000000000000000000000000000000110000011100110001110001111111111011111111111111111111111111111111111111111111
000001000000000000000000000000000000000011000000000000000000000000000000000000000000000000000000000000000000000000000000000000000000000000000000000000000000000000000000000000000000000000000000000000000000000000000000000000000000000000000000000000000000000000000000000000000000000000000000000000000000000000000001111110000000000000010000011001000000000
000000000000000000000000000000000000000000000000000000000000000000000000000000000000000011111000000100000000000000000000000000000000000000011000000000000000011111111111111111111111111100111111110011111001111111111111111111000000111111111000000000000000000000000000001000111110000000000010000000000000000011101111111110000000110100000100000011111111011
111111111111111111111111111111111111111111111111111111111111111111111111111111111111111111111111111111111111111111111111111111111111111111111111111111111111111111111111111111111111111100001111111111111111100000000000000000011110011000000000000000000001100011100000000000011111100111111111111111111111011100000000000000000000000000000000000000000000000
111111111111111111111111111111111111111111111111111111111111111110000000000000000000011111111100000000000010000000100000010011110111111000000000001111000000000000000000000001111111110000001111000011111001111111111111111111100011100010000000000000010000100110000111111111001100000000000001101100011111111111111111111110011111111111111111111111111111111
111111111111111111111100111110011000010001111111111111111111011110111111110000011111111100000111000011111111111111110100000010000111111111111111111111110011111110011000000000000000100000000000111111111111111100111111111111111011111111101000000001101111100000001111111111111111011100111111111111000001111001101110110011111111111101111111111111111111111
000001011001110011000000111110011110000111110111100000001101111111100000000000000000000100000000111000000000001111000111111111111111001100000000111111111111111111000000001111111101100111111111111111100011111100001111111111111110100000000000000000000000000000011100000000000000011101110011011111101101111111000000011000001000000011000000000000001000000
100000000000001111000000000000000000000000000000000000000000000000000000000000000000000000000000000000000000000000000000000000000000000000000000000011000001110000000011111011100000000000000000000000010000000010000000000111111100111111100011111100111111111111110111111111111111111110111111111111111111100000000001100000000000000001000000000000000000000
000000000111111100000000000000000000000000000000000000000000000000000000000001111100000000100000000000000000000000000000000000000000000000000000000000000000000000000000000000000000000000000000000000000000000000000000000000000000000000000001110000000000000111111111110010111100000001100000000000000000000000000000011111111111111110001100000000000000111
001111111100111100001100111100010000111100000001110000000000100111111111110010000000000000111111111111111011111111111000111111111111100111000000000011101111111111111110001100000000111100011110011111111000110000000001111000001100011001111000000000000000000100111001111111111111111111111111111111111111111001111111111111111000011011100000011000011100011
000000000000000000010000000000000000000000000000000000000000001111111111111100011111111111100111111111000111111011111111000011001110000000000000111110000000000001100011100010000011100001111111111111111111111001000000000000111000111110000000011000000000000000000000000001111111000000011111111111111111111111111111111111111111111111111111111111111111111
000000000000000000000000000000001000000000000000000000000000000000000000000000000000000000000000000000111000000111110000001111000110000000111111000011100000110000000000000000000000000000000000000111111000000000001111110001111001111100100111101111111110111001111111111111111111111111111111111110001000111000110000001111111111111110000011111111110011111
111111011001100000111100111111111111111111111101111111111111111111111111111111111111111111111111111111111111111111110000000000000001000010000000000000000000000000000000011100000000000000001110011111111111111100000000011111111111111110001111000000011111011111111111111111111111111111111111111111111111111111111111111111111111111111111111111111111111111
111111111111111111111101111001111111111111111111111111111111111110111111111111111111111111111111111111111111111111111111111111111111111111111111111111111111000000000001111111111111111111111111111111111111111111111111111111111111111111111111111111111111111111111111111111111111111111111111111111111111111111111111111111111111111111111111111111111111111
011111000000000000000000000000000000000000000000000000000011111111011111111111111111111100001111111111111111111111111111111111111111111111000001111111111111111110011000011011111111111100000001001111110000000000111111111111111111111111111111111111111111111111111111111111111111111111111111111011111000000111000111111111001111000000110000011011111111111
000000000000001000011100000011111111111111110000000001111100011010000000000000000000011000111100000000000001110011111111111111111111111111111111111111011111011000111000001111111111111111101111111111111111111111111111110011100000001111111111111110011011001111110010000000000000000001111110011111100000000011000000111000000000010000000000001000001100000
000000000000000000001111000000000000000000000000000000000000000000000000000000000000000000000000000000000000000000000000000000000000000000000000001000000000000000000000000011000000000000000000000000000111100010000000000000000000000100001110000011100000011000001001100000001100011100000111111001111100000000000001110000011111111111100000001001111111111
111111111111111111111111111111111111111111111111111111111111111111001100000001111000011111011111011111111111111111100011111000001100111111111111111111111111111110000111111111111111111111111111111111111111111111111111111111111111111111111111111111111111001011111111110011111111111011001111110000001100000011110111111111111111101111111111111111000001111
001111111111111111111111111111111111111111111111111111111111111111111111111111111111010001111000111111111111111111110001110000011111111111111111100001111111111111111111111111111111111111111111111111111111111111111111111111111111111111111111111111111111111111111111111111111111111111111111111111111111111111111111111111111111111111111111111111111111111
111111111111111111111111111111110011111111111111111111111111111111111111111111111111001110000011111111111111001001111111011101111111000001111111111111111111110000011111110000001111111111111111111111111111111111111110110011111111111111111111111111111111111110000001100001101100000000001111111111011111111001111111100010000000000001000011101111111111111
001111111111111111111000001000100011111110011111100000111100000100000000000000000000000000000000000000000000000110000000000000000000000000000000000000000000000000001111111100110000100000111100000000000000011000000001111111111100111110010110011101110111111100111111111111111111111111111110001111011111111111111011111000000000011110001111111111111111111
000000000000000010000000000011111111111011000000000000111111111111100000000000000000000000000000000000000000000000000100000000000000000000011111011011111111111111111111111100111000111111001111111110001111001111111111110011000000000111111111111110011100111001111000111110111111101111111111011011000000000000000000111111111111110111011111111111111111111
000000000000000000000000000000000000000000000000000000000000000000000000000000000000000000000000000011110001100000011111111100011100000000000000000000000000000000000000000000000000000000000000000000000000000010001001001111111000011111000000111100000000000000000000000000000000000001110111111110000011100010011111000010000000000000000000000000000000000
000000000010000000000000000000000000000000000000000000000000000000000000000000000000000000000000000000000000000000000000000000000000000000000000000000000000000000000000000000000001011110001100010000000000001100000000000000000000000000100000000000000000000000000000000000000000000000000000000000000000000000000000000000000000000000000000000000000000000
010000001111111110011111111110011000000000000011110010000000000100000000000000000111000000000000000000000100111110000000000111111111111111111111111110011111110000000000100111000000000000000000000000000000111100000011111000011111100101111000000000000000000000000011110000011111111111111111101111000000000000000000000000000000000011111111111110011111111
000000000000000000000000000000000000000000000000000000000000000000000000000000000000000110000000000000000000000000001110000000000000000000000000000000000000000000000001111000111111111111000001111111110000011111111111111111111111111111111111111111111111111111110011111111111111101111111100111100000000000100011111111111101100011110000000000000000000000
111111111111111110000110000000000001111111111111111111111110000000000000000000000000000001100000111100000000000000000100011000000000000000010000001110000001111100000000000011111111111111111111111111110110000000000111111111111111111111111111110000000000000110000110011000000000000000000000000000000000000000000000001110000100000000000000000110000000000
000000000000000000000000000000111111110000000000000000000000000000000000000000000000000000000001111111100000000010000000000011001111111111000000000000000000000000000000000000000000000000000001000000000000000100000000000000001111111111000111111111111100001110011100000000000011100000000011111100000110000111111101111111011111110011100110000001111111111
111111111111111111111111111111111111111111111001110011111111111111110000111111110000001000001100111111000011100000111000001110000011000000000000001111111101111111011111110011111000000000000000000000000000111000000000000000000000000000000000000000001001111111110000110000011111000001100000011111000000111111111111111111111111111111111111111111111111111
100111100000111111111011110001111000111111111111111111111001100111111111111111111100011111111111111111111111111111111111111111111111111111111111111111111111111110000111011111111111111111111111111111111111111111111111111111111100110000000000000000110001111111111111111111111111111111111111111111111001111111111111111111111111111111111111111111111111111
111111111111111111111111111111111111111111111111111111111111111111111111111111111111111111111111111111111111111111111111111111111111111111111111111111111111100001111000111111111111111111111110000010000011111001100000000000000000111111111111111111111111110000000000000000000000101111111111111111111111111111100000000000100010111001111111111111111111111
000000000001111000000000000000000000000111110000000000000000011111110010000000000011111111000000000000000000000000000000000111000011110000000000001100000000111000000000000000001111111110011000000000001000000110000000000000000111111111000000000000011001111111111111111000110001111100110000000001111111111111101111111111100011111111111111111111111111111
000000001110011100000000000000011111111111110000000000111111111111111111111100100000000000000000000000000000000000000001111111111111111101001111111000000000000000000111111100000111111111111111111111001111110001100000000000000000000000000000000000000000000001001000111111111111111111111111111111111111111111111111111111111111111111111111111111111111111
000011110001111110111111111111100100111111111111111100111111011110111111111000001100011111111111111111011111011110101110010000011111000101000101111111111111111111111111111111111111111111101111111111111111111111111111111111111111111111011111111111111111111111111111111100000110000000000000001111111111111111101111111111111111110000011111100000011111111
000000111100011001100000000011000000000000000001000000000000000000000000000000000000000001011111111100001111111111010000010011100111000011111111110000111111111111111111111111111110110111110001000000000000000000000000000000000000000011000000000000000000000000000011111000111111111101111111111111111111101110111111111111111111111111111111111111111111111
111111111111111111111111111111111111111111111111111111111111111111111111111111000110011111111111111111111111111111111111111111111111111001111111110111110010011000111000001111100000000000000000011111110011011111101111001011111111111111111111111111111111111111111111000001111000001000000011111111111110000011111011111111111111111111111100111111011111111
000000000000000000000000000000000000000000000000000000001100000000000000000000000000000000000000000000000000000000000000000000000000000000000000000000000000000000000000000000000000000000000000000000000000000000000000000000000000000000000000000000000000000000000000000100000000000000000011110000011100000000011110000011111100000000000000000000000011111
000000000000000000000000000000000000000000000000000000000011110010011000000000000000100001111111111111111111100111110111011100000000000000000000000000000000000001111111111110011111111100001111100001110011111110011111111111111111111111111110000011111111111111111111111111111111111111111111111111111111111111111001111111111111111111111111111111111111111
110111111111111111101111111111111111111111101000000001100111000000000001000011110110000000111100011001111111110111111101101111000010001101111101111111111100010000000001111111111100010001000000000000000000000000000001111111000000000000111111111000000000000010000000000000000000000001111111110010000000001111111111111111111111100011100110011000000000100
000000000000000101100000000000000010011000000000000111111111111111111111111100111101111111111111111111111111111111110111110011000000000001111111111000001110000000000000011100000000111000000110000000000000000000000000000000000000000000000000000000000000000000000000000000000000000011111111100000000000000000000000000000000000000000000000000000000000000
001110000111111111111100111111111111111111111111111111100111111100101110000111111111111111111111111111110000000000000000000000000000000000000000000000000000000000000000000000000000000000000000000000000000000000000000001111100001110011001111100000000000011001111111111100001001111000111111111111111111111111111111100000111000000111111111111111111111101
100010000000000000000000000111000001000000011000000000000000000000000000000000000000000000000000000000000000000000000000000000000000000000000000000000000000000000000000000000000000000000000000000000000000000000000000000000000000000000011000000000000000000000000000000000000000000000000000000000000000000000000000000000000000000000000000000000000000000
000000000000000000000000000000000000000000000100001111100100010001110000000000000000000000000000000000000000000000001111111110111111111111000110000000000110000111011100010011111000001000000000000000001100000000000000000011100000000000000010000000000000000000000000000000000000000000000000000000100000000000000000000111011100000000000100011000000111100
111000001111111111100000001111001111000000111111111111100111111111111111100111111000000110000000000000000000110011000100000001100000000000001011101111100000000001000000000011110010000000000000000000000000000000000011000111000110011111111000011000000111111111111111111111111111111111000000000000101110010000000001111111111111111111111111111111111111111
111111000110001111111110001100111111100011111111111111111111111111111111111111111111111111111111111111111111111111111111111111111111111111111111111111111111111111111111111111111111111111111111111111111111111111111111111111111111111111111111111111111111111111111111111111111111111111111111111111111111111111111111111111111111111111111111111111111110001
111101111011111111111111111111111111111111111111111111111111100000110000001111111110000000001110001111111110000000000011000100001111111111111111111111111111111111111111111111111111111111111111111111000011011111001100000111111111111111000000111111100000000011111111111111111100111111111111111100011111111111111111110001111111111111110001111111111111111
000000111110000001000000000000000001100000000000011110000011101000000000000000000000000000000000000000000000000000000000000000000000000000000000000000000000000000000000000000000000000000000000000000000000000000000000000000000000000000000000001110000000000000000000000000000000000000010000011011000000000000000000000000000000000000000000000000000000000
000000000000000000000000000000000001111000000000000000000000000000000000000000000000000000000000000000001001110111111111101000000000000000000100000000010000000001100111111111001111100111111111111111111111111111000000001110000000000011111111110000000000000000000000000000000000001100001111111111111111111111111111111111111000000000001111111111110001011
110111010000000011111100000101110000011000111111110111111111111110001111111100000111110111111111000111111011111111001001110000010000111111111111111011111111111111111011111110011111001111111111011111111111111111111111111111111111111111111111111111111101111100000000000000000111111111111100111001000000001111111111111000110000010000000000001111111101111
111100000000000000000000000000000000000000000000000000000000000111011111000000000000100000111100000011111111000111111111111111111111111111111111110001111111101100011110000111111111111111111111110111100111101111101111111111111111111111111111111000011111111111111111111111111111111111111111111111111111111111111111111111111111111000001100001111111111111
000011110000000000000000000000000000000000000000001100000000000000000000110000000011111111111110000000000000000000001100000000000000000000000000000000000010001000000000010000001111100000000000000001000010011111111001000001111111001001001111111110011111111111111000000000000001000000001000001111100010000000001110011001110000111111000111111111111100011
000001110000000000000000000000000000000000000100000000000000000000100001111100111111111111100000000000010111101111111111111111100000000000000000001111111111111111111111111111111111111111111111111111111111111111111111111111111111111111111111111111111111111111111111111111111111111111111111111111111111111111111111110010000000111101110000111111111001110
011111101000111111111111111101110111111111100011111111111011111001111111010011001001110011111111111101111111111101111100111111111111111111111111111111111111111111111100000011000000000000000001001111111000111111110011111111111111111111111111111111111111111111111111111011111110111111111111111111100111100001111111111110001001100000001111111111111111111
111111111111111111111111110011011111101100110000010000111111011111110000101100001111111111111111111111111111111111111101110111111111111111111111111111111111111111111111111111111101111111111111100011111111111111111111111111111111111111111000110000111000111111111100111111111111111111111111111111111111100011001100001110100011110000000000000011111111011
000000001110111110001001110001111100011110000000000000001110000000110011110011101110011111111111111111101111111111111111111111111111111111111111111110001111111000100011111111111111111111111111111000111111111111011100111111001111111111111111111100011101111111111111111111111111111111111111111111111111111111111111111111111111111111111111111111111111101
110011011011100100000010011000000000010000001111111100111111110111111111111110000000000000110000001111110110100010111110000111111111100000000000000000000000000000000000000001111100000001111111111111111100000000000011111000011100000000000000000000000000000100000000000000000000111110000000000000000000000000000000111000001100000111001110111010011111111
111111111111111111111111111111111111111111111111111111111111111111111111111000000000000000000000000011001110000011101001111111110001111111111001111110001111111111111100100010000000000000000000000000001100100001000111100000000000000000000000000000111000111101000001100000000000000010000000000000001100000000000000000000000000000000000000000000000000000
000000000000000000000000000000000000000000000000000000000000000000000000000000000000000000000000000000000000000000000000111100000000000001111000000000000000000000000000000000000000000000000000000000000000000000000000000000000000000000000000000000000000000000000000000000000000000000000000000000000000011000000000000000000000000000000000000000000000010
110000000111100000010000000001111110011000110011001000011111111110000111111111111111111111111111100000001110001111111111111111111111111111111111111111111111111111111000111110011101110001111111111111111111111111111111000011111111111111111111111111111111111111000111111111111111111111111111111111111100111100011111111000111111111111111111111111111111111
100111111101110000001100000010000000000000001100000000111111111111111111111111111111111111111111100000011111111111111111111111111110110000000000000000011111111111000000000000000000000111111111111111111111111111111111111111111111111111111111111111111111111111111111111111111111111111100000001111100111100011111111111111111111111111111111111101111110011
111111111111111111111111110111111111111111111111111101110000000000001111111111111111111111111111111111111110111111111111111111111111111111111110011101100111110111110000000001001100011000110000000010111111111111111111111111111111111111111111110000000010011111111111001111111111111110000000000000000000000011110111100000000011000000000000000000001110000
000110000000100011111100000000000110000000000001000000011111111111111111111111111111111111111111111111111110111111111101111111011111100000011100000000000000000000000011000111111111111111111111111100000011111111111111111111111111110000000000000000000000000000000000000000000000000011000000000000000000000000000000000110000000000000000000000000000000000
111111111111111110000001111111111111111111111111000111111000000011000000000001111110011111111100111111111111100111111111110000011110000111111111111111110000011000100000000001100000011001110000000000000011111111101111110111011111111111111111111111111111111101111111111111111111111111111111111111111111111111111111110111111111111111111111111111111111110
111100000000111111111100000000000000000000000000111111111100111011100001111111111111111111111110010000111110011111111111111111111111111111111111111100000011111111111111100001111111111111111110000011111111101100000000000010000000011111111111111111110000011100000000000001100000000001110100000000000000000000000000000000000000000000000000000000000000001
000000001000001110000100110000111111101111111110000001100000100111111111101100000000000000000000000000000000000000000000000000000000000000000000000000000000000000000000000000000000000000000000000011000000000000000000000000000000000000000000001110000000000000000000000011111000000100000001000111111111111111000000000110000110011111111111011111100000000
111111110000000000000000000000000000000000000000000000000000000000000000001100010000000100000000000000000000000000000000000000000000000000000000000000000000000010000000001000000000000000001111111111111111111101111111111111100111100000000011000111111111111000000000011000011111111100011000111111010000000000000011000011111110011111111100111110000000001
111111111111111111000001000111110000001000000000000011111111111111100000000000011111111111111111111111111111111111111111111111111111111111111111111111111111000001111110110000000111110000010111111000001111111000111100000000000000000000000000000000000000000000100000000000000001100000000000100000010000000000000000000000000000000000000000000000000000000
000110000000001000111100011111000000000000000000000000000111001111110011001001111111111111111100000000001000000000000000110000001100000001000000000000000000000000000001111111000000000000000000000110000000000000000000000011110011111111110111000000000000000000110000000111100000000000000000000000000000000000000000000000000000000000000000000000000110001
000000000000000000000000000000000000100000000111110111111110000100000000000000000000000000000000000000000000000000000000000000000110011000011100001000110001111111110000000000000000110000000011111111000111111111000111111001100000110111111110000000000001111111111111111110011111111111111111111111111111111111111111111111111111111111111111111111111111111
111111110111111111111111111111111111110011111111111111111111111111111111111111111111111000111001111111111111111110000011000011111111000001111111111100000000011000100100000000000001000000000000000000000000110000001000000000000000000000000000000000000000000000000001110011100000001111111111111100000000000000000000000000011000001110010000111111111111000
000000000110000000000000000011000000000000000000000000000000000000000000000000000000000000000000000000000000000000000000000000000000000000000001111100111110011111110000000000000001110001000000000111111111000000000000000000001101110000000000000000000000000000000000000000000000000000000000000000000000000000000000000000000000000000000000000000000000000
111101110001111111111111111111111111111111111111111001110000001000000000111111111111111111111111111111111111111111111111110000011100010000111111111111111100011111000111011000000000111111111110011100110001111000111111111111111111111000110011111111111111111111111111111111111110111110000000000000000000000000000000000000000000000000000000000000000000000
111111111111111111111111111111111111111111111111111111111111111111111111111111111111111111100001111111111111111111111111111111111111111111110001100000011000000000100011000000011001100000010000000011000010000000011000000000000000100000001111110000001110000000000111110001100000010000000111111000000000000111111111110001100000000000000111111000000000000
000000000000000000000000000000000000000000000000000000000000000000000000000000000000000101111000001111011111100000000100000110000010011100001111110010001111000001000001110000001111111111111111111111111011111111111111011111111111111111111111111000000000011001111111111101111111111011111100000000000000000000000000000000111000000000000000000000000000000
000000111100011110000000001111111000000000011111111111111111110000011100101111111111111111111010001100000111111100011111111111111000001000000111111111111100111111111111111111111100111111000000000000000000000000000011110000000000000000000000000000000000000000000000000000000000000000000000000000000000000000000000000000000000000000000000000000000000000
000000000100000110000000000000011110001111110000000000001000000000000000000000000000000000000000000000000000000000000111111111111111000000001100000000000000000100000011110111000011000000000001110000000000011000000111111100000111111010000000111000000111111110010001111111000111111111111111111111000000110001110000111110111100011110111110011111111111111
000000000000111100111111110001111000011111110001111111100011111001111111111111111111111000010001000110011111100111000001111111111111111001110011000000000000000000000000000000000000001111000111000000000000001100010000000000000110000000000000000000000000000000000000000000000000000000000000000000000100000000000000000110000000010000001111111000001111111
000000000000000000000000000000000000000000000000000000000000000001101100000000000000000000000000000000000000000000011111111111000000000010000000000001111001111111111111100011111111111111001110000011111111111101111111000000000000000000000100000000000100011111111011001111111100111111111000001111111100110011111111111000000001100000000000000000000000000
000000000000000000000000000000000000000000000000000000000000000000000000000000000000000000000000000000000000000000000000000000000000000000000000000000000000000000000000000000000000000000000000000000000000000000000000000000000000001100000000000000000000000000000000111111111111111111111111111111111111111111111100111111111111111111111110111111111111111
111101111111111101111111111111111111111111111111111111110011001111111111111111111111111111111111111111111100000000011100011111111111111111111111111111111111111000011111110011111111111111111111111111111111110000011111001000111111110011111100000000000100000000000000000000100011000000111100000100111111111100111011100010000001111111111110010000111100010
111111111111111111110000011100001101100010001011111100001000111111111111111111111111111111111111111111111111111111111111111111111111111111111111111111011111111111111111111111111111111111111111111111111111111111111111111111111111111111111111111111111111111111111111111111111111111111111111111111111111111111111111111111111111111111111111111111111111111
000000000000111111111001111111100110000111100000000000000000100111111001111111111000000000000000000000000000101110111111111011111111111111111111111001111111111111111111111111111111111111111111111110011011111111111111111111111111111111111111111111111111111111111111111111111111111111111111111111111111111111111111111111111111001000001000110110001110111
000000000000000000000000000000000000000000000000000000000000000000000000000000000000000000000000000000000000000000000001111111111111110011000111111111111011111100000011111111111111111111111111111111111111111111111111111111111111111111111111111110000001111111111000011100000000000000011100111110110011110001111111011111111111111000001100000111111111111
111100011111100001100000000000000000111101111111000000000010000001000000000011100000000100000011100100000100000000111000000010000000000000000000000000000000000000000000000000000000000000000000000000000000000011111100000001000000000000000000000000000000000001111000000000000000000000000000000000000000000000000000000000000000000000000000000100000000000
111111111111111111111111111111111111111111111111110111111111110000001001111111111111111111111111111111111111111111111111111111111111111111101111100111111111111111111111111011111000111111111111111111111111111111111111111111111111100011111111111111111111111111111111111111100011111111111111111111111111111111111111111111111110111111111111100111111111111
001111111111011111100000000111111111101111111100110001001101110111111111111111111111111111110111111111111111111111111111111111000011101000111011111000001100000001111111000111110011111101111000011111111101111111110111111111111111111111111111111111111111111111111111110001000000000000000000000000000000000000000000011111001000011100000001111111111111111
000111011111111111111111100011111111111111011111111111111110000011000000110111111111111111111000111111111111111111111110110000000000000000000110000000000000000000000000000000000001101100110000000000000000000001100001110000011111000000111111011111110000000000000000000000000000000000000000001000000000000000000000000000000000000000000000001100000001100
110000110000000000000000000000100000000000000000000000000000000000000000000000000000000001100000000000000000000000000000000001101100001111100111111111100110110001111111001111110000001000000000000001111100000110111101111111111110011111111111111111000011101111111111111111111100010000000000000000000111111111111111111111111111111111111111111111110000000
101111111111111110000000000010000000000000000000000000000000011000000000001101100000000000000000011000000000000000000011110011100000000000000000000001100011111100000011001111110011000000001001110011100000111100011000000000000011111111111111111111111110011111100001100000000111111100001111111111011100000001111111111110000011100111110011000000000000100
000000000000000000000000000000000000000000000000000000000000000111110000111110111110000111111111111111111111111111111111110001111111111111111111111100111111111100111110000000000111111101111111111111111111111111111111111111111111011100000111111111001111111111110111111111111111111111111111111111111111111111111111111111111111111111111111111111111111111
000111111111111111111111111111111111111111111111111111111111111111100011100000011001111111011111111111111111111111111111111111111111111111111111111111111111110001111110000000011111111000000011001110011111111111111111111111111111111111111111111111111111111111111111111111001111111111111111111111111000111111111001111101101111001111111111111100000111111
100111111111111111111111111111111111111101111111111111111110011111111111111111111111111111111111111111000000111111111111110011111111111111111111111111111111111111111111111111111111111111100011111111100011111111111111111111111111001111110000000000010000110111100000000000110000000001100000000110111001111111111110000000000000011000000000000000001001000
000000000000000000000000000000000000000000000001011101110111111111111111110001000000000000000111110001110111111111000000000011111111100000000000001000000111100000000000001000000111111111111111111111111111111111111111111111111111111111111111111110011001111000001110001100111111111111111111111111111111111111111111111111111111111111111111111111111111111
111111111111111111111111111111111111111111111111111111110000011000110000000000001111100111000001000000000000000000001000000010000000000110011000111001111111111110000001111111111111111111111111111111111111111111111111111111111111111111111111111111111101111110000000110011111110011111111111111111111111111111111111111111111101110001111111111111111100011
111111111111100111111100011111111111111111111111111111111111111111111111111111111111111111111110000111111111111111100000111000010111111111100111100000010000000000000000000000000000000000000000000000000010000000000000000000000000000011100010000111100000000110000000011110000110100000011111100010010000000000000110000000011100000000000000000001001111000
100000000111001111111111111111111111111001000000000111000000110001111110000111110011111110011111111111111111111111111111111111111100001111111111111111111111111111111111111111011111111111111111111111111111111111111111111111111111111101111100000000000000100000000000001111111111111111111111111111111111110110011110111100111111111111111111111101110110010
111111111111111111111111111111111111111111111111111111111111111111111111111111111111111111111111111111111111111111110110011111111111111110111001000000001111111111111111111111110111111100000000000000000000011111111011000000000000000000000000000000000011100000000000000000000000000000000000001111111111110000000010001000000000000000000000000001111111111
001100000000000000000011000010001110000000000000000000000111001101110001000000000000000000000000000000000000000000000000000000000000000000000000000000000000000000000000000000000000000000000000000000000000000000000000000000000000000000000000000000000000000000000000000000000000000000000000000000000000000000000000000000000000000000000000000000000000000
000000000000000000000000000000000000000000000000000000000000000000000000000000000000000000000000000000000000000000000000000000000000000000000000000000000000000000000001111000001111100111111000111000001111111111111111111111111111111111111000000000000010000000011111111111111111111111100000000110000000000011000000011111111100111111111111111000111000000
111111111111111111111111111111111111111111111111111111111111111111111111111111111111111111111111111111111111111111111111111111111111111111111111111111111100111000000000000111111111111111111111110000111111111111111111111111111111111111111111111111111111111111111111111111111111001111111100011111000000111111111111100100111111111111111111111111111111111
000000000000000000000000000000000000000000000000001111000111111001101100000000000000000000000000000000000000111111100000000000000000000110000111111000000000010000110000011101111000000000011111101111111111100011111111110000000000001110011100011011111111111100000000000000000000000000000000000000000000000000000000000000000000000000000000000000000000000
000000000000000000000000000000000000000000000000000000000000000000000000000000000000000000000000000000000000000000000000000000000000000000000111000000000000000000000000000000000000000000000000000000000000000000000000000000000000000000000000000000000000000000000000000000000000000000000000000000000000000000000000000001000001001111111111111111111111111
100001111000000000000000000000000000000000000000000000000000000000000000000000000000000000000011001110000111000001111111111111111111111111111111111111111111111111111111111111111111111111111111101111111111110111111111111000011111111111111111111111111111111000000000001110011111111110000000000000000000000000000000000111110000110000000000000111110011111
000000000000011111100000000000001100001111100000000000000000000000000000000000000000000000000000000100000100100011111111111111111000001000000111111100110110000111111111000111110000000000000000000000000000011000000001100000111101111111100000000000000000000000100111111001111111111110110100000110001110010000001110001100111111110111111111111111000000000
000110000001100000000001110000011111111111111111111111111111000001111111100110001111111101111111111111111110111110011111111111111111111111111100111111111110001110011111110011111100001000001001000111111101111011000111111001110000000000111111011100001100011000000000000000100110000000110000000000000000000000000000000010001100000100011000000110000000011
111000000000000000000000000000000001000000000000000000000000001001001001100000100111100011111111100000000110000000000000000000000000000000000000000000000000000000000000000000000000000000000010000000000000000000000000000000000000000000000000000000000000000000000000000000000000000000000000000000000000000000000000000000000000000000000000000000000000000
000001100000000110000000000000011000000000000000000000001111000000000001111000000000000000111000111111100100011111011111111111111111111000000000000110000000000001110000000011111100000000000000000000000000000000000000000000000000000000000000000000000000000000000000000000000000000000000000000000000000000000000000000000000000000000000000000000000000001
