?;?;?;?;?;?;?;?;?;?;4;4;4;4;4;4;4;4;4;4;24;21;20;15;12;2;2;2;2;0;8;7;3;9;4;4;4;4;24;21;20;15;12;2;2;2;2;0;8;7;
?;?;?;?;?;?;?;?;?;25;2;0;8;7;1;11;10;27;25;2;2;2;0;8;7;3;9;4;4;4;4;4;4;4;4;4;4;4;4;4;4;4;4;4;4;4;4;4;4;24;
?;?;?;?;?;?;?;?;?;25;2;0;8;7;3;1;11;33;32;31;30;4;4;4;4;24;21;20;15;12;23;19;1;11;10;27;25;2;2;2;0;8;7;3;9;4;4;24;21;20;
?;?;?;?;?;?;?;?;?;2;0;8;7;3;1;11;10;27;25;2;0;8;7;3;9;4;4;4;24;21;20;15;12;2;2;2;2;0;8;7;3;9;4;4;4;4;4;4;4;4;
?;?;?;?;?;?;?;?;?;2;2;2;0;8;7;3;9;4;4;4;4;4;4;4;4;4;24;21;20;15;12;2;2;0;8;7;3;9;4;4;4;24;21;20;15;12;23;19;17;14;
?;?;?;?;?;?;?;?;?;2;0;8;7;3;9;4;4;4;4;4;4;4;4;24;21;20;15;12;2;2;0;8;7;3;9;4;4;4;4;4;4;4;4;4;4;24;21;20;15;12;
?;?;?;?;?;?;?;?;?;25;23;19;17;14;6;1;11;10;27;25;2;2;2;2;2;2;2;2;2;2;2;0;8;7;3;9;4;4;4;4;4;4;4;4;4;4;24;21;20;15;
?;?;?;?;?;?;?;?;?;2;2;0;8;7;3;9;4;24;21;20;15;12;2;2;0;8;7;3;9;4;4;4;4;4;4;4;4;4;4;4;4;4;4;4;4;4;4;4;4;4;
?;?;?;?;?;?;?;?;?;4;4;4;4;4;4;4;4;4;4;4;4;4;4;4;4;4;4;4;4;4;4;4;4;4;4;4;4;4;4;4;4;4;4;4;4;4;4;4;4;4;
?;?;?;?;?;?;?;?;?;25;23;19;17;14;6;1;11;10;27;25;23;19;17;14;6;4;24;21;20;15;12;23;19;17;1;11;10;27;25;2;2;0;8;7;3;9;4;24;21;20;
?;?;?;?;?;?;?;?;?;22;18;16;13;26;4;4;4;24;21;20;22;18;16;1;11;10;27;25;2;2;2;2;2;2;2;2;2;2;2;2;2;2;2;2;0;8;7;3;9;4;
?;?;?;?;?;?;?;?;?;2;2;0;8;7;1;11;10;27;25;23;19;17;14;6;4;24;33;32;31;30;4;4;4;4;4;24;21;20;15;12;2;2;0;8;7;3;9;1;11;10;
?;?;?;?;?;?;?;?;?;?;1;11;10;27;22;18;16;13;26;4;24;21;20;15;12;23;19;17;14;6;4;24;21;20;15;12;2;2;2;2;2;2;2;0;8;7;3;9;4;4;
?;?;?;?;?;?;?;?;?;25;23;19;17;14;6;4;24;21;20;15;12;2;2;2;2;2;2;2;2;2;0;8;7;3;9;4;4;4;4;4;4;4;4;4;24;21;20;15;12;2;
?;?;?;?;?;?;?;?;?;?;1;11;10;27;22;18;16;13;26;4;4;4;4;4;4;4;4;4;4;4;4;4;24;21;20;15;12;2;2;2;2;2;2;2;2;2;2;2;2;2;
?;?;?;?;?;?;?;?;?;?;4;4;4;4;24;21;20;15;12;2;2;0;8;7;3;9;4;4;4;24;21;20;15;12;2;2;2;0;8;7;3;9;1;11;10;27;25;2;2;2;
?;?;?;?;?;?;?;?;?;16;13;26;4;4;4;4;4;4;4;4;4;4;24;21;20;15;12;2;2;2;0;8;7;3;9;4;4;4;4;4;4;4;24;21;20;15;12;2;2;2;
?;?;?;?;?;?;?;?;?;2;2;0;8;7;3;9;4;4;4;4;4;4;4;4;24;21;20;15;12;2;2;2;2;2;0;8;7;3;9;4;4;4;4;4;4;4;4;4;4;24;
?;?;?;?;?;?;?;?;?;18;16;13;26;4;4;4;4;4;24;21;20;15;12;2;2;2;2;2;2;2;2;0;8;7;3;9;4;4;4;4;4;4;24;21;20;15;12;2;2;0;
?;?;?;?;?;?;?;?;?;?;1;11;10;27;22;18;16;13;26;4;4;4;4;4;4;4;4;4;24;21;20;15;12;2;2;2;2;2;2;2;2;2;2;2;2;2;2;0;8;7;
?;?;?;?;?;?;?;?;?;2;0;8;7;3;9;4;4;4;4;4;4;24;21;20;15;12;2;2;0;8;7;3;9;4;4;4;24;21;20;15;12;2;2;2;2;2;2;2;2;2;
?;?;?;?;?;?;?;?;?;2;0;8;7;3;9;4;24;21;20;15;12;2;2;2;2;2;2;2;2;2;0;8;7;3;9;4;4;4;4;4;24;21;20;15;12;2;2;2;0;8;
?;?;?;?;?;?;?;?;?;22;18;16;13;26;4;24;21;20;15;12;2;2;2;2;0;8;7;3;9;1;11;10;27;25;2;2;2;2;0;8;7;3;9;4;4;4;24;21;20;15;
?;?;?;?;?;?;?;?;?;4;4;4;4;24;21;20;15;12;2;2;2;2;2;2;2;2;2;2;2;2;0;8;7;3;9;4;4;4;4;4;4;4;4;4;4;4;4;4;4;4;
?;?;?;?;?;?;?;?;?;2;0;8;7;3;9;4;4;4;4;4;4;4;4;4;4;4;24;21;20;15;12;2;2;2;2;2;2;2;2;2;2;2;2;2;2;2;2;2;2;0;
?;?;?;?;?;?;?;?;?;20;15;12;2;2;2;0;8;7;3;9;4;4;4;4;4;24;21;20;15;12;2;2;2;2;2;2;2;2;2;2;2;2;0;8;7;1;11;10;27;25;
?;?;?;?;?;?;?;?;?;2;2;2;2;2;2;0;8;7;3;9;4;4;4;4;4;4;4;4;24;21;20;15;22;18;16;13;26;4;4;4;24;21;20;15;12;2;2;0;8;7;
?;?;?;?;?;?;?;?;?;?;1;11;10;27;22;18;16;13;26;4;4;24;21;20;15;12;2;0;8;7;3;1;11;10;27;22;18;16;13;26;4;4;24;21;20;15;12;2;2;2;
?;?;?;?;?;?;?;?;?;?;4;4;4;4;24;21;20;15;22;18;16;13;26;4;4;4;4;24;21;20;15;12;2;2;2;2;2;0;8;7;1;11;10;27;25;2;2;2;2;2;
?;?;?;?;?;?;?;?;?;4;4;4;4;4;4;4;4;4;4;4;4;4;4;4;4;4;4;4;4;4;4;4;4;4;4;4;4;4;4;4;4;4;4;4;4;4;4;4;4;4;
?;?;?;?;?;?;?;?;?;?;1;11;10;27;25;23;19;17;14;6;4;4;24;21;20;15;12;2;2;2;2;2;2;2;0;8;7;3;9;4;4;24;21;33;32;31;30;4;4;4;
?;?;?;?;?;?;?;?;?;25;23;19;17;14;6;1;11;10;27;25;2;2;0;8;7;1;11;10;27;25;2;2;0;8;7;3;9;4;4;4;4;24;21;20;15;12;2;2;2;2;
?;?;?;?;?;?;?;?;?;?;1;11;10;27;25;2;2;2;2;2;2;2;2;2;2;2;0;8;7;3;9;4;4;4;4;4;4;4;4;4;4;4;4;4;24;21;20;15;12;2;
?;?;?;?;?;?;?;?;?;25;23;19;17;14;6;4;24;21;20;15;12;23;19;1;11;10;27;25;2;2;2;2;0;8;7;3;1;11;10;27;25;2;2;0;8;7;3;9;4;4;
?;?;?;?;?;?;?;?;?;4;24;21;20;15;12;2;2;2;2;2;2;0;8;7;3;9;4;4;4;4;4;24;21;20;15;12;2;2;2;2;2;0;8;7;3;9;4;4;4;24;
?;?;?;?;?;?;?;?;?;4;24;21;20;15;12;23;19;1;11;10;27;25;2;2;0;8;7;3;9;4;24;21;20;15;12;2;2;2;2;2;2;0;8;7;3;9;4;4;4;4;
?;?;?;?;?;?;?;?;?;25;23;19;17;14;6;1;11;10;27;25;2;0;8;7;3;9;1;11;10;27;25;2;2;0;8;7;3;9;4;4;4;4;4;4;4;4;4;4;4;4;
?;?;?;?;?;?;?;?;?;2;2;2;2;2;2;2;2;2;2;2;0;8;7;3;9;4;4;4;4;24;21;20;15;12;23;19;17;14;6;4;4;4;4;4;4;24;21;20;15;12;
?;?;?;?;?;?;?;?;?;?;1;11;10;27;25;2;0;8;7;3;9;4;4;24;21;20;15;12;2;2;2;2;2;2;0;8;7;3;9;4;4;4;4;4;4;4;24;21;20;15;
?;?;?;?;?;?;?;?;?;25;23;19;17;14;6;1;11;10;27;25;2;0;8;7;3;9;4;4;24;21;20;22;18;16;13;1;11;10;27;25;2;2;0;8;1;11;10;27;25;2;
?;?;?;?;?;?;?;?;?;1;11;10;27;25;2;0;8;7;3;9;4;4;24;21;20;15;12;23;19;1;11;10;27;25;2;2;2;2;2;2;2;2;2;2;0;8;7;3;9;4;
?;?;?;?;?;?;?;?;?;?;1;11;10;22;18;16;13;26;4;4;4;24;21;20;15;12;2;2;2;2;2;0;8;7;3;9;4;4;4;4;4;24;21;20;15;12;2;2;2;2;
?;?;?;?;?;?;?;?;?;?;4;4;4;4;4;4;4;4;24;21;20;15;12;2;2;2;2;2;2;2;2;0;8;7;3;9;4;24;21;20;15;12;2;2;2;2;2;2;2;2;
?;?;?;?;?;?;?;?;?;25;23;19;17;14;6;1;11;10;27;25;2;0;8;7;3;9;1;11;10;27;25;2;2;2;0;8;7;3;9;4;4;4;4;4;4;4;4;4;4;4;
?;?;?;?;?;?;?;?;?;2;2;2;2;2;2;2;0;8;7;3;9;4;4;4;4;4;4;4;4;4;4;4;4;4;4;4;24;21;20;15;12;2;2;2;2;0;8;7;3;9;
?;?;?;?;?;?;?;?;?;?;1;11;10;27;25;2;2;2;2;2;2;2;2;2;2;2;2;2;0;8;7;3;9;4;4;4;4;4;4;4;4;4;4;4;4;24;21;20;15;12;
?;?;?;?;?;?;?;?;?;7;3;9;4;4;4;4;24;21;20;15;12;2;2;2;2;2;2;2;2;0;8;7;3;9;4;4;4;4;4;4;4;4;4;4;4;4;4;24;21;20;
?;?;?;?;?;?;?;?;?;2;0;8;7;3;9;4;4;4;4;4;4;4;24;21;20;15;12;2;2;0;8;7;3;9;4;24;21;20;15;12;2;2;2;2;2;2;2;2;2;0;
?;?;?;?;?;?;?;?;?;?;1;11;10;27;22;18;16;13;26;4;4;4;24;33;32;31;30;4;4;4;4;24;21;20;15;12;2;2;2;2;2;2;2;2;2;2;0;8;7;3;
?;?;?;?;?;?;?;?;?;2;2;0;8;7;3;9;4;4;4;4;4;4;4;24;21;20;15;22;18;16;13;26;4;4;24;21;20;15;12;2;2;2;2;2;0;8;7;3;9;4;
?;?;?;?;?;?;?;?;?;4;4;4;4;4;4;24;21;20;15;12;2;2;2;2;2;2;2;2;0;8;7;1;11;10;27;25;2;2;2;0;8;7;3;9;1;11;10;27;25;2;
?;?;?;?;?;?;?;?;?;4;4;4;4;4;4;4;4;24;21;20;15;12;2;2;2;2;2;2;2;2;2;0;8;7;3;9;4;4;4;4;4;4;4;4;4;4;4;4;4;4;
?;?;?;?;?;?;?;?;?;22;18;16;13;26;4;24;21;20;15;12;2;0;8;7;3;9;4;4;4;4;4;4;4;4;24;21;20;15;12;2;2;2;2;2;2;2;2;2;2;2;
?;?;?;?;?;?;?;?;?;2;2;2;0;8;7;3;9;4;4;4;4;4;4;4;24;21;20;15;12;2;2;2;2;2;0;8;7;3;9;4;4;4;4;24;21;20;15;12;2;0;
?;?;?;?;?;?;?;?;?;25;23;19;17;14;6;1;11;10;27;22;18;16;13;26;4;4;24;21;20;15;12;2;2;2;2;2;2;2;2;2;2;0;8;7;3;1;11;10;27;25;
?;?;?;?;?;?;?;?;?;18;16;13;26;4;4;4;4;24;21;20;15;12;2;2;2;2;2;2;0;8;7;3;9;4;4;4;4;4;24;21;20;15;12;2;2;2;2;2;2;2;
?;?;?;?;?;?;?;?;?;?;4;4;4;4;4;4;24;21;20;15;12;2;2;2;2;0;8;7;3;9;4;4;4;4;4;24;21;20;15;12;2;2;2;2;2;2;2;0;8;7;
?;?;?;?;?;?;?;?;?;18;16;13;26;4;24;21;20;15;12;2;2;0;8;7;3;9;4;4;24;21;20;15;12;2;2;2;2;0;8;7;3;9;4;4;4;4;4;4;4;4;
?;?;?;?;?;?;?;?;?;2;2;2;2;2;2;2;0;8;7;3;9;4;4;4;4;4;4;4;4;4;4;4;4;4;4;4;4;4;4;4;4;4;4;4;4;4;4;4;4;4;
?;?;?;?;?;?;?;?;?;?;4;4;4;4;4;4;4;4;4;4;4;4;4;4;4;4;4;4;4;4;24;21;20;15;12;2;2;0;8;7;3;9;1;11;10;27;25;2;2;2;
?;?;?;?;?;?;?;?;?;4;4;24;21;20;22;18;1;11;10;27;25;2;2;2;0;8;7;3;9;4;4;24;21;20;15;12;2;2;2;2;2;2;2;2;2;2;0;8;7;3;
?;?;?;?;?;?;?;?;?;2;2;2;0;8;7;3;9;4;4;4;4;24;21;20;15;12;2;2;2;2;2;0;8;7;3;9;4;4;4;4;4;4;4;4;4;4;4;4;4;24;
?;?;?;?;?;?;?;?;?;4;24;21;20;22;18;16;13;26;4;24;21;20;15;12;2;0;8;7;3;9;1;11;10;27;25;2;2;2;2;2;0;8;7;3;9;4;4;4;4;4;
?;?;?;?;?;?;?;?;?;20;15;12;2;2;0;8;7;3;9;4;4;4;4;24;21;20;15;12;2;0;8;7;3;9;4;24;21;20;15;12;2;2;2;2;0;8;7;3;9;4;
?;?;?;?;?;?;?;?;?;2;2;0;8;7;3;9;4;4;24;21;20;15;12;2;2;2;0;8;7;3;9;4;4;4;24;21;20;15;12;2;0;8;7;3;1;11;10;27;25;2;
?;?;?;?;?;?;?;?;?;?;4;4;4;4;24;21;20;15;12;2;2;2;2;2;2;2;2;2;2;0;8;7;3;9;4;4;4;4;4;4;4;24;21;20;15;12;2;2;2;2;
?;?;?;?;?;?;?;?;?;4;24;21;20;15;12;23;19;17;14;1;11;10;27;25;2;2;0;8;7;1;11;10;27;25;23;19;17;14;1;11;10;27;25;23;19;17;14;6;4;4;
?;?;?;?;?;?;?;?;?;1;11;10;27;25;23;19;17;14;6;4;4;24;21;20;15;12;2;2;2;0;8;7;3;9;4;4;4;4;4;24;21;20;15;12;2;2;0;8;7;3;
?;?;?;?;?;?;?;?;?;23;19;17;14;6;4;4;4;4;4;4;4;4;4;24;21;20;15;12;2;2;2;2;2;2;2;0;8;7;3;9;1;11;10;27;25;2;2;2;2;2;
?;?;?;?;?;?;?;?;?;2;2;0;8;7;1;11;10;27;22;18;16;13;26;4;4;24;21;20;15;12;23;19;17;14;6;4;4;4;24;21;20;15;12;2;2;2;2;2;2;2;
?;?;?;?;?;?;?;?;?;4;4;4;4;4;4;4;4;4;4;4;4;24;21;20;15;12;2;2;2;2;2;2;2;2;2;2;2;2;2;2;2;2;2;2;2;2;0;8;7;3;
?;?;?;?;?;?;?;?;?;2;2;2;2;2;2;2;2;0;8;7;3;9;4;4;4;4;4;24;21;20;15;22;18;16;13;26;4;4;4;4;4;4;24;21;20;15;12;2;2;2;
?;?;?;?;?;?;?;?;?;25;23;19;17;14;6;4;4;4;4;4;4;4;4;4;24;21;20;15;12;2;2;0;8;7;3;9;1;11;10;27;25;2;2;2;2;2;2;2;0;8;
?;?;?;?;?;?;?;?;?;?;4;24;21;20;22;18;16;13;26;4;24;21;20;15;12;2;2;2;2;2;2;2;2;2;2;2;2;2;2;2;0;8;7;3;9;4;4;4;4;4;
?;?;?;?;?;?;?;?;?;?;1;11;10;27;22;18;16;13;26;4;24;21;20;15;12;2;0;8;7;3;9;1;11;10;27;25;2;2;2;2;2;0;8;7;3;9;4;4;4;4;
?;?;?;?;?;?;?;?;?;25;2;2;2;2;0;8;7;3;9;4;4;4;4;4;4;4;4;4;4;4;24;21;20;22;18;16;13;26;4;24;21;20;15;12;2;2;2;2;2;0;
?;?;?;?;?;?;?;?;?;7;3;9;4;4;4;24;21;20;15;12;2;2;0;8;7;3;9;4;4;4;4;4;4;4;24;21;20;15;12;2;2;2;2;0;8;7;3;9;4;4;
?;?;?;?;?;?;?;?;?;25;2;2;2;0;8;7;3;9;4;4;4;24;21;20;15;12;2;2;2;2;2;2;2;2;2;0;8;7;3;9;4;4;4;24;21;33;32;31;30;4;
?;?;?;?;?;?;?;?;?;25;23;19;17;14;1;11;10;27;25;2;0;8;7;3;1;11;10;27;25;2;0;8;7;3;9;1;11;10;27;25;2;0;8;7;3;9;4;4;4;4;
?;?;?;?;?;?;?;?;?;4;4;24;21;20;15;12;2;2;0;8;7;3;9;4;4;4;24;21;20;15;12;2;2;2;2;2;2;2;2;2;2;2;2;2;2;2;2;2;2;2;
?;?;?;?;?;?;?;?;?;25;2;0;8;7;3;9;4;4;4;4;4;4;4;24;21;20;15;12;2;2;2;0;8;7;3;9;1;11;10;27;25;2;0;8;7;3;9;4;4;4;
?;?;?;?;?;?;?;?;?;11;10;27;25;23;19;17;14;6;4;4;4;24;21;20;15;12;2;2;2;2;2;2;2;2;2;0;8;7;3;9;4;24;21;20;15;12;2;2;2;2;
?;?;?;?;?;?;?;?;?;1;11;10;27;25;2;0;8;7;3;9;1;11;10;27;22;18;16;13;26;4;4;4;24;21;20;15;12;2;0;8;7;3;1;11;10;27;25;2;2;2;
?;?;?;?;?;?;?;?;?;15;22;18;16;13;26;4;4;4;4;4;24;21;20;15;12;2;2;2;2;2;2;2;2;0;8;7;3;9;4;4;4;4;4;4;4;4;4;4;4;4;
?;?;?;?;?;?;?;?;?;?;4;4;4;4;4;4;4;4;4;4;4;4;24;21;20;15;12;2;2;2;2;2;2;2;2;2;2;2;2;2;2;2;2;0;8;7;3;9;4;4;
?;?;?;?;?;?;?;?;?;22;18;16;13;26;4;4;4;4;4;4;4;4;4;4;4;4;4;24;21;20;15;12;2;2;2;2;2;2;2;2;2;2;2;2;2;2;0;8;7;3;
?;?;?;?;?;?;?;?;?;31;30;4;4;4;4;4;4;4;4;4;4;4;24;21;20;15;12;2;0;8;7;3;9;4;4;4;24;21;20;15;12;2;2;2;2;2;2;2;2;2;
?;?;?;?;?;?;?;?;?;21;20;15;12;2;2;2;2;2;2;2;2;2;2;2;2;2;2;2;2;2;2;2;0;8;7;3;9;4;4;4;4;4;4;24;21;20;15;12;2;2;
?;?;?;?;?;?;?;?;?;?;1;11;10;27;25;2;2;2;2;2;2;2;2;2;0;8;7;3;9;4;4;4;4;24;21;20;22;18;16;13;26;4;4;4;4;24;21;20;15;12;
?;?;?;?;?;?;?;?;?;25;2;2;2;2;2;2;0;8;7;3;9;4;4;4;24;21;20;15;12;2;2;2;2;0;8;7;3;9;4;4;4;24;21;20;15;12;2;2;2;2;
?;?;?;?;?;?;?;?;?;25;2;0;8;7;3;9;4;4;4;24;21;20;15;12;2;2;0;8;7;3;9;4;4;4;4;24;21;20;15;12;2;2;2;0;8;7;3;9;4;4;
?;?;?;?;?;?;?;?;?;2;2;0;8;7;3;9;4;4;4;4;4;4;4;4;4;24;21;20;15;22;18;16;13;26;4;4;24;21;20;15;12;2;2;2;0;8;7;3;9;4;
?;?;?;?;?;?;?;?;?;2;2;2;2;2;2;0;8;7;3;1;11;10;27;25;2;2;2;2;0;8;7;3;9;4;4;4;4;4;4;4;4;4;4;4;24;21;20;15;12;2;
?;?;?;?;?;?;?;?;?;4;24;21;20;15;12;23;19;17;14;6;1;11;10;27;25;2;0;8;7;3;9;4;4;4;24;21;20;15;12;2;2;2;2;2;2;2;2;2;2;0;
?;?;?;?;?;?;?;?;?;?;1;11;10;27;25;23;19;17;14;6;1;11;10;27;22;18;16;13;26;4;4;4;24;21;20;15;12;2;0;8;7;3;9;1;11;10;27;25;2;2;
?;?;?;?;?;?;?;?;?;4;4;24;21;20;15;12;23;19;17;14;6;4;4;4;4;24;21;20;15;12;2;2;2;2;2;2;2;0;8;7;3;9;4;4;4;4;4;24;21;20;
?;?;?;?;?;?;?;?;?;4;24;21;20;15;12;2;2;0;8;1;11;10;22;18;16;13;26;4;4;4;24;21;20;15;12;2;0;8;7;3;9;1;11;10;27;25;2;2;0;8;
?;?;?;?;?;?;?;?;?;15;12;23;19;17;14;6;4;24;21;20;15;12;2;2;2;2;2;2;0;8;7;3;9;4;24;21;20;15;12;2;0;8;7;3;9;4;4;4;24;21;
?;?;?;?;?;?;?;?;?;4;4;4;4;4;4;4;4;4;24;21;20;15;12;2;2;2;2;2;2;2;2;2;2;2;2;0;8;7;3;9;4;4;4;24;21;20;15;12;2;2;
?;?;?;?;?;?;?;?;?;2;0;8;7;3;9;4;4;24;21;20;22;18;16;13;26;4;24;21;20;15;12;2;2;2;2;2;2;2;2;2;2;0;8;7;3;9;4;4;24;21;
?;?;?;?;?;?;?;?;?;1;11;10;27;25;23;19;17;14;6;4;4;4;24;21;20;15;12;2;2;2;2;2;2;2;2;0;8;7;3;9;4;4;4;24;21;20;15;12;2;2;
?;?;?;?;?;?;?;?;?;4;4;24;21;20;22;18;16;13;26;4;24;21;20;15;12;2;2;2;2;2;2;2;2;2;2;2;2;2;2;2;2;2;2;2;2;2;0;8;7;3;
?;?;?;?;?;?;?;?;?;?;1;11;10;27;25;23;19;17;14;6;1;11;10;27;25;2;0;8;7;1;11;10;27;25;2;2;2;2;0;8;7;3;9;4;24;21;20;15;12;2;
?;?;?;?;?;?;?;?;?;?;4;24;33;32;31;30;4;4;4;4;4;24;21;20;15;12;2;2;2;2;2;2;2;2;2;2;0;8;7;3;9;4;4;4;4;4;4;4;4;4;
?;?;?;?;?;?;?;?;?;15;12;2;2;2;2;2;2;2;2;2;2;0;8;7;3;9;4;4;24;21;33;32;31;30;4;4;4;4;24;21;20;15;12;2;2;2;2;2;2;2;
?;?;?;?;?;?;?;?;?;4;4;24;21;20;15;12;2;2;2;2;2;2;2;2;2;0;8;7;3;9;1;11;10;27;22;18;16;13;26;4;4;4;4;4;4;4;24;21;20;15;
?;?;?;?;?;?;?;?;?;?;1;11;33;32;31;30;4;4;4;4;4;24;21;20;15;12;2;2;2;2;2;2;2;2;0;8;7;3;9;4;24;21;20;15;12;2;2;2;2;0;
?;?;?;?;?;?;?;?;?;1;11;10;27;25;2;2;0;8;7;3;9;4;4;4;4;4;4;4;4;4;4;4;4;4;4;4;4;4;4;4;24;21;20;15;12;2;2;2;2;0;
?;?;?;?;?;?;?;?;?;?;1;11;10;27;25;2;2;0;8;7;3;9;4;4;4;4;4;4;4;4;4;4;24;21;20;15;22;18;16;13;26;4;4;4;4;24;21;20;15;22;
?;?;?;?;?;?;?;?;?;2;0;8;7;3;9;1;11;10;27;22;18;16;13;26;4;4;24;21;20;22;18;16;13;26;4;4;24;21;20;15;12;2;2;2;0;8;7;3;9;4;
?;?;?;?;?;?;?;?;?;22;18;16;13;26;4;4;24;21;20;15;12;23;19;17;14;1;11;10;27;25;2;2;2;2;2;2;2;2;2;2;0;8;7;3;9;4;4;4;4;24;
?;?;?;?;?;?;?;?;?;25;23;19;17;14;6;1;11;10;27;25;23;19;17;14;6;4;24;21;20;15;12;2;2;0;8;7;3;1;11;10;27;25;2;2;2;2;0;8;7;3;
?;?;?;?;?;?;?;?;?;20;15;12;2;2;2;0;8;7;3;1;11;10;27;25;2;2;2;2;0;8;1;11;10;27;22;18;16;13;26;4;4;4;4;4;4;24;21;20;15;12;
?;?;?;?;?;?;?;?;?;?;1;11;10;27;25;2;2;2;2;0;8;7;3;9;4;4;4;4;4;4;4;4;24;21;20;15;12;2;2;2;2;2;2;2;2;2;2;2;2;2;
?;?;?;?;?;?;?;?;?;?;1;11;10;27;25;2;2;2;2;2;2;2;2;2;0;8;7;3;9;4;4;4;4;4;4;4;4;4;4;4;4;24;21;20;15;12;2;2;2;2;
?;?;?;?;?;?;?;?;?;?;1;11;10;27;25;23;19;17;14;6;4;4;4;4;4;4;4;4;4;4;4;24;21;20;15;12;2;2;2;2;2;2;2;2;2;2;0;8;7;3;
?;?;?;?;?;?;?;?;?;2;2;2;2;2;2;0;8;7;3;9;4;4;4;4;4;4;4;4;4;4;4;4;4;4;4;4;4;4;4;24;21;20;15;12;2;2;0;8;7;3;
?;?;?;?;?;?;?;?;?;4;24;21;20;15;12;2;2;2;2;2;2;2;0;8;7;3;9;4;4;4;24;21;20;15;12;2;2;2;2;2;2;2;2;2;2;2;2;2;0;8;
?;?;?;?;?;?;?;?;?;4;4;4;4;24;21;20;15;12;2;2;2;0;8;7;3;9;4;4;24;21;20;15;12;2;2;2;2;2;2;2;2;2;0;8;7;3;9;4;24;21;
?;?;?;?;?;?;?;?;?;11;10;27;25;2;2;2;2;2;2;2;2;2;2;2;2;0;8;7;3;9;4;4;4;4;4;4;4;4;4;4;4;4;4;4;4;24;21;20;15;12;
?;?;?;?;?;?;?;?;?;?;4;24;21;20;15;22;18;1;11;10;27;25;2;2;2;2;0;8;7;3;9;4;4;4;4;4;4;4;4;4;4;4;4;4;4;24;21;20;15;12;
?;?;?;?;?;?;?;?;?;1;11;10;27;25;2;2;2;0;8;7;3;9;1;11;33;32;31;30;4;4;4;4;4;4;4;4;4;4;4;4;4;4;4;4;4;4;4;4;4;24;
?;?;?;?;?;?;?;?;?;3;1;11;10;27;22;18;16;13;26;4;4;4;4;4;4;4;4;4;4;4;4;4;4;4;24;21;20;15;12;2;2;2;2;2;2;2;2;2;2;2;
?;?;?;?;?;?;?;?;?;2;2;2;0;8;7;3;9;4;4;4;4;4;4;24;21;20;15;12;23;34;29;28;5;2;2;2;2;2;0;8;7;3;9;4;4;4;24;21;20;15;
?;?;?;?;?;?;?;?;?;25;2;2;0;34;29;28;5;2;2;0;8;7;3;9;4;4;4;4;4;4;4;24;21;20;15;12;2;2;2;2;2;2;0;8;7;3;9;4;4;4;
?;?;?;?;?;?;?;?;?;15;12;2;2;2;0;8;7;3;9;4;4;4;4;4;24;21;20;15;12;2;2;2;2;2;0;8;7;3;9;4;4;24;21;20;15;12;2;2;2;2;
?;?;?;?;?;?;?;?;?;4;4;4;4;4;4;4;4;4;24;21;20;15;12;2;2;2;0;8;7;3;1;11;10;27;25;2;2;2;2;0;8;7;3;9;4;4;4;24;21;20;
?;?;?;?;?;?;?;?;?;?;1;11;10;27;22;18;16;13;26;4;4;24;21;20;15;12;2;2;0;8;7;3;9;4;4;24;21;20;15;12;2;2;2;2;2;2;0;8;7;3;
?;?;?;?;?;?;?;?;?;4;4;24;21;20;15;12;2;2;2;2;2;2;2;2;2;2;2;0;8;7;3;9;4;4;4;24;21;20;15;12;2;2;2;2;2;2;2;2;2;2;
?;?;?;?;?;?;?;?;?;4;4;4;4;4;4;4;4;4;4;4;4;4;4;4;4;4;4;4;4;4;4;4;4;4;4;4;4;4;4;4;4;4;4;4;4;4;4;4;4;4;
?;?;?;?;?;?;?;?;?;4;4;4;4;4;4;4;4;4;4;4;4;4;4;4;4;4;4;4;24;21;20;15;12;2;2;2;2;2;2;2;2;2;2;2;2;2;2;2;0;8;
?;?;?;?;?;?;?;?;?;2;2;2;2;2;0;8;7;3;9;4;4;4;4;4;4;4;4;4;24;21;20;15;12;2;2;2;2;0;8;7;3;9;4;4;4;4;4;4;4;24;
?;?;?;?;?;?;?;?;?;1;11;10;27;25;2;2;2;2;2;2;2;2;0;8;7;3;9;4;4;4;4;4;4;4;4;4;4;4;4;4;4;4;4;4;4;4;4;24;21;20;
?;?;?;?;?;?;?;?;?;25;23;19;17;14;6;1;11;10;27;25;2;0;8;7;3;1;11;10;27;25;2;0;8;7;3;9;4;4;4;4;4;4;4;4;24;21;20;15;12;2;
?;?;?;?;?;?;?;?;?;4;24;21;20;15;12;2;0;8;7;1;11;10;27;25;2;0;8;7;3;1;11;10;27;25;23;19;17;14;6;1;11;10;27;25;2;2;0;8;7;3;
?;?;?;?;?;?;?;?;?;22;18;16;13;26;4;4;24;21;20;15;12;23;19;17;14;1;11;10;27;25;2;2;2;2;2;2;2;2;0;8;7;3;9;4;4;4;4;24;21;20;
?;?;?;?;?;?;?;?;?;4;4;4;24;21;20;15;12;2;2;2;2;2;2;2;2;2;2;2;2;2;2;0;8;7;3;9;4;4;4;4;4;4;4;4;4;4;4;4;4;4;
?;?;?;?;?;?;?;?;?;25;2;2;2;2;0;8;7;3;1;11;10;27;25;2;2;2;2;2;2;2;2;2;2;0;8;7;3;9;4;4;4;4;4;4;4;4;4;24;21;20;
?;?;?;?;?;?;?;?;?;4;4;4;4;24;21;20;15;12;2;2;2;2;2;2;0;8;7;3;9;4;4;4;4;24;21;20;15;12;2;2;2;2;2;2;0;8;7;3;9;1;
?;?;?;?;?;?;?;?;?;?;1;11;10;27;22;18;16;13;26;4;4;4;4;4;4;4;4;4;4;4;4;4;24;21;20;15;12;2;2;2;2;2;2;2;2;2;2;2;2;2;
?;?;?;?;?;?;?;?;?;4;4;24;21;20;15;22;18;16;1;11;10;27;25;2;2;2;0;8;7;3;9;4;4;4;4;4;24;21;20;15;12;2;2;2;2;2;2;0;8;7;
?;?;?;?;?;?;?;?;?;22;18;16;13;26;4;24;21;20;15;12;2;2;2;0;34;29;28;5;2;2;0;8;7;1;11;10;27;25;2;2;2;2;2;2;0;8;7;3;9;4;
?;?;?;?;?;?;?;?;?;2;2;2;0;34;29;28;5;2;2;2;2;2;2;2;2;2;2;2;2;2;0;8;7;3;9;4;4;4;4;4;4;4;4;4;24;21;20;15;12;2;
?;?;?;?;?;?;?;?;?;?;4;4;4;4;4;4;24;21;33;32;31;30;4;4;4;4;4;4;24;21;20;15;12;2;2;2;2;2;2;2;2;2;2;2;2;2;2;2;2;2;
?;?;?;?;?;?;?;?;?;2;2;2;2;2;0;8;7;3;9;4;4;24;21;20;15;22;18;16;13;26;4;24;21;20;15;12;2;0;8;7;3;9;4;4;4;4;24;21;20;15;
?;?;?;?;?;?;?;?;?;2;2;2;2;2;2;2;0;8;7;3;9;4;4;4;4;4;4;24;21;20;15;22;34;29;28;5;2;2;2;2;2;2;2;0;8;7;3;9;4;4;
?;?;?;?;?;?;?;?;?;?;1;11;10;27;22;18;16;13;26;4;4;4;4;24;21;20;15;12;2;2;2;2;2;0;8;7;3;9;4;4;24;21;20;15;12;2;2;2;2;2;
?;?;?;?;?;?;?;?;?;?;1;11;10;27;25;2;0;8;7;3;9;1;11;33;32;31;30;4;4;4;4;4;24;21;20;15;12;2;2;2;2;2;2;0;8;7;3;9;4;4;
?;?;?;?;?;?;?;?;?;22;18;16;13;26;4;4;4;4;4;4;24;21;20;15;12;2;2;2;2;0;8;7;3;9;4;24;21;20;15;12;2;2;2;2;2;2;0;8;7;3;
?;?;?;?;?;?;?;?;?;?;1;11;10;27;25;2;2;2;2;2;2;2;2;2;2;0;8;7;3;9;4;4;4;4;4;4;4;4;4;4;4;4;4;4;4;4;4;4;4;4;
?;?;?;?;?;?;?;?;?;24;21;20;15;12;2;0;8;7;3;9;1;11;10;27;25;2;2;2;2;2;2;2;2;2;2;0;8;7;3;9;4;4;24;21;20;15;12;2;2;2;
?;?;?;?;?;?;?;?;?;2;0;8;7;3;1;11;10;27;25;2;0;8;7;3;9;4;4;4;4;4;24;21;20;15;12;2;2;0;8;7;3;1;11;10;27;25;2;2;0;8;
?;?;?;?;?;?;?;?;?;4;24;21;20;15;12;23;19;17;14;6;4;4;4;24;21;20;15;22;18;16;13;26;1;11;10;27;25;2;2;2;2;2;2;0;8;7;3;9;4;24;
?;?;?;?;?;?;?;?;?;4;24;21;20;15;22;18;16;13;26;4;24;21;20;15;12;2;2;2;2;2;2;2;2;2;2;2;2;2;2;2;0;8;7;3;9;4;4;4;4;4;
?;?;?;?;?;?;?;?;?;19;17;14;6;4;4;4;4;24;21;20;15;12;2;2;0;8;7;3;9;4;4;4;4;4;24;21;20;15;12;2;2;2;2;2;2;2;2;2;2;2;
?;?;?;?;?;?;?;?;?;?;4;4;4;4;4;4;4;4;4;4;4;4;24;21;20;15;12;2;2;2;2;2;2;2;2;2;0;8;7;3;1;11;10;27;22;18;16;13;26;4;
?;?;?;?;?;?;?;?;?;4;24;21;20;15;12;2;2;2;2;2;2;2;2;2;2;2;0;8;7;3;9;4;4;4;4;4;4;4;4;24;21;20;15;12;2;2;0;8;7;3;
?;?;?;?;?;?;?;?;?;11;10;27;25;2;2;2;2;2;0;8;7;3;9;4;4;4;4;4;4;4;4;4;4;4;4;4;24;21;20;15;12;2;2;2;2;2;2;2;2;2;
?;?;?;?;?;?;?;?;?;2;2;0;8;7;3;9;4;4;4;4;4;4;4;4;24;21;20;15;12;2;0;8;7;1;11;10;27;25;2;0;8;7;3;9;1;11;10;27;25;2;
?;?;?;?;?;?;?;?;?;4;24;21;20;15;12;2;2;2;2;2;2;2;2;2;0;8;7;3;9;4;24;21;20;15;12;2;2;0;8;7;3;9;4;4;4;4;4;4;4;4;
?;?;?;?;?;?;?;?;?;2;0;8;7;3;9;4;24;21;20;15;12;2;2;2;2;2;2;2;2;0;8;7;3;9;4;4;4;24;21;20;22;18;16;13;26;4;4;4;4;4;
?;?;?;?;?;?;?;?;?;?;1;11;10;27;25;23;19;17;14;6;1;11;10;27;25;23;19;17;14;6;4;4;4;4;4;4;4;4;4;24;21;20;15;12;2;2;2;2;2;2;
?;?;?;?;?;?;?;?;?;21;20;15;12;2;2;2;2;2;2;2;2;2;0;8;7;3;9;4;4;4;4;4;4;4;4;4;4;4;24;21;20;15;12;2;2;2;2;2;0;8;
?;?;?;?;?;?;?;?;?;25;23;19;17;1;11;10;27;25;2;0;8;7;3;9;4;4;24;21;20;15;12;2;2;0;8;7;3;9;1;11;10;27;25;2;2;2;2;2;2;0;
?;?;?;?;?;?;?;?;?;?;1;11;10;27;25;2;2;2;0;8;7;3;9;4;4;4;4;4;4;24;21;20;15;12;2;0;8;7;3;9;4;24;21;20;15;12;2;0;8;7;
?;?;?;?;?;?;?;?;?;4;24;21;20;15;12;2;2;2;2;2;2;2;2;2;2;2;0;8;7;3;9;1;11;10;27;22;18;16;13;26;4;4;4;4;24;21;20;15;12;2;
?;?;?;?;?;?;?;?;?;?;4;4;4;4;4;4;4;4;4;4;24;21;20;15;12;23;19;17;14;1;11;10;27;25;2;2;2;2;2;2;2;2;2;2;2;2;2;2;0;8;
?;?;?;?;?;?;?;?;?;4;24;21;20;22;18;16;13;26;4;4;4;4;4;24;21;20;15;12;2;2;2;2;0;8;7;3;9;4;4;4;24;21;20;15;12;2;2;2;2;2;
?;?;?;?;?;?;?;?;?;2;2;2;2;0;8;7;1;11;10;27;25;2;2;2;0;8;7;3;9;4;4;4;4;4;24;33;32;31;30;4;4;4;4;4;4;4;4;4;4;4;
?;?;?;?;?;?;?;?;?;11;10;27;25;2;2;0;8;7;3;9;4;4;24;21;20;15;22;18;16;13;26;4;4;4;24;21;20;15;12;2;2;2;2;2;2;2;2;2;2;2;
?;?;?;?;?;?;?;?;?;2;2;2;2;0;8;7;3;9;4;4;4;4;24;21;20;15;12;2;2;2;2;0;8;7;3;9;4;4;4;4;4;24;21;20;15;12;2;2;2;2;
?;?;?;?;?;?;?;?;?;2;0;8;7;3;9;4;4;4;4;4;24;21;20;15;12;2;2;2;0;8;7;3;9;4;4;24;21;20;15;12;2;2;2;2;2;0;8;7;3;9;
?;?;?;?;?;?;?;?;?;2;2;2;2;2;2;2;2;2;0;8;7;3;9;4;4;4;4;4;4;4;4;4;4;4;4;4;4;4;4;4;4;24;21;20;15;12;2;2;2;2;
?;?;?;?;?;?;?;?;?;?;1;11;10;27;25;2;2;2;2;2;2;2;2;2;2;2;0;8;7;3;9;4;4;4;4;4;4;4;4;4;4;4;4;24;21;20;15;12;2;0;
?;?;?;?;?;?;?;?;?;11;10;27;25;2;2;0;8;7;3;9;4;4;4;4;24;21;20;22;18;16;13;26;4;4;4;24;21;20;15;12;2;2;2;2;0;8;7;1;11;10;
?;?;?;?;?;?;?;?;?;4;4;24;21;20;15;12;23;19;17;14;6;4;4;4;4;24;21;20;15;12;2;2;2;2;2;2;0;8;7;3;9;4;4;4;4;24;21;20;22;18;
?;?;?;?;?;?;?;?;?;4;24;21;20;15;12;2;2;0;8;1;11;10;27;25;2;2;2;2;2;2;2;2;0;8;7;3;9;4;4;24;21;20;15;12;2;2;0;8;7;3;
?;?;?;?;?;?;?;?;?;25;23;19;17;14;6;1;11;10;27;25;23;19;17;14;6;4;24;21;20;15;12;2;2;2;2;2;2;2;2;0;8;7;3;9;4;4;4;4;24;21;
?;?;?;?;?;?;?;?;?;25;23;19;17;14;1;11;10;27;25;2;2;2;0;8;7;3;9;4;4;4;4;24;21;20;15;12;2;0;8;7;3;9;4;4;4;4;4;24;21;20;
?;?;?;?;?;?;?;?;?;2;2;0;8;7;3;9;4;4;4;4;4;4;4;4;4;4;4;24;21;20;15;12;2;2;2;2;2;2;0;8;7;3;9;4;4;4;4;24;21;20;
?;?;?;?;?;?;?;?;?;25;23;19;17;14;6;1;11;10;27;25;2;2;2;2;2;2;2;2;2;0;8;7;3;9;4;4;4;4;24;21;20;15;12;2;2;0;8;7;3;9;
?;?;?;?;?;?;?;?;?;2;0;8;7;1;11;10;27;25;2;2;0;8;7;3;9;4;4;4;4;4;24;21;20;15;12;2;2;2;2;2;2;2;2;2;0;8;7;3;9;4;
?;?;?;?;?;?;?;?;?;25;2;0;8;7;3;9;1;11;10;27;22;18;16;13;26;4;4;4;4;4;4;4;4;4;4;4;4;4;4;4;4;24;21;20;15;12;2;2;2;2;
?;?;?;?;?;?;?;?;?;?;1;11;10;27;25;23;19;17;14;6;1;11;10;27;25;2;2;2;2;2;2;2;2;2;2;2;0;8;7;1;11;10;27;22;18;16;13;26;4;4;
?;?;?;?;?;?;?;?;?;1;11;10;27;25;2;2;2;0;8;7;3;1;11;10;27;25;2;0;8;7;3;9;4;4;4;4;4;4;24;21;20;15;12;2;2;2;2;2;0;8;
?;?;?;?;?;?;?;?;?;4;4;4;4;4;4;4;4;4;4;4;4;4;4;4;4;4;4;4;4;4;4;4;4;4;4;4;4;4;4;4;4;4;4;4;4;4;4;4;4;4;
?;?;?;?;?;?;?;?;?;25;23;19;17;14;1;11;10;27;25;2;2;2;0;8;7;3;9;4;4;24;21;20;15;12;2;2;2;2;2;0;8;7;3;9;4;4;4;4;4;4;
?;?;?;?;?;?;?;?;?;2;2;2;2;2;2;0;8;7;3;9;4;4;4;4;4;4;4;4;4;4;4;24;21;20;15;12;2;2;0;8;7;3;1;11;10;27;25;2;2;0;
?;?;?;?;?;?;?;?;?;?;1;11;10;27;25;2;2;2;2;2;2;2;2;0;8;7;3;9;4;24;21;20;15;12;2;0;8;7;3;9;4;4;4;24;21;20;15;12;23;19;
?;?;?;?;?;?;?;?;?;25;23;19;17;14;1;11;10;27;25;23;19;17;14;6;4;4;4;24;21;20;15;12;2;2;2;2;2;2;2;2;2;2;0;8;1;11;10;27;25;2;
?;?;?;?;?;?;?;?;?;4;4;4;4;4;24;21;20;15;12;2;2;2;2;2;2;2;2;2;2;2;2;2;2;2;2;2;2;2;0;8;7;3;9;4;4;24;21;20;15;12;
?;?;?;?;?;?;?;?;?;1;11;10;27;22;18;16;13;26;4;4;24;21;20;15;12;2;0;8;7;3;9;4;4;4;4;24;21;20;15;12;2;2;2;2;0;8;7;3;9;4;
?;?;?;?;?;?;?;?;?;?;4;24;21;20;15;12;2;2;2;2;2;2;2;2;0;8;7;3;1;11;10;27;25;2;0;8;7;3;9;4;4;4;4;4;24;21;20;15;12;2;
?;?;?;?;?;?;?;?;?;25;23;19;17;14;6;4;24;21;20;15;12;23;19;17;14;6;4;24;21;20;15;12;2;2;2;2;2;2;2;2;2;0;8;7;3;9;4;4;24;21;
?;?;?;?;?;?;?;?;?;?;4;4;4;4;4;4;4;4;4;4;4;4;4;4;4;4;4;4;24;21;20;15;12;2;2;2;2;2;2;0;8;7;3;9;4;4;4;4;4;4;
?;?;?;?;?;?;?;?;?;11;10;27;25;2;0;8;7;3;9;4;24;21;20;15;22;18;16;13;26;4;4;24;21;20;15;12;2;2;2;2;2;2;2;2;2;2;0;8;7;3;
?;?;?;?;?;?;?;?;?;4;4;4;4;4;4;4;24;21;20;15;12;2;2;2;2;2;2;2;2;2;2;2;2;2;2;2;2;2;2;0;8;7;3;9;4;4;4;4;4;24;
?;?;?;?;?;?;?;?;?;2;0;8;7;3;9;4;4;4;4;4;4;4;4;4;4;24;21;20;15;12;2;2;2;2;2;2;2;0;8;7;3;9;4;24;21;20;15;12;2;0;
?;?;?;?;?;?;?;?;?;2;0;34;29;28;5;2;2;2;2;2;0;8;7;3;9;4;4;24;21;20;15;22;18;16;13;26;4;4;4;4;4;4;4;4;4;4;4;4;4;4;
?;?;?;?;?;?;?;?;?;?;1;11;10;22;18;16;13;26;4;4;4;24;21;20;15;12;2;2;2;2;2;2;2;2;2;0;8;7;3;9;4;4;24;21;20;15;12;2;2;2;
?;?;?;?;?;?;?;?;?;4;4;4;4;4;4;4;4;4;4;4;4;4;4;4;24;21;20;15;12;2;2;2;2;2;2;2;2;2;2;2;2;2;2;2;2;2;2;0;8;7;
?;?;?;?;?;?;?;?;?;25;23;19;17;14;1;11;10;27;25;2;0;8;7;3;9;4;24;21;20;15;12;23;19;17;14;6;4;24;21;20;15;12;23;19;17;14;6;4;4;4;
?;?;?;?;?;?;?;?;?;18;16;13;26;4;24;21;20;15;12;2;2;2;2;2;2;2;2;2;2;2;0;8;7;3;9;4;4;4;24;21;20;15;12;2;0;8;7;3;1;11;
?;?;?;?;?;?;?;?;?;4;24;21;20;15;12;2;2;2;0;8;7;3;9;4;4;4;4;4;4;24;21;20;15;12;2;2;2;2;2;2;2;2;2;2;2;0;8;7;1;11;
?;?;?;?;?;?;?;?;?;?;4;24;21;20;15;12;2;2;2;2;2;2;2;0;8;7;3;9;4;4;4;4;4;4;4;4;4;4;4;4;24;21;20;15;12;2;2;2;2;2;
?;?;?;?;?;?;?;?;?;1;11;10;27;25;23;19;17;14;6;4;4;24;21;20;15;12;2;2;2;2;2;2;2;2;2;2;2;2;2;2;2;0;8;7;3;9;4;4;4;24;
?;?;?;?;?;?;?;?;?;25;2;2;2;2;2;0;8;7;3;9;4;4;4;24;21;20;15;12;2;2;2;2;2;0;8;7;3;9;4;4;4;4;4;4;4;4;4;4;4;4;
?;?;?;?;?;?;?;?;?;2;2;0;8;7;3;9;4;4;4;4;4;4;4;4;4;4;24;21;20;15;12;2;2;2;2;2;2;2;2;2;2;2;0;8;7;3;9;4;4;4;
?;?;?;?;?;?;?;?;?;3;9;4;4;4;4;4;4;4;4;4;4;4;4;4;24;21;20;15;12;2;2;2;2;2;2;2;2;2;0;8;7;3;9;4;24;21;20;15;12;23;
?;?;?;?;?;?;?;?;?;?;1;11;10;27;25;23;19;17;14;6;1;11;10;27;25;23;19;17;14;6;4;24;21;20;15;22;18;16;13;26;4;24;21;20;15;12;2;2;0;8;
?;?;?;?;?;?;?;?;?;25;23;19;17;14;6;1;11;10;27;25;23;19;17;14;6;1;11;10;27;25;2;2;2;2;2;2;2;0;8;7;3;9;4;4;4;4;24;21;20;15;
?;?;?;?;?;?;?;?;?;25;2;0;8;7;3;1;11;10;27;25;23;19;17;14;6;4;4;4;4;4;4;4;4;4;4;4;4;4;24;21;20;15;12;2;2;2;2;2;2;2;
?;?;?;?;?;?;?;?;?;25;23;19;17;14;1;11;10;27;25;2;0;8;7;3;9;4;24;21;20;15;12;2;2;0;8;7;3;9;4;4;4;4;4;4;4;24;21;20;15;12;
?;?;?;?;?;?;?;?;?;2;2;2;2;2;2;2;2;0;8;7;3;9;4;4;4;4;4;4;4;4;24;21;20;15;12;2;2;2;2;2;2;2;2;0;8;7;3;9;4;4;
?;?;?;?;?;?;?;?;?;25;23;19;17;14;6;1;11;10;27;25;23;19;17;14;6;1;11;10;27;22;18;16;13;26;4;24;21;20;15;12;2;2;0;8;7;3;9;4;4;4;
?;?;?;?;?;?;?;?;?;25;2;2;2;2;2;2;0;8;7;3;9;4;4;4;24;21;20;15;12;23;19;17;14;6;4;4;4;4;4;4;4;4;4;24;21;20;15;12;2;2;
?;?;?;?;?;?;?;?;?;?;1;11;10;27;25;2;2;0;8;7;3;9;4;4;4;4;4;24;21;20;15;12;2;2;2;2;2;2;0;8;7;3;9;4;4;4;4;4;4;4;
?;?;?;?;?;?;?;?;?;2;2;0;8;7;3;9;4;4;4;24;21;20;15;12;2;0;8;7;3;9;4;4;4;24;21;20;15;12;2;2;2;0;8;7;3;9;4;4;24;21;
?;?;?;?;?;?;?;?;?;2;2;0;8;7;1;11;10;27;22;18;16;13;26;4;4;4;4;4;4;4;4;4;4;4;4;4;4;4;24;21;20;15;12;2;2;2;2;2;2;2;
?;?;?;?;?;?;?;?;?;4;24;21;20;15;12;23;19;17;14;6;1;11;10;27;25;2;2;0;8;7;3;9;4;4;4;4;4;4;24;21;20;15;12;2;2;0;8;7;3;9;
?;?;?;?;?;?;?;?;?;22;18;16;13;26;4;24;21;20;15;12;2;2;2;2;2;2;2;2;2;2;2;2;2;2;2;2;2;2;2;0;8;7;3;9;4;4;4;4;4;4;
?;?;?;?;?;?;?;?;?;25;23;19;17;14;6;1;11;10;27;25;2;0;8;7;3;9;4;4;24;21;20;15;12;2;2;2;2;2;2;2;0;8;7;3;9;4;24;21;20;15;
?;?;?;?;?;?;?;?;?;25;2;2;2;2;2;2;2;2;2;0;8;7;3;9;4;4;4;4;4;4;4;4;4;4;4;4;4;24;21;20;15;12;2;2;2;2;2;2;2;2;
?;?;?;?;?;?;?;?;?;25;2;0;34;29;28;5;2;2;2;2;2;0;8;7;3;9;4;4;4;4;4;4;4;4;4;24;21;20;22;18;16;13;26;4;4;4;4;4;24;21;
?;?;?;?;?;?;?;?;?;1;11;10;27;25;2;2;0;8;7;3;9;4;4;4;24;21;20;15;22;18;16;13;26;4;4;4;4;4;4;4;4;4;24;21;20;15;12;2;2;2;
?;?;?;?;?;?;?;?;?;22;18;16;13;26;1;11;10;27;25;2;2;2;2;2;2;2;2;2;2;2;2;0;8;7;3;9;4;4;4;4;4;4;4;4;4;4;4;4;4;4;
?;?;?;?;?;?;?;?;?;1;11;10;27;25;2;2;0;8;7;3;9;1;11;10;22;18;16;13;26;4;4;4;4;4;4;4;4;4;4;4;24;21;20;15;12;23;19;17;14;6;
?;?;?;?;?;?;?;?;?;4;24;21;20;15;22;18;16;13;26;1;11;10;27;25;2;2;2;2;2;2;2;2;2;2;0;8;7;3;9;4;4;4;24;21;20;15;12;23;19;17;
?;?;?;?;?;?;?;?;?;22;18;16;13;26;4;4;24;21;20;15;12;23;19;17;1;11;10;27;25;2;2;2;2;0;8;7;3;9;4;4;4;4;4;4;4;4;4;4;4;4;
?;?;?;?;?;?;?;?;?;25;23;19;17;14;6;4;4;24;33;32;31;30;4;4;4;4;24;21;20;15;12;2;2;2;2;2;2;2;2;2;2;2;2;0;8;7;3;9;4;4;
?;?;?;?;?;?;?;?;?;4;4;4;4;4;4;4;4;4;4;4;4;4;4;24;21;20;15;12;2;2;2;2;2;2;2;2;2;2;0;8;7;3;9;4;24;21;20;15;12;2;
?;?;?;?;?;?;?;?;?;?;1;11;10;27;25;23;19;17;14;6;4;24;21;20;15;12;2;2;2;2;2;2;2;2;0;8;7;3;9;4;4;24;21;20;15;12;2;2;2;2;
?;?;?;?;?;?;?;?;?;8;1;11;10;27;25;2;2;2;2;2;2;2;0;8;7;3;9;4;4;4;4;4;4;4;4;4;4;4;4;4;4;4;4;4;4;4;4;4;4;4;
?;?;?;?;?;?;?;?;?;2;2;2;0;8;7;3;9;4;4;4;24;21;20;15;12;2;2;2;2;0;8;7;3;9;4;4;4;4;4;4;4;4;4;4;4;4;4;4;4;4;
?;?;?;?;?;?;?;?;?;2;0;8;7;3;1;11;10;27;25;2;2;2;2;2;2;2;2;2;2;0;8;7;3;9;4;4;4;4;4;4;4;24;21;20;15;12;2;2;2;2;
?;?;?;?;?;?;?;?;?;25;2;2;2;0;8;7;3;9;4;4;4;4;4;4;24;21;20;15;12;2;2;2;2;2;0;8;7;3;9;4;4;4;4;24;21;20;15;12;2;2;
?;?;?;?;?;?;?;?;?;25;2;2;0;8;7;3;9;4;4;4;4;4;4;24;21;20;15;12;2;2;2;2;2;2;2;2;2;2;2;2;2;0;8;7;3;9;4;4;4;24;
?;?;?;?;?;?;?;?;?;?;1;11;10;27;25;2;2;2;2;2;2;2;2;2;2;0;8;7;3;9;4;4;4;4;4;4;4;4;4;4;4;24;21;20;15;12;2;2;2;2;
?;?;?;?;?;?;?;?;?;2;2;0;8;7;3;9;4;4;4;24;21;20;15;12;2;2;0;8;7;3;9;4;4;4;4;24;21;20;15;12;2;0;8;7;3;9;4;4;4;4;
?;?;?;?;?;?;?;?;?;1;11;10;27;25;2;2;0;8;7;3;9;4;24;21;20;15;12;2;2;2;2;2;0;8;7;3;9;4;4;4;4;4;24;21;20;15;12;23;19;17;
?;?;?;?;?;?;?;?;?;4;4;24;21;20;15;22;18;16;13;26;1;11;10;27;25;2;0;8;7;3;9;4;24;21;20;15;12;2;2;2;2;2;2;2;2;0;8;7;3;9;
?;?;?;?;?;?;?;?;?;29;28;5;2;2;0;8;7;3;9;4;4;4;4;4;4;4;4;4;4;4;4;24;21;20;15;12;2;2;2;2;2;2;2;0;8;7;1;11;10;27;
?;?;?;?;?;?;?;?;?;4;24;21;20;15;12;2;2;2;2;2;2;2;0;8;7;3;9;4;4;4;4;4;4;24;21;20;22;18;16;13;26;1;11;10;27;25;23;19;17;14;
?;?;?;?;?;?;?;?;?;23;19;17;14;6;1;11;10;27;25;2;2;2;2;2;2;2;2;2;0;8;7;3;9;4;4;4;4;24;21;20;15;12;2;2;2;2;0;8;7;3;
?;?;?;?;?;?;?;?;?;25;2;0;8;7;3;1;11;10;27;25;23;19;17;14;6;4;4;4;4;4;4;4;4;24;21;20;15;12;2;2;2;2;2;0;8;7;3;9;4;4;
?;?;?;?;?;?;?;?;?;25;23;19;17;14;6;1;11;10;27;25;23;19;17;14;6;4;24;21;20;22;18;16;13;26;4;24;21;20;15;12;2;2;0;8;7;3;1;11;10;27;
?;?;?;?;?;?;?;?;?;25;23;19;17;14;6;1;11;10;27;25;2;2;2;2;2;2;2;2;0;8;7;3;9;4;24;21;20;15;12;2;2;2;0;8;7;3;9;4;4;4;
?;?;?;?;?;?;?;?;?;2;0;8;7;3;1;11;10;27;25;2;2;2;0;8;7;3;9;4;4;4;4;4;4;4;4;4;4;4;4;4;4;4;4;24;21;20;15;12;2;2;
?;?;?;?;?;?;?;?;?;2;2;0;8;7;3;9;4;4;4;4;24;21;20;22;18;16;13;26;4;4;4;4;4;4;24;21;20;15;12;23;19;17;14;6;4;4;4;4;4;4;
?;?;?;?;?;?;?;?;?;4;24;21;20;15;12;2;2;2;2;2;0;8;7;3;9;4;4;4;4;4;4;24;21;20;15;12;2;2;2;2;2;2;2;2;2;2;0;8;7;3;
?;?;?;?;?;?;?;?;?;4;4;4;4;4;4;4;4;4;4;4;4;24;21;20;15;12;2;2;2;2;2;0;8;1;11;10;27;25;2;2;2;2;2;2;2;2;2;2;2;2;
?;?;?;?;?;?;?;?;?;11;10;27;25;2;2;2;2;0;8;7;3;9;4;4;4;4;4;4;4;4;4;4;4;4;4;4;4;4;4;24;21;20;15;12;2;2;2;2;2;2;
?;?;?;?;?;?;?;?;?;4;4;24;21;20;15;12;23;19;17;14;1;11;10;27;25;2;2;2;2;2;2;2;2;2;2;2;2;0;8;7;3;9;4;4;4;4;4;4;4;4;
?;?;?;?;?;?;?;?;?;22;18;16;13;26;4;4;24;21;20;15;22;18;1;11;10;27;25;2;2;2;2;2;0;8;7;3;9;4;4;4;24;21;20;15;12;2;2;2;2;0;
?;?;?;?;?;?;?;?;?;22;18;16;13;26;4;4;24;21;20;15;22;18;16;13;1;11;10;27;25;2;2;2;0;8;7;3;9;4;4;4;4;24;21;20;15;12;2;2;2;0;
?;?;?;?;?;?;?;?;?;2;0;8;7;3;9;1;11;10;27;22;18;16;13;26;1;11;10;27;25;23;19;17;14;6;4;4;4;4;4;4;4;4;4;4;24;21;20;15;12;2;
?;?;?;?;?;?;?;?;?;22;18;16;13;26;1;11;10;27;25;2;2;0;8;7;3;9;4;24;21;20;15;12;2;2;2;2;2;2;2;0;8;7;3;9;4;4;4;4;4;4;
?;?;?;?;?;?;?;?;?;?;1;11;10;27;25;23;19;17;14;6;1;11;10;27;25;2;0;8;7;3;1;11;10;27;25;23;19;17;14;6;4;4;4;4;4;4;4;4;4;4;
?;?;?;?;?;?;?;?;?;?;1;11;10;27;25;23;19;17;14;6;4;24;21;20;15;12;23;19;17;14;6;1;11;10;27;25;2;2;2;2;2;2;2;2;2;2;0;8;7;1;
?;?;?;?;?;?;?;?;?;22;18;16;13;26;1;11;10;27;25;2;0;8;7;3;9;1;11;10;27;25;2;2;2;2;2;0;8;1;11;10;22;18;16;13;26;4;4;4;4;24;
?;?;?;?;?;?;?;?;?;25;23;19;17;14;6;1;11;10;27;25;2;2;2;2;2;2;2;2;2;2;0;8;7;3;9;4;4;4;4;4;4;4;4;4;4;4;24;21;20;15;
?;?;?;?;?;?;?;?;?;?;1;11;10;27;25;23;19;17;14;6;4;24;21;20;15;12;2;2;2;2;0;8;7;3;9;4;4;4;4;24;21;20;15;12;2;0;8;7;3;9;
?;?;?;?;?;?;?;?;?;32;31;30;4;4;4;4;24;21;20;15;12;2;2;2;2;2;2;2;2;2;2;2;2;2;2;2;2;2;2;0;8;7;3;9;4;4;4;4;4;4;
?;?;?;?;?;?;?;?;?;2;0;8;7;3;9;4;4;4;4;4;4;4;4;4;4;4;24;21;20;15;12;2;2;2;2;2;2;2;2;2;2;2;0;8;7;3;9;4;4;4;
?;?;?;?;?;?;?;?;?;21;20;15;12;2;2;2;2;2;2;2;2;2;2;0;8;7;3;9;4;4;4;4;4;4;4;24;21;20;15;12;2;2;0;8;7;3;9;4;4;4;
?;?;?;?;?;?;?;?;?;20;15;12;2;2;2;2;0;8;7;3;9;4;24;21;20;15;12;2;2;2;0;8;7;3;9;4;4;4;4;4;4;4;4;4;4;4;4;4;4;4;
?;?;?;?;?;?;?;?;?;4;4;4;4;4;4;4;4;4;4;4;4;4;4;4;4;4;4;4;4;4;4;4;4;4;4;4;4;4;4;4;4;4;4;4;4;4;4;4;4;4;
?;?;?;?;?;?;?;?;?;?;1;11;10;27;25;2;0;8;7;3;1;11;10;27;25;2;2;2;0;8;7;3;9;4;4;4;4;4;4;4;4;4;4;4;24;21;20;15;12;2;
?;?;?;?;?;?;?;?;?;2;0;8;7;3;9;1;11;10;27;25;23;19;17;14;6;4;24;21;20;15;22;18;16;13;26;4;4;4;4;4;4;4;4;4;4;4;4;4;4;4;
?;?;?;?;?;?;?;?;?;25;23;19;17;14;6;1;11;10;27;25;2;2;0;8;7;3;9;4;4;4;4;4;4;4;4;4;4;4;4;4;4;4;4;4;4;4;4;4;24;21;
?;?;?;?;?;?;?;?;?;18;16;13;26;4;4;4;4;4;4;4;4;4;4;4;4;24;21;20;15;12;2;2;2;2;2;2;2;2;2;2;2;0;8;7;3;9;4;24;21;20;
?;?;?;?;?;?;?;?;?;2;2;2;2;2;0;8;7;3;9;4;4;4;4;4;24;21;20;15;12;2;0;8;7;3;9;1;11;10;27;25;2;2;2;2;2;2;2;2;2;2;
?;?;?;?;?;?;?;?;?;25;2;2;2;2;2;2;0;8;7;3;9;4;4;4;4;4;4;4;4;4;4;4;4;4;24;21;20;15;12;2;2;2;2;2;2;2;2;2;2;2;
?;?;?;?;?;?;?;?;?;2;0;8;7;3;9;1;11;10;27;25;23;19;17;14;6;4;24;21;20;15;22;18;16;13;1;11;10;27;25;2;2;0;8;7;3;9;1;11;10;27;
?;?;?;?;?;?;?;?;?;1;11;10;27;25;23;19;17;14;6;4;4;4;4;24;21;20;15;12;2;2;2;2;2;2;2;0;8;7;3;9;4;4;4;24;21;20;15;22;18;16;
?;?;?;?;?;?;?;?;?;18;16;13;26;4;4;24;21;20;15;12;2;2;2;2;2;2;0;8;7;3;9;4;24;21;20;15;12;2;2;2;0;8;7;3;9;4;4;4;4;4;
?;?;?;?;?;?;?;?;?;4;24;21;20;15;12;2;2;2;0;8;7;1;11;10;22;18;16;13;26;4;4;4;4;4;4;4;4;24;21;20;15;12;2;2;2;2;2;2;0;8;
?;?;?;?;?;?;?;?;?;8;7;3;9;4;4;4;4;4;4;4;24;21;20;15;12;2;0;8;7;3;9;1;11;10;27;25;2;2;2;2;2;2;2;2;2;2;2;2;2;2;
?;?;?;?;?;?;?;?;?;25;2;0;8;7;3;9;4;4;4;4;4;4;4;4;4;24;21;20;15;12;2;0;8;7;1;11;10;27;25;2;2;2;2;2;0;8;1;11;10;27;
?;?;?;?;?;?;?;?;?;?;4;4;24;21;20;15;22;18;16;13;26;4;4;4;24;21;20;15;12;2;2;2;0;8;7;3;9;4;4;24;21;20;15;12;2;2;2;0;8;7;
?;?;?;?;?;?;?;?;?;10;27;25;2;2;0;8;7;3;9;4;4;4;4;4;4;4;4;4;4;4;24;21;20;15;12;2;2;2;2;2;2;2;2;2;2;2;2;2;2;2;
?;?;?;?;?;?;?;?;?;18;16;13;26;4;24;21;20;15;12;2;2;2;0;8;7;3;9;1;11;10;22;18;16;13;26;4;4;4;24;21;20;15;12;2;2;2;0;8;7;3;
?;?;?;?;?;?;?;?;?;?;1;11;10;27;22;18;16;13;26;1;11;10;27;25;23;19;17;14;6;4;24;21;20;15;12;2;2;2;2;2;2;2;2;2;2;0;8;7;3;9;
?;?;?;?;?;?;?;?;?;4;4;4;24;21;20;15;12;2;2;0;8;7;1;11;10;27;25;2;2;2;2;0;8;7;3;9;4;4;4;4;4;4;4;4;4;24;21;20;15;12;
?;?;?;?;?;?;?;?;?;25;23;19;17;14;6;1;11;33;32;31;30;4;4;4;4;24;21;20;22;18;16;13;26;1;11;10;27;25;2;2;2;2;0;8;7;3;9;4;4;24;
?;?;?;?;?;?;?;?;?;2;2;2;0;8;7;3;9;4;4;4;24;21;20;15;12;2;2;2;0;8;7;3;9;4;4;4;4;4;24;21;20;15;12;2;2;0;8;7;3;9;
?;?;?;?;?;?;?;?;?;4;4;24;21;20;15;12;2;0;8;7;3;9;4;24;21;20;15;12;2;2;2;2;2;2;2;2;2;2;2;2;2;2;2;2;2;2;2;2;2;2;
?;?;?;?;?;?;?;?;?;24;21;20;15;12;2;0;8;7;1;11;10;27;25;2;2;2;2;0;8;7;3;9;4;24;21;20;15;12;2;0;8;7;3;9;4;4;4;4;4;4;
?;?;?;?;?;?;?;?;?;?;1;11;10;27;25;23;19;17;14;6;4;4;4;4;4;4;24;21;20;15;12;2;2;2;2;0;8;7;3;9;4;4;4;24;21;20;15;12;23;19;
?;?;?;?;?;?;?;?;?;?;1;11;10;27;25;2;2;2;2;2;2;0;8;7;3;9;4;4;4;4;4;4;24;21;20;15;22;18;16;13;26;4;4;4;4;4;24;21;20;15;
?;?;?;?;?;?;?;?;?;29;28;5;2;2;2;2;0;8;7;3;9;4;4;4;4;4;4;4;4;4;4;4;4;4;4;4;4;4;4;24;21;20;15;12;2;2;2;0;8;1;
?;?;?;?;?;?;?;?;?;0;8;7;3;9;4;4;4;4;4;4;4;4;4;4;4;4;4;4;4;4;4;4;4;24;21;20;15;12;2;2;2;2;2;2;2;2;2;2;2;2;
?;?;?;?;?;?;?;?;?;3;9;4;4;4;4;4;4;4;4;4;4;4;4;4;4;4;4;4;24;21;20;15;12;2;2;2;2;0;8;7;3;9;4;4;24;21;20;15;12;2;
?;?;?;?;?;?;?;?;?;?;4;4;4;4;24;21;20;15;12;2;2;2;2;2;0;8;7;3;9;4;4;4;24;21;20;22;18;16;13;26;4;4;4;24;21;20;15;12;2;2;
?;?;?;?;?;?;?;?;?;22;18;16;13;26;4;24;21;20;15;12;2;2;2;2;2;2;2;2;2;2;2;0;8;7;3;9;4;4;4;4;4;4;4;4;4;4;4;4;24;21;
?;?;?;?;?;?;?;?;?;4;4;4;24;21;20;15;12;2;2;0;8;7;3;9;4;4;4;4;4;4;4;4;4;4;4;4;24;21;20;15;12;2;2;2;2;2;2;2;2;2;
?;?;?;?;?;?;?;?;?;23;19;17;14;6;4;4;24;21;20;15;12;23;19;17;14;6;1;11;10;27;25;2;2;2;0;8;7;3;9;4;24;21;20;15;12;2;0;8;7;3;
?;?;?;?;?;?;?;?;?;2;2;2;2;2;0;8;7;3;9;4;4;4;4;4;4;4;4;4;4;4;4;4;4;4;4;4;4;4;4;4;4;4;24;21;20;15;12;2;2;2;
?;?;?;?;?;?;?;?;?;25;23;19;17;14;6;1;11;10;27;25;2;0;8;7;3;9;4;4;4;4;4;4;4;4;24;21;20;15;12;2;2;0;8;7;3;9;4;4;4;4;
?;?;?;?;?;?;?;?;?;4;4;4;4;4;4;4;4;24;21;20;15;12;2;0;8;7;3;9;4;4;4;24;21;20;15;12;2;2;2;2;2;2;2;2;2;2;2;2;2;2;
?;?;?;?;?;?;?;?;?;25;23;19;17;14;6;1;11;10;27;25;2;0;34;29;28;5;2;2;2;0;8;7;3;9;4;4;4;4;4;24;21;20;15;12;2;2;2;2;2;0;
?;?;?;?;?;?;?;?;?;1;11;10;27;25;2;0;8;7;3;9;4;24;21;20;22;18;16;13;26;4;4;4;4;24;21;20;15;12;2;2;2;0;8;7;1;11;10;27;25;2;
?;?;?;?;?;?;?;?;?;?;4;4;4;4;4;4;4;4;4;24;21;20;15;12;2;2;0;8;7;3;9;4;4;4;24;21;20;15;12;2;2;2;2;2;2;2;0;8;7;3;
?;?;?;?;?;?;?;?;?;1;11;10;27;25;2;2;2;0;8;1;11;10;27;25;2;0;8;7;3;9;4;4;4;4;4;4;4;4;4;4;4;4;24;21;20;15;12;2;2;2;
?;?;?;?;?;?;?;?;?;25;2;0;8;7;3;9;4;4;4;4;4;4;4;4;4;24;21;20;15;12;2;2;2;2;2;2;2;2;2;2;2;2;2;2;2;2;2;0;8;7;
?;?;?;?;?;?;?;?;?;24;21;20;15;12;2;2;0;8;7;3;9;4;4;24;21;20;15;12;2;2;2;2;2;2;2;2;2;2;2;2;0;8;7;3;9;4;4;4;4;4;
?;?;?;?;?;?;?;?;?;2;2;0;34;29;28;5;2;2;2;2;2;0;8;7;3;9;4;4;4;4;4;4;4;4;4;4;4;4;4;4;4;4;4;4;4;4;24;21;20;15;
?;?;?;?;?;?;?;?;?;1;11;10;27;25;2;2;0;8;7;3;9;4;4;4;4;4;4;4;4;4;24;21;20;15;12;2;0;8;7;3;9;4;4;4;4;4;24;21;20;15;
?;?;?;?;?;?;?;?;?;25;2;2;0;8;7;3;9;4;24;21;20;15;12;2;2;2;2;0;8;7;3;9;4;4;4;4;4;4;4;4;4;24;21;20;15;12;2;2;2;2;
?;?;?;?;?;?;?;?;?;3;9;4;4;4;4;4;4;4;24;21;20;15;12;2;2;2;2;0;8;7;3;9;4;4;4;4;4;24;21;20;15;22;18;16;13;1;11;10;27;25;
?;?;?;?;?;?;?;?;?;25;23;19;17;14;6;1;11;10;27;25;2;2;0;8;7;3;1;11;10;22;18;16;13;26;4;24;21;20;15;12;2;2;2;2;2;2;2;2;0;8;
?;?;?;?;?;?;?;?;?;?;1;11;10;22;18;16;13;26;4;24;21;20;15;12;2;2;2;2;0;8;1;11;10;27;25;23;19;17;14;6;4;4;4;4;4;4;4;24;21;20;
?;?;?;?;?;?;?;?;?;?;4;24;21;20;15;12;2;2;2;2;2;2;2;2;2;2;0;8;7;3;9;4;4;4;4;4;4;4;4;4;4;24;21;20;15;12;2;2;2;2;
?;?;?;?;?;?;?;?;?;25;23;19;17;14;6;4;4;4;4;4;4;4;24;21;20;15;12;2;2;2;2;2;2;0;8;7;3;9;4;4;4;4;4;4;4;4;4;4;4;4;
?;?;?;?;?;?;?;?;?;25;23;19;17;14;6;4;24;21;20;15;12;23;19;17;14;1;11;10;27;25;2;2;2;2;2;2;0;8;7;3;9;4;4;24;21;20;15;12;2;2;
?;?;?;?;?;?;?;?;?;?;4;24;33;32;31;30;4;4;4;4;24;21;20;15;12;2;2;0;8;7;3;9;4;4;4;4;4;24;21;20;15;12;2;2;2;2;2;0;8;7;
?;?;?;?;?;?;?;?;?;?;4;24;21;20;15;12;23;19;17;14;6;4;4;4;4;4;4;4;4;4;4;4;24;21;20;15;12;2;2;2;2;2;2;2;2;2;2;0;8;7;
?;?;?;?;?;?;?;?;?;25;2;2;2;2;2;2;2;0;8;7;3;9;4;4;4;24;21;20;15;12;2;2;2;0;8;7;3;9;4;4;4;4;4;4;4;24;21;20;15;12;
?;?;?;?;?;?;?;?;?;25;23;19;17;14;6;4;24;21;20;15;12;2;2;2;2;2;2;2;2;2;2;2;2;2;0;8;7;3;9;4;4;4;4;4;4;4;4;4;4;4;
?;?;?;?;?;?;?;?;?;4;4;4;4;24;21;20;15;12;2;2;2;2;2;2;2;2;2;2;2;2;2;2;2;2;2;2;2;0;8;7;3;9;4;4;4;4;4;4;4;4;
?;?;?;?;?;?;?;?;?;2;2;0;8;1;11;10;27;25;2;0;8;7;3;9;4;4;4;4;4;24;21;20;15;22;18;16;13;26;4;24;21;20;15;12;2;2;2;2;2;2;
?;?;?;?;?;?;?;?;?;23;19;17;14;6;1;11;10;27;25;2;2;2;0;8;7;1;11;10;27;25;2;2;0;8;7;3;9;4;4;4;4;4;4;4;4;4;4;4;4;4;
?;?;?;?;?;?;?;?;?;22;18;16;13;26;4;4;24;21;33;32;31;30;4;4;4;4;4;24;21;20;15;12;2;2;2;2;2;2;2;2;2;2;2;2;0;8;7;3;9;4;
?;?;?;?;?;?;?;?;?;1;11;10;27;25;23;19;17;14;6;4;4;4;4;4;4;4;4;24;21;20;15;12;2;2;2;2;0;8;7;3;9;4;24;21;33;32;31;30;4;4;
?;?;?;?;?;?;?;?;?;15;12;2;2;2;2;0;8;7;3;9;1;11;10;27;25;2;2;2;2;2;0;8;7;3;9;4;24;33;32;31;30;4;4;4;4;4;4;4;4;4;
?;?;?;?;?;?;?;?;?;?;4;4;4;24;21;20;15;12;2;2;2;2;2;2;2;2;2;2;2;2;2;2;2;2;0;8;7;3;9;4;4;4;4;24;21;20;15;12;2;2;
?;?;?;?;?;?;?;?;?;25;23;19;17;14;1;11;10;27;25;2;2;0;8;7;3;9;4;4;4;4;4;4;4;4;4;4;4;4;4;24;21;20;15;12;2;2;2;2;2;0;
?;?;?;?;?;?;?;?;?;?;4;24;21;20;22;18;16;13;26;4;24;21;20;15;22;18;16;13;26;4;4;24;21;20;15;12;2;2;2;2;0;8;7;3;9;4;4;4;4;4;
?;?;?;?;?;?;?;?;?;25;23;19;17;14;6;1;11;10;27;25;2;0;8;7;3;9;1;11;10;22;18;16;13;1;11;10;27;25;2;2;2;2;2;0;8;7;3;9;4;4;
?;?;?;?;?;?;?;?;?;2;2;2;2;2;2;0;8;7;3;9;4;4;4;24;21;20;15;12;2;2;0;8;7;3;9;4;4;4;24;21;20;15;12;2;0;8;7;3;9;4;
?;?;?;?;?;?;?;?;?;2;2;2;0;8;7;3;9;4;4;4;4;4;4;4;4;4;4;4;4;4;24;21;20;15;12;2;2;2;2;2;2;2;2;2;2;2;2;2;2;2;
?;?;?;?;?;?;?;?;?;1;11;10;27;25;2;2;2;0;8;7;3;1;11;10;27;25;23;19;17;14;6;4;4;4;4;4;24;21;20;15;12;2;2;2;0;8;7;3;1;11;
?;?;?;?;?;?;?;?;?;25;2;0;8;1;11;10;27;25;2;2;2;2;2;2;2;2;2;2;2;2;0;8;7;3;9;4;4;4;4;4;4;24;21;20;15;12;2;2;2;2;
?;?;?;?;?;?;?;?;?;15;12;2;0;8;1;11;10;27;25;2;2;2;2;2;2;0;8;7;3;9;1;11;10;27;25;23;19;17;14;6;4;4;4;4;4;24;21;20;15;22;
?;?;?;?;?;?;?;?;?;4;4;4;4;4;4;4;4;4;4;4;4;4;4;4;4;4;24;21;20;15;12;2;2;2;2;2;2;2;2;2;2;2;2;2;2;0;8;7;3;9;
?;?;?;?;?;?;?;?;?;23;19;17;14;6;4;4;4;24;21;20;15;12;23;19;17;14;6;4;4;4;4;4;4;4;24;21;20;15;12;2;2;2;2;2;2;2;2;2;2;2;
?;?;?;?;?;?;?;?;?;4;24;21;20;15;12;2;2;0;8;7;3;1;11;33;32;31;30;4;4;4;4;4;24;21;20;15;12;2;2;2;2;2;2;2;2;2;2;0;8;7;
?;?;?;?;?;?;?;?;?;1;11;10;27;25;23;19;17;14;6;1;11;10;27;25;23;19;17;14;6;4;4;4;4;24;21;20;15;12;2;2;2;2;0;8;7;3;9;4;24;21;
?;?;?;?;?;?;?;?;?;11;10;27;25;2;0;8;7;1;11;10;27;25;2;2;2;0;8;7;3;1;11;10;27;25;23;19;17;14;6;4;4;4;4;4;4;4;4;4;4;24;
?;?;?;?;?;?;?;?;?;25;23;19;17;14;6;1;11;10;27;25;2;2;2;2;2;2;2;0;8;7;3;9;4;4;4;24;21;20;15;12;2;0;8;7;3;9;4;4;4;4;
?;?;?;?;?;?;?;?;?;25;23;19;17;14;1;11;10;27;25;2;2;0;8;7;3;9;4;24;21;20;15;12;23;34;29;28;5;2;2;2;2;2;2;2;0;8;1;11;10;27;
?;?;?;?;?;?;?;?;?;2;0;8;7;3;9;1;11;10;27;25;23;19;17;14;6;4;4;4;4;4;4;4;4;4;4;24;21;20;15;12;2;2;0;8;7;3;9;4;4;4;
?;?;?;?;?;?;?;?;?;25;23;19;17;1;11;10;27;25;2;2;0;8;7;3;9;4;24;21;20;15;22;18;16;13;26;4;4;4;24;21;20;15;12;2;2;2;2;2;2;2;
?;?;?;?;?;?;?;?;?;25;2;2;2;2;2;2;2;0;8;7;3;9;4;4;4;24;21;20;15;12;2;2;0;8;7;3;9;4;24;21;20;15;12;2;2;2;2;2;2;2;
?;?;?;?;?;?;?;?;?;25;23;19;17;14;6;1;11;10;27;22;18;16;13;26;4;24;21;20;15;12;2;2;2;2;0;8;7;3;9;4;4;4;4;4;4;4;4;4;4;4;
?;?;?;?;?;?;?;?;?;22;18;16;13;26;4;24;21;20;15;12;23;19;17;14;6;1;11;10;27;25;2;2;2;2;2;2;2;2;2;2;0;8;7;3;9;4;24;21;20;15;
?;?;?;?;?;?;?;?;?;25;23;19;17;14;6;1;11;10;27;25;23;19;17;14;6;4;24;21;20;15;22;18;16;13;1;11;33;32;31;30;4;4;4;4;4;4;24;21;20;15;
?;?;?;?;?;?;?;?;?;21;20;15;12;2;2;2;2;2;2;0;8;7;3;9;4;24;21;20;15;12;2;2;2;0;8;1;11;10;27;25;2;2;2;2;2;2;0;8;7;3;
?;?;?;?;?;?;?;?;?;4;4;4;4;4;4;4;4;4;4;4;4;4;4;4;4;4;4;4;4;4;4;4;4;4;4;4;4;4;4;4;4;4;4;4;4;4;4;4;4;4;
?;?;?;?;?;?;?;?;?;?;4;4;24;21;20;15;12;2;2;2;2;2;2;2;2;2;0;8;7;3;9;4;4;4;4;4;4;24;21;20;15;12;2;0;8;7;3;9;4;4;
?;?;?;?;?;?;?;?;?;25;23;19;17;14;6;1;11;10;27;22;18;16;13;26;4;4;24;21;20;15;12;2;0;8;7;3;9;4;4;24;21;20;15;12;2;2;2;2;2;2;
?;?;?;?;?;?;?;?;?;2;2;2;2;0;8;7;3;9;4;4;4;4;4;4;4;4;4;4;24;21;33;32;31;30;4;4;4;4;4;24;21;20;15;12;2;2;2;2;0;8;
?;?;?;?;?;?;?;?;?;11;10;27;25;23;19;17;14;6;4;4;4;24;21;20;15;12;2;0;8;7;3;9;4;24;21;20;15;12;2;2;2;2;2;2;2;2;2;2;2;2;
?;?;?;?;?;?;?;?;?;1;11;10;27;25;2;2;0;8;7;3;9;4;4;4;4;4;4;4;4;24;21;20;15;12;2;2;0;8;7;3;9;4;4;4;4;4;4;4;4;4;
?;?;?;?;?;?;?;?;?;?;1;11;10;27;22;18;16;13;26;4;4;4;4;24;21;20;15;12;2;2;0;8;7;3;9;4;24;21;20;15;12;2;2;2;2;0;8;7;3;9;
?;?;?;?;?;?;?;?;?;18;16;13;26;4;24;21;20;15;12;2;2;2;2;2;2;2;2;2;2;2;2;2;2;0;8;7;3;9;4;4;4;4;4;24;21;20;15;12;2;2;
?;?;?;?;?;?;?;?;?;25;2;2;2;2;2;2;2;2;2;2;0;8;7;3;9;4;4;4;4;4;4;4;4;4;4;4;24;21;20;22;18;16;13;26;4;4;4;4;24;21;
?;?;?;?;?;?;?;?;?;?;1;11;10;27;25;2;2;2;2;2;2;2;2;2;2;0;8;7;3;9;4;4;4;4;4;4;4;4;4;4;4;4;24;21;20;15;22;18;16;13;
?;?;?;?;?;?;?;?;?;25;23;19;17;14;1;11;10;27;25;2;0;8;7;3;1;11;10;27;25;2;0;8;7;3;9;4;4;4;4;4;4;24;21;20;15;12;2;2;2;2;
?;?;?;?;?;?;?;?;?;?;4;4;4;4;4;4;4;4;4;4;4;4;4;4;4;4;4;24;21;20;15;12;2;2;2;0;8;7;3;1;11;10;27;25;2;2;2;2;2;2;
?;?;?;?;?;?;?;?;?;25;23;19;1;11;10;27;25;2;2;2;2;0;8;7;1;11;10;27;25;23;19;17;14;6;4;4;4;4;24;21;20;15;22;18;16;13;26;4;4;4;
?;?;?;?;?;?;?;?;?;?;1;11;10;27;25;23;19;17;14;6;1;11;10;27;25;2;2;2;2;2;2;2;2;0;8;7;3;9;4;4;4;4;24;21;20;15;12;2;2;2;
?;?;?;?;?;?;?;?;?;22;18;16;13;26;4;4;24;21;20;15;12;2;2;2;2;2;2;0;8;7;3;9;4;4;4;4;24;21;20;15;12;2;2;2;2;2;2;2;0;8;
?;?;?;?;?;?;?;?;?;2;2;2;2;2;2;0;8;7;1;11;10;27;25;2;2;2;2;0;8;7;3;9;4;4;4;4;4;4;4;4;4;4;4;4;4;24;21;20;15;12;
?;?;?;?;?;?;?;?;?;22;18;16;13;26;4;24;21;20;15;12;2;2;2;2;2;2;2;2;2;2;0;8;7;3;9;1;11;10;27;25;2;0;8;7;3;9;4;4;4;4;
?;?;?;?;?;?;?;?;?;23;19;17;14;6;4;24;21;20;15;12;23;19;17;14;6;4;4;4;4;4;24;21;20;15;12;2;2;2;2;2;2;0;8;7;3;9;4;24;21;20;
?;?;?;?;?;?;?;?;?;25;23;19;17;14;6;4;4;4;24;21;20;15;12;2;2;2;2;0;8;7;3;9;4;4;24;21;20;15;12;2;2;2;2;2;2;2;2;2;2;2;
?;?;?;?;?;?;?;?;?;22;18;16;13;26;1;11;10;27;25;2;2;2;0;8;1;11;10;27;22;18;16;13;26;4;4;4;4;24;21;20;15;12;2;2;2;2;2;2;2;2;
?;?;?;?;?;?;?;?;?;25;2;2;2;2;2;2;0;8;7;3;9;4;4;24;21;20;15;22;18;16;13;26;4;4;4;4;4;4;24;21;20;15;12;2;2;2;2;0;34;29;
?;?;?;?;?;?;?;?;?;?;4;24;21;33;32;31;30;4;4;4;24;21;20;15;12;2;2;0;8;7;3;1;11;10;22;18;16;13;26;1;11;10;27;25;2;2;2;2;2;2;
?;?;?;?;?;?;?;?;?;25;2;0;8;7;1;11;10;27;25;2;0;8;7;3;9;4;4;4;4;4;4;4;4;4;4;4;4;4;4;4;4;4;24;21;20;15;12;2;2;2;
?;?;?;?;?;?;?;?;?;16;13;26;4;4;24;21;20;15;12;2;2;2;2;2;2;2;2;2;2;2;2;2;0;8;7;3;9;4;4;4;4;4;4;24;21;20;15;12;23;19;
?;?;?;?;?;?;?;?;?;25;23;19;17;14;1;11;10;27;25;2;0;8;7;3;9;4;4;4;4;4;4;4;4;4;4;24;21;20;15;12;2;2;2;2;2;2;2;2;2;2;
?;?;?;?;?;?;?;?;?;4;4;24;21;20;22;18;16;1;11;10;27;25;2;2;2;2;2;2;2;2;2;2;2;2;2;2;2;2;2;2;2;2;2;2;2;0;8;7;3;9;
?;?;?;?;?;?;?;?;?;?;1;11;10;27;22;18;16;13;26;4;24;21;20;15;12;2;2;2;2;0;8;7;3;9;4;4;4;4;4;4;24;21;20;15;12;2;2;2;0;8;
?;?;?;?;?;?;?;?;?;22;18;16;13;26;4;24;21;20;15;12;23;19;17;14;6;1;11;10;27;25;2;0;8;7;3;9;4;4;4;4;4;4;4;4;4;4;4;4;4;4;
?;?;?;?;?;?;?;?;?;1;11;10;27;25;2;0;8;7;3;1;11;10;27;25;2;2;0;8;7;3;9;4;4;4;4;4;4;4;4;4;24;21;20;15;22;18;16;13;26;4;
?;?;?;?;?;?;?;?;?;25;23;19;17;14;6;1;11;10;27;22;18;16;13;26;4;24;21;20;15;12;2;0;8;7;3;1;11;10;27;25;2;2;2;2;2;2;0;8;7;3;
?;?;?;?;?;?;?;?;?;25;2;0;8;7;3;1;11;10;27;25;2;0;8;7;3;9;4;24;21;20;15;12;2;2;2;0;8;7;3;9;4;4;4;4;4;4;24;21;20;15;
?;?;?;?;?;?;?;?;?;?;4;24;21;20;15;12;2;2;0;8;7;3;9;4;4;24;21;20;15;12;2;0;8;7;3;9;4;4;24;21;20;15;12;2;2;2;0;8;7;3;
?;?;?;?;?;?;?;?;?;25;23;19;17;14;6;4;4;24;21;20;15;12;2;2;2;2;2;2;2;2;2;2;2;0;8;7;3;9;4;4;4;4;4;4;4;4;4;24;21;20;
?;?;?;?;?;?;?;?;?;25;2;2;0;34;29;28;5;2;2;2;0;8;7;3;9;4;24;21;20;22;18;16;13;26;4;4;4;4;4;4;24;21;20;15;12;2;2;2;2;2;
?;?;?;?;?;?;?;?;?;22;18;16;13;26;1;11;10;27;25;2;0;8;7;3;9;4;24;21;20;15;12;2;2;2;2;2;2;2;2;2;2;2;2;2;2;2;2;2;2;2;
?;?;?;?;?;?;?;?;?;25;23;19;17;14;6;4;24;21;20;15;12;2;2;2;2;2;0;8;1;11;10;27;25;2;2;2;2;0;8;7;3;9;4;4;4;4;4;4;24;21;
?;?;?;?;?;?;?;?;?;2;0;8;7;3;1;11;10;27;25;2;0;8;7;3;9;4;4;4;24;21;20;15;12;2;2;0;34;29;28;5;2;2;2;0;8;7;3;9;4;24;
?;?;?;?;?;?;?;?;?;2;2;0;8;7;3;1;11;10;27;25;23;19;17;14;6;4;4;4;4;4;4;4;4;4;4;4;4;4;4;4;4;24;21;20;15;12;2;2;2;2;
?;?;?;?;?;?;?;?;?;18;16;13;26;4;4;4;24;21;20;15;12;2;2;2;2;2;2;2;2;2;2;0;8;7;3;9;4;4;4;4;4;4;4;4;4;24;21;20;15;12;
?;?;?;?;?;?;?;?;?;4;24;21;20;15;12;23;19;17;14;6;1;11;10;27;25;2;2;2;2;2;2;2;0;8;7;3;9;4;4;4;4;4;24;21;20;15;12;2;2;2;
?;?;?;?;?;?;?;?;?;3;9;4;4;4;4;4;4;4;4;4;4;4;4;24;21;20;15;12;2;2;2;2;2;2;2;2;2;0;8;7;3;9;4;4;4;4;4;4;4;4;
?;?;?;?;?;?;?;?;?;4;4;4;4;4;24;21;20;15;12;2;2;2;0;8;7;3;9;4;24;21;20;15;12;2;2;2;2;2;2;2;0;8;7;3;9;4;4;4;24;21;
?;?;?;?;?;?;?;?;?;25;23;19;17;14;6;1;11;10;27;25;2;2;2;0;8;7;3;9;4;4;24;21;20;15;12;2;0;8;7;3;9;4;4;24;21;20;15;12;2;2;
?;?;?;?;?;?;?;?;?;4;4;24;21;20;15;12;2;2;2;2;2;2;2;2;2;0;8;7;3;9;4;4;24;21;20;15;12;2;2;2;2;2;2;2;0;8;7;3;9;4;
?;?;?;?;?;?;?;?;?;4;4;4;4;4;4;4;4;4;4;4;4;24;21;20;15;12;2;2;2;2;2;2;2;2;2;2;2;2;2;2;2;2;2;2;2;2;2;2;2;2;
?;?;?;?;?;?;?;?;?;1;11;10;22;18;16;13;26;4;4;24;21;20;15;12;2;2;2;2;0;8;7;3;9;4;4;4;4;24;21;20;15;12;2;2;2;0;8;7;1;11;
?;?;?;?;?;?;?;?;?;?;1;11;10;27;25;2;0;8;7;3;1;11;10;27;25;2;2;2;2;2;2;2;0;8;7;3;9;4;4;4;24;21;20;15;12;2;2;0;8;7;
?;?;?;?;?;?;?;?;?;?;4;4;4;4;4;4;4;4;4;4;24;21;20;15;22;18;16;13;26;4;24;21;20;15;12;2;2;2;2;2;2;2;2;2;2;2;2;2;2;2;
?;?;?;?;?;?;?;?;?;?;1;11;10;27;25;2;0;8;7;3;1;11;10;22;18;16;13;26;4;24;21;20;15;12;2;2;2;2;0;8;7;3;9;4;4;4;4;24;21;20;
?;?;?;?;?;?;?;?;?;15;12;2;2;2;2;2;2;2;2;2;0;8;7;3;1;11;10;27;25;2;2;2;2;2;0;8;7;3;9;4;4;4;4;4;4;4;24;21;20;15;
?;?;?;?;?;?;?;?;?;18;16;13;26;4;24;21;20;15;12;2;0;8;7;3;9;4;4;4;4;4;4;4;4;4;24;21;20;15;12;2;2;2;2;2;2;2;2;0;8;7;
?;?;?;?;?;?;?;?;?;16;13;26;4;4;24;21;20;22;18;16;13;26;4;4;4;24;21;20;15;12;2;2;2;2;2;2;2;2;2;2;0;8;7;3;9;4;4;4;4;4;