?;?;?;?;?;?;?;?;?;?;?;?;?;4;4;4;4;4;4;4;1;11;23;16;12;133;124;30;30;27;22;17;13;9;34;4;4;4;1;11;23;16;12;133;124;30;30;27;22;17;
?;?;?;?;?;?;?;?;?;?;?;?;?;94;143;142;141;140;139;29;30;30;27;22;17;13;9;34;4;4;4;4;4;4;4;4;4;4;4;4;4;4;4;4;4;4;4;4;4;1;
?;?;?;?;?;?;?;?;?;?;?;?;?;94;93;28;107;0;8;7;3;4;4;4;4;1;11;23;16;12;25;42;138;64;62;60;33;51;30;30;27;22;17;13;9;34;4;1;11;23;
?;?;?;?;?;?;?;?;?;?;?;?;?;93;28;107;105;126;2;133;110;95;94;93;92;34;4;4;1;11;23;16;12;133;124;30;30;27;22;17;13;9;34;4;4;4;4;4;4;4;
?;?;?;?;?;?;?;?;?;?;?;?;?;22;17;13;9;34;4;4;4;4;4;4;4;4;1;11;23;16;12;133;124;123;121;120;13;9;34;4;4;1;11;23;16;12;25;42;41;40;
?;?;?;?;?;?;?;?;?;?;?;?;?;93;92;34;4;4;4;4;4;4;4;1;11;23;16;12;133;124;123;121;120;13;9;34;4;4;4;4;4;4;4;4;4;1;11;23;16;12;
?;?;?;?;?;?;?;?;?;?;?;?;?;40;37;112;108;10;5;2;133;124;30;30;30;30;30;30;30;30;30;27;22;17;13;9;34;4;4;4;4;4;4;4;4;4;1;11;23;16;
?;?;?;?;?;?;?;?;?;?;?;?;?;120;13;9;34;112;108;10;5;2;133;124;123;121;120;13;9;34;4;4;4;4;4;4;4;4;4;4;4;4;4;4;4;4;4;4;4;4;
?;?;?;?;?;?;?;?;?;?;?;?;?;4;4;4;4;4;4;4;4;4;4;4;4;4;4;4;4;4;4;4;4;4;4;4;4;4;4;4;4;4;4;4;4;4;4;4;4;4;
?;?;?;?;?;?;?;?;?;?;?;?;?;40;37;112;108;10;5;2;25;42;41;40;37;34;112;108;10;5;2;25;42;41;143;142;141;140;139;29;30;27;22;17;13;9;34;112;108;10;
?;?;?;?;?;?;?;?;?;?;?;?;?;58;34;4;4;1;11;23;96;80;78;46;63;61;59;54;33;51;30;30;30;30;30;30;30;30;30;30;30;30;30;30;27;22;17;13;9;34;
?;?;?;?;?;?;?;?;?;?;?;?;?;120;132;128;127;100;139;25;42;41;40;37;34;112;0;8;7;3;4;4;4;4;4;1;11;23;16;12;133;124;123;121;120;13;9;130;122;115;
?;?;?;?;?;?;?;?;?;?;?;?;?;5;97;81;79;75;58;34;112;108;10;5;2;25;42;41;40;37;34;112;108;10;5;2;133;124;30;30;30;30;30;27;22;17;13;9;34;4;
?;?;?;?;?;?;?;?;?;?;?;?;?;40;37;34;112;108;10;5;2;133;124;30;30;30;30;30;30;30;27;22;17;13;9;34;4;4;4;4;4;4;4;4;1;11;23;16;12;133;
?;?;?;?;?;?;?;?;?;?;?;?;?;5;97;81;79;75;58;34;4;4;4;4;4;4;4;4;4;4;4;4;1;11;23;16;12;133;124;30;30;30;30;30;30;30;30;30;30;30;
?;?;?;?;?;?;?;?;?;?;?;?;?;4;1;11;23;16;12;133;124;123;121;120;13;9;34;4;4;1;11;23;16;12;133;124;30;27;22;17;13;9;130;122;115;5;2;133;124;30;
?;?;?;?;?;?;?;?;?;?;?;?;?;4;4;4;4;4;4;4;4;4;1;11;23;16;12;133;124;30;27;22;17;13;9;34;4;4;4;4;4;4;1;11;23;16;12;133;124;30;
?;?;?;?;?;?;?;?;?;?;?;?;?;17;13;9;34;4;4;4;4;4;4;4;1;11;23;16;12;133;124;30;30;30;27;22;17;13;9;34;4;4;4;4;4;4;4;4;4;1;
?;?;?;?;?;?;?;?;?;?;?;?;?;4;4;4;4;4;1;11;23;16;12;133;124;30;30;30;30;30;30;27;22;17;13;9;34;4;4;4;4;4;1;11;23;16;12;133;124;123;
?;?;?;?;?;?;?;?;?;?;?;?;?;5;97;81;79;75;58;34;4;4;4;4;4;4;4;4;1;11;23;16;12;133;124;30;30;30;30;30;30;30;30;30;30;30;30;27;22;17;
?;?;?;?;?;?;?;?;?;?;?;?;?;93;92;34;4;4;4;4;4;1;11;23;16;12;133;124;123;121;120;13;9;34;4;4;1;11;23;16;12;133;124;30;30;30;30;30;30;30;
?;?;?;?;?;?;?;?;?;?;?;?;?;93;92;34;112;108;10;5;2;133;124;30;30;30;30;30;30;30;27;22;17;13;9;34;4;4;4;4;1;11;23;16;12;133;124;30;27;22;
?;?;?;?;?;?;?;?;?;?;?;?;?;34;4;1;11;23;16;12;133;124;30;30;27;22;17;13;9;130;122;115;5;2;133;124;30;30;27;22;17;13;9;34;4;4;1;11;23;16;
?;?;?;?;?;?;?;?;?;?;?;?;?;1;11;23;16;12;133;124;30;30;30;30;30;30;30;30;30;30;27;22;17;13;9;34;4;4;4;4;4;4;4;4;4;4;4;4;4;4;
?;?;?;?;?;?;?;?;?;?;?;?;?;13;9;34;4;4;4;4;4;4;4;4;4;4;1;11;23;16;12;133;124;30;30;30;30;30;30;30;30;30;30;30;30;30;30;30;30;27;
?;?;?;?;?;?;?;?;?;?;?;?;?;124;30;27;22;17;13;9;34;4;4;4;4;1;11;23;16;12;133;124;30;30;30;30;30;30;30;30;30;30;27;22;17;111;24;104;100;139;
?;?;?;?;?;?;?;?;?;?;?;?;?;30;30;27;22;17;13;9;34;4;4;4;4;4;4;4;1;11;23;16;97;81;79;75;58;34;4;4;1;11;23;16;12;133;124;123;121;120;
?;?;?;?;?;?;?;?;?;?;?;?;?;5;97;81;79;75;58;34;4;1;11;23;16;12;133;110;95;94;93;28;107;105;126;116;103;102;99;76;34;4;1;11;23;16;12;133;124;30;
?;?;?;?;?;?;?;?;?;?;?;?;?;4;1;11;23;16;97;81;79;75;58;34;4;4;4;1;11;23;16;12;133;124;30;30;30;27;22;17;111;24;104;100;139;29;30;30;30;30;
?;?;?;?;?;?;?;?;?;?;?;?;?;4;4;4;4;4;4;4;4;4;4;4;4;4;4;4;4;4;4;4;4;4;4;4;4;4;4;4;4;4;4;4;4;4;4;4;4;4;
?;?;?;?;?;?;?;?;?;?;?;?;?;5;2;25;42;41;40;37;34;4;1;11;23;16;12;133;124;30;30;30;30;30;27;22;17;13;9;34;4;1;11;0;8;7;3;4;4;4;
?;?;?;?;?;?;?;?;?;?;?;?;?;40;37;112;108;10;5;2;133;124;123;121;120;132;128;127;100;139;29;30;27;22;17;13;9;34;4;4;4;1;11;23;16;12;133;124;30;30;
?;?;?;?;?;?;?;?;?;?;?;?;?;5;2;133;124;30;30;30;30;30;30;30;30;30;27;22;17;13;9;34;4;4;4;4;4;4;4;4;4;4;4;4;1;11;23;16;12;133;
?;?;?;?;?;?;?;?;?;?;?;?;?;40;37;34;112;108;10;5;2;25;42;138;64;62;60;33;51;30;30;30;27;22;17;13;28;107;105;126;2;133;124;123;121;120;13;9;34;4;
?;?;?;?;?;?;?;?;?;?;?;?;?;5;2;133;124;30;30;30;30;27;22;17;13;9;34;4;4;4;4;1;11;23;16;12;133;124;30;30;30;27;22;17;13;9;34;4;4;1;
?;?;?;?;?;?;?;?;?;?;?;?;?;5;2;25;42;138;64;62;60;33;51;30;27;22;17;13;9;34;112;108;10;5;2;133;124;30;30;30;30;27;22;17;13;9;34;4;4;4;
?;?;?;?;?;?;?;?;?;?;?;?;?;40;37;112;108;10;5;2;133;110;95;94;93;92;130;122;115;5;2;133;124;123;121;120;13;9;34;4;4;4;4;4;4;4;4;4;4;4;
?;?;?;?;?;?;?;?;?;?;?;?;?;30;30;30;30;30;30;30;27;22;17;13;9;34;4;4;4;1;11;23;16;12;25;42;41;40;37;34;4;4;4;4;4;1;11;23;16;12;
?;?;?;?;?;?;?;?;?;?;?;?;?;5;2;133;110;95;94;93;92;34;4;1;11;23;16;12;133;124;30;30;30;30;27;22;17;13;9;34;4;4;4;4;4;4;1;11;23;16;
?;?;?;?;?;?;?;?;?;?;?;?;?;40;37;112;108;10;5;2;133;110;95;94;93;92;34;4;1;11;23;96;80;78;74;66;137;136;135;134;125;124;123;121;88;86;82;77;73;114;
?;?;?;?;?;?;?;?;?;?;?;?;?;2;133;110;95;94;93;92;34;4;1;11;23;16;12;25;42;138;64;62;60;33;51;30;30;30;30;30;30;30;30;30;27;22;17;13;9;34;
?;?;?;?;?;?;?;?;?;?;?;?;?;0;8;7;3;4;4;4;4;1;11;23;16;12;133;124;30;30;30;27;22;17;13;9;34;4;4;4;4;1;11;23;16;12;133;124;30;30;
?;?;?;?;?;?;?;?;?;?;?;?;?;4;4;4;4;4;1;11;23;16;12;133;124;30;30;30;30;30;30;27;22;17;13;9;34;112;108;10;5;2;133;124;30;30;30;30;30;30;
?;?;?;?;?;?;?;?;?;?;?;?;?;40;37;112;108;10;5;2;133;110;95;94;93;92;130;122;115;5;2;133;124;30;27;22;17;13;9;34;4;4;4;4;4;4;4;4;4;4;
?;?;?;?;?;?;?;?;?;?;?;?;?;30;30;30;27;22;17;13;9;34;4;4;4;4;4;4;4;4;4;4;4;4;4;4;1;11;23;16;12;133;124;30;30;27;22;17;13;9;
?;?;?;?;?;?;?;?;?;?;?;?;?;5;2;133;124;30;30;30;30;30;30;30;30;30;30;30;27;22;17;13;9;34;4;4;4;4;4;4;4;4;4;4;4;1;11;23;16;12;
?;?;?;?;?;?;?;?;?;?;?;?;?;4;4;4;1;11;23;16;12;133;124;30;30;30;30;30;30;27;22;17;13;9;34;4;4;4;4;4;4;4;4;4;4;4;4;1;11;23;
?;?;?;?;?;?;?;?;?;?;?;?;?;93;92;34;4;4;4;4;4;4;1;11;23;16;12;133;124;123;121;120;13;9;34;112;108;10;5;2;133;124;30;30;30;30;30;30;30;27;
?;?;?;?;?;?;?;?;?;?;?;?;?;5;97;81;79;75;58;34;4;4;1;0;8;7;3;4;4;4;4;1;11;23;16;12;133;124;30;30;30;30;30;30;30;30;27;22;17;13;
?;?;?;?;?;?;?;?;?;?;?;?;?;17;13;9;34;4;4;4;4;4;4;1;11;23;16;97;81;79;75;58;34;4;1;11;23;16;12;133;124;30;30;30;27;22;17;13;9;34;
?;?;?;?;?;?;?;?;?;?;?;?;?;4;4;1;11;23;16;12;133;124;30;30;30;30;30;30;27;22;17;111;24;104;100;139;29;30;30;27;22;17;13;9;130;122;115;5;2;133;
?;?;?;?;?;?;?;?;?;?;?;?;?;4;4;4;4;1;11;23;16;12;133;124;30;30;30;30;30;30;30;27;22;17;13;9;34;4;4;4;4;4;4;4;4;4;4;4;4;4;
?;?;?;?;?;?;?;?;?;?;?;?;?;58;34;112;108;10;5;2;133;110;95;94;93;92;34;4;4;4;4;4;4;4;1;11;23;16;12;133;124;30;30;30;30;30;30;30;30;30;
?;?;?;?;?;?;?;?;?;?;?;?;?;22;17;13;9;34;4;4;4;4;4;4;1;11;23;16;12;133;124;30;30;30;27;22;17;13;9;34;4;4;4;1;11;23;16;12;133;110;
?;?;?;?;?;?;?;?;?;?;?;?;?;40;37;112;108;10;5;97;81;79;75;58;34;4;1;11;23;16;12;133;124;30;30;30;30;30;30;30;30;27;22;17;13;28;107;105;126;2;
?;?;?;?;?;?;?;?;?;?;?;?;?;4;4;4;4;1;11;23;16;12;133;124;30;30;30;30;27;22;17;13;9;34;4;4;4;4;1;11;23;16;12;133;124;30;30;30;30;30;
?;?;?;?;?;?;?;?;?;?;?;?;?;4;4;4;1;11;23;16;12;133;124;30;30;27;22;17;13;9;34;4;4;4;4;1;11;23;16;12;133;124;30;30;30;30;30;27;22;17;
?;?;?;?;?;?;?;?;?;?;?;?;?;4;1;11;23;16;12;133;124;123;121;120;13;9;34;4;1;11;23;16;12;133;124;30;30;27;22;17;13;9;34;4;4;4;4;4;4;4;
?;?;?;?;?;?;?;?;?;?;?;?;?;30;30;30;27;22;17;13;9;34;4;4;4;4;4;4;4;4;4;4;4;4;4;4;4;4;4;4;4;4;4;4;4;4;4;4;4;4;
?;?;?;?;?;?;?;?;?;?;?;?;?;4;4;4;4;4;4;4;4;4;4;4;4;4;4;4;4;4;1;11;23;16;12;133;124;123;121;120;13;9;130;122;115;5;2;133;124;30;
?;?;?;?;?;?;?;?;?;?;?;?;?;23;96;80;46;63;61;59;54;33;51;30;27;22;17;13;9;34;4;1;11;23;16;12;133;124;30;30;30;30;30;30;30;30;27;22;17;13;
?;?;?;?;?;?;?;?;?;?;?;?;?;22;17;13;9;34;4;4;4;1;11;23;16;12;133;124;30;30;30;27;22;17;13;9;34;4;4;4;4;4;4;4;4;4;4;4;4;1;
?;?;?;?;?;?;?;?;?;?;?;?;?;96;80;78;74;34;4;1;11;23;16;12;133;110;95;94;93;92;130;122;115;5;2;133;124;30;30;30;27;22;17;13;9;34;4;4;4;4;
?;?;?;?;?;?;?;?;?;?;?;?;?;124;123;121;120;13;9;34;4;4;4;1;11;23;16;12;133;110;95;94;93;92;34;112;108;10;5;2;133;124;30;30;27;22;17;13;9;34;
?;?;?;?;?;?;?;?;?;?;?;?;?;120;13;9;34;4;1;11;23;16;12;133;124;30;27;22;17;13;9;34;4;4;1;11;23;16;12;133;110;95;94;93;28;107;105;126;2;133;
?;?;?;?;?;?;?;?;?;?;?;?;?;4;1;11;23;16;12;133;124;30;30;30;30;30;30;30;30;27;22;17;13;9;34;4;4;4;4;4;4;1;11;23;16;12;133;124;30;30;
?;?;?;?;?;?;?;?;?;?;?;?;?;5;2;25;42;41;40;112;108;10;5;2;133;124;123;121;120;132;128;127;100;139;25;42;41;40;112;108;10;5;2;25;42;41;40;37;34;4;
?;?;?;?;?;?;?;?;?;?;?;?;?;2;25;42;41;40;37;34;4;1;11;23;16;12;133;124;30;27;22;17;13;9;34;4;4;4;4;1;11;23;16;12;133;124;123;121;120;13;
?;?;?;?;?;?;?;?;?;?;?;?;?;37;34;4;4;4;4;4;4;4;4;1;11;23;16;12;133;124;30;30;30;30;30;27;22;17;13;9;130;122;115;5;2;133;124;30;30;30;
?;?;?;?;?;?;?;?;?;?;?;?;?;120;132;128;127;100;0;8;7;3;4;4;4;1;11;23;16;12;25;42;41;40;37;34;4;4;1;11;23;16;12;133;124;30;30;30;30;30;
?;?;?;?;?;?;?;?;?;?;?;?;?;4;4;4;4;4;4;4;4;1;11;23;16;12;133;124;30;30;30;30;30;30;30;30;30;30;30;30;30;30;30;30;30;30;27;22;17;13;
?;?;?;?;?;?;?;?;?;?;?;?;?;30;30;30;30;27;22;17;13;9;34;4;4;4;4;1;11;23;16;97;81;79;75;58;34;4;4;4;4;4;1;11;23;16;12;133;124;30;
?;?;?;?;?;?;?;?;?;?;?;?;?;40;37;34;4;4;4;4;4;4;4;4;1;11;23;16;12;133;124;123;121;120;13;9;130;122;115;5;2;133;124;30;30;30;30;30;27;22;
?;?;?;?;?;?;?;?;?;?;?;?;?;10;96;80;78;74;34;4;1;11;23;16;12;133;124;30;30;30;30;30;30;30;30;30;30;30;30;30;27;22;17;13;9;34;4;4;4;4;
?;?;?;?;?;?;?;?;?;?;?;?;?;5;97;81;79;75;58;34;112;108;10;5;2;133;110;95;94;93;92;130;122;115;5;2;133;124;30;30;30;27;22;17;13;9;34;4;4;4;
?;?;?;?;?;?;?;?;?;?;?;?;?;30;27;22;17;13;9;34;4;4;4;4;4;4;4;4;4;4;1;11;23;96;80;78;74;34;4;1;11;23;16;12;133;124;30;30;30;27;
?;?;?;?;?;?;?;?;?;?;?;?;?;4;4;1;11;23;16;12;133;124;123;121;120;13;9;34;4;4;4;4;4;4;1;11;23;16;12;133;124;30;30;27;22;17;13;9;34;4;
?;?;?;?;?;?;?;?;?;?;?;?;?;27;22;17;13;9;34;4;4;1;11;23;16;12;133;124;30;30;30;30;30;30;30;27;22;17;13;9;34;4;4;1;11;0;8;7;3;4;
?;?;?;?;?;?;?;?;?;?;?;?;?;40;112;108;10;5;2;133;110;95;94;93;28;107;105;126;2;133;110;95;94;93;92;130;122;115;5;2;133;110;95;94;93;92;34;4;4;4;
?;?;?;?;?;?;?;?;?;?;?;?;?;23;16;12;133;124;123;121;120;13;9;34;4;4;1;11;23;16;12;133;124;30;30;30;30;30;30;30;30;30;30;30;30;30;30;30;30;30;
?;?;?;?;?;?;?;?;?;?;?;?;?;94;93;92;34;4;4;4;4;4;4;1;11;23;16;12;133;124;30;27;22;17;13;9;130;122;115;5;2;133;110;95;94;93;92;34;4;4;
?;?;?;?;?;?;?;?;?;?;?;?;?;25;42;41;40;37;34;4;4;1;11;23;16;12;133;124;30;30;30;30;30;30;30;27;22;17;13;9;34;112;108;10;5;2;133;124;30;30;
?;?;?;?;?;?;?;?;?;?;?;?;?;2;133;110;95;94;93;92;130;122;115;5;97;81;79;75;58;34;4;4;1;11;23;16;12;133;110;95;94;93;28;107;105;126;2;133;124;30;
?;?;?;?;?;?;?;?;?;?;?;?;?;75;58;34;4;4;4;4;1;11;23;16;12;133;124;30;30;30;30;30;30;27;22;17;13;9;34;4;4;4;4;4;4;4;4;4;4;4;
?;?;?;?;?;?;?;?;?;?;?;?;?;4;4;4;4;4;4;4;4;4;1;11;23;16;12;133;124;30;30;30;30;30;30;30;30;30;30;30;30;30;30;27;22;17;13;9;34;4;
?;?;?;?;?;?;?;?;?;?;?;?;?;58;34;4;4;4;4;4;4;4;4;4;4;4;4;1;11;23;16;12;133;124;30;30;30;30;30;30;30;30;30;30;30;30;27;22;17;13;
?;?;?;?;?;?;?;?;?;?;?;?;?;4;4;4;4;4;4;4;4;4;1;11;23;16;12;133;110;95;94;93;92;34;4;4;1;11;23;16;12;133;124;30;30;30;30;30;30;30;
?;?;?;?;?;?;?;?;?;?;?;?;?;133;124;30;30;30;30;30;30;30;30;30;30;30;30;30;30;30;30;30;27;22;17;13;9;34;4;4;4;4;4;1;11;23;16;12;133;124;
?;?;?;?;?;?;?;?;?;?;?;?;?;5;2;133;124;30;30;30;30;30;30;30;27;22;17;13;9;34;4;4;4;1;11;23;96;80;78;74;34;4;4;4;4;1;11;23;16;12;
?;?;?;?;?;?;?;?;?;?;?;?;?;30;30;30;27;22;17;13;9;34;4;4;1;11;23;16;12;133;124;30;30;27;22;17;13;9;34;4;4;1;11;23;16;12;133;124;30;30;
?;?;?;?;?;?;?;?;?;?;?;?;?;94;93;92;34;4;4;1;11;23;16;12;133;124;123;121;120;13;9;34;4;4;4;1;11;23;16;12;133;124;30;27;22;17;13;9;34;4;
?;?;?;?;?;?;?;?;?;?;?;?;?;120;13;9;34;4;4;4;4;4;4;4;4;1;11;23;16;97;81;79;75;58;34;4;1;11;23;16;12;133;124;30;27;22;17;13;9;34;
?;?;?;?;?;?;?;?;?;?;?;?;?;30;30;27;22;17;13;28;107;105;126;2;133;124;30;30;27;22;17;13;9;34;4;4;4;4;4;4;4;4;4;4;1;11;23;16;12;133;
?;?;?;?;?;?;?;?;?;?;?;?;?;5;2;25;42;41;40;37;112;108;10;5;2;133;110;95;94;93;92;34;4;4;1;11;23;16;12;133;124;30;30;30;30;30;30;30;30;27;
?;?;?;?;?;?;?;?;?;?;?;?;?;5;2;25;42;41;40;37;112;108;10;5;97;81;79;75;58;34;4;4;1;11;23;16;12;133;110;95;94;93;92;130;122;115;5;2;133;124;
?;?;?;?;?;?;?;?;?;?;?;?;?;23;16;12;25;42;41;40;37;34;4;4;4;1;11;23;16;12;133;124;30;30;30;30;30;27;22;17;13;9;34;4;4;4;4;1;11;23;
?;?;?;?;?;?;?;?;?;?;?;?;?;5;2;133;124;123;121;88;86;82;0;8;7;3;4;4;4;4;1;11;23;16;12;133;110;95;94;93;92;130;122;115;5;2;133;124;123;121;
?;?;?;?;?;?;?;?;?;?;?;?;?;41;40;37;34;112;108;10;5;2;133;124;30;30;30;30;27;22;17;13;9;34;112;108;10;5;2;133;110;95;94;93;92;34;4;4;1;11;
?;?;?;?;?;?;?;?;?;?;?;?;?;4;4;4;4;4;1;11;23;16;12;133;124;30;30;30;30;30;30;30;30;30;30;27;22;17;13;9;34;4;4;1;11;23;16;12;133;124;
?;?;?;?;?;?;?;?;?;?;?;?;?;93;92;34;4;1;11;23;96;80;78;74;34;4;1;11;23;16;12;133;124;30;30;30;30;30;30;30;30;27;22;17;13;9;34;4;1;11;
?;?;?;?;?;?;?;?;?;?;?;?;?;2;25;42;41;40;37;34;4;4;1;11;23;16;12;133;124;30;30;30;30;30;30;27;22;17;13;9;34;4;4;1;11;23;16;12;133;124;
?;?;?;?;?;?;?;?;?;?;?;?;?;23;96;80;78;74;34;4;1;11;23;16;12;133;124;30;30;30;30;30;30;30;30;30;30;30;30;30;30;30;30;30;30;30;27;22;17;13;
?;?;?;?;?;?;?;?;?;?;?;?;?;5;2;25;42;41;40;37;112;108;10;5;2;133;110;95;94;143;142;141;140;139;29;30;30;30;27;22;17;13;9;34;112;108;10;5;2;133;
?;?;?;?;?;?;?;?;?;?;?;?;?;8;7;3;4;4;4;4;4;1;11;23;16;12;133;124;30;30;30;30;30;30;30;30;27;22;17;13;9;34;4;4;4;4;4;4;4;4;
?;?;?;?;?;?;?;?;?;?;?;?;?;30;30;30;30;30;30;30;30;27;22;17;13;9;34;4;1;11;0;8;7;3;4;4;4;4;1;11;23;16;12;133;124;30;30;30;30;30;
?;?;?;?;?;?;?;?;?;?;?;?;?;23;16;12;133;124;30;30;30;30;30;30;30;27;22;17;13;9;130;122;115;5;97;81;79;75;58;34;4;4;4;4;4;4;1;11;23;16;
?;?;?;?;?;?;?;?;?;?;?;?;?;8;7;3;4;4;4;4;4;1;11;23;16;12;133;124;30;30;30;30;30;30;27;22;17;13;9;34;112;108;10;5;2;133;124;30;30;27;
?;?;?;?;?;?;?;?;?;?;?;?;?;2;133;124;123;121;120;13;9;34;4;4;4;4;4;4;4;4;4;4;4;4;4;4;4;4;4;4;1;11;23;16;12;133;124;30;30;27;
?;?;?;?;?;?;?;?;?;?;?;?;?;5;2;133;124;123;121;120;13;9;34;4;4;4;4;4;4;4;4;4;1;11;23;16;97;81;79;75;58;34;4;4;4;1;11;23;16;97;
?;?;?;?;?;?;?;?;?;?;?;?;?;93;92;130;122;115;5;97;81;79;75;58;34;4;1;11;23;96;80;78;74;34;4;4;1;11;23;16;12;133;124;30;27;22;17;13;9;34;
?;?;?;?;?;?;?;?;?;?;?;?;?;58;34;4;1;11;23;16;12;25;42;41;40;112;108;10;5;2;133;124;30;30;30;30;30;30;30;30;27;22;17;13;9;34;4;4;4;1;
?;?;?;?;?;?;?;?;?;?;?;?;?;40;37;112;108;10;5;2;25;42;41;40;37;34;112;108;10;5;2;133;124;123;121;120;13;28;107;105;126;2;133;124;30;30;27;22;17;13;
?;?;?;?;?;?;?;?;?;?;?;?;?;124;30;27;22;17;13;28;107;105;126;2;133;124;30;30;27;22;88;86;82;77;0;8;7;3;4;4;4;4;4;4;4;1;11;23;16;12;
?;?;?;?;?;?;?;?;?;?;?;?;?;5;2;133;124;30;30;27;22;17;13;9;34;4;4;4;4;4;4;4;1;11;23;16;12;133;124;30;30;30;30;30;30;30;30;30;30;30;
?;?;?;?;?;?;?;?;?;?;?;?;?;5;2;133;124;30;30;30;30;30;30;30;27;22;17;13;9;34;4;4;4;4;4;4;4;4;4;4;4;1;11;23;16;12;133;124;30;30;
?;?;?;?;?;?;?;?;?;?;?;?;?;5;2;25;42;41;40;37;34;4;4;4;4;4;4;4;4;4;4;1;11;23;16;12;133;124;30;30;30;30;30;30;30;30;27;22;17;13;
?;?;?;?;?;?;?;?;?;?;?;?;?;30;30;27;22;17;13;9;34;4;4;4;4;4;4;4;4;4;4;4;4;4;4;4;4;4;4;1;11;23;16;12;133;124;123;121;120;13;
?;?;?;?;?;?;?;?;?;?;?;?;?;5;2;133;124;30;30;30;30;30;27;22;17;13;9;34;4;4;1;11;23;16;12;133;124;30;30;30;30;30;30;30;30;30;30;30;27;22;
?;?;?;?;?;?;?;?;?;?;?;?;?;1;11;23;16;12;133;124;30;27;22;17;13;9;34;4;1;11;23;16;12;133;124;30;30;30;30;30;30;30;27;22;17;13;9;34;112;108;
?;?;?;?;?;?;?;?;?;?;?;?;?;29;30;30;30;30;30;30;30;30;30;30;30;27;22;17;13;9;34;4;4;4;4;4;4;4;4;4;4;4;4;4;4;1;11;23;16;12;
?;?;?;?;?;?;?;?;?;?;?;?;?;10;5;97;81;46;63;61;59;54;33;51;30;30;27;22;17;13;9;34;4;4;4;4;4;4;4;4;4;4;4;4;4;1;11;23;16;12;
?;?;?;?;?;?;?;?;?;?;?;?;?;2;133;124;30;27;22;17;13;9;130;122;0;8;7;3;4;4;4;4;4;4;4;4;4;4;4;4;4;4;4;4;4;4;4;4;4;1;
?;?;?;?;?;?;?;?;?;?;?;?;?;126;116;103;102;99;76;34;4;4;4;4;4;4;4;4;4;4;4;4;4;4;1;11;23;16;12;133;124;30;30;30;30;30;30;30;30;30;
?;?;?;?;?;?;?;?;?;?;?;?;?;22;17;13;9;34;4;4;4;4;4;1;11;23;16;12;25;91;72;71;70;68;56;53;49;48;27;22;17;13;9;34;4;4;1;11;23;16;
?;?;?;?;?;?;?;?;?;?;?;?;?;113;109;106;101;98;89;87;21;19;15;3;4;4;4;4;4;4;4;1;11;23;16;12;133;124;30;30;30;30;27;22;17;13;9;34;4;4;
?;?;?;?;?;?;?;?;?;?;?;?;?;30;27;22;17;13;9;34;4;4;4;4;1;11;23;16;12;133;124;30;30;30;27;22;17;13;9;34;4;1;11;23;16;12;133;124;30;30;
?;?;?;?;?;?;?;?;?;?;?;?;?;4;4;4;4;4;1;11;23;16;12;133;124;30;27;22;17;13;28;107;105;126;2;133;124;30;30;27;22;17;13;9;34;4;4;1;11;23;
?;?;?;?;?;?;?;?;?;?;?;?;?;5;97;81;79;75;58;34;4;1;11;23;16;12;133;124;123;121;120;13;9;34;4;1;11;23;16;12;133;124;30;30;30;30;27;22;17;13;
?;?;?;?;?;?;?;?;?;?;?;?;?;23;16;12;133;124;30;30;30;30;30;30;30;30;30;27;22;17;13;9;34;4;4;1;11;23;16;12;133;124;30;30;30;30;30;30;30;30;
?;?;?;?;?;?;?;?;?;?;?;?;?;4;4;4;4;4;4;4;4;4;4;4;4;4;4;4;4;4;4;4;4;4;4;4;4;4;4;4;4;4;4;4;4;4;4;4;4;4;
?;?;?;?;?;?;?;?;?;?;?;?;?;4;4;4;4;4;4;4;4;4;4;4;4;4;4;4;1;11;23;16;12;133;124;30;30;30;30;30;30;30;30;30;30;30;30;30;27;22;
?;?;?;?;?;?;?;?;?;?;?;?;?;30;27;22;17;13;9;34;4;4;4;4;4;4;4;4;1;11;23;16;12;133;124;30;30;27;22;17;13;9;34;4;4;4;4;4;4;1;
?;?;?;?;?;?;?;?;?;?;?;?;?;2;133;124;30;30;30;30;30;30;27;22;17;13;9;34;4;4;4;4;4;4;4;4;4;4;4;4;4;4;4;4;4;4;4;1;11;23;
?;?;?;?;?;?;?;?;?;?;?;?;?;40;37;112;108;10;5;2;133;110;95;94;93;28;107;105;126;2;133;110;95;94;93;92;34;4;4;4;4;4;4;4;1;11;23;16;12;133;
?;?;?;?;?;?;?;?;?;?;?;?;?;5;2;133;110;95;94;143;142;141;140;139;29;110;95;94;93;28;107;105;126;2;25;42;41;40;37;112;108;10;5;2;133;124;123;121;120;13;
?;?;?;?;?;?;?;?;?;?;?;?;?;58;34;4;1;11;23;16;12;25;42;41;40;112;108;10;5;2;133;124;30;30;30;30;30;30;27;22;17;13;9;34;4;4;4;1;11;23;
?;?;?;?;?;?;?;?;?;?;?;?;?;11;23;16;12;133;124;30;30;30;30;30;30;30;30;30;30;30;30;27;22;17;13;9;34;4;4;4;4;4;4;4;4;4;4;4;4;4;
?;?;?;?;?;?;?;?;?;?;?;?;?;30;27;22;17;13;28;107;105;126;2;133;124;30;30;30;30;30;30;30;30;27;22;17;13;9;34;4;4;4;4;4;4;4;4;1;11;23;
?;?;?;?;?;?;?;?;?;?;?;?;?;1;11;23;16;12;133;124;30;30;30;30;27;22;17;13;9;34;4;4;4;1;11;23;16;12;133;124;30;30;30;30;27;22;17;13;9;130;
?;?;?;?;?;?;?;?;?;?;?;?;?;5;97;81;79;75;58;34;4;4;4;4;4;4;4;4;4;4;4;4;1;11;23;16;12;133;124;30;30;30;30;30;30;30;30;30;30;30;
?;?;?;?;?;?;?;?;?;?;?;?;?;23;16;97;81;79;138;64;62;60;33;51;30;30;27;22;17;13;9;34;4;4;4;4;1;11;23;16;12;133;124;30;30;30;30;27;22;17;
?;?;?;?;?;?;?;?;?;?;?;?;?;58;34;112;108;10;5;2;133;124;30;27;113;109;106;101;98;89;87;21;19;143;142;141;140;139;29;30;30;30;30;30;27;22;17;13;9;34;
?;?;?;?;?;?;?;?;?;?;?;?;?;113;109;106;101;98;89;50;49;48;31;67;51;30;30;30;30;30;27;22;17;13;9;34;4;4;4;4;4;4;4;4;1;11;23;16;12;133;
?;?;?;?;?;?;?;?;?;?;?;?;?;4;4;4;1;11;0;8;7;3;4;4;4;4;4;4;1;11;23;16;12;133;124;30;30;30;30;30;30;30;30;30;30;30;30;30;30;30;
?;?;?;?;?;?;?;?;?;?;?;?;?;30;27;22;17;13;9;34;4;1;11;23;16;97;81;79;75;58;34;112;108;10;5;2;133;110;95;94;93;92;34;4;4;4;1;11;23;16;
?;?;?;?;?;?;?;?;?;?;?;?;?;30;30;30;27;22;17;13;9;34;4;4;4;4;4;1;11;23;16;97;65;43;38;35;32;69;57;90;48;31;67;27;22;17;13;9;34;4;
?;?;?;?;?;?;?;?;?;?;?;?;?;5;97;81;79;75;58;34;4;4;4;1;11;23;16;12;133;124;30;30;30;27;22;17;13;9;34;4;1;11;23;16;12;133;124;30;30;30;
?;?;?;?;?;?;?;?;?;?;?;?;?;5;2;133;110;95;94;93;92;130;122;0;8;7;3;4;4;4;4;4;1;11;23;16;12;133;124;30;30;30;30;27;22;17;13;9;34;4;
?;?;?;?;?;?;?;?;?;?;?;?;?;34;4;4;4;4;4;4;1;11;23;16;12;133;124;30;30;27;22;17;13;9;34;112;108;10;5;2;133;124;30;30;30;30;27;22;17;13;
?;?;?;?;?;?;?;?;?;?;?;?;?;5;2;133;124;30;30;30;30;30;30;30;30;27;22;17;13;9;34;4;4;4;4;4;4;4;4;4;4;4;4;4;4;4;4;4;4;4;
?;?;?;?;?;?;?;?;?;?;?;?;?;12;133;110;95;94;93;92;130;122;115;5;2;133;124;30;30;30;30;30;30;30;30;27;22;17;13;9;34;4;1;11;23;16;12;133;124;30;
?;?;?;?;?;?;?;?;?;?;?;?;?;13;28;107;105;126;2;133;110;95;94;93;92;34;4;4;4;4;1;11;23;16;12;133;124;123;121;120;13;28;107;105;126;2;133;124;123;121;
?;?;?;?;?;?;?;?;?;?;?;?;?;5;2;25;42;41;40;37;34;4;4;1;11;23;16;97;81;79;75;58;112;108;10;5;2;133;124;30;30;30;30;27;22;17;13;9;34;112;
?;?;?;?;?;?;?;?;?;?;?;?;?;5;97;81;79;75;58;34;112;108;10;5;2;133;124;30;30;30;30;30;30;30;30;30;30;30;30;30;27;22;17;13;9;34;4;4;4;4;
?;?;?;?;?;?;?;?;?;?;?;?;?;34;4;4;4;1;11;23;16;12;133;124;123;121;120;13;9;34;4;4;4;4;1;11;23;16;12;133;124;30;30;30;30;30;30;30;30;30;
?;?;?;?;?;?;?;?;?;?;?;?;?;4;4;4;4;4;4;4;4;4;1;11;23;16;12;133;124;30;30;30;30;30;30;30;27;22;17;13;28;107;105;126;116;103;102;99;76;34;
?;?;?;?;?;?;?;?;?;?;?;?;?;5;2;133;124;30;30;30;30;30;30;30;30;30;27;22;17;13;9;34;4;4;4;4;4;4;4;1;11;23;16;12;133;124;123;121;120;13;
?;?;?;?;?;?;?;?;?;?;?;?;?;114;30;30;30;30;27;22;17;13;9;34;4;4;4;4;4;4;4;4;4;4;4;4;1;11;23;16;12;133;124;30;30;30;30;30;30;30;
?;?;?;?;?;?;?;?;?;?;?;?;?;120;13;9;34;4;4;4;4;4;4;4;1;11;23;16;12;133;110;95;94;143;142;141;140;139;29;110;95;94;93;92;130;122;115;5;2;133;
?;?;?;?;?;?;?;?;?;?;?;?;?;5;2;133;124;30;30;30;30;30;30;30;27;22;17;13;9;34;112;108;10;5;2;133;124;123;121;120;13;9;34;4;4;4;4;4;4;4;
?;?;?;?;?;?;?;?;?;?;?;?;?;93;92;34;112;108;10;5;2;133;124;30;30;30;30;30;30;27;22;17;13;9;34;4;4;1;11;23;96;80;78;74;34;4;4;4;4;4;
?;?;?;?;?;?;?;?;?;?;?;?;?;5;2;25;42;41;40;37;112;108;10;5;2;25;42;41;40;37;34;4;4;4;4;4;4;4;4;1;11;23;16;12;133;124;30;30;30;30;
?;?;?;?;?;?;?;?;?;?;?;?;?;133;124;30;30;30;30;30;30;30;27;22;17;13;9;34;4;4;4;4;4;4;4;4;4;4;1;11;23;16;12;133;124;30;30;30;27;22;
?;?;?;?;?;?;?;?;?;?;?;?;?;143;142;141;140;139;29;110;95;94;93;92;34;4;1;11;23;16;12;133;124;123;121;120;13;9;130;122;115;5;2;133;124;30;30;30;30;27;
?;?;?;?;?;?;?;?;?;?;?;?;?;5;2;133;124;30;27;22;17;13;9;34;4;4;4;4;4;1;11;23;16;12;133;110;95;94;93;92;34;112;108;10;5;2;133;110;95;94;
?;?;?;?;?;?;?;?;?;?;?;?;?;5;2;133;124;30;30;30;30;30;30;30;30;30;27;22;17;13;9;130;122;115;5;97;81;79;75;58;34;4;4;4;1;11;23;16;12;133;
?;?;?;?;?;?;?;?;?;?;?;?;?;4;4;4;4;4;4;4;1;11;23;16;12;25;42;41;40;112;108;10;5;2;133;124;30;30;30;30;30;30;30;30;30;30;30;30;27;22;
?;?;?;?;?;?;?;?;?;?;?;?;?;96;80;78;74;34;4;4;4;4;4;1;11;23;16;12;133;124;30;30;27;22;17;13;9;34;4;4;1;11;23;16;12;133;124;30;30;30;
?;?;?;?;?;?;?;?;?;?;?;?;?;27;22;17;111;24;104;100;139;29;30;30;27;22;17;13;9;34;4;4;4;4;1;0;8;7;3;4;4;4;4;4;4;4;4;4;4;4;
?;?;?;?;?;?;?;?;?;?;?;?;?;29;30;27;22;17;13;9;34;4;1;11;23;16;97;81;79;75;58;34;4;4;1;11;23;16;12;133;124;30;30;30;30;30;30;30;30;30;
?;?;?;?;?;?;?;?;?;?;?;?;?;27;22;17;13;9;34;4;4;4;1;11;23;16;12;133;124;30;30;27;22;17;13;9;34;4;4;4;4;1;11;23;16;12;133;124;30;30;
?;?;?;?;?;?;?;?;?;?;?;?;?;93;92;34;4;4;4;4;1;11;23;16;12;133;124;30;27;22;17;13;9;34;4;1;11;23;16;12;133;124;30;30;30;27;22;17;13;9;
?;?;?;?;?;?;?;?;?;?;?;?;?;30;30;30;30;30;27;22;17;13;9;34;4;4;4;4;4;4;4;4;4;4;4;4;4;4;4;4;4;1;11;23;16;12;133;124;30;30;
?;?;?;?;?;?;?;?;?;?;?;?;?;5;2;133;124;30;30;30;30;30;30;30;30;30;27;22;17;13;9;34;4;4;4;4;4;4;4;4;4;4;4;1;11;23;16;12;133;110;
?;?;?;?;?;?;?;?;?;?;?;?;?;133;124;123;121;120;13;9;34;4;4;4;1;11;23;96;80;78;74;34;4;4;4;1;11;23;16;12;133;124;30;30;27;22;17;111;24;104;
?;?;?;?;?;?;?;?;?;?;?;?;?;23;16;12;25;42;41;40;37;34;4;4;4;1;11;23;16;12;133;124;30;30;30;30;27;22;17;13;9;34;4;4;4;1;11;23;96;80;
?;?;?;?;?;?;?;?;?;?;?;?;?;5;2;133;124;123;121;88;86;82;77;73;114;30;30;30;30;30;30;30;27;22;17;13;9;34;4;1;11;23;16;12;133;124;123;121;120;13;
?;?;?;?;?;?;?;?;?;?;?;?;?;40;37;112;108;10;5;2;25;42;41;40;37;34;112;108;10;5;2;133;124;30;30;30;30;30;30;27;22;17;13;9;34;4;4;4;1;11;
?;?;?;?;?;?;?;?;?;?;?;?;?;40;112;108;10;5;2;133;124;30;27;22;17;13;9;34;4;4;4;1;11;23;16;12;133;110;95;94;93;92;34;4;4;4;4;1;11;23;
?;?;?;?;?;?;?;?;?;?;?;?;?;17;13;9;34;4;4;4;4;4;4;4;4;4;4;1;11;23;16;12;133;124;30;30;30;30;27;22;17;13;9;34;4;4;4;1;11;23;
?;?;?;?;?;?;?;?;?;?;?;?;?;40;37;112;108;10;5;2;133;124;30;30;30;30;30;30;30;27;22;17;13;9;34;4;4;4;1;11;23;16;12;133;124;123;121;120;13;9;
?;?;?;?;?;?;?;?;?;?;?;?;?;143;142;141;140;139;29;30;27;22;17;13;9;34;4;4;4;4;1;11;23;16;12;133;124;30;30;30;30;30;30;30;27;22;17;13;9;34;
?;?;?;?;?;?;?;?;?;?;?;?;?;94;93;92;130;122;115;5;97;81;79;75;58;34;4;4;4;4;4;4;4;4;4;4;4;4;4;4;4;1;11;23;16;12;133;124;30;30;
?;?;?;?;?;?;?;?;?;?;?;?;?;5;2;25;42;41;40;37;112;108;10;5;2;133;124;30;30;30;30;30;30;30;30;30;27;22;17;111;24;104;100;0;8;7;3;4;4;4;
?;?;?;?;?;?;?;?;?;?;?;?;?;2;133;124;30;27;22;17;13;28;107;105;126;2;133;110;95;94;93;92;34;4;4;4;4;4;1;11;23;16;12;133;124;30;30;30;27;22;
?;?;?;?;?;?;?;?;?;?;?;?;?;4;4;4;4;4;4;4;4;4;4;4;4;4;4;4;4;4;4;4;4;4;4;4;4;4;4;4;4;4;4;4;4;4;4;4;4;4;
?;?;?;?;?;?;?;?;?;?;?;?;?;40;112;108;10;5;2;133;124;30;27;22;17;13;9;34;4;1;11;23;16;12;133;124;30;30;30;27;22;17;13;9;34;4;4;4;4;4;
?;?;?;?;?;?;?;?;?;?;?;?;?;30;30;27;22;17;13;9;34;4;4;4;4;4;4;4;4;4;4;1;11;23;16;12;133;124;123;121;120;13;28;107;105;126;2;133;124;123;
?;?;?;?;?;?;?;?;?;?;?;?;?;5;2;133;124;30;30;30;30;30;30;27;22;17;13;9;34;112;108;10;5;2;133;110;95;94;93;92;34;4;4;1;11;23;16;12;25;42;
?;?;?;?;?;?;?;?;?;?;?;?;?;40;112;108;10;5;2;25;42;41;40;37;34;4;4;1;11;23;16;12;133;124;30;30;30;30;30;30;30;30;27;22;88;86;82;77;73;114;
?;?;?;?;?;?;?;?;?;?;?;?;?;4;1;11;23;16;12;133;124;30;30;30;30;30;30;30;30;30;30;30;30;30;30;30;30;30;27;22;17;13;9;34;4;1;11;23;16;12;
?;?;?;?;?;?;?;?;?;?;?;?;?;116;103;102;99;76;34;4;1;11;23;16;12;133;110;95;94;93;92;34;4;4;4;1;11;23;16;12;133;124;30;30;27;22;17;13;9;34;
?;?;?;?;?;?;?;?;?;?;?;?;?;10;5;2;133;124;30;30;30;30;30;30;27;22;17;13;28;107;105;126;2;133;110;95;94;93;92;34;4;4;4;4;1;11;23;16;12;133;
?;?;?;?;?;?;?;?;?;?;?;?;?;40;37;34;112;108;10;5;2;25;42;41;40;37;34;112;108;10;5;2;133;124;30;30;30;30;30;30;30;27;22;17;13;9;34;4;1;11;
?;?;?;?;?;?;?;?;?;?;?;?;?;4;4;4;4;4;4;4;4;4;4;4;4;4;4;4;1;11;23;16;12;133;124;30;30;30;30;27;22;17;13;9;34;4;4;4;4;4;
?;?;?;?;?;?;?;?;?;?;?;?;?;29;110;95;94;93;92;34;112;108;10;5;97;81;79;75;58;34;4;1;11;23;16;12;133;124;30;30;30;30;30;30;30;30;27;22;17;13;
?;?;?;?;?;?;?;?;?;?;?;?;?;4;4;4;1;11;23;16;12;133;124;30;30;30;30;30;30;30;30;30;30;30;30;30;30;30;30;27;22;17;13;9;34;4;4;4;4;1;
?;?;?;?;?;?;?;?;?;?;?;?;?;93;92;34;4;4;4;4;4;4;4;4;4;1;11;23;16;12;133;124;30;30;30;30;30;27;22;17;13;9;34;112;108;10;5;2;133;110;
?;?;?;?;?;?;?;?;?;?;?;?;?;39;36;55;52;50;49;48;27;22;17;13;9;34;4;1;11;23;16;97;81;79;75;58;34;4;4;4;4;4;4;4;4;4;4;4;4;4;
?;?;?;?;?;?;?;?;?;?;?;?;?;0;8;7;3;4;4;4;4;1;11;23;16;12;133;124;30;30;30;30;30;30;30;27;22;17;13;9;34;4;1;11;23;16;12;133;124;30;
?;?;?;?;?;?;?;?;?;?;?;?;?;4;4;4;4;4;4;4;4;4;4;4;1;11;23;16;12;133;124;30;30;30;30;30;30;30;30;30;30;30;30;30;30;30;30;27;22;17;
?;?;?;?;?;?;?;?;?;?;?;?;?;40;112;108;10;5;2;133;110;95;94;93;92;34;112;108;10;5;2;25;42;41;40;37;34;112;108;10;5;2;25;42;41;40;37;34;4;4;
?;?;?;?;?;?;?;?;?;?;?;?;?;4;1;11;23;16;12;133;124;30;30;30;30;30;30;30;30;30;27;22;17;13;9;34;4;4;1;11;23;16;12;133;110;95;94;93;28;107;
?;?;?;?;?;?;?;?;?;?;?;?;?;5;2;133;124;30;27;22;17;13;9;34;4;4;4;4;4;1;11;23;16;12;133;124;30;30;30;30;30;30;30;30;30;27;22;17;111;24;
?;?;?;?;?;?;?;?;?;?;?;?;?;10;5;2;133;124;30;30;30;30;30;27;22;17;13;9;34;4;4;4;4;4;4;4;4;4;4;4;1;11;23;16;12;133;124;30;30;30;
?;?;?;?;?;?;?;?;?;?;?;?;?;2;25;42;41;40;37;34;4;1;11;23;16;12;133;124;30;30;30;30;30;30;30;30;30;30;30;30;30;27;22;17;13;9;34;4;4;1;
?;?;?;?;?;?;?;?;?;?;?;?;?;30;30;27;22;17;13;9;34;4;4;1;11;23;16;12;133;124;30;30;30;27;22;17;13;9;34;4;4;4;4;4;4;4;4;4;4;4;
?;?;?;?;?;?;?;?;?;?;?;?;?;120;13;9;34;4;4;4;4;4;4;4;4;4;1;11;23;16;12;133;124;30;30;30;30;30;30;30;30;30;27;22;17;13;9;34;4;4;
?;?;?;?;?;?;?;?;?;?;?;?;?;4;4;4;4;4;4;4;4;4;4;4;1;11;23;16;12;133;124;30;30;30;30;30;30;30;27;22;17;13;9;34;112;108;10;5;2;25;
?;?;?;?;?;?;?;?;?;?;?;?;?;5;2;25;42;41;40;37;112;108;10;5;2;25;42;41;40;37;34;112;108;10;5;97;81;79;75;58;34;112;108;10;5;2;133;124;123;121;
?;?;?;?;?;?;?;?;?;?;?;?;?;40;37;112;108;10;5;2;25;42;41;40;37;112;108;10;5;2;133;124;30;30;30;30;30;27;22;17;13;9;34;4;4;4;1;11;23;16;
?;?;?;?;?;?;?;?;?;?;?;?;?;94;93;28;107;105;126;2;25;42;41;40;37;34;4;4;4;4;4;4;4;4;4;4;4;4;1;11;23;16;12;133;124;30;30;30;30;30;
?;?;?;?;?;?;?;?;?;?;?;?;?;40;112;108;10;5;2;133;110;95;94;93;92;34;112;108;10;5;2;133;124;123;121;120;13;9;34;4;4;4;4;4;4;1;11;23;16;12;
?;?;?;?;?;?;?;?;?;?;?;?;?;30;30;30;30;27;22;17;13;9;34;4;4;4;4;4;4;4;1;11;23;16;12;133;124;30;30;30;30;30;30;27;22;17;13;9;34;4;
?;?;?;?;?;?;?;?;?;?;?;?;?;40;37;112;108;10;5;2;25;42;41;40;37;112;108;10;5;97;81;79;75;58;34;112;108;10;5;2;133;124;123;121;120;13;9;34;4;4;
?;?;?;?;?;?;?;?;?;?;?;?;?;30;30;30;27;22;17;13;9;34;4;4;1;11;23;16;12;25;42;41;40;37;34;4;4;4;4;4;4;4;4;1;11;23;16;12;133;124;
?;?;?;?;?;?;?;?;?;?;?;?;?;5;2;133;124;123;121;120;13;9;34;4;4;4;4;1;11;23;16;12;133;124;30;30;30;30;27;22;17;13;9;34;4;4;4;4;4;4;
?;?;?;?;?;?;?;?;?;?;?;?;?;120;13;9;34;4;4;1;11;23;16;12;133;110;95;94;93;92;34;4;4;1;11;23;16;12;133;124;30;27;22;17;13;9;34;4;1;11;
?;?;?;?;?;?;?;?;?;?;?;?;?;120;132;128;127;100;0;8;7;3;4;4;4;4;4;4;4;4;4;4;4;4;4;4;4;4;1;11;23;16;12;133;124;30;30;30;30;30;
?;?;?;?;?;?;?;?;?;?;?;?;?;5;2;25;42;41;40;37;112;108;10;5;2;133;124;123;121;120;13;9;34;4;4;4;4;4;1;11;23;16;12;133;124;123;121;120;13;9;
?;?;?;?;?;?;?;?;?;?;?;?;?;58;34;112;108;10;5;2;133;124;30;30;30;30;30;30;30;30;30;30;30;30;30;30;30;30;30;27;22;17;13;9;34;4;4;4;4;4;
?;?;?;?;?;?;?;?;?;?;?;?;?;40;37;112;108;10;5;2;133;110;95;94;93;92;34;4;1;11;23;16;12;133;124;30;30;30;30;30;27;22;17;13;9;34;112;108;10;5;
?;?;?;?;?;?;?;?;?;?;?;?;?;30;30;30;30;30;30;27;22;17;13;9;34;4;4;4;4;4;4;4;4;4;4;4;4;1;11;23;16;12;133;124;30;30;30;30;30;30;
?;?;?;?;?;?;?;?;?;?;?;?;?;44;39;36;55;52;50;49;48;27;22;17;13;9;34;4;4;4;4;4;4;4;4;1;11;23;96;80;78;74;34;4;4;4;4;4;1;11;
?;?;?;?;?;?;?;?;?;?;?;?;?;139;29;30;27;22;17;13;9;34;4;4;1;11;23;16;97;81;79;75;58;34;4;4;4;4;4;4;4;4;1;11;23;16;12;133;124;30;
?;?;?;?;?;?;?;?;?;?;?;?;?;58;112;108;10;5;2;133;124;30;30;30;30;30;30;30;30;30;30;27;22;17;13;9;34;4;4;4;4;4;4;4;4;4;4;4;4;4;
?;?;?;?;?;?;?;?;?;?;?;?;?;2;133;124;123;121;120;13;9;130;122;115;0;8;7;3;4;4;4;4;4;4;4;4;4;4;4;4;1;11;23;16;12;25;42;41;40;37;
?;?;?;?;?;?;?;?;?;?;?;?;?;5;97;81;79;75;58;112;108;10;5;2;133;124;30;30;30;30;30;30;30;30;27;22;17;13;9;34;4;4;1;11;23;16;12;25;42;41;
?;?;?;?;?;?;?;?;?;?;?;?;?;58;34;4;1;11;23;16;12;25;42;41;143;142;141;140;139;29;30;30;30;27;22;17;13;9;34;4;4;4;4;4;4;4;4;4;4;4;
?;?;?;?;?;?;?;?;?;?;?;?;?;40;37;34;4;1;0;8;7;3;4;4;4;4;1;11;23;16;12;133;124;30;30;30;30;30;30;30;30;30;30;27;22;17;13;9;34;4;
?;?;?;?;?;?;?;?;?;?;?;?;?;4;4;4;4;4;4;4;4;4;4;1;11;23;16;12;133;124;30;30;30;30;30;30;30;30;27;22;17;13;9;34;112;108;10;5;2;133;
?;?;?;?;?;?;?;?;?;?;?;?;?;5;2;25;42;41;40;37;34;112;108;10;5;2;133;124;30;30;30;30;30;30;27;22;17;13;9;34;4;1;11;23;16;12;133;124;30;30;
?;?;?;?;?;?;?;?;?;?;?;?;?;77;73;114;30;30;30;30;30;30;27;22;17;13;9;34;4;4;4;4;4;4;4;4;4;4;4;4;4;4;4;4;4;4;4;4;4;4;
?;?;?;?;?;?;?;?;?;?;?;?;?;22;17;13;9;34;4;4;1;11;23;16;12;133;124;30;30;27;22;17;13;9;34;4;4;4;4;4;4;4;4;4;4;4;4;4;4;4;
?;?;?;?;?;?;?;?;?;?;?;?;?;93;28;107;105;126;2;133;124;30;30;30;30;30;30;30;30;27;22;17;13;9;34;4;4;4;4;4;4;1;11;23;16;12;133;124;30;30;
?;?;?;?;?;?;?;?;?;?;?;?;?;27;22;17;13;9;34;4;4;4;4;4;1;11;23;16;12;133;124;30;30;30;27;22;17;13;9;34;4;4;4;1;11;23;16;12;133;124;
?;?;?;?;?;?;?;?;?;?;?;?;?;121;120;13;9;34;4;4;4;4;4;1;11;23;16;12;133;124;30;30;30;30;30;30;30;30;30;30;30;27;22;17;13;9;34;4;4;1;
?;?;?;?;?;?;?;?;?;?;?;?;?;5;2;133;124;30;30;30;30;30;30;30;30;27;22;17;13;9;34;4;4;4;4;4;4;4;4;4;4;1;11;23;16;12;133;124;30;30;
?;?;?;?;?;?;?;?;?;?;?;?;?;120;13;9;34;4;4;1;11;23;16;12;133;124;123;121;120;13;9;34;4;4;4;1;11;23;16;12;133;110;95;94;93;92;34;4;4;4;
?;?;?;?;?;?;?;?;?;?;?;?;?;2;133;124;123;121;120;13;9;34;112;108;10;5;2;133;124;30;30;30;27;22;17;13;9;34;4;4;4;4;1;11;23;16;12;25;42;41;
?;?;?;?;?;?;?;?;?;?;?;?;?;23;16;97;81;79;75;58;112;108;10;5;2;133;110;95;94;93;92;34;112;108;10;5;2;133;124;30;30;30;30;30;30;27;22;17;13;9;
?;?;?;?;?;?;?;?;?;?;?;?;?;89;87;21;19;15;3;4;4;4;4;4;4;4;4;4;4;4;4;1;11;23;16;12;133;124;30;30;30;30;30;27;22;17;111;24;104;100;
?;?;?;?;?;?;?;?;?;?;?;?;?;5;2;133;124;30;30;30;30;30;27;22;17;13;9;34;4;4;4;4;4;1;11;23;96;80;78;74;34;112;108;10;5;2;25;42;41;40;
?;?;?;?;?;?;?;?;?;?;?;?;?;37;112;108;10;5;2;133;124;30;30;30;30;30;30;30;27;22;17;13;9;34;4;4;4;1;11;23;16;12;133;124;30;30;27;22;17;13;
?;?;?;?;?;?;?;?;?;?;?;?;?;94;93;28;107;105;126;2;25;42;41;40;37;34;4;4;4;4;4;4;4;1;11;23;16;12;133;124;30;30;30;27;22;17;13;9;34;4;
?;?;?;?;?;?;?;?;?;?;?;?;?;40;37;112;108;10;5;2;25;42;41;40;37;34;112;108;10;96;80;78;74;34;4;1;11;23;16;12;133;124;123;121;120;13;28;107;105;126;
?;?;?;?;?;?;?;?;?;?;?;?;?;40;37;112;108;10;5;2;133;124;30;30;30;30;30;30;27;22;17;13;9;34;112;108;10;5;2;133;124;30;27;22;17;13;9;34;4;4;
?;?;?;?;?;?;?;?;?;?;?;?;?;93;28;107;105;126;2;133;124;30;27;22;17;13;9;34;4;4;4;4;4;4;4;4;4;4;4;4;4;4;4;1;11;23;16;12;133;124;
?;?;?;?;?;?;?;?;?;?;?;?;?;17;13;9;34;4;4;4;1;11;23;96;80;78;74;34;4;4;4;4;4;4;1;11;23;16;12;25;42;41;40;37;34;4;4;4;4;4;
?;?;?;?;?;?;?;?;?;?;?;?;?;16;12;133;124;30;30;30;27;22;17;13;9;34;4;4;4;4;4;1;11;23;16;12;133;124;30;30;30;30;30;30;30;30;27;22;17;13;
?;?;?;?;?;?;?;?;?;?;?;?;?;4;4;4;4;4;4;4;4;1;11;23;16;12;133;124;30;30;30;27;22;88;86;82;77;73;114;30;30;30;30;30;30;30;30;30;30;30;
?;?;?;?;?;?;?;?;?;?;?;?;?;29;30;30;30;27;22;17;13;9;34;4;4;4;4;4;4;4;4;4;4;4;4;4;4;4;4;1;11;23;16;12;133;124;30;30;30;30;
?;?;?;?;?;?;?;?;?;?;?;?;?;23;16;12;25;42;41;40;112;108;10;5;2;133;124;30;30;30;30;30;30;30;30;30;30;27;22;17;13;9;34;4;4;4;4;4;4;4;
?;?;?;?;?;?;?;?;?;?;?;?;?;58;34;4;1;11;23;16;97;81;46;63;61;59;54;33;51;30;30;30;27;22;17;13;9;34;4;4;1;11;23;16;12;133;124;30;30;27;
?;?;?;?;?;?;?;?;?;?;?;?;?;58;34;4;1;11;23;16;97;81;79;75;112;108;10;5;2;133;124;30;27;22;17;13;9;34;4;4;4;1;11;23;16;12;133;124;30;27;
?;?;?;?;?;?;?;?;?;?;?;?;?;93;92;130;122;115;5;97;81;79;75;58;112;108;10;5;2;25;42;41;40;37;34;4;4;4;4;4;4;4;4;4;1;11;23;16;12;133;
?;?;?;?;?;?;?;?;?;?;?;?;?;58;112;108;10;5;2;133;124;123;121;120;13;9;34;112;108;10;5;2;133;124;30;30;30;30;30;27;22;17;13;9;34;4;4;4;4;4;
?;?;?;?;?;?;?;?;?;?;?;?;?;5;2;25;42;41;40;37;112;108;10;5;2;133;110;95;94;93;28;107;105;126;2;25;42;41;40;37;34;4;4;4;4;4;4;4;4;4;
?;?;?;?;?;?;?;?;?;?;?;?;?;5;2;25;42;41;40;37;34;112;108;10;5;2;25;42;41;40;37;112;108;10;5;2;133;124;30;30;30;30;30;30;30;30;27;22;17;111;
?;?;?;?;?;?;?;?;?;?;?;?;?;58;112;108;10;5;2;133;110;95;94;93;92;130;122;115;5;2;133;124;30;30;30;27;22;88;86;82;0;8;7;3;4;4;4;4;4;1;
?;?;?;?;?;?;?;?;?;?;?;?;?;40;37;112;108;10;5;2;133;124;30;30;30;30;30;30;30;30;27;22;17;13;9;34;4;4;4;4;4;4;4;4;4;4;1;11;23;16;
?;?;?;?;?;?;?;?;?;?;?;?;?;5;2;25;42;41;40;37;34;112;108;10;5;2;133;124;30;30;27;22;17;13;9;34;4;4;4;1;11;23;16;12;133;110;95;94;93;92;
?;?;?;?;?;?;?;?;?;?;?;?;?;4;4;4;1;11;23;16;12;133;124;30;30;30;30;30;30;30;30;30;30;30;30;30;30;30;30;27;22;17;13;9;34;4;4;4;4;4;
?;?;?;?;?;?;?;?;?;?;?;?;?;93;92;34;4;4;4;4;4;4;4;4;4;4;1;11;23;16;12;133;124;30;30;30;30;30;30;30;30;30;27;22;17;13;9;34;4;4;
?;?;?;?;?;?;?;?;?;?;?;?;?;133;124;30;30;30;30;30;30;30;30;27;22;17;13;9;34;4;4;4;4;4;4;1;11;23;16;12;133;124;123;121;120;13;9;34;4;4;
?;?;?;?;?;?;?;?;?;?;?;?;?;124;30;30;27;22;17;13;9;34;112;108;10;5;2;133;124;30;27;22;17;13;9;34;4;4;4;4;4;4;4;4;4;4;4;4;4;4;
?;?;?;?;?;?;?;?;?;?;?;?;?;4;4;4;4;4;4;4;4;4;4;4;4;4;4;4;4;4;4;4;4;4;4;4;4;4;4;4;4;4;4;4;4;4;4;4;4;4;
?;?;?;?;?;?;?;?;?;?;?;?;?;5;2;133;110;95;94;93;28;107;105;126;2;133;124;30;27;22;17;13;9;34;4;4;4;4;4;4;4;4;4;4;1;11;23;16;12;133;
?;?;?;?;?;?;?;?;?;?;?;?;?;93;92;130;122;115;5;2;25;42;41;40;37;34;112;108;10;5;97;81;79;75;58;34;4;4;4;4;4;4;4;4;4;4;4;4;4;4;
?;?;?;?;?;?;?;?;?;?;?;?;?;40;37;112;108;10;5;2;133;124;123;121;120;13;9;34;4;4;4;4;4;4;4;4;4;4;4;4;4;4;4;4;4;4;4;4;1;11;
?;?;?;?;?;?;?;?;?;?;?;?;?;34;4;4;4;4;4;4;4;4;4;4;4;1;11;23;16;12;133;124;30;30;30;30;30;30;30;30;30;27;22;17;13;9;34;112;108;10;
?;?;?;?;?;?;?;?;?;?;?;?;?;30;27;22;17;13;9;34;4;4;4;4;1;11;23;16;12;133;110;95;94;93;92;130;122;115;5;2;133;124;30;30;30;30;30;30;30;30;
?;?;?;?;?;?;?;?;?;?;?;?;?;30;30;30;27;22;17;13;9;34;4;4;4;4;4;4;4;4;4;4;4;4;1;11;23;16;12;133;124;30;30;30;30;30;30;30;30;30;
?;?;?;?;?;?;?;?;?;?;?;?;?;93;92;130;122;115;5;2;25;42;41;40;37;34;112;108;10;5;97;81;79;75;112;108;10;5;2;133;124;123;121;120;13;9;130;122;115;5;
?;?;?;?;?;?;?;?;?;?;?;?;?;2;25;42;41;40;37;34;4;4;4;1;11;23;16;12;133;124;30;30;30;30;30;27;22;17;13;9;34;4;4;1;11;23;16;97;81;79;
?;?;?;?;?;?;?;?;?;?;?;?;?;4;4;1;11;23;16;12;133;124;30;30;30;30;27;22;17;13;9;34;112;108;10;5;2;133;124;30;27;22;17;13;9;34;4;4;4;4;
?;?;?;?;?;?;?;?;?;?;?;?;?;5;2;133;124;30;27;22;17;111;24;104;0;8;7;3;4;4;4;4;4;4;4;4;4;1;11;23;16;12;133;124;30;30;30;30;27;22;
?;?;?;?;?;?;?;?;?;?;?;?;?;34;4;4;4;4;4;4;1;11;23;16;12;133;110;95;94;93;92;130;122;115;5;2;133;124;30;30;30;30;30;30;30;30;30;30;30;30;
?;?;?;?;?;?;?;?;?;?;?;?;?;94;93;92;34;4;4;4;4;4;4;4;4;1;11;23;16;12;133;110;95;94;143;142;141;140;139;29;30;30;30;30;27;22;88;86;82;77;
?;?;?;?;?;?;?;?;?;?;?;?;?;11;23;16;97;81;79;75;58;34;4;4;1;11;23;16;12;133;124;30;27;22;17;13;9;34;4;1;11;23;16;12;133;124;30;27;22;17;
?;?;?;?;?;?;?;?;?;?;?;?;?;124;123;121;120;13;9;34;4;4;4;4;4;4;4;4;4;4;1;11;23;16;12;133;124;30;30;30;30;30;30;30;30;30;30;30;30;30;
?;?;?;?;?;?;?;?;?;?;?;?;?;4;1;11;23;16;12;133;124;30;27;22;17;13;9;130;122;115;0;8;7;3;4;4;4;4;1;11;23;16;12;133;124;30;27;22;17;13;
?;?;?;?;?;?;?;?;?;?;?;?;?;5;97;81;79;75;58;112;108;10;5;2;25;42;41;40;37;34;112;108;10;5;2;133;124;30;30;30;30;30;30;30;30;27;22;17;13;9;
?;?;?;?;?;?;?;?;?;?;?;?;?;11;23;16;12;133;124;123;121;120;132;128;127;100;139;29;30;30;30;27;22;17;13;9;34;4;4;4;4;4;4;4;4;1;11;23;16;12;
?;?;?;?;?;?;?;?;?;?;?;?;?;40;37;112;108;0;8;7;3;4;4;4;4;1;11;23;96;80;78;74;34;112;108;10;5;2;133;124;30;30;27;22;17;13;9;34;4;1;
?;?;?;?;?;?;?;?;?;?;?;?;?;22;17;13;9;34;4;4;1;11;23;16;12;133;124;30;27;22;17;13;9;34;4;4;4;4;1;11;23;16;12;133;124;123;121;120;13;9;
?;?;?;?;?;?;?;?;?;?;?;?;?;23;16;12;133;110;95;94;93;92;34;112;108;10;5;2;133;124;30;30;30;30;30;30;30;30;30;30;30;30;30;30;30;30;30;30;30;30;
?;?;?;?;?;?;?;?;?;?;?;?;?;12;133;110;95;94;143;142;141;140;139;29;30;30;30;27;22;17;13;9;34;112;108;10;5;2;133;110;95;94;93;92;34;4;4;4;4;4;
?;?;?;?;?;?;?;?;?;?;?;?;?;5;2;25;42;41;40;37;34;4;4;4;4;4;1;11;23;16;12;133;124;30;30;27;22;17;13;9;34;4;4;1;11;23;16;12;25;42;
?;?;?;?;?;?;?;?;?;?;?;?;?;5;2;133;124;30;30;30;30;27;22;17;13;9;34;4;4;4;4;4;1;11;23;16;97;81;79;75;58;34;4;4;4;4;1;11;23;16;
?;?;?;?;?;?;?;?;?;?;?;?;?;89;50;49;27;22;17;13;9;34;4;4;4;4;4;4;4;4;4;4;4;4;4;4;4;4;4;1;11;23;16;12;133;124;30;27;22;88;
?;?;?;?;?;?;?;?;?;?;?;?;?;92;34;4;4;4;4;4;4;4;4;4;4;4;4;4;4;4;4;4;4;1;11;23;16;12;133;124;30;30;30;30;30;30;30;30;30;30;
?;?;?;?;?;?;?;?;?;?;?;?;?;4;4;4;4;4;4;4;4;4;4;4;4;4;4;4;1;11;23;16;12;133;124;30;30;27;22;17;13;9;34;4;1;11;23;16;12;133;
?;?;?;?;?;?;?;?;?;?;?;?;?;4;1;11;23;16;12;133;124;30;30;30;27;22;17;13;9;34;4;4;1;11;23;96;80;78;74;34;4;4;4;1;11;23;16;12;133;124;
?;?;?;?;?;?;?;?;?;?;?;?;?;58;34;112;108;10;5;2;133;124;30;30;30;30;30;30;30;30;30;27;22;17;13;9;34;4;4;4;4;4;4;4;4;4;4;4;1;11;
?;?;?;?;?;?;?;?;?;?;?;?;?;11;23;16;12;133;124;123;121;120;13;9;34;4;4;4;4;4;4;4;4;4;4;4;1;11;23;16;12;133;124;30;30;30;30;30;30;30;
?;?;?;?;?;?;?;?;?;?;?;?;?;37;34;4;1;11;23;16;12;25;42;41;40;37;112;108;10;5;2;133;124;30;27;22;17;13;9;34;112;108;10;5;2;133;110;95;94;93;
?;?;?;?;?;?;?;?;?;?;?;?;?;30;27;22;17;13;9;34;4;4;4;4;4;4;4;4;4;4;4;4;4;4;4;4;4;4;4;4;4;4;1;11;23;16;12;133;124;30;
?;?;?;?;?;?;?;?;?;?;?;?;?;40;37;112;108;10;5;2;133;110;95;94;93;92;34;4;4;4;4;4;4;4;1;11;23;16;12;133;124;123;121;120;13;9;34;4;4;4;
?;?;?;?;?;?;?;?;?;?;?;?;?;4;4;4;4;1;11;23;16;12;133;110;95;94;93;92;34;4;4;1;11;23;16;12;133;124;30;30;30;30;30;30;30;30;30;30;30;30;
?;?;?;?;?;?;?;?;?;?;?;?;?;40;37;112;108;10;5;2;133;110;47;44;39;36;55;52;50;27;22;17;13;9;34;4;4;4;4;1;11;23;16;12;133;124;30;30;30;27;
?;?;?;?;?;?;?;?;?;?;?;?;?;2;133;110;95;94;93;92;34;112;108;10;96;80;78;74;34;4;4;4;4;1;11;23;16;12;133;124;30;27;22;17;111;24;104;100;139;29;
?;?;?;?;?;?;?;?;?;?;?;?;?;4;4;4;4;4;4;1;11;23;16;12;133;124;123;121;120;13;9;34;4;4;1;11;23;16;12;133;124;30;30;30;30;30;27;22;17;13;
?;?;?;?;?;?;?;?;?;?;?;?;?;2;133;124;30;27;22;88;86;82;77;73;114;26;85;84;83;74;34;4;4;4;4;4;4;4;4;4;4;4;1;11;23;16;12;133;124;30;
?;?;?;?;?;?;?;?;?;?;?;?;?;94;93;92;34;4;4;4;4;4;4;4;4;1;11;23;16;12;133;124;30;30;30;30;30;30;30;30;30;30;30;30;30;30;30;27;22;17;
?;?;?;?;?;?;?;?;?;?;?;?;?;12;133;124;123;121;120;13;9;34;4;1;11;23;16;12;133;124;30;30;30;30;30;30;30;30;30;30;27;22;17;13;9;34;4;4;4;4;
?;?;?;?;?;?;?;?;?;?;?;?;?;109;106;101;98;89;50;49;48;27;22;17;13;9;34;4;4;4;4;4;4;4;4;4;4;4;4;4;4;4;4;4;4;4;1;11;23;16;
?;?;?;?;?;?;?;?;?;?;?;?;?;2;133;124;123;121;120;13;9;34;4;4;4;4;4;4;4;4;1;11;23;16;12;133;110;95;94;93;92;34;4;4;4;4;1;11;23;16;
?;?;?;?;?;?;?;?;?;?;?;?;?;121;120;13;9;34;112;108;10;5;2;133;124;30;30;27;22;17;13;9;34;4;4;4;4;4;4;4;4;1;11;23;16;12;133;124;30;30;
?;?;?;?;?;?;?;?;?;?;?;?;?;4;4;4;4;4;1;11;23;16;12;133;124;30;30;27;22;17;13;9;34;4;4;4;4;1;11;23;16;97;81;79;75;112;108;10;5;2;
?;?;?;?;?;?;?;?;?;?;?;?;?;40;37;112;108;10;5;2;133;124;123;121;120;13;28;107;105;96;80;78;74;34;4;1;11;23;16;12;133;124;30;30;30;30;30;30;27;22;
?;?;?;?;?;?;?;?;?;?;?;?;?;0;8;7;3;4;4;1;11;23;16;12;133;124;30;30;27;22;88;86;82;77;73;45;20;18;14;6;4;4;4;4;4;4;4;1;11;23;
?;?;?;?;?;?;?;?;?;?;?;?;?;10;5;2;133;124;30;30;30;30;30;30;30;30;27;22;17;13;9;34;4;4;4;4;4;4;4;4;4;1;11;23;16;12;133;124;30;30;
?;?;?;?;?;?;?;?;?;?;?;?;?;40;37;34;4;4;4;4;4;4;1;11;23;16;12;133;124;30;30;30;30;27;22;17;13;9;34;4;4;4;4;4;4;4;4;4;4;4;
?;?;?;?;?;?;?;?;?;?;?;?;?;40;37;34;112;108;10;5;2;25;42;41;40;112;108;10;5;2;133;124;30;30;30;30;27;22;17;13;9;34;4;1;11;23;16;12;133;124;
?;?;?;?;?;?;?;?;?;?;?;?;?;8;7;3;4;4;4;4;1;11;23;16;12;133;124;123;121;120;13;9;34;4;4;4;4;1;11;23;16;12;133;124;30;30;30;27;22;17;
?;?;?;?;?;?;?;?;?;?;?;?;?;10;5;2;25;42;41;40;37;34;4;4;4;4;4;4;4;4;4;4;1;11;23;16;12;133;124;30;30;30;30;30;30;30;30;27;22;17;
?;?;?;?;?;?;?;?;?;?;?;?;?;30;30;30;30;27;22;17;13;9;34;4;4;1;11;23;16;12;133;124;30;27;22;17;13;9;34;4;4;4;4;4;4;1;11;23;16;12;
?;?;?;?;?;?;?;?;?;?;?;?;?;40;37;34;112;108;10;5;2;133;124;30;30;30;30;30;30;30;30;30;30;30;27;22;17;13;9;34;4;4;4;4;4;4;4;4;4;4;
?;?;?;?;?;?;?;?;?;?;?;?;?;1;11;23;16;12;133;124;30;30;30;30;30;30;30;30;30;30;30;30;30;30;30;30;30;27;22;17;13;9;34;4;4;4;4;4;4;4;
?;?;?;?;?;?;?;?;?;?;?;?;?;88;86;82;77;73;114;26;85;84;83;74;34;4;4;4;4;1;11;23;16;97;81;79;75;58;34;112;108;10;5;2;133;124;30;30;30;30;
?;?;?;?;?;?;?;?;?;?;?;?;?;37;112;108;10;5;2;133;124;30;27;22;17;111;24;104;100;139;29;30;27;22;17;13;9;34;4;4;4;4;4;4;4;4;4;4;4;4;
?;?;?;?;?;?;?;?;?;?;?;?;?;58;34;4;1;11;0;8;7;3;4;4;4;4;4;1;11;23;16;12;133;124;30;30;30;30;30;30;30;30;30;30;27;22;17;13;9;34;
?;?;?;?;?;?;?;?;?;?;?;?;?;2;25;42;41;40;37;34;4;4;4;4;4;4;4;1;11;23;16;12;133;124;30;30;27;22;17;13;9;34;112;108;0;8;7;3;4;4;
?;?;?;?;?;?;?;?;?;?;?;?;?;30;30;27;22;17;13;9;130;122;115;5;2;133;124;30;30;30;27;22;17;13;9;34;112;0;8;7;3;4;4;4;4;4;4;4;4;4;
?;?;?;?;?;?;?;?;?;?;?;?;?;1;11;23;16;12;133;124;30;30;30;30;30;30;30;30;30;30;30;30;30;30;27;22;17;13;9;34;4;4;4;1;11;23;16;12;133;124;
?;?;?;?;?;?;?;?;?;?;?;?;?;40;112;108;10;5;2;133;124;123;121;120;13;9;34;4;4;4;4;4;4;4;4;4;4;4;4;1;11;23;16;12;133;124;30;30;30;27;
?;?;?;?;?;?;?;?;?;?;?;?;?;10;96;80;78;74;34;4;1;11;23;16;97;81;79;75;58;34;4;1;11;23;16;12;133;124;30;30;27;22;17;13;9;34;4;4;4;4;
?;?;?;?;?;?;?;?;?;?;?;?;?;40;37;112;108;10;5;2;133;110;95;94;93;92;130;122;115;0;8;7;3;66;137;136;135;134;125;124;30;30;30;27;22;17;13;9;34;4;
?;?;?;?;?;?;?;?;?;?;?;?;?;30;30;27;22;17;13;9;34;4;4;1;11;23;16;12;133;124;123;121;120;13;9;34;4;4;1;11;23;16;12;133;110;95;94;93;92;34;
?;?;?;?;?;?;?;?;?;?;?;?;?;22;17;13;9;34;4;4;4;4;4;4;4;4;4;4;4;4;1;11;23;16;12;133;124;30;30;30;30;30;30;30;30;30;30;30;30;30;
?;?;?;?;?;?;?;?;?;?;?;?;?;2;133;124;30;27;22;17;13;28;107;105;126;2;25;42;41;40;37;34;4;4;4;4;1;11;23;16;12;133;124;30;27;22;17;13;28;107;
?;?;?;?;?;?;?;?;?;?;?;?;?;131;129;119;118;117;114;30;30;30;30;30;30;30;30;30;30;30;27;22;17;13;9;34;4;4;4;4;4;1;11;23;16;12;133;124;30;30;
?;?;?;?;?;?;?;?;?;?;?;?;?;95;131;129;119;118;117;114;30;30;30;30;30;27;22;17;13;9;130;122;115;5;2;25;42;41;40;37;34;4;4;4;4;1;11;23;16;97;
?;?;?;?;?;?;?;?;?;?;?;?;?;4;4;4;4;4;4;4;4;4;4;4;4;4;1;11;23;16;12;133;124;30;30;30;30;30;30;30;30;30;30;30;30;27;22;17;13;9;
?;?;?;?;?;?;?;?;?;?;?;?;?;37;34;4;4;1;11;23;16;12;25;42;41;40;37;34;4;4;4;4;4;4;1;11;23;16;12;133;124;30;30;30;30;30;30;30;30;30;
?;?;?;?;?;?;?;?;?;?;?;?;?;5;2;133;124;123;121;120;13;28;107;0;8;7;3;4;4;4;4;4;1;11;23;16;12;133;124;30;30;30;30;30;30;30;30;27;22;17;
?;?;?;?;?;?;?;?;?;?;?;?;?;139;25;42;41;40;37;112;108;10;5;2;25;42;41;40;37;34;4;4;4;1;11;23;16;12;133;124;30;30;27;22;17;13;9;34;112;108;
?;?;?;?;?;?;?;?;?;?;?;?;?;29;110;95;94;143;142;141;140;139;29;30;30;27;22;17;13;28;107;105;126;2;25;42;41;40;37;34;4;4;4;4;4;4;4;4;4;1;
?;?;?;?;?;?;?;?;?;?;?;?;?;40;37;112;108;10;5;2;133;124;30;30;30;30;30;27;22;17;13;9;34;4;4;1;11;23;16;12;133;110;95;94;93;92;34;4;4;4;
?;?;?;?;?;?;?;?;?;?;?;?;?;40;112;108;10;5;2;133;124;123;121;120;13;9;34;112;108;10;5;2;25;91;72;71;70;68;56;53;49;48;31;67;27;22;88;86;82;77;
?;?;?;?;?;?;?;?;?;?;?;?;?;93;92;130;122;115;5;2;25;42;41;40;37;34;4;4;4;4;4;4;4;4;4;1;11;23;16;12;133;124;123;121;120;13;9;34;4;4;
?;?;?;?;?;?;?;?;?;?;?;?;?;143;142;141;140;139;29;30;27;22;17;13;9;34;112;108;10;5;97;81;79;75;58;34;4;4;1;11;23;16;12;133;124;30;30;30;30;30;
?;?;?;?;?;?;?;?;?;?;?;?;?;30;30;30;30;27;22;17;13;9;34;4;4;1;11;23;16;12;133;124;123;121;120;13;9;34;112;108;10;5;2;133;124;30;30;30;30;30;
?;?;?;?;?;?;?;?;?;?;?;?;?;40;37;112;108;10;5;97;81;79;75;58;34;112;108;10;5;2;133;124;30;30;27;22;17;13;9;34;4;4;4;4;4;4;4;4;4;4;
?;?;?;?;?;?;?;?;?;?;?;?;?;58;34;112;108;10;5;2;25;42;41;40;37;112;108;10;5;2;133;124;30;30;30;30;30;30;30;30;27;22;17;13;9;34;112;108;10;5;
?;?;?;?;?;?;?;?;?;?;?;?;?;40;37;112;108;10;5;2;25;42;41;40;37;34;112;108;10;5;97;81;79;75;112;108;0;8;7;3;4;4;4;4;4;4;1;11;23;16;
?;?;?;?;?;?;?;?;?;?;?;?;?;133;124;30;30;30;30;27;22;17;13;9;34;112;108;10;5;2;133;124;30;27;22;88;86;82;77;73;114;30;30;30;30;30;27;22;17;13;
?;?;?;?;?;?;?;?;?;?;?;?;?;4;4;4;4;4;4;4;4;4;4;4;4;4;4;4;4;4;4;4;4;4;4;4;4;4;4;4;4;4;4;4;4;4;4;4;4;4;
?;?;?;?;?;?;?;?;?;?;?;?;?;11;23;16;12;133;124;30;30;30;30;30;30;30;27;22;17;13;9;34;4;4;4;4;4;1;11;23;16;12;133;110;95;94;93;92;34;4;
?;?;?;?;?;?;?;?;?;?;?;?;?;40;37;112;108;10;5;97;81;79;75;58;34;4;1;11;23;16;12;133;110;95;94;93;92;34;4;1;11;23;16;12;133;124;30;30;30;30;
?;?;?;?;?;?;?;?;?;?;?;?;?;27;22;17;13;9;34;4;4;4;4;4;4;4;4;4;1;11;0;8;7;3;4;4;4;4;4;1;11;23;16;12;133;124;30;30;27;22;
?;?;?;?;?;?;?;?;?;?;?;?;?;45;20;18;14;6;4;4;4;1;11;23;16;12;133;110;95;94;93;92;34;112;108;10;5;2;133;124;30;30;30;30;30;30;30;30;30;30;
?;?;?;?;?;?;?;?;?;?;?;?;?;2;133;124;123;121;120;13;9;34;4;4;4;4;4;4;4;1;11;23;16;12;133;124;123;121;120;13;9;34;4;4;4;4;4;4;4;4;
?;?;?;?;?;?;?;?;?;?;?;?;?;5;97;81;79;75;58;34;4;4;4;1;11;23;16;12;133;124;123;121;120;13;9;34;112;108;10;5;2;133;124;30;30;27;22;17;13;9;
?;?;?;?;?;?;?;?;?;?;?;?;?;4;1;11;23;16;12;133;124;30;30;30;30;30;30;30;30;30;30;30;30;27;22;17;13;9;34;4;4;4;4;1;11;23;16;12;133;124;
?;?;?;?;?;?;?;?;?;?;?;?;?;30;30;30;30;30;30;30;27;22;17;13;9;34;4;4;4;4;4;4;4;4;4;4;1;11;23;96;80;78;74;34;4;4;4;4;1;11;
?;?;?;?;?;?;?;?;?;?;?;?;?;5;2;133;124;30;30;30;30;30;30;30;30;27;22;17;13;9;34;4;4;4;4;4;4;4;4;4;4;4;1;11;23;16;97;81;79;75;
?;?;?;?;?;?;?;?;?;?;?;?;?;40;112;108;10;5;2;133;110;95;94;93;28;107;105;126;2;133;110;95;94;93;92;34;4;4;4;4;4;1;11;23;16;12;133;124;30;30;
?;?;?;?;?;?;?;?;?;?;?;?;?;4;4;4;4;4;4;4;4;4;4;4;4;4;4;1;11;23;16;12;133;124;30;27;22;17;13;28;107;105;126;2;133;124;30;30;30;30;
?;?;?;?;?;?;?;?;?;?;?;?;?;64;62;60;33;51;30;30;30;27;22;17;111;24;104;100;139;25;42;41;40;37;34;4;4;4;1;11;23;16;97;81;79;75;58;34;4;4;
?;?;?;?;?;?;?;?;?;?;?;?;?;5;2;25;42;41;40;37;112;108;10;5;2;133;124;30;30;30;30;30;30;27;22;17;13;9;34;4;4;4;1;11;23;16;12;133;124;30;
?;?;?;?;?;?;?;?;?;?;?;?;?;58;34;4;1;11;23;16;12;133;124;30;30;30;30;27;22;17;13;9;34;4;4;4;1;11;23;16;12;133;124;30;30;30;30;30;27;22;
?;?;?;?;?;?;?;?;?;?;?;?;?;30;30;27;22;17;111;24;104;100;139;29;30;30;30;27;22;17;13;9;34;4;4;4;4;4;4;4;4;4;4;4;4;1;11;23;16;12;
?;?;?;?;?;?;?;?;?;?;?;?;?;58;34;112;108;10;5;2;133;124;30;30;30;30;30;30;30;30;27;22;17;13;9;130;122;115;5;2;133;110;95;94;93;92;34;4;4;4;
?;?;?;?;?;?;?;?;?;?;?;?;?;37;34;112;108;10;5;2;25;42;41;40;37;34;4;4;4;4;1;11;23;16;12;133;124;30;30;30;30;27;22;17;13;9;34;112;108;10;
?;?;?;?;?;?;?;?;?;?;?;?;?;40;37;34;4;4;1;11;23;16;12;133;124;30;30;27;22;17;13;9;34;4;1;11;23;16;12;133;124;30;30;30;30;30;30;30;30;30;
?;?;?;?;?;?;?;?;?;?;?;?;?;58;112;108;10;5;2;133;124;30;27;22;88;86;82;77;0;8;7;3;4;4;4;4;4;1;11;23;16;12;133;124;30;30;30;30;30;30;
?;?;?;?;?;?;?;?;?;?;?;?;?;30;30;30;27;22;17;13;9;34;4;1;11;23;16;97;81;79;75;58;34;4;4;4;4;4;1;11;23;16;12;133;124;30;30;27;113;109;
?;?;?;?;?;?;?;?;?;?;?;?;?;0;8;7;3;4;4;4;1;11;23;16;12;133;124;123;121;120;13;28;107;105;96;80;78;74;34;112;108;10;5;2;133;124;30;30;30;30;
?;?;?;?;?;?;?;?;?;?;?;?;?;94;143;142;141;140;139;29;110;95;94;93;92;34;4;4;4;4;4;4;4;4;4;4;4;4;4;4;4;4;1;11;23;16;12;133;124;30;
?;?;?;?;?;?;?;?;?;?;?;?;?;4;1;11;23;16;12;133;124;30;30;30;30;30;30;30;30;30;30;30;27;22;17;13;9;34;4;4;4;4;4;1;11;23;16;12;25;42;
?;?;?;?;?;?;?;?;?;?;?;?;?;40;112;108;10;5;2;133;110;95;94;93;92;34;4;4;4;4;4;4;4;4;4;1;11;23;16;12;133;124;30;30;30;30;30;30;30;30;
?;?;?;?;?;?;?;?;?;?;?;?;?;23;96;80;78;46;63;61;59;54;33;51;30;30;30;30;30;30;30;30;30;30;30;30;30;30;30;30;30;30;30;30;30;27;22;17;13;9;
?;?;?;?;?;?;?;?;?;?;?;?;?;5;97;81;79;75;58;34;112;108;10;5;2;133;124;30;30;27;22;17;13;9;34;4;4;4;4;4;1;11;23;16;12;133;124;30;27;22;
?;?;?;?;?;?;?;?;?;?;?;?;?;58;34;112;108;10;5;2;25;42;41;40;37;112;108;10;5;2;133;110;95;94;93;92;34;4;4;4;4;4;4;4;4;4;4;4;4;4;
?;?;?;?;?;?;?;?;?;?;?;?;?;2;133;110;95;94;93;28;107;105;126;2;133;124;123;121;120;13;9;34;4;4;4;4;4;4;4;4;1;11;23;16;97;81;79;75;58;34;
?;?;?;?;?;?;?;?;?;?;?;?;?;40;37;112;108;10;5;97;81;79;75;58;34;112;108;10;5;2;133;110;95;94;93;28;107;105;126;2;133;124;30;30;30;30;27;22;17;13;
?;?;?;?;?;?;?;?;?;?;?;?;?;94;93;28;107;105;126;2;133;110;95;94;93;92;34;112;108;10;5;2;133;124;30;27;22;17;13;9;34;4;4;4;4;4;1;11;23;16;
?;?;?;?;?;?;?;?;?;?;?;?;?;10;5;2;133;124;123;121;120;13;9;34;4;1;11;23;16;12;133;110;95;94;93;92;34;4;1;11;23;16;12;133;124;30;27;22;17;13;
?;?;?;?;?;?;?;?;?;?;?;?;?;40;37;34;4;1;11;23;16;12;133;124;30;30;30;30;30;30;30;30;30;27;22;17;13;9;34;4;4;4;4;4;4;4;4;1;11;23;
?;?;?;?;?;?;?;?;?;?;?;?;?;113;109;106;101;98;89;50;27;22;17;13;9;34;112;108;10;96;80;78;74;34;4;4;4;4;4;4;1;11;23;16;12;133;124;30;30;30;
?;?;?;?;?;?;?;?;?;?;?;?;?;58;112;108;10;5;2;133;110;95;94;93;92;34;112;108;10;5;2;133;124;30;30;30;30;30;30;30;30;30;30;30;30;30;30;30;30;30;
?;?;?;?;?;?;?;?;?;?;?;?;?;40;37;34;112;108;10;5;2;133;124;30;30;30;27;22;88;86;82;77;73;114;30;30;30;27;22;17;13;9;34;4;4;4;4;4;1;11;
?;?;?;?;?;?;?;?;?;?;?;?;?;93;28;107;105;126;2;133;110;95;94;93;92;34;4;4;1;11;23;16;12;133;124;123;113;109;106;101;98;89;50;27;22;17;13;9;34;112;
?;?;?;?;?;?;?;?;?;?;?;?;?;120;13;28;107;105;126;2;25;42;41;40;37;34;4;4;4;4;4;4;4;4;4;4;4;4;4;4;4;1;11;23;16;12;133;124;30;30;
?;?;?;?;?;?;?;?;?;?;?;?;?;4;4;4;1;11;23;16;12;133;124;30;30;30;30;30;30;30;30;27;22;17;13;9;34;4;4;4;4;4;4;4;4;1;11;23;16;12;
?;?;?;?;?;?;?;?;?;?;?;?;?;5;2;25;42;41;40;37;112;108;10;5;2;133;124;30;30;30;30;30;27;22;17;13;9;34;4;4;4;4;1;11;23;16;12;133;124;30;
?;?;?;?;?;?;?;?;?;?;?;?;?;4;4;4;4;4;4;4;4;4;4;1;11;23;16;12;133;124;30;30;30;30;30;30;30;27;22;17;13;9;34;4;4;4;4;4;4;4;
?;?;?;?;?;?;?;?;?;?;?;?;?;4;1;11;23;16;12;133;124;30;27;22;17;13;9;34;112;108;10;5;2;133;124;30;30;30;30;30;27;22;17;13;9;34;4;4;1;11;
?;?;?;?;?;?;?;?;?;?;?;?;?;40;37;112;108;10;5;2;133;124;30;27;22;17;13;9;34;4;1;11;23;16;12;133;110;95;94;93;92;34;4;1;11;23;16;12;133;124;
?;?;?;?;?;?;?;?;?;?;?;?;?;23;16;12;133;124;30;30;30;30;30;30;30;27;22;17;13;9;34;4;1;11;23;16;12;133;124;30;30;30;30;30;27;22;17;13;9;34;
?;?;?;?;?;?;?;?;?;?;?;?;?;4;4;4;4;4;4;4;4;1;11;23;16;12;133;124;30;30;30;30;30;30;30;30;30;30;30;30;30;30;30;30;30;30;30;30;30;30;
?;?;?;?;?;?;?;?;?;?;?;?;?;80;78;74;34;4;4;1;11;23;16;12;133;124;30;30;27;22;17;13;9;34;4;4;4;1;11;23;16;12;133;124;30;27;22;17;111;24;
?;?;?;?;?;?;?;?;?;?;?;?;?;5;2;133;110;95;94;93;28;107;105;126;2;133;124;30;30;30;30;30;27;22;17;13;9;34;4;4;1;11;23;16;12;133;124;123;121;120;
?;?;?;?;?;?;?;?;?;?;?;?;?;4;4;4;4;4;4;4;1;11;23;16;97;81;79;75;58;34;112;108;10;5;2;133;124;30;30;30;30;30;30;30;30;30;30;30;30;30;
?;?;?;?;?;?;?;?;?;?;?;?;?;5;2;133;110;95;94;93;28;107;105;96;80;78;74;34;4;1;11;23;16;12;133;124;30;30;27;22;17;13;9;34;4;4;4;1;11;23;
?;?;?;?;?;?;?;?;?;?;?;?;?;30;30;30;30;30;30;30;27;22;17;13;28;107;105;126;2;133;124;30;30;30;27;22;17;13;9;34;4;4;4;4;4;4;1;11;23;16;
?;?;?;?;?;?;?;?;?;?;?;?;?;4;1;11;23;16;12;133;110;95;94;93;92;34;4;4;4;4;4;4;4;4;1;11;23;16;12;133;124;30;30;30;30;30;30;27;22;17;
?;?;?;?;?;?;?;?;?;?;?;?;?;4;1;11;23;96;80;78;74;34;4;4;4;1;11;23;16;12;133;124;30;30;30;30;30;30;30;30;27;22;17;13;9;34;4;4;4;4;