?;?;?;?;?;?;?;?;?;?;?;?;4;4;4;4;4;4;4;4;1;11;23;16;12;29;46;46;46;27;20;17;3;9;4;4;4;4;1;11;23;16;12;29;46;46;46;27;20;17;
?;?;?;?;?;?;?;?;?;?;?;?;22;19;77;74;72;68;2;29;46;46;27;20;17;3;9;4;4;4;4;4;4;4;4;4;4;4;4;4;4;4;4;4;4;4;4;4;4;1;
?;?;?;?;?;?;?;?;?;?;?;?;22;19;15;76;73;0;8;7;13;4;4;4;4;1;11;23;16;12;25;21;76;73;10;5;2;29;46;46;27;20;17;3;9;4;4;1;11;23;
?;?;?;?;?;?;?;?;?;?;?;?;19;15;76;73;10;5;2;29;26;22;19;15;13;4;4;4;1;11;23;16;12;29;46;46;46;27;20;17;3;9;4;4;4;4;4;4;4;4;
?;?;?;?;?;?;?;?;?;?;?;?;27;20;17;3;9;4;4;4;4;4;4;4;4;4;1;11;23;16;12;29;46;27;20;17;3;9;4;4;4;1;11;23;16;12;25;21;18;14;
?;?;?;?;?;?;?;?;?;?;?;?;19;15;13;4;4;4;4;4;4;4;4;1;11;23;16;12;29;46;27;20;17;3;9;4;4;4;4;4;4;4;4;4;4;1;11;23;16;12;
?;?;?;?;?;?;?;?;?;?;?;?;18;14;6;76;73;10;5;2;29;46;46;46;46;46;46;46;46;46;46;27;20;17;3;9;4;4;4;4;4;4;4;4;4;4;1;11;23;16;
?;?;?;?;?;?;?;?;?;?;?;?;20;17;3;9;4;1;11;23;16;12;29;46;27;20;17;3;9;4;4;4;4;4;4;4;4;4;4;4;4;4;4;4;4;4;4;4;4;4;
?;?;?;?;?;?;?;?;?;?;?;?;4;4;4;4;4;4;4;4;4;4;4;4;4;4;4;4;4;4;4;4;4;4;4;4;4;4;4;4;4;4;4;4;4;4;4;4;4;4;
?;?;?;?;?;?;?;?;?;?;?;?;18;14;6;76;73;10;5;2;25;21;18;14;6;4;1;11;23;16;12;25;21;18;76;73;10;5;2;29;46;27;20;17;3;9;4;1;11;23;
?;?;?;?;?;?;?;?;?;?;?;?;39;34;4;4;4;1;11;23;65;56;55;54;53;52;51;49;31;46;46;46;46;46;46;46;46;46;46;46;46;46;46;46;27;20;17;3;9;4;
?;?;?;?;?;?;?;?;?;?;?;?;20;17;28;24;70;68;2;25;21;18;14;6;4;1;0;8;7;13;4;4;4;4;4;1;11;23;16;12;29;46;27;20;17;3;9;76;73;10;
?;?;?;?;?;?;?;?;?;?;?;?;10;5;65;56;55;39;34;4;1;11;23;16;12;25;21;18;14;6;4;1;11;23;16;12;29;46;46;46;46;46;46;27;20;17;3;9;4;4;
?;?;?;?;?;?;?;?;?;?;?;?;18;14;6;4;1;11;23;16;12;29;46;46;46;46;46;46;46;46;27;20;17;3;9;4;4;4;4;4;4;4;4;4;1;11;23;16;12;29;
?;?;?;?;?;?;?;?;?;?;?;?;10;5;65;56;55;39;34;4;4;4;4;4;4;4;4;4;4;4;4;4;1;11;23;16;12;29;46;46;46;46;46;46;46;46;46;46;46;46;
?;?;?;?;?;?;?;?;?;?;?;?;4;4;1;11;23;16;12;29;46;27;20;17;3;9;4;4;4;1;11;23;16;12;29;46;46;27;20;17;3;9;76;73;10;5;2;29;46;46;
?;?;?;?;?;?;?;?;?;?;?;?;4;4;4;4;4;4;4;4;4;4;1;11;23;16;12;29;46;46;27;20;17;3;9;4;4;4;4;4;4;4;1;11;23;16;12;29;46;46;
?;?;?;?;?;?;?;?;?;?;?;?;20;17;3;9;4;4;4;4;4;4;4;4;1;11;23;16;12;29;46;46;46;46;27;20;17;3;9;4;4;4;4;4;4;4;4;4;4;1;
?;?;?;?;?;?;?;?;?;?;?;?;34;4;4;4;4;4;1;11;23;16;12;29;46;46;46;46;46;46;46;27;20;17;3;9;4;4;4;4;4;4;1;11;23;16;12;29;46;27;
?;?;?;?;?;?;?;?;?;?;?;?;10;5;65;56;55;39;34;4;4;4;4;4;4;4;4;4;1;11;23;16;12;29;46;46;46;46;46;46;46;46;46;46;46;46;46;27;20;17;
?;?;?;?;?;?;?;?;?;?;?;?;19;15;13;4;4;4;4;4;4;1;11;23;16;12;29;46;27;20;17;3;9;4;4;4;1;11;23;16;12;29;46;46;46;46;46;46;46;46;
?;?;?;?;?;?;?;?;?;?;?;?;19;15;13;4;1;11;23;16;12;29;46;46;46;46;46;46;46;46;27;20;17;3;9;4;4;4;4;4;1;11;23;16;12;29;46;46;27;20;
?;?;?;?;?;?;?;?;?;?;?;?;39;34;4;1;11;23;16;12;29;46;46;46;27;20;17;3;9;76;73;10;5;2;29;46;46;46;27;20;17;3;9;4;4;4;1;11;23;16;
?;?;?;?;?;?;?;?;?;?;?;?;4;1;11;23;16;12;29;46;46;46;46;46;46;46;46;46;46;46;27;20;17;3;9;4;4;4;4;4;4;4;4;4;4;4;4;4;4;4;
?;?;?;?;?;?;?;?;?;?;?;?;17;3;9;4;4;4;4;4;4;4;4;4;4;4;1;11;23;16;12;29;46;46;46;46;46;46;46;46;46;46;46;46;46;46;46;46;46;27;
?;?;?;?;?;?;?;?;?;?;?;?;29;46;46;27;20;17;3;9;4;4;4;4;4;1;11;23;16;12;29;46;46;46;46;46;46;46;46;46;46;46;27;20;17;28;24;70;68;2;
?;?;?;?;?;?;?;?;?;?;?;?;46;46;46;27;20;17;3;9;4;4;4;4;4;4;4;4;1;11;23;16;66;64;63;39;34;4;4;4;1;11;23;16;12;29;46;27;20;17;
?;?;?;?;?;?;?;?;?;?;?;?;10;5;65;56;55;39;34;4;4;1;11;23;16;12;29;26;22;19;15;76;73;10;5;65;56;55;39;34;4;4;1;11;23;16;12;29;46;46;
?;?;?;?;?;?;?;?;?;?;?;?;4;4;1;11;23;16;66;64;63;39;34;4;4;4;4;1;11;23;16;12;29;46;46;46;46;27;20;17;28;24;70;68;2;29;46;46;46;46;
?;?;?;?;?;?;?;?;?;?;?;?;4;4;4;4;4;4;4;4;4;4;4;4;4;4;4;4;4;4;4;4;4;4;4;4;4;4;4;4;4;4;4;4;4;4;4;4;4;4;
?;?;?;?;?;?;?;?;?;?;?;?;10;5;2;25;21;18;14;6;4;4;1;11;23;16;12;29;46;46;46;46;46;46;27;20;17;3;9;4;4;1;11;0;8;7;13;4;4;4;
?;?;?;?;?;?;?;?;?;?;?;?;18;14;6;76;73;10;5;2;29;46;27;20;17;28;24;70;68;2;29;46;27;20;17;3;9;4;4;4;4;1;11;23;16;12;29;46;46;46;
?;?;?;?;?;?;?;?;?;?;?;?;10;5;2;29;46;46;46;46;46;46;46;46;46;46;27;20;17;3;9;4;4;4;4;4;4;4;4;4;4;4;4;4;1;11;23;16;12;29;
?;?;?;?;?;?;?;?;?;?;?;?;18;14;6;4;1;11;23;16;12;25;21;76;73;10;5;2;29;46;46;46;27;20;17;3;76;73;10;5;2;29;46;27;20;17;3;9;4;4;
?;?;?;?;?;?;?;?;?;?;?;?;23;16;12;29;46;46;46;46;46;27;20;17;3;9;4;4;4;4;4;1;11;23;16;12;29;46;46;46;46;27;20;17;3;9;4;4;4;1;
?;?;?;?;?;?;?;?;?;?;?;?;23;16;12;25;21;76;73;10;5;2;29;46;27;20;17;3;9;4;1;11;23;16;12;29;46;46;46;46;46;27;20;17;3;9;4;4;4;4;
?;?;?;?;?;?;?;?;?;?;?;?;18;14;6;76;73;10;5;2;29;26;22;19;15;13;76;73;10;5;2;29;46;27;20;17;3;9;4;4;4;4;4;4;4;4;4;4;4;4;
?;?;?;?;?;?;?;?;?;?;?;?;46;46;46;46;46;46;46;46;27;20;17;3;9;4;4;4;4;1;11;23;16;12;25;21;18;14;6;4;4;4;4;4;4;1;11;23;16;12;
?;?;?;?;?;?;?;?;?;?;?;?;10;5;2;29;26;22;19;15;13;4;4;1;11;23;16;12;29;46;46;46;46;46;27;20;17;3;9;4;4;4;4;4;4;4;1;11;23;16;
?;?;?;?;?;?;?;?;?;?;?;?;18;14;6;76;73;10;5;2;29;26;22;19;15;13;4;4;1;11;23;65;56;55;39;76;73;10;5;2;29;46;27;20;28;24;70;68;2;29;
?;?;?;?;?;?;?;?;?;?;?;?;5;2;29;26;22;19;15;13;4;4;1;11;23;16;12;25;21;76;73;10;5;2;29;46;46;46;46;46;46;46;46;46;27;20;17;3;9;4;
?;?;?;?;?;?;?;?;?;?;?;?;10;65;56;55;39;34;4;4;4;1;11;23;16;12;29;46;46;46;46;27;20;17;3;9;4;4;4;4;4;1;11;23;16;12;29;46;46;46;
?;?;?;?;?;?;?;?;?;?;?;?;4;4;4;4;4;4;1;11;23;16;12;29;46;46;46;46;46;46;46;27;20;17;3;9;4;1;11;23;16;12;29;46;46;46;46;46;46;46;
?;?;?;?;?;?;?;?;?;?;?;?;18;14;6;76;73;10;5;2;29;26;22;19;15;13;76;73;10;5;2;29;46;46;27;20;17;3;9;4;4;4;4;4;4;4;4;4;4;4;
?;?;?;?;?;?;?;?;?;?;?;?;46;46;46;46;27;20;17;3;9;4;4;4;4;4;4;4;4;4;4;4;4;4;4;4;1;11;23;16;12;29;46;46;46;27;20;17;3;9;
?;?;?;?;?;?;?;?;?;?;?;?;10;5;2;29;46;46;46;46;46;46;46;46;46;46;46;46;27;20;17;3;9;4;4;4;4;4;4;4;4;4;4;4;4;1;11;23;16;12;
?;?;?;?;?;?;?;?;?;?;?;?;4;4;4;4;1;11;23;16;12;29;46;46;46;46;46;46;46;27;20;17;3;9;4;4;4;4;4;4;4;4;4;4;4;4;4;1;11;23;
?;?;?;?;?;?;?;?;?;?;?;?;19;15;13;4;4;4;4;4;4;4;1;11;23;16;12;29;46;27;20;17;3;9;4;1;11;23;16;12;29;46;46;46;46;46;46;46;46;27;
?;?;?;?;?;?;?;?;?;?;?;?;10;5;65;56;55;39;34;4;4;4;1;0;8;7;13;4;4;4;4;1;11;23;16;12;29;46;46;46;46;46;46;46;46;46;27;20;17;3;
?;?;?;?;?;?;?;?;?;?;?;?;20;17;3;9;4;4;4;4;4;4;4;1;11;23;16;66;64;63;39;34;4;4;1;11;23;16;12;29;46;46;46;46;27;20;17;3;9;4;
?;?;?;?;?;?;?;?;?;?;?;?;4;4;4;1;11;23;16;12;29;46;46;46;46;46;46;46;27;20;17;28;24;70;68;2;29;46;46;27;20;17;3;9;76;73;10;5;2;29;
?;?;?;?;?;?;?;?;?;?;?;?;4;4;4;4;4;1;11;23;16;12;29;46;46;46;46;46;46;46;46;27;20;17;3;9;4;4;4;4;4;4;4;4;4;4;4;4;4;4;
?;?;?;?;?;?;?;?;?;?;?;?;39;34;4;1;11;23;16;12;29;26;22;19;15;13;4;4;4;4;4;4;4;4;1;11;23;16;12;29;46;46;46;46;46;46;46;46;46;46;
?;?;?;?;?;?;?;?;?;?;?;?;27;20;17;3;9;4;4;4;4;4;4;4;1;11;23;16;12;29;46;46;46;46;27;20;17;3;9;4;4;4;4;1;11;23;16;12;29;26;
?;?;?;?;?;?;?;?;?;?;?;?;18;14;6;76;73;10;5;65;56;55;39;34;4;4;1;11;23;16;12;29;46;46;46;46;46;46;46;46;46;27;20;17;3;76;73;10;5;2;
?;?;?;?;?;?;?;?;?;?;?;?;34;4;4;4;4;1;11;23;16;12;29;46;46;46;46;46;27;20;17;3;9;4;4;4;4;4;1;11;23;16;12;29;46;46;46;46;46;46;
?;?;?;?;?;?;?;?;?;?;?;?;4;4;4;4;1;11;23;16;12;29;46;46;46;27;20;17;3;9;4;4;4;4;4;1;11;23;16;12;29;46;46;46;46;46;46;27;20;17;
?;?;?;?;?;?;?;?;?;?;?;?;34;4;1;11;23;16;12;29;46;27;20;17;3;9;4;4;1;11;23;16;12;29;46;46;46;27;20;17;3;9;4;4;4;4;4;4;4;4;
?;?;?;?;?;?;?;?;?;?;?;?;46;46;46;46;27;20;17;3;9;4;4;4;4;4;4;4;4;4;4;4;4;4;4;4;4;4;4;4;4;4;4;4;4;4;4;4;4;4;
?;?;?;?;?;?;?;?;?;?;?;?;4;4;4;4;4;4;4;4;4;4;4;4;4;4;4;4;4;4;1;11;23;16;12;29;46;27;20;17;3;9;76;73;10;5;2;29;46;46;
?;?;?;?;?;?;?;?;?;?;?;?;11;23;65;56;62;61;60;59;58;49;31;46;27;20;17;3;9;4;4;1;11;23;16;12;29;46;46;46;46;46;46;46;46;46;27;20;17;3;
?;?;?;?;?;?;?;?;?;?;?;?;27;20;17;3;9;4;4;4;4;1;11;23;16;12;29;46;46;46;46;27;20;17;3;9;4;4;4;4;4;4;4;4;4;4;4;4;4;1;
?;?;?;?;?;?;?;?;?;?;?;?;23;65;56;55;39;34;4;1;11;23;16;12;29;26;22;19;15;13;76;73;10;5;2;29;46;46;46;46;27;20;17;3;9;4;4;4;4;4;
?;?;?;?;?;?;?;?;?;?;?;?;29;46;27;20;17;3;9;4;4;4;4;1;11;23;16;12;29;26;22;19;15;13;4;1;11;23;16;12;29;46;46;46;27;20;17;3;9;4;
?;?;?;?;?;?;?;?;?;?;?;?;20;17;3;9;4;4;1;11;23;16;12;29;46;46;27;20;17;3;9;4;4;4;1;11;23;16;12;29;26;22;19;15;76;73;10;5;2;29;
?;?;?;?;?;?;?;?;?;?;?;?;4;4;1;11;23;16;12;29;46;46;46;46;46;46;46;46;46;27;20;17;3;9;4;4;4;4;4;4;4;1;11;23;16;12;29;46;46;46;
?;?;?;?;?;?;?;?;?;?;?;?;23;16;12;25;21;18;14;76;73;10;5;2;29;46;27;20;17;28;24;70;68;2;25;21;18;14;76;73;10;5;2;25;21;18;14;6;4;4;
?;?;?;?;?;?;?;?;?;?;?;?;5;2;25;21;18;14;6;4;4;1;11;23;16;12;29;46;46;27;20;17;3;9;4;4;4;4;4;1;11;23;16;12;29;46;27;20;17;3;
?;?;?;?;?;?;?;?;?;?;?;?;14;6;4;4;4;4;4;4;4;4;4;1;11;23;16;12;29;46;46;46;46;46;46;27;20;17;3;9;76;73;10;5;2;29;46;46;46;46;
?;?;?;?;?;?;?;?;?;?;?;?;20;17;28;24;70;68;0;8;7;13;4;4;4;1;11;23;16;12;25;21;18;14;6;4;4;4;1;11;23;16;12;29;46;46;46;46;46;46;
?;?;?;?;?;?;?;?;?;?;?;?;4;4;4;4;4;4;4;4;4;1;11;23;16;12;29;46;46;46;46;46;46;46;46;46;46;46;46;46;46;46;46;46;46;46;27;20;17;3;
?;?;?;?;?;?;?;?;?;?;?;?;46;46;46;46;46;27;20;17;3;9;4;4;4;4;4;1;11;23;16;66;64;63;39;34;4;4;4;4;4;4;1;11;23;16;12;29;46;46;
?;?;?;?;?;?;?;?;?;?;?;?;18;14;6;4;4;4;4;4;4;4;4;4;1;11;23;16;12;29;46;27;20;17;3;9;76;73;10;5;2;29;46;46;46;46;46;46;27;20;
?;?;?;?;?;?;?;?;?;?;?;?;11;23;65;56;55;39;34;4;1;11;23;16;12;29;46;46;46;46;46;46;46;46;46;46;46;46;46;46;27;20;17;3;9;4;4;4;4;4;
?;?;?;?;?;?;?;?;?;?;?;?;10;5;65;56;55;39;34;4;1;11;23;16;12;29;26;22;19;15;13;76;73;10;5;2;29;46;46;46;46;27;20;17;3;9;4;4;4;4;
?;?;?;?;?;?;?;?;?;?;?;?;46;46;27;20;17;3;9;4;4;4;4;4;4;4;4;4;4;4;1;11;23;65;56;55;39;34;4;1;11;23;16;12;29;46;46;46;46;27;
?;?;?;?;?;?;?;?;?;?;?;?;4;4;4;1;11;23;16;12;29;46;27;20;17;3;9;4;4;4;4;4;4;4;1;11;23;16;12;29;46;46;46;27;20;17;3;9;4;4;
?;?;?;?;?;?;?;?;?;?;?;?;46;27;20;17;3;9;4;4;4;1;11;23;16;12;29;46;46;46;46;46;46;46;46;27;20;17;3;9;4;4;4;1;11;0;8;7;13;4;
?;?;?;?;?;?;?;?;?;?;?;?;18;14;76;73;10;5;2;29;26;22;19;15;76;73;10;5;2;29;26;22;19;15;13;76;73;10;5;2;29;26;22;19;15;13;4;4;4;4;
?;?;?;?;?;?;?;?;?;?;?;?;11;23;16;12;29;46;27;20;17;3;9;4;4;4;1;11;23;16;12;29;46;46;46;46;46;46;46;46;46;46;46;46;46;46;46;46;46;46;
?;?;?;?;?;?;?;?;?;?;?;?;22;19;15;13;4;4;4;4;4;4;4;1;11;23;16;12;29;46;46;27;20;17;3;9;76;73;10;5;2;29;26;22;19;15;13;4;4;4;
?;?;?;?;?;?;?;?;?;?;?;?;2;25;21;18;14;6;4;4;4;1;11;23;16;12;29;46;46;46;46;46;46;46;46;27;20;17;3;9;4;1;11;23;16;12;29;46;46;46;
?;?;?;?;?;?;?;?;?;?;?;?;5;2;29;26;22;19;15;13;76;73;10;5;65;56;55;39;34;4;4;4;1;11;23;16;12;29;26;22;19;15;76;73;10;5;2;29;46;46;
?;?;?;?;?;?;?;?;?;?;?;?;63;39;34;4;4;4;4;4;1;11;23;16;12;29;46;46;46;46;46;46;46;27;20;17;3;9;4;4;4;4;4;4;4;4;4;4;4;4;
?;?;?;?;?;?;?;?;?;?;?;?;4;4;4;4;4;4;4;4;4;4;1;11;23;16;12;29;46;46;46;46;46;46;46;46;46;46;46;46;46;46;46;27;20;17;3;9;4;4;
?;?;?;?;?;?;?;?;?;?;?;?;39;34;4;4;4;4;4;4;4;4;4;4;4;4;4;1;11;23;16;12;29;46;46;46;46;46;46;46;46;46;46;46;46;46;27;20;17;3;
?;?;?;?;?;?;?;?;?;?;?;?;4;4;4;4;4;4;4;4;4;4;1;11;23;16;12;29;26;22;19;15;13;4;4;4;1;11;23;16;12;29;46;46;46;46;46;46;46;46;
?;?;?;?;?;?;?;?;?;?;?;?;12;29;46;46;46;46;46;46;46;46;46;46;46;46;46;46;46;46;46;46;27;20;17;3;9;4;4;4;4;4;4;1;11;23;16;12;29;46;
?;?;?;?;?;?;?;?;?;?;?;?;10;5;2;29;46;46;46;46;46;46;46;46;27;20;17;3;9;4;4;4;4;1;11;23;65;56;55;39;34;4;4;4;4;1;11;23;16;12;
?;?;?;?;?;?;?;?;?;?;?;?;46;46;46;46;27;20;17;3;9;4;4;4;1;11;23;16;12;29;46;46;46;27;20;17;3;9;4;4;4;1;11;23;16;12;29;46;46;46;
?;?;?;?;?;?;?;?;?;?;?;?;22;19;15;13;4;4;4;1;11;23;16;12;29;46;27;20;17;3;9;4;4;4;4;1;11;23;16;12;29;46;46;27;20;17;3;9;4;4;
?;?;?;?;?;?;?;?;?;?;?;?;20;17;3;9;4;4;4;4;4;4;4;4;4;1;11;23;16;66;64;63;39;34;4;4;1;11;23;16;12;29;46;46;27;20;17;3;9;4;
?;?;?;?;?;?;?;?;?;?;?;?;46;46;46;27;20;17;3;76;73;10;5;2;29;46;46;46;27;20;17;3;9;4;4;4;4;4;4;4;4;4;4;4;1;11;23;16;12;29;
?;?;?;?;?;?;?;?;?;?;?;?;23;16;12;25;21;18;14;6;76;73;10;5;2;29;26;22;19;15;13;4;4;4;1;11;23;16;12;29;46;46;46;46;46;46;46;46;46;27;
?;?;?;?;?;?;?;?;?;?;?;?;10;5;2;25;21;18;14;6;76;73;10;5;65;56;55;39;34;4;4;4;1;11;23;16;12;29;26;22;19;15;13;76;73;10;5;2;29;46;
?;?;?;?;?;?;?;?;?;?;?;?;11;23;16;12;25;21;18;14;6;4;4;4;4;1;11;23;16;12;29;46;46;46;46;46;46;27;20;17;3;9;4;4;4;4;4;1;11;23;
?;?;?;?;?;?;?;?;?;?;?;?;23;16;12;29;46;27;20;28;24;70;0;8;7;13;4;4;4;4;1;11;23;16;12;29;26;22;19;15;13;76;73;10;5;2;29;46;27;20;
?;?;?;?;?;?;?;?;?;?;?;?;21;18;14;6;4;1;11;23;16;12;29;46;46;46;46;46;27;20;17;3;9;4;1;11;23;16;12;29;26;22;19;15;13;4;4;4;1;11;
?;?;?;?;?;?;?;?;?;?;?;?;4;4;4;4;4;4;1;11;23;16;12;29;46;46;46;46;46;46;46;46;46;46;46;27;20;17;3;9;4;4;4;1;11;23;16;12;29;46;
?;?;?;?;?;?;?;?;?;?;?;?;19;15;13;4;4;1;11;23;65;56;55;39;34;4;1;11;23;16;12;29;46;46;46;46;46;46;46;46;46;27;20;17;3;9;4;4;1;11;
?;?;?;?;?;?;?;?;?;?;?;?;5;2;25;21;18;14;6;4;4;4;1;11;23;16;12;29;46;46;46;46;46;46;46;27;20;17;3;9;4;4;4;1;11;23;16;12;29;46;
?;?;?;?;?;?;?;?;?;?;?;?;11;23;65;56;55;39;34;4;1;11;23;16;12;29;46;46;46;46;46;46;46;46;46;46;46;46;46;46;46;46;46;46;46;46;27;20;17;3;
?;?;?;?;?;?;?;?;?;?;?;?;10;5;2;25;21;18;14;6;76;73;10;5;2;29;26;22;19;77;74;72;68;2;29;46;46;46;27;20;17;3;9;4;1;11;23;16;12;29;
?;?;?;?;?;?;?;?;?;?;?;?;0;8;7;13;4;4;4;4;4;1;11;23;16;12;29;46;46;46;46;46;46;46;46;46;27;20;17;3;9;4;4;4;4;4;4;4;4;4;
?;?;?;?;?;?;?;?;?;?;?;?;46;46;46;46;46;46;46;46;46;27;20;17;3;9;4;4;1;11;0;8;7;13;4;4;4;4;1;11;23;16;12;29;46;46;46;46;46;46;
?;?;?;?;?;?;?;?;?;?;?;?;11;23;16;12;29;46;46;46;46;46;46;46;46;27;20;17;3;9;76;73;10;5;65;56;55;39;34;4;4;4;4;4;4;4;1;11;23;16;
?;?;?;?;?;?;?;?;?;?;?;?;0;8;7;13;4;4;4;4;4;1;11;23;16;12;29;46;46;46;46;46;46;46;27;20;17;3;9;4;1;11;23;16;12;29;46;46;46;27;
?;?;?;?;?;?;?;?;?;?;?;?;5;2;29;46;27;20;17;3;9;4;4;4;4;4;4;4;4;4;4;4;4;4;4;4;4;4;4;4;1;11;23;16;12;29;46;46;46;27;
?;?;?;?;?;?;?;?;?;?;?;?;10;5;2;29;46;27;20;17;3;9;4;4;4;4;4;4;4;4;4;4;1;11;23;16;66;64;63;39;34;4;4;4;4;1;11;23;16;66;
?;?;?;?;?;?;?;?;?;?;?;?;19;15;13;76;73;10;5;65;56;55;39;34;4;4;1;11;23;65;56;55;39;34;4;4;1;11;23;16;12;29;46;46;27;20;17;3;9;4;
?;?;?;?;?;?;?;?;?;?;?;?;39;34;4;4;1;11;23;16;12;25;21;18;14;76;73;10;5;2;29;46;46;46;46;46;46;46;46;46;27;20;17;3;9;4;4;4;4;1;
?;?;?;?;?;?;?;?;?;?;?;?;18;14;6;76;73;10;5;2;25;21;18;14;6;4;1;11;23;16;12;29;46;27;20;17;3;76;73;10;5;2;29;46;46;46;27;20;17;3;
?;?;?;?;?;?;?;?;?;?;?;?;29;46;46;27;20;17;3;76;73;10;5;2;29;46;46;46;27;20;28;24;70;68;0;8;7;13;4;4;4;4;4;4;4;1;11;23;16;12;
?;?;?;?;?;?;?;?;?;?;?;?;10;5;2;29;46;46;46;27;20;17;3;9;4;4;4;4;4;4;4;4;1;11;23;16;12;29;46;46;46;46;46;46;46;46;46;46;46;46;
?;?;?;?;?;?;?;?;?;?;?;?;10;5;2;29;46;46;46;46;46;46;46;46;27;20;17;3;9;4;4;4;4;4;4;4;4;4;4;4;4;1;11;23;16;12;29;46;46;46;
?;?;?;?;?;?;?;?;?;?;?;?;10;5;2;25;21;18;14;6;4;4;4;4;4;4;4;4;4;4;4;1;11;23;16;12;29;46;46;46;46;46;46;46;46;46;27;20;17;3;
?;?;?;?;?;?;?;?;?;?;?;?;46;46;46;27;20;17;3;9;4;4;4;4;4;4;4;4;4;4;4;4;4;4;4;4;4;4;4;1;11;23;16;12;29;46;27;20;17;3;
?;?;?;?;?;?;?;?;?;?;?;?;23;16;12;29;46;46;46;46;46;46;27;20;17;3;9;4;4;4;1;11;23;16;12;29;46;46;46;46;46;46;46;46;46;46;46;46;27;20;
?;?;?;?;?;?;?;?;?;?;?;?;4;1;11;23;16;12;29;46;46;27;20;17;3;9;4;4;1;11;23;16;12;29;46;46;46;46;46;46;46;46;27;20;17;3;9;4;1;11;
?;?;?;?;?;?;?;?;?;?;?;?;2;29;46;46;46;46;46;46;46;46;46;46;46;27;20;17;3;9;4;4;4;4;4;4;4;4;4;4;4;4;4;4;4;1;11;23;16;12;
?;?;?;?;?;?;?;?;?;?;?;?;11;23;16;66;64;54;53;52;51;49;31;46;46;46;27;20;17;3;9;4;4;4;4;4;4;4;4;4;4;4;4;4;4;1;11;23;16;12;
?;?;?;?;?;?;?;?;?;?;?;?;5;2;29;46;46;27;20;17;3;9;76;73;0;8;7;13;4;4;4;4;4;4;4;4;4;4;4;4;4;4;4;4;4;4;4;4;4;1;
?;?;?;?;?;?;?;?;?;?;?;?;10;5;65;56;55;39;34;4;4;4;4;4;4;4;4;4;4;4;4;4;4;4;1;11;23;16;12;29;46;46;46;46;46;46;46;46;46;46;
?;?;?;?;?;?;?;?;?;?;?;?;27;20;17;3;9;4;4;4;4;4;4;1;11;23;16;12;25;43;41;38;36;33;47;30;45;44;27;20;17;3;9;4;4;4;1;11;23;16;
?;?;?;?;?;?;?;?;?;?;?;?;27;78;75;71;69;67;57;26;22;19;15;13;4;4;4;4;4;4;4;1;11;23;16;12;29;46;46;46;46;46;27;20;17;3;9;4;4;4;
?;?;?;?;?;?;?;?;?;?;?;?;46;46;27;20;17;3;9;4;4;4;4;4;1;11;23;16;12;29;46;46;46;46;27;20;17;3;9;4;4;1;11;23;16;12;29;46;46;46;
?;?;?;?;?;?;?;?;?;?;?;?;4;4;4;4;4;4;1;11;23;16;12;29;46;46;27;20;17;3;76;73;10;5;2;29;46;46;46;27;20;17;3;9;4;4;4;1;11;23;
?;?;?;?;?;?;?;?;?;?;?;?;10;5;65;56;55;39;34;4;4;1;11;23;16;12;29;46;27;20;17;3;9;4;4;1;11;23;16;12;29;46;46;46;46;46;27;20;17;3;
?;?;?;?;?;?;?;?;?;?;?;?;11;23;16;12;29;46;46;46;46;46;46;46;46;46;46;27;20;17;3;9;4;4;4;1;11;23;16;12;29;46;46;46;46;46;46;46;46;46;
?;?;?;?;?;?;?;?;?;?;?;?;4;4;4;4;4;4;4;4;4;4;4;4;4;4;4;4;4;4;4;4;4;4;4;4;4;4;4;4;4;4;4;4;4;4;4;4;4;4;
?;?;?;?;?;?;?;?;?;?;?;?;4;4;4;4;4;4;4;4;4;4;4;4;4;4;4;4;1;11;23;16;12;29;46;46;46;46;46;46;46;46;46;46;46;46;46;46;27;20;
?;?;?;?;?;?;?;?;?;?;?;?;46;46;27;20;17;3;9;4;4;4;4;4;4;4;4;4;1;11;23;16;12;29;46;46;46;27;20;17;3;9;4;4;4;4;4;4;4;1;
?;?;?;?;?;?;?;?;?;?;?;?;5;2;29;46;46;46;46;46;46;46;27;20;17;3;9;4;4;4;4;4;4;4;4;4;4;4;4;4;4;4;4;4;4;4;4;1;11;23;
?;?;?;?;?;?;?;?;?;?;?;?;18;14;6;76;73;10;5;2;29;26;22;19;15;76;73;10;5;2;29;26;22;19;15;13;4;4;4;4;4;4;4;4;1;11;23;16;12;29;
?;?;?;?;?;?;?;?;?;?;?;?;23;16;12;29;26;22;19;77;74;72;68;2;29;26;22;19;15;76;73;10;5;2;25;21;18;14;6;76;73;10;5;2;29;46;27;20;17;3;
?;?;?;?;?;?;?;?;?;?;?;?;39;34;4;4;1;11;23;16;12;25;21;18;14;76;73;10;5;2;29;46;46;46;46;46;46;46;27;20;17;3;9;4;4;4;4;1;11;23;
?;?;?;?;?;?;?;?;?;?;?;?;1;11;23;16;12;29;46;46;46;46;46;46;46;46;46;46;46;46;46;27;20;17;3;9;4;4;4;4;4;4;4;4;4;4;4;4;4;4;
?;?;?;?;?;?;?;?;?;?;?;?;46;46;27;20;17;3;76;73;10;5;2;29;46;46;46;46;46;46;46;46;46;27;20;17;3;9;4;4;4;4;4;4;4;4;4;1;11;23;
?;?;?;?;?;?;?;?;?;?;?;?;4;1;11;23;16;12;29;46;46;46;46;46;27;20;17;3;9;4;4;4;4;1;11;23;16;12;29;46;46;46;46;46;27;20;17;3;9;76;
?;?;?;?;?;?;?;?;?;?;?;?;10;5;65;56;55;39;34;4;4;4;4;4;4;4;4;4;4;4;4;4;1;11;23;16;12;29;46;46;46;46;46;46;46;46;46;46;46;46;
?;?;?;?;?;?;?;?;?;?;?;?;11;23;16;66;64;63;76;73;10;5;2;29;46;46;27;20;17;3;9;4;4;4;4;4;1;11;23;16;12;29;46;46;46;46;46;27;20;17;
?;?;?;?;?;?;?;?;?;?;?;?;39;34;4;1;11;23;16;12;29;46;46;27;78;75;71;69;67;57;26;22;19;77;74;72;68;2;29;46;46;46;46;46;27;20;17;3;9;4;
?;?;?;?;?;?;?;?;?;?;?;?;27;78;75;71;69;67;57;30;45;44;31;46;46;46;46;46;46;46;27;20;17;3;9;4;4;4;4;4;4;4;4;4;1;11;23;16;12;29;
?;?;?;?;?;?;?;?;?;?;?;?;4;4;4;4;1;11;0;8;7;13;4;4;4;4;4;4;1;11;23;16;12;29;46;46;46;46;46;46;46;46;46;46;46;46;46;46;46;46;
?;?;?;?;?;?;?;?;?;?;?;?;46;46;27;20;17;3;9;4;4;1;11;23;16;66;64;63;39;34;4;1;11;23;16;12;29;26;22;19;15;13;4;4;4;4;1;11;23;16;
?;?;?;?;?;?;?;?;?;?;?;?;46;46;46;46;27;20;17;3;9;4;4;4;4;4;4;1;11;23;16;66;42;40;37;35;32;50;48;45;44;31;46;27;20;17;3;9;4;4;
?;?;?;?;?;?;?;?;?;?;?;?;10;5;65;56;55;39;34;4;4;4;4;1;11;23;16;12;29;46;46;46;46;27;20;17;3;9;4;4;1;11;23;16;12;29;46;46;46;46;
?;?;?;?;?;?;?;?;?;?;?;?;10;5;2;29;26;22;19;15;13;76;73;0;8;7;13;4;4;4;4;4;1;11;23;16;12;29;46;46;46;46;46;27;20;17;3;9;4;4;
?;?;?;?;?;?;?;?;?;?;?;?;39;34;4;4;4;4;4;4;1;11;23;16;12;29;46;46;46;27;20;17;3;9;4;1;11;23;16;12;29;46;46;46;46;46;27;20;17;3;
?;?;?;?;?;?;?;?;?;?;?;?;10;5;2;29;46;46;46;46;46;46;46;46;46;27;20;17;3;9;4;4;4;4;4;4;4;4;4;4;4;4;4;4;4;4;4;4;4;4;
?;?;?;?;?;?;?;?;?;?;?;?;16;12;29;26;22;19;15;13;76;73;10;5;2;29;46;46;46;46;46;46;46;46;46;27;20;17;3;9;4;4;1;11;23;16;12;29;46;46;
?;?;?;?;?;?;?;?;?;?;?;?;17;3;76;73;10;5;2;29;26;22;19;15;13;4;4;4;4;4;1;11;23;16;12;29;46;27;20;17;3;76;73;10;5;2;29;46;27;20;
?;?;?;?;?;?;?;?;?;?;?;?;23;16;12;25;21;18;14;6;4;4;4;1;11;23;16;66;64;63;39;34;76;73;10;5;2;29;46;46;46;46;46;27;20;17;3;9;4;1;
?;?;?;?;?;?;?;?;?;?;?;?;23;16;66;64;63;39;34;4;1;11;23;16;12;29;46;46;46;46;46;46;46;46;46;46;46;46;46;46;27;20;17;3;9;4;4;4;4;4;
?;?;?;?;?;?;?;?;?;?;?;?;6;4;4;4;4;1;11;23;16;12;29;46;27;20;17;3;9;4;4;4;4;4;1;11;23;16;12;29;46;46;46;46;46;46;46;46;46;46;
?;?;?;?;?;?;?;?;?;?;?;?;4;4;4;4;4;4;4;4;4;4;1;11;23;16;12;29;46;46;46;46;46;46;46;46;27;20;17;3;76;73;10;5;65;56;55;39;34;4;
?;?;?;?;?;?;?;?;?;?;?;?;23;16;12;29;46;46;46;46;46;46;46;46;46;46;27;20;17;3;9;4;4;4;4;4;4;4;4;1;11;23;16;12;29;46;27;20;17;3;
?;?;?;?;?;?;?;?;?;?;?;?;2;29;46;46;46;46;27;20;17;3;9;4;4;4;4;4;4;4;4;4;4;4;4;4;1;11;23;16;12;29;46;46;46;46;46;46;46;46;
?;?;?;?;?;?;?;?;?;?;?;?;20;17;3;9;4;4;4;4;4;4;4;4;1;11;23;16;12;29;26;22;19;77;74;72;68;2;29;26;22;19;15;13;76;73;10;5;2;29;
?;?;?;?;?;?;?;?;?;?;?;?;23;16;12;29;46;46;46;46;46;46;46;46;27;20;17;3;9;4;1;11;23;16;12;29;46;27;20;17;3;9;4;4;4;4;4;4;4;4;
?;?;?;?;?;?;?;?;?;?;?;?;19;15;13;4;1;11;23;16;12;29;46;46;46;46;46;46;46;27;20;17;3;9;4;4;4;1;11;23;65;56;55;39;34;4;4;4;4;4;
?;?;?;?;?;?;?;?;?;?;?;?;10;5;2;25;21;18;14;6;76;73;10;5;2;25;21;18;14;6;4;4;4;4;4;4;4;4;4;1;11;23;16;12;29;46;46;46;46;46;
?;?;?;?;?;?;?;?;?;?;?;?;12;29;46;46;46;46;46;46;46;46;27;20;17;3;9;4;4;4;4;4;4;4;4;4;4;4;1;11;23;16;12;29;46;46;46;46;27;20;
?;?;?;?;?;?;?;?;?;?;?;?;18;76;73;10;5;2;29;26;22;19;15;13;4;4;1;11;23;16;12;29;46;27;20;17;3;9;76;73;10;5;2;29;46;46;46;46;46;27;
?;?;?;?;?;?;?;?;?;?;?;?;10;5;2;29;46;46;27;20;17;3;9;4;4;4;4;4;4;1;11;23;16;12;29;26;22;19;15;13;4;1;11;23;16;12;29;26;22;19;
?;?;?;?;?;?;?;?;?;?;?;?;23;16;12;29;46;46;46;46;46;46;46;46;46;46;27;20;17;3;9;76;73;10;5;65;56;55;39;34;4;4;4;4;1;11;23;16;12;29;
?;?;?;?;?;?;?;?;?;?;?;?;4;4;4;4;4;4;4;4;1;11;23;16;12;25;21;18;14;76;73;10;5;2;29;46;46;46;46;46;46;46;46;46;46;46;46;46;27;20;
?;?;?;?;?;?;?;?;?;?;?;?;23;65;56;55;39;34;4;4;4;4;4;1;11;23;16;12;29;46;46;46;27;20;17;3;9;4;4;4;1;11;23;16;12;29;46;46;46;46;
?;?;?;?;?;?;?;?;?;?;?;?;46;27;20;17;28;24;70;68;2;29;46;46;27;20;17;3;9;4;4;4;4;4;1;0;8;7;13;4;4;4;4;4;4;4;4;4;4;4;
?;?;?;?;?;?;?;?;?;?;?;?;2;29;46;27;20;17;3;9;4;4;1;11;23;16;66;64;63;39;34;4;4;4;1;11;23;16;12;29;46;46;46;46;46;46;46;46;46;46;
?;?;?;?;?;?;?;?;?;?;?;?;46;27;20;17;3;9;4;4;4;4;1;11;23;16;12;29;46;46;46;27;20;17;3;9;4;4;4;4;4;1;11;23;16;12;29;46;46;46;
?;?;?;?;?;?;?;?;?;?;?;?;19;15;13;4;4;4;4;4;1;11;23;16;12;29;46;46;27;20;17;3;9;4;4;1;11;23;16;12;29;46;46;46;46;27;20;17;3;9;
?;?;?;?;?;?;?;?;?;?;?;?;46;46;46;46;46;46;27;20;17;3;9;4;4;4;4;4;4;4;4;4;4;4;4;4;4;4;4;4;4;1;11;23;16;12;29;46;46;46;
?;?;?;?;?;?;?;?;?;?;?;?;10;5;2;29;46;46;46;46;46;46;46;46;46;46;27;20;17;3;9;4;4;4;4;4;4;4;4;4;4;4;4;1;11;23;16;12;29;26;
?;?;?;?;?;?;?;?;?;?;?;?;2;29;46;27;20;17;3;9;4;4;4;4;1;11;23;65;56;55;39;34;4;4;4;1;11;23;16;12;29;46;46;46;27;20;17;28;24;70;
?;?;?;?;?;?;?;?;?;?;?;?;11;23;16;12;25;21;18;14;6;4;4;4;4;1;11;23;16;12;29;46;46;46;46;46;27;20;17;3;9;4;4;4;4;1;11;23;65;56;
?;?;?;?;?;?;?;?;?;?;?;?;23;16;12;29;46;27;20;28;24;70;68;2;29;46;46;46;46;46;46;46;27;20;17;3;9;4;4;1;11;23;16;12;29;46;27;20;17;3;
?;?;?;?;?;?;?;?;?;?;?;?;18;14;6;76;73;10;5;2;25;21;18;14;6;4;1;11;23;16;12;29;46;46;46;46;46;46;46;27;20;17;3;9;4;4;4;4;1;11;
?;?;?;?;?;?;?;?;?;?;?;?;18;14;76;73;10;5;2;29;46;46;27;20;17;3;9;4;4;4;4;1;11;23;16;12;29;26;22;19;15;13;4;4;4;4;4;1;11;23;
?;?;?;?;?;?;?;?;?;?;?;?;20;17;3;9;4;4;4;4;4;4;4;4;4;4;4;1;11;23;16;12;29;46;46;46;46;46;27;20;17;3;9;4;4;4;4;1;11;23;
?;?;?;?;?;?;?;?;?;?;?;?;18;14;6;76;73;10;5;2;29;46;46;46;46;46;46;46;46;27;20;17;3;9;4;4;4;4;1;11;23;16;12;29;46;27;20;17;3;9;
?;?;?;?;?;?;?;?;?;?;?;?;19;77;74;72;68;2;29;46;27;20;17;3;9;4;4;4;4;4;1;11;23;16;12;29;46;46;46;46;46;46;46;46;27;20;17;3;9;4;
?;?;?;?;?;?;?;?;?;?;?;?;22;19;15;13;76;73;10;5;65;56;55;39;34;4;4;4;4;4;4;4;4;4;4;4;4;4;4;4;4;1;11;23;16;12;29;46;46;46;
?;?;?;?;?;?;?;?;?;?;?;?;10;5;2;25;21;18;14;6;76;73;10;5;2;29;46;46;46;46;46;46;46;46;46;46;27;20;17;28;24;70;68;0;8;7;13;4;4;4;
?;?;?;?;?;?;?;?;?;?;?;?;5;2;29;46;46;27;20;17;3;76;73;10;5;2;29;26;22;19;15;13;4;4;4;4;4;4;1;11;23;16;12;29;46;46;46;46;27;20;
?;?;?;?;?;?;?;?;?;?;?;?;4;4;4;4;4;4;4;4;4;4;4;4;4;4;4;4;4;4;4;4;4;4;4;4;4;4;4;4;4;4;4;4;4;4;4;4;4;4;
?;?;?;?;?;?;?;?;?;?;?;?;18;14;76;73;10;5;2;29;46;46;27;20;17;3;9;4;4;1;11;23;16;12;29;46;46;46;46;27;20;17;3;9;4;4;4;4;4;4;
?;?;?;?;?;?;?;?;?;?;?;?;46;46;46;27;20;17;3;9;4;4;4;4;4;4;4;4;4;4;4;1;11;23;16;12;29;46;27;20;17;3;76;73;10;5;2;29;46;27;
?;?;?;?;?;?;?;?;?;?;?;?;10;5;2;29;46;46;46;46;46;46;46;27;20;17;3;9;4;1;11;23;16;12;29;26;22;19;15;13;4;4;4;1;11;23;16;12;25;21;
?;?;?;?;?;?;?;?;?;?;?;?;18;14;76;73;10;5;2;25;21;18;14;6;4;4;4;1;11;23;16;12;29;46;46;46;46;46;46;46;46;46;27;20;28;24;70;68;2;29;
?;?;?;?;?;?;?;?;?;?;?;?;4;4;1;11;23;16;12;29;46;46;46;46;46;46;46;46;46;46;46;46;46;46;46;46;46;46;27;20;17;3;9;4;4;1;11;23;16;12;
?;?;?;?;?;?;?;?;?;?;?;?;5;65;56;55;39;34;4;4;1;11;23;16;12;29;26;22;19;15;13;4;4;4;4;1;11;23;16;12;29;46;46;46;27;20;17;3;9;4;
?;?;?;?;?;?;?;?;?;?;?;?;11;23;16;12;29;46;46;46;46;46;46;46;27;20;17;3;76;73;10;5;2;29;26;22;19;15;13;4;4;4;4;4;1;11;23;16;12;29;
?;?;?;?;?;?;?;?;?;?;?;?;18;14;6;4;1;11;23;16;12;25;21;18;14;6;4;1;11;23;16;12;29;46;46;46;46;46;46;46;46;27;20;17;3;9;4;4;1;11;
?;?;?;?;?;?;?;?;?;?;?;?;4;4;4;4;4;4;4;4;4;4;4;4;4;4;4;4;1;11;23;16;12;29;46;46;46;46;46;27;20;17;3;9;4;4;4;4;4;4;
?;?;?;?;?;?;?;?;?;?;?;?;2;29;26;22;19;15;13;4;1;11;23;16;66;64;63;39;34;4;4;1;11;23;16;12;29;46;46;46;46;46;46;46;46;46;27;20;17;3;
?;?;?;?;?;?;?;?;?;?;?;?;4;4;4;4;1;11;23;16;12;29;46;46;46;46;46;46;46;46;46;46;46;46;46;46;46;46;46;27;20;17;3;9;4;4;4;4;4;1;
?;?;?;?;?;?;?;?;?;?;?;?;19;15;13;4;4;4;4;4;4;4;4;4;4;1;11;23;16;12;29;46;46;46;46;46;46;27;20;17;3;9;4;1;11;23;16;12;29;26;
?;?;?;?;?;?;?;?;?;?;?;?;75;71;69;67;57;30;45;44;27;20;17;3;9;4;4;1;11;23;16;66;64;63;39;34;4;4;4;4;4;4;4;4;4;4;4;4;4;4;
?;?;?;?;?;?;?;?;?;?;?;?;10;65;56;55;39;34;4;4;4;1;11;23;16;12;29;46;46;46;46;46;46;46;46;27;20;17;3;9;4;4;1;11;23;16;12;29;46;46;
?;?;?;?;?;?;?;?;?;?;?;?;4;4;4;4;4;4;4;4;4;4;4;4;1;11;23;16;12;29;46;46;46;46;46;46;46;46;46;46;46;46;46;46;46;46;46;27;20;17;
?;?;?;?;?;?;?;?;?;?;?;?;18;14;76;73;10;5;2;29;26;22;19;15;13;4;1;11;23;16;12;25;21;18;14;6;4;1;11;23;16;12;25;21;18;14;6;4;4;4;
?;?;?;?;?;?;?;?;?;?;?;?;34;4;1;11;23;16;12;29;46;46;46;46;46;46;46;46;46;46;27;20;17;3;9;4;4;4;1;11;23;16;12;29;26;22;19;15;76;73;
?;?;?;?;?;?;?;?;?;?;?;?;23;16;12;29;46;46;27;20;17;3;9;4;4;4;4;4;4;1;11;23;16;12;29;46;46;46;46;46;46;46;46;46;46;27;20;17;28;24;
?;?;?;?;?;?;?;?;?;?;?;?;11;23;16;12;29;46;46;46;46;46;46;27;20;17;3;9;4;4;4;4;4;4;4;4;4;4;4;4;1;11;23;16;12;29;46;46;46;46;
?;?;?;?;?;?;?;?;?;?;?;?;5;2;25;21;18;14;6;4;4;1;11;23;16;12;29;46;46;46;46;46;46;46;46;46;46;46;46;46;46;27;20;17;3;9;4;4;4;1;
?;?;?;?;?;?;?;?;?;?;?;?;46;46;46;27;20;17;3;9;4;4;4;1;11;23;16;12;29;46;46;46;46;27;20;17;3;9;4;4;4;4;4;4;4;4;4;4;4;4;
?;?;?;?;?;?;?;?;?;?;?;?;20;17;3;9;4;4;4;4;4;4;4;4;4;4;1;11;23;16;12;29;46;46;46;46;46;46;46;46;46;46;27;20;17;3;9;4;4;4;
?;?;?;?;?;?;?;?;?;?;?;?;4;4;4;4;4;4;4;4;4;4;4;4;1;11;23;16;12;29;46;46;46;46;46;46;46;46;27;20;17;3;9;4;1;11;23;16;12;25;
?;?;?;?;?;?;?;?;?;?;?;?;10;5;2;25;21;18;14;6;76;73;10;5;2;25;21;18;14;6;4;1;11;23;16;66;64;63;39;34;4;1;11;23;16;12;29;46;27;20;
?;?;?;?;?;?;?;?;?;?;?;?;18;14;6;76;73;10;5;2;25;21;18;14;6;76;73;10;5;2;29;46;46;46;46;46;46;27;20;17;3;9;4;4;4;4;1;11;23;16;
?;?;?;?;?;?;?;?;?;?;?;?;22;19;15;76;73;10;5;2;25;21;18;14;6;4;4;4;4;4;4;4;4;4;4;4;4;4;1;11;23;16;12;29;46;46;46;46;46;46;
?;?;?;?;?;?;?;?;?;?;?;?;18;14;76;73;10;5;2;29;26;22;19;15;13;4;1;11;23;16;12;29;46;27;20;17;3;9;4;4;4;4;4;4;4;1;11;23;16;12;
?;?;?;?;?;?;?;?;?;?;?;?;46;46;46;46;46;27;20;17;3;9;4;4;4;4;4;4;4;4;1;11;23;16;12;29;46;46;46;46;46;46;46;27;20;17;3;9;4;4;
?;?;?;?;?;?;?;?;?;?;?;?;18;14;6;76;73;10;5;2;25;21;18;14;6;76;73;10;5;65;56;55;39;34;4;1;11;23;16;12;29;46;27;20;17;3;9;4;4;4;
?;?;?;?;?;?;?;?;?;?;?;?;46;46;46;46;27;20;17;3;9;4;4;4;1;11;23;16;12;25;21;18;14;6;4;4;4;4;4;4;4;4;4;1;11;23;16;12;29;46;
?;?;?;?;?;?;?;?;?;?;?;?;10;5;2;29;46;27;20;17;3;9;4;4;4;4;4;1;11;23;16;12;29;46;46;46;46;46;27;20;17;3;9;4;4;4;4;4;4;4;
?;?;?;?;?;?;?;?;?;?;?;?;20;17;3;9;4;4;4;1;11;23;16;12;29;26;22;19;15;13;4;4;4;1;11;23;16;12;29;46;46;27;20;17;3;9;4;4;1;11;
?;?;?;?;?;?;?;?;?;?;?;?;20;17;28;24;70;68;0;8;7;13;4;4;4;4;4;4;4;4;4;4;4;4;4;4;4;4;1;11;23;16;12;29;46;46;46;46;46;46;
?;?;?;?;?;?;?;?;?;?;?;?;23;16;12;25;21;18;14;6;76;73;10;5;2;29;46;27;20;17;3;9;4;4;4;4;4;4;1;11;23;16;12;29;46;27;20;17;3;9;
?;?;?;?;?;?;?;?;?;?;?;?;39;34;4;1;11;23;16;12;29;46;46;46;46;46;46;46;46;46;46;46;46;46;46;46;46;46;46;27;20;17;3;9;4;4;4;4;4;4;
?;?;?;?;?;?;?;?;?;?;?;?;18;14;6;76;73;10;5;2;29;26;22;19;15;13;4;4;1;11;23;16;12;29;46;46;46;46;46;46;27;20;17;3;9;4;1;11;23;16;
?;?;?;?;?;?;?;?;?;?;?;?;46;46;46;46;46;46;46;27;20;17;3;9;4;4;4;4;4;4;4;4;4;4;4;4;4;1;11;23;16;12;29;46;46;46;46;46;46;46;
?;?;?;?;?;?;?;?;?;?;?;?;78;75;71;69;67;57;30;45;44;27;20;17;3;9;4;4;4;4;4;4;4;4;4;1;11;23;65;56;55;39;34;4;4;4;4;4;1;11;
?;?;?;?;?;?;?;?;?;?;?;?;68;2;29;46;27;20;17;3;9;4;4;4;1;11;23;16;66;64;63;39;34;4;4;4;4;4;4;4;4;4;1;11;23;16;12;29;46;46;
?;?;?;?;?;?;?;?;?;?;?;?;39;34;76;73;10;5;2;29;46;46;46;46;46;46;46;46;46;46;46;27;20;17;3;9;4;4;4;4;4;4;4;4;4;4;4;4;4;4;
?;?;?;?;?;?;?;?;?;?;?;?;5;2;29;46;27;20;17;3;9;76;73;10;65;56;55;39;34;4;4;4;4;4;4;4;4;4;4;4;1;11;23;16;12;25;21;18;14;6;
?;?;?;?;?;?;?;?;?;?;?;?;23;16;66;64;63;39;34;76;73;10;5;2;29;46;46;46;46;46;46;46;46;46;27;20;17;3;9;4;4;4;1;11;23;16;12;25;21;18;
?;?;?;?;?;?;?;?;?;?;?;?;39;34;4;4;1;11;23;16;12;25;21;18;76;73;10;5;2;29;46;46;46;27;20;17;3;9;4;4;4;4;4;4;4;4;4;4;4;4;
?;?;?;?;?;?;?;?;?;?;?;?;18;14;6;4;4;1;0;8;7;13;4;4;4;4;1;11;23;16;12;29;46;46;46;46;46;46;46;46;46;46;46;27;20;17;3;9;4;4;
?;?;?;?;?;?;?;?;?;?;?;?;4;4;4;4;4;4;4;4;4;4;4;1;11;23;16;12;29;46;46;46;46;46;46;46;46;46;27;20;17;3;9;4;1;11;23;16;12;29;
?;?;?;?;?;?;?;?;?;?;?;?;10;5;2;25;21;18;14;6;4;1;11;23;16;12;29;46;46;46;46;46;46;46;27;20;17;3;9;4;4;1;11;23;16;12;29;46;46;46;
?;?;?;?;?;?;?;?;?;?;?;?;70;68;2;29;46;46;46;46;46;46;27;20;17;3;9;4;4;4;4;4;4;4;4;4;4;4;4;4;4;4;4;4;4;4;4;4;4;4;
?;?;?;?;?;?;?;?;?;?;?;?;27;20;17;3;9;4;4;4;1;11;23;16;12;29;46;46;46;27;20;17;3;9;4;4;4;4;4;4;4;4;4;4;4;4;4;4;4;4;
?;?;?;?;?;?;?;?;?;?;?;?;19;15;76;73;10;5;2;29;46;46;46;46;46;46;46;46;46;27;20;17;3;9;4;4;4;4;4;4;4;1;11;23;16;12;29;46;46;46;
?;?;?;?;?;?;?;?;?;?;?;?;46;27;20;17;3;9;4;4;4;4;4;4;1;11;23;16;12;29;46;46;46;46;27;20;17;3;9;4;4;4;4;1;11;23;16;12;29;46;
?;?;?;?;?;?;?;?;?;?;?;?;27;20;17;3;9;4;4;4;4;4;4;1;11;23;16;12;29;46;46;46;46;46;46;46;46;46;46;46;46;27;20;17;3;9;4;4;4;1;
?;?;?;?;?;?;?;?;?;?;?;?;10;5;2;29;46;46;46;46;46;46;46;46;46;27;20;17;3;9;4;4;4;4;4;4;4;4;4;4;4;1;11;23;16;12;29;46;46;46;
?;?;?;?;?;?;?;?;?;?;?;?;20;17;3;9;4;4;4;1;11;23;16;12;29;46;27;20;17;3;9;4;4;4;4;1;11;23;16;12;29;26;22;19;15;13;4;4;4;4;
?;?;?;?;?;?;?;?;?;?;?;?;5;2;29;46;27;20;17;3;9;4;1;11;23;16;12;29;46;46;46;46;27;20;17;3;9;4;4;4;4;4;1;11;23;16;12;25;21;18;
?;?;?;?;?;?;?;?;?;?;?;?;11;23;16;66;64;63;39;34;76;73;10;5;2;29;26;22;19;15;13;4;1;11;23;16;12;29;46;46;46;46;46;46;46;27;20;17;3;9;
?;?;?;?;?;?;?;?;?;?;?;?;67;57;26;22;19;15;13;4;4;4;4;4;4;4;4;4;4;4;4;1;11;23;16;12;29;46;46;46;46;46;46;27;20;17;28;24;70;68;
?;?;?;?;?;?;?;?;?;?;?;?;23;16;12;29;46;46;46;46;46;46;27;20;17;3;9;4;4;4;4;4;4;1;11;23;65;56;55;39;34;76;73;10;5;2;25;21;18;14;
?;?;?;?;?;?;?;?;?;?;?;?;14;6;76;73;10;5;2;29;46;46;46;46;46;46;46;46;27;20;17;3;9;4;4;4;4;1;11;23;16;12;29;46;46;46;27;20;17;3;
?;?;?;?;?;?;?;?;?;?;?;?;22;19;15;76;73;10;5;2;25;21;18;14;6;4;4;4;4;4;4;4;4;1;11;23;16;12;29;46;46;46;46;27;20;17;3;9;4;4;
?;?;?;?;?;?;?;?;?;?;?;?;18;14;6;76;73;10;5;2;25;21;18;14;6;4;1;11;23;65;56;55;39;34;4;1;11;23;16;12;29;46;27;20;17;3;76;73;10;5;
?;?;?;?;?;?;?;?;?;?;?;?;18;14;6;76;73;10;5;2;29;46;46;46;46;46;46;46;27;20;17;3;9;4;1;11;23;16;12;29;46;46;27;20;17;3;9;4;4;4;
?;?;?;?;?;?;?;?;?;?;?;?;19;15;76;73;10;5;2;29;46;46;27;20;17;3;9;4;4;4;4;4;4;4;4;4;4;4;4;4;4;4;4;1;11;23;16;12;29;46;
?;?;?;?;?;?;?;?;?;?;?;?;20;17;3;9;4;4;4;4;1;11;23;65;56;55;39;34;4;4;4;4;4;4;1;11;23;16;12;25;21;18;14;6;4;4;4;4;4;4;
?;?;?;?;?;?;?;?;?;?;?;?;23;16;12;29;46;46;46;46;27;20;17;3;9;4;4;4;4;4;4;1;11;23;16;12;29;46;46;46;46;46;46;46;46;46;27;20;17;3;
?;?;?;?;?;?;?;?;?;?;?;?;4;4;4;4;4;4;4;4;4;1;11;23;16;12;29;46;46;46;46;27;20;28;24;70;68;2;29;46;46;46;46;46;46;46;46;46;46;46;
?;?;?;?;?;?;?;?;?;?;?;?;2;29;46;46;46;27;20;17;3;9;4;4;4;4;4;4;4;4;4;4;4;4;4;4;4;4;4;1;11;23;16;12;29;46;46;46;46;46;
?;?;?;?;?;?;?;?;?;?;?;?;11;23;16;12;25;21;18;14;76;73;10;5;2;29;46;46;46;46;46;46;46;46;46;46;46;27;20;17;3;9;4;4;4;4;4;4;4;4;
?;?;?;?;?;?;?;?;?;?;?;?;39;34;4;4;1;11;23;16;66;64;54;53;52;51;49;31;46;46;46;46;27;20;17;3;9;4;4;4;1;11;23;16;12;29;46;46;46;27;
?;?;?;?;?;?;?;?;?;?;?;?;39;34;4;4;1;11;23;16;66;64;63;39;76;73;10;5;2;29;46;46;27;20;17;3;9;4;4;4;4;1;11;23;16;12;29;46;46;27;
?;?;?;?;?;?;?;?;?;?;?;?;19;15;13;76;73;10;5;65;56;55;39;34;76;73;10;5;2;25;21;18;14;6;4;4;4;4;4;4;4;4;4;4;1;11;23;16;12;29;
?;?;?;?;?;?;?;?;?;?;?;?;39;34;76;73;10;5;2;29;46;27;20;17;3;9;4;1;11;23;16;12;29;46;46;46;46;46;46;27;20;17;3;9;4;4;4;4;4;4;
?;?;?;?;?;?;?;?;?;?;?;?;10;5;2;25;21;18;14;6;76;73;10;5;2;29;26;22;19;15;76;73;10;5;2;25;21;18;14;6;4;4;4;4;4;4;4;4;4;4;
?;?;?;?;?;?;?;?;?;?;?;?;10;5;2;25;21;18;14;6;4;1;11;23;16;12;25;21;18;14;6;76;73;10;5;2;29;46;46;46;46;46;46;46;46;46;27;20;17;28;
?;?;?;?;?;?;?;?;?;?;?;?;39;34;76;73;10;5;2;29;26;22;19;15;13;76;73;10;5;2;29;46;46;46;46;27;20;28;24;70;0;8;7;13;4;4;4;4;4;1;
?;?;?;?;?;?;?;?;?;?;?;?;18;14;6;76;73;10;5;2;29;46;46;46;46;46;46;46;46;46;27;20;17;3;9;4;4;4;4;4;4;4;4;4;4;4;1;11;23;16;
?;?;?;?;?;?;?;?;?;?;?;?;10;5;2;25;21;18;14;6;4;1;11;23;16;12;29;46;46;46;27;20;17;3;9;4;4;4;4;1;11;23;16;12;29;26;22;19;15;13;
?;?;?;?;?;?;?;?;?;?;?;?;4;4;4;4;1;11;23;16;12;29;46;46;46;46;46;46;46;46;46;46;46;46;46;46;46;46;46;27;20;17;3;9;4;4;4;4;4;4;
?;?;?;?;?;?;?;?;?;?;?;?;19;15;13;4;4;4;4;4;4;4;4;4;4;4;1;11;23;16;12;29;46;46;46;46;46;46;46;46;46;46;27;20;17;3;9;4;4;4;
?;?;?;?;?;?;?;?;?;?;?;?;12;29;46;46;46;46;46;46;46;46;46;27;20;17;3;9;4;4;4;4;4;4;4;1;11;23;16;12;29;46;27;20;17;3;9;4;4;4;
?;?;?;?;?;?;?;?;?;?;?;?;29;46;46;46;27;20;17;3;9;4;1;11;23;16;12;29;46;46;27;20;17;3;9;4;4;4;4;4;4;4;4;4;4;4;4;4;4;4;
?;?;?;?;?;?;?;?;?;?;?;?;4;4;4;4;4;4;4;4;4;4;4;4;4;4;4;4;4;4;4;4;4;4;4;4;4;4;4;4;4;4;4;4;4;4;4;4;4;4;
?;?;?;?;?;?;?;?;?;?;?;?;10;5;2;29;26;22;19;15;76;73;10;5;2;29;46;46;27;20;17;3;9;4;4;4;4;4;4;4;4;4;4;4;1;11;23;16;12;29;
?;?;?;?;?;?;?;?;?;?;?;?;19;15;13;76;73;10;5;2;25;21;18;14;6;4;1;11;23;16;66;64;63;39;34;4;4;4;4;4;4;4;4;4;4;4;4;4;4;4;
?;?;?;?;?;?;?;?;?;?;?;?;18;14;6;76;73;10;5;2;29;46;27;20;17;3;9;4;4;4;4;4;4;4;4;4;4;4;4;4;4;4;4;4;4;4;4;4;1;11;
?;?;?;?;?;?;?;?;?;?;?;?;34;4;4;4;4;4;4;4;4;4;4;4;4;1;11;23;16;12;29;46;46;46;46;46;46;46;46;46;46;27;20;17;3;9;4;1;11;23;
?;?;?;?;?;?;?;?;?;?;?;?;46;46;27;20;17;3;9;4;4;4;4;4;1;11;23;16;12;29;26;22;19;15;13;76;73;10;5;2;29;46;46;46;46;46;46;46;46;46;
?;?;?;?;?;?;?;?;?;?;?;?;46;46;46;46;27;20;17;3;9;4;4;4;4;4;4;4;4;4;4;4;4;4;1;11;23;16;12;29;46;46;46;46;46;46;46;46;46;46;
?;?;?;?;?;?;?;?;?;?;?;?;19;15;13;76;73;10;5;2;25;21;18;14;6;4;1;11;23;16;66;64;63;39;76;73;10;5;2;29;46;27;20;17;3;9;76;73;10;5;
?;?;?;?;?;?;?;?;?;?;?;?;5;2;25;21;18;14;6;4;4;4;4;1;11;23;16;12;29;46;46;46;46;46;46;27;20;17;3;9;4;4;4;1;11;23;16;66;64;63;
?;?;?;?;?;?;?;?;?;?;?;?;34;4;4;1;11;23;16;12;29;46;46;46;46;46;27;20;17;3;9;4;1;11;23;16;12;29;46;46;27;20;17;3;9;4;4;4;4;4;
?;?;?;?;?;?;?;?;?;?;?;?;23;16;12;29;46;46;27;20;17;28;24;70;0;8;7;13;4;4;4;4;4;4;4;4;4;1;11;23;16;12;29;46;46;46;46;46;27;20;
?;?;?;?;?;?;?;?;?;?;?;?;9;4;4;4;4;4;4;4;1;11;23;16;12;29;26;22;19;15;13;76;73;10;5;2;29;46;46;46;46;46;46;46;46;46;46;46;46;46;
?;?;?;?;?;?;?;?;?;?;?;?;22;19;15;13;4;4;4;4;4;4;4;4;4;1;11;23;16;12;29;26;22;19;77;74;72;68;2;29;46;46;46;46;27;20;28;24;70;68;
?;?;?;?;?;?;?;?;?;?;?;?;1;11;23;16;66;64;63;39;34;4;4;4;1;11;23;16;12;29;46;46;27;20;17;3;9;4;4;1;11;23;16;12;29;46;46;27;20;17;
?;?;?;?;?;?;?;?;?;?;?;?;29;46;27;20;17;3;9;4;4;4;4;4;4;4;4;4;4;4;1;11;23;16;12;29;46;46;46;46;46;46;46;46;46;46;46;46;46;46;
?;?;?;?;?;?;?;?;?;?;?;?;34;4;1;11;23;16;12;29;46;46;27;20;17;3;9;76;73;10;65;56;55;39;34;4;4;4;1;11;23;16;12;29;46;46;27;20;17;3;
?;?;?;?;?;?;?;?;?;?;?;?;10;5;65;56;55;39;34;76;73;10;5;2;25;21;18;14;6;4;1;11;23;16;12;29;46;46;46;46;46;46;46;46;46;27;20;17;3;9;
?;?;?;?;?;?;?;?;?;?;?;?;1;11;23;16;12;29;46;27;20;17;28;24;70;68;2;29;46;46;46;27;20;17;3;9;4;4;4;4;4;4;4;4;4;1;11;23;16;12;
?;?;?;?;?;?;?;?;?;?;?;?;18;14;6;76;73;0;8;7;13;4;4;4;4;1;11;23;65;56;55;39;34;76;73;10;5;2;29;46;46;46;27;20;17;3;9;4;4;1;
?;?;?;?;?;?;?;?;?;?;?;?;27;20;17;3;9;4;4;4;1;11;23;16;12;29;46;46;27;20;17;3;9;4;4;4;4;4;1;11;23;16;12;29;46;27;20;17;3;9;
?;?;?;?;?;?;?;?;?;?;?;?;11;23;16;12;29;26;22;19;15;13;4;1;11;23;16;12;29;46;46;46;46;46;46;46;46;46;46;46;46;46;46;46;46;46;46;46;46;46;
?;?;?;?;?;?;?;?;?;?;?;?;16;12;29;26;22;19;77;74;72;68;2;29;46;46;46;27;20;17;3;9;4;1;11;23;16;12;29;26;22;19;15;13;4;4;4;4;4;4;
?;?;?;?;?;?;?;?;?;?;?;?;10;5;2;25;21;18;14;6;4;4;4;4;4;4;1;11;23;16;12;29;46;46;46;27;20;17;3;9;4;4;4;1;11;23;16;12;25;21;
?;?;?;?;?;?;?;?;?;?;?;?;10;5;2;29;46;46;46;46;46;27;20;17;3;9;4;4;4;4;4;4;1;11;23;16;66;64;63;39;34;4;4;4;4;4;1;11;23;16;
?;?;?;?;?;?;?;?;?;?;?;?;67;57;30;45;27;20;17;3;9;4;4;4;4;4;4;4;4;4;4;4;4;4;4;4;4;4;4;1;11;23;16;12;29;46;46;27;20;28;
?;?;?;?;?;?;?;?;?;?;?;?;15;13;4;4;4;4;4;4;4;4;4;4;4;4;4;4;4;4;4;4;4;1;11;23;16;12;29;46;46;46;46;46;46;46;46;46;46;46;
?;?;?;?;?;?;?;?;?;?;?;?;4;4;4;4;4;4;4;4;4;4;4;4;4;4;4;4;1;11;23;16;12;29;46;46;46;27;20;17;3;9;4;4;1;11;23;16;12;29;
?;?;?;?;?;?;?;?;?;?;?;?;4;4;1;11;23;16;12;29;46;46;46;46;27;20;17;3;9;4;4;4;1;11;23;65;56;55;39;34;4;4;4;1;11;23;16;12;29;46;
?;?;?;?;?;?;?;?;?;?;?;?;39;34;4;1;11;23;16;12;29;46;46;46;46;46;46;46;46;46;46;27;20;17;3;9;4;4;4;4;4;4;4;4;4;4;4;4;1;11;
?;?;?;?;?;?;?;?;?;?;?;?;1;11;23;16;12;29;46;27;20;17;3;9;4;4;4;4;4;4;4;4;4;4;4;4;1;11;23;16;12;29;46;46;46;46;46;46;46;46;
?;?;?;?;?;?;?;?;?;?;?;?;14;6;4;4;1;11;23;16;12;25;21;18;14;6;76;73;10;5;2;29;46;46;27;20;17;3;9;4;1;11;23;16;12;29;26;22;19;15;
?;?;?;?;?;?;?;?;?;?;?;?;46;46;27;20;17;3;9;4;4;4;4;4;4;4;4;4;4;4;4;4;4;4;4;4;4;4;4;4;4;4;1;11;23;16;12;29;46;46;
?;?;?;?;?;?;?;?;?;?;?;?;18;14;6;76;73;10;5;2;29;26;22;19;15;13;4;4;4;4;4;4;4;4;1;11;23;16;12;29;46;27;20;17;3;9;4;4;4;4;
?;?;?;?;?;?;?;?;?;?;?;?;4;4;4;4;4;1;11;23;16;12;29;26;22;19;15;13;4;4;4;1;11;23;16;12;29;46;46;46;46;46;46;46;46;46;46;46;46;46;
?;?;?;?;?;?;?;?;?;?;?;?;18;14;6;76;73;10;5;2;29;26;78;75;71;69;67;57;30;27;20;17;3;9;4;4;4;4;4;1;11;23;16;12;29;46;46;46;46;27;
?;?;?;?;?;?;?;?;?;?;?;?;5;2;29;26;22;19;15;13;4;1;11;23;65;56;55;39;34;4;4;4;4;1;11;23;16;12;29;46;46;27;20;17;28;24;70;68;2;29;
?;?;?;?;?;?;?;?;?;?;?;?;4;4;4;4;4;4;4;1;11;23;16;12;29;46;27;20;17;3;9;4;4;4;1;11;23;16;12;29;46;46;46;46;46;46;27;20;17;3;
?;?;?;?;?;?;?;?;?;?;?;?;5;2;29;46;46;27;20;28;24;70;68;2;29;26;22;19;15;13;4;4;4;4;4;4;4;4;4;4;4;4;1;11;23;16;12;29;46;46;
?;?;?;?;?;?;?;?;?;?;?;?;22;19;15;13;4;4;4;4;4;4;4;4;4;1;11;23;16;12;29;46;46;46;46;46;46;46;46;46;46;46;46;46;46;46;46;27;20;17;
?;?;?;?;?;?;?;?;?;?;?;?;16;12;29;46;27;20;17;3;9;4;4;1;11;23;16;12;29;46;46;46;46;46;46;46;46;46;46;46;27;20;17;3;9;4;4;4;4;4;
?;?;?;?;?;?;?;?;?;?;?;?;78;75;71;69;67;57;30;45;44;27;20;17;3;9;4;4;4;4;4;4;4;4;4;4;4;4;4;4;4;4;4;4;4;4;1;11;23;16;
?;?;?;?;?;?;?;?;?;?;?;?;5;2;29;46;27;20;17;3;9;4;4;4;4;4;4;4;4;4;1;11;23;16;12;29;26;22;19;15;13;4;4;4;4;4;1;11;23;16;
?;?;?;?;?;?;?;?;?;?;?;?;27;20;17;3;9;4;1;11;23;16;12;29;46;46;46;27;20;17;3;9;4;4;4;4;4;4;4;4;4;1;11;23;16;12;29;46;46;46;
?;?;?;?;?;?;?;?;?;?;?;?;4;4;4;4;4;4;1;11;23;16;12;29;46;46;46;27;20;17;3;9;4;4;4;4;4;1;11;23;16;66;64;63;39;76;73;10;5;2;
?;?;?;?;?;?;?;?;?;?;?;?;18;14;6;76;73;10;5;2;29;46;27;20;17;3;76;73;10;65;56;55;39;34;4;1;11;23;16;12;29;46;46;46;46;46;46;46;27;20;
?;?;?;?;?;?;?;?;?;?;?;?;10;65;56;55;39;34;4;1;11;23;16;12;29;46;46;46;27;20;28;24;70;68;2;25;21;18;14;6;4;4;4;4;4;4;4;1;11;23;
?;?;?;?;?;?;?;?;?;?;?;?;11;23;16;12;29;46;46;46;46;46;46;46;46;46;27;20;17;3;9;4;4;4;4;4;4;4;4;4;4;1;11;23;16;12;29;46;46;46;
?;?;?;?;?;?;?;?;?;?;?;?;18;14;6;4;4;4;4;4;4;4;1;11;23;16;12;29;46;46;46;46;46;27;20;17;3;9;4;4;4;4;4;4;4;4;4;4;4;4;
?;?;?;?;?;?;?;?;?;?;?;?;18;14;6;4;1;11;23;16;12;25;21;18;14;76;73;10;5;2;29;46;46;46;46;46;27;20;17;3;9;4;4;1;11;23;16;12;29;46;
?;?;?;?;?;?;?;?;?;?;?;?;0;8;7;13;4;4;4;4;1;11;23;16;12;29;46;27;20;17;3;9;4;4;4;4;4;1;11;23;16;12;29;46;46;46;46;27;20;17;
?;?;?;?;?;?;?;?;?;?;?;?;11;23;16;12;25;21;18;14;6;4;4;4;4;4;4;4;4;4;4;4;1;11;23;16;12;29;46;46;46;46;46;46;46;46;46;27;20;17;
?;?;?;?;?;?;?;?;?;?;?;?;46;46;46;46;46;27;20;17;3;9;4;4;4;1;11;23;16;12;29;46;46;27;20;17;3;9;4;4;4;4;4;4;4;1;11;23;16;12;
?;?;?;?;?;?;?;?;?;?;?;?;18;14;6;4;1;11;23;16;12;29;46;46;46;46;46;46;46;46;46;46;46;46;27;20;17;3;9;4;4;4;4;4;4;4;4;4;4;4;
?;?;?;?;?;?;?;?;?;?;?;?;4;1;11;23;16;12;29;46;46;46;46;46;46;46;46;46;46;46;46;46;46;46;46;46;46;27;20;17;3;9;4;4;4;4;4;4;4;4;
?;?;?;?;?;?;?;?;?;?;?;?;20;28;24;70;68;2;29;26;22;19;15;13;4;4;4;4;4;1;11;23;16;66;64;63;39;34;4;1;11;23;16;12;29;46;46;46;46;46;
?;?;?;?;?;?;?;?;?;?;?;?;14;6;76;73;10;5;2;29;46;46;27;20;17;28;24;70;68;2;29;46;27;20;17;3;9;4;4;4;4;4;4;4;4;4;4;4;4;4;
?;?;?;?;?;?;?;?;?;?;?;?;39;34;4;4;1;11;0;8;7;13;4;4;4;4;4;1;11;23;16;12;29;46;46;46;46;46;46;46;46;46;46;46;27;20;17;3;9;4;
?;?;?;?;?;?;?;?;?;?;?;?;5;2;25;21;18;14;6;4;4;4;4;4;4;4;4;1;11;23;16;12;29;46;46;46;27;20;17;3;9;4;1;11;0;8;7;13;4;4;
?;?;?;?;?;?;?;?;?;?;?;?;46;46;46;27;20;17;3;9;76;73;10;5;2;29;46;46;46;46;27;20;17;3;9;4;1;0;8;7;13;4;4;4;4;4;4;4;4;4;
?;?;?;?;?;?;?;?;?;?;?;?;4;1;11;23;16;12;29;46;46;46;46;46;46;46;46;46;46;46;46;46;46;46;27;20;17;3;9;4;4;4;4;1;11;23;16;12;29;46;
?;?;?;?;?;?;?;?;?;?;?;?;18;14;76;73;10;5;2;29;46;27;20;17;3;9;4;4;4;4;4;4;4;4;4;4;4;4;4;1;11;23;16;12;29;46;46;46;46;27;
?;?;?;?;?;?;?;?;?;?;?;?;11;23;65;56;55;39;34;4;1;11;23;16;66;64;63;39;34;4;4;1;11;23;16;12;29;46;46;46;27;20;17;3;9;4;4;4;4;4;
?;?;?;?;?;?;?;?;?;?;?;?;18;14;6;76;73;10;5;2;29;26;22;19;15;13;76;73;10;65;56;55;39;76;73;10;5;2;29;46;46;46;46;27;20;17;3;9;4;4;
?;?;?;?;?;?;?;?;?;?;?;?;46;46;46;27;20;17;3;9;4;4;4;1;11;23;16;12;29;46;27;20;17;3;9;4;4;4;1;11;23;16;12;29;26;22;19;15;13;4;
?;?;?;?;?;?;?;?;?;?;?;?;27;20;17;3;9;4;4;4;4;4;4;4;4;4;4;4;4;4;1;11;23;16;12;29;46;46;46;46;46;46;46;46;46;46;46;46;46;46;
?;?;?;?;?;?;?;?;?;?;?;?;5;2;29;46;46;27;20;17;3;76;73;10;5;2;25;21;18;14;6;4;4;4;4;4;1;11;23;16;12;29;46;46;27;20;17;3;76;73;
?;?;?;?;?;?;?;?;?;?;?;?;22;76;73;10;5;2;29;46;46;46;46;46;46;46;46;46;46;46;27;20;17;3;9;4;4;4;4;4;4;1;11;23;16;12;29;46;46;46;
?;?;?;?;?;?;?;?;?;?;?;?;26;22;76;73;10;5;2;29;46;46;46;46;46;27;20;17;3;9;76;73;10;5;2;25;21;18;14;6;4;4;4;4;4;1;11;23;16;66;
?;?;?;?;?;?;?;?;?;?;?;?;4;4;4;4;4;4;4;4;4;4;4;4;4;4;1;11;23;16;12;29;46;46;46;46;46;46;46;46;46;46;46;46;46;27;20;17;3;9;
?;?;?;?;?;?;?;?;?;?;?;?;14;6;4;4;4;1;11;23;16;12;25;21;18;14;6;4;4;4;4;4;4;4;1;11;23;16;12;29;46;46;46;46;46;46;46;46;46;46;
?;?;?;?;?;?;?;?;?;?;?;?;23;16;12;29;46;27;20;17;3;76;73;0;8;7;13;4;4;4;4;4;1;11;23;16;12;29;46;46;46;46;46;46;46;46;46;27;20;17;
?;?;?;?;?;?;?;?;?;?;?;?;68;2;25;21;18;14;6;76;73;10;5;2;25;21;18;14;6;4;4;4;4;1;11;23;16;12;29;46;46;46;27;20;17;3;9;4;1;11;
?;?;?;?;?;?;?;?;?;?;?;?;2;29;26;22;19;77;74;72;68;2;29;46;46;27;20;17;3;76;73;10;5;2;25;21;18;14;6;4;4;4;4;4;4;4;4;4;4;1;
?;?;?;?;?;?;?;?;?;?;?;?;18;14;6;76;73;10;5;2;29;46;46;46;46;46;46;27;20;17;3;9;4;4;4;1;11;23;16;12;29;26;22;19;15;13;4;4;4;4;
?;?;?;?;?;?;?;?;?;?;?;?;18;14;76;73;10;5;2;29;46;27;20;17;3;9;4;1;11;23;16;12;25;43;41;38;36;33;47;30;45;44;31;46;27;20;28;24;70;68;
?;?;?;?;?;?;?;?;?;?;?;?;19;15;13;76;73;10;5;2;25;21;18;14;6;4;4;4;4;4;4;4;4;4;4;1;11;23;16;12;29;46;27;20;17;3;9;4;4;4;
?;?;?;?;?;?;?;?;?;?;?;?;18;76;73;10;5;2;29;46;27;20;17;3;9;4;1;11;23;16;66;64;63;39;34;4;4;4;1;11;23;16;12;29;46;46;46;46;46;46;
?;?;?;?;?;?;?;?;?;?;?;?;46;46;46;46;46;27;20;17;3;9;4;4;4;1;11;23;16;12;29;46;27;20;17;3;9;4;1;11;23;16;12;29;46;46;46;46;46;46;
?;?;?;?;?;?;?;?;?;?;?;?;18;14;6;76;73;10;5;65;56;55;39;34;4;1;11;23;16;12;29;46;46;46;27;20;17;3;9;4;4;4;4;4;4;4;4;4;4;4;
?;?;?;?;?;?;?;?;?;?;?;?;39;34;4;1;11;23;16;12;25;21;18;14;6;76;73;10;5;2;29;46;46;46;46;46;46;46;46;46;27;20;17;3;9;4;1;11;23;16;
?;?;?;?;?;?;?;?;?;?;?;?;18;14;6;76;73;10;5;2;25;21;18;14;6;4;1;11;23;16;66;64;63;39;76;73;0;8;7;13;4;4;4;4;4;4;1;11;23;16;
?;?;?;?;?;?;?;?;?;?;?;?;12;29;46;46;46;46;46;27;20;17;3;9;4;1;11;23;16;12;29;46;46;27;20;28;24;70;68;2;29;46;46;46;46;46;27;20;17;3;
?;?;?;?;?;?;?;?;?;?;?;?;4;4;4;4;4;4;4;4;4;4;4;4;4;4;4;4;4;4;4;4;4;4;4;4;4;4;4;4;4;4;4;4;4;4;4;4;4;4;
?;?;?;?;?;?;?;?;?;?;?;?;1;11;23;16;12;29;46;46;46;46;46;46;46;46;27;20;17;3;9;4;4;4;4;4;4;1;11;23;16;12;29;26;22;19;15;13;4;4;
?;?;?;?;?;?;?;?;?;?;?;?;18;14;6;76;73;10;5;65;56;55;39;34;4;4;1;11;23;16;12;29;26;22;19;15;13;4;4;1;11;23;16;12;29;46;46;46;46;46;
?;?;?;?;?;?;?;?;?;?;?;?;46;27;20;17;3;9;4;4;4;4;4;4;4;4;4;4;1;11;0;8;7;13;4;4;4;4;4;1;11;23;16;12;29;46;46;46;27;20;
?;?;?;?;?;?;?;?;?;?;?;?;2;25;21;18;14;6;4;4;4;1;11;23;16;12;29;26;22;19;15;13;4;1;11;23;16;12;29;46;46;46;46;46;46;46;46;46;46;46;
?;?;?;?;?;?;?;?;?;?;?;?;5;2;29;46;27;20;17;3;9;4;4;4;4;4;4;4;4;1;11;23;16;12;29;46;27;20;17;3;9;4;4;4;4;4;4;4;4;4;
?;?;?;?;?;?;?;?;?;?;?;?;10;5;65;56;55;39;34;4;4;4;4;1;11;23;16;12;29;46;27;20;17;3;9;4;1;11;23;16;12;29;46;46;46;27;20;17;3;9;
?;?;?;?;?;?;?;?;?;?;?;?;34;4;1;11;23;16;12;29;46;46;46;46;46;46;46;46;46;46;46;46;46;27;20;17;3;9;4;4;4;4;4;1;11;23;16;12;29;46;
?;?;?;?;?;?;?;?;?;?;?;?;46;46;46;46;46;46;46;46;27;20;17;3;9;4;4;4;4;4;4;4;4;4;4;4;1;11;23;65;56;55;39;34;4;4;4;4;1;11;
?;?;?;?;?;?;?;?;?;?;?;?;10;5;2;29;46;46;46;46;46;46;46;46;46;27;20;17;3;9;4;4;4;4;4;4;4;4;4;4;4;4;1;11;23;16;66;64;63;39;
?;?;?;?;?;?;?;?;?;?;?;?;18;14;76;73;10;5;2;29;26;22;19;15;76;73;10;5;2;29;26;22;19;15;13;4;4;4;4;4;4;1;11;23;16;12;29;46;46;46;
?;?;?;?;?;?;?;?;?;?;?;?;4;4;4;4;4;4;4;4;4;4;4;4;4;4;4;1;11;23;16;12;29;46;46;27;20;17;3;76;73;10;5;2;29;46;46;46;46;46;
?;?;?;?;?;?;?;?;?;?;?;?;76;73;10;5;2;29;46;46;46;27;20;17;28;24;70;68;2;25;21;18;14;6;4;4;4;4;1;11;23;16;66;64;63;39;34;4;4;4;
?;?;?;?;?;?;?;?;?;?;?;?;10;5;2;25;21;18;14;6;76;73;10;5;2;29;46;46;46;46;46;46;46;27;20;17;3;9;4;4;4;4;1;11;23;16;12;29;46;46;
?;?;?;?;?;?;?;?;?;?;?;?;39;34;4;4;1;11;23;16;12;29;46;46;46;46;46;27;20;17;3;9;4;4;4;4;1;11;23;16;12;29;46;46;46;46;46;46;27;20;
?;?;?;?;?;?;?;?;?;?;?;?;46;46;46;27;20;17;28;24;70;68;2;29;46;46;46;27;20;17;3;9;4;4;4;4;4;4;4;4;4;4;4;4;4;1;11;23;16;12;
?;?;?;?;?;?;?;?;?;?;?;?;39;34;4;1;11;23;16;12;29;46;46;46;46;46;46;46;46;46;27;20;17;3;9;76;73;10;5;2;29;26;22;19;15;13;4;4;4;4;
?;?;?;?;?;?;?;?;?;?;?;?;14;6;4;1;11;23;16;12;25;21;18;14;6;4;4;4;4;4;1;11;23;16;12;29;46;46;46;46;46;27;20;17;3;9;4;1;11;23;
?;?;?;?;?;?;?;?;?;?;?;?;18;14;6;4;4;4;1;11;23;16;12;29;46;46;46;27;20;17;3;9;4;4;1;11;23;16;12;29;46;46;46;46;46;46;46;46;46;46;
?;?;?;?;?;?;?;?;?;?;?;?;39;34;76;73;10;5;2;29;46;46;27;20;28;24;70;68;0;8;7;13;4;4;4;4;4;1;11;23;16;12;29;46;46;46;46;46;46;46;
?;?;?;?;?;?;?;?;?;?;?;?;46;46;46;46;27;20;17;3;9;4;4;1;11;23;16;66;64;63;39;34;4;4;4;4;4;4;1;11;23;16;12;29;46;46;46;27;78;75;
?;?;?;?;?;?;?;?;?;?;?;?;11;0;8;7;13;4;4;4;1;11;23;16;12;29;46;27;20;17;3;76;73;10;65;56;55;39;34;76;73;10;5;2;29;46;46;46;46;46;
?;?;?;?;?;?;?;?;?;?;?;?;22;19;77;74;72;68;2;29;26;22;19;15;13;4;4;4;4;4;4;4;4;4;4;4;4;4;4;4;4;4;1;11;23;16;12;29;46;46;
?;?;?;?;?;?;?;?;?;?;?;?;4;4;1;11;23;16;12;29;46;46;46;46;46;46;46;46;46;46;46;46;27;20;17;3;9;4;4;4;4;4;4;1;11;23;16;12;25;21;
?;?;?;?;?;?;?;?;?;?;?;?;18;14;76;73;10;5;2;29;26;22;19;15;13;4;4;4;4;4;4;4;4;4;4;1;11;23;16;12;29;46;46;46;46;46;46;46;46;46;
?;?;?;?;?;?;?;?;?;?;?;?;11;23;65;56;55;54;53;52;51;49;31;46;46;46;46;46;46;46;46;46;46;46;46;46;46;46;46;46;46;46;46;46;46;27;20;17;3;9;
?;?;?;?;?;?;?;?;?;?;?;?;10;5;65;56;55;39;34;4;1;11;23;16;12;29;46;46;46;27;20;17;3;9;4;4;4;4;4;4;1;11;23;16;12;29;46;46;27;20;
?;?;?;?;?;?;?;?;?;?;?;?;39;34;4;1;11;23;16;12;25;21;18;14;6;76;73;10;5;2;29;26;22;19;15;13;4;4;4;4;4;4;4;4;4;4;4;4;4;4;
?;?;?;?;?;?;?;?;?;?;?;?;5;2;29;26;22;19;15;76;73;10;5;2;29;46;27;20;17;3;9;4;4;4;4;4;4;4;4;4;1;11;23;16;66;64;63;39;34;4;
?;?;?;?;?;?;?;?;?;?;?;?;18;14;6;76;73;10;5;65;56;55;39;34;4;1;11;23;16;12;29;26;22;19;15;76;73;10;5;2;29;46;46;46;46;46;27;20;17;3;
?;?;?;?;?;?;?;?;?;?;?;?;22;19;15;76;73;10;5;2;29;26;22;19;15;13;4;1;11;23;16;12;29;46;46;27;20;17;3;9;4;4;4;4;4;4;1;11;23;16;
?;?;?;?;?;?;?;?;?;?;?;?;11;23;16;12;29;46;27;20;17;3;9;4;4;1;11;23;16;12;29;26;22;19;15;13;4;4;1;11;23;16;12;29;46;46;27;20;17;3;
?;?;?;?;?;?;?;?;?;?;?;?;18;14;6;4;4;1;11;23;16;12;29;46;46;46;46;46;46;46;46;46;46;27;20;17;3;9;4;4;4;4;4;4;4;4;4;1;11;23;
?;?;?;?;?;?;?;?;?;?;?;?;27;78;75;71;69;67;57;30;27;20;17;3;9;4;1;11;23;65;56;55;39;34;4;4;4;4;4;4;1;11;23;16;12;29;46;46;46;46;
?;?;?;?;?;?;?;?;?;?;?;?;39;34;76;73;10;5;2;29;26;22;19;15;13;4;1;11;23;16;12;29;46;46;46;46;46;46;46;46;46;46;46;46;46;46;46;46;46;46;
?;?;?;?;?;?;?;?;?;?;?;?;18;14;6;4;1;11;23;16;12;29;46;46;46;46;27;20;28;24;70;68;2;29;46;46;46;27;20;17;3;9;4;4;4;4;4;4;1;11;
?;?;?;?;?;?;?;?;?;?;?;?;19;15;76;73;10;5;2;29;26;22;19;15;13;4;4;4;1;11;23;16;12;29;46;27;78;75;71;69;67;57;30;27;20;17;3;9;4;1;
?;?;?;?;?;?;?;?;?;?;?;?;20;17;3;76;73;10;5;2;25;21;18;14;6;4;4;4;4;4;4;4;4;4;4;4;4;4;4;4;4;1;11;23;16;12;29;46;46;46;
?;?;?;?;?;?;?;?;?;?;?;?;34;4;4;4;1;11;23;16;12;29;46;46;46;46;46;46;46;46;46;27;20;17;3;9;4;4;4;4;4;4;4;4;4;1;11;23;16;12;
?;?;?;?;?;?;?;?;?;?;?;?;23;16;12;25;21;18;14;6;76;73;10;5;2;29;46;46;46;46;46;46;27;20;17;3;9;4;4;4;4;4;1;11;23;16;12;29;46;46;
?;?;?;?;?;?;?;?;?;?;?;?;4;4;4;4;4;4;4;4;4;4;4;1;11;23;16;12;29;46;46;46;46;46;46;46;46;27;20;17;3;9;4;4;4;4;4;4;4;4;
?;?;?;?;?;?;?;?;?;?;?;?;4;4;1;11;23;16;12;29;46;46;27;20;17;3;9;4;1;11;23;16;12;29;46;46;46;46;46;46;27;20;17;3;9;4;4;4;1;11;
?;?;?;?;?;?;?;?;?;?;?;?;18;14;6;76;73;10;5;2;29;46;46;27;20;17;3;9;4;4;1;11;23;16;12;29;26;22;19;15;13;4;4;1;11;23;16;12;29;46;
?;?;?;?;?;?;?;?;?;?;?;?;11;23;16;12;29;46;46;46;46;46;46;46;46;27;20;17;3;9;4;4;1;11;23;16;12;29;46;46;46;46;46;46;27;20;17;3;9;4;
?;?;?;?;?;?;?;?;?;?;?;?;4;4;4;4;4;4;4;4;4;1;11;23;16;12;29;46;46;46;46;46;46;46;46;46;46;46;46;46;46;46;46;46;46;46;46;46;46;46;
?;?;?;?;?;?;?;?;?;?;?;?;65;56;55;39;34;4;4;1;11;23;16;12;29;46;46;46;27;20;17;3;9;4;4;4;4;1;11;23;16;12;29;46;46;27;20;17;28;24;
?;?;?;?;?;?;?;?;?;?;?;?;10;5;2;29;26;22;19;15;76;73;10;5;2;29;46;46;46;46;46;46;27;20;17;3;9;4;4;4;1;11;23;16;12;29;46;27;20;17;
?;?;?;?;?;?;?;?;?;?;?;?;4;4;4;4;4;4;4;4;1;11;23;16;66;64;63;39;34;4;1;11;23;16;12;29;46;46;46;46;46;46;46;46;46;46;46;46;46;46;
?;?;?;?;?;?;?;?;?;?;?;?;10;5;2;29;26;22;19;15;76;73;10;65;56;55;39;34;4;1;11;23;16;12;29;46;46;46;27;20;17;3;9;4;4;4;4;1;11;23;
?;?;?;?;?;?;?;?;?;?;?;?;46;46;46;46;46;46;46;46;27;20;17;3;76;73;10;5;2;29;46;46;46;46;27;20;17;3;9;4;4;4;4;4;4;4;1;11;23;16;
?;?;?;?;?;?;?;?;?;?;?;?;34;4;1;11;23;16;12;29;26;22;19;15;13;4;4;4;4;4;4;4;4;4;1;11;23;16;12;29;46;46;46;46;46;46;46;27;20;17;
?;?;?;?;?;?;?;?;?;?;?;?;4;4;1;11;23;65;56;55;39;34;4;4;4;1;11;23;16;12;29;46;46;46;46;46;46;46;46;46;27;20;17;3;9;4;4;4;4;4;