?;?;?;?;?;?;?;?;?;?;?;1;126;123;113;111;109;107;105;30;1;126;123;121;116;100;97;96;3;10;61;4;63;62;56;27;23;18;13;116;103;37;37;37;37;37;37;25;57;52;
?;?;?;?;?;?;?;?;?;?;?;111;109;107;105;30;1;126;123;121;116;103;115;114;101;87;69;65;2;113;111;109;107;105;61;4;63;56;27;23;18;113;111;109;107;105;61;4;63;56;
?;?;?;?;?;?;?;?;?;?;?;1;126;123;121;113;111;109;107;105;61;12;27;23;59;55;54;47;40;30;1;126;123;121;116;100;97;96;3;10;61;12;27;23;18;13;116;103;37;37;
?;?;?;?;?;?;?;?;?;?;?;1;126;123;121;113;111;109;107;105;61;4;63;62;56;27;23;18;13;116;103;37;37;37;37;25;21;20;3;31;26;11;17;14;6;100;97;96;3;10;
?;?;?;?;?;?;?;?;?;?;?;82;56;27;23;18;13;116;103;37;37;37;37;37;37;37;37;37;37;37;37;37;37;37;25;57;52;48;41;118;92;91;68;64;81;4;63;62;72;82;
?;?;?;?;?;?;?;?;?;?;?;82;82;82;56;27;23;18;13;116;103;37;37;37;37;25;21;20;3;10;61;4;63;62;56;27;23;18;13;116;103;37;37;25;21;20;3;10;61;4;
?;?;?;?;?;?;?;?;?;?;?;111;109;107;105;30;1;126;123;121;113;111;109;107;105;30;1;126;123;121;113;111;109;107;105;61;12;27;23;18;13;113;111;109;107;105;30;1;126;123;
?;?;?;?;?;?;?;?;?;?;?;34;104;30;1;126;123;121;116;103;37;37;25;21;20;83;71;22;5;120;102;103;37;37;25;21;20;3;10;61;4;63;62;56;27;23;18;13;116;103;
?;?;?;?;?;?;?;?;?;?;?;34;104;73;12;27;23;18;13;116;103;37;37;37;25;21;20;3;10;61;4;56;27;23;18;13;116;103;37;37;37;37;25;21;20;3;10;30;1;126;
?;?;?;?;?;?;?;?;?;?;?;27;23;18;13;116;103;115;114;20;3;10;61;4;56;27;23;18;13;116;100;97;96;3;10;61;4;63;56;27;23;18;13;116;103;37;37;37;37;37;
?;?;?;?;?;?;?;?;?;?;?;111;109;107;31;26;11;17;14;6;100;97;96;3;10;61;4;63;62;72;12;27;23;18;13;116;103;37;37;37;37;37;25;21;20;83;71;22;5;120;
?;?;?;?;?;?;?;?;?;?;?;11;17;14;113;111;109;107;105;61;4;63;56;27;23;18;13;116;100;97;96;3;10;61;4;56;50;45;43;33;32;28;24;19;15;7;103;37;37;37;
?;?;?;?;?;?;?;?;?;?;?;27;23;18;13;116;103;37;37;37;37;37;37;37;25;21;20;3;10;61;12;27;23;18;13;116;100;97;96;133;131;22;5;120;113;111;109;107;105;61;
?;?;?;?;?;?;?;?;?;?;?;1;126;123;121;113;111;109;107;105;61;12;27;23;18;13;113;111;109;107;105;61;4;63;56;27;23;18;13;116;103;37;37;25;21;20;3;10;61;4;
?;?;?;?;?;?;?;?;?;?;?;11;17;14;6;103;115;114;20;3;10;61;4;63;62;72;82;82;82;56;27;23;18;13;116;100;97;96;3;10;61;4;63;56;27;23;18;13;116;103;
?;?;?;?;?;?;?;?;?;?;?;111;109;107;105;30;1;126;123;121;116;103;115;114;20;3;31;26;11;17;14;6;103;37;37;37;37;37;37;25;21;20;3;10;61;12;27;23;18;13;
?;?;?;?;?;?;?;?;?;?;?;37;37;37;37;37;37;37;37;37;25;21;20;3;10;61;4;56;27;23;59;55;54;47;40;85;75;63;62;72;82;82;82;82;56;27;23;18;13;116;
?;?;?;?;?;?;?;?;?;?;?;37;25;21;20;3;10;61;4;63;62;72;12;27;23;18;13;116;103;37;37;25;21;20;3;10;30;1;126;123;121;116;100;97;96;3;10;61;4;63;
?;?;?;?;?;?;?;?;?;?;?;12;27;51;46;44;34;104;73;12;27;23;18;13;116;103;37;25;21;20;3;10;61;4;63;62;72;82;82;82;82;82;56;27;23;18;13;116;100;97;
?;?;?;?;?;?;?;?;?;?;?;37;37;37;25;21;20;3;10;61;4;63;62;72;82;82;82;82;82;82;82;56;27;23;18;13;113;111;109;107;105;30;1;126;123;121;116;103;37;37;
?;?;?;?;?;?;?;?;?;?;?;1;126;123;121;113;111;109;107;105;61;4;63;62;72;82;82;82;82;82;82;82;82;82;82;82;82;82;82;56;27;23;18;13;116;103;37;25;21;20;
?;?;?;?;?;?;?;?;?;?;?;47;40;85;75;63;56;27;23;18;13;116;103;37;37;37;37;37;37;37;25;21;20;3;10;61;4;63;62;56;27;23;18;13;113;111;109;107;105;61;
?;?;?;?;?;?;?;?;?;?;?;126;123;121;116;100;97;96;3;10;30;1;126;123;121;116;103;115;114;20;3;31;117;9;90;67;79;86;84;12;27;23;18;13;116;103;37;37;25;21;
?;?;?;?;?;?;?;?;?;?;?;109;107;105;61;4;56;27;23;18;13;116;103;37;37;37;37;37;37;37;37;37;25;21;20;3;10;61;4;63;62;72;82;82;56;27;23;18;13;116;
?;?;?;?;?;?;?;?;?;?;?;4;63;62;72;82;82;56;27;23;18;13;116;103;37;37;37;25;21;20;3;10;61;4;63;62;72;82;56;27;23;18;13;116;103;115;114;20;3;10;
?;?;?;?;?;?;?;?;?;?;?;100;97;96;133;131;22;5;120;113;111;109;107;105;61;4;63;56;27;23;18;113;111;109;107;105;61;4;63;62;72;82;82;82;82;56;27;23;18;13;
?;?;?;?;?;?;?;?;?;?;?;37;37;37;37;37;37;37;37;37;25;21;20;3;10;61;4;63;62;72;82;56;27;23;18;13;113;111;109;107;105;61;4;63;62;72;82;82;82;82;
?;?;?;?;?;?;?;?;?;?;?;116;103;37;37;37;37;37;37;37;25;21;20;3;10;61;12;27;23;18;113;111;109;107;105;61;12;27;23;59;55;54;47;40;85;75;63;62;56;27;
?;?;?;?;?;?;?;?;?;?;?;82;56;27;23;18;13;116;103;37;37;25;21;20;3;10;61;12;27;23;18;13;116;100;97;96;3;10;61;4;56;27;23;18;13;116;103;115;114;20;
?;?;?;?;?;?;?;?;?;?;?;109;107;105;61;4;56;27;23;18;113;111;109;107;105;61;4;63;56;27;23;18;13;116;103;37;37;25;21;20;3;10;61;12;27;23;18;13;116;103;
?;?;?;?;?;?;?;?;?;?;?;27;23;59;55;54;47;40;85;12;27;23;18;13;116;103;115;114;20;83;71;22;5;120;102;103;115;114;20;3;10;61;12;27;23;18;13;116;103;37;
?;?;?;?;?;?;?;?;?;?;?;10;61;4;63;62;72;82;82;82;56;27;23;18;13;116;100;97;96;3;10;61;4;56;27;23;18;13;116;103;37;37;37;25;21;20;3;31;26;11;
?;?;?;?;?;?;?;?;?;?;?;97;96;3;10;61;12;27;23;18;13;116;103;37;37;37;37;37;37;37;25;21;20;3;10;61;4;63;62;56;27;23;18;13;116;103;37;37;25;21;
?;?;?;?;?;?;?;?;?;?;?;82;82;82;82;56;27;23;18;13;116;103;37;37;37;37;37;37;37;37;37;37;37;37;25;57;52;48;41;38;29;36;35;2;37;25;21;20;3;10;
?;?;?;?;?;?;?;?;?;?;?;116;103;37;37;37;37;37;37;37;25;21;20;3;10;61;4;63;62;72;82;82;82;82;82;56;27;23;18;13;116;103;37;37;25;21;20;3;10;61;
?;?;?;?;?;?;?;?;?;?;?;111;109;107;105;61;4;63;62;72;82;82;82;82;82;56;27;23;18;13;116;103;37;37;37;37;37;37;37;37;25;21;20;3;10;61;4;63;62;72;
?;?;?;?;?;?;?;?;?;?;?;11;17;14;6;100;97;96;3;10;61;4;63;62;72;82;82;82;82;82;82;82;82;56;27;23;18;13;116;100;97;96;3;10;61;4;63;62;72;82;
?;?;?;?;?;?;?;?;?;?;?;11;17;14;6;103;115;114;20;3;10;30;1;112;110;108;106;104;73;84;74;62;72;82;82;82;82;82;82;82;82;82;82;82;82;82;82;56;27;23;
?;?;?;?;?;?;?;?;?;?;?;126;123;121;116;100;97;96;3;10;61;4;63;56;27;23;18;13;116;103;37;37;37;37;25;21;20;3;10;61;4;63;56;27;23;18;13;116;103;37;
?;?;?;?;?;?;?;?;?;?;?;11;17;14;6;103;115;114;20;3;10;61;4;63;62;72;82;82;82;82;82;56;27;23;18;13;116;103;37;25;21;20;3;10;61;4;63;62;72;12;
?;?;?;?;?;?;?;?;?;?;?;12;27;23;59;55;54;47;31;26;11;17;14;6;103;115;114;20;3;10;61;4;63;62;56;27;23;18;13;116;103;37;37;37;37;37;37;37;37;37;
?;?;?;?;?;?;?;?;?;?;?;115;114;20;3;10;61;4;56;27;23;18;13;116;103;37;37;37;37;37;37;37;37;25;21;20;3;10;61;4;63;62;56;27;23;18;13;116;103;37;
?;?;?;?;?;?;?;?;?;?;?;103;37;37;37;37;25;21;20;3;10;61;4;63;62;72;82;56;27;23;18;13;116;103;37;37;37;37;25;21;20;3;10;61;4;63;62;72;82;82;
?;?;?;?;?;?;?;?;?;?;?;97;96;3;10;30;1;126;123;113;111;109;107;105;61;4;56;27;23;18;113;111;109;107;105;61;4;56;27;23;18;13;113;111;109;107;105;61;4;63;
?;?;?;?;?;?;?;?;?;?;?;97;96;3;10;61;4;63;62;72;82;82;56;27;23;18;13;116;100;97;96;3;10;61;4;63;56;27;23;18;13;116;100;97;96;3;10;61;4;63;
?;?;?;?;?;?;?;?;?;?;?;11;17;14;6;103;37;25;57;52;48;41;38;29;36;35;25;21;20;3;10;61;4;63;62;72;82;82;56;27;23;18;13;116;103;115;114;20;3;10;
?;?;?;?;?;?;?;?;?;?;?;103;37;37;37;37;37;37;37;37;25;21;20;3;10;61;4;63;62;72;82;82;82;82;56;27;23;18;13;116;103;37;37;37;25;21;20;3;10;61;
?;?;?;?;?;?;?;?;?;?;?;12;27;23;18;13;116;100;97;96;133;131;22;59;55;54;47;40;30;1;126;123;121;116;103;37;37;37;25;21;70;60;119;94;89;66;88;80;78;74;
?;?;?;?;?;?;?;?;?;?;?;111;109;107;105;61;12;27;23;18;113;111;109;107;105;61;12;27;23;18;13;116;103;37;37;37;37;25;21;20;3;10;61;4;63;56;27;23;18;13;
?;?;?;?;?;?;?;?;?;?;?;109;107;105;61;12;27;23;18;13;116;103;37;37;37;37;37;37;25;21;20;3;10;61;4;63;56;27;23;18;13;116;103;37;37;37;37;37;25;21;
?;?;?;?;?;?;?;?;?;?;?;37;37;37;37;37;37;37;37;37;37;37;25;21;20;3;10;61;4;63;62;72;82;82;82;82;82;82;56;27;23;18;13;113;111;109;107;105;61;4;
?;?;?;?;?;?;?;?;?;?;?;25;21;20;3;10;61;4;63;56;27;23;18;13;116;103;37;25;21;20;3;10;61;4;63;62;72;82;82;82;82;82;82;82;82;82;82;82;82;82;
?;?;?;?;?;?;?;?;?;?;?;37;37;25;21;20;3;10;61;4;63;62;56;27;23;18;113;111;109;107;105;61;4;63;62;72;82;82;82;82;82;82;82;82;82;82;82;82;82;82;
?;?;?;?;?;?;?;?;?;?;?;27;23;18;13;116;103;37;37;37;37;37;37;37;25;21;20;3;10;61;4;63;62;72;12;27;23;18;13;116;103;115;114;20;3;10;61;4;63;62;
?;?;?;?;?;?;?;?;?;?;?;20;3;10;61;4;63;62;72;82;82;56;27;23;18;113;111;109;107;105;61;4;63;62;56;27;23;59;55;54;47;40;85;75;63;62;72;82;82;82;
?;?;?;?;?;?;?;?;?;?;?;11;17;14;6;100;97;96;3;10;61;12;27;23;59;55;54;47;40;85;12;27;23;18;13;116;100;97;96;3;10;61;4;63;62;72;82;56;27;23;
?;?;?;?;?;?;?;?;?;?;?;111;109;107;105;30;1;126;123;121;116;103;37;37;37;25;21;20;3;10;61;4;63;62;72;12;27;23;18;13;116;103;115;114;20;83;71;22;5;120;
?;?;?;?;?;?;?;?;?;?;?;111;109;107;105;61;4;63;56;50;45;43;33;104;30;1;126;123;121;116;103;37;37;37;37;37;37;37;37;37;37;25;21;20;3;10;61;4;63;62;
?;?;?;?;?;?;?;?;?;?;?;82;82;56;27;23;18;13;116;103;115;114;20;83;71;22;5;120;102;103;37;37;37;37;37;37;25;21;20;3;10;30;1;126;123;121;116;103;37;25;
?;?;?;?;?;?;?;?;?;?;?;104;73;84;74;62;72;82;82;82;82;82;82;82;82;82;82;82;82;82;56;27;23;18;13;116;103;37;37;37;37;37;37;37;37;37;37;37;37;37;
?;?;?;?;?;?;?;?;?;?;?;38;29;36;25;21;20;3;10;61;4;63;62;56;27;23;18;13;116;103;37;25;21;20;3;10;61;4;63;62;72;82;82;82;82;82;82;82;82;82;
?;?;?;?;?;?;?;?;?;?;?;109;107;105;61;12;27;23;18;13;116;100;97;96;3;10;30;1;126;123;121;116;100;97;96;3;31;26;11;59;55;54;47;40;85;75;63;62;72;82;
?;?;?;?;?;?;?;?;?;?;?;109;107;105;61;12;27;23;18;13;116;100;97;96;3;10;30;1;126;123;121;116;103;37;37;37;37;37;37;37;37;25;21;20;3;10;61;4;63;62;
?;?;?;?;?;?;?;?;?;?;?;12;27;23;18;13;116;103;37;37;37;37;37;37;37;25;21;20;3;10;30;1;126;123;121;113;111;109;107;105;61;4;56;27;23;18;13;116;100;97;
?;?;?;?;?;?;?;?;?;?;?;111;109;107;105;30;1;126;123;121;116;100;97;96;3;10;61;4;63;62;72;82;82;82;82;82;82;56;27;23;59;55;54;47;40;30;1;126;123;121;
?;?;?;?;?;?;?;?;?;?;?;1;126;123;121;116;103;37;25;21;20;3;10;61;4;56;27;23;18;13;116;103;37;37;25;21;20;3;10;61;4;63;62;56;27;23;18;13;116;103;
?;?;?;?;?;?;?;?;?;?;?;126;123;121;116;100;97;96;3;10;30;1;126;123;113;111;109;107;105;61;4;56;27;23;18;13;116;103;37;37;37;37;25;21;20;3;10;61;4;63;
?;?;?;?;?;?;?;?;?;?;?;27;23;18;13;113;111;109;107;31;26;11;17;14;6;100;97;96;3;10;30;1;126;59;55;54;47;40;85;75;63;56;27;23;18;13;113;111;109;107;
?;?;?;?;?;?;?;?;?;?;?;27;23;18;13;116;100;97;96;3;31;26;11;17;14;6;100;97;96;3;10;30;1;126;123;121;113;111;109;107;105;61;12;27;23;18;13;116;103;37;
?;?;?;?;?;?;?;?;?;?;?;82;82;82;82;82;82;82;82;82;82;82;82;56;27;23;18;13;116;103;37;37;37;37;37;37;37;37;37;37;37;37;37;37;37;37;37;37;25;21;
?;?;?;?;?;?;?;?;?;?;?;11;17;14;6;100;97;96;3;10;61;4;63;56;27;23;18;13;116;103;37;37;37;25;21;20;3;10;61;4;56;27;23;18;13;116;103;115;114;20;
?;?;?;?;?;?;?;?;?;?;?;10;61;4;56;27;23;18;13;116;103;37;37;25;21;20;3;10;61;4;63;62;72;82;56;27;23;18;13;116;103;37;37;25;21;20;3;10;61;4;
?;?;?;?;?;?;?;?;?;?;?;109;107;105;61;4;56;27;23;18;13;116;103;37;37;37;37;25;21;20;3;10;61;4;63;56;27;23;18;13;116;103;37;37;25;21;20;3;10;61;
?;?;?;?;?;?;?;?;?;?;?;126;123;121;116;100;97;96;3;10;61;12;27;23;18;13;116;100;97;96;3;31;26;11;17;14;6;103;37;37;25;21;20;3;10;61;4;63;62;72;
?;?;?;?;?;?;?;?;?;?;?;111;109;107;105;30;1;126;123;113;111;109;107;105;61;4;63;62;56;27;23;18;13;116;103;37;37;37;25;21;70;60;69;65;2;37;37;37;37;37;
?;?;?;?;?;?;?;?;?;?;?;3;31;26;11;17;14;6;103;37;25;21;20;3;10;61;4;63;62;72;82;82;82;82;82;82;82;82;82;82;82;82;82;82;82;82;82;82;82;82;
?;?;?;?;?;?;?;?;?;?;?;97;96;3;31;26;11;17;14;6;100;97;96;3;10;61;4;63;62;72;12;27;23;18;13;116;100;97;96;3;10;30;1;126;123;121;116;103;37;37;
?;?;?;?;?;?;?;?;?;?;?;109;107;105;61;4;56;27;23;18;13;116;103;37;37;37;37;37;37;25;21;20;3;10;61;4;63;62;72;82;82;82;82;56;27;23;18;13;116;103;
?;?;?;?;?;?;?;?;?;?;?;111;109;107;105;61;12;27;23;18;113;111;109;107;31;26;11;17;14;6;103;37;37;25;21;20;3;10;61;4;63;62;72;12;27;23;18;13;116;103;
?;?;?;?;?;?;?;?;?;?;?;11;17;14;6;100;97;96;3;10;61;12;27;23;18;13;116;103;115;114;20;3;10;61;4;63;62;72;82;82;82;82;82;56;27;23;18;13;116;103;
?;?;?;?;?;?;?;?;?;?;?;97;96;3;10;61;4;63;62;56;27;23;18;13;116;103;37;25;21;20;3;10;61;4;63;62;72;12;27;23;18;13;116;103;37;37;37;37;37;37;
?;?;?;?;?;?;?;?;?;?;?;109;107;105;61;12;27;23;18;13;116;103;115;114;20;3;10;61;4;63;62;72;82;82;82;82;82;82;82;82;82;82;56;27;23;18;13;116;103;37;
?;?;?;?;?;?;?;?;?;?;?;12;27;23;18;113;111;109;107;105;61;4;56;27;23;18;13;116;103;37;37;37;25;21;20;3;10;61;4;63;56;27;23;18;13;116;103;37;37;37;
?;?;?;?;?;?;?;?;?;?;?;116;103;37;37;37;37;25;21;20;3;10;61;4;63;56;27;23;18;13;116;103;115;114;20;3;10;61;4;63;62;72;82;82;56;27;23;18;13;116;
?;?;?;?;?;?;?;?;?;?;?;111;109;107;105;61;12;27;23;18;13;113;111;109;107;105;61;4;63;62;72;82;82;82;82;82;82;56;27;23;18;13;116;103;37;37;37;37;37;37;
?;?;?;?;?;?;?;?;?;?;?;100;97;96;3;10;30;1;126;123;113;111;109;107;105;61;12;27;23;59;55;54;47;40;85;75;12;27;23;59;55;54;47;40;85;75;63;62;56;27;
?;?;?;?;?;?;?;?;?;?;?;11;17;14;6;100;97;96;3;10;61;4;63;62;72;82;82;82;82;82;82;56;27;23;18;13;116;103;115;114;20;3;10;61;4;63;62;56;27;23;
?;?;?;?;?;?;?;?;?;?;?;37;37;37;37;37;37;37;37;25;21;20;3;10;61;4;63;62;72;82;56;27;23;18;13;116;100;97;96;3;10;61;4;63;62;72;82;82;56;27;
?;?;?;?;?;?;?;?;?;?;?;1;126;123;121;113;111;109;107;31;26;11;17;14;6;100;97;96;3;10;61;4;63;56;27;51;46;44;34;104;30;1;126;123;121;116;103;37;37;37;
?;?;?;?;?;?;?;?;?;?;?;100;97;101;87;69;65;2;37;25;21;20;3;10;30;1;126;123;121;116;103;37;37;25;21;20;3;10;61;4;63;56;27;23;18;13;116;100;97;96;
?;?;?;?;?;?;?;?;?;?;?;18;113;111;109;107;105;61;12;27;23;18;13;116;103;37;37;25;21;20;3;10;61;4;63;62;72;12;27;23;18;13;116;103;37;37;37;37;37;37;
?;?;?;?;?;?;?;?;?;?;?;37;37;25;21;20;3;10;61;4;63;62;72;12;27;23;18;113;111;109;107;105;61;4;63;62;56;27;23;18;13;116;103;115;114;20;3;10;30;1;
?;?;?;?;?;?;?;?;?;?;?;56;27;23;18;13;116;100;97;96;3;10;61;4;63;62;72;82;82;82;56;27;23;18;13;116;103;37;37;37;37;37;37;37;37;37;37;37;37;37;
?;?;?;?;?;?;?;?;?;?;?;100;97;96;3;31;26;11;17;14;6;100;97;96;3;31;26;11;17;14;113;111;109;107;105;61;4;63;62;56;27;51;46;44;34;104;73;84;74;62;
?;?;?;?;?;?;?;?;?;?;?;27;23;18;13;116;103;37;25;57;52;48;41;38;29;36;25;21;20;3;31;26;11;17;14;6;103;37;37;37;25;21;20;3;10;61;4;63;62;72;
?;?;?;?;?;?;?;?;?;?;?;27;23;18;13;116;100;97;96;3;31;26;11;17;14;6;103;37;37;37;37;37;37;37;25;21;20;3;10;61;4;63;62;72;82;82;82;82;82;82;
?;?;?;?;?;?;?;?;?;?;?;1;126;123;113;111;109;107;105;30;1;126;123;121;116;100;97;96;3;10;61;4;63;62;56;27;23;18;13;116;103;37;37;37;37;37;37;37;37;37;
?;?;?;?;?;?;?;?;?;?;?;109;107;105;61;4;56;27;23;18;13;116;100;97;96;3;10;61;4;63;62;72;82;56;27;23;18;13;116;103;37;37;37;37;37;37;37;37;37;25;
?;?;?;?;?;?;?;?;?;?;?;56;27;23;18;13;116;103;115;114;20;83;71;22;5;120;102;103;37;37;37;37;37;37;37;25;21;20;3;10;61;4;63;62;72;82;56;27;23;18;
?;?;?;?;?;?;?;?;?;?;?;109;107;105;61;4;63;56;50;45;43;33;104;73;84;12;27;23;18;13;116;103;37;37;37;37;37;37;37;37;37;37;37;37;37;25;21;20;3;10;
?;?;?;?;?;?;?;?;?;?;?;100;97;96;3;10;30;1;126;123;113;111;109;107;31;26;11;17;14;6;103;37;37;37;37;37;25;21;20;3;10;61;4;63;62;72;12;27;23;18;
?;?;?;?;?;?;?;?;?;?;?;4;63;62;72;12;27;23;18;13;116;103;37;37;37;37;37;37;25;21;20;3;10;30;1;126;123;121;116;103;37;37;37;25;21;20;3;10;61;4;
?;?;?;?;?;?;?;?;?;?;?;5;120;102;103;37;37;25;21;20;3;10;61;4;63;62;72;82;82;82;56;27;23;18;13;116;103;37;37;37;37;25;21;20;3;10;61;4;63;62;
?;?;?;?;?;?;?;?;?;?;?;82;82;82;82;56;27;23;18;13;116;103;37;37;37;37;37;37;37;37;37;37;37;37;37;37;37;37;37;37;25;21;20;3;10;61;4;63;62;72;
?;?;?;?;?;?;?;?;?;?;?;115;114;20;3;10;30;1;126;123;121;116;100;97;96;3;10;61;4;63;62;72;82;82;56;27;23;18;13;116;100;97;96;3;10;61;4;63;62;72;
?;?;?;?;?;?;?;?;?;?;?;111;109;107;105;30;1;126;123;121;116;103;37;37;37;37;37;37;25;21;20;83;71;117;9;90;67;79;86;84;74;62;72;82;82;82;82;82;82;82;
?;?;?;?;?;?;?;?;?;?;?;111;109;107;105;61;4;63;62;72;82;82;82;82;82;56;27;23;18;13;116;103;37;37;37;37;37;37;37;37;37;37;37;25;21;20;3;10;61;4;
?;?;?;?;?;?;?;?;?;?;?;1;126;123;121;113;111;109;107;105;61;4;63;56;27;51;46;44;34;104;73;84;74;62;72;82;82;56;27;23;18;13;116;103;37;37;37;37;37;37;
?;?;?;?;?;?;?;?;?;?;?;27;23;18;13;116;103;37;37;37;37;37;37;37;37;25;21;20;3;10;30;1;126;59;55;54;47;40;85;75;63;62;72;82;82;82;82;56;27;23;
?;?;?;?;?;?;?;?;?;?;?;109;107;105;61;12;27;23;18;13;113;111;109;107;105;61;12;27;23;18;113;111;109;107;105;61;4;63;56;27;23;18;13;116;103;37;25;21;20;3;
?;?;?;?;?;?;?;?;?;?;?;12;27;23;18;113;111;109;133;131;22;5;120;102;103;37;37;37;37;37;37;37;37;37;25;21;20;3;10;61;4;63;62;72;82;82;82;82;56;27;
?;?;?;?;?;?;?;?;?;?;?;12;27;23;18;113;111;109;107;105;61;12;27;51;46;44;34;104;73;12;27;23;18;13;116;103;37;25;21;20;3;10;61;4;63;62;72;82;82;56;
?;?;?;?;?;?;?;?;?;?;?;3;31;26;11;17;14;6;103;37;37;25;21;20;3;10;61;4;63;62;72;12;27;23;18;13;116;103;37;25;21;20;3;10;61;4;63;62;72;82;
?;?;?;?;?;?;?;?;?;?;?;1;126;123;121;113;111;109;107;105;61;4;63;56;27;23;18;13;116;103;37;37;25;21;20;3;10;61;4;56;27;23;18;13;116;103;37;37;25;21;
?;?;?;?;?;?;?;?;?;?;?;12;27;23;18;13;116;103;37;25;21;20;3;10;61;4;63;62;72;82;82;56;27;23;18;13;116;103;37;37;37;37;37;37;25;21;20;83;71;22;
?;?;?;?;?;?;?;?;?;?;?;100;97;96;3;10;61;12;27;23;18;13;116;103;37;37;25;21;20;3;10;61;4;63;62;72;82;56;27;23;18;13;113;111;132;130;127;124;2;37;
?;?;?;?;?;?;?;?;?;?;?;126;123;121;113;111;109;107;105;30;1;126;123;121;116;103;37;37;37;37;25;21;20;3;10;61;4;63;56;27;23;18;13;116;103;115;114;20;3;10;
?;?;?;?;?;?;?;?;?;?;?;22;5;113;111;109;107;105;61;4;63;62;72;82;82;82;82;82;82;82;82;82;82;82;82;56;27;23;18;13;116;103;37;37;37;37;37;37;37;37;
?;?;?;?;?;?;?;?;?;?;?;14;6;103;37;37;25;21;20;3;10;61;4;63;62;72;82;56;27;23;18;13;116;103;37;25;21;20;3;10;61;4;63;62;72;82;56;50;45;43;
?;?;?;?;?;?;?;?;?;?;?;111;109;107;31;26;11;17;14;113;111;109;107;105;61;4;56;27;23;18;13;113;111;109;107;105;30;1;126;123;113;111;109;107;105;61;4;63;62;72;
?;?;?;?;?;?;?;?;?;?;?;20;3;10;61;4;63;62;72;82;82;82;82;82;82;82;82;56;27;23;59;55;54;47;40;85;75;12;27;23;18;13;116;103;37;37;37;37;37;37;
?;?;?;?;?;?;?;?;?;?;?;111;109;107;105;61;12;112;110;108;106;104;73;84;74;12;27;23;18;13;116;103;37;37;37;37;37;25;21;20;3;10;61;4;63;56;27;23;18;13;
?;?;?;?;?;?;?;?;?;?;?;37;37;37;37;37;37;37;37;25;21;20;3;10;61;4;63;56;27;23;18;113;111;109;107;105;61;4;63;62;72;82;82;56;27;23;18;113;111;109;
?;?;?;?;?;?;?;?;?;?;?;111;109;107;105;61;12;27;23;18;13;113;111;132;130;127;124;2;37;37;37;37;37;37;37;37;37;37;37;25;21;20;3;10;30;1;126;123;121;116;
?;?;?;?;?;?;?;?;?;?;?;4;63;56;27;23;18;13;116;103;37;37;25;21;20;3;10;61;4;56;27;23;18;13;116;103;37;37;25;21;20;3;10;61;4;63;62;72;82;82;
?;?;?;?;?;?;?;?;?;?;?;111;109;107;105;30;1;126;123;121;116;103;115;57;52;48;41;38;29;25;21;20;3;10;61;4;63;62;72;82;82;82;82;82;82;82;82;82;56;27;
?;?;?;?;?;?;?;?;?;?;?;21;20;3;10;61;4;63;62;56;50;45;43;33;104;73;84;74;62;72;82;82;82;82;82;82;82;82;82;82;82;56;27;23;18;13;116;103;115;114;
?;?;?;?;?;?;?;?;?;?;?;11;17;14;6;100;97;96;3;10;61;4;63;62;72;82;82;82;56;27;23;18;13;116;100;97;96;3;10;61;4;63;62;72;82;82;82;82;82;82;
?;?;?;?;?;?;?;?;?;?;?;1;126;123;121;116;103;37;37;37;37;37;37;25;21;20;3;10;61;4;63;62;56;27;23;18;13;116;103;37;37;25;21;20;3;10;61;4;56;27;
?;?;?;?;?;?;?;?;?;?;?;37;37;37;37;37;37;37;37;25;21;20;3;10;61;4;63;62;72;82;82;82;82;82;56;27;23;18;13;113;111;109;107;105;61;4;63;62;72;12;
?;?;?;?;?;?;?;?;?;?;?;114;20;3;10;61;4;56;27;23;18;13;116;103;37;37;25;21;20;3;10;61;4;63;62;72;82;56;27;23;18;13;116;103;37;25;21;20;3;10;
?;?;?;?;?;?;?;?;?;?;?;56;27;23;18;13;116;103;37;37;37;37;37;37;37;37;37;37;37;37;37;37;37;37;37;37;25;21;20;3;10;61;4;63;62;72;82;82;82;82;
?;?;?;?;?;?;?;?;?;?;?;113;111;109;107;105;30;1;126;123;121;116;103;37;37;37;37;37;37;37;37;37;37;37;37;37;37;37;25;57;52;48;41;38;129;93;8;16;76;61;
?;?;?;?;?;?;?;?;?;?;?;97;96;3;10;61;4;63;62;72;82;82;56;27;23;18;13;116;103;37;37;37;37;37;37;37;37;37;37;37;37;37;37;37;37;37;37;37;37;37;
?;?;?;?;?;?;?;?;?;?;?;25;21;20;3;10;61;4;63;62;56;27;23;18;13;116;103;115;114;20;3;10;61;4;63;62;72;82;82;82;82;82;82;56;27;23;18;13;116;103;
?;?;?;?;?;?;?;?;?;?;?;37;37;37;37;37;37;37;25;21;20;3;10;61;4;63;62;72;82;82;82;82;82;82;82;82;82;56;27;23;18;13;113;111;109;107;105;61;4;63;
?;?;?;?;?;?;?;?;?;?;?;111;109;107;31;26;11;17;14;113;111;109;107;105;61;4;56;27;23;18;13;116;103;115;114;20;83;71;22;5;120;102;103;115;114;20;83;71;22;5;
?;?;?;?;?;?;?;?;?;?;?;104;30;1;126;123;121;116;103;37;37;37;25;21;20;3;10;61;12;112;110;108;106;104;73;84;74;62;72;12;27;23;18;13;113;111;109;107;105;61;
?;?;?;?;?;?;?;?;?;?;?;111;109;107;105;61;4;63;56;27;23;18;13;116;103;37;37;25;21;20;3;10;61;4;63;62;56;27;23;18;13;116;103;37;37;37;37;37;37;37;
?;?;?;?;?;?;?;?;?;?;?;82;82;82;82;82;56;27;23;18;13;116;103;37;37;37;37;37;37;37;25;21;20;3;10;61;4;63;62;72;82;82;82;82;82;82;82;82;82;82;
?;?;?;?;?;?;?;?;?;?;?;61;4;56;27;23;18;113;111;109;107;105;30;1;112;110;108;106;104;73;84;74;12;27;23;18;13;116;100;97;96;3;10;61;4;63;56;27;23;18;
?;?;?;?;?;?;?;?;?;?;?;11;17;14;6;100;97;96;3;10;61;4;63;62;72;82;82;56;27;23;18;13;116;103;37;37;25;21;20;3;10;61;4;56;27;23;59;55;54;47;
?;?;?;?;?;?;?;?;?;?;?;1;126;123;121;113;111;109;107;105;30;1;126;123;113;111;109;107;105;61;4;56;27;23;18;13;116;103;37;37;37;37;37;37;37;37;25;21;20;83;
?;?;?;?;?;?;?;?;?;?;?;109;107;105;30;1;126;123;121;116;103;37;37;37;37;37;37;37;37;25;21;20;3;10;61;4;63;62;72;82;56;27;23;18;13;116;103;37;25;21;
?;?;?;?;?;?;?;?;?;?;?;12;27;23;59;55;54;47;40;85;75;63;56;27;23;18;13;116;103;37;37;37;37;37;37;25;21;20;3;10;61;4;63;56;27;23;18;13;116;103;
?;?;?;?;?;?;?;?;?;?;?;1;126;123;113;111;109;107;105;61;4;56;27;23;18;113;111;109;107;105;30;1;126;123;121;113;111;109;107;105;61;12;27;23;18;13;116;103;37;37;
?;?;?;?;?;?;?;?;?;?;?;111;109;107;105;30;1;126;123;121;116;100;97;96;3;10;30;1;126;59;55;54;47;31;26;11;17;14;6;103;115;114;20;3;10;61;4;63;62;72;
?;?;?;?;?;?;?;?;?;?;?;27;23;18;13;116;100;97;96;3;10;30;1;126;123;121;116;103;37;37;37;37;37;37;37;25;21;20;3;10;61;4;63;62;72;82;82;82;82;82;
?;?;?;?;?;?;?;?;?;?;?;27;23;18;13;116;103;37;25;21;20;3;10;61;4;63;56;27;23;18;13;116;103;37;37;25;21;20;3;10;61;4;56;27;23;18;13;116;103;115;
?;?;?;?;?;?;?;?;?;?;?;14;6;103;37;37;37;37;37;37;37;37;37;37;25;21;20;3;10;61;4;63;62;72;82;82;82;82;82;82;82;82;82;82;82;82;82;82;82;82;
?;?;?;?;?;?;?;?;?;?;?;109;107;105;30;1;126;123;121;116;103;37;25;21;20;3;10;30;1;126;123;121;116;103;37;37;37;37;37;25;21;20;3;10;61;4;63;62;72;82;
?;?;?;?;?;?;?;?;?;?;?;116;100;97;96;3;10;61;4;63;62;72;12;27;23;18;13;116;103;37;37;37;25;21;20;3;10;61;4;63;56;27;23;18;13;116;100;97;96;3;
?;?;?;?;?;?;?;?;?;?;?;97;96;3;10;30;1;126;123;121;116;103;115;114;20;3;10;61;4;63;62;72;82;82;82;82;82;82;82;82;82;82;82;82;82;56;27;23;18;13;
?;?;?;?;?;?;?;?;?;?;?;111;109;107;31;26;11;17;14;113;111;109;107;105;30;1;126;123;121;116;103;37;25;21;20;3;10;61;4;63;62;56;27;23;18;13;116;103;37;37;
?;?;?;?;?;?;?;?;?;?;?;109;107;105;61;4;63;62;72;82;82;82;82;82;82;82;56;27;51;46;44;34;104;73;84;12;27;23;18;13;116;103;115;114;20;3;10;61;4;63;
?;?;?;?;?;?;?;?;?;?;?;103;37;37;37;37;37;37;37;37;37;25;21;20;3;10;61;4;63;62;72;82;82;82;82;82;82;82;82;82;82;82;56;27;23;18;13;116;103;37;
?;?;?;?;?;?;?;?;?;?;?;109;107;105;30;1;126;123;121;116;103;115;114;20;3;10;30;1;126;123;113;111;109;107;105;30;1;126;123;121;116;103;115;114;20;3;31;26;11;17;
?;?;?;?;?;?;?;?;?;?;?;109;107;105;61;12;27;23;18;13;116;100;97;96;3;10;61;12;27;23;18;13;116;103;37;37;37;37;37;37;25;21;20;3;10;30;1;126;123;121;
?;?;?;?;?;?;?;?;?;?;?;63;62;56;27;23;18;13;116;103;37;37;37;37;37;25;21;20;3;10;61;4;63;62;72;82;82;82;82;56;27;23;18;13;116;100;97;96;3;10;
?;?;?;?;?;?;?;?;?;?;?;56;27;23;18;13;116;103;37;37;37;37;25;21;20;3;10;61;4;63;62;56;27;23;18;13;116;103;37;37;37;37;25;21;20;3;10;61;4;63;
?;?;?;?;?;?;?;?;?;?;?;126;123;121;116;100;97;96;3;10;61;4;56;27;23;18;13;116;103;37;37;37;37;37;37;37;25;21;20;3;10;61;4;63;62;72;82;56;27;23;
?;?;?;?;?;?;?;?;?;?;?;11;17;14;6;103;37;25;21;20;3;10;61;4;63;62;72;82;82;82;82;82;82;82;82;56;27;23;18;13;116;103;37;37;37;37;37;37;37;37;
?;?;?;?;?;?;?;?;?;?;?;27;23;18;13;116;103;37;37;37;37;37;37;37;25;21;20;3;10;61;4;63;62;72;82;82;56;27;23;18;13;116;103;37;37;37;37;37;37;37;
?;?;?;?;?;?;?;?;?;?;?;12;27;23;18;113;111;109;107;31;26;11;17;14;6;100;97;96;3;10;61;4;56;27;23;59;55;54;47;40;30;1;126;123;121;116;103;37;25;21;
?;?;?;?;?;?;?;?;?;?;?;12;27;23;18;113;111;109;107;105;30;1;126;123;121;116;103;37;37;37;37;37;25;21;20;3;10;61;4;63;62;72;12;27;23;59;55;54;47;40;
?;?;?;?;?;?;?;?;?;?;?;11;59;55;54;47;40;85;12;27;23;18;13;116;103;37;37;25;21;20;3;10;61;4;63;62;72;12;27;23;18;13;116;103;37;25;21;20;3;10;
?;?;?;?;?;?;?;?;?;?;?;109;107;105;61;4;63;62;72;82;82;56;27;23;18;13;116;100;97;96;3;10;61;12;27;23;18;13;116;103;37;37;37;37;37;25;21;20;3;10;
?;?;?;?;?;?;?;?;?;?;?;82;82;82;82;82;82;82;82;82;82;82;82;56;27;23;18;13;116;103;37;25;21;20;3;10;61;4;63;56;27;23;18;13;116;103;37;37;37;37;
?;?;?;?;?;?;?;?;?;?;?;12;27;23;18;13;116;100;97;96;3;10;61;4;56;27;23;18;13;116;100;97;96;3;10;61;4;63;62;56;27;23;18;13;116;103;37;25;21;20;
?;?;?;?;?;?;?;?;?;?;?;61;4;63;62;72;82;56;27;23;18;13;113;111;109;107;105;61;4;63;62;56;27;23;18;13;116;103;115;114;20;3;10;61;4;63;62;72;82;82;
?;?;?;?;?;?;?;?;?;?;?;63;62;72;82;82;82;82;82;82;82;82;82;82;82;82;82;82;56;27;23;18;13;116;103;37;37;37;37;37;37;37;37;37;37;37;37;37;37;25;
?;?;?;?;?;?;?;?;?;?;?;1;126;123;121;116;103;115;114;20;3;10;61;4;63;62;72;82;82;82;56;27;23;18;13;113;111;109;107;105;61;4;63;56;27;23;18;13;116;103;
?;?;?;?;?;?;?;?;?;?;?;97;96;3;10;30;1;126;123;121;116;100;97;96;3;10;61;4;63;62;72;82;82;82;82;82;82;82;82;82;82;82;82;82;82;82;56;27;23;18;
?;?;?;?;?;?;?;?;?;?;?;109;107;105;61;12;27;23;18;13;116;100;97;101;87;69;65;2;37;25;21;20;3;31;26;11;17;14;6;103;37;37;25;21;20;3;10;61;12;27;
?;?;?;?;?;?;?;?;?;?;?;82;56;27;23;18;13;116;103;115;114;20;3;10;61;4;63;62;72;82;82;82;56;27;23;18;13;116;103;37;37;37;25;21;20;3;10;61;4;63;
?;?;?;?;?;?;?;?;?;?;?;1;126;123;121;116;103;37;37;37;37;37;37;37;37;25;21;20;3;10;61;4;63;62;72;82;82;82;82;82;82;82;56;27;23;18;13;116;100;97;
?;?;?;?;?;?;?;?;?;?;?;111;109;107;105;30;1;126;123;113;111;109;107;105;61;4;63;56;27;23;18;13;116;103;37;37;37;37;25;21;20;3;10;61;4;63;62;72;82;82;
?;?;?;?;?;?;?;?;?;?;?;103;115;114;20;3;10;61;4;63;56;27;23;18;13;116;103;37;37;37;37;37;37;25;21;20;3;10;61;4;63;62;72;82;56;27;23;18;13;116;
?;?;?;?;?;?;?;?;?;?;?;97;96;3;10;61;4;63;56;27;51;46;44;34;132;130;127;124;2;113;111;109;107;105;61;4;63;62;72;82;82;82;82;82;82;82;82;82;56;27;
?;?;?;?;?;?;?;?;?;?;?;26;11;17;14;113;111;109;107;105;61;4;63;62;72;82;82;82;82;82;56;27;23;18;113;111;109;107;105;61;4;63;62;72;12;27;23;18;13;116;
?;?;?;?;?;?;?;?;?;?;?;1;126;123;113;111;109;107;105;61;12;27;23;18;13;113;111;109;107;105;61;12;27;23;18;13;116;103;37;37;37;37;37;37;37;25;21;20;3;10;
?;?;?;?;?;?;?;?;?;?;?;11;17;14;6;100;97;96;3;10;61;4;63;62;72;82;82;82;82;82;82;56;27;23;18;13;116;103;37;37;37;37;37;37;37;37;37;37;37;37;
?;?;?;?;?;?;?;?;?;?;?;109;107;105;61;12;27;23;18;13;116;103;37;37;37;37;37;37;37;37;37;37;25;21;20;3;31;26;11;17;14;113;111;109;107;105;61;4;63;62;
?;?;?;?;?;?;?;?;?;?;?;107;105;30;1;126;123;121;116;103;37;25;21;20;3;10;61;4;63;62;72;82;82;82;82;82;82;82;82;82;56;27;23;18;13;116;103;37;25;21;
?;?;?;?;?;?;?;?;?;?;?;11;17;14;113;111;109;107;105;30;1;126;123;121;116;103;115;114;20;3;10;30;1;126;123;113;111;109;107;105;61;4;63;62;72;82;82;82;56;27;
?;?;?;?;?;?;?;?;?;?;?;1;126;123;121;116;100;97;96;133;131;22;5;120;102;103;37;37;25;21;20;3;10;61;4;63;62;72;82;82;82;82;82;82;82;82;82;82;82;82;
?;?;?;?;?;?;?;?;?;?;?;100;97;96;133;131;22;59;55;54;47;40;85;75;63;56;27;23;18;13;113;111;109;107;31;26;11;17;14;6;100;97;96;3;10;61;4;63;62;72;
?;?;?;?;?;?;?;?;?;?;?;111;109;107;31;26;11;17;14;6;103;115;114;20;3;31;26;11;17;14;6;100;97;96;3;10;61;4;63;62;72;82;82;82;82;56;27;23;18;13;
?;?;?;?;?;?;?;?;?;?;?;109;107;105;61;4;56;27;23;18;13;116;103;37;37;37;37;37;37;37;37;25;21;20;3;10;30;1;126;123;113;111;109;107;105;61;4;56;27;23;
?;?;?;?;?;?;?;?;?;?;?;111;109;107;105;61;4;63;62;72;82;82;56;27;23;18;13;116;103;37;37;25;21;20;3;10;61;4;63;62;56;27;23;18;13;116;103;37;37;37;
?;?;?;?;?;?;?;?;?;?;?;111;109;107;105;61;4;56;27;51;46;44;34;104;30;1;126;123;121;116;103;37;37;37;25;21;20;3;10;61;4;63;62;72;12;27;23;18;13;116;
?;?;?;?;?;?;?;?;?;?;?;111;109;107;31;26;11;17;14;6;103;115;114;20;3;10;30;1;126;123;121;116;103;115;114;20;3;10;61;4;56;27;23;18;13;116;103;115;114;20;
?;?;?;?;?;?;?;?;?;?;?;111;109;107;105;61;12;27;23;18;13;116;103;37;37;37;37;37;37;25;21;20;3;10;61;4;63;62;72;12;27;23;18;13;116;103;37;37;37;25;
?;?;?;?;?;?;?;?;?;?;?;111;109;107;31;26;11;17;14;6;103;115;114;20;3;10;61;4;63;62;72;82;82;82;82;82;82;82;82;82;82;82;82;56;27;23;18;13;116;103;
?;?;?;?;?;?;?;?;?;?;?;25;21;20;3;10;61;4;56;27;23;18;13;116;103;115;114;20;3;10;61;4;63;56;27;23;18;13;116;103;37;37;37;25;21;20;3;10;61;4;
?;?;?;?;?;?;?;?;?;?;?;111;109;107;105;30;1;126;123;113;111;109;107;105;30;1;126;123;121;116;100;97;96;3;10;61;12;27;23;18;13;116;100;97;96;3;31;26;11;17;
?;?;?;?;?;?;?;?;?;?;?;1;126;123;121;116;100;97;96;133;131;22;5;120;102;103;115;114;20;3;10;61;12;112;110;108;106;104;73;84;74;62;72;82;82;82;82;56;27;23;
?;?;?;?;?;?;?;?;?;?;?;103;37;37;37;25;21;20;3;10;61;4;63;62;72;82;82;82;82;56;27;23;18;113;111;109;107;105;30;1;126;123;121;116;103;37;37;37;37;37;
?;?;?;?;?;?;?;?;?;?;?;1;126;59;55;54;47;40;85;12;27;23;18;13;116;103;37;37;25;21;20;3;10;61;4;63;62;72;82;82;56;27;23;18;13;116;103;37;37;37;
?;?;?;?;?;?;?;?;?;?;?;111;109;107;31;26;11;17;14;6;103;37;25;21;20;3;10;61;4;63;62;72;82;56;27;23;18;13;116;100;97;96;3;10;61;4;63;62;72;82;
?;?;?;?;?;?;?;?;?;?;?;27;23;18;113;111;109;107;105;61;4;63;56;27;23;18;13;116;103;115;114;20;3;10;61;4;56;27;23;18;13;116;103;37;37;37;37;37;37;25;
?;?;?;?;?;?;?;?;?;?;?;97;96;3;10;61;4;63;56;27;23;18;13;116;103;37;37;37;25;21;20;3;10;61;4;63;56;27;23;18;13;113;111;109;107;105;61;12;27;23;
?;?;?;?;?;?;?;?;?;?;?;100;97;101;87;69;65;2;37;37;37;25;21;20;3;10;61;4;56;27;23;18;113;111;109;107;105;61;4;63;56;27;23;18;13;116;103;37;25;21;
?;?;?;?;?;?;?;?;?;?;?;120;102;103;115;114;20;3;10;61;12;27;23;18;13;116;103;37;25;21;20;3;10;61;4;63;62;56;27;23;18;13;116;100;97;96;3;10;61;4;
?;?;?;?;?;?;?;?;?;?;?;109;107;105;30;1;126;123;121;116;103;37;37;25;21;20;3;10;61;4;56;27;23;18;13;116;103;37;37;25;21;20;3;10;61;4;63;62;72;12;
?;?;?;?;?;?;?;?;?;?;?;109;107;105;61;12;27;23;18;13;116;100;97;96;3;10;61;4;63;62;72;82;82;82;56;27;23;18;13;116;103;37;25;21;20;3;31;26;11;17;
?;?;?;?;?;?;?;?;?;?;?;1;126;123;121;116;100;97;96;3;10;30;1;126;123;121;113;111;109;107;105;61;4;63;62;72;82;82;82;82;56;27;23;18;13;116;100;97;96;3;
?;?;?;?;?;?;?;?;?;?;?;111;109;107;105;30;1;126;123;121;113;111;109;107;105;30;1;126;123;121;116;103;37;25;21;20;3;10;61;4;63;62;72;82;82;56;27;23;18;13;
?;?;?;?;?;?;?;?;?;?;?;109;133;131;22;5;120;102;99;98;96;3;10;61;4;56;27;23;18;13;116;100;97;96;3;10;61;4;63;56;27;23;18;13;116;103;115;114;20;3;
?;?;?;?;?;?;?;?;?;?;?;114;20;3;10;61;4;63;62;56;27;23;18;13;116;103;37;37;37;25;21;20;3;10;61;4;63;62;72;82;82;82;82;56;27;23;18;13;113;111;
?;?;?;?;?;?;?;?;?;?;?;109;107;105;61;4;56;27;23;18;13;116;103;115;57;52;48;129;93;8;16;76;61;12;27;23;18;13;116;103;37;25;21;20;3;10;61;12;27;23;
?;?;?;?;?;?;?;?;?;?;?;111;109;107;31;26;11;17;14;6;100;97;96;3;10;61;4;63;56;27;23;18;13;116;103;37;37;37;37;37;37;37;37;37;37;37;37;37;37;37;
?;?;?;?;?;?;?;?;?;?;?;27;23;18;13;116;103;37;37;25;21;20;3;10;61;12;27;23;18;13;116;103;115;114;20;3;10;61;4;63;62;72;82;82;82;82;82;82;56;27;
?;?;?;?;?;?;?;?;?;?;?;111;109;107;105;30;1;126;123;121;116;100;97;96;3;31;26;11;17;14;113;111;109;107;105;61;12;27;23;18;13;116;100;57;52;48;41;38;29;36;
?;?;?;?;?;?;?;?;?;?;?;1;126;123;113;111;109;133;131;22;5;120;102;103;37;37;25;21;20;3;10;61;4;56;27;23;18;113;111;109;107;105;61;4;63;62;72;82;82;82;
?;?;?;?;?;?;?;?;?;?;?;109;107;105;61;4;63;62;72;82;56;27;23;18;13;116;103;37;37;25;21;20;3;10;61;4;63;62;72;82;82;82;82;82;56;27;23;18;13;116;
?;?;?;?;?;?;?;?;?;?;?;37;25;21;20;3;10;61;4;56;27;23;18;13;116;103;37;37;25;21;20;3;10;61;4;63;62;72;82;82;56;27;23;18;13;116;103;115;114;20;
?;?;?;?;?;?;?;?;?;?;?;1;126;123;121;116;100;97;96;3;10;61;4;63;62;72;82;82;82;56;27;23;18;13;116;103;37;37;25;21;20;3;10;61;4;63;62;72;82;82;
?;?;?;?;?;?;?;?;?;?;?;109;107;105;61;12;27;23;18;13;116;100;97;96;3;10;61;4;56;27;23;18;13;116;103;37;37;25;21;20;3;10;61;12;27;23;18;13;116;103;
?;?;?;?;?;?;?;?;?;?;?;27;23;59;55;54;47;40;85;12;27;23;18;13;116;103;37;37;37;37;37;25;21;20;3;10;61;4;63;62;72;82;82;82;82;82;82;82;82;82;
?;?;?;?;?;?;?;?;?;?;?;11;17;14;6;103;115;114;20;3;31;26;11;17;14;6;103;37;37;25;21;20;3;10;61;4;63;62;72;82;82;82;82;82;82;82;82;82;56;27;
?;?;?;?;?;?;?;?;?;?;?;111;109;107;105;30;1;126;123;121;113;111;109;107;105;61;12;27;23;18;13;116;103;37;37;37;37;37;25;21;20;3;10;61;4;63;56;27;23;18;
?;?;?;?;?;?;?;?;?;?;?;82;82;56;27;23;18;13;116;103;37;37;37;37;37;37;37;37;37;37;37;37;25;21;20;3;10;61;4;63;62;72;82;82;82;82;82;82;82;82;
?;?;?;?;?;?;?;?;?;?;?;111;109;107;31;26;11;17;14;6;103;115;114;20;3;10;61;4;63;62;72;82;56;27;23;18;13;116;103;37;37;25;21;20;3;10;61;4;63;56;
?;?;?;?;?;?;?;?;?;?;?;97;96;3;10;61;4;63;56;27;51;46;44;58;53;49;42;39;122;103;115;114;20;3;10;30;1;126;123;121;116;103;37;25;21;20;3;10;61;4;
?;?;?;?;?;?;?;?;?;?;?;104;73;84;12;27;23;59;55;54;47;40;85;75;63;56;27;23;18;13;116;103;37;37;37;37;37;37;37;37;37;37;25;21;20;3;10;61;4;63;
?;?;?;?;?;?;?;?;?;?;?;3;10;61;4;63;56;27;23;18;13;116;103;37;37;37;37;37;37;37;37;25;21;20;3;10;61;4;63;62;72;82;82;82;82;82;82;82;82;56;
?;?;?;?;?;?;?;?;?;?;?;96;3;10;61;4;56;27;23;18;13;116;103;37;37;37;37;25;21;20;3;10;61;4;63;62;72;12;27;23;18;13;116;100;97;96;3;10;61;4;
?;?;?;?;?;?;?;?;?;?;?;97;101;87;69;65;2;37;25;21;20;3;10;61;4;63;56;27;23;18;13;113;111;109;107;105;61;4;63;62;72;82;82;82;82;82;82;82;82;82;
?;?;?;?;?;?;?;?;?;?;?;1;126;123;121;113;111;109;107;31;26;11;17;14;6;100;97;96;3;10;61;4;56;27;23;18;13;116;103;37;37;37;37;37;37;37;37;37;37;37;
?;?;?;?;?;?;?;?;?;?;?;82;82;82;82;82;82;82;82;82;82;82;82;82;56;27;23;18;13;116;103;37;37;37;37;37;37;37;37;25;21;20;3;10;61;4;56;27;23;18;
?;?;?;?;?;?;?;?;?;?;?;107;105;61;4;63;62;72;82;56;27;23;18;13;116;103;37;37;37;37;37;37;25;21;20;3;10;61;4;56;27;23;18;13;116;103;37;37;37;37;
?;?;?;?;?;?;?;?;?;?;?;38;29;36;25;21;20;3;10;30;1;126;123;121;116;103;37;25;21;20;3;10;61;4;63;62;72;82;82;56;27;23;18;13;113;111;109;107;105;30;
?;?;?;?;?;?;?;?;?;?;?;109;107;105;61;4;63;56;27;23;18;13;116;103;37;37;37;37;37;37;37;37;25;21;20;3;10;61;4;63;62;72;82;82;82;56;27;23;18;13;
?;?;?;?;?;?;?;?;?;?;?;21;70;60;69;65;2;37;37;37;25;21;20;3;10;61;4;63;62;72;12;27;23;18;13;116;103;115;114;20;3;10;61;4;63;62;72;12;27;23;
?;?;?;?;?;?;?;?;?;?;?;109;133;131;22;5;120;102;99;98;96;3;10;61;4;56;27;23;18;13;116;100;97;96;3;10;61;4;56;27;23;18;13;116;103;115;114;20;3;10;
?;?;?;?;?;?;?;?;?;?;?;116;103;37;37;37;37;37;37;37;25;21;20;3;31;26;11;17;14;113;111;109;107;105;61;4;63;62;72;12;27;23;18;13;116;103;37;37;37;25;
?;?;?;?;?;?;?;?;?;?;?;40;85;75;63;62;56;27;23;18;13;113;111;109;107;105;61;4;56;27;23;18;13;116;103;37;37;37;37;37;37;37;37;37;37;37;37;37;37;37;
?;?;?;?;?;?;?;?;?;?;?;11;17;113;111;109;107;105;61;4;56;27;23;18;13;116;103;37;37;37;37;37;25;21;20;3;10;61;4;63;62;72;82;82;56;27;23;18;13;116;
?;?;?;?;?;?;?;?;?;?;?;1;126;123;121;116;100;97;96;3;10;61;4;63;62;72;82;82;56;27;23;18;13;116;103;115;114;20;3;10;61;12;27;23;18;113;111;109;107;105;
?;?;?;?;?;?;?;?;?;?;?;11;17;14;6;103;115;114;20;3;10;61;4;63;62;72;82;82;56;27;23;18;13;113;111;109;107;105;61;4;63;62;72;82;82;82;82;82;82;56;
?;?;?;?;?;?;?;?;?;?;?;54;47;40;85;75;63;62;72;82;82;82;56;27;23;18;13;116;103;37;37;37;37;37;37;37;37;37;37;37;37;37;37;37;37;37;37;37;37;37;
?;?;?;?;?;?;?;?;?;?;?;11;17;14;6;100;97;96;3;10;61;12;27;23;18;13;116;100;97;96;3;31;26;11;17;14;6;103;115;114;20;3;10;61;4;63;62;56;27;23;
?;?;?;?;?;?;?;?;?;?;?;111;109;107;105;30;1;126;123;121;116;103;37;37;37;37;37;37;25;21;20;3;10;61;4;63;62;72;82;82;82;82;82;82;82;82;82;82;82;82;
?;?;?;?;?;?;?;?;?;?;?;62;72;82;82;56;27;23;18;13;116;103;37;25;21;20;3;10;61;4;56;27;23;18;13;116;103;37;37;37;37;25;21;20;83;71;22;5;120;102;
?;?;?;?;?;?;?;?;?;?;?;97;96;3;10;61;4;63;62;72;82;82;82;56;27;23;18;13;116;103;37;37;37;37;25;21;20;3;10;61;4;63;62;72;82;56;27;23;18;13;
?;?;?;?;?;?;?;?;?;?;?;82;82;82;82;82;82;56;27;23;18;13;116;103;37;37;37;37;37;37;37;37;37;37;37;37;37;37;37;37;37;37;37;25;21;20;3;10;61;4;
?;?;?;?;?;?;?;?;?;?;?;12;27;23;18;13;116;103;37;25;21;20;3;10;61;4;63;62;72;82;82;82;82;56;27;23;18;13;116;103;37;37;37;37;25;21;20;3;10;61;
?;?;?;?;?;?;?;?;?;?;?;56;27;23;18;13;116;103;37;37;37;37;37;37;25;21;20;3;10;61;4;63;56;27;23;18;113;111;109;107;31;26;11;17;14;6;103;37;37;37;
?;?;?;?;?;?;?;?;?;?;?;27;23;18;13;116;103;37;37;37;37;37;37;37;25;21;20;3;10;61;4;56;27;23;18;13;116;103;37;37;37;37;37;25;21;20;3;10;61;4;
?;?;?;?;?;?;?;?;?;?;?;37;37;37;37;37;37;37;37;37;37;25;21;20;3;10;61;4;56;27;23;18;13;116;100;97;96;3;10;61;4;63;62;72;82;82;82;82;82;82;
?;?;?;?;?;?;?;?;?;?;?;1;126;123;121;113;111;109;107;105;61;12;27;23;18;13;116;103;37;37;37;37;37;37;37;25;21;20;3;10;61;12;27;23;18;13;116;103;37;37;
?;?;?;?;?;?;?;?;?;?;?;109;107;105;61;4;56;27;51;46;44;34;104;73;12;27;23;18;13;116;103;37;37;37;37;37;37;25;21;20;3;10;61;4;63;56;27;23;18;113;
?;?;?;?;?;?;?;?;?;?;?;97;96;3;10;61;4;56;27;23;18;13;116;103;37;37;37;37;25;21;20;3;10;61;4;63;62;72;82;82;56;27;23;18;13;116;103;37;37;37;
?;?;?;?;?;?;?;?;?;?;?;97;96;3;10;61;12;27;23;18;113;111;109;107;105;61;4;56;27;23;59;55;54;47;40;85;75;63;56;27;23;18;13;116;103;37;37;37;37;37;
?;?;?;?;?;?;?;?;?;?;?;37;37;37;37;37;25;21;20;3;10;61;4;63;62;72;82;82;82;82;56;27;23;18;13;116;103;37;37;37;37;37;37;37;25;21;20;3;10;61;
?;?;?;?;?;?;?;?;?;?;?;23;18;13;113;111;109;107;105;61;4;63;56;27;23;18;113;111;109;107;31;26;11;17;14;6;103;37;37;37;37;37;37;37;37;37;37;37;37;37;
?;?;?;?;?;?;?;?;?;?;?;4;63;62;72;82;82;82;82;56;27;23;18;13;116;103;37;37;37;37;37;37;25;21;20;3;10;61;4;63;62;72;12;27;23;18;13;116;103;37;
?;?;?;?;?;?;?;?;?;?;?;37;37;37;37;37;37;37;37;37;37;37;37;25;21;20;3;10;61;4;63;62;72;82;82;82;82;82;82;82;82;82;82;82;82;82;82;82;82;82;
?;?;?;?;?;?;?;?;?;?;?;100;97;96;3;10;61;12;27;23;18;13;116;103;37;37;37;37;37;37;37;25;21;20;3;10;61;4;63;62;72;82;82;82;82;56;27;23;18;13;
?;?;?;?;?;?;?;?;?;?;?;105;61;12;27;23;18;13;116;103;37;37;37;37;37;37;25;21;20;3;10;61;4;63;62;72;82;56;50;45;43;33;104;73;84;12;27;23;18;13;
?;?;?;?;?;?;?;?;?;?;?;61;4;63;62;72;82;82;82;82;82;82;56;27;23;18;13;116;103;37;37;37;37;37;37;37;37;37;37;25;21;20;3;10;61;4;63;62;72;82;
?;?;?;?;?;?;?;?;?;?;?;111;109;107;105;61;12;27;23;18;13;116;103;37;37;37;37;37;37;37;25;21;20;3;10;61;4;63;62;72;82;82;82;56;27;23;18;13;116;103;
?;?;?;?;?;?;?;?;?;?;?;97;96;3;10;61;4;63;56;27;23;18;13;116;103;37;37;37;37;25;21;20;3;10;61;4;63;62;72;82;82;56;27;23;18;13;116;103;37;37;
?;?;?;?;?;?;?;?;?;?;?;97;96;3;31;26;11;17;14;6;103;37;37;37;37;37;37;37;37;25;21;20;3;10;61;4;63;62;72;82;82;82;82;82;82;82;82;82;56;27;
?;?;?;?;?;?;?;?;?;?;?;97;96;3;10;30;1;126;123;121;116;103;115;114;20;3;10;61;4;63;62;72;12;27;23;18;113;111;109;107;105;30;1;126;123;121;116;103;37;37;
?;?;?;?;?;?;?;?;?;?;?;1;126;123;121;113;111;109;107;105;61;12;27;23;18;113;111;109;107;105;61;4;56;27;23;18;13;116;103;37;37;37;25;21;20;3;10;61;4;63;
?;?;?;?;?;?;?;?;?;?;?;34;104;73;84;74;12;27;23;18;13;116;103;37;25;21;20;83;71;22;5;120;102;103;37;37;37;37;37;37;37;37;37;37;37;25;21;20;3;10;
?;?;?;?;?;?;?;?;?;?;?;20;83;71;22;5;120;113;111;109;107;105;61;4;63;62;72;82;82;82;82;82;56;27;23;18;13;116;103;37;25;21;20;3;10;61;4;63;62;72;
?;?;?;?;?;?;?;?;?;?;?;27;23;18;13;116;103;37;37;37;37;37;37;37;37;37;37;25;21;20;3;10;61;4;63;62;72;82;82;82;82;82;82;82;82;82;82;82;82;82;
?;?;?;?;?;?;?;?;?;?;?;111;109;107;105;30;1;126;123;113;111;109;107;105;61;4;56;27;23;18;13;116;103;37;37;37;37;37;37;37;37;37;37;37;37;37;37;37;37;25;
?;?;?;?;?;?;?;?;?;?;?;109;107;105;61;4;63;56;27;23;18;13;113;111;109;107;105;61;4;63;62;72;82;82;82;82;56;27;23;18;13;116;103;37;37;37;37;37;37;37;
?;?;?;?;?;?;?;?;?;?;?;37;37;37;37;37;37;25;21;20;3;10;61;4;63;62;72;82;82;82;82;82;82;82;82;56;27;23;18;13;116;100;97;96;3;10;61;4;63;56;
?;?;?;?;?;?;?;?;?;?;?;97;96;3;10;30;1;126;123;121;116;100;97;101;87;69;65;129;93;8;16;76;61;4;63;62;72;12;27;23;18;13;116;103;37;37;37;37;37;37;
?;?;?;?;?;?;?;?;?;?;?;82;82;82;82;82;56;27;23;18;13;116;103;37;37;37;37;25;21;20;3;10;61;12;27;23;18;13;116;103;37;37;25;21;20;3;10;61;4;63;
?;?;?;?;?;?;?;?;?;?;?;111;109;107;105;30;1;126;123;121;116;103;115;114;101;87;69;65;2;37;37;37;37;25;21;20;3;10;61;4;63;62;72;82;56;27;51;46;44;34;
?;?;?;?;?;?;?;?;?;?;?;111;109;107;105;61;12;27;23;18;13;116;100;97;101;87;69;65;2;113;111;109;107;105;61;4;63;56;27;23;18;13;116;103;37;37;37;37;37;37;
?;?;?;?;?;?;?;?;?;?;?;120;102;103;37;37;25;21;20;3;10;61;4;63;62;72;12;27;23;18;13;116;103;37;25;21;20;3;10;61;4;63;62;72;12;27;23;18;13;116;
?;?;?;?;?;?;?;?;?;?;?;100;97;96;3;10;61;4;63;62;72;82;82;56;27;23;18;13;116;103;37;25;21;20;3;31;26;11;17;14;6;103;37;37;37;37;37;37;37;37;
?;?;?;?;?;?;?;?;?;?;?;109;107;105;61;4;63;56;27;23;18;13;116;103;37;37;37;37;37;25;21;20;3;10;61;4;56;27;23;18;13;116;103;37;37;25;21;20;3;10;
?;?;?;?;?;?;?;?;?;?;?;1;126;123;121;116;100;97;96;3;10;61;4;63;62;72;82;82;82;56;27;23;18;13;116;103;37;25;21;20;3;10;61;4;63;62;72;82;82;82;
?;?;?;?;?;?;?;?;?;?;?;103;37;37;37;37;37;37;37;37;37;37;25;21;20;3;10;61;4;63;56;27;23;18;13;116;100;97;96;3;10;61;4;63;62;72;82;82;82;82;
?;?;?;?;?;?;?;?;?;?;?;100;97;101;87;69;65;2;37;25;21;20;3;10;30;1;126;123;121;116;100;97;96;3;10;61;4;63;62;72;82;82;82;82;56;27;23;18;13;116;
?;?;?;?;?;?;?;?;?;?;?;5;120;102;103;115;114;20;83;71;22;5;120;102;103;37;25;21;20;3;10;61;4;63;62;72;12;27;23;18;13;116;103;37;37;37;37;37;37;37;
?;?;?;?;?;?;?;?;?;?;?;4;56;50;45;43;33;104;73;12;27;23;18;13;116;103;37;25;21;20;3;10;61;12;27;23;18;13;116;103;37;37;37;25;21;20;3;10;61;4;
?;?;?;?;?;?;?;?;?;?;?;27;23;18;13;116;103;115;114;20;3;10;61;4;63;62;72;12;27;23;18;13;116;103;37;37;37;37;37;37;37;25;21;20;3;10;61;4;63;62;
?;?;?;?;?;?;?;?;?;?;?;61;4;63;62;72;82;82;56;27;23;18;13;116;103;37;37;25;21;20;3;10;61;4;63;62;72;12;27;23;18;13;116;103;37;37;37;37;37;37;
?;?;?;?;?;?;?;?;?;?;?;107;105;61;4;63;56;27;23;18;13;113;111;109;107;105;61;4;63;62;72;12;27;23;18;13;116;103;37;37;37;37;37;37;37;37;37;37;25;21;
?;?;?;?;?;?;?;?;?;?;?;126;123;121;116;103;115;114;20;3;10;61;4;56;27;23;18;13;116;103;37;37;25;21;20;3;10;61;4;63;56;27;23;18;113;111;109;107;105;61;
?;?;?;?;?;?;?;?;?;?;?;12;27;23;59;55;54;47;40;30;1;126;123;121;116;103;37;37;37;37;37;37;37;37;37;37;37;37;37;25;21;20;3;10;61;4;63;62;72;82;
?;?;?;?;?;?;?;?;?;?;?;111;109;107;105;61;4;56;50;45;43;33;104;73;84;74;12;27;23;59;55;54;47;40;85;12;27;23;18;13;116;103;37;37;37;37;37;37;37;25;
?;?;?;?;?;?;?;?;?;?;?;82;82;56;27;23;18;13;116;103;37;37;37;37;37;37;37;37;37;37;37;37;37;37;37;37;37;25;21;20;3;10;61;4;63;56;27;23;18;13;
?;?;?;?;?;?;?;?;?;?;?;126;123;121;116;103;37;25;21;20;83;71;22;59;55;54;47;40;85;75;63;62;72;82;82;82;82;82;82;56;27;23;18;13;116;100;97;96;3;10;
?;?;?;?;?;?;?;?;?;?;?;4;63;62;72;82;82;82;82;56;27;23;18;13;116;103;37;37;37;37;37;37;37;37;37;25;21;20;3;10;61;4;56;27;23;18;13;116;100;97;
?;?;?;?;?;?;?;?;?;?;?;109;107;105;61;4;63;56;50;45;43;33;104;73;12;27;23;18;13;116;103;37;25;21;20;3;31;26;11;17;14;6;103;37;37;37;37;37;37;37;
?;?;?;?;?;?;?;?;?;?;?;100;97;96;3;10;61;12;27;23;18;13;113;111;109;107;31;26;11;17;14;6;103;37;37;37;37;37;25;21;20;3;10;61;4;63;62;72;82;82;
?;?;?;?;?;?;?;?;?;?;?;111;109;133;131;22;5;120;102;103;115;114;20;3;10;61;4;63;62;72;82;82;82;82;82;56;27;23;18;13;116;103;37;37;37;37;25;21;20;3;
?;?;?;?;?;?;?;?;?;?;?;54;47;40;85;75;12;27;23;18;13;116;100;97;96;133;131;22;5;120;102;103;37;37;25;21;20;3;10;30;1;126;123;121;116;103;37;25;21;20;
?;?;?;?;?;?;?;?;?;?;?;97;96;3;31;26;11;17;14;6;100;97;96;3;10;61;4;63;62;72;82;82;82;82;82;56;27;23;18;13;116;103;115;114;20;3;10;61;4;63;
?;?;?;?;?;?;?;?;?;?;?;103;37;37;37;25;21;20;3;10;61;4;63;62;72;12;27;23;18;13;116;100;97;96;3;10;61;4;56;27;23;18;13;116;103;37;37;37;37;37;
?;?;?;?;?;?;?;?;?;?;?;54;47;40;30;1;126;123;121;116;103;37;37;37;25;21;20;3;10;61;4;63;56;27;23;18;13;116;103;37;37;37;25;21;20;3;10;61;12;27;
?;?;?;?;?;?;?;?;?;?;?;63;56;27;23;18;13;116;103;37;37;37;37;37;37;37;37;37;37;37;25;21;20;3;10;30;1;126;123;121;116;103;37;37;37;37;37;37;37;37;
?;?;?;?;?;?;?;?;?;?;?;103;37;25;21;20;3;10;61;4;63;62;56;27;23;18;13;116;103;37;37;37;37;37;37;37;37;37;25;21;20;3;10;61;4;63;62;72;82;82;
?;?;?;?;?;?;?;?;?;?;?;109;107;105;61;12;27;23;18;13;116;100;97;96;3;10;30;1;126;123;121;116;103;115;114;20;3;10;61;4;63;62;56;27;23;18;113;111;109;107;
?;?;?;?;?;?;?;?;?;?;?;27;23;18;13;116;103;37;37;37;37;37;25;21;20;3;10;61;4;63;56;27;23;18;113;111;109;107;105;61;4;63;56;27;23;18;13;116;103;37;
?;?;?;?;?;?;?;?;?;?;?;109;107;105;61;4;56;27;23;18;13;116;103;37;37;37;37;37;37;37;37;25;21;20;3;10;61;4;63;62;72;12;27;23;18;13;116;103;37;25;
?;?;?;?;?;?;?;?;?;?;?;5;120;102;99;98;96;3;10;61;4;56;27;23;18;13;113;111;109;107;105;61;4;63;56;27;23;18;13;116;103;37;25;21;20;3;10;61;4;63;
?;?;?;?;?;?;?;?;?;?;?;12;27;51;46;44;34;104;73;84;74;62;56;27;23;18;13;116;103;37;37;37;37;37;37;37;37;25;21;20;3;10;61;4;56;27;23;18;13;116;
?;?;?;?;?;?;?;?;?;?;?;37;37;25;21;20;3;10;61;4;63;56;27;23;18;13;116;103;115;114;20;3;10;61;4;63;62;56;27;23;18;13;116;103;37;37;37;37;37;37;
?;?;?;?;?;?;?;?;?;?;?;82;82;82;56;27;23;18;13;116;103;37;37;37;37;25;57;52;48;41;38;29;36;35;2;37;37;37;37;37;37;37;37;37;37;37;37;37;25;21;
?;?;?;?;?;?;?;?;?;?;?;97;96;3;10;61;4;63;56;27;23;18;13;116;103;37;37;25;21;20;3;10;61;4;63;62;72;82;82;82;82;82;82;82;82;82;82;82;82;56;
?;?;?;?;?;?;?;?;?;?;?;97;96;3;10;61;4;56;27;23;18;13;116;103;37;37;37;25;21;20;3;10;30;1;126;123;121;116;100;97;96;3;10;61;4;63;56;27;23;18;
?;?;?;?;?;?;?;?;?;?;?;5;120;102;99;98;96;3;10;61;4;63;62;72;82;82;82;82;56;27;23;18;13;116;103;37;25;21;20;3;10;61;4;63;62;72;82;82;82;82;
?;?;?;?;?;?;?;?;?;?;?;4;56;27;23;18;13;116;103;37;37;37;37;25;21;20;3;10;61;4;63;56;27;23;18;13;113;111;109;107;105;61;4;63;62;72;82;82;82;82;
?;?;?;?;?;?;?;?;?;?;?;115;114;20;3;10;61;12;27;23;18;113;111;109;107;105;61;4;63;62;72;82;82;82;82;82;82;82;82;82;82;82;56;27;23;18;13;116;103;115;
?;?;?;?;?;?;?;?;?;?;?;27;23;18;13;116;100;97;96;3;10;30;1;126;123;121;116;100;97;96;3;10;61;12;27;23;18;13;116;103;37;25;21;20;3;10;61;4;63;56;
?;?;?;?;?;?;?;?;?;?;?;107;105;61;4;63;56;27;23;18;13;116;103;37;37;37;37;37;37;37;37;25;21;20;3;10;61;4;63;62;72;82;82;82;56;27;23;18;13;116;
?;?;?;?;?;?;?;?;?;?;?;25;21;20;3;10;61;4;63;62;56;27;23;18;13;116;103;115;114;20;3;10;61;4;63;62;72;82;56;27;23;18;13;116;103;115;114;20;3;10;
?;?;?;?;?;?;?;?;?;?;?;97;96;3;10;61;4;63;62;72;82;82;82;82;82;82;56;27;23;18;13;116;103;37;37;37;37;37;37;37;37;37;37;37;37;37;37;37;37;37;
?;?;?;?;?;?;?;?;?;?;?;11;17;14;6;103;115;114;20;3;10;61;12;27;23;18;13;113;111;109;107;105;30;1;126;123;121;113;111;109;107;105;61;4;63;62;72;82;82;82;
?;?;?;?;?;?;?;?;?;?;?;11;17;14;113;111;109;107;105;61;4;56;27;23;18;13;113;111;109;107;105;61;4;63;62;72;82;82;82;56;27;23;18;13;116;103;115;114;20;3;
?;?;?;?;?;?;?;?;?;?;?;133;131;22;5;120;102;103;37;37;25;21;20;3;10;61;4;63;62;72;82;82;82;82;82;56;27;23;18;13;116;103;37;37;37;37;37;37;37;37;
?;?;?;?;?;?;?;?;?;?;?;37;37;37;37;37;37;37;37;25;21;20;3;10;61;4;63;62;72;82;82;82;82;82;82;82;82;82;82;82;82;82;82;56;27;23;18;13;113;111;
?;?;?;?;?;?;?;?;?;?;?;103;37;37;37;37;37;37;37;37;37;25;21;20;3;10;61;12;27;23;18;13;113;111;109;107;31;26;11;17;113;111;109;107;105;61;4;63;62;72;
?;?;?;?;?;?;?;?;?;?;?;11;17;14;6;103;37;37;37;37;37;37;37;37;37;37;37;25;21;20;3;10;61;4;63;62;72;82;82;82;82;82;82;82;82;82;82;82;82;82;
?;?;?;?;?;?;?;?;?;?;?;97;96;3;10;61;4;56;27;23;18;13;116;103;115;114;20;3;10;61;4;56;27;23;18;13;116;103;37;37;37;37;37;37;37;37;37;25;21;20;
?;?;?;?;?;?;?;?;?;?;?;1;126;123;121;116;103;115;114;20;83;71;22;5;113;111;109;107;105;61;4;63;62;72;82;82;82;82;82;82;56;27;23;18;13;116;103;37;37;37;
?;?;?;?;?;?;?;?;?;?;?;11;17;14;113;111;109;107;105;61;4;63;62;72;82;82;82;82;82;82;56;27;23;18;13;116;100;97;101;87;69;65;2;37;37;25;21;20;3;10;
?;?;?;?;?;?;?;?;?;?;?;25;21;70;60;69;65;2;37;37;37;37;37;25;21;20;3;10;61;4;63;62;72;82;82;82;82;82;82;82;82;82;82;82;82;82;82;82;56;27;
?;?;?;?;?;?;?;?;?;?;?;30;0;128;125;95;77;73;84;74;12;27;23;18;13;113;111;109;107;105;61;4;63;62;72;82;82;82;82;56;27;23;18;13;116;103;37;37;25;21;
?;?;?;?;?;?;?;?;?;?;?;107;105;61;12;27;23;18;13;116;100;97;96;3;10;61;4;63;62;56;27;23;18;13;116;103;37;37;37;37;37;25;21;20;3;10;61;4;63;62;
?;?;?;?;?;?;?;?;?;?;?;37;25;21;20;3;10;61;4;63;56;27;23;18;13;116;103;37;37;37;25;21;20;3;10;61;4;63;62;72;82;82;82;82;82;82;82;82;82;82;
?;?;?;?;?;?;?;?;?;?;?;126;123;121;116;100;97;96;3;10;61;4;63;62;72;82;82;82;82;56;27;23;18;13;116;103;37;37;37;37;37;37;37;25;21;20;3;10;61;4;
?;?;?;?;?;?;?;?;?;?;?;111;109;107;31;26;11;17;14;6;100;97;96;3;10;61;4;63;62;72;82;82;82;82;82;82;82;56;27;23;18;13;116;103;37;37;37;37;37;37;
?;?;?;?;?;?;?;?;?;?;?;5;120;102;103;37;37;37;37;37;37;37;37;37;37;37;37;37;37;25;21;20;3;10;61;4;63;62;72;82;82;56;27;23;59;55;54;47;40;30;
?;?;?;?;?;?;?;?;?;?;?;1;126;123;121;116;103;37;37;37;37;37;25;21;20;3;10;61;4;63;62;56;27;23;18;13;113;111;109;107;105;61;4;63;62;56;27;23;18;13;
?;?;?;?;?;?;?;?;?;?;?;97;96;3;10;61;12;27;23;18;13;116;103;37;37;37;25;21;20;3;10;61;4;63;62;72;82;82;82;82;82;82;82;82;82;82;82;82;82;56;
?;?;?;?;?;?;?;?;?;?;?;1;126;59;55;54;47;40;85;75;12;27;23;18;13;116;103;115;114;20;3;10;61;4;63;56;27;23;18;13;116;103;37;25;21;20;3;10;61;4;
?;?;?;?;?;?;?;?;?;?;?;111;109;107;105;61;4;63;62;72;82;82;82;82;56;27;23;18;13;116;103;37;37;37;37;37;37;37;37;37;37;37;37;37;37;25;21;20;3;10;
?;?;?;?;?;?;?;?;?;?;?;12;112;110;108;106;104;73;84;12;27;23;18;13;116;103;37;25;21;20;3;10;61;4;63;56;27;23;18;13;116;103;37;37;37;37;37;37;37;37;
?;?;?;?;?;?;?;?;?;?;?;111;109;107;105;61;12;27;23;59;55;54;47;40;85;75;12;27;23;18;13;116;103;37;37;37;37;37;37;37;25;21;20;3;31;26;11;17;14;6;
?;?;?;?;?;?;?;?;?;?;?;11;17;14;6;103;37;25;57;52;48;41;38;29;36;25;21;20;3;10;61;4;63;62;72;82;82;82;82;82;82;82;82;82;82;82;56;27;23;18;
?;?;?;?;?;?;?;?;?;?;?;5;120;102;103;37;37;37;37;37;37;37;37;37;37;37;37;25;21;20;3;10;61;4;63;62;72;82;82;82;82;82;82;82;82;82;82;82;82;82;
?;?;?;?;?;?;?;?;?;?;?;20;3;10;61;4;63;62;56;27;23;18;13;113;111;109;107;105;61;4;63;62;72;82;82;56;27;23;18;13;116;103;37;25;21;20;3;10;61;4;
?;?;?;?;?;?;?;?;?;?;?;82;82;82;82;82;82;82;56;27;23;18;13;116;103;37;37;37;37;37;37;25;21;20;3;10;61;4;63;62;56;27;23;18;13;116;103;37;37;37;
?;?;?;?;?;?;?;?;?;?;?;37;25;21;20;3;10;30;1;126;123;121;116;103;37;37;37;25;21;20;3;10;61;4;63;62;72;82;82;56;27;23;18;13;116;103;37;37;37;37;
?;?;?;?;?;?;?;?;?;?;?;27;23;18;13;116;103;37;37;37;37;37;37;37;37;25;21;20;3;10;61;12;27;23;18;113;111;109;107;105;61;4;63;62;56;27;23;18;13;116;
?;?;?;?;?;?;?;?;?;?;?;1;126;123;121;116;100;97;96;3;31;26;11;17;113;111;109;107;105;61;4;63;62;72;82;82;82;82;82;82;56;27;23;18;13;116;103;115;114;20;
?;?;?;?;?;?;?;?;?;?;?;1;126;123;121;116;103;37;25;21;20;3;10;61;4;63;62;72;82;56;27;23;59;55;54;47;40;85;75;63;56;27;23;18;13;116;103;115;114;20;
?;?;?;?;?;?;?;?;?;?;?;111;109;107;105;30;1;126;123;121;113;111;109;107;31;26;11;17;14;6;103;115;114;20;3;10;30;1;126;123;121;116;103;37;37;25;21;20;3;10;
?;?;?;?;?;?;?;?;?;?;?;1;126;123;121;116;100;97;96;3;10;61;4;63;62;72;82;82;82;82;82;56;27;23;18;13;116;103;37;37;37;37;37;37;37;25;21;20;3;10;
?;?;?;?;?;?;?;?;?;?;?;123;121;116;103;115;114;20;3;10;61;4;63;56;27;23;59;55;54;47;40;85;75;63;56;27;23;18;13;116;103;37;37;25;21;20;3;10;61;4;
?;?;?;?;?;?;?;?;?;?;?;111;109;107;105;30;1;126;123;121;116;103;37;37;25;57;52;48;129;93;8;16;76;61;4;63;62;72;82;82;82;82;82;82;56;27;23;18;13;116;
?;?;?;?;?;?;?;?;?;?;?;111;109;107;105;30;1;126;123;121;116;103;115;114;101;87;69;65;2;37;25;21;20;3;10;61;4;63;62;72;82;82;82;82;56;27;23;18;13;116;
?;?;?;?;?;?;?;?;?;?;?;27;23;18;13;113;111;109;107;105;61;4;63;62;72;82;56;27;23;18;13;116;103;37;37;37;37;25;21;20;3;31;26;11;17;14;113;111;109;107;
?;?;?;?;?;?;?;?;?;?;?;111;109;107;105;61;4;56;27;23;18;13;116;103;37;37;37;37;37;37;37;25;21;20;3;10;61;12;27;23;18;13;116;103;115;114;20;3;10;61;
?;?;?;?;?;?;?;?;?;?;?;109;107;105;61;12;27;23;18;13;116;100;97;96;3;10;61;12;27;23;18;13;116;103;37;37;37;37;37;37;37;37;25;21;20;3;10;61;4;63;
?;?;?;?;?;?;?;?;?;?;?;103;37;37;37;37;37;37;25;21;20;3;10;61;12;27;23;18;13;116;100;97;96;3;10;61;4;63;62;72;82;82;82;82;82;82;82;82;82;82;
?;?;?;?;?;?;?;?;?;?;?;61;4;63;62;56;27;23;18;13;116;103;37;25;21;20;3;10;61;12;27;23;18;13;116;103;37;37;37;25;21;20;3;10;61;4;63;62;72;12;
?;?;?;?;?;?;?;?;?;?;?;11;17;14;6;103;115;114;20;3;10;61;4;63;62;72;82;82;82;82;82;82;82;82;82;56;27;23;18;13;116;103;37;25;21;20;3;10;61;4;
?;?;?;?;?;?;?;?;?;?;?;97;96;3;10;61;12;27;23;59;55;54;47;40;85;75;12;27;51;46;44;34;104;73;84;74;62;72;82;82;82;82;82;82;82;82;56;27;23;18;
?;?;?;?;?;?;?;?;?;?;?;27;23;18;13;116;100;97;96;3;31;26;11;17;14;6;103;37;37;37;37;37;37;37;37;37;25;21;20;3;10;30;1;126;123;121;116;103;37;37;
?;?;?;?;?;?;?;?;?;?;?;1;126;123;121;113;111;109;107;31;26;11;17;14;113;111;109;107;105;61;4;63;56;27;23;18;13;116;103;37;37;37;37;37;37;37;37;37;25;21;
?;?;?;?;?;?;?;?;?;?;?;1;126;123;113;111;109;107;105;30;1;126;123;121;116;103;37;37;25;21;20;3;10;61;4;63;62;72;82;82;82;56;27;23;18;13;116;103;37;37;
?;?;?;?;?;?;?;?;?;?;?;109;107;31;26;11;17;14;6;100;97;96;3;10;61;4;56;27;23;18;13;116;103;37;25;21;20;3;10;61;4;63;62;72;82;82;82;82;82;56;
?;?;?;?;?;?;?;?;?;?;?;93;8;16;76;61;12;27;23;18;13;116;103;37;25;21;20;3;10;61;4;56;50;45;43;33;104;73;84;74;62;72;12;27;23;18;13;116;103;115;
?;?;?;?;?;?;?;?;?;?;?;37;25;21;70;60;69;65;2;37;25;21;20;3;10;61;4;63;62;72;82;82;82;82;82;82;82;82;82;82;82;82;82;82;82;82;82;56;27;23;
?;?;?;?;?;?;?;?;?;?;?;11;17;14;6;100;97;96;3;10;61;4;63;62;72;82;82;82;82;56;27;23;18;13;116;103;115;114;20;3;10;61;4;63;62;72;82;82;56;27;
?;?;?;?;?;?;?;?;?;?;?;61;4;63;62;56;27;23;18;13;116;103;37;37;37;37;37;37;37;25;21;20;3;10;61;4;63;62;72;82;56;27;23;18;13;116;100;97;96;3;
?;?;?;?;?;?;?;?;?;?;?;1;126;123;113;111;109;107;105;61;4;63;62;72;82;82;82;82;82;56;27;23;18;13;116;103;115;114;20;3;10;30;1;126;123;121;116;103;37;37;
?;?;?;?;?;?;?;?;?;?;?;109;107;105;61;12;27;23;18;13;113;111;109;107;105;61;4;63;62;72;82;56;27;23;18;13;116;103;37;37;37;37;37;25;21;20;3;10;61;12;
?;?;?;?;?;?;?;?;?;?;?;27;23;18;13;116;103;37;25;21;20;83;71;22;5;120;102;103;37;37;25;21;20;3;10;61;4;63;62;72;12;27;23;18;13;116;103;37;37;25;
?;?;?;?;?;?;?;?;?;?;?;115;114;20;3;10;61;4;63;56;27;23;59;55;54;47;40;85;75;63;62;72;82;82;82;56;27;23;18;13;116;103;37;37;37;37;37;37;37;37;
?;?;?;?;?;?;?;?;?;?;?;104;73;84;12;27;23;18;13;116;103;115;114;20;83;71;22;5;120;113;111;109;107;105;61;4;63;62;72;82;82;56;27;23;18;13;116;103;37;37;
?;?;?;?;?;?;?;?;?;?;?;22;5;120;102;103;37;37;37;37;37;37;37;37;37;25;21;20;3;10;61;4;63;62;72;82;56;27;23;18;13;116;103;37;37;37;25;21;20;3;
?;?;?;?;?;?;?;?;?;?;?;1;126;123;113;111;109;107;105;30;1;126;123;121;116;103;115;114;20;3;10;61;4;63;62;56;27;23;18;13;116;103;115;114;20;3;10;61;4;63;
?;?;?;?;?;?;?;?;?;?;?;22;5;120;102;103;37;25;21;20;3;10;61;12;27;51;46;44;34;104;73;84;74;62;72;82;82;82;82;82;82;82;82;82;82;82;82;82;82;82;
?;?;?;?;?;?;?;?;?;?;?;97;96;3;10;61;12;27;23;18;13;116;100;97;96;133;131;22;5;113;111;109;107;105;61;4;56;27;23;18;13;113;111;109;107;105;61;4;63;62;
?;?;?;?;?;?;?;?;?;?;?;111;109;107;105;30;1;126;123;121;116;103;37;37;37;37;37;37;37;37;25;21;20;3;10;61;4;63;62;72;82;82;82;56;27;23;18;13;116;103;
?;?;?;?;?;?;?;?;?;?;?;103;37;37;37;37;37;37;37;37;25;21;20;3;10;61;12;27;23;18;13;116;103;37;37;37;37;25;21;20;3;10;61;4;63;62;72;82;56;27;
?;?;?;?;?;?;?;?;?;?;?;1;126;123;121;113;111;109;107;105;61;4;63;62;72;82;82;82;82;82;82;56;27;23;18;113;111;109;107;105;30;1;126;123;113;111;109;107;105;61;
?;?;?;?;?;?;?;?;?;?;?;37;37;37;37;37;37;25;21;20;3;10;61;4;63;56;27;23;18;13;116;100;97;96;3;10;61;4;63;62;56;27;23;18;13;116;103;37;37;37;
?;?;?;?;?;?;?;?;?;?;?;56;27;23;18;113;111;109;107;31;26;11;17;14;6;103;37;25;21;20;3;10;61;4;56;27;23;18;13;116;103;37;37;37;37;37;37;37;37;25;
?;?;?;?;?;?;?;?;?;?;?;37;37;37;37;37;37;37;37;37;37;37;25;21;20;3;10;61;4;63;62;72;82;82;82;82;82;82;82;82;82;82;82;82;82;82;82;82;82;82;
?;?;?;?;?;?;?;?;?;?;?;4;63;62;72;82;56;27;23;18;13;116;103;37;37;25;21;20;3;10;61;4;63;62;72;82;82;56;27;23;18;13;116;103;37;37;37;25;21;20;
?;?;?;?;?;?;?;?;?;?;?;1;126;123;121;116;103;37;37;37;37;37;37;25;21;20;3;10;61;4;56;27;23;18;13;113;111;109;107;105;61;4;63;62;72;82;82;82;82;82;
?;?;?;?;?;?;?;?;?;?;?;1;126;123;113;111;109;107;105;61;4;56;27;23;18;13;116;103;37;37;37;37;37;37;37;25;21;20;3;10;61;4;63;56;27;23;18;13;116;103;
?;?;?;?;?;?;?;?;?;?;?;1;126;123;121;113;111;109;107;105;61;4;63;56;27;23;18;13;116;103;37;37;37;37;25;21;20;3;10;61;4;56;27;23;18;13;116;103;37;25;
?;?;?;?;?;?;?;?;?;?;?;37;37;37;37;37;25;21;20;3;10;61;4;63;62;56;27;23;18;13;116;103;37;37;37;37;37;25;21;20;3;10;61;4;63;62;72;82;82;82;
?;?;?;?;?;?;?;?;?;?;?;37;25;21;20;3;10;61;4;63;62;72;82;82;82;82;82;82;82;82;82;82;82;82;82;82;82;56;27;23;18;13;113;111;109;107;105;61;4;63;
?;?;?;?;?;?;?;?;?;?;?;103;37;37;37;37;25;21;20;3;10;61;4;63;62;56;27;23;18;13;116;103;115;114;20;3;10;61;4;63;62;72;82;56;27;23;18;13;116;100;
?;?;?;?;?;?;?;?;?;?;?;17;14;6;103;37;25;21;20;3;31;26;11;59;55;54;47;40;85;75;12;27;23;59;55;54;47;40;85;75;63;56;27;23;18;13;113;111;109;107;
?;?;?;?;?;?;?;?;?;?;?;111;109;107;105;61;4;63;56;27;23;18;13;116;103;37;37;37;37;37;25;21;20;3;10;61;4;56;27;23;18;13;116;103;37;37;37;37;37;37;
?;?;?;?;?;?;?;?;?;?;?;65;2;113;111;109;107;105;61;4;63;62;56;27;23;18;13;116;103;37;37;37;37;37;37;25;21;20;3;10;61;4;56;27;23;18;13;116;103;37;
?;?;?;?;?;?;?;?;?;?;?;1;126;123;121;113;111;109;107;31;26;11;17;14;6;100;97;96;3;31;26;11;17;14;6;103;37;37;25;21;20;3;10;61;4;63;62;56;27;23;
?;?;?;?;?;?;?;?;?;?;?;103;115;57;52;48;41;118;92;91;68;64;81;4;56;27;23;18;13;116;100;97;96;3;10;61;4;63;62;72;12;27;23;18;13;116;103;37;25;21;
?;?;?;?;?;?;?;?;?;?;?;11;17;14;6;100;97;96;3;10;61;4;63;62;72;82;82;82;82;82;82;82;56;27;23;18;13;116;103;37;37;37;37;37;25;21;20;3;10;61;
?;?;?;?;?;?;?;?;?;?;?;11;17;14;6;100;97;96;3;10;61;4;56;27;23;18;13;116;103;115;114;20;3;10;61;4;63;62;72;82;82;56;27;23;18;13;116;103;37;37;
?;?;?;?;?;?;?;?;?;?;?;11;17;14;113;111;109;107;105;30;1;126;123;121;116;103;115;114;20;3;10;61;4;63;62;56;27;23;18;13;116;103;37;37;25;21;20;3;10;61;
?;?;?;?;?;?;?;?;?;?;?;63;62;72;82;82;82;82;82;82;56;27;23;18;13;116;103;37;37;37;37;37;37;37;37;37;37;37;37;37;37;37;37;37;37;37;37;37;37;37;