?;?;?;?;?;?;?;?;?;?;4;19;17;16;26;25;23;22;33;4;4;4;4;4;4;4;4;4;4;19;17;16;13;11;39;20;20;20;18;15;6;3;8;4;4;4;19;17;16;13;
?;?;?;?;?;?;?;?;?;?;21;4;4;4;4;4;4;4;4;4;4;4;4;19;17;16;13;11;39;20;20;20;20;20;18;15;6;3;44;10;42;41;40;39;20;20;20;20;20;18;
?;?;?;?;?;?;?;?;?;?;6;3;8;4;4;4;4;4;19;17;16;13;11;39;20;20;20;18;15;6;3;8;4;4;4;4;4;4;4;4;19;17;16;13;11;39;20;20;20;20;
?;?;?;?;?;?;?;?;?;?;35;34;21;4;4;19;17;16;13;11;39;20;20;18;15;6;3;8;4;4;4;4;4;4;19;17;16;13;11;39;20;20;20;20;20;20;18;15;6;3;
?;?;?;?;?;?;?;?;?;?;4;4;4;19;17;16;13;11;39;20;20;20;20;20;20;20;20;20;20;20;20;20;20;18;15;6;3;8;4;4;4;4;4;4;19;17;16;13;11;39;
?;?;?;?;?;?;?;?;?;?;20;18;15;32;43;9;5;38;36;35;34;21;4;4;4;4;19;17;16;13;11;38;36;35;34;21;4;4;4;4;4;4;19;17;16;13;11;39;20;20;
?;?;?;?;?;?;?;?;?;?;9;5;2;24;38;36;35;34;21;4;4;4;19;26;25;23;22;33;4;4;4;4;19;17;16;13;11;39;20;20;20;20;20;20;18;15;6;3;8;4;
?;?;?;?;?;?;?;?;?;?;4;19;17;16;13;11;38;36;35;34;21;4;4;4;4;4;4;19;17;16;13;11;39;20;20;20;20;18;31;29;28;27;2;24;20;20;20;20;20;20;
?;?;?;?;?;?;?;?;?;?;25;23;22;33;44;10;42;41;40;39;20;20;18;15;6;3;8;4;4;19;17;16;13;11;39;20;20;20;20;20;20;20;20;20;18;15;6;32;43;9;
?;?;?;?;?;?;?;?;?;?;1;30;42;41;38;36;35;34;21;4;19;17;16;13;11;39;37;36;35;32;43;9;5;2;38;36;35;34;21;4;4;4;19;17;16;13;11;38;36;35;
?;?;?;?;?;?;?;?;?;?;10;42;41;40;39;20;18;15;6;3;8;4;4;4;4;4;4;4;4;4;4;4;19;17;16;13;11;39;37;36;32;43;9;5;2;24;20;20;20;20;
?;?;?;?;?;?;?;?;?;?;4;4;4;4;4;19;17;16;13;11;39;20;20;20;18;15;6;3;8;4;4;4;4;4;4;4;4;19;17;16;13;11;39;20;20;18;15;6;3;8;
?;?;?;?;?;?;?;?;?;?;1;30;42;41;40;39;20;20;20;20;20;20;20;20;18;15;6;3;8;1;30;42;41;38;36;35;34;21;4;4;4;4;4;4;19;17;16;13;11;39;
?;?;?;?;?;?;?;?;?;?;21;1;30;42;41;40;39;20;18;15;6;3;8;4;4;4;4;4;4;4;19;17;16;13;11;39;20;20;20;20;20;20;18;15;6;3;8;4;4;19;
?;?;?;?;?;?;?;?;?;?;23;22;33;4;4;4;4;4;19;17;16;13;11;39;20;20;20;20;20;18;15;6;32;43;9;5;2;24;20;20;18;15;6;3;8;4;4;4;4;4;
?;?;?;?;?;?;?;?;?;?;39;20;20;18;15;6;3;8;4;4;4;19;17;16;13;11;39;20;20;18;15;6;3;8;4;4;19;17;16;26;25;23;22;33;4;4;4;4;4;19;
?;?;?;?;?;?;?;?;?;?;1;30;42;41;40;39;20;20;20;20;20;20;18;15;6;3;8;4;4;4;19;17;16;13;11;39;20;18;15;6;3;8;4;4;4;4;4;4;4;4;
?;?;?;?;?;?;?;?;?;?;19;17;16;13;11;38;36;35;34;21;1;30;42;41;40;39;37;36;32;43;9;5;2;24;20;20;20;18;15;32;43;9;5;2;24;20;18;15;6;3;
?;?;?;?;?;?;?;?;?;?;10;42;41;40;39;20;20;18;15;6;3;8;4;4;4;4;4;4;4;4;4;4;19;17;16;13;11;39;20;20;18;15;6;3;8;4;4;4;4;4;
?;?;?;?;?;?;?;?;?;?;38;36;35;34;44;10;42;41;40;39;37;36;35;34;44;10;42;41;40;39;20;18;15;6;3;8;4;4;4;4;4;4;4;4;4;4;4;19;17;26;
?;?;?;?;?;?;?;?;?;?;39;20;20;20;20;20;20;20;20;20;18;15;6;3;8;4;4;4;4;4;19;17;16;13;11;39;20;20;20;20;18;15;6;3;8;4;4;4;4;4;
?;?;?;?;?;?;?;?;?;?;10;42;41;40;39;20;20;18;15;6;3;8;4;4;4;4;4;4;4;19;17;16;13;11;39;20;20;18;15;6;3;8;4;4;4;4;4;4;19;17;
?;?;?;?;?;?;?;?;?;?;1;30;42;41;40;38;36;35;34;21;4;4;4;4;4;4;4;4;4;4;4;4;4;4;4;4;19;17;16;13;11;39;20;20;20;18;15;6;3;8;
?;?;?;?;?;?;?;?;?;?;3;8;4;4;4;4;4;4;4;4;19;17;16;13;11;39;20;20;20;20;20;20;20;20;20;20;18;15;6;3;8;4;4;4;4;19;17;16;13;11;
?;?;?;?;?;?;?;?;?;?;4;19;17;16;13;11;39;20;20;20;18;15;6;3;8;4;4;4;4;4;19;17;16;13;11;39;20;20;18;15;6;3;8;4;4;4;4;4;4;4;
?;?;?;?;?;?;?;?;?;?;1;30;42;41;38;36;35;34;21;4;19;17;16;13;11;39;37;36;35;34;44;10;42;41;40;39;20;20;20;20;20;20;20;18;15;6;3;8;4;4;
?;?;?;?;?;?;?;?;?;?;38;36;35;34;44;10;42;41;40;39;37;36;35;34;21;4;4;4;4;4;4;4;4;4;4;19;17;16;13;38;36;35;34;21;4;4;4;4;4;4;
?;?;?;?;?;?;?;?;?;?;15;6;3;8;4;4;19;17;16;13;38;36;35;34;21;4;4;4;4;4;4;19;17;16;13;11;39;20;20;20;20;20;18;15;6;3;8;4;4;4;
?;?;?;?;?;?;?;?;?;?;20;20;20;18;15;6;3;8;4;4;4;19;17;16;13;11;39;37;36;35;34;21;4;4;4;4;19;17;16;13;38;36;35;34;21;4;4;4;4;19;
?;?;?;?;?;?;?;?;?;?;4;4;4;4;4;4;4;4;4;19;17;16;13;11;39;20;20;20;20;20;20;20;20;20;20;20;20;20;20;20;20;20;18;15;6;3;8;4;4;4;
?;?;?;?;?;?;?;?;?;?;38;36;35;34;21;1;30;42;41;40;39;20;20;18;15;6;3;8;4;4;4;4;4;4;19;17;16;13;11;39;20;20;20;20;20;20;20;20;20;20;
?;?;?;?;?;?;?;?;?;?;4;4;4;4;4;4;4;4;19;17;16;13;11;39;20;20;20;18;15;6;3;8;1;30;42;41;40;39;20;20;20;20;18;15;6;3;8;4;4;4;
?;?;?;?;?;?;?;?;?;?;4;4;4;4;4;4;4;4;4;4;4;19;17;16;13;11;39;20;20;18;31;29;28;27;2;24;20;20;20;20;20;20;20;20;20;20;20;20;20;18;
?;?;?;?;?;?;?;?;?;?;1;30;42;41;40;38;36;35;34;44;10;42;41;40;39;20;18;15;6;3;8;4;4;4;4;4;4;4;4;4;4;19;17;16;13;11;39;20;20;18;
?;?;?;?;?;?;?;?;?;?;37;36;35;34;21;4;4;4;4;4;4;4;4;4;19;17;16;13;11;39;37;36;35;34;21;4;4;19;17;16;13;11;39;20;20;20;20;20;20;18;
?;?;?;?;?;?;?;?;?;?;39;20;18;15;6;3;8;4;4;4;4;4;4;4;4;19;17;16;13;11;39;20;20;20;20;20;20;20;20;20;20;20;18;15;6;3;8;4;4;4;
?;?;?;?;?;?;?;?;?;?;9;5;2;24;20;20;20;20;20;20;20;20;20;18;15;6;3;8;4;4;4;4;4;4;4;4;4;4;4;4;4;4;4;4;4;19;17;16;13;11;
?;?;?;?;?;?;?;?;?;?;39;37;36;35;34;44;10;42;41;38;36;35;34;21;1;30;42;26;25;23;22;33;4;4;4;4;19;17;16;13;11;39;20;20;18;15;6;3;8;4;
?;?;?;?;?;?;?;?;?;?;41;40;39;20;20;18;15;6;3;8;4;4;19;17;16;13;11;39;20;20;18;15;6;3;8;4;4;4;19;17;16;13;11;39;20;20;18;15;6;3;
?;?;?;?;?;?;?;?;?;?;39;20;18;15;6;3;8;4;4;4;4;4;19;17;16;13;11;38;36;35;34;21;4;4;4;4;4;4;4;4;4;19;17;16;13;11;39;20;20;20;
?;?;?;?;?;?;?;?;?;?;36;35;34;21;4;19;17;16;13;11;39;20;20;20;20;20;20;18;15;6;3;8;4;4;4;4;4;4;4;4;4;4;4;4;4;19;17;16;13;11;
?;?;?;?;?;?;?;?;?;?;37;36;35;34;44;10;42;41;40;39;20;18;15;6;3;8;1;30;26;25;23;22;33;4;4;4;4;4;4;4;4;4;4;4;19;17;16;13;11;39;
?;?;?;?;?;?;?;?;?;?;21;4;4;4;4;4;4;4;4;19;17;16;13;11;39;20;20;20;20;20;20;20;20;20;20;20;18;15;6;3;8;4;4;4;4;4;4;4;4;4;
?;?;?;?;?;?;?;?;?;?;4;19;17;16;26;25;23;22;33;4;4;19;17;16;13;11;39;20;18;15;6;3;8;1;30;42;41;40;39;20;20;20;20;20;20;20;20;20;20;20;
?;?;?;?;?;?;?;?;?;?;1;30;42;41;40;39;37;36;35;34;21;1;30;42;41;40;39;20;20;20;20;18;15;6;3;8;4;4;4;4;4;4;4;4;4;4;4;4;4;4;
?;?;?;?;?;?;?;?;?;?;10;42;41;40;39;37;36;35;34;21;4;4;19;17;16;13;11;39;37;36;35;34;21;4;4;4;19;17;16;13;11;39;20;20;18;15;6;3;8;4;
?;?;?;?;?;?;?;?;?;?;39;37;36;35;34;44;10;42;41;40;39;20;20;18;15;6;3;8;4;4;4;4;4;4;4;19;17;16;13;11;39;20;20;20;18;15;6;3;8;4;
?;?;?;?;?;?;?;?;?;?;4;4;19;17;16;26;25;32;43;9;5;2;24;20;20;18;15;6;32;43;9;5;2;24;20;20;20;20;20;18;15;6;3;8;4;4;4;4;4;4;
?;?;?;?;?;?;?;?;?;?;36;35;34;21;1;30;42;41;40;39;20;20;20;20;20;20;20;20;20;20;18;15;6;3;8;4;4;4;4;4;19;17;16;13;38;36;35;34;21;4;
?;?;?;?;?;?;?;?;?;?;39;20;20;20;18;15;6;3;8;4;4;4;4;4;4;4;4;4;4;19;17;16;13;38;36;35;34;21;4;19;17;16;13;11;39;20;20;20;20;20;
?;?;?;?;?;?;?;?;?;?;20;20;20;20;20;20;20;20;20;20;20;20;18;15;6;3;8;4;4;4;4;4;4;4;4;4;4;4;19;17;16;13;11;38;36;35;34;21;4;4;
?;?;?;?;?;?;?;?;?;?;20;18;15;6;3;8;4;4;4;19;17;16;13;11;39;20;20;20;18;15;6;3;8;4;4;4;4;4;4;4;4;4;4;4;4;4;4;4;4;4;
?;?;?;?;?;?;?;?;?;?;20;20;20;18;15;6;3;8;4;4;4;4;19;17;16;13;38;36;35;34;21;4;4;4;4;4;4;4;4;4;4;4;4;4;4;4;4;4;4;4;
?;?;?;?;?;?;?;?;?;?;19;17;16;13;11;39;20;20;20;20;20;20;20;20;18;15;6;3;8;4;4;4;4;4;19;17;16;13;11;39;20;18;15;6;3;8;4;4;4;4;
?;?;?;?;?;?;?;?;?;?;15;6;3;8;4;4;4;4;4;4;4;19;17;16;13;38;36;35;34;21;4;4;4;19;17;16;13;38;36;35;34;21;4;4;4;4;4;4;4;4;
?;?;?;?;?;?;?;?;?;?;10;42;41;40;39;37;36;35;34;21;4;19;17;16;26;25;23;22;33;4;19;17;16;13;11;39;37;36;35;34;21;4;4;4;4;4;4;19;17;16;
?;?;?;?;?;?;?;?;?;?;38;36;35;34;21;1;30;42;41;40;39;20;20;20;20;18;15;6;3;8;4;4;4;4;4;19;17;16;13;11;39;20;18;15;6;32;43;9;5;2;
?;?;?;?;?;?;?;?;?;?;38;36;35;34;21;4;4;19;17;26;25;23;22;33;44;10;42;41;40;39;20;20;20;20;20;20;20;20;20;20;20;18;15;6;3;8;4;4;4;4;
?;?;?;?;?;?;?;?;?;?;4;4;4;19;17;16;13;11;39;20;18;15;6;32;43;9;5;2;24;20;20;20;20;20;20;20;18;15;6;3;8;1;30;42;41;40;39;20;20;18;
?;?;?;?;?;?;?;?;?;?;22;33;4;4;4;4;4;4;4;4;4;4;4;4;4;4;4;4;4;4;19;17;16;13;11;39;20;20;20;20;20;20;20;20;20;20;20;20;20;20;
?;?;?;?;?;?;?;?;?;?;27;2;24;20;18;15;6;3;8;4;4;4;4;19;17;16;13;11;39;20;20;18;15;6;3;8;4;4;4;4;4;4;4;4;4;4;4;4;4;4;
?;?;?;?;?;?;?;?;?;?;36;35;34;21;4;19;17;16;13;11;39;37;36;35;34;21;1;30;42;41;40;38;36;35;34;21;1;30;42;26;25;23;22;33;4;4;4;4;4;4;
?;?;?;?;?;?;?;?;?;?;36;35;34;21;4;19;17;16;13;11;39;37;36;35;34;21;1;30;42;41;40;39;20;20;20;20;20;20;20;20;20;18;15;6;3;8;4;4;4;4;
?;?;?;?;?;?;?;?;?;?;4;19;17;16;13;11;39;20;20;20;20;20;20;20;20;18;15;6;3;8;1;30;42;41;40;38;36;35;34;21;4;4;19;17;16;13;11;39;37;36;
?;?;?;?;?;?;?;?;?;?;38;36;35;34;21;1;30;42;41;40;39;37;36;35;34;21;4;4;4;4;4;4;4;4;4;4;19;17;16;13;38;36;35;34;21;1;30;42;41;40;
?;?;?;?;?;?;?;?;?;?;1;30;42;41;40;39;20;20;18;15;6;3;8;4;4;4;19;17;16;13;11;39;20;20;18;15;6;3;8;4;4;4;4;19;17;16;13;11;39;20;
?;?;?;?;?;?;?;?;?;?;30;42;41;40;39;37;36;35;34;21;1;30;42;41;38;36;35;34;21;4;4;19;17;16;13;11;39;20;20;20;20;20;18;15;6;3;8;4;4;4;
?;?;?;?;?;?;?;?;?;?;19;17;16;13;11;38;36;35;34;44;10;42;41;40;39;37;36;35;34;21;1;30;42;26;25;23;22;33;4;4;4;19;17;16;13;11;38;36;35;34;
?;?;?;?;?;?;?;?;?;?;19;17;16;13;11;39;37;36;35;34;44;10;42;41;40;39;37;36;35;34;21;1;30;42;41;40;38;36;35;34;21;4;19;17;16;13;11;39;20;20;
?;?;?;?;?;?;?;?;?;?;4;4;4;4;4;4;4;4;4;4;4;4;4;19;17;16;13;11;39;20;20;20;20;20;20;20;20;20;20;20;20;20;20;20;20;20;20;20;18;15;
?;?;?;?;?;?;?;?;?;?;10;42;41;40;39;37;36;35;34;21;4;4;4;19;17;16;13;11;39;20;20;20;20;18;15;6;3;8;4;4;19;17;16;13;11;39;20;18;15;6;
?;?;?;?;?;?;?;?;?;?;3;8;4;4;19;17;16;13;11;39;20;20;20;18;15;6;3;8;4;4;4;4;4;4;19;17;16;13;11;39;20;20;20;18;15;6;3;8;4;4;
?;?;?;?;?;?;?;?;?;?;36;35;34;21;4;4;19;17;16;13;11;39;20;20;20;20;20;18;15;6;3;8;4;4;4;19;17;16;13;11;39;20;20;20;18;15;6;3;8;4;
?;?;?;?;?;?;?;?;?;?;30;42;41;40;39;37;36;35;34;21;4;19;17;16;13;11;39;37;36;35;34;44;10;42;41;40;39;20;20;20;18;15;6;3;8;4;4;4;4;4;
?;?;?;?;?;?;?;?;?;?;38;36;35;34;21;1;30;42;41;38;36;35;34;21;4;4;4;4;19;17;16;13;11;39;20;20;20;20;18;15;32;43;9;5;2;24;20;20;20;20;
?;?;?;?;?;?;?;?;?;?;3;44;10;42;41;40;39;20;20;20;18;15;6;3;8;4;4;4;4;4;4;4;4;4;4;4;4;4;4;4;4;4;4;4;4;4;4;4;4;4;
?;?;?;?;?;?;?;?;?;?;37;36;35;34;44;10;42;41;40;39;37;36;35;34;21;4;4;4;4;4;19;17;16;13;11;39;37;36;35;34;21;1;30;42;41;40;39;20;20;20;
?;?;?;?;?;?;?;?;?;?;36;35;34;21;4;4;19;17;16;13;11;39;20;20;20;20;20;20;20;18;15;6;3;8;4;4;4;4;4;4;4;4;4;19;17;16;13;11;39;20;
?;?;?;?;?;?;?;?;?;?;38;36;35;34;21;4;19;17;16;13;38;36;35;34;44;10;42;41;40;39;20;20;20;18;15;6;3;8;4;4;4;4;4;19;17;16;13;11;39;20;
?;?;?;?;?;?;?;?;?;?;10;42;41;40;39;37;36;35;34;21;4;19;17;16;13;11;39;20;18;15;6;3;8;4;4;4;4;4;4;4;4;4;4;19;17;16;13;11;39;20;
?;?;?;?;?;?;?;?;?;?;37;36;35;34;21;4;4;4;19;17;16;13;11;39;20;20;20;20;18;15;6;3;8;4;4;4;4;19;17;16;13;11;39;20;20;20;20;20;20;20;
?;?;?;?;?;?;?;?;?;?;36;35;34;21;4;19;17;16;13;11;39;20;18;15;6;3;8;4;4;4;4;4;4;4;4;4;4;4;4;4;4;4;19;17;16;13;11;39;20;20;
?;?;?;?;?;?;?;?;?;?;4;19;17;16;13;38;36;35;34;21;4;4;19;17;16;13;11;39;20;20;20;20;18;15;6;3;8;4;4;4;19;17;16;13;11;39;20;20;20;20;
?;?;?;?;?;?;?;?;?;?;39;20;20;20;20;20;20;18;15;6;3;8;4;4;4;4;19;17;16;13;11;39;37;36;35;34;21;4;4;4;4;4;4;4;19;17;16;13;11;39;
?;?;?;?;?;?;?;?;?;?;38;36;35;34;21;4;19;17;16;13;11;38;36;35;34;21;4;4;4;4;4;4;4;4;4;4;4;19;17;16;13;11;39;20;20;20;20;20;20;20;
?;?;?;?;?;?;?;?;?;?;39;37;36;35;34;21;1;30;42;41;38;36;35;34;21;4;19;17;16;26;25;23;22;33;4;4;19;17;16;26;25;23;22;33;4;4;4;4;19;17;
?;?;?;?;?;?;?;?;?;?;10;42;41;40;39;37;36;35;34;21;4;4;4;4;4;4;4;4;4;4;4;19;17;16;13;11;39;20;18;15;6;3;8;4;4;4;19;17;16;13;
?;?;?;?;?;?;?;?;?;?;20;20;20;20;20;20;20;20;20;18;15;6;3;8;4;4;4;4;4;4;19;17;16;13;11;39;37;36;35;34;21;4;4;4;4;4;4;4;19;17;
?;?;?;?;?;?;?;?;?;?;1;30;42;41;40;38;36;35;34;44;10;42;41;40;39;37;36;35;34;21;4;4;4;4;19;17;16;13;11;39;20;20;20;20;20;20;20;20;20;20;
?;?;?;?;?;?;?;?;?;?;39;37;36;32;43;9;5;2;24;38;36;35;34;21;1;30;42;41;40;39;20;20;20;18;15;6;3;8;4;4;4;19;17;16;13;11;39;37;36;35;
?;?;?;?;?;?;?;?;?;?;16;13;38;36;35;34;21;4;4;19;17;16;13;11;39;20;20;18;15;6;3;8;4;4;4;4;4;19;17;16;13;11;39;20;20;20;20;20;20;20;
?;?;?;?;?;?;?;?;?;?;20;20;20;18;15;6;3;8;4;4;4;4;4;19;17;16;13;38;36;35;34;21;4;4;4;4;19;17;16;13;11;39;20;18;15;6;3;8;1;30;
?;?;?;?;?;?;?;?;?;?;4;19;17;16;13;11;39;37;36;35;34;21;4;4;4;4;4;4;4;4;19;17;16;13;11;39;20;20;20;20;20;20;20;20;20;20;20;20;20;20;
?;?;?;?;?;?;?;?;?;?;39;37;36;35;34;44;10;42;41;40;39;37;36;35;34;44;10;42;41;40;38;36;35;34;21;4;4;4;4;19;17;26;25;23;22;33;4;4;4;4;
?;?;?;?;?;?;?;?;?;?;19;17;16;13;11;39;20;20;18;31;29;28;27;2;24;20;18;15;6;3;44;10;42;41;40;39;20;20;20;20;18;15;6;3;8;4;4;4;4;4;
?;?;?;?;?;?;?;?;?;?;19;17;16;13;11;39;37;36;35;34;44;10;42;41;40;39;20;20;20;20;20;20;20;20;18;15;6;3;8;4;4;4;4;4;4;4;4;4;4;4;
?;?;?;?;?;?;?;?;?;?;1;30;42;41;38;36;35;34;21;1;30;42;41;40;39;37;36;35;34;21;4;4;4;4;19;17;16;13;11;39;20;20;20;20;20;20;20;20;20;20;
?;?;?;?;?;?;?;?;?;?;36;35;34;21;4;4;19;17;16;13;11;39;37;36;35;34;21;4;4;4;4;4;4;19;17;16;13;11;39;20;20;20;20;20;20;20;20;20;20;18;
?;?;?;?;?;?;?;?;?;?;4;19;17;16;13;11;39;20;18;15;6;32;43;9;5;2;24;20;20;20;20;20;20;20;20;18;15;6;3;8;4;4;4;4;4;4;19;17;16;13;
?;?;?;?;?;?;?;?;?;?;36;35;34;21;4;4;4;19;26;25;23;22;33;4;4;19;17;16;13;11;39;20;20;20;20;20;20;20;20;20;20;20;20;20;20;18;15;6;3;8;
?;?;?;?;?;?;?;?;?;?;39;37;36;35;34;21;1;30;42;41;38;36;35;34;44;10;42;41;40;39;20;20;20;20;20;20;18;15;6;3;8;4;4;4;4;4;19;17;16;13;
?;?;?;?;?;?;?;?;?;?;4;4;4;4;4;19;17;16;13;11;39;20;20;20;20;20;20;20;18;15;6;3;8;1;30;42;41;40;39;20;20;20;20;18;15;6;3;8;4;4;
?;?;?;?;?;?;?;?;?;?;9;5;2;24;20;20;20;18;15;6;3;8;4;4;4;4;4;4;4;4;19;17;16;13;11;39;20;20;20;20;18;15;6;3;8;4;4;4;4;4;
?;?;?;?;?;?;?;?;?;?;4;4;4;4;4;19;17;16;13;11;39;20;20;20;20;20;20;20;20;20;20;20;20;20;20;20;20;20;20;20;18;15;6;3;8;4;4;4;4;4;
?;?;?;?;?;?;?;?;?;?;20;18;15;6;3;8;1;30;42;41;40;39;37;36;35;34;21;4;4;4;4;4;4;4;19;17;16;13;11;39;37;36;35;34;21;4;4;4;4;4;
?;?;?;?;?;?;?;?;?;?;38;36;35;34;21;1;30;42;41;40;39;20;20;20;20;20;20;20;18;15;6;32;43;0;7;14;12;4;4;4;4;4;4;4;4;4;4;4;4;4;
?;?;?;?;?;?;?;?;?;?;38;36;35;34;21;4;4;4;4;4;4;4;4;4;4;19;17;16;13;11;39;20;20;20;20;20;20;20;20;20;20;20;20;18;15;6;3;8;4;4;
?;?;?;?;?;?;?;?;?;?;1;30;42;41;40;38;36;35;34;21;4;4;4;19;17;26;25;23;22;33;4;4;4;4;4;4;4;19;17;16;13;11;39;20;20;20;20;20;20;20;
?;?;?;?;?;?;?;?;?;?;19;17;16;13;11;39;20;20;20;20;20;20;20;20;20;18;15;6;3;8;1;30;42;26;25;23;22;33;4;4;4;4;4;4;4;4;19;17;16;13;
?;?;?;?;?;?;?;?;?;?;36;35;34;21;4;19;17;16;13;11;38;36;35;34;21;4;19;17;16;13;38;36;35;34;21;4;4;4;19;17;16;13;11;39;20;20;18;15;6;3;
?;?;?;?;?;?;?;?;?;?;4;19;17;16;13;38;36;35;32;43;9;5;2;24;20;20;20;20;20;20;20;20;20;20;18;15;6;3;8;4;4;4;4;4;4;4;4;4;19;17;
?;?;?;?;?;?;?;?;?;?;4;19;17;16;13;38;36;35;34;21;4;19;17;26;25;23;22;33;4;19;17;16;13;11;39;20;20;18;15;6;3;8;4;4;4;4;4;4;4;19;
?;?;?;?;?;?;?;?;?;?;15;6;3;44;10;42;41;40;39;20;20;18;15;6;3;8;4;4;4;4;4;19;17;16;13;11;39;20;18;15;6;3;8;4;4;4;4;4;4;4;
?;?;?;?;?;?;?;?;?;?;1;30;42;41;40;38;36;35;34;21;4;4;19;17;16;13;11;39;20;20;20;20;18;15;6;3;8;4;4;19;17;16;13;11;39;20;20;18;15;6;
?;?;?;?;?;?;?;?;?;?;4;19;17;16;13;11;39;20;20;18;15;6;3;8;4;4;4;4;4;4;4;19;17;16;13;11;39;20;20;20;20;20;20;20;18;15;6;32;43;9;
?;?;?;?;?;?;?;?;?;?;39;37;36;35;34;21;4;19;17;16;13;11;39;20;20;20;18;15;6;3;8;4;4;4;4;4;19;17;16;13;11;39;37;36;32;43;9;5;2;24;
?;?;?;?;?;?;?;?;?;?;30;42;41;40;38;36;35;34;21;1;30;42;41;40;39;20;20;20;20;20;18;15;6;3;8;4;4;4;19;17;16;13;11;39;20;18;15;6;3;8;
?;?;?;?;?;?;?;?;?;?;43;9;5;38;36;35;34;21;4;4;4;4;4;4;4;4;4;4;4;4;4;4;4;4;4;19;17;16;13;11;39;20;20;20;20;20;20;20;20;20;
?;?;?;?;?;?;?;?;?;?;40;39;20;20;20;20;20;20;18;15;6;3;8;4;4;4;4;19;17;16;13;11;39;20;20;18;15;6;3;8;4;4;4;4;4;4;4;4;4;4;
?;?;?;?;?;?;?;?;?;?;38;36;35;34;44;10;42;41;40;38;36;35;34;21;4;4;19;17;16;13;11;38;36;35;34;21;1;30;42;41;38;36;35;34;21;4;4;4;4;4;
?;?;?;?;?;?;?;?;?;?;15;6;3;8;4;4;4;4;4;4;4;4;4;4;4;4;4;19;17;16;26;25;23;22;33;4;19;17;16;13;11;39;20;20;20;20;20;20;20;20;
?;?;?;?;?;?;?;?;?;?;38;36;35;34;21;4;4;4;4;4;4;4;4;4;4;19;17;16;13;11;39;20;20;20;20;20;20;18;15;6;3;8;4;4;4;19;17;16;13;11;
?;?;?;?;?;?;?;?;?;?;20;20;20;20;20;20;20;20;20;18;15;6;3;8;4;4;19;17;16;13;11;38;36;35;34;21;4;4;4;4;4;4;4;19;17;16;13;38;36;35;
?;?;?;?;?;?;?;?;?;?;38;36;35;34;21;1;30;42;41;40;38;36;35;34;21;1;30;42;41;40;39;20;20;20;20;18;15;6;3;8;4;4;4;19;17;16;13;11;39;20;
?;?;?;?;?;?;?;?;?;?;4;4;4;19;17;16;13;11;39;20;20;20;18;15;6;3;8;4;4;19;17;16;13;11;39;20;20;20;18;15;6;3;8;4;4;4;4;4;4;4;
?;?;?;?;?;?;?;?;?;?;38;36;35;34;21;1;30;42;41;40;39;20;18;31;29;28;27;2;24;38;36;35;34;21;4;4;4;4;4;4;4;4;4;4;4;4;4;4;19;17;
?;?;?;?;?;?;?;?;?;?;18;15;6;3;8;4;4;4;4;4;4;4;4;4;4;4;4;4;4;4;4;4;4;4;4;4;4;4;4;4;4;19;17;16;13;11;39;20;18;15;
?;?;?;?;?;?;?;?;?;?;10;42;41;40;39;37;36;35;34;21;4;4;4;4;4;4;4;4;19;17;16;13;11;39;37;36;35;34;21;4;4;4;4;4;4;4;4;4;4;4;
?;?;?;?;?;?;?;?;?;?;1;30;42;41;40;39;20;20;20;20;20;20;20;18;15;6;3;8;4;4;4;4;19;17;16;13;11;39;20;20;20;18;15;6;3;8;4;4;19;17;
?;?;?;?;?;?;?;?;?;?;20;20;20;20;20;20;20;20;20;18;15;6;3;8;4;4;4;4;4;4;4;4;4;4;19;17;16;13;11;38;36;35;34;21;4;4;4;4;4;19;
?;?;?;?;?;?;?;?;?;?;18;15;6;3;8;4;4;19;17;16;13;11;39;20;20;20;18;15;6;3;8;4;4;4;4;4;4;19;17;16;13;11;39;20;20;18;15;6;3;8;
?;?;?;?;?;?;?;?;?;?;4;19;17;16;13;11;39;20;20;20;20;20;20;20;20;20;20;20;20;20;20;20;20;20;20;20;18;15;6;3;8;4;4;4;4;4;4;4;4;4;
?;?;?;?;?;?;?;?;?;?;13;38;36;35;34;21;1;30;42;41;40;39;20;20;20;20;20;20;20;20;20;20;20;20;20;20;20;20;18;31;29;28;27;2;38;36;35;34;21;4;
?;?;?;?;?;?;?;?;?;?;37;36;35;34;21;4;4;4;4;4;4;4;19;17;16;13;11;39;20;20;20;20;20;20;20;20;20;20;20;20;20;20;20;20;20;20;20;20;20;20;
?;?;?;?;?;?;?;?;?;?;20;18;15;6;3;8;4;4;4;4;19;17;16;13;11;39;20;18;15;6;3;8;4;4;4;4;4;4;4;4;4;4;4;19;17;16;13;11;39;20;
?;?;?;?;?;?;?;?;?;?;20;20;20;20;20;20;20;20;18;15;6;3;8;4;4;4;4;4;4;4;4;4;4;4;4;4;19;17;16;13;11;39;37;36;35;34;21;4;4;4;
?;?;?;?;?;?;?;?;?;?;38;36;35;34;44;10;42;41;40;38;36;35;34;21;4;4;19;17;16;13;11;39;20;18;15;6;32;43;9;5;2;24;20;18;15;6;32;43;9;5;
?;?;?;?;?;?;?;?;?;?;22;33;44;10;42;41;40;39;20;20;20;20;18;15;6;3;8;4;19;26;25;23;22;33;4;4;4;4;4;19;17;16;13;11;38;36;35;34;21;4;
?;?;?;?;?;?;?;?;?;?;38;36;35;34;21;4;4;4;19;17;16;13;11;39;20;20;20;18;15;6;3;8;4;4;4;4;19;17;16;13;11;39;20;20;20;20;20;20;20;20;
?;?;?;?;?;?;?;?;?;?;4;4;4;4;4;4;19;17;16;13;11;39;20;20;20;20;20;20;20;20;18;15;6;3;8;4;4;4;4;4;4;4;4;4;4;4;4;4;4;4;
?;?;?;?;?;?;?;?;?;?;21;4;4;19;17;16;13;38;36;35;34;21;1;30;26;25;23;22;33;4;4;4;19;17;16;13;11;39;37;36;35;34;21;4;4;4;19;17;16;13;
?;?;?;?;?;?;?;?;?;?;10;42;41;40;39;37;36;35;34;21;4;4;4;4;4;4;4;19;17;16;13;11;39;20;20;20;18;15;6;3;8;4;4;19;17;16;26;25;23;22;
?;?;?;?;?;?;?;?;?;?;1;30;42;41;40;38;36;35;34;21;1;30;42;41;38;36;35;34;21;4;4;19;17;16;13;11;39;20;20;20;20;20;20;20;20;20;18;15;6;32;
?;?;?;?;?;?;?;?;?;?;36;35;34;21;1;30;42;41;40;39;20;20;20;20;20;20;20;20;20;18;15;6;3;8;4;4;4;4;4;4;19;17;16;13;11;39;20;20;18;15;
?;?;?;?;?;?;?;?;?;?;4;19;17;16;26;25;23;22;33;4;4;4;19;17;16;13;11;39;20;20;20;20;20;20;20;18;15;6;3;8;4;4;4;19;17;16;13;11;39;20;
?;?;?;?;?;?;?;?;?;?;1;30;42;41;38;36;35;34;21;4;4;19;17;16;13;38;36;35;34;21;1;30;42;41;40;38;36;35;34;21;4;19;17;16;13;11;39;20;20;20;
?;?;?;?;?;?;?;?;?;?;38;36;35;34;21;1;30;42;41;40;39;37;36;35;34;21;1;30;42;26;25;23;22;44;10;42;41;40;39;20;18;15;6;3;8;4;4;4;4;4;
?;?;?;?;?;?;?;?;?;?;36;35;34;21;4;4;19;17;16;13;11;39;37;36;35;34;21;4;4;4;4;4;4;4;19;17;16;13;11;39;20;20;20;20;20;20;20;20;20;18;
?;?;?;?;?;?;?;?;?;?;19;17;16;13;11;39;20;18;15;6;3;8;4;4;4;4;19;17;16;13;11;39;20;20;20;18;15;6;3;8;4;19;17;16;13;11;39;20;20;18;
?;?;?;?;?;?;?;?;?;?;41;40;39;20;20;20;20;20;20;20;20;20;20;20;18;15;6;3;8;4;4;4;4;4;4;4;4;4;4;4;4;4;4;4;4;4;4;4;4;4;
?;?;?;?;?;?;?;?;?;?;36;35;34;21;1;30;42;41;40;39;20;20;18;15;6;3;8;1;30;42;41;40;39;20;20;20;20;20;20;18;15;6;3;8;4;4;4;4;4;4;
?;?;?;?;?;?;?;?;?;?;11;39;37;36;35;34;21;4;4;4;4;4;19;17;16;13;11;39;20;20;20;20;18;15;6;3;8;4;4;4;19;17;16;13;11;39;37;36;35;34;
?;?;?;?;?;?;?;?;?;?;37;36;35;34;21;1;30;42;41;40;39;20;18;15;6;3;8;4;4;4;4;4;4;4;4;4;4;4;4;4;4;4;4;4;4;19;17;16;13;11;
?;?;?;?;?;?;?;?;?;?;38;36;35;34;44;10;42;41;40;38;36;35;34;21;1;30;42;41;40;39;20;20;18;15;6;3;8;4;4;4;4;19;17;16;13;11;39;20;20;20;
?;?;?;?;?;?;?;?;?;?;36;35;34;21;4;4;4;4;4;4;4;4;4;4;4;4;19;17;26;25;23;22;33;4;4;19;17;16;13;11;39;20;18;15;6;3;8;4;4;4;
?;?;?;?;?;?;?;?;?;?;39;20;20;20;20;20;20;20;20;20;20;18;15;6;3;8;4;4;4;4;4;4;4;4;4;4;4;4;4;4;4;4;19;17;16;13;11;39;20;20;
?;?;?;?;?;?;?;?;?;?;36;35;34;21;1;30;42;41;40;39;20;18;15;6;3;8;1;30;42;41;38;36;35;34;21;1;30;42;41;40;39;20;18;15;6;3;44;10;42;41;
?;?;?;?;?;?;?;?;?;?;36;35;34;21;4;19;17;16;13;11;39;37;36;35;34;21;4;19;17;16;13;11;39;20;20;20;20;20;20;20;18;15;6;3;8;1;30;42;41;40;
?;?;?;?;?;?;?;?;?;?;4;4;4;19;17;16;13;11;39;20;20;20;20;20;20;18;15;6;3;8;4;4;4;4;4;4;4;4;4;19;17;16;13;11;39;37;36;35;34;21;
?;?;?;?;?;?;?;?;?;?;4;19;17;16;13;11;39;20;20;20;20;20;18;15;6;3;8;4;4;4;4;19;17;16;13;11;39;20;20;20;20;20;18;15;6;3;8;4;4;4;
?;?;?;?;?;?;?;?;?;?;30;42;41;40;39;37;36;35;34;21;4;4;19;17;16;13;11;39;20;20;20;20;20;20;20;20;18;15;6;3;8;4;4;4;4;4;4;19;17;16;
?;?;?;?;?;?;?;?;?;?;10;42;41;40;39;20;20;18;15;6;3;8;4;4;4;4;4;4;4;4;4;4;4;4;4;19;17;16;13;11;39;20;20;20;20;20;20;20;20;20;
?;?;?;?;?;?;?;?;?;?;19;17;16;13;11;39;20;20;20;20;20;20;20;20;18;15;6;3;8;4;4;4;4;4;4;4;19;17;16;13;11;39;20;20;20;20;20;20;20;20;
?;?;?;?;?;?;?;?;?;?;4;19;17;16;13;38;36;35;34;44;10;42;41;40;39;37;36;35;34;21;4;4;19;17;16;26;25;23;22;33;44;10;42;41;40;39;20;20;18;15;
?;?;?;?;?;?;?;?;?;?;4;19;17;16;13;38;36;35;34;21;1;30;42;41;40;39;20;20;20;20;20;20;18;15;6;3;8;4;4;4;4;4;19;17;16;26;25;23;22;33;
?;?;?;?;?;?;?;?;?;?;43;9;26;25;23;22;33;4;19;17;16;13;11;39;20;20;20;18;15;6;3;8;4;4;4;4;4;19;17;16;13;11;39;20;20;18;15;6;3;8;
?;?;?;?;?;?;?;?;?;?;36;35;34;21;4;4;4;4;4;4;4;19;17;16;13;11;39;37;36;35;34;21;4;19;17;16;13;11;39;20;20;20;20;20;20;18;15;6;3;8;
?;?;?;?;?;?;?;?;?;?;4;4;4;4;4;4;4;4;4;4;4;4;4;19;17;16;13;11;39;20;20;18;15;6;3;8;4;4;4;19;17;16;13;11;39;20;20;20;20;20;
?;?;?;?;?;?;?;?;?;?;4;19;17;16;13;11;39;37;36;35;34;21;4;4;19;17;16;13;11;39;37;36;35;34;21;4;4;4;4;19;17;16;13;11;39;20;20;18;15;6;
?;?;?;?;?;?;?;?;?;?;21;4;4;4;4;4;4;19;17;16;13;11;38;36;35;34;21;4;4;4;4;19;17;16;13;11;39;20;18;15;6;3;8;4;4;4;4;4;4;4;
?;?;?;?;?;?;?;?;?;?;4;4;4;4;4;4;4;4;4;4;4;4;4;4;4;4;4;4;19;17;16;13;11;39;20;20;20;20;20;20;20;20;20;20;20;20;20;20;20;18;
?;?;?;?;?;?;?;?;?;?;1;30;42;41;40;39;20;18;15;6;3;8;4;4;4;4;4;4;4;4;19;17;16;13;11;38;36;35;34;21;4;4;4;19;17;16;13;11;39;20;
?;?;?;?;?;?;?;?;?;?;37;36;35;34;21;1;30;42;41;40;39;37;36;35;34;21;4;4;4;4;4;4;4;4;4;4;4;4;4;4;4;4;4;4;4;4;19;17;16;13;
?;?;?;?;?;?;?;?;?;?;36;35;34;21;4;19;17;16;13;11;39;37;36;32;43;9;5;2;24;38;36;35;34;44;10;42;41;40;39;20;20;20;18;15;6;3;8;4;19;17;
?;?;?;?;?;?;?;?;?;?;4;4;19;17;16;13;11;39;20;18;15;6;3;8;4;4;4;4;4;4;4;4;19;17;16;13;11;39;20;20;20;20;18;15;6;3;8;4;4;4;
?;?;?;?;?;?;?;?;?;?;1;30;42;41;40;39;20;20;20;20;20;20;20;20;20;18;15;6;3;8;4;4;4;4;4;4;4;4;4;4;4;4;19;17;16;13;11;39;37;36;
?;?;?;?;?;?;?;?;?;?;38;36;35;34;21;1;30;42;41;38;36;35;34;21;4;4;4;19;17;16;13;11;39;20;20;20;20;20;18;15;6;3;8;4;4;4;4;4;4;4;
?;?;?;?;?;?;?;?;?;?;39;20;18;15;6;3;8;4;4;4;19;17;16;13;11;39;20;20;20;20;20;20;20;18;15;6;3;8;4;4;4;4;4;4;4;19;17;16;13;11;
?;?;?;?;?;?;?;?;?;?;37;36;35;34;21;4;4;19;17;16;13;11;39;20;20;20;20;20;18;15;6;3;8;4;4;4;4;4;4;4;4;4;4;4;4;4;4;4;19;17;
?;?;?;?;?;?;?;?;?;?;44;10;42;41;38;36;35;34;21;4;4;4;4;4;4;4;4;4;4;4;4;19;17;16;26;25;23;22;33;4;4;4;4;4;19;17;16;13;11;39;
?;?;?;?;?;?;?;?;?;?;1;30;42;41;38;36;35;34;21;4;19;17;16;13;11;38;36;35;34;21;4;19;17;16;13;11;39;20;20;20;20;20;20;20;20;18;15;6;3;8;
?;?;?;?;?;?;?;?;?;?;10;42;41;40;39;37;36;35;34;21;4;4;4;4;4;4;4;4;4;4;4;19;17;16;13;11;39;20;20;20;20;20;20;20;20;20;20;20;20;20;
?;?;?;?;?;?;?;?;?;?;36;35;34;21;4;19;17;16;13;11;39;20;20;20;20;20;20;20;20;20;20;20;18;15;6;3;44;10;42;41;40;38;36;35;34;21;4;4;4;4;
?;?;?;?;?;?;?;?;?;?;35;34;21;1;30;42;41;40;39;20;20;18;15;6;3;8;4;4;4;4;4;4;4;4;4;4;4;4;4;4;19;17;16;13;11;39;20;20;18;15;
?;?;?;?;?;?;?;?;?;?;10;42;41;40;38;36;35;34;21;1;30;42;41;40;39;20;18;15;6;3;8;1;30;42;41;38;36;35;34;21;4;4;4;4;4;4;4;4;4;19;
?;?;?;?;?;?;?;?;?;?;1;30;42;41;40;39;37;36;35;32;43;9;5;2;24;20;20;20;18;15;6;3;8;4;4;4;4;4;4;4;4;4;4;4;4;4;4;4;4;4;
?;?;?;?;?;?;?;?;?;?;39;37;36;35;32;43;9;26;25;23;22;33;4;4;4;19;17;16;13;11;38;36;35;34;44;10;42;41;40;39;37;36;35;34;21;4;4;4;4;4;
?;?;?;?;?;?;?;?;?;?;38;36;35;34;44;10;42;41;40;39;20;18;15;6;3;44;10;42;41;40;39;37;36;35;34;21;4;4;4;4;4;4;4;4;4;19;17;16;13;11;
?;?;?;?;?;?;?;?;?;?;36;35;34;21;4;4;19;17;16;13;11;39;20;20;20;20;20;20;20;20;20;18;15;6;3;8;1;30;42;41;38;36;35;34;21;4;19;17;16;13;
?;?;?;?;?;?;?;?;?;?;38;36;35;34;21;4;4;4;4;4;4;4;19;17;16;13;11;39;20;20;20;18;15;6;3;8;4;4;4;4;19;17;16;13;11;39;20;20;20;20;
?;?;?;?;?;?;?;?;?;?;38;36;35;34;21;4;4;19;17;26;25;23;22;33;44;10;42;41;40;39;20;20;20;20;18;15;6;3;8;4;4;4;4;4;19;17;16;13;11;39;
?;?;?;?;?;?;?;?;?;?;38;36;35;34;44;10;42;41;40;39;20;18;15;6;3;8;1;30;42;41;40;39;20;18;15;6;3;8;4;4;4;19;17;16;13;11;39;37;36;35;
?;?;?;?;?;?;?;?;?;?;38;36;35;34;21;4;4;19;17;16;13;11;39;20;20;20;20;20;20;18;15;6;3;8;4;4;4;4;4;19;17;16;13;11;39;20;20;20;20;18;
?;?;?;?;?;?;?;?;?;?;38;36;35;34;44;10;42;41;40;39;20;18;15;6;3;8;4;4;4;4;4;4;4;4;4;4;4;4;4;4;4;4;4;19;17;16;13;11;39;20;
?;?;?;?;?;?;?;?;?;?;20;18;15;6;3;8;4;4;19;17;16;13;11;39;20;18;15;6;3;8;4;4;4;19;17;16;13;11;39;20;20;20;20;18;15;6;3;8;4;4;
?;?;?;?;?;?;?;?;?;?;38;36;35;34;21;1;30;42;41;38;36;35;34;21;1;30;42;41;40;39;37;36;35;34;21;4;19;17;16;13;11;39;20;18;15;6;32;43;9;5;
?;?;?;?;?;?;?;?;?;?;1;30;42;41;40;39;37;36;35;32;43;9;5;2;24;20;18;15;6;3;8;4;19;26;25;23;22;33;4;4;4;4;4;4;4;4;4;19;17;16;
?;?;?;?;?;?;?;?;?;?;39;20;20;20;20;20;18;15;6;3;8;4;4;4;4;4;4;4;4;19;17;16;13;38;36;35;34;21;1;30;42;41;40;39;20;20;20;20;20;20;
?;?;?;?;?;?;?;?;?;?;4;4;4;4;4;4;4;4;4;19;17;16;13;11;39;20;20;20;18;15;6;3;8;4;4;4;4;4;4;4;19;17;16;13;11;39;20;20;20;20;
?;?;?;?;?;?;?;?;?;?;38;36;35;34;44;10;42;41;40;39;20;20;18;15;6;3;8;4;4;4;4;4;4;19;17;16;13;11;39;37;36;35;34;21;4;4;4;4;4;4;
?;?;?;?;?;?;?;?;?;?;20;20;20;20;20;20;20;20;20;20;20;18;15;6;3;8;4;4;4;4;4;4;4;4;4;4;4;4;4;4;4;4;4;4;4;4;4;19;17;16;
?;?;?;?;?;?;?;?;?;?;20;18;15;6;3;8;4;4;4;4;4;4;4;4;4;4;4;19;17;16;13;11;39;20;20;18;15;6;3;8;4;4;4;4;4;19;17;16;13;11;
?;?;?;?;?;?;?;?;?;?;10;42;41;40;39;37;36;35;34;21;4;4;19;17;16;13;11;38;36;35;34;21;4;4;4;4;19;17;16;13;11;39;20;20;20;18;15;6;3;8;
?;?;?;?;?;?;?;?;?;?;20;20;20;20;20;20;18;15;6;3;8;4;19;17;16;13;38;36;35;34;21;4;4;4;4;4;4;4;4;4;4;4;4;4;4;4;19;17;16;13;
?;?;?;?;?;?;?;?;?;?;39;37;36;32;43;9;5;2;38;36;35;34;21;4;4;19;17;16;13;11;39;20;20;20;20;20;20;20;20;20;20;18;15;6;3;8;4;4;19;17;
?;?;?;?;?;?;?;?;?;?;4;4;19;17;16;13;38;36;32;43;9;5;2;24;20;20;20;20;20;20;20;20;20;20;20;20;20;18;15;6;3;8;4;4;19;17;16;13;38;36;
?;?;?;?;?;?;?;?;?;?;1;30;42;41;40;39;37;36;35;32;43;9;5;2;38;36;35;34;21;4;4;4;4;4;19;17;16;13;11;39;20;20;20;20;20;20;20;20;20;20;
?;?;?;?;?;?;?;?;?;?;1;30;42;41;40;38;36;35;34;21;1;30;42;41;40;39;20;18;15;6;3;8;4;4;4;4;4;19;17;16;13;11;39;20;20;20;18;15;6;3;
?;?;?;?;?;?;?;?;?;?;39;20;20;20;20;20;20;20;20;20;18;15;6;3;8;4;4;4;4;4;4;4;4;4;4;4;4;4;19;17;16;13;11;39;20;20;18;15;6;3;
?;?;?;?;?;?;?;?;?;?;38;36;35;34;21;4;19;17;16;13;11;39;20;20;20;20;20;20;18;15;6;3;8;4;4;4;4;4;4;4;4;4;4;4;4;4;4;19;17;16;
?;?;?;?;?;?;?;?;?;?;17;16;26;25;23;22;33;4;4;4;4;4;4;4;4;4;19;17;16;13;11;39;20;20;20;20;20;18;15;6;3;8;4;4;4;19;17;16;13;11;
?;?;?;?;?;?;?;?;?;?;4;4;4;4;19;17;16;13;11;39;20;20;20;20;20;20;20;20;20;20;20;20;20;20;20;20;20;20;18;15;6;3;8;4;4;4;4;4;4;4;
?;?;?;?;?;?;?;?;?;?;39;37;36;35;34;21;4;4;4;4;4;4;4;4;4;19;17;16;13;11;39;20;20;20;20;20;20;20;18;15;6;3;8;4;4;19;17;16;13;11;
?;?;?;?;?;?;?;?;?;?;36;35;34;21;4;19;17;16;13;11;39;20;18;15;6;32;43;9;5;2;24;20;18;15;6;3;8;4;4;4;4;4;4;19;17;16;13;11;39;20;
?;?;?;?;?;?;?;?;?;?;30;42;41;38;36;35;34;21;4;19;17;16;13;11;38;36;35;32;43;9;5;2;24;20;20;18;15;6;3;8;4;4;4;4;4;4;4;19;17;16;
?;?;?;?;?;?;?;?;?;?;19;17;16;13;11;39;20;20;20;20;20;18;15;6;3;8;4;4;4;19;17;16;13;11;39;20;20;20;18;15;6;3;8;1;30;42;26;25;23;22;
?;?;?;?;?;?;?;?;?;?;39;37;36;35;34;21;1;30;42;41;40;39;20;20;20;18;15;6;3;8;4;4;4;4;4;4;4;4;4;19;17;16;13;11;39;20;20;20;20;20;
?;?;?;?;?;?;?;?;?;?;4;19;17;16;26;25;23;22;33;4;19;17;16;13;11;39;37;36;35;34;21;4;4;4;4;19;17;16;13;11;39;20;20;20;18;15;6;3;8;4;
?;?;?;?;?;?;?;?;?;?;4;4;4;4;4;4;19;17;16;13;11;39;20;20;20;18;15;6;3;44;10;42;41;40;39;20;18;15;6;3;8;4;4;4;4;4;4;4;4;19;
?;?;?;?;?;?;?;?;?;?;36;35;34;21;4;4;4;4;4;4;4;4;19;17;16;13;11;39;20;20;20;18;15;6;3;8;4;4;4;4;4;4;4;4;4;19;17;16;13;11;
?;?;?;?;?;?;?;?;?;?;10;42;41;40;39;37;36;35;34;21;1;30;42;41;40;39;20;20;20;18;15;6;3;8;4;4;4;4;4;4;4;4;4;4;4;4;4;4;19;17;
?;?;?;?;?;?;?;?;?;?;4;19;17;16;13;11;38;36;35;34;21;1;30;42;41;40;39;20;20;20;20;18;15;6;3;8;4;4;4;4;19;17;16;13;11;39;20;20;18;15;
?;?;?;?;?;?;?;?;?;?;37;36;35;34;21;1;30;42;41;38;36;35;34;21;4;4;4;19;17;26;25;23;22;33;4;4;19;17;16;13;11;39;20;20;20;20;20;20;20;20;
?;?;?;?;?;?;?;?;?;?;19;17;16;13;11;39;20;20;20;20;20;20;20;20;20;20;18;15;32;43;9;5;2;24;20;20;20;18;15;6;3;8;4;4;19;17;16;13;11;39;
?;?;?;?;?;?;?;?;?;?;19;17;16;13;11;39;37;31;29;28;27;2;24;20;20;18;15;6;3;8;4;4;19;17;16;13;11;39;20;20;20;18;15;6;3;8;4;4;19;17;
?;?;?;?;?;?;?;?;?;?;38;36;35;34;21;1;30;42;41;38;36;35;34;21;4;4;4;19;17;16;13;11;39;20;20;20;20;20;20;20;20;18;15;6;3;8;4;4;4;4;
?;?;?;?;?;?;?;?;?;?;19;17;16;13;11;39;20;18;15;6;32;43;9;5;2;24;20;20;20;18;15;6;3;8;4;4;19;17;16;13;11;39;20;20;18;15;32;43;9;5;
?;?;?;?;?;?;?;?;?;?;39;20;20;20;20;20;20;20;20;20;18;15;6;3;8;4;4;4;4;4;4;4;4;4;4;4;4;4;19;17;16;13;11;39;20;20;20;20;20;20;
?;?;?;?;?;?;?;?;?;?;10;42;41;40;39;20;18;15;6;3;8;4;4;4;4;4;4;4;4;4;4;4;19;17;16;13;38;36;35;34;44;10;42;41;40;39;20;18;15;6;
?;?;?;?;?;?;?;?;?;?;1;30;42;41;40;38;36;35;34;44;10;42;41;40;39;37;36;35;34;21;4;4;4;4;4;4;4;4;4;4;4;4;4;19;17;16;13;11;39;20;
?;?;?;?;?;?;?;?;?;?;20;20;18;15;6;32;43;9;5;2;24;20;18;15;6;3;8;4;4;4;4;4;4;4;4;4;4;19;17;16;13;11;39;20;20;18;15;6;3;8;
?;?;?;?;?;?;?;?;?;?;36;35;34;21;4;19;17;16;13;11;39;37;36;35;32;43;9;5;2;24;20;18;15;6;3;8;4;4;4;4;19;17;16;13;11;39;20;20;20;20;
?;?;?;?;?;?;?;?;?;?;4;4;4;4;4;4;4;4;4;4;4;4;4;4;4;19;17;16;13;11;39;20;20;20;20;20;20;20;20;20;20;20;20;20;18;15;6;3;8;4;
?;?;?;?;?;?;?;?;?;?;4;19;17;16;13;11;39;37;36;35;34;21;4;4;4;4;4;19;17;16;13;11;39;20;18;15;6;3;8;4;19;17;16;13;11;39;20;20;20;20;
?;?;?;?;?;?;?;?;?;?;4;19;17;16;26;25;23;22;33;4;19;17;16;13;11;39;20;20;20;20;20;20;20;20;20;20;20;20;20;20;20;20;18;15;6;3;8;4;4;4;
?;?;?;?;?;?;?;?;?;?;4;4;4;19;17;16;13;11;39;20;20;20;20;20;20;18;15;6;3;8;4;4;4;4;4;4;19;17;16;13;38;36;35;34;21;4;4;4;4;19;
?;?;?;?;?;?;?;?;?;?;39;37;36;35;32;43;9;5;2;38;36;35;34;21;4;4;4;19;17;16;26;25;23;22;33;4;4;4;19;17;16;13;11;39;20;20;20;20;18;15;
?;?;?;?;?;?;?;?;?;?;3;8;4;4;4;4;4;4;4;4;19;17;16;13;11;39;20;20;20;20;20;20;20;20;20;20;20;20;20;20;20;20;18;15;6;3;8;4;4;19;
?;?;?;?;?;?;?;?;?;?;20;20;20;20;20;20;20;20;20;20;20;20;18;15;6;3;8;4;4;4;4;4;4;4;4;4;19;17;26;25;23;22;33;4;4;4;4;4;4;4;
?;?;?;?;?;?;?;?;?;?;33;4;4;4;4;19;17;16;13;11;39;20;20;20;18;15;6;3;8;4;4;4;19;17;16;13;11;39;20;20;20;20;18;15;6;3;8;4;19;17;
?;?;?;?;?;?;?;?;?;?;37;36;35;34;44;10;42;41;40;39;20;18;15;6;3;8;4;4;4;4;4;4;4;4;4;4;4;4;4;4;4;4;4;4;4;4;4;4;19;17;
?;?;?;?;?;?;?;?;?;?;4;4;4;4;4;4;19;17;16;13;11;39;20;20;20;20;20;20;20;20;20;20;18;15;6;3;44;10;42;41;40;39;20;18;15;6;3;8;4;4;
?;?;?;?;?;?;?;?;?;?;10;42;41;40;38;36;35;34;21;4;4;4;19;17;16;13;11;39;20;20;20;20;20;20;18;15;6;3;44;10;42;41;40;39;37;36;35;34;21;4;
?;?;?;?;?;?;?;?;?;?;1;30;42;41;38;36;35;34;21;4;4;19;17;16;13;11;39;20;20;20;20;20;20;20;20;20;18;15;6;3;8;4;4;4;4;4;4;4;4;4;
?;?;?;?;?;?;?;?;?;?;4;4;4;4;4;19;17;16;13;11;39;20;18;15;6;3;8;4;4;4;19;17;16;13;11;39;20;20;20;20;20;20;20;20;20;20;20;20;20;20;
?;?;?;?;?;?;?;?;?;?;15;6;3;8;4;4;4;4;4;19;17;16;26;25;32;43;9;5;2;24;20;20;20;20;18;15;6;3;8;4;4;4;4;4;4;19;17;16;13;11;
?;?;?;?;?;?;?;?;?;?;4;4;4;4;4;4;4;19;17;16;13;11;39;20;20;18;15;6;3;8;4;19;17;16;13;11;39;20;20;20;18;15;6;3;8;4;4;4;4;4;
?;?;?;?;?;?;?;?;?;?;18;15;6;3;8;4;4;4;4;4;4;19;17;16;13;11;39;20;20;20;20;20;20;20;20;20;20;20;18;15;6;3;8;4;4;4;19;17;16;26;
?;?;?;?;?;?;?;?;?;?;4;19;17;16;13;11;39;20;20;20;20;20;20;20;20;20;20;20;20;20;20;20;20;20;20;18;15;6;3;8;1;30;42;41;40;39;20;18;15;6;
?;?;?;?;?;?;?;?;?;?;1;30;42;41;40;39;20;20;20;18;15;6;3;8;4;4;4;4;4;4;4;4;4;4;4;4;4;4;4;4;19;17;16;13;11;39;37;36;35;34;
?;?;?;?;?;?;?;?;?;?;20;20;20;20;20;20;20;20;20;20;20;18;15;6;3;8;4;4;19;17;16;13;11;39;37;36;35;34;21;4;4;4;4;4;4;4;4;4;4;4;
?;?;?;?;?;?;?;?;?;?;1;30;42;41;40;38;36;35;34;21;4;19;17;16;13;11;39;20;20;20;20;20;20;20;20;18;15;6;3;8;4;19;17;16;13;11;39;20;20;20;
?;?;?;?;?;?;?;?;?;?;4;4;4;19;17;16;13;11;39;20;20;18;15;6;3;8;4;4;19;17;16;13;11;39;20;20;20;20;18;15;6;3;8;4;4;4;4;4;4;4;
?;?;?;?;?;?;?;?;?;?;37;36;35;34;21;4;4;19;17;16;13;11;39;20;20;20;20;20;18;15;6;3;8;4;4;4;4;4;4;4;19;17;16;13;11;39;20;20;20;20;
?;?;?;?;?;?;?;?;?;?;37;36;35;34;21;4;19;17;16;13;38;36;35;34;21;4;4;19;17;16;26;25;23;22;33;4;4;4;19;17;16;13;11;39;20;20;20;20;20;20;
?;?;?;?;?;?;?;?;?;?;20;20;20;20;20;20;18;15;6;3;8;4;4;4;4;4;4;4;4;4;19;17;16;13;11;39;20;20;20;20;20;20;20;20;18;15;6;3;8;4;
?;?;?;?;?;?;?;?;?;?;17;16;13;11;39;37;36;35;34;21;4;4;19;17;16;13;38;36;35;34;44;10;42;41;40;39;20;20;20;20;20;20;20;20;20;20;20;20;20;20;
?;?;?;?;?;?;?;?;?;?;4;4;4;4;4;4;4;4;4;19;17;16;13;11;39;20;20;20;20;20;20;20;18;15;6;3;8;4;4;4;4;4;19;17;16;13;38;36;32;43;
?;?;?;?;?;?;?;?;?;?;20;20;20;20;20;20;20;20;20;20;20;20;20;18;15;6;3;8;4;4;4;4;4;4;4;4;4;4;4;4;4;4;4;4;4;4;4;4;4;4;
?;?;?;?;?;?;?;?;?;?;39;37;36;35;34;21;4;19;17;16;13;11;39;20;20;20;20;20;20;20;20;18;15;6;3;8;4;4;4;4;4;4;4;4;4;19;17;16;13;11;
?;?;?;?;?;?;?;?;?;?;34;21;4;19;17;16;13;11;39;20;20;20;20;20;20;20;18;15;6;3;8;4;4;4;4;4;4;19;26;25;23;22;33;4;4;19;17;16;13;11;
?;?;?;?;?;?;?;?;?;?;21;4;4;4;4;4;4;4;4;4;4;4;19;17;16;13;11;39;20;20;20;20;20;20;20;20;20;20;20;18;15;6;3;8;4;4;4;4;4;4;
?;?;?;?;?;?;?;?;?;?;38;36;35;34;21;4;19;17;16;13;11;39;20;20;20;20;20;20;20;20;18;15;6;3;8;4;4;4;4;4;4;4;4;19;17;16;13;11;39;20;
?;?;?;?;?;?;?;?;?;?;37;36;35;34;21;4;4;4;19;17;16;13;11;39;20;20;20;20;20;18;15;6;3;8;4;4;4;4;4;4;4;19;17;16;13;11;39;20;20;20;
?;?;?;?;?;?;?;?;?;?;37;36;35;34;44;10;42;41;40;39;20;20;20;20;20;20;20;20;20;18;15;6;3;8;4;4;4;4;4;4;4;4;4;4;4;4;4;4;19;17;
?;?;?;?;?;?;?;?;?;?;37;36;35;34;21;1;30;42;41;40;39;20;18;15;6;3;8;4;4;4;4;4;19;17;16;13;38;36;35;34;21;1;30;42;41;40;39;20;20;20;
?;?;?;?;?;?;?;?;?;?;37;36;35;34;44;10;42;41;40;39;20;18;15;6;3;8;4;4;4;4;4;4;4;4;4;4;4;4;4;4;4;19;17;16;13;11;39;20;18;15;
?;?;?;?;?;?;?;?;?;?;23;22;33;4;4;4;19;17;16;13;11;39;20;20;18;15;6;32;43;9;5;2;24;20;20;20;20;20;20;20;20;20;20;20;20;18;15;6;3;8;
?;?;?;?;?;?;?;?;?;?;15;6;32;43;9;5;2;38;36;35;34;21;4;4;4;4;4;4;4;4;4;4;19;17;16;13;11;39;20;20;18;15;6;3;8;4;4;4;4;4;
?;?;?;?;?;?;?;?;?;?;19;17;16;13;11;39;20;20;20;20;20;20;20;20;20;20;20;18;15;6;3;8;4;4;4;4;4;4;4;4;4;4;4;4;4;4;4;4;4;4;
?;?;?;?;?;?;?;?;?;?;38;36;35;34;21;1;30;42;41;38;36;35;34;21;4;4;19;17;16;13;11;39;20;20;20;20;20;20;20;20;20;20;20;20;20;20;20;20;20;18;
?;?;?;?;?;?;?;?;?;?;36;35;34;21;4;4;4;4;19;17;16;13;38;36;35;34;21;4;4;4;4;4;4;4;4;4;19;17;16;13;11;39;20;20;20;20;20;20;20;20;
?;?;?;?;?;?;?;?;?;?;20;20;20;20;20;20;20;18;15;6;3;8;4;4;4;4;4;4;4;4;4;4;4;4;4;19;17;16;13;11;39;37;36;35;34;21;4;4;4;19;
?;?;?;?;?;?;?;?;?;?;37;36;35;34;21;1;30;42;41;40;39;37;36;32;43;9;5;38;36;35;34;21;4;4;4;4;4;19;17;16;13;11;39;20;20;20;20;20;20;20;
?;?;?;?;?;?;?;?;?;?;4;4;4;4;4;4;19;17;16;13;11;39;20;20;20;20;20;18;15;6;3;8;4;19;17;16;13;11;39;20;20;20;18;15;6;3;8;4;4;4;
?;?;?;?;?;?;?;?;?;?;38;36;35;34;21;4;19;17;16;13;11;39;20;18;31;29;28;27;2;24;20;20;20;18;15;6;3;8;4;4;4;4;4;4;4;4;4;4;4;4;
?;?;?;?;?;?;?;?;?;?;38;36;35;34;21;4;19;17;16;13;11;39;37;36;32;43;9;5;2;38;36;35;34;21;4;4;4;19;17;16;13;11;39;20;20;20;20;20;20;20;
?;?;?;?;?;?;?;?;?;?;5;2;24;20;20;20;18;15;6;3;8;4;4;4;4;4;19;17;16;13;11;39;20;20;18;15;6;3;8;4;4;4;4;4;19;17;16;13;11;39;
?;?;?;?;?;?;?;?;?;?;39;37;36;35;34;21;4;4;4;4;4;4;4;19;17;16;13;11;39;20;20;18;15;6;3;44;10;42;41;40;39;20;20;20;20;20;20;20;20;20;
?;?;?;?;?;?;?;?;?;?;36;35;34;21;4;4;4;19;17;16;13;11;39;20;20;20;20;20;20;18;15;6;3;8;4;4;19;17;16;13;11;39;20;20;18;15;6;3;8;4;
?;?;?;?;?;?;?;?;?;?;1;30;42;41;40;39;37;36;35;34;21;4;4;4;4;4;4;4;4;19;17;16;13;11;39;20;20;18;15;6;3;8;4;4;4;4;4;4;4;4;
?;?;?;?;?;?;?;?;?;?;39;20;20;20;20;20;20;20;20;20;20;20;18;15;6;3;8;4;4;4;19;17;16;13;11;39;37;36;35;34;21;4;4;4;4;4;4;4;4;4;
?;?;?;?;?;?;?;?;?;?;39;37;36;32;43;9;5;2;24;38;36;35;34;21;1;30;42;41;40;39;37;36;35;34;21;4;4;4;4;4;4;4;4;4;19;17;16;13;11;39;
?;?;?;?;?;?;?;?;?;?;9;5;2;24;20;18;15;6;32;43;9;5;2;24;20;20;18;15;6;3;8;4;4;4;4;4;19;17;16;13;11;39;20;20;20;20;20;20;20;20;
?;?;?;?;?;?;?;?;?;?;4;4;19;26;25;23;22;33;4;19;17;16;13;11;39;20;20;18;15;6;3;8;4;19;17;16;13;11;39;20;20;20;20;18;15;6;3;8;4;4;
?;?;?;?;?;?;?;?;?;?;19;17;16;13;11;39;37;36;35;34;21;4;4;4;4;4;4;19;17;16;13;11;39;20;20;20;20;20;20;20;20;18;15;6;3;8;4;4;4;4;
?;?;?;?;?;?;?;?;?;?;21;4;4;4;4;4;4;4;19;17;16;13;11;39;20;20;20;18;15;6;3;8;4;4;4;4;4;19;17;16;13;11;39;20;20;20;20;20;20;20;
?;?;?;?;?;?;?;?;?;?;35;34;21;4;4;4;19;17;16;13;11;38;36;35;34;21;4;4;4;4;4;19;17;16;13;11;39;20;20;20;20;20;20;20;20;20;20;20;18;15;
?;?;?;?;?;?;?;?;?;?;30;42;41;40;39;20;18;15;6;3;8;4;4;19;17;16;13;11;39;20;20;20;18;15;6;3;8;4;4;4;19;17;16;13;38;36;35;34;21;4;
?;?;?;?;?;?;?;?;?;?;19;17;16;13;11;39;37;36;32;43;9;5;2;24;20;20;20;20;20;20;20;20;20;20;20;18;15;6;3;8;4;4;4;4;4;4;4;4;4;4;
?;?;?;?;?;?;?;?;?;?;38;36;35;34;21;4;4;19;26;25;23;22;33;4;4;4;19;17;16;26;25;23;22;33;4;19;17;16;13;11;39;20;20;20;20;20;20;20;20;18;
?;?;?;?;?;?;?;?;?;?;4;4;4;19;17;16;13;11;39;20;20;20;20;20;20;20;20;20;20;20;20;20;20;20;20;20;20;18;15;6;3;8;4;4;4;19;17;16;13;11;
?;?;?;?;?;?;?;?;?;?;30;42;41;40;39;20;20;18;15;6;32;43;9;26;25;23;22;33;4;4;4;4;4;4;4;4;4;4;4;19;17;16;13;11;39;37;36;35;34;21;
?;?;?;?;?;?;?;?;?;?;4;4;4;4;4;4;4;4;4;19;17;16;13;11;39;20;20;20;20;20;20;20;20;20;20;18;15;6;3;8;4;4;19;17;16;13;11;39;37;36;
?;?;?;?;?;?;?;?;?;?;36;35;34;21;4;4;4;19;26;25;23;22;33;4;19;17;16;13;11;39;20;20;18;15;6;3;44;10;42;41;40;39;20;20;20;20;20;20;20;20;
?;?;?;?;?;?;?;?;?;?;39;37;36;35;34;21;4;19;17;16;13;11;38;36;35;34;44;10;42;41;40;39;20;20;20;20;20;20;18;15;6;3;8;4;4;4;4;4;4;4;
?;?;?;?;?;?;?;?;?;?;39;37;36;32;43;9;5;2;24;20;18;15;6;3;8;4;4;4;4;4;4;4;4;4;4;19;17;16;13;11;39;20;20;20;20;20;18;15;6;3;
?;?;?;?;?;?;?;?;?;?;25;23;22;33;4;4;4;19;17;16;13;11;38;36;32;43;9;5;2;24;20;20;20;20;18;15;6;3;8;1;30;42;41;40;39;20;20;18;15;6;
?;?;?;?;?;?;?;?;?;?;37;36;35;34;44;10;42;41;40;39;37;36;35;34;21;4;4;4;4;4;4;4;4;4;4;19;17;16;13;11;39;20;18;15;6;3;8;4;4;4;
?;?;?;?;?;?;?;?;?;?;39;20;20;20;20;18;15;6;3;8;4;4;4;4;4;19;17;16;13;11;39;37;36;35;34;21;4;4;19;17;16;13;11;39;20;20;20;20;20;20;
?;?;?;?;?;?;?;?;?;?;23;22;33;4;19;17;16;13;11;39;20;20;20;20;18;15;6;3;8;4;4;4;19;17;16;13;11;39;20;20;20;20;18;15;6;3;8;4;19;17;
?;?;?;?;?;?;?;?;?;?;4;4;19;17;16;13;11;39;20;20;20;20;20;20;20;20;20;20;20;20;18;15;6;3;8;1;30;42;41;40;39;20;20;20;20;20;20;20;20;20;
?;?;?;?;?;?;?;?;?;?;39;20;20;18;15;6;3;8;4;4;4;4;19;17;16;13;11;39;20;20;20;20;20;20;20;20;20;20;18;15;6;3;8;4;4;4;4;4;4;4;
?;?;?;?;?;?;?;?;?;?;36;35;34;21;4;19;17;16;13;11;39;37;36;35;34;21;1;30;42;41;40;39;20;18;15;6;3;8;4;4;4;4;19;17;16;13;38;36;35;34;
?;?;?;?;?;?;?;?;?;?;19;17;16;13;11;39;20;20;20;20;20;20;18;15;6;3;8;4;4;4;19;17;16;13;38;36;35;34;21;4;4;4;4;19;17;16;13;11;39;20;
?;?;?;?;?;?;?;?;?;?;36;35;34;21;4;4;19;17;16;13;11;39;20;20;20;20;20;20;20;20;20;18;15;6;3;8;4;4;4;4;4;19;17;16;13;11;39;20;20;18;
?;?;?;?;?;?;?;?;?;?;9;5;2;24;38;36;35;34;21;4;4;19;17;16;13;11;38;36;35;34;21;4;4;4;19;17;16;13;11;39;20;20;18;15;6;3;8;4;4;4;
?;?;?;?;?;?;?;?;?;?;4;19;17;26;25;23;22;33;4;4;4;4;19;17;16;13;11;39;20;20;20;20;20;20;20;20;20;18;15;6;3;8;4;4;19;17;16;13;11;39;
?;?;?;?;?;?;?;?;?;?;20;20;20;18;15;6;3;8;4;4;4;19;17;16;13;11;39;20;18;15;6;3;8;4;4;4;4;19;17;16;13;11;39;20;20;20;20;20;20;20;
?;?;?;?;?;?;?;?;?;?;4;4;4;4;19;17;16;13;11;39;20;20;20;20;20;18;31;29;28;27;2;24;20;20;20;20;20;20;20;20;20;20;20;20;20;20;20;20;18;15;
?;?;?;?;?;?;?;?;?;?;37;36;35;34;21;4;4;4;19;17;16;13;11;39;20;20;20;18;15;6;3;8;4;4;4;4;4;4;4;4;4;4;4;4;4;4;4;4;4;19;
?;?;?;?;?;?;?;?;?;?;38;36;35;34;21;4;4;19;17;16;13;11;39;20;20;20;20;18;15;6;3;8;1;30;42;41;40;39;37;36;35;34;21;4;4;4;19;17;16;13;
?;?;?;?;?;?;?;?;?;?;9;5;2;24;38;36;35;34;21;4;4;4;4;4;4;4;4;4;19;17;16;13;11;39;20;20;18;15;6;3;8;4;4;4;4;4;4;4;4;4;
?;?;?;?;?;?;?;?;?;?;4;4;19;17;16;13;11;39;20;20;20;20;20;18;15;6;3;8;4;4;4;19;17;16;13;11;38;36;35;34;21;4;4;4;4;4;4;4;4;4;
?;?;?;?;?;?;?;?;?;?;20;18;15;6;3;8;4;19;17;16;13;38;36;35;34;21;4;4;4;4;4;4;4;4;4;4;4;4;4;4;4;4;19;17;16;13;11;39;20;18;
?;?;?;?;?;?;?;?;?;?;19;17;16;13;11;39;37;36;35;34;21;1;30;42;41;40;39;37;36;35;34;21;4;19;17;16;13;11;39;20;20;20;18;15;6;3;8;4;4;19;
?;?;?;?;?;?;?;?;?;?;35;34;21;4;4;4;19;17;16;13;11;38;32;43;9;5;2;24;20;20;20;18;15;6;3;8;4;4;4;4;4;4;4;4;19;17;16;13;11;39;
?;?;?;?;?;?;?;?;?;?;20;18;15;6;3;8;4;4;4;4;19;17;16;13;11;39;20;18;15;6;3;8;4;4;4;4;4;4;19;17;16;13;11;39;20;18;15;6;3;8;
?;?;?;?;?;?;?;?;?;?;37;36;35;34;21;4;4;4;4;4;4;4;4;4;4;4;19;17;16;13;11;39;20;20;20;20;20;20;20;20;20;20;20;20;20;20;20;20;20;20;
?;?;?;?;?;?;?;?;?;?;10;42;41;40;39;20;18;15;6;3;8;4;19;17;16;13;11;38;36;35;34;21;1;30;42;41;38;36;35;34;21;4;4;4;4;4;4;4;4;4;
?;?;?;?;?;?;?;?;?;?;10;42;41;40;38;36;35;34;21;4;4;19;17;16;13;11;38;36;35;34;21;4;4;4;4;4;4;4;4;19;17;16;13;11;39;20;18;15;6;3;
?;?;?;?;?;?;?;?;?;?;35;32;43;9;5;2;24;20;20;20;18;15;6;3;8;4;4;4;4;4;4;4;4;4;4;19;17;16;13;11;39;20;20;20;20;20;20;20;20;20;
?;?;?;?;?;?;?;?;?;?;20;20;20;20;20;20;20;20;20;18;15;6;3;8;4;4;4;4;4;4;4;4;4;4;4;4;4;4;4;4;4;4;4;19;17;16;13;11;38;36;
?;?;?;?;?;?;?;?;?;?;39;20;20;20;20;20;20;20;20;20;20;18;15;6;3;8;4;19;17;16;13;11;38;36;35;34;44;10;42;41;38;36;35;34;21;4;4;4;4;4;
?;?;?;?;?;?;?;?;?;?;10;42;41;40;39;20;20;20;20;20;20;20;20;20;20;20;20;18;15;6;3;8;4;4;4;4;4;4;4;4;4;4;4;4;4;4;4;4;4;4;
?;?;?;?;?;?;?;?;?;?;37;36;35;34;21;4;4;19;17;16;13;11;39;20;18;15;6;3;8;4;4;19;17;16;13;11;39;20;20;20;20;20;20;20;20;20;20;18;15;6;
?;?;?;?;?;?;?;?;?;?;1;30;42;41;40;39;20;18;15;6;32;43;9;5;38;36;35;34;21;4;4;4;4;4;4;4;4;4;4;4;19;17;16;13;11;39;20;20;20;20;
?;?;?;?;?;?;?;?;?;?;10;42;41;40;38;36;35;34;21;4;4;4;4;4;4;4;4;4;4;4;19;17;16;13;11;39;20;20;20;20;20;20;20;20;20;18;15;6;3;8;
?;?;?;?;?;?;?;?;?;?;20;18;15;32;43;9;5;2;24;20;20;20;20;18;15;6;3;8;4;4;4;4;4;4;4;4;4;4;4;4;4;4;4;4;4;4;4;4;19;17;
?;?;?;?;?;?;?;?;?;?;21;1;26;25;23;22;33;4;4;4;19;17;16;13;11;38;36;35;34;21;4;4;4;4;4;4;4;4;4;19;17;16;13;11;39;20;20;20;18;15;
?;?;?;?;?;?;?;?;?;?;35;34;21;4;19;17;16;13;11;39;37;36;35;34;21;4;4;4;4;19;17;16;13;11;39;20;20;20;20;20;20;18;15;6;3;8;4;4;4;4;
?;?;?;?;?;?;?;?;?;?;20;20;18;15;6;3;8;4;4;4;19;17;16;13;11;39;20;20;20;20;18;15;6;3;8;4;4;4;4;4;4;4;4;4;4;4;4;4;4;4;
?;?;?;?;?;?;?;?;?;?;30;42;41;40;39;37;36;35;34;21;4;4;4;4;4;4;4;4;4;19;17;16;13;11;39;20;20;20;20;20;20;20;20;18;15;6;3;8;4;4;
?;?;?;?;?;?;?;?;?;?;38;36;35;34;44;10;42;41;40;39;37;36;35;34;21;4;4;4;4;4;4;4;4;4;4;4;4;19;17;16;13;11;39;20;20;20;20;20;20;20;
?;?;?;?;?;?;?;?;?;?;20;20;18;15;6;3;44;10;42;41;40;39;20;20;20;20;20;18;15;6;3;8;4;4;4;4;4;4;4;4;4;19;17;16;13;11;39;20;20;20;
?;?;?;?;?;?;?;?;?;?;1;30;42;41;40;39;20;20;20;20;20;20;18;15;6;3;8;4;4;4;4;19;17;16;13;11;38;36;35;34;21;4;4;4;4;19;17;16;13;11;
?;?;?;?;?;?;?;?;?;?;37;36;35;34;21;4;19;17;16;13;11;39;20;20;20;20;18;15;6;3;8;4;4;4;4;4;4;4;4;4;4;4;4;4;4;4;4;4;4;19;
?;?;?;?;?;?;?;?;?;?;1;30;42;26;25;23;22;33;4;4;19;17;16;13;11;39;20;18;15;6;3;8;4;4;4;19;17;16;13;11;39;20;20;18;15;6;3;8;4;4;
?;?;?;?;?;?;?;?;?;?;38;36;35;34;21;4;4;4;4;4;4;4;4;4;19;17;16;13;11;39;20;20;20;20;20;20;20;20;20;20;20;20;20;20;20;18;15;6;3;8;
?;?;?;?;?;?;?;?;?;?;4;19;26;25;23;22;33;4;4;19;17;16;13;11;39;20;20;18;15;6;3;8;4;4;4;19;17;16;13;11;39;20;20;20;20;20;20;20;20;20;
?;?;?;?;?;?;?;?;?;?;38;36;35;34;21;4;19;17;16;26;25;23;22;33;4;4;19;17;16;13;11;39;20;20;20;20;20;20;20;20;18;15;6;3;44;10;42;41;40;39;
?;?;?;?;?;?;?;?;?;?;10;42;41;40;39;20;20;18;31;29;28;27;2;24;20;18;15;6;3;8;4;4;4;4;4;4;4;4;4;4;4;4;4;4;4;4;19;17;16;13;
?;?;?;?;?;?;?;?;?;?;9;5;2;24;20;20;20;20;20;20;20;20;20;20;20;20;20;18;15;6;3;8;4;4;4;4;4;4;4;4;4;4;4;4;4;4;4;4;4;4;
?;?;?;?;?;?;?;?;?;?;15;6;3;8;4;4;4;4;19;17;16;13;11;38;36;35;34;21;4;4;4;4;4;4;4;19;17;16;13;11;39;20;20;18;15;6;3;8;4;4;
?;?;?;?;?;?;?;?;?;?;4;4;4;4;4;4;4;4;19;17;16;13;11;39;20;20;20;20;20;20;20;18;15;6;3;8;4;4;4;4;19;17;16;13;11;39;20;20;20;20;
?;?;?;?;?;?;?;?;?;?;20;20;18;15;6;3;8;1;30;42;41;40;39;20;20;20;20;18;15;6;3;8;4;4;4;4;4;4;4;19;17;16;13;11;39;20;20;20;20;20;
?;?;?;?;?;?;?;?;?;?;19;17;16;13;11;39;20;20;20;20;20;20;20;20;20;18;15;6;3;8;4;19;17;16;13;38;36;35;34;21;4;4;4;4;19;17;16;13;11;39;
?;?;?;?;?;?;?;?;?;?;1;30;42;41;40;39;37;36;35;34;44;10;42;41;38;36;35;34;21;4;4;4;4;4;4;4;4;4;4;4;19;17;16;13;11;39;20;18;15;6;
?;?;?;?;?;?;?;?;?;?;1;30;42;41;40;39;20;18;15;6;3;8;4;4;4;4;4;4;4;4;4;4;4;4;4;4;4;4;4;4;19;17;16;13;11;39;20;18;15;6;
?;?;?;?;?;?;?;?;?;?;38;36;35;34;21;1;30;42;41;40;38;36;35;34;44;10;42;41;40;39;20;18;15;6;3;8;1;30;42;41;40;39;20;20;20;20;18;15;6;3;
?;?;?;?;?;?;?;?;?;?;1;30;42;41;40;39;37;36;35;34;21;4;4;4;4;4;4;4;4;4;4;19;17;16;13;11;39;20;20;20;20;20;20;20;20;18;15;6;3;8;
?;?;?;?;?;?;?;?;?;?;42;41;40;39;20;18;15;6;3;8;4;4;4;19;17;16;26;25;23;22;33;4;4;4;19;17;16;13;11;39;20;20;20;18;15;6;3;8;4;4;
?;?;?;?;?;?;?;?;?;?;38;36;35;34;21;1;30;42;41;40;39;20;20;20;18;31;29;28;0;7;14;12;4;4;4;4;4;4;4;4;4;4;4;4;19;17;16;13;11;39;
?;?;?;?;?;?;?;?;?;?;38;36;35;34;21;1;30;42;41;40;39;20;18;15;32;43;9;5;2;24;38;36;35;34;21;4;4;4;4;4;4;4;4;4;19;17;16;13;11;39;
?;?;?;?;?;?;?;?;?;?;19;17;16;13;11;38;36;35;34;21;4;4;4;4;4;4;19;17;16;13;11;39;20;20;20;20;20;18;15;6;3;44;10;42;41;40;38;36;35;34;
?;?;?;?;?;?;?;?;?;?;38;36;35;34;21;4;4;19;17;16;13;11;39;20;20;20;20;20;20;20;20;18;15;6;3;8;4;19;17;16;13;11;39;20;18;15;6;3;8;4;
?;?;?;?;?;?;?;?;?;?;36;35;34;21;4;19;17;16;13;11;39;37;36;35;34;21;4;19;17;16;13;11;39;20;20;20;20;20;20;20;20;20;18;15;6;3;8;4;4;4;
?;?;?;?;?;?;?;?;?;?;39;20;20;20;20;20;20;20;18;15;6;3;8;4;19;17;16;13;11;39;37;36;35;34;21;4;4;4;4;4;4;4;4;4;4;4;4;4;4;4;
?;?;?;?;?;?;?;?;?;?;21;4;4;4;4;19;17;16;13;11;39;20;20;18;15;6;3;8;4;19;17;16;13;11;39;20;20;20;20;18;15;6;3;8;4;4;4;4;4;19;
?;?;?;?;?;?;?;?;?;?;10;42;41;40;39;20;18;15;6;3;8;4;4;4;4;4;4;4;4;4;4;4;4;4;4;19;17;16;13;11;39;20;20;18;15;6;3;8;4;4;
?;?;?;?;?;?;?;?;?;?;37;36;35;34;21;4;19;17;16;26;25;23;22;33;4;4;19;17;26;25;23;22;33;4;4;4;4;4;4;4;4;4;4;4;4;4;19;17;16;13;
?;?;?;?;?;?;?;?;?;?;19;17;16;13;11;39;37;36;35;34;44;10;42;41;40;39;20;20;20;20;20;20;20;20;20;20;18;15;6;3;8;1;30;42;41;40;39;20;20;20;
?;?;?;?;?;?;?;?;?;?;1;30;42;41;40;38;36;35;34;44;10;42;41;40;38;36;35;34;21;4;4;4;19;17;16;13;11;39;20;20;20;20;20;20;20;20;20;20;18;15;
?;?;?;?;?;?;?;?;?;?;1;30;42;41;38;36;35;34;21;1;30;42;41;40;39;20;20;20;18;15;6;3;8;4;4;4;4;4;4;4;4;19;17;16;13;11;39;20;20;20;
?;?;?;?;?;?;?;?;?;?;36;35;34;44;10;42;41;40;39;37;36;35;34;21;4;4;19;17;16;13;11;39;20;20;20;18;15;6;3;8;4;4;4;4;4;4;4;4;4;19;
?;?;?;?;?;?;?;?;?;?;0;7;14;12;4;4;19;17;16;13;11;39;20;20;18;15;6;3;8;4;4;19;26;25;23;22;33;4;4;4;4;4;19;17;16;13;11;39;20;18;
?;?;?;?;?;?;?;?;?;?;20;20;20;20;20;20;20;20;20;20;18;15;6;3;8;4;4;4;4;4;4;4;4;4;4;4;4;4;4;4;4;4;4;4;4;4;4;4;19;17;
?;?;?;?;?;?;?;?;?;?;10;42;41;40;39;37;36;35;34;21;4;4;4;4;4;4;4;4;4;19;17;16;13;11;39;20;18;15;6;3;8;4;4;4;4;4;4;4;19;17;
?;?;?;?;?;?;?;?;?;?;3;8;4;4;4;19;17;16;13;11;39;20;20;20;20;20;20;20;20;18;15;6;3;8;4;4;4;4;4;4;19;17;16;13;11;39;37;36;35;34;
?;?;?;?;?;?;?;?;?;?;1;30;42;41;38;36;35;34;21;4;4;4;4;4;4;4;4;4;4;19;17;16;13;11;39;20;18;15;6;3;8;1;30;42;41;40;39;20;20;20;
?;?;?;?;?;?;?;?;?;?;36;35;34;21;4;19;17;16;13;11;38;36;35;34;21;4;4;4;4;4;4;19;17;16;13;11;39;20;20;20;20;20;20;18;15;6;3;8;4;19;
?;?;?;?;?;?;?;?;?;?;19;17;16;13;11;39;20;20;18;15;6;32;43;9;5;2;24;20;20;20;18;15;6;3;8;4;4;4;4;4;19;17;16;13;11;39;20;20;20;18;
?;?;?;?;?;?;?;?;?;?;20;18;15;6;3;8;4;4;4;19;17;16;26;25;23;22;33;4;4;4;4;4;4;4;4;19;17;16;13;11;39;20;20;20;20;20;20;20;20;20;
?;?;?;?;?;?;?;?;?;?;22;33;4;4;19;17;16;13;11;39;20;18;15;6;32;43;9;5;2;38;36;35;34;21;4;4;4;4;4;4;4;19;17;16;13;11;39;20;20;20;
?;?;?;?;?;?;?;?;?;?;43;9;5;2;24;20;20;20;20;20;20;20;20;20;20;18;15;6;3;8;4;4;4;4;4;4;19;17;16;13;11;39;20;20;20;20;18;15;6;3;
?;?;?;?;?;?;?;?;?;?;1;30;42;41;38;36;35;34;21;1;30;42;41;40;39;20;18;15;6;3;8;4;4;4;4;19;17;16;13;11;39;20;18;15;6;3;8;4;4;4;
?;?;?;?;?;?;?;?;?;?;43;9;5;2;24;20;20;18;15;6;3;8;4;19;17;26;25;23;22;33;4;4;4;4;4;4;4;4;4;4;4;4;4;4;4;4;4;4;4;4;
?;?;?;?;?;?;?;?;?;?;37;36;35;34;21;4;19;17;16;13;11;39;37;36;35;32;43;9;5;38;36;35;34;21;4;4;19;17;16;13;11;38;36;35;34;21;4;4;4;4;
?;?;?;?;?;?;?;?;?;?;38;36;35;34;21;1;30;42;41;40;39;20;20;20;20;20;20;20;20;20;18;15;6;3;8;4;4;4;4;4;4;4;4;19;17;16;13;11;39;20;
?;?;?;?;?;?;?;?;?;?;39;20;20;20;20;20;20;20;20;20;18;15;6;3;8;4;19;17;16;13;11;39;20;20;20;20;20;18;15;6;3;8;4;4;4;4;4;4;19;17;
?;?;?;?;?;?;?;?;?;?;1;30;42;41;40;38;36;35;34;21;4;4;4;4;4;4;4;4;4;4;4;19;17;16;13;38;36;35;34;21;1;30;42;41;38;36;35;34;21;4;
?;?;?;?;?;?;?;?;?;?;20;20;20;20;20;20;20;18;15;6;3;8;4;4;4;19;17;16;13;11;39;37;36;35;34;21;4;4;4;4;19;17;16;13;11;39;20;20;20;20;
?;?;?;?;?;?;?;?;?;?;4;19;17;16;13;38;36;35;34;44;10;42;41;40;39;20;20;18;15;6;3;8;4;4;19;17;16;13;11;39;20;20;20;20;20;20;20;20;20;18;
?;?;?;?;?;?;?;?;?;?;20;20;20;20;20;20;20;20;20;20;20;20;18;15;6;3;8;4;4;4;4;4;4;4;4;4;4;4;4;4;4;4;4;4;4;4;4;4;4;4;
?;?;?;?;?;?;?;?;?;?;4;4;4;4;4;4;19;17;16;13;11;39;20;20;20;18;15;6;3;8;4;4;4;4;4;4;4;19;17;16;13;11;39;20;20;20;20;18;15;6;
?;?;?;?;?;?;?;?;?;?;1;30;42;41;40;39;20;20;20;20;20;20;20;18;15;6;3;8;4;4;19;17;16;13;11;38;36;35;34;21;4;4;4;4;4;4;4;4;4;4;
?;?;?;?;?;?;?;?;?;?;1;30;42;41;38;36;35;34;21;4;4;19;17;16;13;11;39;20;20;20;20;20;20;20;20;18;15;6;3;8;4;4;4;19;17;16;13;11;39;20;
?;?;?;?;?;?;?;?;?;?;38;36;35;34;21;1;30;42;41;40;39;20;20;18;15;6;3;8;4;4;4;4;4;4;19;17;16;13;11;39;37;36;35;34;21;4;4;4;19;17;
?;?;?;?;?;?;?;?;?;?;20;20;20;20;20;20;18;15;6;3;8;4;4;4;4;19;17;16;13;11;39;20;20;20;20;20;20;18;15;6;3;8;4;4;4;4;4;4;4;4;
?;?;?;?;?;?;?;?;?;?;20;20;18;15;6;3;8;4;4;4;4;4;4;4;4;4;4;4;4;4;4;4;4;4;4;4;19;17;16;13;11;39;37;36;35;34;21;4;4;4;
?;?;?;?;?;?;?;?;?;?;39;20;20;20;20;20;18;15;6;3;8;4;4;4;4;19;17;16;13;11;39;20;18;15;6;3;8;4;4;4;4;4;4;19;17;16;13;11;39;37;
?;?;?;?;?;?;?;?;?;?;42;41;40;39;20;20;18;15;6;3;44;10;42;26;25;23;22;33;4;4;19;17;16;26;25;23;22;33;4;4;4;19;17;16;13;11;38;36;35;34;
?;?;?;?;?;?;?;?;?;?;38;36;35;34;21;4;4;4;19;17;16;13;11;39;20;20;20;20;20;20;18;15;6;3;8;4;4;19;17;16;13;11;39;20;20;20;20;20;20;20;
?;?;?;?;?;?;?;?;?;?;9;5;2;38;36;35;34;21;4;4;4;4;19;17;16;13;11;39;20;20;20;20;20;20;20;18;15;6;3;8;4;4;19;17;16;13;11;39;20;20;
?;?;?;?;?;?;?;?;?;?;1;30;42;41;40;38;36;35;34;44;10;42;41;40;39;37;36;35;34;44;10;42;41;40;39;20;20;20;18;15;6;3;8;4;4;4;4;19;17;16;
?;?;?;?;?;?;?;?;?;?;39;20;18;31;29;28;27;0;7;14;12;4;4;4;19;17;16;13;11;39;37;36;35;34;21;4;4;4;4;4;19;17;16;13;11;39;20;20;18;15;
?;?;?;?;?;?;?;?;?;?;39;20;18;15;6;3;8;4;4;4;4;4;4;19;17;16;13;11;39;20;20;20;20;18;15;6;3;8;4;4;4;4;19;17;16;13;11;39;20;20;
?;?;?;?;?;?;?;?;?;?;10;42;41;40;39;37;36;35;34;21;4;4;19;17;16;13;11;39;20;18;15;6;3;8;4;4;4;4;4;4;4;19;17;16;13;11;39;20;20;20;
?;?;?;?;?;?;?;?;?;?;10;42;41;40;38;36;35;34;21;1;30;42;41;40;39;20;18;15;6;3;8;4;4;4;4;19;17;16;13;11;39;20;20;20;18;15;6;3;8;4;
?;?;?;?;?;?;?;?;?;?;4;4;4;4;4;4;4;4;4;4;19;17;16;13;11;39;20;20;20;20;20;20;20;20;20;20;20;20;20;20;20;20;20;20;20;20;20;20;20;20;