?;?;?;?;?;?;?;?;?;?;?;?;?;?;0;245;237;235;223;220;189;190;4;4;4;4;4;4;4;14;168;163;162;149;61;55;53;42;32;25;24;19;11;10;189;190;177;1;145;138;
?;?;?;?;?;?;?;?;?;?;?;?;?;?;4;4;4;4;4;4;4;4;4;14;168;163;162;149;61;55;53;42;52;52;33;25;24;19;44;34;28;21;16;6;52;52;52;52;52;33;
?;?;?;?;?;?;?;?;?;?;?;?;?;?;189;190;4;4;14;168;163;162;149;61;55;53;42;32;25;24;19;11;10;189;190;4;4;4;4;4;14;168;163;162;149;61;55;53;42;52;
?;?;?;?;?;?;?;?;?;?;?;?;?;?;189;185;182;13;170;147;61;55;53;33;25;24;19;11;10;189;190;4;4;4;14;168;163;162;149;61;55;53;42;52;52;52;33;25;24;19;
?;?;?;?;?;?;?;?;?;?;?;?;?;?;168;163;162;149;61;55;53;42;52;52;52;52;52;52;52;52;52;52;52;33;25;24;19;11;10;189;190;4;4;4;14;168;163;162;149;61;
?;?;?;?;?;?;?;?;?;?;?;?;?;?;35;81;20;238;226;213;205;4;4;4;4;4;14;168;163;162;149;132;106;231;230;204;220;189;190;4;4;4;14;168;163;162;149;61;55;53;
?;?;?;?;?;?;?;?;?;?;?;?;?;?;0;245;237;235;223;220;189;190;177;164;142;8;3;73;72;71;70;193;187;184;175;172;149;61;55;53;42;52;52;52;33;25;24;19;11;10;
?;?;?;?;?;?;?;?;?;?;?;?;?;?;5;15;130;107;105;230;204;220;189;190;4;4;4;14;168;163;162;149;61;55;53;42;52;33;181;84;179;78;58;57;150;51;50;62;97;96;
?;?;?;?;?;?;?;?;?;?;?;?;?;?;43;85;82;79;2;61;55;53;33;25;24;19;11;10;189;185;182;13;170;147;61;55;53;42;52;52;52;52;52;52;33;25;24;87;180;27;
?;?;?;?;?;?;?;?;?;?;?;?;?;?;129;232;231;230;204;220;176;167;173;5;15;61;131;75;105;87;180;27;157;155;240;225;211;206;196;195;189;190;177;1;145;138;148;128;106;231;
?;?;?;?;?;?;?;?;?;?;?;?;?;?;6;52;33;25;24;19;11;10;189;190;4;4;4;4;4;4;4;4;14;168;163;162;149;61;131;75;88;35;81;20;60;59;90;56;152;151;
?;?;?;?;?;?;?;?;?;?;?;?;?;?;4;14;168;163;162;149;61;55;53;42;32;25;24;19;11;10;189;190;4;4;4;4;4;14;168;163;162;149;61;55;53;33;25;24;19;11;
?;?;?;?;?;?;?;?;?;?;?;?;?;?;2;61;55;53;42;52;52;52;52;52;33;25;24;19;11;43;85;82;79;129;232;231;230;204;220;189;190;4;4;4;14;168;163;162;149;61;
?;?;?;?;?;?;?;?;?;?;?;?;?;?;79;2;61;55;33;25;24;19;11;10;189;190;4;4;4;4;14;168;163;162;149;61;55;53;42;52;52;52;33;25;24;19;11;10;189;185;
?;?;?;?;?;?;?;?;?;?;?;?;?;?;189;190;4;4;14;168;163;162;149;61;55;53;42;52;52;33;25;24;87;180;27;157;155;154;41;92;33;25;24;19;11;10;189;190;4;4;
?;?;?;?;?;?;?;?;?;?;?;?;?;?;25;24;19;11;10;189;190;177;1;145;138;148;61;55;53;33;25;24;19;11;10;189;185;182;13;166;217;216;210;204;220;189;190;4;4;14;
?;?;?;?;?;?;?;?;?;?;?;?;?;?;2;61;55;53;42;52;52;52;33;25;24;19;11;10;189;190;177;1;145;138;148;61;55;33;25;24;19;11;10;189;190;4;4;4;4;4;
?;?;?;?;?;?;?;?;?;?;?;?;?;?;15;130;107;105;230;204;43;85;82;79;2;61;131;75;88;35;81;20;60;59;90;56;152;33;25;88;35;81;20;60;59;90;33;25;24;19;
?;?;?;?;?;?;?;?;?;?;?;?;?;?;6;52;52;33;25;24;19;11;10;189;190;4;4;4;4;4;4;4;14;168;163;162;149;61;55;53;33;25;24;19;11;10;189;190;4;4;
?;?;?;?;?;?;?;?;?;?;?;?;?;?;44;34;28;21;16;6;129;232;231;230;44;34;28;21;16;6;52;33;25;24;19;11;10;189;190;4;4;4;4;4;4;4;4;14;168;242;
?;?;?;?;?;?;?;?;?;?;?;?;?;?;52;52;52;52;52;52;33;25;24;19;11;10;189;190;4;4;14;168;163;162;149;61;55;53;42;52;33;25;24;19;11;10;189;190;4;4;
?;?;?;?;?;?;?;?;?;?;?;?;?;?;6;52;52;33;25;24;19;11;10;189;190;4;4;4;4;14;168;163;162;149;61;55;53;33;25;24;19;11;10;189;190;4;4;4;14;168;
?;?;?;?;?;?;?;?;?;?;?;?;?;?;2;129;232;231;230;204;220;189;190;4;4;4;4;4;4;4;4;4;4;4;4;4;14;168;163;162;149;61;55;53;42;32;25;24;19;11;
?;?;?;?;?;?;?;?;?;?;?;?;?;?;190;4;4;4;4;4;14;168;163;162;149;61;55;53;42;52;52;52;52;52;52;52;33;25;24;19;11;10;189;190;4;14;168;163;162;149;
?;?;?;?;?;?;?;?;?;?;?;?;?;?;5;15;61;55;53;42;32;25;24;19;11;10;189;190;4;4;14;168;163;162;149;61;55;53;33;25;24;19;11;10;189;190;4;4;4;4;
?;?;?;?;?;?;?;?;?;?;?;?;?;?;129;232;231;230;204;220;176;167;173;5;15;61;131;75;105;230;44;34;28;21;16;6;52;52;52;52;52;52;52;33;25;24;19;11;10;189;
?;?;?;?;?;?;?;?;?;?;?;?;?;?;44;34;28;21;16;6;129;232;231;230;204;220;189;190;4;4;4;4;4;4;4;14;168;163;162;132;106;231;230;204;220;189;190;4;4;4;
?;?;?;?;?;?;?;?;?;?;?;?;?;?;10;189;185;182;13;170;129;232;231;230;204;220;189;190;4;4;4;14;168;163;162;149;61;55;53;42;52;52;33;25;24;19;11;10;189;190;
?;?;?;?;?;?;?;?;?;?;?;?;?;?;25;24;19;11;10;189;190;177;1;145;138;148;61;131;75;105;230;204;220;189;190;4;14;168;163;162;132;106;231;230;204;220;189;190;4;14;
?;?;?;?;?;?;?;?;?;?;?;?;?;?;4;4;4;4;4;14;168;163;162;149;61;55;53;42;52;52;52;52;52;52;52;52;52;52;52;52;52;52;33;25;24;19;11;10;189;190;
?;?;?;?;?;?;?;?;?;?;?;?;?;?;204;43;85;82;79;2;61;55;53;33;25;24;19;11;10;189;190;4;4;4;14;168;163;162;149;61;55;53;42;52;52;52;52;52;52;52;
?;?;?;?;?;?;?;?;?;?;?;?;?;?;4;4;4;4;14;168;163;162;149;61;55;53;42;32;25;24;19;11;43;85;82;79;2;61;55;53;42;52;33;25;24;19;11;10;189;190;
?;?;?;?;?;?;?;?;?;?;?;?;?;?;4;4;4;4;4;4;4;14;168;163;162;149;61;55;53;33;181;84;179;78;58;57;150;51;50;62;97;96;63;52;52;52;52;52;52;33;
?;?;?;?;?;?;?;?;?;?;?;?;?;?;2;129;232;231;230;44;34;28;21;16;6;52;33;25;24;19;11;10;189;190;4;4;4;4;4;4;4;14;168;163;162;149;61;55;53;33;
?;?;?;?;?;?;?;?;?;?;?;?;?;?;204;220;189;190;4;4;4;4;4;4;14;168;163;162;149;61;131;75;105;230;204;220;189;185;182;13;170;147;61;55;53;42;52;52;52;33;
?;?;?;?;?;?;?;?;?;?;?;?;?;?;24;19;11;10;189;190;4;4;4;4;4;14;168;163;162;149;61;55;53;42;52;52;52;52;52;52;52;52;33;25;24;19;11;10;189;190;
?;?;?;?;?;?;?;?;?;?;?;?;?;?;41;92;91;63;52;52;52;52;52;33;25;24;19;11;10;189;190;4;4;4;4;4;4;4;4;4;4;4;4;4;4;14;168;163;162;149;
?;?;?;?;?;?;?;?;?;?;?;?;?;?;230;44;34;28;21;218;143;140;135;69;43;85;82;240;225;211;206;196;195;189;190;4;14;168;163;162;149;61;55;53;33;25;24;19;11;10;
?;?;?;?;?;?;?;?;?;?;?;?;?;?;52;33;25;24;19;11;10;189;185;182;13;170;147;61;55;53;33;25;24;19;11;10;189;190;177;1;145;138;148;61;55;53;33;25;24;19;
?;?;?;?;?;?;?;?;?;?;?;?;?;?;24;19;11;10;189;190;4;4;14;168;163;162;149;132;106;231;230;204;220;189;190;4;4;4;4;4;4;14;168;163;162;149;61;55;53;42;
?;?;?;?;?;?;?;?;?;?;?;?;?;?;220;176;167;173;5;15;61;55;53;42;52;52;52;33;25;24;19;11;10;189;190;4;4;4;4;4;4;4;4;4;4;14;168;163;162;149;
?;?;?;?;?;?;?;?;?;?;?;?;?;?;44;34;28;21;16;6;52;33;25;24;19;11;43;85;239;227;139;207;202;201;200;192;4;4;4;4;4;4;4;4;14;168;163;162;149;61;
?;?;?;?;?;?;?;?;?;?;?;?;?;?;4;4;4;4;4;14;168;163;162;149;61;55;53;42;52;52;52;52;52;52;52;52;33;25;24;19;11;10;189;190;4;4;4;4;4;4;
?;?;?;?;?;?;?;?;?;?;?;?;?;?;0;245;237;235;223;220;189;185;182;13;170;147;61;55;33;25;24;19;11;43;85;82;79;2;61;55;53;42;52;52;52;52;52;52;52;52;
?;?;?;?;?;?;?;?;?;?;?;?;?;?;2;61;131;75;105;230;204;43;85;82;79;2;61;55;53;42;52;33;25;24;19;11;10;189;190;4;4;4;4;4;4;4;4;4;4;4;
?;?;?;?;?;?;?;?;?;?;?;?;?;?;6;129;232;231;230;204;220;189;185;182;13;170;147;61;131;75;105;230;204;220;189;190;177;1;145;138;148;61;55;53;33;25;24;19;11;10;
?;?;?;?;?;?;?;?;?;?;?;?;?;?;230;44;34;28;21;16;6;52;52;33;25;24;19;11;10;189;190;4;4;4;4;14;168;163;162;149;61;55;53;42;32;25;24;19;11;10;
?;?;?;?;?;?;?;?;?;?;?;?;?;?;145;166;217;54;49;48;47;40;39;38;18;26;12;127;87;180;27;157;155;154;41;92;91;63;52;33;25;24;19;11;10;189;190;4;4;4;
?;?;?;?;?;?;?;?;?;?;?;?;?;?;43;85;82;79;2;61;55;53;42;52;52;52;52;52;52;52;33;25;24;19;11;10;189;190;4;4;14;168;163;162;132;106;231;230;204;220;
?;?;?;?;?;?;?;?;?;?;?;?;?;?;32;25;24;19;11;10;189;190;4;4;4;4;4;4;4;14;168;163;162;132;106;231;230;204;220;176;167;173;5;15;61;55;53;42;52;52;
?;?;?;?;?;?;?;?;?;?;?;?;?;?;52;52;52;52;52;52;52;52;33;25;24;19;11;10;189;190;4;4;4;4;4;4;4;4;14;168;163;162;149;132;106;231;230;204;220;189;
?;?;?;?;?;?;?;?;?;?;?;?;?;?;19;11;10;189;190;177;1;145;138;148;61;55;53;42;32;25;24;19;11;10;189;190;4;4;4;4;4;4;4;4;4;4;4;4;4;4;
?;?;?;?;?;?;?;?;?;?;?;?;?;?;25;24;19;11;10;189;190;4;14;168;163;162;132;106;231;230;204;220;189;190;4;4;4;4;4;4;4;4;4;4;4;4;4;4;4;4;
?;?;?;?;?;?;?;?;?;?;?;?;?;?;15;61;55;53;42;52;52;52;52;52;33;25;24;19;11;10;189;190;4;4;14;168;163;162;149;61;55;33;25;24;19;11;10;189;190;4;
?;?;?;?;?;?;?;?;?;?;?;?;?;?;10;189;190;4;4;4;4;14;168;163;162;132;106;231;230;204;220;189;190;177;1;145;138;132;106;231;230;204;220;189;190;4;4;4;4;4;
?;?;?;?;?;?;?;?;?;?;?;?;?;?;6;129;232;231;230;204;220;176;167;173;0;245;237;235;223;220;176;167;173;5;15;61;131;75;105;230;204;220;189;190;4;4;4;14;168;163;
?;?;?;?;?;?;?;?;?;?;?;?;?;?;204;43;85;82;79;2;61;55;53;42;52;33;25;24;19;11;10;189;190;4;4;14;168;163;162;149;61;55;33;25;24;87;180;27;157;155;
?;?;?;?;?;?;?;?;?;?;?;?;?;?;204;220;189;185;182;165;144;141;136;104;126;125;123;121;117;101;66;53;42;52;52;52;52;52;52;52;52;33;25;24;19;11;10;189;190;4;
?;?;?;?;?;?;?;?;?;?;?;?;?;?;168;163;162;149;61;55;33;25;24;87;180;27;157;155;154;41;92;91;63;52;52;52;33;25;24;19;11;43;85;82;79;2;61;55;53;33;
?;?;?;?;?;?;?;?;?;?;?;?;?;?;70;193;4;4;4;4;4;4;4;4;4;4;4;4;4;4;14;168;163;162;149;61;55;53;42;52;52;52;52;52;52;52;52;52;52;52;
?;?;?;?;?;?;?;?;?;?;?;?;?;?;33;25;24;19;11;10;189;190;4;14;168;163;162;149;61;55;53;33;25;24;19;11;10;189;190;4;4;4;4;4;4;4;4;4;4;4;
?;?;?;?;?;?;?;?;?;?;?;?;?;?;220;176;167;173;5;15;61;131;75;105;230;204;43;85;82;79;2;129;232;231;230;204;43;85;82;240;225;211;206;196;195;189;190;4;4;4;
?;?;?;?;?;?;?;?;?;?;?;?;?;?;220;176;167;173;5;15;61;131;75;105;230;204;43;85;82;79;2;61;55;53;42;52;52;52;52;52;52;33;25;24;19;11;10;189;190;4;
?;?;?;?;?;?;?;?;?;?;?;?;?;?;5;15;61;55;53;42;52;52;52;52;52;33;25;24;19;11;43;85;82;79;2;129;232;231;230;204;220;189;185;182;13;170;147;61;131;75;
?;?;?;?;?;?;?;?;?;?;?;?;?;?;204;43;85;82;79;2;61;131;75;105;230;204;220;189;190;4;4;4;4;4;4;4;14;168;163;162;132;106;231;230;204;43;85;82;79;2;
?;?;?;?;?;?;?;?;?;?;?;?;?;?;2;61;55;53;33;25;24;19;11;10;189;190;177;1;145;138;148;61;55;53;33;25;24;19;11;10;189;190;4;14;168;163;162;149;61;55;
?;?;?;?;?;?;?;?;?;?;?;?;?;?;61;131;75;105;230;204;43;85;82;79;129;232;231;230;204;220;189;185;182;13;170;147;61;55;53;42;52;52;33;25;24;19;11;10;189;190;
?;?;?;?;?;?;?;?;?;?;?;?;?;?;15;130;107;105;230;44;34;28;21;16;6;129;232;231;230;204;43;85;82;240;225;211;206;196;195;189;190;177;1;145;138;148;128;106;231;230;
?;?;?;?;?;?;?;?;?;?;?;?;?;?;15;61;131;75;105;230;44;34;28;21;16;6;129;232;231;230;204;43;85;82;79;2;129;232;231;230;204;220;176;167;173;5;15;61;55;53;
?;?;?;?;?;?;?;?;?;?;?;?;?;?;4;4;4;4;4;4;4;4;4;14;168;163;162;149;61;55;53;42;52;52;52;52;52;52;52;52;52;52;52;52;52;52;52;52;33;25;
?;?;?;?;?;?;?;?;?;?;?;?;?;?;6;129;232;231;230;204;220;189;190;177;1;145;138;148;61;55;53;42;52;33;25;24;19;11;10;189;185;182;13;170;147;61;55;33;25;24;
?;?;?;?;?;?;?;?;?;?;?;?;?;?;185;182;13;170;147;61;55;53;42;32;25;24;19;11;10;189;190;4;4;4;14;168;163;162;149;61;55;53;42;32;25;24;19;11;10;189;
?;?;?;?;?;?;?;?;?;?;?;?;?;?;220;189;185;182;13;170;147;61;55;53;42;52;52;33;25;24;19;11;10;189;190;177;1;145;138;148;61;55;53;42;32;25;24;19;11;10;
?;?;?;?;?;?;?;?;?;?;?;?;?;?;61;131;75;105;230;204;220;176;167;173;5;15;61;131;75;105;230;44;34;28;21;16;6;52;52;52;33;25;24;19;11;10;189;190;4;4;
?;?;?;?;?;?;?;?;?;?;?;?;?;?;204;43;85;82;79;129;232;231;230;204;220;189;190;4;14;168;163;162;149;61;55;53;42;52;33;25;88;35;81;20;60;59;90;56;152;151;
?;?;?;?;?;?;?;?;?;?;?;?;?;?;21;16;6;52;52;52;33;25;24;19;11;10;189;190;4;4;4;4;4;4;4;4;4;4;4;4;4;4;4;4;4;4;4;4;4;4;
?;?;?;?;?;?;?;?;?;?;?;?;?;?;44;34;28;21;16;6;129;232;231;230;204;220;189;190;4;4;14;168;163;162;149;61;131;75;105;230;204;43;85;82;79;2;61;55;53;42;
?;?;?;?;?;?;?;?;?;?;?;?;?;?;220;189;185;182;13;170;147;61;55;53;42;52;52;52;52;33;25;24;19;11;10;189;190;4;4;4;4;4;4;14;168;163;162;149;61;55;
?;?;?;?;?;?;?;?;?;?;?;?;?;?;204;220;176;167;173;5;129;232;231;230;44;34;28;21;16;6;52;52;52;33;25;24;19;11;10;189;190;4;4;14;168;163;162;149;61;55;
?;?;?;?;?;?;?;?;?;?;?;?;?;?;6;129;232;231;230;204;220;176;167;173;5;15;61;55;33;25;24;19;11;10;189;190;4;4;4;4;4;4;4;14;168;163;162;149;61;55;
?;?;?;?;?;?;?;?;?;?;?;?;?;?;204;220;189;190;177;1;145;138;148;61;55;53;42;52;33;25;24;19;11;10;189;190;4;14;168;163;162;149;61;55;53;42;52;52;52;52;
?;?;?;?;?;?;?;?;?;?;?;?;?;?;220;176;167;173;5;15;61;55;33;25;24;19;11;10;189;190;4;4;4;4;4;4;4;4;4;4;4;4;14;168;163;162;149;61;55;53;
?;?;?;?;?;?;?;?;?;?;?;?;?;?;5;129;232;231;230;204;220;189;185;182;13;170;147;61;55;53;42;52;33;25;24;19;11;10;189;190;177;1;145;138;148;61;55;53;42;52;
?;?;?;?;?;?;?;?;?;?;?;?;?;?;52;52;52;33;25;24;19;11;10;189;190;4;14;168;163;162;149;61;131;75;105;230;204;220;189;190;4;4;4;4;14;168;163;162;149;61;
?;?;?;?;?;?;?;?;?;?;?;?;?;?;204;220;176;167;173;5;15;130;107;105;230;204;220;189;190;4;4;4;4;4;4;4;4;14;168;163;162;149;61;55;53;42;52;52;52;52;
?;?;?;?;?;?;?;?;?;?;?;?;?;?;230;204;43;85;82;79;129;232;231;230;204;220;176;167;173;0;245;237;235;223;220;189;185;182;13;166;217;216;210;204;220;189;190;4;14;168;
?;?;?;?;?;?;?;?;?;?;?;?;?;?;6;129;232;231;230;204;220;189;190;4;4;4;4;4;4;4;4;14;168;163;162;149;61;55;33;25;24;19;11;10;189;190;177;1;145;138;
?;?;?;?;?;?;?;?;?;?;?;?;?;?;52;52;52;52;52;33;25;24;19;11;10;189;190;4;4;4;14;168;163;162;149;61;131;75;105;230;204;220;189;190;4;4;4;4;14;168;
?;?;?;?;?;?;?;?;?;?;?;?;?;?;2;129;232;231;230;44;34;28;21;16;6;129;232;231;230;204;220;189;190;4;14;168;163;162;149;61;55;53;42;52;52;52;52;52;52;52;
?;?;?;?;?;?;?;?;?;?;?;?;?;?;35;81;20;60;59;233;76;74;68;69;43;85;82;79;2;61;55;53;42;32;25;24;19;11;10;189;190;177;1;145;138;148;61;131;75;105;
?;?;?;?;?;?;?;?;?;?;?;?;?;?;231;230;204;220;189;185;182;13;170;147;61;55;53;33;25;24;19;11;10;189;190;4;4;14;168;163;162;149;61;55;53;42;52;52;52;52;
?;?;?;?;?;?;?;?;?;?;?;?;?;?;25;24;19;11;10;189;190;4;4;14;168;163;162;132;106;231;230;204;220;189;190;4;14;168;163;162;149;61;55;33;25;24;19;11;43;85;
?;?;?;?;?;?;?;?;?;?;?;?;?;?;170;147;61;131;75;105;230;204;220;189;190;4;4;4;4;4;14;168;163;162;149;61;55;53;42;52;52;52;52;52;52;52;52;52;52;52;
?;?;?;?;?;?;?;?;?;?;?;?;?;?;230;44;34;28;21;16;6;129;232;231;230;44;34;28;21;16;166;217;216;210;204;220;189;190;4;14;168;242;229;215;209;203;224;221;192;4;
?;?;?;?;?;?;?;?;?;?;?;?;?;?;15;61;55;53;33;181;84;179;78;58;57;150;33;25;24;19;44;34;28;21;16;6;52;52;52;52;33;25;24;19;11;10;189;190;4;4;
?;?;?;?;?;?;?;?;?;?;?;?;?;?;15;61;131;75;105;230;44;34;28;21;16;6;52;52;52;52;52;52;52;52;33;25;24;19;11;10;189;190;4;4;4;4;4;4;4;4;
?;?;?;?;?;?;?;?;?;?;?;?;?;?;129;232;231;230;204;43;85;82;79;2;61;131;75;105;230;204;220;189;190;4;14;168;163;162;149;61;55;53;42;52;52;52;52;52;52;52;
?;?;?;?;?;?;?;?;?;?;?;?;?;?;220;189;185;182;13;170;147;61;131;75;105;230;204;220;189;190;4;4;4;14;168;163;162;149;61;55;53;42;52;52;52;52;52;52;52;33;
?;?;?;?;?;?;?;?;?;?;?;?;?;?;170;147;61;55;33;25;24;87;180;27;157;155;154;41;92;91;63;52;52;52;52;33;25;24;19;11;10;189;190;4;4;4;14;168;163;162;
?;?;?;?;?;?;?;?;?;?;?;?;?;?;220;189;190;177;164;142;8;3;73;72;71;176;167;173;5;15;61;55;53;42;52;52;52;52;52;52;52;52;52;52;52;33;25;24;19;11;
?;?;?;?;?;?;?;?;?;?;?;?;?;?;230;204;43;85;82;79;129;232;231;230;44;34;28;21;16;6;52;52;52;52;52;52;33;25;24;19;11;10;189;190;4;4;14;168;163;162;
?;?;?;?;?;?;?;?;?;?;?;?;?;?;4;14;168;163;162;149;61;55;53;42;52;52;52;52;33;25;24;19;11;43;85;82;79;2;61;55;53;42;52;33;25;24;19;11;10;189;
?;?;?;?;?;?;?;?;?;?;?;?;?;?;90;56;152;33;25;24;19;11;10;189;190;4;4;4;4;4;14;168;163;162;149;61;55;53;42;52;33;25;24;19;11;10;189;190;4;4;
?;?;?;?;?;?;?;?;?;?;?;?;?;?;4;14;168;163;162;149;61;55;53;42;52;52;52;52;52;52;52;52;52;52;52;52;52;52;52;52;33;25;24;19;11;10;189;190;4;4;
?;?;?;?;?;?;?;?;?;?;?;?;?;?;19;11;43;85;82;79;2;61;131;75;105;230;204;220;189;190;4;4;4;4;14;168;163;162;149;61;131;75;105;230;204;220;189;190;4;4;
?;?;?;?;?;?;?;?;?;?;?;?;?;?;204;43;85;82;79;2;61;55;53;42;52;52;52;52;33;25;24;87;180;238;226;213;205;4;4;4;4;4;4;4;4;4;4;4;4;4;
?;?;?;?;?;?;?;?;?;?;?;?;?;?;204;220;189;190;4;4;4;4;4;4;4;14;168;163;162;149;61;55;53;42;52;52;52;52;52;52;52;52;52;33;25;24;19;11;10;189;
?;?;?;?;?;?;?;?;?;?;?;?;?;?;2;129;232;231;230;204;220;189;190;177;1;242;229;215;209;203;224;221;192;4;4;4;4;14;168;163;162;149;61;55;53;42;52;52;52;52;
?;?;?;?;?;?;?;?;?;?;?;?;?;?;15;61;55;53;42;52;52;52;52;52;52;33;25;24;19;11;43;85;82;240;225;211;206;196;195;189;190;4;4;4;4;4;14;168;163;162;
?;?;?;?;?;?;?;?;?;?;?;?;?;?;220;176;167;173;5;15;130;107;105;230;204;220;176;167;173;5;129;232;231;230;204;220;189;190;177;1;145;138;148;61;55;53;33;25;24;19;
?;?;?;?;?;?;?;?;?;?;?;?;?;?;5;129;232;231;159;158;124;122;119;103;93;92;91;63;52;52;52;52;52;52;33;25;24;19;11;10;189;190;4;4;4;4;4;4;14;168;
?;?;?;?;?;?;?;?;?;?;?;?;?;?;5;129;232;231;230;204;220;176;167;248;9;236;234;222;219;176;167;173;5;15;61;55;53;33;25;24;19;11;10;189;190;4;4;4;4;14;
?;?;?;?;?;?;?;?;?;?;?;?;?;?;34;28;21;16;6;52;52;33;25;24;19;11;10;189;190;4;4;14;168;163;162;149;61;55;33;25;24;19;11;10;189;190;4;4;4;4;
?;?;?;?;?;?;?;?;?;?;?;?;?;?;2;129;232;231;230;204;220;189;185;182;13;170;147;61;55;53;42;52;33;25;24;19;11;10;189;185;182;13;170;147;61;55;53;33;25;24;
?;?;?;?;?;?;?;?;?;?;?;?;?;?;5;15;61;55;53;33;25;24;19;11;10;189;190;4;4;4;4;14;168;163;162;149;61;55;53;42;52;52;52;52;33;25;24;87;180;27;
?;?;?;?;?;?;?;?;?;?;?;?;?;?;230;204;220;176;167;173;5;15;61;55;53;42;32;25;24;19;11;10;189;190;4;4;14;168;163;162;149;61;131;75;88;35;81;20;60;59;
?;?;?;?;?;?;?;?;?;?;?;?;?;?;129;232;231;230;204;43;85;82;79;2;61;55;53;42;52;52;33;25;24;19;11;10;189;190;177;1;145;138;148;61;55;33;25;24;19;11;
?;?;?;?;?;?;?;?;?;?;?;?;?;?;225;211;206;196;195;189;190;4;4;4;4;4;4;4;4;4;4;4;4;4;4;14;168;163;162;149;61;55;53;42;52;52;52;52;52;52;
?;?;?;?;?;?;?;?;?;?;?;?;?;?;52;52;52;52;33;25;24;19;11;10;189;190;4;14;168;163;162;149;61;55;53;33;25;24;19;11;10;189;190;4;4;4;4;4;4;4;
?;?;?;?;?;?;?;?;?;?;?;?;?;?;44;34;28;21;16;166;217;216;210;204;220;189;185;182;13;170;147;129;232;231;230;204;43;85;82;79;129;232;231;230;204;220;189;190;4;4;
?;?;?;?;?;?;?;?;?;?;?;?;?;?;10;189;190;4;4;4;4;4;4;4;4;4;4;14;168;163;166;217;216;210;204;220;176;167;173;5;15;61;55;53;42;52;52;52;52;52;
?;?;?;?;?;?;?;?;?;?;?;?;?;?;204;220;189;190;4;4;4;4;4;4;4;14;168;163;162;149;61;55;53;42;52;52;52;33;25;24;19;11;10;189;190;177;1;145;138;148;
?;?;?;?;?;?;?;?;?;?;?;?;?;?;52;52;52;52;52;33;25;24;19;11;10;189;185;182;13;170;147;129;232;231;230;204;220;189;190;4;4;4;4;14;168;163;162;132;106;231;
?;?;?;?;?;?;?;?;?;?;?;?;?;?;204;43;85;82;79;2;129;232;231;230;204;43;85;82;79;2;61;55;53;42;52;33;25;24;19;11;10;189;190;177;1;145;138;148;61;55;
?;?;?;?;?;?;?;?;?;?;?;?;?;?;1;145;138;148;61;55;53;42;32;25;24;19;11;10;189;185;182;13;170;147;61;55;53;42;32;25;24;19;11;10;189;190;4;4;4;4;
?;?;?;?;?;?;?;?;?;?;?;?;?;?;204;43;85;82;79;2;61;55;33;181;84;179;78;58;57;241;228;212;208;199;198;197;190;4;4;4;4;4;4;4;4;4;4;4;14;168;
?;?;?;?;?;?;?;?;?;?;?;?;?;?;11;10;189;190;4;4;4;4;4;4;4;4;4;4;4;4;4;4;4;4;4;4;4;4;4;4;4;14;168;163;162;149;61;55;33;25;
?;?;?;?;?;?;?;?;?;?;?;?;?;?;6;129;232;231;230;204;220;189;190;4;4;4;4;4;14;168;163;162;149;61;131;75;105;230;204;220;189;190;4;4;4;4;4;4;4;4;
?;?;?;?;?;?;?;?;?;?;?;?;?;?;2;61;55;53;42;52;52;52;52;33;25;24;19;11;10;189;190;4;14;168;163;162;149;61;55;53;42;32;25;24;19;11;10;189;185;182;
?;?;?;?;?;?;?;?;?;?;?;?;?;?;52;52;52;52;52;33;25;24;19;11;10;189;190;4;4;4;4;4;4;4;14;168;163;162;149;132;106;231;230;204;220;189;190;4;4;14;
?;?;?;?;?;?;?;?;?;?;?;?;?;?;11;10;189;185;182;13;170;147;61;55;53;42;32;25;24;19;11;10;189;190;4;4;4;14;168;163;162;149;61;55;53;33;25;24;19;11;
?;?;?;?;?;?;?;?;?;?;?;?;?;?;138;148;61;55;53;42;52;52;52;52;52;52;52;52;52;52;52;52;52;52;52;52;33;25;24;19;11;10;189;190;4;4;4;4;4;4;
?;?;?;?;?;?;?;?;?;?;?;?;?;?;230;204;43;85;82;79;2;61;55;53;42;52;52;52;52;52;52;52;52;52;52;52;52;52;33;181;84;179;78;58;238;226;213;205;4;4;
?;?;?;?;?;?;?;?;?;?;?;?;?;?;204;220;189;190;4;4;4;4;14;168;163;162;149;61;55;53;42;52;52;52;52;52;52;52;52;52;52;52;52;52;52;52;52;52;52;52;
?;?;?;?;?;?;?;?;?;?;?;?;?;?;19;11;10;189;190;4;14;168;163;162;149;61;55;33;25;24;19;11;10;189;190;4;4;4;4;4;4;4;4;14;168;163;162;149;61;55;
?;?;?;?;?;?;?;?;?;?;?;?;?;?;52;52;52;52;33;25;24;19;11;10;189;190;4;4;4;4;4;4;4;4;4;4;14;168;163;162;149;61;131;75;105;230;204;220;189;190;
?;?;?;?;?;?;?;?;?;?;?;?;?;?;44;34;28;21;16;166;217;216;210;204;220;189;185;182;13;170;147;61;55;33;25;24;87;180;27;157;155;154;41;33;25;24;87;180;27;157;
?;?;?;?;?;?;?;?;?;?;?;?;?;?;?;120;116;118;102;67;42;52;33;25;24;19;11;10;176;164;142;8;3;73;72;71;70;193;4;14;168;163;162;149;132;106;231;230;204;220;
?;?;?;?;?;?;?;?;?;?;?;?;?;?;204;220;189;190;177;1;145;138;148;61;55;53;42;32;25;24;19;11;10;189;190;4;14;168;163;162;149;61;55;53;42;52;52;52;52;52;
?;?;?;?;?;?;?;?;?;?;?;?;?;?;4;4;14;168;163;162;149;61;55;53;42;52;52;52;52;52;33;25;24;19;11;10;189;190;4;4;4;4;4;4;4;4;4;4;4;4;
?;?;?;?;?;?;?;?;?;?;?;?;?;?;182;13;170;129;232;231;230;204;43;85;239;227;139;207;202;201;200;192;186;183;174;171;148;61;131;75;105;230;204;220;189;190;177;1;145;138;
?;?;?;?;?;?;?;?;?;?;?;?;?;?;6;129;232;231;230;204;220;189;190;4;4;4;4;14;168;163;162;149;61;55;53;42;32;25;24;19;11;10;189;185;182;13;166;217;216;210;
?;?;?;?;?;?;?;?;?;?;?;?;?;?;2;129;232;231;230;204;43;85;82;79;129;232;231;230;204;220;189;185;182;13;170;147;61;55;53;42;52;52;52;52;52;52;33;25;24;87;
?;?;?;?;?;?;?;?;?;?;?;?;?;?;43;85;82;79;2;61;55;53;42;52;52;52;52;52;52;33;25;24;19;11;10;189;190;4;4;4;14;168;163;162;149;61;55;53;33;25;
?;?;?;?;?;?;?;?;?;?;?;?;?;?;0;245;237;235;223;220;189;190;177;1;145;138;148;61;55;53;42;52;52;52;52;33;25;24;19;11;10;189;190;177;1;145;138;148;61;55;
?;?;?;?;?;?;?;?;?;?;?;?;?;?;129;232;231;230;204;220;189;185;182;13;170;129;232;231;230;204;43;85;82;79;2;129;232;231;230;204;220;176;167;173;5;15;61;55;53;42;
?;?;?;?;?;?;?;?;?;?;?;?;?;?;204;43;85;82;79;2;61;131;75;105;230;204;43;85;82;240;225;211;206;45;36;29;22;17;7;41;33;25;24;19;11;10;189;190;4;4;
?;?;?;?;?;?;?;?;?;?;?;?;?;?;220;189;185;182;13;170;147;61;131;75;105;230;204;220;189;190;4;4;4;4;14;168;163;162;149;61;55;53;42;52;52;52;52;52;52;33;
?;?;?;?;?;?;?;?;?;?;?;?;?;?;15;61;55;33;25;24;19;11;10;189;190;4;14;168;163;162;149;61;55;53;42;32;25;24;19;11;10;176;167;173;5;15;61;55;53;33;
?;?;?;?;?;?;?;?;?;?;?;?;?;?;52;52;52;52;52;52;52;52;52;52;33;25;24;19;11;10;189;190;4;4;4;4;4;4;4;4;4;4;4;4;4;4;4;4;4;4;
?;?;?;?;?;?;?;?;?;?;?;?;?;?;43;85;82;79;2;61;55;53;33;25;24;19;11;43;85;82;79;2;61;55;53;42;52;52;52;33;25;24;19;11;10;189;190;4;4;4;
?;?;?;?;?;?;?;?;?;?;?;?;?;?;105;230;204;220;189;190;4;4;14;168;163;162;149;61;55;53;42;52;33;25;24;19;11;10;189;190;177;1;145;138;148;61;131;75;105;230;
?;?;?;?;?;?;?;?;?;?;?;?;?;?;204;43;85;82;79;2;61;55;33;25;24;19;11;10;189;190;4;4;4;4;4;4;4;4;4;4;4;4;4;4;4;14;168;163;162;149;
?;?;?;?;?;?;?;?;?;?;?;?;?;?;44;34;28;21;16;166;217;216;210;204;43;85;82;79;2;61;55;53;33;25;24;19;11;10;189;190;4;14;168;163;162;149;61;55;53;42;
?;?;?;?;?;?;?;?;?;?;?;?;?;?;220;189;190;4;4;4;4;4;4;4;4;4;14;168;242;229;215;209;203;224;221;176;167;173;5;15;61;55;33;25;24;19;11;10;189;190;
?;?;?;?;?;?;?;?;?;?;?;?;?;?;52;52;52;52;52;52;52;33;25;24;19;11;10;189;190;4;4;4;4;4;4;4;4;4;4;4;4;4;14;168;163;162;149;61;55;53;
?;?;?;?;?;?;?;?;?;?;?;?;?;?;43;85;82;79;2;61;55;33;25;24;19;11;43;85;82;79;129;232;231;230;204;43;85;82;79;2;61;55;33;25;24;19;44;34;28;21;
?;?;?;?;?;?;?;?;?;?;?;?;?;?;220;176;167;173;5;15;61;131;75;105;230;204;220;176;167;173;5;15;61;55;53;42;52;52;52;52;33;25;24;19;11;43;85;82;79;2;
?;?;?;?;?;?;?;?;?;?;?;?;?;?;168;163;162;149;61;55;53;42;52;52;52;33;25;24;19;11;10;189;190;4;4;4;4;4;4;14;168;163;162;149;61;131;75;105;230;204;
?;?;?;?;?;?;?;?;?;?;?;?;?;?;162;149;61;55;53;42;52;52;33;25;24;19;11;10;189;190;4;14;168;163;162;149;61;55;53;42;52;52;33;25;24;19;11;10;189;190;
?;?;?;?;?;?;?;?;?;?;?;?;?;?;61;131;75;105;230;204;220;189;185;182;13;170;147;61;55;53;42;52;52;52;52;52;33;25;24;19;11;10;189;190;4;4;4;14;168;163;
?;?;?;?;?;?;?;?;?;?;?;?;?;?;6;52;52;33;25;24;19;11;10;189;190;4;4;4;4;4;4;4;4;4;4;14;168;163;162;149;61;55;53;42;52;52;52;52;52;52;
?;?;?;?;?;?;?;?;?;?;?;?;?;?;149;61;55;53;42;52;52;52;52;52;33;25;24;19;11;10;189;190;4;4;4;4;14;168;163;162;149;61;55;53;42;52;52;52;52;52;
?;?;?;?;?;?;?;?;?;?;?;?;?;?;5;129;232;231;230;44;34;28;21;16;6;129;232;231;230;204;220;189;185;182;13;166;217;216;210;204;43;85;82;79;2;61;55;53;33;25;
?;?;?;?;?;?;?;?;?;?;?;?;?;?;5;129;232;231;230;204;43;85;82;79;2;61;55;53;42;52;52;52;33;25;24;19;11;10;189;190;4;4;14;168;163;166;217;216;210;204;
?;?;?;?;?;?;?;?;?;?;?;?;?;?;214;134;194;191;176;167;173;5;15;61;55;53;42;32;25;24;19;11;10;189;190;4;4;14;168;163;162;149;61;55;53;33;25;24;19;11;
?;?;?;?;?;?;?;?;?;?;?;?;?;?;220;189;190;4;4;4;4;14;168;163;162;149;61;131;75;105;230;204;220;176;167;173;5;15;61;55;53;42;52;52;52;33;25;24;19;11;
?;?;?;?;?;?;?;?;?;?;?;?;?;?;4;4;4;4;4;4;4;4;4;14;168;163;162;149;61;55;53;33;25;24;19;11;10;189;190;177;1;145;138;148;61;55;53;42;52;52;
?;?;?;?;?;?;?;?;?;?;?;?;?;?;5;15;61;131;75;105;230;204;220;189;185;182;13;170;147;61;131;75;105;230;204;220;189;190;4;14;168;163;162;149;61;55;53;33;25;24;
?;?;?;?;?;?;?;?;?;?;?;?;?;?;4;4;4;14;168;163;162;149;132;106;231;230;204;220;189;190;4;14;168;163;162;149;61;55;33;25;24;19;11;10;189;190;4;4;4;4;
?;?;?;?;?;?;?;?;?;?;?;?;?;?;4;4;4;4;4;4;4;4;4;4;4;4;4;4;14;168;163;162;149;61;55;53;42;52;52;52;52;52;52;52;52;52;52;52;52;33;
?;?;?;?;?;?;?;?;?;?;?;?;?;?;2;61;55;33;25;24;19;11;10;189;190;4;4;4;4;4;14;168;163;162;149;132;106;231;230;204;220;189;190;177;1;145;138;148;61;55;
?;?;?;?;?;?;?;?;?;?;?;?;?;?;204;43;85;82;79;2;61;131;75;105;230;204;220;189;190;4;4;4;4;4;4;4;4;4;4;4;4;4;4;4;4;4;14;168;163;162;
?;?;?;?;?;?;?;?;?;?;?;?;?;?;220;176;167;173;5;15;61;131;75;88;35;81;20;60;59;233;76;74;68;44;34;28;21;16;6;52;52;52;33;25;24;19;11;10;176;167;
?;?;?;?;?;?;?;?;?;?;?;?;?;?;163;162;149;61;55;33;25;24;19;11;10;189;190;4;4;4;4;4;14;168;163;162;149;61;55;53;42;52;33;25;24;19;11;10;189;190;
?;?;?;?;?;?;?;?;?;?;?;?;?;?;2;61;55;53;42;52;52;52;52;52;52;33;25;24;19;11;10;189;190;4;4;4;4;4;4;4;4;4;14;168;163;162;149;61;131;75;
?;?;?;?;?;?;?;?;?;?;?;?;?;?;204;43;85;82;79;129;232;231;230;204;220;189;190;177;1;145;138;148;61;55;53;42;52;52;33;25;24;19;11;10;189;190;4;4;4;4;
?;?;?;?;?;?;?;?;?;?;?;?;?;?;24;19;11;10;189;190;177;1;145;138;148;61;55;53;42;52;52;52;52;33;25;24;19;11;10;189;190;4;4;4;4;14;168;163;162;149;
?;?;?;?;?;?;?;?;?;?;?;?;?;?;204;220;189;185;182;13;170;147;61;55;53;42;52;52;33;25;24;19;11;10;189;190;4;4;4;4;4;4;4;4;4;4;4;4;14;168;
?;?;?;?;?;?;?;?;?;?;?;?;?;?;218;143;140;135;69;195;189;190;4;4;4;4;4;4;4;4;4;14;168;163;166;217;216;210;204;220;189;190;4;4;14;168;163;162;149;61;
?;?;?;?;?;?;?;?;?;?;?;?;?;?;129;232;231;230;204;220;176;167;173;5;15;130;107;105;230;204;220;176;167;173;5;15;61;55;53;42;52;52;52;52;52;33;25;24;19;11;
?;?;?;?;?;?;?;?;?;?;?;?;?;?;6;129;232;231;230;204;220;189;190;4;4;4;4;4;4;4;4;14;168;163;162;149;61;55;53;42;52;52;52;52;52;52;52;52;52;52;
?;?;?;?;?;?;?;?;?;?;?;?;?;?;220;176;167;173;5;15;61;55;53;42;52;52;52;52;52;52;52;52;33;25;24;19;44;34;28;21;16;166;217;216;210;204;220;189;190;4;
?;?;?;?;?;?;?;?;?;?;?;?;?;?;85;82;79;2;61;55;53;33;25;24;19;11;10;189;190;4;4;4;4;4;4;4;4;4;4;4;14;168;163;162;149;61;55;53;33;25;
?;?;?;?;?;?;?;?;?;?;?;?;?;?;166;217;216;210;204;43;85;82;79;2;61;55;33;25;24;19;11;43;85;82;79;129;232;231;230;204;220;189;190;4;4;4;4;4;4;14;
?;?;?;?;?;?;?;?;?;?;?;?;?;?;2;61;131;75;105;87;180;27;157;155;154;41;92;91;33;25;24;19;11;10;189;190;4;4;4;4;4;4;4;4;4;4;4;4;4;4;
?;?;?;?;?;?;?;?;?;?;?;?;?;?;87;180;27;247;244;214;134;194;191;197;190;177;1;145;138;148;128;106;231;230;44;34;28;21;16;6;129;232;231;230;204;220;189;190;4;4;
?;?;?;?;?;?;?;?;?;?;?;?;?;?;44;34;28;21;16;6;52;33;25;24;19;44;34;28;21;16;6;129;232;231;230;204;220;189;190;4;4;4;4;4;4;14;168;163;162;149;
?;?;?;?;?;?;?;?;?;?;?;?;?;?;220;189;185;182;13;170;147;61;55;53;42;52;52;52;52;52;52;33;25;24;19;11;43;85;82;79;129;232;231;230;204;220;176;167;173;5;
?;?;?;?;?;?;?;?;?;?;?;?;?;?;204;220;189;190;4;4;4;4;14;168;163;162;149;61;55;53;42;32;25;24;19;11;10;189;190;4;14;168;163;162;149;61;55;53;42;52;
?;?;?;?;?;?;?;?;?;?;?;?;?;?;204;220;189;185;182;165;144;141;136;104;126;125;123;121;117;101;66;53;42;52;33;25;24;19;11;10;189;190;4;4;14;168;163;162;149;61;
?;?;?;?;?;?;?;?;?;?;?;?;?;?;44;34;28;21;16;6;52;33;25;24;19;11;43;85;82;79;2;61;55;33;25;24;19;11;10;189;190;177;1;145;138;148;61;131;75;105;
?;?;?;?;?;?;?;?;?;?;?;?;?;?;204;220;189;185;182;13;170;147;61;55;53;42;52;52;52;33;25;24;19;11;10;189;190;4;4;14;168;163;162;149;61;55;53;42;52;33;
?;?;?;?;?;?;?;?;?;?;?;?;?;?;44;34;28;21;16;6;52;33;25;24;19;11;10;189;190;4;4;4;4;4;4;4;4;4;4;4;4;4;4;14;168;163;162;149;61;55;
?;?;?;?;?;?;?;?;?;?;?;?;?;?;19;11;10;189;185;182;13;170;147;61;55;33;25;24;19;11;10;189;190;177;1;145;138;148;61;55;53;42;52;33;25;24;19;11;10;189;
?;?;?;?;?;?;?;?;?;?;?;?;?;?;204;43;85;82;79;129;232;231;230;204;43;85;82;79;2;61;131;75;105;230;204;220;176;167;173;5;15;61;55;33;25;24;87;180;27;157;
?;?;?;?;?;?;?;?;?;?;?;?;?;?;2;61;131;75;105;87;180;27;157;155;154;41;33;25;24;19;11;10;176;164;142;8;3;73;72;71;70;193;4;4;4;4;4;14;168;163;
?;?;?;?;?;?;?;?;?;?;?;?;?;?;52;52;33;25;24;19;11;10;189;190;4;4;4;4;4;14;168;163;162;132;106;231;230;204;43;85;82;79;2;61;55;53;42;52;52;52;
?;?;?;?;?;?;?;?;?;?;?;?;?;?;4;4;4;4;4;14;168;163;162;149;61;55;53;42;32;25;24;19;11;10;189;190;4;4;4;4;14;168;163;162;149;61;55;53;42;52;
?;?;?;?;?;?;?;?;?;?;?;?;?;?;44;34;28;21;16;6;52;52;33;25;24;19;11;10;189;190;4;4;4;14;168;163;162;149;61;131;75;105;230;204;220;189;190;4;4;4;
?;?;?;?;?;?;?;?;?;?;?;?;?;?;52;52;52;52;52;52;52;33;25;24;19;11;10;189;190;4;4;4;4;4;4;4;4;4;4;4;4;4;4;4;4;4;4;14;168;163;
?;?;?;?;?;?;?;?;?;?;?;?;?;?;19;11;10;189;190;4;4;4;4;4;4;4;4;14;168;163;162;149;61;55;53;33;25;24;19;11;10;189;190;4;4;14;168;163;162;149;
?;?;?;?;?;?;?;?;?;?;?;?;?;?;6;129;232;231;230;204;220;189;185;182;13;170;147;129;232;231;230;204;220;189;190;4;14;168;163;162;149;61;55;53;42;32;25;24;19;11;
?;?;?;?;?;?;?;?;?;?;?;?;?;?;52;52;33;25;24;19;11;10;176;167;173;5;129;232;231;230;204;220;189;190;4;4;4;4;4;4;4;4;4;4;4;4;14;168;163;162;
?;?;?;?;?;?;?;?;?;?;?;?;?;?;35;81;20;60;240;225;211;206;196;195;189;185;182;13;170;147;61;55;53;42;52;52;52;52;52;52;52;33;25;24;19;11;10;189;185;182;
?;?;?;?;?;?;?;?;?;?;?;?;?;?;145;138;132;106;115;112;110;108;99;161;156;56;152;151;96;63;52;52;52;52;52;52;52;33;25;24;19;11;10;189;185;182;13;170;129;232;
?;?;?;?;?;?;?;?;?;?;?;?;?;?;2;61;131;75;105;87;180;27;157;155;240;225;211;206;196;195;189;190;4;4;14;168;163;162;149;61;55;53;42;52;52;52;52;52;52;52;
?;?;?;?;?;?;?;?;?;?;?;?;?;?;2;129;232;231;230;204;43;85;82;79;2;61;55;33;25;24;19;11;10;189;190;4;4;14;168;163;162;149;61;55;53;42;32;25;24;19;
?;?;?;?;?;?;?;?;?;?;?;?;?;?;52;52;52;52;52;52;33;25;24;19;11;10;189;190;4;4;4;4;4;4;4;4;4;4;14;168;163;162;149;61;55;53;33;25;24;19;
?;?;?;?;?;?;?;?;?;?;?;?;?;?;204;220;176;167;173;5;15;61;55;53;42;52;52;52;33;25;24;19;11;10;189;190;4;4;4;4;4;4;4;4;4;4;4;14;168;163;
?;?;?;?;?;?;?;?;?;?;?;?;?;?;216;210;204;220;189;190;4;4;4;4;4;4;14;168;163;162;149;61;55;53;42;52;52;33;25;24;19;11;10;189;190;177;1;145;138;148;
?;?;?;?;?;?;?;?;?;?;?;?;?;?;14;168;163;162;149;61;55;53;42;52;52;52;52;52;52;52;52;52;52;52;52;52;52;52;33;25;24;19;11;10;189;190;4;4;4;4;
?;?;?;?;?;?;?;?;?;?;?;?;?;?;230;204;220;189;190;4;4;4;4;4;4;14;168;163;162;149;61;55;53;42;52;52;52;52;33;25;24;19;11;10;189;185;182;13;170;147;
?;?;?;?;?;?;?;?;?;?;?;?;?;?;220;176;167;173;5;15;61;55;33;25;24;87;180;27;157;155;154;41;33;25;24;19;11;10;189;190;4;4;4;14;168;163;162;149;61;55;
?;?;?;?;?;?;?;?;?;?;?;?;?;?;232;231;230;204;220;176;167;173;5;15;130;107;105;87;180;27;157;155;154;41;92;33;25;24;19;11;10;189;190;4;4;4;4;14;168;163;
?;?;?;?;?;?;?;?;?;?;?;?;?;?;147;61;55;53;42;52;52;33;25;24;19;11;10;189;190;177;1;145;138;148;61;55;53;42;32;25;24;19;11;43;85;82;240;225;211;206;
?;?;?;?;?;?;?;?;?;?;?;?;?;?;230;204;43;85;82;79;2;61;55;53;42;32;25;24;19;11;10;189;190;4;4;4;4;4;4;14;168;163;162;149;61;55;53;42;52;52;
?;?;?;?;?;?;?;?;?;?;?;?;?;?;0;245;237;235;223;220;176;167;173;5;15;61;131;75;105;230;204;220;189;190;4;14;168;163;162;149;61;55;53;42;32;25;24;19;11;10;
?;?;?;?;?;?;?;?;?;?;?;?;?;?;4;4;14;168;163;162;149;61;55;53;42;32;25;24;19;44;34;28;21;16;6;52;33;25;24;19;11;10;189;190;4;4;4;4;4;14;
?;?;?;?;?;?;?;?;?;?;?;?;?;?;220;189;190;4;4;4;4;4;14;168;163;162;149;61;55;53;42;32;25;24;19;11;10;189;190;4;4;4;4;4;4;14;168;163;162;149;
?;?;?;?;?;?;?;?;?;?;?;?;?;?;6;129;232;231;230;204;43;85;82;79;2;61;55;53;42;32;25;24;19;11;10;189;190;4;4;4;4;4;4;4;4;4;4;4;14;168;
?;?;?;?;?;?;?;?;?;?;?;?;?;?;5;15;130;107;105;230;204;43;85;82;79;2;61;55;53;42;52;33;25;24;19;11;10;189;190;4;14;168;163;162;149;61;55;53;33;25;
?;?;?;?;?;?;?;?;?;?;?;?;?;?;204;43;85;82;79;129;232;231;230;204;220;189;190;177;1;242;229;215;209;203;224;221;176;167;173;5;15;61;55;53;42;52;52;52;52;52;
?;?;?;?;?;?;?;?;?;?;?;?;?;?;147;61;55;53;42;52;52;52;52;52;52;52;33;25;88;35;81;20;60;59;90;56;152;33;25;24;19;11;10;189;185;182;13;170;147;61;
?;?;?;?;?;?;?;?;?;?;?;?;?;?;15;61;131;89;86;111;109;100;65;153;51;33;25;24;19;11;10;189;185;182;13;170;147;61;55;53;42;32;25;24;19;11;10;189;185;182;
?;?;?;?;?;?;?;?;?;?;?;?;?;?;204;43;85;82;79;129;232;231;230;204;220;189;190;177;1;145;138;148;61;55;53;42;52;52;52;52;52;33;25;24;19;11;10;189;190;4;
?;?;?;?;?;?;?;?;?;?;?;?;?;?;149;61;55;33;25;24;87;180;27;157;155;154;41;92;91;33;25;24;19;11;10;189;185;182;13;170;147;61;55;53;33;25;88;35;81;20;
?;?;?;?;?;?;?;?;?;?;?;?;?;?;52;52;52;52;52;52;33;25;24;19;11;10;189;190;4;4;4;4;4;4;4;4;4;4;14;168;163;162;149;61;55;53;42;52;52;52;
?;?;?;?;?;?;?;?;?;?;?;?;?;?;6;52;33;25;24;19;11;10;189;190;4;4;4;4;4;4;4;4;14;168;163;162;132;106;231;230;44;34;28;21;16;6;52;33;25;24;
?;?;?;?;?;?;?;?;?;?;?;?;?;?;2;129;232;231;230;44;34;28;21;16;6;129;232;231;230;204;220;189;190;4;4;4;4;4;4;4;4;4;4;14;168;163;162;149;61;55;
?;?;?;?;?;?;?;?;?;?;?;?;?;?;24;87;180;27;157;155;154;41;33;25;24;19;11;10;189;190;4;4;4;4;4;4;4;14;168;163;162;149;61;55;53;33;25;24;19;11;
?;?;?;?;?;?;?;?;?;?;?;?;?;?;220;176;167;173;5;15;61;131;75;105;87;180;27;157;155;154;41;33;25;24;19;11;10;189;190;4;14;168;163;162;149;61;55;53;42;52;
?;?;?;?;?;?;?;?;?;?;?;?;?;?;4;4;4;4;4;4;4;4;4;4;4;14;168;163;162;149;61;55;53;42;52;52;52;52;52;52;52;52;52;52;33;25;24;19;11;10;
?;?;?;?;?;?;?;?;?;?;?;?;?;?;5;15;61;131;75;105;230;204;220;189;190;4;4;14;168;163;162;149;61;55;33;25;24;19;11;10;176;167;173;5;15;61;55;53;42;52;
?;?;?;?;?;?;?;?;?;?;?;?;?;?;166;217;216;210;204;220;176;167;173;5;15;61;55;53;42;52;52;52;52;52;52;52;52;52;52;52;52;52;33;25;24;19;11;10;189;190;
?;?;?;?;?;?;?;?;?;?;?;?;?;?;1;145;138;148;61;55;53;42;52;52;52;33;25;24;19;11;10;189;190;4;4;4;14;168;163;162;132;106;231;230;204;220;189;190;4;14;
?;?;?;?;?;?;?;?;?;?;?;?;?;?;87;180;27;157;155;240;225;211;206;196;195;189;190;177;1;145;166;217;216;210;204;220;189;190;177;1;145;138;148;61;55;53;42;52;33;25;
?;?;?;?;?;?;?;?;?;?;?;?;?;?;190;4;4;4;4;4;14;168;163;162;149;61;55;53;42;52;52;52;52;52;52;52;52;52;52;52;52;52;33;25;24;19;11;10;189;185;
?;?;?;?;?;?;?;?;?;?;?;?;?;?;52;52;52;52;52;52;52;52;33;25;24;19;11;10;189;190;4;4;4;4;4;4;14;168;242;229;215;209;203;224;221;192;4;4;4;4;
?;?;?;?;?;?;?;?;?;?;?;?;?;?;193;187;184;175;172;149;61;55;53;42;32;25;24;19;11;10;189;190;177;1;145;138;148;61;55;53;42;52;33;25;24;19;11;10;176;167;
?;?;?;?;?;?;?;?;?;?;?;?;?;?;44;34;28;21;16;6;52;33;25;24;19;11;10;189;190;4;4;4;4;4;4;4;4;4;4;4;4;4;4;4;4;4;4;4;14;168;
?;?;?;?;?;?;?;?;?;?;?;?;?;?;4;4;14;168;163;162;149;61;55;53;42;52;52;52;52;52;52;52;33;25;24;19;44;34;28;21;16;6;52;33;25;24;19;11;10;189;
?;?;?;?;?;?;?;?;?;?;?;?;?;?;166;217;216;210;204;220;189;190;177;1;145;138;148;61;55;53;42;52;52;52;33;25;24;19;44;34;28;21;16;6;129;232;231;230;204;220;
?;?;?;?;?;?;?;?;?;?;?;?;?;?;129;232;231;230;204;220;189;185;182;13;170;147;61;55;53;42;52;52;52;52;52;52;33;25;24;19;11;10;189;190;4;4;4;4;4;4;
?;?;?;?;?;?;?;?;?;?;?;?;?;?;4;14;168;163;162;149;61;55;33;25;24;19;11;10;189;190;177;1;145;138;148;61;55;53;42;52;52;52;52;52;52;52;52;52;52;52;
?;?;?;?;?;?;?;?;?;?;?;?;?;?;10;189;190;4;4;14;168;163;166;217;54;49;48;47;40;39;38;18;94;151;33;25;24;19;11;10;189;190;4;4;4;14;168;163;162;149;
?;?;?;?;?;?;?;?;?;?;?;?;?;?;4;4;4;14;168;163;162;149;61;55;53;33;25;24;19;11;10;176;167;173;5;15;61;55;53;42;32;25;24;19;11;10;189;190;4;4;
?;?;?;?;?;?;?;?;?;?;?;?;?;?;11;10;189;190;4;4;4;14;168;163;162;149;61;55;53;42;52;52;52;52;52;52;52;52;33;25;24;19;11;10;189;190;177;1;145;166;
?;?;?;?;?;?;?;?;?;?;?;?;?;?;138;148;61;55;53;42;52;52;52;52;52;52;52;52;52;52;52;52;52;52;52;33;25;24;19;11;43;85;82;79;2;61;55;33;25;24;
?;?;?;?;?;?;?;?;?;?;?;?;?;?;2;61;55;53;42;32;25;24;19;11;10;189;190;4;4;4;4;4;4;4;4;4;4;4;4;4;14;168;163;162;149;61;131;75;105;230;
?;?;?;?;?;?;?;?;?;?;?;?;?;?;52;52;52;52;52;52;52;33;25;24;19;11;10;189;185;182;13;170;147;61;131;75;105;230;204;220;189;190;4;4;4;4;4;4;4;4;
?;?;?;?;?;?;?;?;?;?;?;?;?;?;2;129;232;231;230;204;220;176;167;173;5;15;61;55;53;42;52;52;52;52;52;33;25;24;19;11;10;176;167;173;5;15;61;55;53;42;
?;?;?;?;?;?;?;?;?;?;?;?;?;?;168;163;162;149;61;55;53;33;25;24;19;11;10;189;185;182;13;170;147;61;55;53;42;52;33;25;24;19;11;10;189;190;4;4;4;4;
?;?;?;?;?;?;?;?;?;?;?;?;?;?;204;220;189;185;182;13;170;147;61;55;53;42;52;52;33;25;24;19;11;10;189;190;4;4;4;4;14;168;163;162;149;61;55;53;42;52;
?;?;?;?;?;?;?;?;?;?;?;?;?;?;204;220;176;167;173;5;129;232;231;230;204;220;189;185;182;13;166;217;216;210;204;220;189;190;177;1;145;138;148;61;55;53;42;52;52;52;
?;?;?;?;?;?;?;?;?;?;?;?;?;?;52;52;33;25;24;19;11;10;189;190;4;4;4;4;4;4;14;168;163;162;149;61;55;53;42;52;52;52;52;52;33;25;24;19;11;10;
?;?;?;?;?;?;?;?;?;?;?;?;?;?;61;131;75;105;230;204;220;189;185;182;13;170;129;232;231;230;44;34;28;21;16;6;52;52;52;52;52;52;52;52;52;52;52;52;52;52;
?;?;?;?;?;?;?;?;?;?;?;?;?;?;4;4;4;4;4;14;168;163;162;149;61;55;53;42;52;52;52;52;33;25;24;19;11;10;189;190;4;4;14;168;163;162;132;106;115;112;
?;?;?;?;?;?;?;?;?;?;?;?;?;?;52;52;52;52;52;52;52;52;52;33;25;24;19;11;10;189;190;4;4;4;4;4;4;4;4;4;4;4;4;4;4;4;4;4;4;4;
?;?;?;?;?;?;?;?;?;?;?;?;?;?;230;204;220;176;167;173;5;15;61;55;53;42;52;52;52;52;52;33;25;24;19;11;10;189;190;4;4;4;4;4;4;14;168;163;162;149;
?;?;?;?;?;?;?;?;?;?;?;?;?;?;167;173;5;15;61;55;53;42;52;52;52;52;33;25;24;19;11;10;189;190;4;4;4;14;164;142;8;3;73;72;71;176;167;173;5;15;
?;?;?;?;?;?;?;?;?;?;?;?;?;?;4;4;4;4;4;4;4;4;14;168;163;162;149;61;55;53;42;52;52;52;52;52;52;52;52;33;25;24;19;11;10;189;190;4;4;4;
?;?;?;?;?;?;?;?;?;?;?;?;?;?;204;220;176;167;173;5;15;61;55;53;42;52;52;52;52;52;33;25;24;19;11;10;189;190;4;4;4;4;4;14;168;163;162;149;61;55;
?;?;?;?;?;?;?;?;?;?;?;?;?;?;204;220;189;190;177;1;145;138;148;61;55;53;42;52;52;33;25;24;19;11;10;189;190;4;4;4;4;14;168;163;162;149;61;55;53;42;
?;?;?;?;?;?;?;?;?;?;?;?;?;?;44;34;28;21;16;6;52;52;52;52;52;52;52;52;52;33;25;24;19;11;10;189;190;4;4;4;4;4;4;4;4;4;4;4;14;168;
?;?;?;?;?;?;?;?;?;?;?;?;?;?;204;43;85;82;79;2;61;55;33;25;24;19;11;10;189;190;4;4;14;168;163;162;132;106;231;230;204;43;85;82;79;2;61;55;53;42;
?;?;?;?;?;?;?;?;?;?;?;?;?;?;44;34;28;21;16;6;52;33;25;24;19;11;10;189;190;4;4;4;4;4;4;4;4;4;4;4;4;14;168;163;162;149;61;55;33;25;
?;?;?;?;?;?;?;?;?;?;?;?;?;?;221;192;186;183;174;171;148;61;55;53;33;25;24;87;180;27;157;155;154;41;92;91;63;52;52;52;52;52;52;52;52;33;25;24;19;11;
?;?;?;?;?;?;?;?;?;?;?;?;?;?;27;157;155;240;225;211;206;196;195;189;190;4;4;4;4;4;4;4;14;168;163;162;149;61;55;53;33;25;24;19;11;10;189;190;4;4;
?;?;?;?;?;?;?;?;?;?;?;?;?;?;15;61;55;53;42;52;52;52;52;52;52;52;52;33;25;24;19;11;10;189;190;4;4;4;4;4;4;4;4;4;4;4;4;4;4;4;
?;?;?;?;?;?;?;?;?;?;?;?;?;?;204;43;85;82;79;129;232;231;230;204;220;189;185;182;13;170;147;61;55;53;42;52;52;52;52;52;52;52;52;52;52;52;52;52;52;33;
?;?;?;?;?;?;?;?;?;?;?;?;?;?;220;189;190;4;14;168;163;162;132;106;231;230;204;220;189;190;4;4;4;4;4;4;14;168;163;162;149;61;55;53;42;52;52;52;52;52;
?;?;?;?;?;?;?;?;?;?;?;?;?;?;52;52;52;33;25;24;19;11;10;189;190;4;4;4;4;4;4;4;4;4;4;14;168;163;162;149;61;131;75;105;230;204;220;189;190;177;
?;?;?;?;?;?;?;?;?;?;?;?;?;?;204;43;85;82;79;2;61;131;75;88;35;81;20;238;226;213;205;4;4;4;4;4;4;14;168;163;162;149;61;55;53;42;52;52;52;52;
?;?;?;?;?;?;?;?;?;?;?;?;?;?;4;4;14;168;163;162;149;61;55;53;42;52;52;33;25;24;19;11;10;176;167;173;5;15;61;55;53;42;32;25;24;19;11;10;189;190;
?;?;?;?;?;?;?;?;?;?;?;?;?;?;204;220;176;167;173;5;15;61;55;33;181;84;179;78;58;57;150;51;50;33;25;24;19;11;10;189;190;4;4;4;4;4;4;4;4;4;
?;?;?;?;?;?;?;?;?;?;?;?;?;?;204;220;176;167;173;5;15;61;131;75;88;35;81;20;60;240;225;211;206;196;195;189;190;177;1;145;138;148;61;55;53;42;52;52;52;52;
?;?;?;?;?;?;?;?;?;?;?;?;?;?;92;91;33;25;24;19;11;10;189;190;4;4;14;168;163;162;149;61;55;53;33;25;24;19;11;10;189;190;4;4;14;168;163;162;149;61;
?;?;?;?;?;?;?;?;?;?;?;?;?;?;230;204;220;189;190;4;4;4;4;14;168;163;162;149;61;55;53;33;25;24;19;44;34;28;21;16;6;52;52;52;52;52;52;52;52;52;
?;?;?;?;?;?;?;?;?;?;?;?;?;?;220;189;190;177;1;145;138;148;61;55;53;42;52;52;52;33;25;24;19;11;10;189;185;182;13;170;147;61;55;53;33;25;24;19;11;10;
?;?;?;?;?;?;?;?;?;?;?;?;?;?;2;61;131;75;105;230;204;220;189;190;4;4;4;4;4;14;168;163;162;149;61;55;53;33;25;24;19;11;10;189;190;4;4;4;4;4;
?;?;?;?;?;?;?;?;?;?;?;?;?;?;52;52;52;52;52;52;52;52;33;25;24;19;11;10;189;190;177;1;145;138;148;61;131;75;105;230;204;220;189;190;4;4;4;4;4;4;
?;?;?;?;?;?;?;?;?;?;?;?;?;?;35;81;20;60;59;233;76;74;68;69;43;85;82;79;2;61;131;75;105;230;204;220;189;190;4;4;4;4;4;4;14;168;163;162;149;61;
?;?;?;?;?;?;?;?;?;?;?;?;?;?;41;33;25;24;87;180;27;157;155;154;41;92;33;25;24;19;11;10;189;190;4;4;14;168;163;162;149;61;55;53;42;52;52;52;52;52;
?;?;?;?;?;?;?;?;?;?;?;?;?;?;142;8;3;73;72;178;169;146;137;77;101;66;53;33;25;24;19;11;10;176;167;173;5;15;61;55;53;42;52;33;25;24;19;11;10;189;
?;?;?;?;?;?;?;?;?;?;?;?;?;?;15;61;131;75;105;230;204;220;189;190;4;4;4;14;168;163;162;149;61;55;53;42;52;52;52;52;52;33;25;24;19;11;10;189;190;4;
?;?;?;?;?;?;?;?;?;?;?;?;?;?;4;4;4;4;14;168;163;162;149;61;55;53;42;32;25;24;19;11;10;189;190;4;4;14;168;163;162;149;61;55;53;42;52;52;52;52;
?;?;?;?;?;?;?;?;?;?;?;?;?;?;189;190;177;1;145;138;148;128;106;231;230;204;220;189;190;4;4;14;168;163;162;149;61;55;53;42;52;52;52;52;52;52;52;52;33;25;
?;?;?;?;?;?;?;?;?;?;?;?;?;?;61;55;33;25;24;19;11;10;189;185;182;13;170;147;61;55;53;42;32;25;24;19;11;10;189;190;177;1;145;138;132;106;231;230;204;220;
?;?;?;?;?;?;?;?;?;?;?;?;?;?;147;61;131;75;88;35;81;20;60;59;90;56;152;151;96;63;52;52;52;52;52;33;25;24;19;11;10;189;190;4;4;4;4;4;4;4;
?;?;?;?;?;?;?;?;?;?;?;?;?;?;204;220;189;185;164;142;8;3;73;72;71;70;46;37;30;166;217;216;210;204;220;176;167;173;5;15;61;55;53;42;52;52;52;52;52;33;
?;?;?;?;?;?;?;?;?;?;?;?;?;?;168;163;162;149;61;55;53;42;52;52;52;52;52;52;52;52;52;52;52;52;52;52;52;33;25;24;19;11;10;189;190;177;1;145;138;148;
?;?;?;?;?;?;?;?;?;?;?;?;?;?;61;55;53;33;25;24;87;180;27;247;244;214;134;194;191;197;190;4;4;4;4;4;4;4;4;14;168;163;162;149;61;131;75;105;230;204;
?;?;?;?;?;?;?;?;?;?;?;?;?;?;4;4;4;4;4;14;168;163;162;149;61;55;53;42;52;52;52;52;52;52;52;33;25;24;19;11;10;189;185;182;13;170;147;61;131;75;
?;?;?;?;?;?;?;?;?;?;?;?;?;?;220;189;190;177;164;142;8;3;73;72;178;169;146;137;77;101;66;53;33;25;24;19;44;34;28;21;16;6;52;52;52;52;52;52;52;52;
?;?;?;?;?;?;?;?;?;?;?;?;?;?;230;204;220;176;167;173;5;15;130;107;105;230;44;34;28;21;16;6;52;52;52;52;52;52;33;25;24;19;11;10;189;190;4;4;4;4;
?;?;?;?;?;?;?;?;?;?;?;?;?;?;35;81;20;60;59;90;33;25;24;19;11;10;189;190;4;4;4;4;4;4;4;14;168;163;162;149;61;55;53;42;52;52;33;25;24;19;
?;?;?;?;?;?;?;?;?;?;?;?;?;?;220;189;190;177;1;145;138;148;128;106;115;112;110;108;99;161;156;56;152;151;33;25;24;19;11;43;85;82;79;2;61;55;53;33;25;24;
?;?;?;?;?;?;?;?;?;?;?;?;?;?;44;34;28;21;16;6;129;232;231;230;204;220;189;190;4;4;4;4;4;4;4;14;168;163;162;149;61;55;33;25;24;19;11;10;189;190;
?;?;?;?;?;?;?;?;?;?;?;?;?;?;52;33;25;24;19;11;10;189;190;4;4;14;168;163;162;149;61;131;75;105;230;204;220;189;185;182;13;170;147;61;55;53;42;52;52;52;
?;?;?;?;?;?;?;?;?;?;?;?;?;?;176;167;173;5;15;61;55;53;42;52;33;25;24;19;11;10;189;190;177;1;145;138;148;61;55;53;42;52;33;25;24;19;11;10;176;167;
?;?;?;?;?;?;?;?;?;?;?;?;?;?;145;138;148;61;55;53;42;52;52;52;52;52;52;52;52;52;33;25;24;19;11;43;85;82;79;2;61;55;53;42;52;52;52;52;52;52;
?;?;?;?;?;?;?;?;?;?;?;?;?;?;25;24;19;11;10;189;190;4;14;168;163;162;149;61;55;53;42;52;52;52;52;52;52;52;33;25;24;19;11;10;189;190;4;4;4;4;
?;?;?;?;?;?;?;?;?;?;?;?;?;?;220;176;167;173;5;15;61;131;75;105;230;204;43;85;82;79;2;61;55;33;25;24;19;11;10;189;190;4;14;168;163;162;132;106;231;230;
?;?;?;?;?;?;?;?;?;?;?;?;?;?;15;61;55;53;42;52;52;52;33;25;24;19;11;10;189;190;177;1;145;138;132;106;231;230;204;220;189;190;4;14;168;163;162;149;61;55;
?;?;?;?;?;?;?;?;?;?;?;?;?;?;220;189;185;182;13;170;147;61;55;53;42;52;52;52;52;52;52;33;25;24;19;11;10;189;190;4;4;14;168;163;162;149;61;55;53;33;
?;?;?;?;?;?;?;?;?;?;?;?;?;?;0;245;237;235;223;220;189;185;182;13;170;147;129;232;231;230;204;220;189;190;177;1;145;138;148;61;55;53;33;25;24;19;11;10;189;190;
?;?;?;?;?;?;?;?;?;?;?;?;?;?;9;236;234;222;219;221;192;4;14;168;163;162;149;61;55;53;42;52;52;52;52;52;52;33;25;24;19;11;10;189;185;182;13;170;147;61;
?;?;?;?;?;?;?;?;?;?;?;?;?;?;25;24;19;11;10;189;190;177;1;145;138;148;61;55;33;25;24;19;11;10;189;190;4;14;168;163;162;149;61;55;53;42;52;52;52;52;
?;?;?;?;?;?;?;?;?;?;?;?;?;?;14;168;163;162;149;61;55;53;42;52;52;33;181;84;179;78;58;57;150;51;50;62;97;96;63;52;52;52;52;52;52;52;52;52;33;25;
?;?;?;?;?;?;?;?;?;?;?;?;?;?;204;220;189;190;177;1;145;138;148;61;55;53;42;32;25;24;19;11;10;189;190;4;4;4;4;4;4;4;4;4;4;4;4;4;4;14;
?;?;?;?;?;?;?;?;?;?;?;?;?;?;204;220;189;185;182;13;170;147;61;55;53;42;52;33;25;24;19;11;43;85;82;79;2;61;131;75;105;230;204;220;189;190;177;1;145;138;
?;?;?;?;?;?;?;?;?;?;?;?;?;?;0;245;237;235;223;220;189;190;4;4;4;4;4;4;14;168;163;162;149;61;55;53;33;25;24;19;11;10;189;190;4;4;4;4;4;4;
?;?;?;?;?;?;?;?;?;?;?;?;?;?;13;170;147;61;55;53;42;52;52;33;25;24;19;11;10;189;190;177;1;145;138;148;128;106;231;230;204;220;189;190;4;4;4;4;4;4;
?;?;?;?;?;?;?;?;?;?;?;?;?;?;19;11;10;176;167;173;5;129;232;231;230;204;220;189;190;4;4;4;4;4;4;4;4;4;4;4;4;4;14;168;163;162;149;61;55;33;
?;?;?;?;?;?;?;?;?;?;?;?;?;?;15;61;131;75;105;230;204;43;85;82;79;2;61;131;75;105;230;204;220;176;167;173;5;15;61;55;53;42;32;25;24;19;11;10;189;185;
?;?;?;?;?;?;?;?;?;?;?;?;?;?;189;190;177;1;145;138;148;128;114;113;83;80;98;64;95;160;50;33;25;24;19;11;10;189;190;4;4;4;4;4;14;168;163;162;149;61;
?;?;?;?;?;?;?;?;?;?;?;?;?;?;19;11;10;189;190;4;14;168;163;162;149;61;55;33;25;24;19;11;10;189;190;4;4;4;14;168;163;162;149;61;55;33;25;24;19;11;
?;?;?;?;?;?;?;?;?;?;?;?;?;?;204;220;189;190;4;4;4;4;4;4;4;4;14;168;163;162;149;61;55;53;42;52;52;52;52;52;52;52;52;52;52;52;52;52;52;52;
?;?;?;?;?;?;?;?;?;?;?;?;?;?;6;52;33;25;24;19;11;10;176;167;173;5;15;130;107;105;230;204;43;85;82;79;129;232;231;230;204;220;189;190;4;4;4;4;4;4;
?;?;?;?;?;?;?;?;?;?;?;?;?;?;166;217;216;210;204;220;189;185;182;13;170;147;129;232;231;230;204;220;189;190;4;4;4;4;4;14;168;163;162;149;61;55;33;25;24;19;
?;?;?;?;?;?;?;?;?;?;?;?;?;?;157;155;154;41;92;91;33;25;24;19;11;10;189;190;4;4;4;4;4;4;4;14;168;163;162;149;61;55;53;42;52;52;52;52;52;52;
?;?;?;?;?;?;?;?;?;?;?;?;?;?;52;52;52;52;52;33;25;24;19;11;10;189;190;4;4;4;4;4;4;4;4;4;4;4;4;4;4;4;4;14;168;163;162;149;132;106;
?;?;?;?;?;?;?;?;?;?;?;?;?;?;52;52;52;52;52;52;52;33;25;24;19;11;10;176;167;173;5;15;130;107;105;230;44;34;28;21;218;143;140;135;69;195;189;190;4;4;
?;?;?;?;?;?;?;?;?;?;?;?;?;?;6;52;52;52;52;52;52;52;52;52;52;52;52;33;25;24;19;11;10;189;190;4;4;4;4;4;4;4;4;4;4;4;4;4;4;4;
?;?;?;?;?;?;?;?;?;?;?;?;?;?;204;220;189;185;182;13;170;147;61;55;33;25;24;19;11;10;189;185;182;13;170;147;61;55;53;42;52;52;52;52;52;52;52;33;25;24;
?;?;?;?;?;?;?;?;?;?;?;?;?;?;2;61;55;33;25;24;87;180;27;157;240;225;211;206;196;195;189;190;4;4;4;4;4;4;4;4;14;168;163;162;149;61;55;53;42;52;
?;?;?;?;?;?;?;?;?;?;?;?;?;?;166;217;216;210;204;220;189;190;4;4;4;4;4;4;4;4;14;168;163;162;149;61;55;53;42;52;52;52;52;52;52;33;25;24;19;11;
?;?;?;?;?;?;?;?;?;?;?;?;?;?;35;81;20;60;59;90;56;152;151;33;25;24;19;11;10;189;190;4;4;4;4;4;4;4;4;4;4;4;4;4;4;4;4;4;14;168;
?;?;?;?;?;?;?;?;?;?;?;?;?;?;8;3;73;72;71;70;46;37;30;23;133;128;106;231;230;204;220;189;190;4;4;4;4;4;4;14;168;163;162;149;61;55;53;42;32;25;
?;?;?;?;?;?;?;?;?;?;?;?;?;?;176;167;173;5;15;61;131;75;105;230;204;220;189;190;4;14;168;163;162;149;61;55;53;42;52;52;52;33;25;24;19;11;10;189;190;4;
?;?;?;?;?;?;?;?;?;?;?;?;?;?;24;19;11;10;189;190;177;1;145;138;148;61;55;53;42;52;33;25;24;19;11;10;189;190;4;4;4;4;4;4;4;4;4;4;4;4;
?;?;?;?;?;?;?;?;?;?;?;?;?;?;61;131;75;105;230;204;220;189;190;4;4;4;4;4;4;14;168;163;162;149;61;55;53;42;52;52;52;52;52;33;25;24;19;11;10;189;
?;?;?;?;?;?;?;?;?;?;?;?;?;?;44;34;28;21;16;6;129;232;231;230;204;220;189;190;4;4;4;4;4;4;4;4;4;14;168;163;162;149;61;55;53;42;52;52;52;52;
?;?;?;?;?;?;?;?;?;?;?;?;?;?;24;19;44;34;28;21;16;6;52;52;52;52;52;33;25;24;19;11;10;189;190;4;4;4;4;4;4;14;168;163;162;149;61;55;53;42;
?;?;?;?;?;?;?;?;?;?;?;?;?;?;2;61;55;53;42;52;52;52;33;25;24;19;11;10;189;190;4;14;168;163;162;149;132;106;231;230;204;220;189;190;4;14;168;163;162;149;
?;?;?;?;?;?;?;?;?;?;?;?;?;?;204;220;176;167;173;5;15;61;55;53;42;52;33;25;24;19;11;10;189;190;4;4;4;4;4;4;4;4;4;4;4;4;4;4;4;14;
?;?;?;?;?;?;?;?;?;?;?;?;?;?;225;211;206;196;195;189;185;182;13;170;147;61;55;33;25;24;19;11;10;189;190;177;1;145;138;148;61;55;53;33;25;24;19;11;10;189;
?;?;?;?;?;?;?;?;?;?;?;?;?;?;204;220;189;190;4;4;4;4;4;4;14;168;163;162;149;61;55;53;42;52;52;52;52;52;52;52;52;52;52;52;52;33;25;24;19;11;
?;?;?;?;?;?;?;?;?;?;?;?;?;?;8;3;73;72;71;176;167;173;5;15;61;55;53;33;25;24;19;11;10;189;190;177;1;145;138;148;61;55;53;42;52;52;52;52;52;52;
?;?;?;?;?;?;?;?;?;?;?;?;?;?;204;220;176;167;173;0;245;237;235;223;220;189;185;182;13;170;147;61;55;53;42;52;52;52;52;52;33;25;24;19;44;34;28;21;16;6;
?;?;?;?;?;?;?;?;?;?;?;?;?;?;6;52;52;33;181;84;179;78;58;57;150;33;25;24;19;11;10;189;190;4;4;4;4;4;4;4;4;4;4;4;4;4;14;168;163;162;
?;?;?;?;?;?;?;?;?;?;?;?;?;?;41;92;91;63;52;52;52;52;52;52;52;52;52;33;25;24;19;11;10;189;190;4;4;4;4;4;4;4;4;4;4;4;4;4;4;4;
?;?;?;?;?;?;?;?;?;?;?;?;?;?;10;189;190;4;14;168;163;162;149;132;106;231;230;204;220;189;190;4;4;4;4;14;168;163;162;149;61;55;53;33;25;24;19;11;10;189;
?;?;?;?;?;?;?;?;?;?;?;?;?;?;4;4;4;4;14;168;163;162;149;61;55;53;42;52;52;52;52;33;25;24;19;11;10;189;190;4;14;168;163;162;149;61;55;53;42;52;
?;?;?;?;?;?;?;?;?;?;?;?;?;?;24;19;11;43;85;82;79;2;61;55;53;42;52;33;25;24;19;11;10;189;190;4;4;4;4;14;168;163;162;149;61;55;53;42;52;52;
?;?;?;?;?;?;?;?;?;?;?;?;?;?;15;61;55;53;42;52;52;52;52;52;52;33;25;24;19;11;10;176;167;173;5;129;232;231;230;204;220;189;190;4;14;168;163;162;149;61;
?;?;?;?;?;?;?;?;?;?;?;?;?;?;2;61;131;75;105;230;44;34;28;21;218;143;140;135;69;195;189;190;4;4;4;4;4;4;4;4;14;168;163;162;149;61;55;33;25;24;
?;?;?;?;?;?;?;?;?;?;?;?;?;?;2;61;55;33;25;24;19;11;10;189;190;4;4;4;4;4;4;4;4;4;4;4;4;4;4;4;14;168;163;162;149;61;55;33;25;24;
?;?;?;?;?;?;?;?;?;?;?;?;?;?;204;43;85;82;79;2;129;232;231;230;44;34;28;21;16;6;52;33;25;24;19;11;43;85;82;79;2;61;55;53;42;52;33;25;24;19;
?;?;?;?;?;?;?;?;?;?;?;?;?;?;2;61;131;75;105;230;204;220;189;190;4;4;4;4;4;4;4;14;168;163;162;149;61;55;53;42;52;52;52;52;52;33;25;24;19;11;
?;?;?;?;?;?;?;?;?;?;?;?;?;?;55;33;25;24;19;11;10;189;190;177;1;145;166;217;216;210;204;220;189;190;177;1;145;138;148;61;55;53;42;32;25;24;19;11;10;189;
?;?;?;?;?;?;?;?;?;?;?;?;?;?;204;43;85;82;79;2;61;55;53;42;32;31;246;243;238;226;213;205;4;4;4;4;4;4;4;4;4;4;4;4;14;168;163;162;149;61;
?;?;?;?;?;?;?;?;?;?;?;?;?;?;204;43;85;82;79;2;61;55;33;25;88;35;81;20;60;59;233;76;74;68;69;195;189;190;4;4;4;4;4;4;14;168;163;162;149;61;
?;?;?;?;?;?;?;?;?;?;?;?;?;?;15;130;107;105;230;204;220;189;190;4;4;4;14;168;163;162;149;61;55;53;42;52;52;33;25;24;19;44;34;28;21;16;166;217;216;210;
?;?;?;?;?;?;?;?;?;?;?;?;?;?;204;220;189;185;182;13;170;147;61;55;53;42;52;52;52;52;52;33;25;24;19;11;10;176;167;173;5;15;61;55;33;25;24;19;11;10;
?;?;?;?;?;?;?;?;?;?;?;?;?;?;220;176;167;173;5;15;61;131;75;105;230;204;220;176;167;173;5;15;61;55;53;42;52;52;52;52;52;52;33;25;24;19;11;10;189;190;
?;?;?;?;?;?;?;?;?;?;?;?;?;?;52;52;52;52;33;25;24;19;11;10;176;167;173;5;15;61;131;75;105;230;204;220;189;190;4;4;4;4;4;4;4;4;4;4;4;4;
?;?;?;?;?;?;?;?;?;?;?;?;?;?;4;14;168;163;162;149;61;55;53;33;25;24;19;11;10;176;167;173;5;15;61;55;53;42;52;33;25;24;19;11;10;189;190;4;4;14;
?;?;?;?;?;?;?;?;?;?;?;?;?;?;6;52;33;25;24;19;11;10;189;190;4;4;4;4;4;4;4;4;4;4;4;14;168;163;162;149;61;55;53;33;25;24;19;11;10;189;
?;?;?;?;?;?;?;?;?;?;?;?;?;?;204;220;176;167;173;0;245;237;235;223;220;189;185;182;165;144;141;136;104;224;221;192;4;4;4;4;4;4;4;4;4;4;14;168;163;162;
?;?;?;?;?;?;?;?;?;?;?;?;?;?;15;61;131;75;105;230;44;34;28;21;16;6;52;52;52;52;52;52;52;52;52;52;33;25;24;19;11;43;85;82;79;2;61;55;53;42;
?;?;?;?;?;?;?;?;?;?;?;?;?;?;2;129;232;231;230;44;34;28;21;16;166;217;216;210;204;220;189;190;177;1;145;138;148;61;55;53;42;52;52;52;52;52;52;52;33;25;
?;?;?;?;?;?;?;?;?;?;?;?;?;?;129;232;231;230;204;43;85;82;79;2;61;55;53;42;32;25;24;19;11;10;189;190;4;4;4;4;4;14;168;163;162;149;61;55;53;42;
?;?;?;?;?;?;?;?;?;?;?;?;?;?;34;28;21;16;6;129;232;231;230;204;220;189;185;182;13;170;147;61;55;53;42;32;25;24;19;11;10;189;190;4;4;4;4;4;4;14;
?;?;?;?;?;?;?;?;?;?;?;?;?;?;?;188;178;169;146;137;77;101;66;53;33;25;24;19;11;10;189;185;164;142;8;3;73;72;71;70;193;4;14;168;163;162;149;61;55;33;
?;?;?;?;?;?;?;?;?;?;?;?;?;?;52;52;52;52;52;52;33;25;24;19;11;10;189;190;4;4;4;4;4;4;4;4;4;4;4;4;4;4;4;4;4;4;4;4;14;168;
?;?;?;?;?;?;?;?;?;?;?;?;?;?;6;129;232;231;230;204;220;189;190;4;4;4;4;4;4;14;168;163;162;149;61;55;33;25;24;19;11;10;189;190;4;4;4;4;14;168;
?;?;?;?;?;?;?;?;?;?;?;?;?;?;190;177;1;145;138;148;61;55;53;42;52;52;52;52;52;33;25;24;19;11;10;189;190;4;4;4;14;168;163;162;149;61;131;75;105;230;
?;?;?;?;?;?;?;?;?;?;?;?;?;?;129;232;231;230;204;220;189;190;4;4;4;4;4;4;4;14;168;163;162;149;61;55;33;25;24;19;11;43;85;82;79;2;61;55;53;42;
?;?;?;?;?;?;?;?;?;?;?;?;?;?;220;176;167;173;5;15;130;107;105;230;204;220;189;190;4;4;4;14;168;163;162;149;61;55;53;42;52;52;52;33;25;24;19;11;10;176;
?;?;?;?;?;?;?;?;?;?;?;?;?;?;15;61;55;53;33;25;24;87;180;27;157;155;154;41;92;91;33;25;24;19;11;10;189;190;4;4;14;168;163;162;149;61;55;53;42;32;
?;?;?;?;?;?;?;?;?;?;?;?;?;?;19;11;10;189;190;177;1;145;166;217;216;210;204;220;189;190;4;4;4;4;4;14;168;163;162;149;61;55;53;42;52;52;52;52;52;52;
?;?;?;?;?;?;?;?;?;?;?;?;?;?;176;167;173;5;15;61;55;33;25;24;87;180;27;157;155;240;225;211;206;196;195;189;190;4;4;4;4;14;168;163;162;149;61;55;53;42;
?;?;?;?;?;?;?;?;?;?;?;?;?;?;154;41;92;91;63;52;52;52;52;52;52;33;25;24;19;11;10;189;190;4;4;4;14;168;163;162;149;61;55;53;42;52;33;25;24;19;
?;?;?;?;?;?;?;?;?;?;?;?;?;?;129;232;231;230;204;43;85;82;79;2;61;55;33;25;24;19;11;10;189;190;4;14;168;163;162;149;61;55;33;25;24;19;11;10;189;190;
?;?;?;?;?;?;?;?;?;?;?;?;?;?;154;41;92;33;25;24;19;11;10;176;167;248;9;236;234;222;219;221;192;4;4;4;4;4;4;4;4;4;4;4;4;4;4;4;4;4;
?;?;?;?;?;?;?;?;?;?;?;?;?;?;204;220;176;167;173;5;15;61;131;75;105;87;180;27;157;240;225;211;206;196;195;189;185;182;13;170;147;129;232;231;230;204;220;189;190;4;
?;?;?;?;?;?;?;?;?;?;?;?;?;?;204;43;85;82;79;2;61;55;53;42;52;52;52;52;52;52;33;25;24;19;11;10;189;190;4;4;4;4;4;14;168;163;162;149;61;55;
?;?;?;?;?;?;?;?;?;?;?;?;?;?;52;52;52;52;52;52;33;25;24;19;11;10;176;167;173;5;15;61;55;53;42;52;52;33;25;24;19;11;10;189;190;4;4;4;14;168;
?;?;?;?;?;?;?;?;?;?;?;?;?;?;2;129;232;231;230;204;220;189;190;4;4;4;4;4;4;4;4;14;168;163;162;132;106;231;230;204;43;85;82;79;129;232;231;230;204;220;
?;?;?;?;?;?;?;?;?;?;?;?;?;?;52;52;52;33;25;24;19;11;10;189;190;177;1;145;138;148;61;131;75;105;230;204;220;189;190;4;14;168;163;162;149;61;55;53;42;52;
?;?;?;?;?;?;?;?;?;?;?;?;?;?;170;129;232;231;230;44;34;28;21;16;6;52;52;33;25;24;19;11;10;189;185;182;13;170;147;61;55;53;42;52;52;52;52;52;52;33;
?;?;?;?;?;?;?;?;?;?;?;?;?;?;52;52;52;52;52;52;52;52;33;25;24;19;11;10;189;190;4;4;4;4;4;4;4;4;4;4;4;4;4;4;4;4;4;4;4;4;
?;?;?;?;?;?;?;?;?;?;?;?;?;?;4;4;14;168;163;162;149;61;55;53;42;32;25;24;19;11;10;189;190;4;4;4;4;14;168;163;162;149;61;55;53;42;52;33;25;24;
?;?;?;?;?;?;?;?;?;?;?;?;?;?;2;61;55;53;42;52;52;52;52;33;25;24;19;11;10;189;185;182;13;170;147;129;232;231;230;204;220;189;190;4;4;4;4;4;4;4;
?;?;?;?;?;?;?;?;?;?;?;?;?;?;129;232;231;230;204;220;189;185;182;13;170;147;61;55;53;42;52;52;52;52;52;33;25;24;19;11;10;189;190;177;1;145;138;148;61;55;
?;?;?;?;?;?;?;?;?;?;?;?;?;?;204;43;85;82;79;2;61;55;53;33;25;24;19;11;10;189;190;4;4;4;14;168;163;162;149;61;131;75;105;230;204;220;189;190;177;1;
?;?;?;?;?;?;?;?;?;?;?;?;?;?;52;52;33;25;24;19;11;10;189;190;4;14;168;163;162;149;61;55;53;42;52;52;52;33;25;24;19;11;10;189;190;4;4;4;4;4;
?;?;?;?;?;?;?;?;?;?;?;?;?;?;24;19;11;10;189;190;4;4;4;4;4;4;4;4;4;4;4;4;4;4;4;4;14;168;163;162;149;61;131;75;105;230;204;220;189;190;
?;?;?;?;?;?;?;?;?;?;?;?;?;?;52;52;33;25;24;19;11;10;189;190;4;14;168;163;162;149;61;55;33;25;24;19;11;10;189;190;4;4;4;14;168;163;162;149;61;131;
?;?;?;?;?;?;?;?;?;?;?;?;?;?;52;52;33;25;24;19;44;34;28;240;225;211;206;196;195;189;185;182;13;166;217;216;210;204;220;189;190;177;1;145;138;148;128;106;231;230;
?;?;?;?;?;?;?;?;?;?;?;?;?;?;204;220;189;190;177;1;145;138;148;61;55;53;42;52;52;52;33;25;24;19;11;10;189;185;182;13;170;147;61;55;53;42;52;52;52;52;
?;?;?;?;?;?;?;?;?;?;?;?;?;?;225;211;206;196;195;189;190;4;14;168;163;162;149;61;55;53;42;52;52;52;52;33;25;24;19;11;10;189;185;182;13;170;147;61;55;53;
?;?;?;?;?;?;?;?;?;?;?;?;?;?;2;129;232;231;230;44;34;28;21;16;6;129;232;231;230;44;34;28;21;16;6;52;52;52;33;25;24;19;11;10;189;190;4;14;168;163;
?;?;?;?;?;?;?;?;?;?;?;?;?;?;84;179;78;240;225;211;206;196;195;189;185;182;13;170;147;61;131;75;105;230;204;220;189;190;4;4;14;168;163;162;149;61;55;53;33;25;
?;?;?;?;?;?;?;?;?;?;?;?;?;?;24;19;11;10;189;190;4;4;4;14;168;163;162;149;61;55;53;42;52;33;25;24;19;11;10;189;190;4;14;168;163;162;149;61;55;53;
?;?;?;?;?;?;?;?;?;?;?;?;?;?;6;129;232;231;230;204;220;189;185;182;13;170;147;61;55;33;25;24;19;11;10;189;190;4;4;4;4;14;168;163;162;149;61;55;53;42;
?;?;?;?;?;?;?;?;?;?;?;?;?;?;166;217;216;210;204;43;85;82;79;2;61;55;33;25;24;19;11;10;189;190;4;14;168;163;162;149;61;55;53;42;32;25;24;19;11;10;
?;?;?;?;?;?;?;?;?;?;?;?;?;?;4;4;4;4;4;4;14;168;163;162;149;61;55;53;42;52;52;52;52;52;52;52;52;52;52;52;52;52;52;52;52;52;52;52;52;52;