?;?;?;?;?;?;?;?;?;?;?;?;1;24;69;68;67;66;64;4;4;4;4;4;4;4;4;4;4;13;1;24;19;14;75;36;36;36;26;22;21;17;10;11;4;4;13;1;24;19;
?;?;?;?;?;?;?;?;?;?;?;?;4;4;4;4;4;4;4;4;4;4;4;13;1;24;19;14;75;36;36;36;36;36;26;22;21;17;32;28;23;5;15;6;36;36;36;36;36;26;
?;?;?;?;?;?;?;?;?;?;?;?;10;11;4;4;4;4;13;1;24;19;14;75;36;36;36;26;22;21;17;10;11;4;4;4;4;4;4;4;13;1;24;19;14;75;36;36;36;36;
?;?;?;?;?;?;?;?;?;?;?;?;64;4;4;13;1;24;19;14;75;36;36;26;22;21;17;10;11;4;4;4;4;4;13;1;24;19;14;75;36;36;36;36;36;36;26;22;21;17;
?;?;?;?;?;?;?;?;?;?;?;?;4;13;1;24;19;14;75;36;36;36;36;36;36;36;36;36;36;36;36;36;36;26;22;21;17;10;11;4;4;4;4;4;13;1;24;19;14;75;
?;?;?;?;?;?;?;?;?;?;?;?;22;72;27;61;44;0;9;8;3;4;4;4;4;4;13;1;24;19;14;46;43;42;40;64;4;4;4;4;4;4;13;1;24;19;14;75;36;36;
?;?;?;?;?;?;?;?;?;?;?;?;2;37;46;43;42;40;64;4;4;4;13;0;9;8;3;4;4;4;4;4;13;1;24;19;14;75;36;36;36;36;36;36;26;22;21;17;10;11;
?;?;?;?;?;?;?;?;?;?;?;?;1;24;19;14;46;43;42;40;64;4;4;4;4;4;4;13;1;24;19;14;75;36;36;36;36;26;54;53;51;18;38;39;30;35;34;2;37;36;
?;?;?;?;?;?;?;?;?;?;?;?;66;64;63;62;12;55;47;75;36;36;26;22;21;17;10;11;4;13;1;24;19;14;75;36;36;36;36;36;36;36;36;36;26;22;21;31;71;70;
?;?;?;?;?;?;?;?;?;?;?;?;12;55;46;43;42;40;64;4;13;1;24;19;14;75;74;73;42;31;71;70;65;2;69;68;67;66;64;4;4;4;13;1;24;19;14;46;43;42;
?;?;?;?;?;?;?;?;?;?;?;?;5;15;6;36;26;22;21;17;10;11;4;4;4;4;4;4;4;4;4;4;13;1;24;19;14;75;74;73;72;27;61;44;60;37;36;36;36;36;
?;?;?;?;?;?;?;?;?;?;?;?;4;4;4;13;1;24;19;14;75;36;36;36;26;22;21;17;10;11;4;4;4;4;4;4;4;13;1;24;19;14;75;36;36;26;22;21;17;10;
?;?;?;?;?;?;?;?;?;?;?;?;12;55;47;75;36;36;36;36;36;36;36;36;26;22;21;17;10;63;62;12;55;46;43;42;40;64;4;4;4;4;4;4;13;1;24;19;14;75;
?;?;?;?;?;?;?;?;?;?;?;?;62;12;55;47;75;36;26;22;21;17;10;11;4;4;4;4;4;4;13;1;24;19;14;75;36;36;36;36;36;36;26;22;21;17;10;11;4;13;
?;?;?;?;?;?;?;?;?;?;?;?;64;4;4;4;4;4;13;1;24;19;14;75;36;36;36;36;36;26;22;21;31;71;70;65;2;37;36;36;26;22;21;17;10;11;4;4;4;4;
?;?;?;?;?;?;?;?;?;?;?;?;36;26;22;21;17;10;11;4;4;13;1;24;19;14;75;36;36;26;22;21;17;10;11;4;13;1;24;69;68;67;66;64;4;4;4;4;4;13;
?;?;?;?;?;?;?;?;?;?;?;?;12;55;47;75;36;36;36;36;36;36;26;22;21;17;10;11;4;4;13;1;24;19;14;75;36;26;22;21;17;10;11;4;4;4;4;4;4;4;
?;?;?;?;?;?;?;?;?;?;?;?;24;19;14;46;43;42;40;64;63;62;12;55;47;75;74;73;72;27;61;44;60;37;36;36;36;26;22;72;27;61;44;60;37;36;26;22;21;17;
?;?;?;?;?;?;?;?;?;?;?;?;5;15;6;36;36;26;22;21;17;10;11;4;4;4;4;4;4;4;4;4;13;1;24;19;14;75;36;36;26;22;21;17;10;11;4;4;4;4;
?;?;?;?;?;?;?;?;?;?;?;?;42;40;32;28;23;5;15;6;46;43;42;40;32;28;23;5;15;6;36;26;22;21;17;10;11;4;4;4;4;4;4;4;4;4;4;13;1;59;
?;?;?;?;?;?;?;?;?;?;?;?;36;36;36;36;36;36;36;36;26;22;21;17;10;11;4;4;4;4;13;1;24;19;14;75;36;36;36;36;26;22;21;17;10;11;4;4;4;4;
?;?;?;?;?;?;?;?;?;?;?;?;5;15;6;36;36;26;22;21;17;10;11;4;4;4;4;4;4;13;1;24;19;14;75;36;36;26;22;21;17;10;11;4;4;4;4;4;13;1;
?;?;?;?;?;?;?;?;?;?;?;?;12;55;47;46;43;42;40;64;4;4;4;4;4;4;4;4;4;4;4;4;4;4;4;4;13;1;24;19;14;75;36;36;36;26;22;21;17;10;
?;?;?;?;?;?;?;?;?;?;?;?;11;4;4;4;4;4;4;4;13;1;24;19;14;75;36;36;36;36;36;36;36;36;36;36;26;22;21;17;10;11;4;4;4;13;1;24;19;14;
?;?;?;?;?;?;?;?;?;?;?;?;1;24;19;14;75;36;36;36;26;22;21;17;10;11;4;4;4;4;13;1;24;19;14;75;36;36;26;22;21;17;10;11;4;4;4;4;4;4;
?;?;?;?;?;?;?;?;?;?;?;?;12;55;46;43;42;40;64;4;13;1;24;19;14;75;74;73;42;40;32;28;23;5;15;6;36;36;36;36;36;36;36;26;22;21;17;10;11;4;
?;?;?;?;?;?;?;?;?;?;?;?;42;40;32;28;23;5;15;6;46;43;42;40;64;4;4;4;4;4;4;4;4;4;4;13;1;24;19;46;43;42;40;64;4;4;4;4;4;4;
?;?;?;?;?;?;?;?;?;?;?;?;17;10;11;4;13;1;24;19;46;43;42;40;64;4;4;4;4;4;4;13;1;24;19;14;75;36;36;36;36;36;26;22;21;17;10;11;4;4;
?;?;?;?;?;?;?;?;?;?;?;?;36;26;22;21;17;10;11;4;4;13;1;24;19;14;75;74;73;42;40;64;4;4;4;4;13;1;24;19;46;43;42;40;64;4;4;4;4;13;
?;?;?;?;?;?;?;?;?;?;?;?;4;4;4;4;4;4;4;13;1;24;19;14;75;36;36;36;36;36;36;36;36;36;36;36;36;36;36;36;36;36;26;22;21;17;10;11;4;4;
?;?;?;?;?;?;?;?;?;?;?;?;42;40;64;63;62;12;55;47;75;36;36;26;22;21;17;10;11;4;4;4;4;4;13;1;24;19;14;75;36;36;36;36;36;36;36;36;36;36;
?;?;?;?;?;?;?;?;?;?;?;?;4;4;4;4;4;4;13;1;24;19;14;75;36;36;36;26;22;21;17;10;63;62;12;55;47;75;36;36;36;36;26;22;21;17;10;11;4;4;
?;?;?;?;?;?;?;?;?;?;?;?;4;4;4;4;4;4;4;4;4;13;1;24;19;14;75;36;36;26;54;53;51;18;38;39;30;35;34;2;37;36;36;36;36;36;36;36;36;26;
?;?;?;?;?;?;?;?;?;?;?;?;12;55;47;46;43;42;40;32;28;23;5;15;6;36;26;22;21;17;10;11;4;4;4;4;4;4;4;4;4;13;1;24;19;14;75;36;36;26;
?;?;?;?;?;?;?;?;?;?;?;?;42;40;64;4;4;4;4;4;4;4;4;4;13;1;24;19;14;75;74;73;42;40;64;4;4;13;1;24;19;14;75;36;36;36;36;36;36;26;
?;?;?;?;?;?;?;?;?;?;?;?;26;22;21;17;10;11;4;4;4;4;4;4;4;13;1;24;19;14;75;36;36;36;36;36;36;36;36;36;36;36;26;22;21;17;10;11;4;4;
?;?;?;?;?;?;?;?;?;?;?;?;2;37;36;36;36;36;36;36;36;36;36;26;22;21;17;10;11;4;4;4;4;4;4;4;4;4;4;4;4;4;4;4;4;13;1;24;19;14;
?;?;?;?;?;?;?;?;?;?;?;?;73;42;40;32;28;23;5;69;68;67;66;64;63;62;12;69;68;67;66;64;4;4;4;4;13;1;24;19;14;75;36;36;26;22;21;17;10;11;
?;?;?;?;?;?;?;?;?;?;?;?;?;36;36;26;22;21;17;10;11;4;13;1;24;19;14;75;36;36;26;22;21;17;10;11;4;4;13;1;24;19;14;75;36;36;26;22;21;17;
?;?;?;?;?;?;?;?;?;?;?;?;26;22;21;17;10;11;4;4;4;4;13;1;24;19;14;46;43;42;40;64;4;4;4;4;4;4;4;4;4;13;1;24;19;14;75;36;36;36;
?;?;?;?;?;?;?;?;?;?;?;?;40;64;4;13;1;24;19;14;75;36;36;36;36;36;36;26;22;21;17;10;11;4;4;4;4;4;4;4;4;4;4;4;4;13;1;24;19;14;
?;?;?;?;?;?;?;?;?;?;?;?;42;40;32;28;23;5;15;6;36;26;22;21;17;10;63;62;0;9;8;3;4;4;4;4;4;4;4;4;4;4;4;4;13;1;24;19;14;75;
?;?;?;?;?;?;?;?;?;?;?;?;4;4;4;4;4;4;4;13;1;24;19;14;75;36;36;36;36;36;36;36;36;36;36;36;26;22;21;17;10;11;4;4;4;4;4;4;4;4;
?;?;?;?;?;?;?;?;?;?;?;?;1;24;69;68;67;66;64;4;4;13;1;24;19;14;75;36;26;22;21;17;10;63;62;12;55;47;75;36;36;36;36;36;36;36;36;36;36;36;
?;?;?;?;?;?;?;?;?;?;?;?;12;55;47;75;74;73;42;40;64;63;62;12;55;47;75;36;36;36;36;26;22;21;17;10;11;4;4;4;4;4;4;4;4;4;4;4;4;4;
?;?;?;?;?;?;?;?;?;?;?;?;5;15;6;46;43;42;40;64;4;4;13;1;24;19;14;75;74;73;42;40;64;4;4;4;13;1;24;19;14;75;36;36;26;22;21;17;10;11;
?;?;?;?;?;?;?;?;?;?;?;?;73;42;40;32;28;23;5;15;6;36;36;26;22;21;17;10;11;4;4;4;4;4;4;13;1;24;19;14;75;36;36;36;26;22;21;17;10;11;
?;?;?;?;?;?;?;?;?;?;?;?;13;1;24;69;68;58;57;56;52;45;2;37;36;26;22;21;31;71;70;65;2;37;36;36;36;36;36;26;22;21;17;10;11;4;4;4;4;4;
?;?;?;?;?;?;?;?;?;?;?;?;40;64;63;62;12;55;47;75;36;36;36;36;36;36;36;36;36;36;26;22;21;17;10;11;4;4;4;4;13;1;24;19;46;43;42;40;64;4;
?;?;?;?;?;?;?;?;?;?;?;?;36;36;26;22;21;17;10;11;4;4;4;4;4;4;4;4;4;13;1;24;19;46;43;42;40;64;4;13;1;24;19;14;75;36;36;36;36;36;
?;?;?;?;?;?;?;?;?;?;?;?;36;36;36;36;36;36;36;36;36;36;26;22;21;17;10;11;4;4;4;4;4;4;4;4;4;4;13;1;24;19;14;46;43;42;40;64;4;4;
?;?;?;?;?;?;?;?;?;?;?;?;22;21;17;10;11;4;4;13;1;24;19;14;75;36;36;36;26;22;21;17;10;11;4;4;4;4;4;4;4;4;4;4;4;4;4;4;4;4;
?;?;?;?;?;?;?;?;?;?;?;?;36;26;22;21;17;10;11;4;4;4;13;1;24;19;46;43;42;40;64;4;4;4;4;4;4;4;4;4;4;4;4;4;4;4;4;4;4;4;
?;?;?;?;?;?;?;?;?;?;?;?;24;19;14;75;36;36;36;36;36;36;36;36;26;22;21;17;10;11;4;4;4;4;13;1;24;19;14;75;36;26;22;21;17;10;11;4;4;4;
?;?;?;?;?;?;?;?;?;?;?;?;17;10;11;4;4;4;4;4;4;13;1;24;19;46;43;42;40;64;4;4;4;13;1;24;19;46;43;42;40;64;4;4;4;4;4;4;4;4;
?;?;?;?;?;?;?;?;?;?;?;?;5;15;6;46;43;42;40;64;4;13;1;24;69;68;67;66;64;4;13;1;24;19;14;75;74;73;42;40;64;4;4;4;4;4;4;13;1;24;
?;?;?;?;?;?;?;?;?;?;?;?;42;40;64;63;62;12;55;47;75;36;36;36;36;26;22;21;17;10;11;4;4;4;4;13;1;24;19;14;75;36;26;22;21;31;71;70;65;2;
?;?;?;?;?;?;?;?;?;?;?;?;42;40;64;4;4;13;1;59;50;49;48;41;80;79;78;77;76;75;36;36;36;36;36;36;36;36;36;36;36;26;22;21;17;10;11;4;4;4;
?;?;?;?;?;?;?;?;?;?;?;?;4;13;1;24;19;14;75;36;26;22;21;31;71;70;65;2;37;36;36;36;36;36;36;36;26;22;21;17;10;63;62;12;55;47;75;36;36;26;
?;?;?;?;?;?;?;?;?;?;?;?;4;4;4;4;4;4;4;4;4;4;4;4;4;4;4;4;4;4;13;1;24;19;14;75;36;36;36;36;36;36;36;36;36;36;36;36;36;36;
?;?;?;?;?;?;?;?;?;?;?;?;39;30;26;22;21;17;10;11;4;4;4;13;1;24;19;14;75;36;36;26;22;21;17;10;11;4;4;4;4;4;4;4;4;4;4;4;4;4;
?;?;?;?;?;?;?;?;?;?;?;?;40;64;4;13;1;24;19;14;75;74;73;42;40;64;63;62;12;55;47;46;43;42;40;64;63;62;12;69;68;67;66;64;4;4;4;4;4;4;
?;?;?;?;?;?;?;?;?;?;?;?;40;64;4;13;1;24;19;14;75;74;73;42;40;64;63;62;12;55;47;75;36;36;36;36;36;36;36;36;36;26;22;21;17;10;11;4;4;4;
?;?;?;?;?;?;?;?;?;?;?;?;1;24;19;14;75;36;36;36;36;36;36;36;36;26;22;21;17;10;63;62;12;55;47;46;43;42;40;64;4;4;13;1;24;19;14;75;74;73;
?;?;?;?;?;?;?;?;?;?;?;?;42;40;64;63;62;12;55;47;75;74;73;42;40;64;4;4;4;4;4;4;4;4;4;4;13;1;24;19;46;43;42;40;64;63;62;12;55;47;
?;?;?;?;?;?;?;?;?;?;?;?;12;55;47;75;36;36;26;22;21;17;10;11;4;4;13;1;24;19;14;75;36;36;26;22;21;17;10;11;4;4;4;13;1;24;19;14;75;36;
?;?;?;?;?;?;?;?;?;?;?;?;55;47;75;74;73;42;40;64;63;62;12;55;46;43;42;40;64;4;4;13;1;24;19;14;75;36;36;36;36;36;26;22;21;17;10;11;4;4;
?;?;?;?;?;?;?;?;?;?;?;?;24;19;14;46;43;42;40;32;28;23;5;15;6;46;43;42;40;64;63;62;12;69;68;67;66;64;4;4;4;13;1;24;19;14;46;43;42;40;
?;?;?;?;?;?;?;?;?;?;?;?;24;19;14;75;74;73;42;40;32;28;23;5;15;6;46;43;42;40;64;63;62;12;55;47;46;43;42;40;64;4;13;1;24;19;14;75;36;36;
?;?;?;?;?;?;?;?;?;?;?;?;4;4;4;4;4;4;4;4;4;4;4;13;1;24;19;14;75;36;36;36;36;36;36;36;36;36;36;36;36;36;36;36;36;36;36;36;26;22;
?;?;?;?;?;?;?;?;?;?;?;?;5;15;6;46;43;42;40;64;4;4;4;13;1;24;19;14;75;36;36;36;36;26;22;21;17;10;11;4;13;1;24;19;14;75;36;26;22;21;
?;?;?;?;?;?;?;?;?;?;?;?;11;4;13;1;24;19;14;75;36;36;36;26;22;21;17;10;11;4;4;4;4;4;13;1;24;19;14;75;36;36;36;26;22;21;17;10;11;4;
?;?;?;?;?;?;?;?;?;?;?;?;40;64;4;4;13;1;24;19;14;75;36;36;36;36;36;26;22;21;17;10;11;4;4;13;1;24;19;14;75;36;36;36;26;22;21;17;10;11;
?;?;?;?;?;?;?;?;?;?;?;?;55;47;75;74;73;42;40;64;4;13;1;24;19;14;75;74;73;42;40;32;28;23;5;15;6;36;36;36;26;22;21;17;10;11;4;4;4;4;
?;?;?;?;?;?;?;?;?;?;?;?;42;40;64;63;62;12;55;46;43;42;40;64;4;4;4;4;13;1;24;19;14;75;36;36;36;36;26;22;72;27;61;44;60;37;36;36;36;36;
?;?;?;?;?;?;?;?;?;?;?;?;28;23;5;15;6;36;36;36;26;22;21;17;10;11;4;4;4;4;4;4;4;4;4;4;4;4;4;4;4;4;4;4;4;4;4;4;4;4;
?;?;?;?;?;?;?;?;?;?;?;?;42;40;32;28;23;5;15;6;46;43;42;40;64;4;4;4;4;4;13;1;24;19;14;75;74;73;42;40;64;63;62;12;55;47;75;36;36;36;
?;?;?;?;?;?;?;?;?;?;?;?;40;64;4;4;13;1;24;19;14;75;36;36;36;36;36;36;36;26;22;21;17;10;11;4;4;4;4;4;4;4;4;13;1;24;19;14;75;36;
?;?;?;?;?;?;?;?;?;?;?;?;42;40;64;4;13;1;24;19;46;43;42;40;32;28;23;5;15;6;36;36;36;26;22;21;17;10;11;4;4;4;4;13;1;24;19;14;75;36;
?;?;?;?;?;?;?;?;?;?;?;?;5;15;6;46;43;42;40;64;4;13;1;24;19;14;75;36;26;22;21;17;10;11;4;4;4;4;4;4;4;4;4;13;1;24;19;14;75;36;
?;?;?;?;?;?;?;?;?;?;?;?;42;40;64;4;4;4;13;1;24;19;14;75;36;36;36;36;26;22;21;17;10;11;4;4;4;13;1;24;19;14;75;36;36;36;36;36;36;36;
?;?;?;?;?;?;?;?;?;?;?;?;40;64;4;13;1;24;19;14;75;36;26;22;21;17;10;11;4;4;4;4;4;4;4;4;4;4;4;4;4;4;13;1;24;19;14;75;36;36;
?;?;?;?;?;?;?;?;?;?;?;?;1;24;19;46;43;42;40;64;4;4;13;1;24;19;14;75;36;36;36;36;26;22;21;17;10;11;4;4;13;1;24;19;14;75;36;36;36;36;
?;?;?;?;?;?;?;?;?;?;?;?;36;36;36;36;36;26;22;21;17;10;11;4;4;4;13;1;24;19;14;75;74;73;42;40;64;4;4;4;4;4;4;4;13;1;24;19;14;75;
?;?;?;?;?;?;?;?;?;?;?;?;42;40;64;4;13;1;24;19;14;46;43;42;40;64;4;4;4;4;4;4;4;4;4;4;4;13;1;24;19;14;75;36;36;36;36;36;36;36;
?;?;?;?;?;?;?;?;?;?;?;?;73;42;40;64;63;62;12;55;46;43;42;40;64;4;13;1;24;69;68;67;66;64;4;4;13;1;24;69;68;67;66;64;4;4;4;4;13;1;
?;?;?;?;?;?;?;?;?;?;?;?;5;15;6;46;43;42;40;64;4;4;4;4;4;4;4;4;4;4;4;13;1;24;19;14;75;36;26;22;21;17;10;11;4;4;13;1;24;19;
?;?;?;?;?;?;?;?;?;?;?;?;36;36;36;36;36;36;36;26;22;21;17;10;11;4;4;4;4;4;13;1;24;19;14;75;74;73;42;40;64;4;4;4;4;4;4;4;13;1;
?;?;?;?;?;?;?;?;?;?;?;?;12;55;47;46;43;42;40;32;28;23;5;15;6;46;43;42;40;64;4;4;4;4;13;1;24;19;14;75;36;36;36;36;36;36;36;36;36;36;
?;?;?;?;?;?;?;?;?;?;?;?;73;72;27;61;44;60;37;46;43;42;40;64;63;62;12;55;47;75;36;36;36;26;22;21;17;10;11;4;4;13;1;24;19;14;75;74;73;42;
?;?;?;?;?;?;?;?;?;?;?;?;46;43;42;40;64;4;4;13;1;24;19;14;75;36;36;26;22;21;17;10;11;4;4;4;4;13;1;24;19;14;75;36;36;36;36;36;36;36;
?;?;?;?;?;?;?;?;?;?;?;?;36;26;22;21;17;10;11;4;4;4;4;13;1;24;19;46;43;42;40;64;4;4;4;4;13;1;24;19;14;75;36;26;22;21;17;10;63;62;
?;?;?;?;?;?;?;?;?;?;?;?;1;24;19;14;75;74;73;42;40;64;4;4;4;4;4;4;4;4;13;1;24;19;14;75;36;36;36;36;36;36;36;36;36;36;36;36;36;36;
?;?;?;?;?;?;?;?;?;?;?;?;73;42;40;32;28;23;5;15;6;46;43;42;40;32;28;23;5;15;46;43;42;40;64;4;4;4;4;13;1;59;50;49;48;41;4;4;4;4;
?;?;?;?;?;?;?;?;?;?;?;?;24;19;14;75;36;36;26;54;53;51;18;38;39;30;26;22;21;17;32;28;23;5;15;6;36;36;36;36;26;22;21;17;10;11;4;4;4;4;
?;?;?;?;?;?;?;?;?;?;?;?;24;19;14;75;74;73;42;40;32;28;23;5;15;6;36;36;36;36;36;36;36;36;26;22;21;17;10;11;4;4;4;4;4;4;4;4;4;4;
?;?;?;?;?;?;?;?;?;?;?;?;12;55;46;43;42;40;64;63;62;12;55;47;75;74;73;42;40;64;4;4;4;4;13;1;24;19;14;75;36;36;36;36;36;36;36;36;36;36;
?;?;?;?;?;?;?;?;?;?;?;?;40;64;4;4;13;1;24;19;14;75;74;73;42;40;64;4;4;4;4;4;4;13;1;24;19;14;75;36;36;36;36;36;36;36;36;36;36;26;
?;?;?;?;?;?;?;?;?;?;?;?;1;24;19;14;75;36;26;22;21;31;71;70;65;2;37;36;36;36;36;36;36;36;36;26;22;21;17;10;11;4;4;4;4;4;13;1;24;19;
?;?;?;?;?;?;?;?;?;?;?;?;40;64;4;4;4;13;0;9;8;3;4;4;4;13;1;24;19;14;75;36;36;36;36;36;36;36;36;36;36;36;36;36;36;26;22;21;17;10;
?;?;?;?;?;?;?;?;?;?;?;?;73;42;40;64;63;62;12;55;46;43;42;40;32;28;23;5;15;6;36;36;36;36;36;36;26;22;21;17;10;11;4;4;4;4;13;1;24;19;
?;?;?;?;?;?;?;?;?;?;?;?;4;4;4;13;1;24;19;14;75;36;36;36;36;36;36;36;26;22;21;17;10;63;62;12;55;47;75;36;36;36;36;26;22;21;17;10;11;4;
?;?;?;?;?;?;?;?;?;?;?;?;60;37;36;36;36;26;22;21;17;10;11;4;4;4;4;4;4;4;13;1;24;19;14;75;36;36;36;36;26;22;21;17;10;11;4;4;4;4;
?;?;?;?;?;?;?;?;?;?;?;?;4;4;4;13;1;24;19;14;75;36;36;36;36;36;36;36;36;36;36;36;36;36;36;36;36;36;36;36;26;22;21;17;10;11;4;4;4;4;
?;?;?;?;?;?;?;?;?;?;?;?;22;21;17;10;63;62;12;55;47;75;74;73;42;40;64;4;4;4;4;4;4;4;13;1;24;19;14;75;74;73;42;40;64;4;4;4;4;4;
?;?;?;?;?;?;?;?;?;?;?;?;42;40;64;63;62;12;55;47;75;36;36;36;36;36;36;36;26;22;21;31;71;0;9;8;3;4;4;4;4;4;4;4;4;4;4;4;4;4;
?;?;?;?;?;?;?;?;?;?;?;?;42;40;64;4;4;4;4;4;4;4;4;4;4;13;1;24;19;14;75;36;36;36;36;36;36;36;36;36;36;36;36;26;22;21;17;10;11;4;
?;?;?;?;?;?;?;?;?;?;?;?;12;55;47;46;43;42;40;64;4;4;4;13;1;59;50;49;48;41;4;4;4;4;4;4;4;13;1;24;19;14;75;36;36;36;36;36;36;36;
?;?;?;?;?;?;?;?;?;?;?;?;24;19;14;75;36;36;36;36;36;36;36;36;36;26;22;21;17;10;63;62;12;69;68;67;66;64;4;4;4;4;4;4;4;4;13;1;24;19;
?;?;?;?;?;?;?;?;?;?;?;?;40;64;4;13;1;24;19;14;46;43;42;40;64;4;13;1;24;19;46;43;42;40;64;4;4;4;13;1;24;19;14;75;36;36;26;22;21;17;
?;?;?;?;?;?;?;?;?;?;?;?;1;24;19;46;43;42;31;71;70;65;2;37;36;36;36;36;36;36;36;36;36;36;26;22;21;17;10;11;4;4;4;4;4;4;4;4;13;1;
?;?;?;?;?;?;?;?;?;?;?;?;1;24;19;46;43;42;40;64;4;13;1;59;50;49;48;41;4;13;1;24;19;14;75;36;36;26;22;21;17;10;11;4;4;4;4;4;4;13;
?;?;?;?;?;?;?;?;?;?;?;?;17;32;28;23;5;15;6;36;36;26;22;21;17;10;11;4;4;4;4;13;1;24;19;14;75;36;26;22;21;17;10;11;4;4;4;4;4;4;
?;?;?;?;?;?;?;?;?;?;?;?;12;55;47;46;43;42;40;64;4;4;13;1;24;19;14;75;36;36;36;36;26;22;21;17;10;11;4;13;1;24;19;14;75;36;36;26;22;21;
?;?;?;?;?;?;?;?;?;?;?;?;1;24;19;14;75;36;36;26;22;21;17;10;11;4;4;4;4;4;4;13;1;24;19;14;75;36;36;36;36;36;36;36;26;22;21;31;71;70;
?;?;?;?;?;?;?;?;?;?;?;?;73;42;40;64;4;13;1;24;19;14;75;36;36;36;26;22;21;17;10;11;4;4;4;4;13;1;24;19;14;75;74;73;72;27;61;44;60;37;
?;?;?;?;?;?;?;?;?;?;?;?;55;47;46;43;42;40;64;63;62;12;55;47;75;36;36;36;36;36;26;22;21;17;10;11;4;4;13;1;24;19;14;75;36;26;22;21;17;10;
?;?;?;?;?;?;?;?;?;?;?;?;65;0;9;8;3;4;4;4;4;4;4;4;4;4;4;4;4;4;4;4;4;4;4;13;1;24;19;14;75;36;36;36;36;36;36;36;36;36;
?;?;?;?;?;?;?;?;?;?;?;?;36;36;36;36;36;36;26;22;21;17;10;11;4;4;4;13;1;24;19;14;75;36;36;26;22;21;17;10;11;4;4;4;4;4;4;4;4;4;
?;?;?;?;?;?;?;?;?;?;?;?;42;40;32;28;23;5;15;46;43;42;40;64;4;4;13;1;24;19;14;46;43;42;40;64;63;62;12;55;46;43;42;40;64;4;4;4;4;4;
?;?;?;?;?;?;?;?;?;?;?;?;17;10;11;4;4;4;4;4;4;4;4;4;4;4;4;13;1;24;69;68;67;66;64;4;13;1;24;19;14;75;36;36;36;36;36;36;36;36;
?;?;?;?;?;?;?;?;?;?;?;?;42;40;64;4;4;4;4;4;4;4;4;4;4;13;1;24;19;14;75;36;36;36;36;36;36;26;22;21;17;10;11;4;4;13;1;24;19;14;
?;?;?;?;?;?;?;?;?;?;?;?;36;36;36;36;36;36;36;26;22;21;17;10;11;4;13;1;24;19;14;46;43;42;40;64;4;4;4;4;4;4;4;13;1;24;19;46;43;42;
?;?;?;?;?;?;?;?;?;?;?;?;42;40;64;63;62;12;55;47;46;43;42;40;64;63;62;12;55;47;75;36;36;36;36;26;22;21;17;10;11;4;4;13;1;24;19;14;75;36;
?;?;?;?;?;?;?;?;?;?;?;?;4;13;1;24;19;14;75;36;36;36;26;22;21;17;10;11;4;13;1;24;19;14;75;36;36;36;26;22;21;17;10;11;4;4;4;4;4;4;
?;?;?;?;?;?;?;?;?;?;?;?;42;40;64;63;62;12;55;47;75;36;26;54;53;51;18;38;39;0;9;8;3;4;4;4;4;4;4;4;4;4;4;4;4;4;4;4;13;1;
?;?;?;?;?;?;?;?;?;?;?;?;21;17;10;11;4;4;4;4;4;4;4;4;4;4;4;4;4;4;4;4;4;4;4;4;4;4;4;4;4;13;1;24;19;14;75;36;26;22;
?;?;?;?;?;?;?;?;?;?;?;?;5;15;6;46;43;42;40;64;4;4;4;4;4;4;4;4;13;1;24;19;14;75;74;73;42;40;64;4;4;4;4;4;4;4;4;4;4;4;
?;?;?;?;?;?;?;?;?;?;?;?;12;55;47;75;36;36;36;36;36;36;36;26;22;21;17;10;11;4;4;4;13;1;24;19;14;75;36;36;36;26;22;21;17;10;11;4;13;1;
?;?;?;?;?;?;?;?;?;?;?;?;36;36;36;36;36;36;36;26;22;21;17;10;11;4;4;4;4;4;4;4;4;4;13;1;24;19;14;46;43;42;40;64;4;4;4;4;4;13;
?;?;?;?;?;?;?;?;?;?;?;?;21;17;10;11;4;13;1;24;19;14;75;36;36;36;26;22;21;17;10;11;4;4;4;4;4;13;1;24;19;14;75;36;36;26;22;21;17;10;
?;?;?;?;?;?;?;?;?;?;?;?;1;24;19;14;75;36;36;36;36;36;36;36;36;36;36;36;36;36;36;36;36;36;36;36;26;22;21;17;10;11;4;4;4;4;4;4;4;4;
?;?;?;?;?;?;?;?;?;?;?;?;43;42;40;64;63;62;12;55;47;75;36;36;36;36;36;36;36;36;36;36;36;36;36;36;36;36;26;54;53;51;18;38;0;9;8;3;4;4;
?;?;?;?;?;?;?;?;?;?;?;?;42;40;64;4;4;4;4;4;4;4;13;1;24;19;14;75;36;36;36;36;36;36;36;36;36;36;36;36;36;36;36;36;36;36;36;36;36;36;
?;?;?;?;?;?;?;?;?;?;?;?;22;21;17;10;11;4;4;4;13;1;24;19;14;75;36;26;22;21;17;10;11;4;4;4;4;4;4;4;4;4;4;13;1;24;19;14;75;36;
?;?;?;?;?;?;?;?;?;?;?;?;36;36;36;36;36;36;26;22;21;17;10;11;4;4;4;4;4;4;4;4;4;4;4;4;13;1;24;19;14;75;74;73;42;40;64;4;4;4;
?;?;?;?;?;?;?;?;?;?;?;?;42;40;32;28;23;5;15;46;43;42;40;64;4;4;13;1;24;19;14;75;36;26;22;21;31;71;70;65;2;37;36;26;22;21;31;71;70;65;
?;?;?;?;?;?;?;?;?;?;?;?;31;71;70;65;2;37;36;36;36;36;26;22;21;17;10;11;13;0;9;8;3;4;4;4;4;4;4;13;1;24;19;14;46;43;42;40;64;4;
?;?;?;?;?;?;?;?;?;?;?;?;42;40;64;4;4;4;13;1;24;19;14;75;36;36;36;26;22;21;17;10;11;4;4;4;13;1;24;19;14;75;36;36;36;36;36;36;36;36;
?;?;?;?;?;?;?;?;?;?;?;?;4;4;4;4;13;1;24;19;14;75;36;36;36;36;36;36;36;36;26;22;21;17;10;11;4;4;4;4;4;4;4;4;4;4;4;4;4;4;
?;?;?;?;?;?;?;?;?;?;?;?;4;13;1;24;19;46;43;42;40;64;63;62;0;9;8;3;4;4;4;4;13;1;24;19;14;75;74;73;42;40;64;4;4;4;13;1;24;19;
?;?;?;?;?;?;?;?;?;?;?;?;5;15;6;46;43;42;40;64;4;4;4;4;4;4;4;13;1;24;19;14;75;36;36;36;26;22;21;17;10;11;4;13;1;24;69;68;67;66;
?;?;?;?;?;?;?;?;?;?;?;?;12;55;47;46;43;42;40;64;63;62;12;55;46;43;42;40;64;4;4;13;1;24;19;14;75;36;36;36;36;36;36;36;36;36;26;22;21;31;
?;?;?;?;?;?;?;?;?;?;?;?;40;64;63;62;12;55;47;75;36;36;36;36;36;36;36;36;36;26;22;21;17;10;11;4;4;4;4;4;13;1;24;19;14;75;36;36;26;22;
?;?;?;?;?;?;?;?;?;?;?;?;1;24;69;68;67;66;64;4;4;4;13;1;24;19;14;75;36;36;36;36;36;36;36;26;22;21;17;10;11;4;4;13;1;24;19;14;75;36;
?;?;?;?;?;?;?;?;?;?;?;?;12;55;46;43;42;40;64;4;4;13;1;24;19;46;43;42;40;64;63;62;12;55;47;46;43;42;40;64;4;13;1;24;19;14;75;36;36;36;
?;?;?;?;?;?;?;?;?;?;?;?;42;40;64;63;62;12;55;47;75;74;73;42;40;64;63;62;12;69;68;67;66;33;29;25;20;16;7;36;26;22;21;17;10;11;4;4;4;4;
?;?;?;?;?;?;?;?;?;?;?;?;40;64;4;4;13;1;24;19;14;75;74;73;42;40;64;4;4;4;4;4;4;4;13;1;24;19;14;75;36;36;36;36;36;36;36;36;36;26;
?;?;?;?;?;?;?;?;?;?;?;?;24;19;14;75;36;26;22;21;17;10;11;4;4;4;13;1;24;19;14;75;36;36;36;26;22;21;17;10;11;13;1;24;19;14;75;36;36;26;
?;?;?;?;?;?;?;?;?;?;?;?;?;36;36;36;36;36;36;36;36;36;36;36;26;22;21;17;10;11;4;4;4;4;4;4;4;4;4;4;4;4;4;4;4;4;4;4;4;4;
?;?;?;?;?;?;?;?;?;?;?;?;40;64;63;62;12;55;47;75;36;36;26;22;21;17;10;63;62;12;55;47;75;36;36;36;36;36;36;26;22;21;17;10;11;4;4;4;4;4;
?;?;?;?;?;?;?;?;?;?;?;?;74;73;42;40;64;4;4;4;4;4;13;1;24;19;14;75;36;36;36;36;26;22;21;17;10;11;4;4;13;1;24;19;14;75;74;73;42;40;
?;?;?;?;?;?;?;?;?;?;?;?;42;40;64;63;62;12;55;47;75;36;26;22;21;17;10;11;4;4;4;4;4;4;4;4;4;4;4;4;4;4;4;4;4;13;1;24;19;14;
?;?;?;?;?;?;?;?;?;?;?;?;42;40;32;28;23;5;15;46;43;42;40;64;63;62;12;55;47;75;36;36;26;22;21;17;10;11;4;4;4;13;1;24;19;14;75;36;36;36;
?;?;?;?;?;?;?;?;?;?;?;?;40;64;4;4;4;4;4;4;4;4;4;4;4;4;13;1;59;50;49;48;41;4;4;13;1;24;19;14;75;36;26;22;21;17;10;11;4;4;
?;?;?;?;?;?;?;?;?;?;?;?;36;36;36;36;36;36;36;36;36;26;22;21;17;10;11;4;4;4;4;4;4;4;4;4;4;4;4;4;4;4;13;1;24;19;14;75;36;36;
?;?;?;?;?;?;?;?;?;?;?;?;40;64;63;62;12;55;47;75;36;26;22;21;17;10;63;62;12;55;46;43;42;40;64;63;62;12;55;47;75;36;26;22;21;17;32;28;23;5;
?;?;?;?;?;?;?;?;?;?;?;?;40;64;4;13;1;24;19;14;75;74;73;42;40;64;4;13;1;24;19;14;75;36;36;36;36;36;36;36;26;22;21;17;10;63;62;12;55;47;
?;?;?;?;?;?;?;?;?;?;?;?;4;13;1;24;19;14;75;36;36;36;36;36;36;26;22;21;17;10;11;4;4;4;4;4;4;4;4;13;1;24;19;14;75;74;73;42;40;64;
?;?;?;?;?;?;?;?;?;?;?;?;1;24;19;14;75;36;36;36;36;36;26;22;21;17;10;11;4;4;4;13;1;24;19;14;75;36;36;36;36;36;26;22;21;17;10;11;4;4;
?;?;?;?;?;?;?;?;?;?;?;?;55;47;75;74;73;42;40;64;4;4;13;1;24;19;14;75;36;36;36;36;36;36;36;36;26;22;21;17;10;11;4;4;4;4;4;13;1;24;
?;?;?;?;?;?;?;?;?;?;?;?;5;15;6;36;36;26;22;21;17;10;11;4;4;4;4;4;4;4;4;4;4;4;4;13;1;24;19;14;75;36;36;36;36;36;36;36;36;36;
?;?;?;?;?;?;?;?;?;?;?;?;24;19;14;75;36;36;36;36;36;36;36;36;26;22;21;17;10;11;4;4;4;4;4;4;13;1;24;19;14;75;36;36;36;36;36;36;36;36;
?;?;?;?;?;?;?;?;?;?;?;?;1;24;19;46;43;42;40;32;28;23;5;15;6;46;43;42;40;64;4;4;13;1;24;69;68;67;66;64;63;62;12;55;47;75;36;36;26;22;
?;?;?;?;?;?;?;?;?;?;?;?;1;24;19;46;43;42;40;64;63;62;12;55;47;75;36;36;36;36;36;36;26;22;21;17;10;11;4;4;4;4;13;1;24;69;68;67;66;64;
?;?;?;?;?;?;?;?;?;?;?;?;0;9;8;3;4;4;13;1;24;19;14;75;36;36;36;26;22;21;17;10;11;4;4;4;4;13;1;24;19;14;75;36;36;26;22;21;17;10;
?;?;?;?;?;?;?;?;?;?;?;?;40;64;4;4;4;4;4;4;4;13;1;24;19;14;75;74;73;42;40;64;4;13;1;24;19;14;75;36;36;36;36;36;36;26;22;21;17;10;
?;?;?;?;?;?;?;?;?;?;?;?;4;4;4;4;4;4;4;4;4;4;4;13;1;24;19;14;75;36;36;26;22;21;17;10;11;4;4;13;1;24;19;14;75;36;36;36;36;36;
?;?;?;?;?;?;?;?;?;?;?;?;1;24;19;14;75;74;73;42;40;64;4;4;13;1;24;19;14;75;74;73;42;40;64;4;4;4;4;13;1;24;19;14;75;36;36;26;22;21;
?;?;?;?;?;?;?;?;?;?;?;?;4;4;4;4;4;13;1;24;19;14;46;43;42;40;64;4;4;4;4;13;1;24;19;14;75;36;26;22;21;17;10;11;4;4;4;4;4;4;
?;?;?;?;?;?;?;?;?;?;?;?;4;4;4;4;4;4;4;4;4;4;4;4;4;4;4;4;13;1;24;19;14;75;36;36;36;36;36;36;36;36;36;36;36;36;36;36;36;26;
?;?;?;?;?;?;?;?;?;?;?;?;12;55;47;75;36;26;22;21;17;10;11;4;4;4;4;4;4;4;13;1;24;19;14;46;43;42;40;64;4;4;4;13;1;24;19;14;75;36;
?;?;?;?;?;?;?;?;?;?;?;?;42;40;64;63;62;12;55;47;75;74;73;42;40;64;4;4;4;4;4;4;4;4;4;4;4;4;4;4;4;4;4;4;4;4;13;1;24;19;
?;?;?;?;?;?;?;?;?;?;?;?;40;64;4;13;1;24;19;14;75;74;73;72;27;61;44;60;37;46;43;42;40;32;28;23;5;15;6;36;36;36;26;22;21;17;10;11;13;1;
?;?;?;?;?;?;?;?;?;?;?;?;13;1;24;19;14;75;36;26;22;21;17;10;11;4;4;4;4;4;4;4;13;1;24;19;14;75;36;36;36;36;26;22;21;17;10;11;4;4;
?;?;?;?;?;?;?;?;?;?;?;?;12;55;47;75;36;36;36;36;36;36;36;36;36;26;22;21;17;10;11;4;4;4;4;4;4;4;4;4;4;4;13;1;24;19;14;75;74;73;
?;?;?;?;?;?;?;?;?;?;?;?;42;40;64;63;62;12;55;46;43;42;40;64;4;4;4;13;1;24;19;14;75;36;36;36;36;36;26;22;21;17;10;11;4;4;4;4;4;4;
?;?;?;?;?;?;?;?;?;?;?;?;26;22;21;17;10;11;4;4;13;1;24;19;14;75;36;36;36;36;36;36;36;26;22;21;17;10;11;4;4;4;4;4;4;13;1;24;19;14;
?;?;?;?;?;?;?;?;?;?;?;?;42;40;64;4;4;13;1;24;19;14;75;36;36;36;36;36;26;22;21;17;10;11;4;4;4;4;4;4;4;4;4;4;4;4;4;4;13;1;
?;?;?;?;?;?;?;?;?;?;?;?;23;5;69;68;67;66;64;4;4;4;4;4;4;4;4;4;4;4;4;13;1;24;69;68;67;66;64;4;4;4;4;4;13;1;24;19;14;75;
?;?;?;?;?;?;?;?;?;?;?;?;12;55;46;43;42;40;64;4;13;1;24;19;14;46;43;42;40;64;4;13;1;24;19;14;75;36;36;36;36;36;36;36;36;26;22;21;17;10;
?;?;?;?;?;?;?;?;?;?;?;?;5;15;6;46;43;42;40;64;4;4;4;4;4;4;4;4;4;4;4;13;1;24;19;14;75;36;36;36;36;36;36;36;36;36;36;36;36;36;
?;?;?;?;?;?;?;?;?;?;?;?;40;64;4;13;1;24;19;14;75;36;36;36;36;36;36;36;36;36;36;36;26;22;21;17;32;28;23;5;15;46;43;42;40;64;4;4;4;4;
?;?;?;?;?;?;?;?;?;?;?;?;64;63;62;12;55;47;75;36;36;26;22;21;17;10;11;4;4;4;4;4;4;4;4;4;4;4;4;4;13;1;24;19;14;75;36;36;26;22;
?;?;?;?;?;?;?;?;?;?;?;?;5;15;46;43;42;40;64;63;62;12;55;47;75;36;26;22;21;17;10;63;62;12;55;46;43;42;40;64;4;4;4;4;4;4;4;4;4;13;
?;?;?;?;?;?;?;?;?;?;?;?;12;55;47;75;74;73;42;31;71;70;65;2;37;36;36;36;26;22;21;17;10;11;4;4;4;4;4;4;4;4;4;4;4;4;4;4;4;4;
?;?;?;?;?;?;?;?;?;?;?;?;73;42;31;71;70;0;9;8;3;4;4;4;4;13;1;24;19;14;46;43;42;40;32;28;23;5;15;6;46;43;42;40;64;4;4;4;4;4;
?;?;?;?;?;?;?;?;?;?;?;?;42;40;32;28;23;5;15;6;36;26;22;21;17;32;28;23;5;15;6;46;43;42;40;64;4;4;4;4;4;4;4;4;4;13;1;24;19;14;
?;?;?;?;?;?;?;?;?;?;?;?;40;64;4;4;13;1;24;19;14;75;36;36;36;36;36;36;36;36;36;26;22;21;17;10;63;62;12;55;46;43;42;40;64;4;13;1;24;19;
?;?;?;?;?;?;?;?;?;?;?;?;42;40;64;4;4;4;4;4;4;4;13;1;24;19;14;75;36;36;36;26;22;21;17;10;11;4;4;4;13;1;24;19;14;75;36;36;36;36;
?;?;?;?;?;?;?;?;?;?;?;?;42;40;64;4;4;13;1;59;50;49;48;41;80;79;78;77;76;75;36;36;36;36;26;22;21;17;10;11;4;4;4;4;13;1;24;19;14;75;
?;?;?;?;?;?;?;?;?;?;?;?;42;40;32;28;23;5;15;6;36;26;22;21;17;10;63;62;12;55;47;75;36;26;22;21;17;10;11;4;4;13;1;24;19;14;75;74;73;42;
?;?;?;?;?;?;?;?;?;?;?;?;42;40;64;4;4;13;1;24;19;14;75;36;36;36;36;36;36;26;22;21;17;10;11;4;4;4;4;13;1;24;19;14;75;36;36;36;36;26;
?;?;?;?;?;?;?;?;?;?;?;?;42;40;32;28;23;5;15;6;36;26;22;21;17;10;11;4;4;4;4;4;4;4;4;4;4;4;4;4;4;4;4;13;1;24;19;14;75;36;
?;?;?;?;?;?;?;?;?;?;?;?;22;21;17;10;11;4;13;1;24;19;14;75;36;26;22;21;17;10;11;4;4;13;1;24;19;14;75;36;36;36;36;26;22;21;17;10;11;4;
?;?;?;?;?;?;?;?;?;?;?;?;42;40;64;63;62;12;55;46;43;42;40;64;63;62;12;55;47;75;74;73;42;40;64;4;13;1;24;19;14;75;36;26;22;21;31;71;70;65;
?;?;?;?;?;?;?;?;?;?;?;?;12;55;47;75;74;73;42;31;71;70;65;2;37;36;26;22;21;17;10;11;13;0;9;8;3;4;4;4;4;4;4;4;4;4;4;13;1;24;
?;?;?;?;?;?;?;?;?;?;?;?;36;36;36;36;26;22;21;17;10;11;4;4;4;4;4;4;4;13;1;24;19;46;43;42;40;64;63;62;12;55;47;75;36;36;36;36;36;36;
?;?;?;?;?;?;?;?;?;?;?;?;4;4;4;4;4;4;4;13;1;24;19;14;75;36;36;36;26;22;21;17;10;11;4;4;4;4;4;4;13;1;24;19;14;75;36;36;36;36;
?;?;?;?;?;?;?;?;?;?;?;?;42;40;32;28;23;5;15;6;36;36;26;22;21;17;10;11;4;4;4;4;4;13;1;24;19;14;75;74;73;42;40;64;4;4;4;4;4;4;
?;?;?;?;?;?;?;?;?;?;?;?;36;36;36;36;36;36;36;36;36;26;22;21;17;10;11;4;4;4;4;4;4;4;4;4;4;4;4;4;4;4;4;4;4;4;4;13;1;24;
?;?;?;?;?;?;?;?;?;?;?;?;22;21;17;10;11;4;4;4;4;4;4;4;4;4;4;13;1;24;19;14;75;36;36;26;22;21;17;10;11;4;4;4;4;13;1;24;19;14;
?;?;?;?;?;?;?;?;?;?;?;?;5;15;6;46;43;42;40;64;4;4;13;1;24;19;14;46;43;42;40;64;4;4;4;4;13;1;24;19;14;75;36;36;36;26;22;21;17;10;
?;?;?;?;?;?;?;?;?;?;?;?;36;36;36;36;26;22;21;17;10;11;13;1;24;19;46;43;42;40;64;4;4;4;4;4;4;4;4;4;4;4;4;4;4;4;13;1;24;19;
?;?;?;?;?;?;?;?;?;?;?;?;73;72;27;61;44;60;0;9;8;3;4;4;4;13;1;24;19;14;75;36;36;36;36;36;36;36;36;36;36;26;22;21;17;10;11;4;13;1;
?;?;?;?;?;?;?;?;?;?;?;?;13;1;24;19;46;43;31;71;70;65;2;37;36;36;36;36;36;36;36;36;36;36;36;36;36;26;22;21;17;10;11;4;13;1;24;19;46;43;
?;?;?;?;?;?;?;?;?;?;?;?;12;55;47;75;74;73;42;31;71;70;65;2;69;68;67;66;64;4;4;4;4;4;13;1;24;19;14;75;36;36;36;36;36;36;36;36;36;36;
?;?;?;?;?;?;?;?;?;?;?;?;12;55;47;46;43;42;40;64;63;62;12;55;47;75;36;26;22;21;17;10;11;4;4;4;4;13;1;24;19;14;75;36;36;36;26;22;21;17;
?;?;?;?;?;?;?;?;?;?;?;?;36;36;36;36;36;36;36;36;26;22;21;17;10;11;4;4;4;4;4;4;4;4;4;4;4;4;13;1;24;19;14;75;36;36;26;22;21;17;
?;?;?;?;?;?;?;?;?;?;?;?;42;40;64;4;13;1;24;19;14;75;36;36;36;36;36;36;26;22;21;17;10;11;4;4;4;4;4;4;4;4;4;4;4;4;4;13;1;24;
?;?;?;?;?;?;?;?;?;?;?;?;69;68;67;66;64;4;4;4;4;4;4;4;4;4;13;1;24;19;14;75;36;36;36;36;36;26;22;21;17;10;11;4;4;13;1;24;19;14;
?;?;?;?;?;?;?;?;?;?;?;?;4;4;13;1;24;19;14;75;36;36;36;36;36;36;36;36;36;36;36;36;36;36;36;36;36;36;26;22;21;17;10;11;4;4;4;4;4;4;
?;?;?;?;?;?;?;?;?;?;?;?;73;42;40;64;4;4;4;4;4;4;4;4;4;13;1;24;19;14;75;36;36;36;36;36;36;36;26;22;21;17;10;11;4;13;1;24;19;14;
?;?;?;?;?;?;?;?;?;?;?;?;40;64;4;13;1;24;19;14;75;36;26;22;21;31;71;70;65;2;37;36;26;22;21;17;10;11;4;4;4;4;4;13;1;24;19;14;75;36;
?;?;?;?;?;?;?;?;?;?;?;?;55;46;43;42;40;64;4;13;1;24;19;14;46;43;42;31;71;70;65;2;37;36;36;26;22;21;17;10;11;4;4;4;4;4;4;13;1;24;
?;?;?;?;?;?;?;?;?;?;?;?;24;19;14;75;36;36;36;36;36;26;22;21;17;10;11;4;4;13;1;24;19;14;75;36;36;36;26;22;21;17;10;63;62;12;69;68;67;66;
?;?;?;?;?;?;?;?;?;?;?;?;73;42;40;64;63;62;12;55;47;75;36;36;36;26;22;21;17;10;11;4;4;4;4;4;4;4;4;13;1;24;19;14;75;36;36;36;36;36;
?;?;?;?;?;?;?;?;?;?;?;?;1;24;69;68;67;66;64;4;13;1;24;19;14;75;74;73;42;40;64;4;4;4;4;13;1;24;19;14;75;36;36;36;26;22;21;17;10;11;
?;?;?;?;?;?;?;?;?;?;?;?;4;4;4;4;13;1;24;19;14;75;36;36;36;26;22;21;17;32;28;23;5;15;6;36;26;22;21;17;10;11;4;4;4;4;4;4;4;13;
?;?;?;?;?;?;?;?;?;?;?;?;40;64;4;4;4;4;4;4;4;4;13;1;24;19;14;75;36;36;36;26;22;21;17;10;11;4;4;4;4;4;4;4;4;13;1;24;19;14;
?;?;?;?;?;?;?;?;?;?;?;?;5;15;6;46;43;42;40;64;63;62;12;55;47;75;36;36;36;26;22;21;17;10;11;4;4;4;4;4;4;4;4;4;4;4;4;4;13;1;
?;?;?;?;?;?;?;?;?;?;?;?;1;24;19;14;46;43;42;40;64;63;62;12;55;47;75;36;36;36;36;26;22;21;17;10;11;4;4;4;13;1;24;19;14;75;36;36;26;22;
?;?;?;?;?;?;?;?;?;?;?;?;42;40;64;63;62;12;55;46;43;42;40;64;4;4;4;13;1;59;50;49;48;41;4;4;13;1;24;19;14;75;36;36;36;36;36;36;36;36;
?;?;?;?;?;?;?;?;?;?;?;?;24;19;14;75;36;36;36;36;36;36;36;36;36;36;26;22;72;27;61;44;60;37;36;36;36;26;22;21;17;10;11;4;13;1;24;19;14;75;
?;?;?;?;?;?;?;?;?;?;?;?;24;19;14;75;74;54;53;51;18;38;39;30;35;26;22;21;17;10;11;4;13;1;24;19;14;75;36;36;36;26;22;21;17;10;11;4;13;1;
?;?;?;?;?;?;?;?;?;?;?;?;42;40;64;63;62;12;55;46;43;42;40;64;4;4;4;13;1;24;19;14;75;36;36;36;36;36;36;36;36;26;22;21;17;10;11;4;4;4;
?;?;?;?;?;?;?;?;?;?;?;?;24;19;14;75;36;26;22;21;31;71;70;65;2;37;36;36;36;26;22;21;17;10;11;4;13;1;24;19;14;75;36;36;26;22;72;27;61;44;
?;?;?;?;?;?;?;?;?;?;?;?;36;36;36;36;36;36;36;36;26;22;21;17;10;11;4;4;4;4;4;4;4;4;4;4;4;4;13;1;24;19;14;75;36;36;36;36;36;36;
?;?;?;?;?;?;?;?;?;?;?;?;5;15;6;36;26;22;21;17;10;11;4;4;4;4;4;4;4;4;4;4;13;1;24;19;46;43;42;40;32;28;23;5;15;6;36;26;22;21;
?;?;?;?;?;?;?;?;?;?;?;?;12;55;47;46;43;42;40;32;28;23;5;15;6;46;43;42;40;64;4;4;4;4;4;4;4;4;4;4;4;4;4;13;1;24;19;14;75;36;
?;?;?;?;?;?;?;?;?;?;?;?;26;22;21;31;71;70;65;2;37;36;26;22;21;17;10;11;4;4;4;4;4;4;4;4;4;13;1;24;19;14;75;36;36;26;22;21;17;10;
?;?;?;?;?;?;?;?;?;?;?;?;40;64;4;13;1;24;19;14;75;74;73;42;31;71;70;65;2;37;36;26;22;21;17;10;11;4;4;4;13;1;24;19;14;75;36;36;36;36;
?;?;?;?;?;?;?;?;?;?;?;?;4;4;4;4;4;4;4;4;4;4;4;4;4;13;1;24;19;14;75;36;36;36;36;36;36;36;36;36;36;36;36;36;26;22;21;17;10;11;
?;?;?;?;?;?;?;?;?;?;?;?;1;24;19;14;75;74;73;42;40;64;4;4;4;4;4;13;1;24;19;14;75;36;26;22;21;17;10;11;13;1;24;19;14;75;36;36;36;36;
?;?;?;?;?;?;?;?;?;?;?;?;1;24;69;68;67;66;64;4;13;1;24;19;14;75;36;36;36;36;36;36;36;36;36;36;36;36;36;36;36;36;26;22;21;17;10;11;4;4;
?;?;?;?;?;?;?;?;?;?;?;?;4;13;1;24;19;14;75;36;36;36;36;36;36;26;22;21;17;10;11;4;4;4;4;4;13;1;24;19;46;43;42;40;64;4;4;4;4;13;
?;?;?;?;?;?;?;?;?;?;?;?;73;42;31;71;70;65;2;69;68;67;66;64;4;4;4;13;1;24;69;68;67;66;64;4;4;4;13;1;24;19;14;75;36;36;36;36;26;22;
?;?;?;?;?;?;?;?;?;?;?;?;11;4;4;4;4;4;4;4;13;1;24;19;14;75;36;36;36;36;36;36;36;36;36;36;36;36;36;36;36;36;26;22;21;17;10;11;4;13;
?;?;?;?;?;?;?;?;?;?;?;?;36;36;36;36;36;36;36;36;36;36;26;22;21;17;10;11;4;4;4;4;4;4;4;4;13;1;59;50;49;48;41;4;4;4;4;4;4;4;
?;?;?;?;?;?;?;?;?;?;?;?;4;4;4;13;1;24;19;14;75;36;36;36;26;22;21;17;10;11;4;4;13;1;24;19;14;75;36;36;36;36;26;22;21;17;10;11;13;1;
?;?;?;?;?;?;?;?;?;?;?;?;42;40;32;28;23;5;15;6;36;26;22;21;17;10;11;4;4;4;4;4;4;4;4;4;4;4;4;4;4;4;4;4;4;4;4;4;13;1;
?;?;?;?;?;?;?;?;?;?;?;?;4;4;4;4;13;1;24;19;14;75;36;36;36;36;36;36;36;36;36;36;26;22;21;17;32;28;23;5;15;6;36;26;22;21;17;10;11;4;
?;?;?;?;?;?;?;?;?;?;?;?;5;15;46;43;42;40;64;4;4;4;13;1;24;19;14;75;36;36;36;36;36;36;26;22;21;17;32;28;23;5;15;6;46;43;42;40;64;4;
?;?;?;?;?;?;?;?;?;?;?;?;12;55;46;43;42;40;64;4;4;13;1;24;19;14;75;36;36;36;36;36;36;36;36;36;26;22;21;17;10;11;4;4;4;4;4;4;4;4;
?;?;?;?;?;?;?;?;?;?;?;?;4;4;4;13;1;24;19;14;75;36;26;22;21;17;10;11;4;4;13;1;24;19;14;75;36;36;36;36;36;36;36;36;36;36;36;36;36;36;
?;?;?;?;?;?;?;?;?;?;?;?;17;10;11;4;4;4;4;13;1;24;69;68;58;57;56;52;45;2;37;36;36;36;26;22;21;17;10;11;4;4;4;4;4;13;1;24;19;14;
?;?;?;?;?;?;?;?;?;?;?;?;4;4;4;4;4;13;1;24;19;14;75;36;36;26;22;21;17;10;11;13;1;24;19;14;75;36;36;36;26;22;21;17;10;11;4;4;4;4;
?;?;?;?;?;?;?;?;?;?;?;?;21;17;10;11;4;4;4;4;4;13;1;24;19;14;75;36;36;36;36;36;36;36;36;36;36;36;26;22;21;17;10;11;4;4;13;1;24;69;
?;?;?;?;?;?;?;?;?;?;?;?;1;24;19;14;75;36;36;36;36;36;36;36;36;36;36;36;36;36;36;36;36;36;36;26;22;21;17;10;63;62;12;55;47;75;36;26;22;21;
?;?;?;?;?;?;?;?;?;?;?;?;12;55;47;75;36;36;36;26;22;21;17;10;11;4;4;4;4;4;4;4;4;4;4;4;4;4;4;4;13;1;24;19;14;75;74;73;42;40;
?;?;?;?;?;?;?;?;?;?;?;?;36;36;36;36;36;36;36;36;36;26;22;21;17;10;11;4;13;1;24;19;14;75;74;73;42;40;64;4;4;4;4;4;4;4;4;4;4;4;
?;?;?;?;?;?;?;?;?;?;?;?;12;55;47;46;43;42;40;64;4;13;1;24;19;14;75;36;36;36;36;36;36;36;36;26;22;21;17;10;11;13;1;24;19;14;75;36;36;36;
?;?;?;?;?;?;?;?;?;?;?;?;4;13;1;24;19;14;75;36;36;26;22;21;17;10;11;4;13;1;24;19;14;75;36;36;36;36;26;22;21;17;10;11;4;4;4;4;4;4;
?;?;?;?;?;?;?;?;?;?;?;?;42;40;64;4;4;13;1;24;19;14;75;36;36;36;36;36;26;22;21;17;10;11;4;4;4;4;4;4;13;1;24;19;14;75;36;36;36;36;
?;?;?;?;?;?;?;?;?;?;?;?;42;40;64;4;13;1;24;19;46;43;42;40;64;4;4;13;1;24;69;68;67;66;64;4;4;4;13;1;24;19;14;75;36;36;36;36;36;36;
?;?;?;?;?;?;?;?;?;?;?;?;36;36;36;36;26;22;21;17;10;11;4;4;4;4;4;4;4;4;13;1;24;19;14;75;36;36;36;36;36;36;36;36;26;22;21;17;10;11;
?;?;?;?;?;?;?;?;?;?;?;?;19;14;75;74;73;42;40;64;4;4;13;1;24;19;46;43;42;40;32;28;23;5;15;6;36;36;36;36;36;36;36;36;36;36;36;36;36;36;
?;?;?;?;?;?;?;?;?;?;?;?;4;4;4;4;4;4;4;13;1;24;19;14;75;36;36;36;36;36;36;36;26;22;21;17;10;11;4;4;4;4;13;1;24;19;46;43;31;71;
?;?;?;?;?;?;?;?;?;?;?;?;36;36;36;36;36;36;36;36;36;36;36;26;22;21;17;10;11;4;4;4;4;4;4;4;4;4;4;4;4;4;4;4;4;4;4;4;4;4;
?;?;?;?;?;?;?;?;?;?;?;?;73;42;40;64;4;13;1;24;19;14;75;36;36;36;36;36;36;36;36;26;22;21;17;10;11;4;4;4;4;4;4;4;4;13;1;24;19;14;
?;?;?;?;?;?;?;?;?;?;?;?;4;13;1;24;19;14;75;36;36;36;36;36;36;36;26;22;21;17;10;11;4;4;4;4;4;13;0;9;8;3;4;4;4;13;1;24;19;14;
?;?;?;?;?;?;?;?;?;?;?;?;4;4;4;4;4;4;4;4;4;4;13;1;24;19;14;75;36;36;36;36;36;36;36;36;36;36;36;26;22;21;17;10;11;4;4;4;4;4;
?;?;?;?;?;?;?;?;?;?;?;?;42;40;64;4;13;1;24;19;14;75;36;36;36;36;36;36;36;36;26;22;21;17;10;11;4;4;4;4;4;4;4;13;1;24;19;14;75;36;
?;?;?;?;?;?;?;?;?;?;?;?;42;40;64;4;4;4;13;1;24;19;14;75;36;36;36;36;36;26;22;21;17;10;11;4;4;4;4;4;4;13;1;24;19;14;75;36;36;36;
?;?;?;?;?;?;?;?;?;?;?;?;42;40;32;28;23;5;15;6;36;36;36;36;36;36;36;36;36;26;22;21;17;10;11;4;4;4;4;4;4;4;4;4;4;4;4;4;13;1;
?;?;?;?;?;?;?;?;?;?;?;?;42;40;64;63;62;12;55;47;75;36;26;22;21;17;10;11;4;4;4;4;13;1;24;19;46;43;42;40;64;63;62;12;55;47;75;36;36;36;
?;?;?;?;?;?;?;?;?;?;?;?;42;40;32;28;23;5;15;6;36;26;22;21;17;10;11;4;4;4;4;4;4;4;4;4;4;4;4;4;4;13;1;24;19;14;75;36;26;22;
?;?;?;?;?;?;?;?;?;?;?;?;41;4;4;4;13;1;24;19;14;75;36;36;26;22;21;31;71;70;65;2;37;36;36;36;36;36;36;36;36;36;36;36;36;26;22;21;17;10;
?;?;?;?;?;?;?;?;?;?;?;?;31;71;70;65;2;69;68;67;66;64;4;4;4;4;4;4;4;4;4;4;13;1;24;19;14;75;36;36;26;22;21;17;10;11;4;4;4;4;
?;?;?;?;?;?;?;?;?;?;?;?;24;19;14;75;36;36;36;36;36;36;36;36;36;36;36;26;22;21;17;10;11;4;4;4;4;4;4;4;4;4;4;4;4;4;4;4;4;4;
?;?;?;?;?;?;?;?;?;?;?;?;42;40;64;63;62;12;55;46;43;42;40;64;4;4;13;1;24;19;14;75;36;36;36;36;36;36;36;36;36;36;36;36;36;36;36;36;36;26;
?;?;?;?;?;?;?;?;?;?;?;?;40;64;4;4;4;4;13;1;24;19;46;43;42;40;64;4;4;4;4;4;4;4;4;4;13;1;24;19;14;75;36;36;36;36;36;36;36;36;
?;?;?;?;?;?;?;?;?;?;?;?;36;36;36;36;36;26;22;21;17;10;11;4;4;4;4;4;4;4;4;4;4;4;4;13;1;24;19;14;75;74;73;42;40;64;4;4;4;13;
?;?;?;?;?;?;?;?;?;?;?;?;42;40;64;63;62;12;55;47;75;74;73;72;27;61;44;0;9;8;3;4;4;4;4;4;4;13;1;24;19;14;75;36;36;36;36;36;36;36;
?;?;?;?;?;?;?;?;?;?;?;?;4;4;4;4;13;1;24;19;14;75;36;36;36;36;36;26;22;21;17;10;11;13;1;24;19;14;75;36;36;36;26;22;21;17;10;11;4;4;
?;?;?;?;?;?;?;?;?;?;?;?;42;40;64;4;13;1;24;19;14;75;36;26;54;53;51;18;38;39;30;35;34;26;22;21;17;10;11;4;4;4;4;4;4;4;4;4;4;4;
?;?;?;?;?;?;?;?;?;?;?;?;42;40;64;4;13;1;24;19;14;75;74;73;72;27;61;44;60;0;9;8;3;4;4;4;4;13;1;24;19;14;75;36;36;36;36;36;36;36;
?;?;?;?;?;?;?;?;?;?;?;?;37;36;36;36;26;22;21;17;10;11;4;4;4;4;13;1;24;19;14;75;36;36;26;22;21;17;10;11;4;4;4;4;13;1;24;19;14;75;
?;?;?;?;?;?;?;?;?;?;?;?;73;42;40;64;4;4;4;4;4;4;4;13;1;24;19;14;75;36;36;26;22;21;17;32;28;23;5;15;6;36;36;36;36;36;36;36;36;36;
?;?;?;?;?;?;?;?;?;?;?;?;40;64;4;4;4;13;1;24;19;14;75;36;36;36;36;36;36;26;22;21;17;10;11;4;13;1;24;19;14;75;36;36;26;22;21;17;10;11;
?;?;?;?;?;?;?;?;?;?;?;?;12;55;47;75;74;73;42;40;64;4;4;4;4;4;4;4;4;13;1;24;19;14;75;36;36;26;22;21;17;10;11;4;4;4;4;4;4;4;
?;?;?;?;?;?;?;?;?;?;?;?;36;36;36;36;36;36;36;36;36;36;26;22;21;17;10;11;4;4;13;1;24;19;14;75;74;73;42;40;64;4;4;4;4;4;4;4;4;4;
?;?;?;?;?;?;?;?;?;?;?;?;73;72;27;61;44;60;37;46;43;42;40;64;63;62;12;55;47;75;74;73;42;40;64;4;4;4;4;4;4;4;4;4;13;1;24;19;14;75;
?;?;?;?;?;?;?;?;?;?;?;?;2;37;36;26;22;21;31;71;70;65;2;37;36;36;26;22;21;17;10;11;4;4;4;4;13;1;24;19;14;75;36;36;36;36;36;36;36;36;
?;?;?;?;?;?;?;?;?;?;?;?;13;0;9;8;3;4;4;13;1;24;19;14;75;36;36;26;22;21;17;10;11;13;1;24;19;14;75;36;36;36;36;26;22;21;17;10;11;4;
?;?;?;?;?;?;?;?;?;?;?;?;24;19;14;75;74;73;42;40;64;4;4;4;4;4;4;13;1;24;19;14;75;36;36;36;36;36;36;36;36;26;22;21;17;10;11;4;4;4;
?;?;?;?;?;?;?;?;?;?;?;?;4;4;4;4;4;4;13;1;24;19;14;75;36;36;36;26;22;21;17;10;11;4;4;4;4;13;1;24;19;14;75;36;36;36;36;36;36;36;
?;?;?;?;?;?;?;?;?;?;?;?;64;4;4;4;13;1;24;19;14;46;43;42;40;64;4;4;4;4;4;13;1;24;19;14;75;36;36;36;36;36;36;36;36;36;36;36;26;22;
?;?;?;?;?;?;?;?;?;?;?;?;55;47;75;36;26;22;21;17;10;11;4;13;1;24;19;14;75;36;36;36;26;22;21;17;10;11;4;4;13;1;24;19;46;43;42;40;64;4;
?;?;?;?;?;?;?;?;?;?;?;?;24;19;14;75;74;73;72;27;61;44;60;37;36;36;36;36;36;36;36;36;36;36;36;26;22;21;17;10;11;4;4;4;4;4;4;4;4;4;
?;?;?;?;?;?;?;?;?;?;?;?;42;40;64;4;4;13;0;9;8;3;4;4;4;4;13;1;24;69;68;67;66;64;4;13;1;24;19;14;75;36;36;36;36;36;36;36;36;26;
?;?;?;?;?;?;?;?;?;?;?;?;4;13;1;24;19;14;75;36;36;36;36;36;36;36;36;36;36;36;36;36;36;36;36;36;36;26;22;21;17;10;11;4;4;13;1;24;19;14;
?;?;?;?;?;?;?;?;?;?;?;?;55;47;75;36;36;26;22;21;31;71;70;0;9;8;3;4;4;4;4;4;4;4;4;4;4;4;4;13;1;24;19;14;75;74;73;42;40;64;
?;?;?;?;?;?;?;?;?;?;?;?;4;4;4;4;4;4;4;13;1;24;19;14;75;36;36;36;36;36;36;36;36;36;36;26;22;21;17;10;11;4;13;1;24;19;14;75;74;73;
?;?;?;?;?;?;?;?;?;?;?;?;40;64;4;4;4;13;0;9;8;3;4;4;13;1;24;19;14;75;36;36;26;22;21;17;32;28;23;5;15;6;36;36;36;36;36;36;36;36;
?;?;?;?;?;?;?;?;?;?;?;?;73;42;40;64;4;13;1;24;19;14;46;43;42;40;32;28;23;5;15;6;36;36;36;36;36;36;26;22;21;17;10;11;4;4;4;4;4;4;
?;?;?;?;?;?;?;?;?;?;?;?;73;72;27;61;44;60;37;36;26;22;21;17;10;11;4;4;4;4;4;4;4;4;4;13;1;24;19;14;75;36;36;36;36;36;26;22;21;17;
?;?;?;?;?;?;?;?;?;?;?;?;66;64;4;4;4;13;1;24;19;14;46;43;31;71;70;65;2;37;36;36;36;36;26;22;21;17;10;63;62;12;55;47;75;36;36;26;22;21;
?;?;?;?;?;?;?;?;?;?;?;?;42;40;32;28;23;5;15;6;46;43;42;40;64;4;4;4;4;4;4;4;4;4;4;13;1;24;19;14;75;36;26;22;21;17;10;11;4;4;
?;?;?;?;?;?;?;?;?;?;?;?;36;36;36;26;22;21;17;10;11;4;4;4;4;13;1;24;19;14;75;74;73;42;40;64;4;4;13;1;24;19;14;75;36;36;36;36;36;36;
?;?;?;?;?;?;?;?;?;?;?;?;41;4;13;1;24;19;14;75;36;36;36;36;26;22;21;17;10;11;4;4;13;1;24;19;14;75;36;36;36;36;26;22;21;17;10;11;13;1;
?;?;?;?;?;?;?;?;?;?;?;?;13;1;24;19;14;75;36;36;36;36;36;36;36;36;36;36;36;36;26;22;21;17;10;63;62;12;55;47;75;36;36;36;36;36;36;36;36;36;
?;?;?;?;?;?;?;?;?;?;?;?;36;26;22;21;17;10;11;4;4;4;13;1;24;19;14;75;36;36;36;36;36;36;36;36;36;36;26;22;21;17;10;11;4;4;4;4;4;4;
?;?;?;?;?;?;?;?;?;?;?;?;40;64;4;13;1;24;19;14;75;74;73;42;40;64;63;62;12;55;47;75;36;26;22;21;17;10;11;4;4;4;13;1;24;19;46;43;42;40;
?;?;?;?;?;?;?;?;?;?;?;?;24;19;14;75;36;36;36;36;36;36;26;22;21;17;10;11;4;4;13;1;24;19;46;43;42;40;64;4;4;4;4;13;1;24;19;14;75;36;
?;?;?;?;?;?;?;?;?;?;?;?;40;64;4;4;13;1;24;19;14;75;36;36;36;36;36;36;36;36;36;26;22;21;17;10;11;4;4;4;4;13;1;24;19;14;75;36;36;26;
?;?;?;?;?;?;?;?;?;?;?;?;2;37;46;43;42;40;64;4;4;13;1;24;19;14;46;43;42;40;64;4;4;4;13;1;24;19;14;75;36;36;26;22;21;17;10;11;4;4;
?;?;?;?;?;?;?;?;?;?;?;?;1;59;50;49;48;41;4;4;4;4;13;1;24;19;14;75;36;36;36;36;36;36;36;36;36;26;22;21;17;10;11;4;13;1;24;19;14;75;
?;?;?;?;?;?;?;?;?;?;?;?;36;26;22;21;17;10;11;4;4;13;1;24;19;14;75;36;26;22;21;17;10;11;4;4;4;13;1;24;19;14;75;36;36;36;36;36;36;36;
?;?;?;?;?;?;?;?;?;?;?;?;4;4;13;1;24;19;14;75;36;36;36;36;36;26;54;53;51;18;38;39;30;35;34;2;37;36;36;36;36;36;36;36;36;36;36;36;26;22;
?;?;?;?;?;?;?;?;?;?;?;?;42;40;64;4;4;4;13;1;24;19;14;75;36;36;36;26;22;21;17;10;11;4;4;4;4;4;4;4;4;4;4;4;4;4;4;4;4;13;
?;?;?;?;?;?;?;?;?;?;?;?;42;40;64;4;4;13;1;24;19;14;75;36;36;36;36;26;22;21;17;10;63;62;12;55;47;75;74;73;42;40;64;4;4;4;13;1;24;19;
?;?;?;?;?;?;?;?;?;?;?;?;2;37;46;43;42;40;64;4;4;4;4;4;4;4;4;4;13;1;24;19;14;75;36;36;26;22;21;17;10;11;4;4;4;4;4;4;4;4;
?;?;?;?;?;?;?;?;?;?;?;?;13;1;24;19;14;75;36;36;36;36;36;26;22;21;17;10;11;4;4;13;1;24;19;14;46;43;42;40;64;4;4;4;4;4;4;4;4;4;
?;?;?;?;?;?;?;?;?;?;?;?;22;21;17;10;11;13;1;24;19;46;43;42;40;64;4;4;4;4;4;4;4;4;4;4;4;4;4;4;4;4;13;1;24;19;14;75;36;26;
?;?;?;?;?;?;?;?;?;?;?;?;24;19;14;75;74;73;42;40;64;63;62;12;55;47;75;74;73;42;40;64;4;13;1;24;19;14;75;36;36;36;26;22;21;17;10;11;4;13;
?;?;?;?;?;?;?;?;?;?;?;?;64;4;4;4;13;1;24;19;14;46;54;53;51;18;38;39;30;35;34;26;22;21;17;10;11;4;4;4;4;4;4;4;13;1;24;19;14;75;
?;?;?;?;?;?;?;?;?;?;?;?;22;21;17;10;11;4;4;4;13;1;24;19;14;75;36;26;22;21;17;10;11;4;4;4;4;4;13;1;24;19;14;75;36;26;22;21;17;10;
?;?;?;?;?;?;?;?;?;?;?;?;42;40;64;4;4;4;4;4;4;4;4;4;4;4;13;1;24;19;14;75;36;36;36;36;36;36;36;36;36;36;36;36;36;36;36;36;36;36;
?;?;?;?;?;?;?;?;?;?;?;?;5;15;6;36;26;22;21;17;10;11;13;1;24;19;14;46;43;42;40;64;63;62;12;55;46;43;42;40;64;4;4;4;4;4;4;4;4;4;
?;?;?;?;?;?;?;?;?;?;?;?;5;15;46;43;42;40;64;4;4;13;1;24;19;14;46;43;42;40;64;4;4;4;4;4;4;4;4;13;1;24;19;14;75;36;26;22;21;17;
?;?;?;?;?;?;?;?;?;?;?;?;71;70;65;2;37;36;36;36;26;22;21;17;10;11;4;4;4;4;4;4;4;4;4;13;1;24;19;14;75;36;36;36;36;36;36;36;36;36;
?;?;?;?;?;?;?;?;?;?;?;?;36;36;36;36;36;36;36;26;22;21;17;10;11;4;4;4;4;4;4;4;4;4;4;4;4;4;4;4;4;4;4;13;1;24;19;14;46;43;
?;?;?;?;?;?;?;?;?;?;?;?;36;36;36;36;36;36;36;36;36;26;22;21;17;10;11;13;1;24;19;14;46;43;42;40;32;28;23;5;69;68;67;66;64;4;4;4;4;4;
?;?;?;?;?;?;?;?;?;?;?;?;5;15;6;36;36;36;36;36;36;36;36;36;36;36;36;26;22;21;17;10;11;4;4;4;4;4;4;4;4;4;4;4;4;4;4;4;4;4;
?;?;?;?;?;?;?;?;?;?;?;?;42;40;64;4;4;13;1;24;19;14;75;36;26;22;21;17;10;11;4;13;1;24;19;14;75;36;36;36;36;36;36;36;36;36;36;26;22;21;
?;?;?;?;?;?;?;?;?;?;?;?;12;55;47;75;36;26;22;21;31;71;70;65;0;9;8;3;4;4;4;4;4;4;4;4;4;4;4;4;13;1;24;19;14;75;36;36;36;36;
?;?;?;?;?;?;?;?;?;?;?;?;5;15;46;43;42;40;64;4;4;4;4;4;4;4;4;4;4;4;13;1;24;19;14;75;36;36;36;36;36;36;36;36;36;26;22;21;17;10;
?;?;?;?;?;?;?;?;?;?;?;?;22;72;27;61;44;60;37;36;36;36;36;26;22;21;17;10;11;4;4;4;4;4;4;4;4;4;4;4;4;4;4;4;4;4;4;4;13;1;
?;?;?;?;?;?;?;?;?;?;?;?;0;9;8;3;4;4;4;4;13;1;24;19;14;46;43;42;40;64;4;4;4;4;4;4;4;4;4;13;1;24;19;14;75;36;36;36;26;22;
?;?;?;?;?;?;?;?;?;?;?;?;64;4;13;1;24;19;14;75;74;73;42;40;64;4;4;4;4;13;1;24;19;14;75;36;36;36;36;36;36;26;22;21;17;10;11;4;4;4;
?;?;?;?;?;?;?;?;?;?;?;?;26;22;21;17;10;11;4;4;13;1;24;19;14;75;36;36;36;36;26;22;21;17;10;11;4;4;4;4;4;4;4;4;4;4;4;4;4;4;
?;?;?;?;?;?;?;?;?;?;?;?;55;47;75;74;73;42;40;64;4;4;4;4;4;4;4;4;4;13;1;24;19;14;75;36;36;36;36;36;36;36;36;26;22;21;17;10;11;4;
?;?;?;?;?;?;?;?;?;?;?;?;42;40;32;28;23;5;15;6;46;43;42;40;64;4;4;4;4;4;4;4;4;4;4;4;4;13;1;24;19;14;75;36;36;36;36;36;36;36;
?;?;?;?;?;?;?;?;?;?;?;?;26;22;21;17;32;28;23;5;15;6;36;36;36;36;36;26;22;21;17;10;11;4;4;4;4;4;4;4;4;13;1;24;19;14;75;36;36;36;
?;?;?;?;?;?;?;?;?;?;?;?;12;55;47;75;36;36;36;36;36;36;26;22;21;17;10;11;4;4;4;13;1;24;19;14;46;43;42;40;64;4;4;4;4;13;1;24;19;14;
?;?;?;?;?;?;?;?;?;?;?;?;42;40;64;4;13;1;24;19;14;75;36;36;36;36;26;22;21;17;10;11;4;4;4;4;4;4;4;4;4;4;4;4;4;4;4;4;4;13;
?;?;?;?;?;?;?;?;?;?;?;?;12;69;68;67;66;64;4;4;13;1;24;19;14;75;36;26;22;21;17;10;11;4;4;13;1;24;19;14;75;36;36;26;22;21;17;10;11;4;
?;?;?;?;?;?;?;?;?;?;?;?;42;40;64;4;4;4;4;4;4;4;4;4;13;1;24;19;14;75;36;36;36;36;36;36;36;36;36;36;36;36;36;36;36;26;22;21;17;10;
?;?;?;?;?;?;?;?;?;?;?;?;0;9;8;3;4;4;4;13;1;24;19;14;75;36;36;26;22;21;17;10;11;4;4;13;1;24;19;14;75;36;36;36;36;36;36;36;36;36;
?;?;?;?;?;?;?;?;?;?;?;?;42;40;64;4;13;1;24;69;68;67;66;64;4;4;13;1;24;19;14;75;36;36;36;36;36;36;36;36;26;22;21;17;32;28;23;5;15;6;
?;?;?;?;?;?;?;?;?;?;?;?;5;15;6;36;36;26;54;53;51;18;38;39;30;26;22;21;17;10;11;4;4;4;4;4;4;4;4;4;4;4;4;4;4;4;13;1;24;19;
?;?;?;?;?;?;?;?;?;?;?;?;2;37;36;36;36;36;36;36;36;36;36;36;36;36;36;26;22;21;17;10;11;4;4;4;4;4;4;4;4;4;4;4;4;4;4;4;4;4;
?;?;?;?;?;?;?;?;?;?;?;?;17;10;11;4;4;4;13;1;24;19;14;46;43;42;40;64;4;4;4;4;4;4;4;13;1;24;19;14;75;36;36;26;22;21;17;10;11;4;
?;?;?;?;?;?;?;?;?;?;?;?;4;4;4;4;4;4;13;1;24;19;14;75;36;36;36;36;36;36;36;26;22;21;17;10;11;4;4;4;13;1;24;19;14;75;36;36;36;36;
?;?;?;?;?;?;?;?;?;?;?;?;26;22;21;17;10;63;62;12;55;47;75;36;36;36;36;26;22;21;17;10;11;4;4;4;4;4;4;13;1;24;19;14;75;36;36;36;36;36;
?;?;?;?;?;?;?;?;?;?;?;?;24;19;14;75;36;36;36;36;36;36;36;36;36;26;22;21;17;10;11;13;1;24;19;46;43;42;40;64;4;4;4;4;13;1;24;19;14;75;
?;?;?;?;?;?;?;?;?;?;?;?;12;55;47;75;74;73;42;40;32;28;23;5;69;68;67;66;64;4;4;4;4;4;4;4;4;4;4;4;13;1;24;19;14;75;36;26;22;21;
?;?;?;?;?;?;?;?;?;?;?;?;12;55;47;75;36;26;22;21;17;10;11;4;4;4;4;4;4;4;4;4;4;4;4;4;4;4;4;4;13;1;24;19;14;75;36;26;22;21;
?;?;?;?;?;?;?;?;?;?;?;?;42;40;64;63;62;12;55;47;46;43;42;40;32;28;23;5;15;6;36;26;22;21;17;10;63;62;12;55;47;75;36;36;36;36;26;22;21;17;
?;?;?;?;?;?;?;?;?;?;?;?;12;55;47;75;74;73;42;40;64;4;4;4;4;4;4;4;4;4;4;13;1;24;19;14;75;36;36;36;36;36;36;36;36;26;22;21;17;10;
?;?;?;?;?;?;?;?;?;?;?;?;47;75;36;26;22;21;17;10;11;4;4;13;1;24;69;68;67;66;64;4;4;4;13;1;24;19;14;75;36;36;36;26;22;21;17;10;11;4;
?;?;?;?;?;?;?;?;?;?;?;?;42;40;64;63;62;12;55;47;75;36;36;36;26;54;53;51;0;9;8;3;4;4;4;4;4;4;4;4;4;4;4;4;13;1;24;19;14;75;
?;?;?;?;?;?;?;?;?;?;?;?;42;40;64;63;62;12;55;47;75;36;26;22;72;27;61;44;60;37;46;43;42;40;64;4;4;4;4;4;4;4;4;4;13;1;24;19;14;75;
?;?;?;?;?;?;?;?;?;?;?;?;24;19;14;46;43;42;40;64;4;4;4;4;4;4;13;1;24;19;14;75;36;36;36;36;36;26;22;21;17;32;28;23;5;15;46;43;42;40;
?;?;?;?;?;?;?;?;?;?;?;?;42;40;64;4;4;13;1;24;19;14;75;36;36;36;36;36;36;36;36;26;22;21;17;10;11;13;1;24;19;14;75;36;26;22;21;17;10;11;
?;?;?;?;?;?;?;?;?;?;?;?;40;64;4;13;1;24;19;14;75;74;73;42;40;64;4;13;1;24;19;14;75;36;36;36;36;36;36;36;36;36;26;22;21;17;10;11;4;4;
?;?;?;?;?;?;?;?;?;?;?;?;36;36;36;36;36;36;26;22;21;17;10;11;13;1;24;19;14;75;74;73;42;40;64;4;4;4;4;4;4;4;4;4;4;4;4;4;4;4;
?;?;?;?;?;?;?;?;?;?;?;?;4;4;4;13;1;24;19;14;75;36;36;26;22;21;17;10;11;13;1;24;19;14;75;36;36;36;36;26;22;21;17;10;11;4;4;4;4;13;
?;?;?;?;?;?;?;?;?;?;?;?;5;15;6;36;26;22;21;17;10;11;4;4;4;4;4;4;4;4;4;4;4;4;4;13;1;24;19;14;75;36;36;26;22;21;17;10;11;4;
?;?;?;?;?;?;?;?;?;?;?;?;42;40;64;4;13;1;24;69;68;67;66;64;4;4;13;1;59;50;49;48;41;4;4;4;4;4;4;4;4;4;4;4;4;4;13;1;24;19;
?;?;?;?;?;?;?;?;?;?;?;?;24;19;14;75;74;73;42;40;32;28;23;5;15;6;36;36;36;36;36;36;36;36;36;36;26;22;21;17;10;63;62;12;55;47;75;36;36;36;
?;?;?;?;?;?;?;?;?;?;?;?;12;55;47;46;43;42;40;32;28;23;5;15;46;43;42;40;64;4;4;4;13;1;24;19;14;75;36;36;36;36;36;36;36;36;36;36;26;22;
?;?;?;?;?;?;?;?;?;?;?;?;12;55;46;43;42;40;64;63;62;12;55;47;75;36;36;36;26;22;21;17;10;11;4;4;4;4;4;4;4;13;1;24;19;14;75;36;36;36;
?;?;?;?;?;?;?;?;?;?;?;?;40;32;28;23;5;15;6;46;43;42;40;64;4;4;13;1;24;19;14;75;36;36;36;26;22;21;17;10;11;4;4;4;4;4;4;4;4;13;
?;?;?;?;?;?;?;?;?;?;?;?;8;3;4;4;13;1;24;19;14;75;36;36;26;22;21;17;10;11;4;13;0;9;8;3;4;4;4;4;4;4;13;1;24;19;14;75;36;26;
?;?;?;?;?;?;?;?;?;?;?;?;36;36;36;36;36;36;36;36;26;22;21;17;10;11;4;4;4;4;4;4;4;4;4;4;4;4;4;4;4;4;4;4;4;4;4;4;13;1;
?;?;?;?;?;?;?;?;?;?;?;?;5;15;6;46;43;42;40;64;4;4;4;4;4;4;4;4;4;13;1;24;19;14;75;36;26;22;21;17;10;11;4;4;4;4;4;4;13;1;
?;?;?;?;?;?;?;?;?;?;?;?;11;4;4;13;1;24;19;14;75;36;36;36;36;36;36;36;36;26;22;21;17;10;11;4;4;4;4;4;13;1;24;19;14;75;74;73;42;40;
?;?;?;?;?;?;?;?;?;?;?;?;12;55;46;43;42;40;64;4;4;4;4;4;4;4;4;4;4;13;1;24;19;14;75;36;26;22;21;17;10;63;62;12;55;47;75;36;36;36;
?;?;?;?;?;?;?;?;?;?;?;?;40;64;4;13;1;24;19;14;46;43;42;40;64;4;4;4;4;4;4;13;1;24;19;14;75;36;36;36;36;36;36;26;22;21;17;10;11;13;
?;?;?;?;?;?;?;?;?;?;?;?;24;19;14;75;36;36;26;22;21;31;71;70;65;2;37;36;36;36;26;22;21;17;10;11;4;4;4;4;13;1;24;19;14;75;36;36;36;26;
?;?;?;?;?;?;?;?;?;?;?;?;22;21;17;10;11;4;4;13;1;24;69;68;67;66;64;4;4;4;4;4;4;4;4;13;1;24;19;14;75;36;36;36;36;36;36;36;36;36;
?;?;?;?;?;?;?;?;?;?;?;?;4;4;13;1;24;19;14;75;36;26;22;21;31;71;70;65;2;69;68;67;66;64;4;4;4;4;4;4;4;13;1;24;19;14;75;36;36;36;
?;?;?;?;?;?;?;?;?;?;?;?;65;2;37;36;36;36;36;36;36;36;36;36;36;26;22;21;17;10;11;4;4;4;4;4;13;1;24;19;14;75;36;36;36;36;26;22;21;17;
?;?;?;?;?;?;?;?;?;?;?;?;12;55;46;43;42;40;64;63;62;12;55;47;75;36;26;22;21;17;10;11;4;4;4;13;1;24;19;14;75;36;26;22;21;17;10;11;4;4;
?;?;?;?;?;?;?;?;?;?;?;?;65;2;37;36;36;26;22;21;17;10;11;13;1;59;50;49;48;41;4;4;4;4;4;4;4;4;4;4;4;4;4;4;4;4;4;4;4;4;
?;?;?;?;?;?;?;?;?;?;?;?;42;40;64;4;13;1;24;19;14;75;74;73;42;31;71;70;65;0;9;8;3;4;4;4;13;1;24;19;14;46;43;42;40;64;4;4;4;4;
?;?;?;?;?;?;?;?;?;?;?;?;42;40;64;63;62;12;55;47;75;36;36;36;36;36;36;36;36;36;26;22;21;17;10;11;4;4;4;4;4;4;4;13;1;24;19;14;75;36;
?;?;?;?;?;?;?;?;?;?;?;?;36;36;36;36;36;36;36;36;26;22;21;17;10;11;13;1;24;19;14;75;36;36;36;36;36;26;22;21;17;10;11;4;4;4;4;4;13;1;
?;?;?;?;?;?;?;?;?;?;?;?;12;55;47;46;43;42;40;64;4;4;4;4;4;4;4;4;4;4;4;13;1;24;19;46;43;42;40;64;63;62;12;55;46;43;42;40;64;4;
?;?;?;?;?;?;?;?;?;?;?;?;36;36;36;36;36;26;22;21;17;10;11;4;4;13;1;24;19;14;75;74;73;42;40;64;4;4;4;4;13;1;24;19;14;75;36;36;36;36;
?;?;?;?;?;?;?;?;?;?;?;?;1;24;19;46;43;42;40;32;28;23;5;15;6;36;36;26;22;21;17;10;11;4;13;1;24;19;14;75;36;36;36;36;36;36;36;36;36;26;
?;?;?;?;?;?;?;?;?;?;?;?;36;36;36;36;36;36;36;36;36;36;26;22;21;17;10;11;4;4;4;4;4;4;4;4;4;4;4;4;4;4;4;4;4;4;4;4;4;4;
?;?;?;?;?;?;?;?;?;?;?;?;4;4;4;4;13;1;24;19;14;75;36;36;36;26;22;21;17;10;11;4;4;4;4;4;4;13;1;24;19;14;75;36;36;36;36;26;22;21;
?;?;?;?;?;?;?;?;?;?;?;?;12;55;47;75;36;36;36;36;36;36;36;26;22;21;17;10;11;4;13;1;24;19;14;46;43;42;40;64;4;4;4;4;4;4;4;4;4;4;
?;?;?;?;?;?;?;?;?;?;?;?;12;55;46;43;42;40;64;4;4;13;1;24;19;14;75;36;36;36;36;36;36;36;36;26;22;21;17;10;11;4;4;13;1;24;19;14;75;36;
?;?;?;?;?;?;?;?;?;?;?;?;42;40;64;63;62;12;55;47;75;36;36;26;22;21;17;10;11;4;4;4;4;4;13;1;24;19;14;75;74;73;42;40;64;4;4;4;13;1;
?;?;?;?;?;?;?;?;?;?;?;?;36;36;36;36;26;22;21;17;10;11;4;4;4;13;1;24;19;14;75;36;36;36;36;36;36;26;22;21;17;10;11;4;4;4;4;4;4;4;
?;?;?;?;?;?;?;?;?;?;?;?;26;22;21;17;10;11;4;4;4;4;4;4;4;4;4;4;4;4;4;4;4;4;4;4;13;1;24;19;14;75;74;73;42;40;64;4;4;4;
?;?;?;?;?;?;?;?;?;?;?;?;36;36;36;36;26;22;21;17;10;11;4;4;4;13;1;24;19;14;75;36;26;22;21;17;10;11;4;4;4;4;4;13;1;24;19;14;75;74;
?;?;?;?;?;?;?;?;?;?;?;?;15;6;36;36;26;22;21;17;32;28;23;0;9;8;3;4;4;4;13;1;24;69;68;67;66;64;4;4;4;13;1;24;19;14;46;43;42;40;
?;?;?;?;?;?;?;?;?;?;?;?;42;40;64;4;4;4;13;1;24;19;14;75;36;36;36;36;36;36;26;22;21;17;10;11;4;13;1;24;19;14;75;36;36;36;36;36;36;36;
?;?;?;?;?;?;?;?;?;?;?;?;60;0;9;8;3;4;4;4;4;4;13;1;24;19;14;75;36;36;36;36;36;36;36;26;22;21;17;10;11;4;13;1;24;19;14;75;36;36;
?;?;?;?;?;?;?;?;?;?;?;?;12;55;47;46;43;42;40;32;28;23;5;15;6;46;43;42;40;32;28;23;5;15;6;36;36;36;26;22;21;17;10;11;4;4;4;13;1;24;
?;?;?;?;?;?;?;?;?;?;?;?;26;54;53;51;18;0;9;8;3;4;4;4;13;1;24;19;14;75;74;73;42;40;64;4;4;4;4;4;13;1;24;19;14;75;36;36;26;22;
?;?;?;?;?;?;?;?;?;?;?;?;26;22;21;17;10;11;4;4;4;4;4;13;1;24;19;14;75;36;36;36;36;26;22;21;17;10;11;4;4;4;13;1;24;19;14;75;36;36;
?;?;?;?;?;?;?;?;?;?;?;?;5;15;6;46;43;42;40;64;4;4;13;1;24;19;14;75;36;26;22;21;17;10;11;4;4;4;4;4;4;13;1;24;19;14;75;36;36;36;
?;?;?;?;?;?;?;?;?;?;?;?;5;15;46;43;42;40;64;63;62;12;55;47;75;36;26;22;21;17;10;11;4;4;4;13;1;24;19;14;75;36;36;36;26;22;21;17;10;11;
?;?;?;?;?;?;?;?;?;?;?;?;4;4;4;4;4;4;4;4;13;1;24;19;14;75;36;36;36;36;36;36;36;36;36;36;36;36;36;36;36;36;36;36;36;36;36;36;36;36;