?;?;?;?;?;?;?;?;?;?;?;?;?;1;114;107;106;105;66;130;124;4;4;4;4;4;4;4;4;12;119;116;111;109;47;86;85;54;48;21;20;16;10;11;124;4;12;119;116;111;
?;?;?;?;?;?;?;?;?;?;?;?;?;4;4;4;4;4;4;4;4;4;4;12;119;116;111;109;47;86;85;54;38;38;26;21;20;16;41;35;28;17;2;6;86;85;54;38;38;26;
?;?;?;?;?;?;?;?;?;?;?;?;?;11;124;4;4;4;12;119;116;111;109;47;86;85;54;48;21;20;16;10;11;124;4;4;4;4;4;4;12;119;116;111;109;47;86;85;54;38;
?;?;?;?;?;?;?;?;?;?;?;?;?;130;124;122;24;115;110;108;47;86;85;26;21;20;16;10;11;124;4;4;4;4;12;119;116;111;109;47;86;85;54;38;38;38;26;21;20;16;
?;?;?;?;?;?;?;?;?;?;?;?;?;12;119;116;111;109;47;86;85;54;38;38;38;38;38;38;38;38;38;38;38;26;21;20;16;10;11;124;4;4;4;4;12;119;116;111;109;47;
?;?;?;?;?;?;?;?;?;?;?;?;?;42;81;27;68;150;145;8;3;4;4;4;4;4;12;119;116;111;109;101;73;72;65;66;130;124;4;4;4;4;12;119;116;111;109;47;86;85;
?;?;?;?;?;?;?;?;?;?;?;?;?;14;114;107;106;105;66;130;124;4;12;149;148;143;138;133;131;125;4;4;12;119;116;111;109;47;86;85;54;38;38;38;26;21;20;16;10;11;
?;?;?;?;?;?;?;?;?;?;?;?;?;1;18;13;102;74;72;65;66;130;124;4;4;4;4;12;119;116;111;109;47;86;85;54;38;26;87;112;76;67;44;75;39;37;50;59;94;92;
?;?;?;?;?;?;?;?;?;?;?;?;?;66;88;82;77;5;58;47;86;85;26;21;20;16;10;11;124;122;24;115;110;108;47;86;85;54;38;38;38;38;38;38;26;21;20;113;34;100;
?;?;?;?;?;?;?;?;?;?;?;?;?;5;102;74;72;65;66;130;121;118;1;18;13;47;103;73;72;113;34;100;98;91;0;147;142;137;132;130;124;4;12;119;116;111;109;101;73;72;
?;?;?;?;?;?;?;?;?;?;?;?;?;2;6;86;26;21;20;16;10;11;124;4;4;4;4;4;4;4;4;4;12;119;116;111;109;47;103;73;42;81;27;68;57;45;33;46;53;51;
?;?;?;?;?;?;?;?;?;?;?;?;?;4;4;12;119;116;111;109;47;86;85;54;48;21;20;16;10;11;124;4;4;4;4;4;4;12;119;116;111;109;47;86;85;26;21;20;16;10;
?;?;?;?;?;?;?;?;?;?;?;?;?;5;58;47;86;85;54;38;38;38;38;38;26;21;20;16;10;88;82;77;5;102;74;72;65;66;130;124;4;4;4;4;12;119;116;111;109;47;
?;?;?;?;?;?;?;?;?;?;?;?;?;77;5;58;47;86;26;21;20;16;10;11;124;4;4;4;4;4;12;119;116;111;109;47;86;85;54;38;38;38;26;21;20;16;10;11;124;122;
?;?;?;?;?;?;?;?;?;?;?;?;?;130;124;4;4;4;12;119;116;111;109;47;86;85;54;38;38;26;21;20;113;34;100;98;91;14;55;53;26;21;20;16;10;11;124;4;4;4;
?;?;?;?;?;?;?;?;?;?;?;?;?;26;21;20;16;10;11;124;4;12;119;116;111;109;47;86;85;26;21;20;16;10;11;124;122;24;115;114;107;106;105;66;130;124;4;4;4;12;
?;?;?;?;?;?;?;?;?;?;?;?;?;5;58;47;86;85;54;38;38;38;26;21;20;16;10;11;124;4;12;119;116;111;109;47;86;26;21;20;16;10;11;124;4;4;4;4;4;4;
?;?;?;?;?;?;?;?;?;?;?;?;?;18;13;102;74;72;65;66;88;82;77;5;58;47;103;73;42;81;27;68;57;45;33;46;53;26;21;42;81;27;68;57;45;33;26;21;20;16;
?;?;?;?;?;?;?;?;?;?;?;?;?;2;6;86;85;26;21;20;16;10;11;124;4;4;4;4;4;4;4;4;12;119;116;111;109;47;86;85;26;21;20;16;10;11;124;4;4;4;
?;?;?;?;?;?;?;?;?;?;?;?;?;65;41;35;28;17;2;6;102;74;72;65;41;35;28;17;2;6;86;26;21;20;16;10;11;124;4;4;4;4;4;4;4;4;4;12;119;114;
?;?;?;?;?;?;?;?;?;?;?;?;?;54;38;38;38;38;38;38;26;21;20;16;10;11;124;4;4;4;12;119;116;111;109;47;86;85;54;38;26;21;20;16;10;11;124;4;4;4;
?;?;?;?;?;?;?;?;?;?;?;?;?;2;6;86;85;26;21;20;16;10;11;124;4;4;4;4;4;12;119;116;111;109;47;86;85;26;21;20;16;10;11;124;4;4;4;4;12;119;
?;?;?;?;?;?;?;?;?;?;?;?;?;5;58;102;74;72;65;66;130;124;4;4;4;4;4;4;4;4;4;4;4;4;4;4;12;119;116;111;109;47;86;85;54;48;21;20;16;10;
?;?;?;?;?;?;?;?;?;?;?;?;?;124;4;4;4;4;4;4;12;119;116;111;109;47;86;85;54;38;38;38;38;38;38;38;26;21;20;16;10;11;124;4;4;12;119;116;111;109;
?;?;?;?;?;?;?;?;?;?;?;?;?;1;18;13;47;86;85;54;48;21;20;16;10;11;124;4;4;4;12;119;116;111;109;47;86;85;26;21;20;16;10;11;124;4;4;4;4;4;
?;?;?;?;?;?;?;?;?;?;?;?;?;5;102;74;72;65;66;130;121;118;1;18;13;47;103;73;72;65;41;35;28;17;2;6;86;85;54;38;38;38;38;26;21;20;16;10;11;124;
?;?;?;?;?;?;?;?;?;?;?;?;?;65;41;35;28;17;2;6;102;74;72;65;66;130;124;4;4;4;4;4;4;4;4;12;119;116;111;104;99;72;65;66;130;124;4;4;4;4;
?;?;?;?;?;?;?;?;?;?;?;?;?;10;11;124;122;24;115;110;102;74;72;65;66;130;124;4;4;4;4;12;119;116;111;109;47;86;85;54;38;38;26;21;20;16;10;11;124;4;
?;?;?;?;?;?;?;?;?;?;?;?;?;26;21;20;16;10;11;124;4;12;119;116;111;109;47;103;73;72;65;66;130;124;4;4;12;119;116;111;104;99;72;65;66;130;124;4;4;12;
?;?;?;?;?;?;?;?;?;?;?;?;?;4;4;4;4;4;4;12;119;116;111;109;47;86;85;54;38;38;38;38;38;38;38;38;38;38;38;38;38;38;26;21;20;16;10;11;124;4;
?;?;?;?;?;?;?;?;?;?;?;?;?;65;66;88;82;77;5;58;47;86;85;26;21;20;16;10;11;124;4;4;4;4;12;119;116;111;109;47;86;85;54;38;38;38;38;38;38;38;
?;?;?;?;?;?;?;?;?;?;?;?;?;4;4;4;4;4;12;119;116;111;109;47;86;85;54;48;21;20;16;10;88;82;77;5;58;47;86;85;54;38;26;21;20;16;10;11;124;4;
?;?;?;?;?;?;?;?;?;?;?;?;?;4;4;4;4;4;4;4;4;12;119;116;111;109;47;86;85;26;87;112;76;67;44;75;39;37;50;59;94;92;38;38;38;38;38;38;38;26;
?;?;?;?;?;?;?;?;?;?;?;?;?;5;58;102;74;72;65;41;35;28;17;2;6;86;26;21;20;16;10;11;124;4;4;4;4;4;4;4;4;12;119;116;111;109;47;86;85;26;
?;?;?;?;?;?;?;?;?;?;?;?;?;65;66;130;124;4;4;4;4;4;4;4;12;119;116;111;109;47;103;73;72;65;66;130;124;122;24;115;110;108;47;86;85;54;38;38;38;26;
?;?;?;?;?;?;?;?;?;?;?;?;?;21;20;16;10;11;124;4;4;4;4;4;4;12;119;116;111;109;47;86;85;54;38;38;38;38;38;38;38;38;26;21;20;16;10;11;124;4;
?;?;?;?;?;?;?;?;?;?;?;?;?;14;55;53;51;92;38;38;38;38;38;26;21;20;16;10;11;124;4;4;4;4;4;4;4;4;4;4;4;4;4;4;4;12;119;116;111;109;
?;?;?;?;?;?;?;?;?;?;?;?;?;72;65;41;35;28;17;114;107;106;105;66;88;82;77;0;147;142;137;132;130;124;4;4;12;119;116;111;109;47;86;85;26;21;20;16;10;11;
?;?;?;?;?;?;?;?;?;?;?;?;?;86;85;26;21;20;16;10;11;124;122;24;115;110;108;47;86;85;26;21;20;16;10;11;124;4;12;119;116;111;109;47;86;85;26;21;20;16;
?;?;?;?;?;?;?;?;?;?;?;?;?;21;20;16;10;11;124;4;4;4;12;119;116;111;109;101;73;72;65;66;130;124;4;4;4;4;4;4;4;12;119;116;111;109;47;86;85;54;
?;?;?;?;?;?;?;?;?;?;?;?;?;66;130;121;118;1;18;13;47;86;85;54;38;38;38;26;21;20;16;10;11;124;4;4;4;4;4;4;4;4;4;4;4;12;119;116;111;109;
?;?;?;?;?;?;?;?;?;?;?;?;?;65;41;35;28;17;2;6;86;26;21;20;16;10;88;82;153;144;140;134;128;127;124;4;4;4;4;4;4;4;4;4;12;119;116;111;109;47;
?;?;?;?;?;?;?;?;?;?;?;?;?;4;4;4;4;4;4;12;119;116;111;109;47;86;85;54;38;38;38;38;38;38;38;38;26;21;20;16;10;11;124;4;4;4;4;4;4;4;
?;?;?;?;?;?;?;?;?;?;?;?;?;1;114;107;106;105;66;130;124;122;24;115;110;108;47;86;26;21;20;16;10;88;82;77;5;58;47;86;85;54;38;38;38;38;38;38;38;38;
?;?;?;?;?;?;?;?;?;?;?;?;?;5;58;47;103;73;72;65;66;88;82;77;5;58;47;86;85;54;38;26;21;20;16;10;11;124;4;4;4;4;4;4;4;4;4;4;4;4;
?;?;?;?;?;?;?;?;?;?;?;?;?;2;6;102;74;72;65;66;130;124;122;24;115;110;108;47;103;73;72;65;66;130;124;4;12;119;116;111;109;47;86;85;26;21;20;16;10;11;
?;?;?;?;?;?;?;?;?;?;?;?;?;72;65;41;35;28;17;2;6;86;85;26;21;20;16;10;11;124;4;4;4;4;4;12;119;116;111;109;47;86;85;54;48;21;20;16;10;11;
?;?;?;?;?;?;?;?;?;?;?;?;?;119;116;114;107;56;52;49;40;32;31;30;25;22;23;0;113;34;100;98;91;14;55;53;51;92;38;26;21;20;16;10;11;124;4;4;4;4;
?;?;?;?;?;?;?;?;?;?;?;?;?;66;88;82;77;5;58;47;86;85;54;38;38;38;38;38;38;38;26;21;20;16;10;11;124;4;4;4;12;119;116;111;104;99;72;65;66;130;
?;?;?;?;?;?;?;?;?;?;?;?;?;54;48;21;20;16;10;11;124;4;4;4;4;4;4;4;4;12;119;116;111;104;99;72;65;66;130;121;118;1;18;13;47;86;85;54;38;38;
?;?;?;?;?;?;?;?;?;?;?;?;?;38;38;38;38;38;38;38;38;38;26;21;20;16;10;11;124;4;4;4;4;4;4;4;4;4;12;119;116;111;109;101;73;72;65;66;130;124;
?;?;?;?;?;?;?;?;?;?;?;?;?;20;16;10;11;124;4;12;119;116;111;109;47;86;85;54;48;21;20;16;10;11;124;4;4;4;4;4;4;4;4;4;4;4;4;4;4;4;
?;?;?;?;?;?;?;?;?;?;?;?;?;26;21;20;16;10;11;124;4;4;12;119;116;111;104;99;72;65;66;130;124;4;4;4;4;4;4;4;4;4;4;4;4;4;4;4;4;4;
?;?;?;?;?;?;?;?;?;?;?;?;?;18;13;47;86;85;54;38;38;38;38;38;26;21;20;16;10;11;124;4;4;4;12;119;116;111;109;47;86;26;21;20;16;10;11;124;4;4;
?;?;?;?;?;?;?;?;?;?;?;?;?;10;11;124;4;4;4;4;4;12;119;116;111;104;99;72;65;66;130;124;4;12;119;116;111;104;99;72;65;66;130;124;4;4;4;4;4;4;
?;?;?;?;?;?;?;?;?;?;?;?;?;2;6;102;74;72;65;66;130;121;118;1;114;107;106;105;66;130;121;118;1;18;13;47;103;73;72;65;66;130;124;4;4;4;4;12;119;116;
?;?;?;?;?;?;?;?;?;?;?;?;?;65;66;88;82;77;5;58;47;86;85;54;38;26;21;20;16;10;11;124;4;4;4;12;119;116;111;109;47;86;26;21;20;113;34;100;98;91;
?;?;?;?;?;?;?;?;?;?;?;?;?;65;66;130;124;122;24;114;107;106;105;66;88;82;77;5;58;47;86;85;54;38;38;38;38;38;38;38;38;26;21;20;16;10;11;124;4;4;
?;?;?;?;?;?;?;?;?;?;?;?;?;12;119;116;111;109;47;86;26;21;20;113;34;100;98;91;14;55;53;51;92;38;38;38;26;21;20;16;10;88;82;77;5;58;47;86;85;26;
?;?;?;?;?;?;?;?;?;?;?;?;?;125;4;4;4;4;4;4;4;4;4;4;4;4;4;4;4;4;12;119;116;111;109;47;86;85;54;38;38;38;38;38;38;38;38;38;38;38;
?;?;?;?;?;?;?;?;?;?;?;?;?;39;26;21;20;16;10;11;124;4;4;12;119;116;111;109;47;86;85;26;21;20;16;10;11;124;4;4;4;4;4;4;4;4;4;4;4;4;
?;?;?;?;?;?;?;?;?;?;?;?;?;66;130;121;118;1;18;13;47;103;73;72;65;66;88;82;77;5;58;102;74;72;65;66;88;82;77;0;147;142;137;132;130;124;4;4;4;4;
?;?;?;?;?;?;?;?;?;?;?;?;?;66;130;121;118;1;18;13;47;103;73;72;65;66;88;82;77;5;58;47;86;85;54;38;38;38;38;38;38;26;21;20;16;10;11;124;4;4;
?;?;?;?;?;?;?;?;?;?;?;?;?;1;18;13;47;86;85;54;38;38;38;38;38;26;21;20;16;10;88;82;77;5;58;102;74;72;65;66;130;124;122;24;115;110;108;47;103;73;
?;?;?;?;?;?;?;?;?;?;?;?;?;65;66;88;82;77;5;58;47;103;73;72;65;66;130;124;4;4;4;4;4;4;4;4;12;119;116;111;104;99;72;65;66;88;82;77;5;58;
?;?;?;?;?;?;?;?;?;?;?;?;?;5;58;47;86;85;26;21;20;16;10;11;124;4;12;119;116;111;109;47;86;85;26;21;20;16;10;11;124;4;4;12;119;116;111;109;47;86;
?;?;?;?;?;?;?;?;?;?;?;?;?;58;47;103;73;72;65;66;88;82;77;5;102;74;72;65;66;130;124;122;24;115;110;108;47;86;85;54;38;38;26;21;20;16;10;11;124;4;
?;?;?;?;?;?;?;?;?;?;?;?;?;18;13;102;74;72;65;41;35;28;17;2;6;102;74;72;65;66;88;82;77;0;147;142;137;132;130;124;4;12;119;116;111;109;101;73;72;65;
?;?;?;?;?;?;?;?;?;?;?;?;?;18;13;47;103;73;72;65;41;35;28;17;2;6;102;74;72;65;66;88;82;77;5;58;102;74;72;65;66;130;121;118;1;18;13;47;86;85;
?;?;?;?;?;?;?;?;?;?;?;?;?;4;4;4;4;4;4;4;4;4;4;12;119;116;111;109;47;86;85;54;38;38;38;38;38;38;38;38;38;38;38;38;38;38;38;38;26;21;
?;?;?;?;?;?;?;?;?;?;?;?;?;2;6;102;74;72;65;66;130;124;4;12;119;116;111;109;47;86;85;54;38;26;21;20;16;10;11;124;122;24;115;110;108;47;86;26;21;20;
?;?;?;?;?;?;?;?;?;?;?;?;?;124;122;24;115;110;108;47;86;85;54;48;21;20;16;10;11;124;4;4;4;4;12;119;116;111;109;47;86;85;54;48;21;20;16;10;11;124;
?;?;?;?;?;?;?;?;?;?;?;?;?;66;130;124;122;24;115;110;108;47;86;85;54;38;38;26;21;20;16;10;11;124;4;12;119;116;111;109;47;86;85;54;48;21;20;16;10;11;
?;?;?;?;?;?;?;?;?;?;?;?;?;58;47;103;73;72;65;66;130;121;118;1;18;13;47;103;73;72;65;41;35;28;17;2;6;86;85;54;48;21;20;16;10;11;124;4;4;4;
?;?;?;?;?;?;?;?;?;?;?;?;?;65;66;88;82;77;5;102;74;72;65;66;130;124;4;4;12;119;116;111;109;47;86;85;54;38;26;21;42;81;27;68;57;45;33;46;53;51;
?;?;?;?;?;?;?;?;?;?;?;?;?;28;17;2;6;86;85;54;48;21;20;16;10;11;124;4;4;4;4;4;4;4;4;4;4;4;4;4;4;4;4;4;4;4;4;4;4;4;
?;?;?;?;?;?;?;?;?;?;?;?;?;65;41;35;28;17;2;6;102;74;72;65;66;130;124;4;4;4;12;119;116;111;109;47;103;73;72;65;66;88;82;77;5;58;47;86;85;54;
?;?;?;?;?;?;?;?;?;?;?;?;?;66;130;124;122;24;115;110;108;47;86;85;54;38;38;38;38;26;21;20;16;10;11;124;4;4;4;4;4;4;4;12;119;116;111;109;47;86;
?;?;?;?;?;?;?;?;?;?;?;?;?;65;66;130;121;118;1;18;102;74;72;65;41;35;28;17;2;6;86;85;54;48;21;20;16;10;11;124;4;4;4;12;119;116;111;109;47;86;
?;?;?;?;?;?;?;?;?;?;?;?;?;2;6;102;74;72;65;66;130;121;118;1;18;13;47;86;26;21;20;16;10;11;124;4;4;4;4;4;4;4;4;12;119;116;111;109;47;86;
?;?;?;?;?;?;?;?;?;?;?;?;?;65;66;130;124;4;12;119;116;111;109;47;86;85;54;38;26;21;20;16;10;11;124;4;4;12;119;116;111;109;47;86;85;54;38;38;38;38;
?;?;?;?;?;?;?;?;?;?;?;?;?;66;130;121;118;1;18;13;47;86;26;21;20;16;10;11;124;4;4;4;4;4;4;4;4;4;4;4;4;4;12;119;116;111;109;47;86;85;
?;?;?;?;?;?;?;?;?;?;?;?;?;1;18;102;74;72;65;66;130;124;122;24;115;110;108;47;86;85;54;38;26;21;20;16;10;11;124;4;12;119;116;111;109;47;86;85;54;38;
?;?;?;?;?;?;?;?;?;?;?;?;?;54;38;38;38;26;21;20;16;10;11;124;4;4;12;119;116;111;109;47;103;73;72;65;66;130;124;4;4;4;4;4;12;119;116;111;109;47;
?;?;?;?;?;?;?;?;?;?;?;?;?;65;66;130;121;118;1;18;13;102;74;72;65;66;130;124;4;4;4;4;4;4;4;4;4;12;119;116;111;109;47;86;85;54;38;38;38;38;
?;?;?;?;?;?;?;?;?;?;?;?;?;72;65;66;88;82;77;5;102;74;72;65;66;130;121;118;1;114;107;106;105;66;130;124;122;24;115;114;107;106;105;66;130;124;4;4;12;119;
?;?;?;?;?;?;?;?;?;?;?;?;?;2;6;102;74;72;65;66;130;124;4;4;4;4;4;4;4;4;4;12;119;116;111;109;47;86;26;21;20;16;10;11;124;4;12;119;116;111;
?;?;?;?;?;?;?;?;?;?;?;?;?;38;38;38;38;38;38;26;21;20;16;10;11;124;4;4;4;4;12;119;116;111;109;47;103;73;72;65;66;130;124;4;4;4;4;4;12;119;
?;?;?;?;?;?;?;?;?;?;?;?;?;5;58;102;74;72;65;41;35;28;17;2;6;102;74;72;65;66;130;124;4;4;12;119;116;111;109;47;86;85;54;38;38;38;38;38;38;38;
?;?;?;?;?;?;?;?;?;?;?;?;?;42;81;27;68;57;45;102;74;72;65;66;88;82;77;5;58;47;86;85;54;48;21;20;16;10;11;124;4;12;119;116;111;109;47;103;73;72;
?;?;?;?;?;?;?;?;?;?;?;?;?;74;72;65;66;130;124;122;24;115;110;108;47;86;85;26;21;20;16;10;11;124;4;4;4;12;119;116;111;109;47;86;85;54;38;38;38;38;
?;?;?;?;?;?;?;?;?;?;?;?;?;26;21;20;16;10;11;124;4;4;4;12;119;116;111;104;99;72;65;66;130;124;4;4;12;119;116;111;109;47;86;26;21;20;16;10;88;82;
?;?;?;?;?;?;?;?;?;?;?;?;?;115;110;108;47;103;73;72;65;66;130;124;4;4;4;4;4;4;12;119;116;111;109;47;86;85;54;38;38;38;38;38;38;38;38;38;38;38;
?;?;?;?;?;?;?;?;?;?;?;?;?;72;65;41;35;28;17;2;6;102;74;72;65;41;35;28;17;2;114;107;106;105;66;130;124;4;4;12;119;114;107;106;105;66;130;124;4;4;
?;?;?;?;?;?;?;?;?;?;?;?;?;18;13;47;86;85;26;87;112;76;67;44;75;39;26;21;20;16;41;35;28;17;2;6;86;85;54;38;26;21;20;16;10;11;124;4;4;4;
?;?;?;?;?;?;?;?;?;?;?;?;?;18;13;47;103;73;72;65;41;35;28;17;2;6;86;85;54;38;38;38;38;38;26;21;20;16;10;11;124;4;4;4;4;4;4;4;4;4;
?;?;?;?;?;?;?;?;?;?;?;?;?;5;102;74;72;65;66;88;82;77;5;58;47;103;73;72;65;66;130;124;4;4;12;119;116;111;109;47;86;85;54;38;38;38;38;38;38;38;
?;?;?;?;?;?;?;?;?;?;?;?;?;66;130;124;122;24;115;110;108;47;103;73;72;65;66;130;124;4;4;4;4;12;119;116;111;109;47;86;85;54;38;38;38;38;38;38;38;26;
?;?;?;?;?;?;?;?;?;?;?;?;?;115;110;108;47;86;26;21;20;113;34;100;98;91;14;55;53;51;92;38;38;38;38;26;21;20;16;10;11;124;4;4;4;4;12;119;116;111;
?;?;?;?;?;?;?;?;?;?;?;?;?;66;130;124;4;12;149;148;143;138;133;131;125;121;118;1;18;13;47;86;85;54;38;38;38;38;38;38;38;38;38;38;38;26;21;20;16;10;
?;?;?;?;?;?;?;?;?;?;?;?;?;72;65;66;88;82;77;5;102;74;72;65;41;35;28;17;2;6;86;85;54;38;38;38;26;21;20;16;10;11;124;4;4;4;12;119;116;111;
?;?;?;?;?;?;?;?;?;?;?;?;?;4;4;12;119;116;111;109;47;86;85;54;38;38;38;38;26;21;20;16;10;88;82;77;5;58;47;86;85;54;38;26;21;20;16;10;11;124;
?;?;?;?;?;?;?;?;?;?;?;?;?;45;33;46;53;26;21;20;16;10;11;124;4;4;4;4;4;4;12;119;116;111;109;47;86;85;54;38;26;21;20;16;10;11;124;4;4;4;
?;?;?;?;?;?;?;?;?;?;?;?;?;4;4;12;119;116;111;109;47;86;85;54;38;38;38;38;38;38;38;38;38;38;38;38;38;38;38;38;26;21;20;16;10;11;124;4;4;4;
?;?;?;?;?;?;?;?;?;?;?;?;?;20;16;10;88;82;77;5;58;47;103;73;72;65;66;130;124;4;4;4;4;4;12;119;116;111;109;47;103;73;72;65;66;130;124;4;4;4;
?;?;?;?;?;?;?;?;?;?;?;?;?;65;66;88;82;77;5;58;47;86;85;54;38;38;38;38;26;21;20;113;34;150;145;8;3;4;4;4;4;4;4;4;4;4;4;4;4;4;
?;?;?;?;?;?;?;?;?;?;?;?;?;65;66;130;124;4;4;4;4;4;4;4;4;12;119;116;111;109;47;86;85;54;38;38;38;38;38;38;38;38;38;26;21;20;16;10;11;124;
?;?;?;?;?;?;?;?;?;?;?;?;?;5;58;102;74;72;65;66;130;124;4;12;119;114;107;106;105;66;130;124;4;4;4;4;4;12;119;116;111;109;47;86;85;54;38;38;38;38;
?;?;?;?;?;?;?;?;?;?;?;?;?;18;13;47;86;85;54;38;38;38;38;38;38;26;21;20;16;10;88;82;77;0;147;142;137;132;130;124;4;4;4;4;4;4;12;119;116;111;
?;?;?;?;?;?;?;?;?;?;?;?;?;66;130;121;118;1;18;13;102;74;72;65;66;130;121;118;1;18;102;74;72;65;66;130;124;4;12;119;116;111;109;47;86;85;26;21;20;16;
?;?;?;?;?;?;?;?;?;?;?;?;?;1;18;102;74;72;113;34;100;98;91;14;55;53;51;92;38;38;38;38;38;38;26;21;20;16;10;11;124;4;4;4;4;4;4;4;12;119;
?;?;?;?;?;?;?;?;?;?;?;?;?;1;18;102;74;72;65;66;130;121;118;0;147;142;137;132;130;121;118;1;18;13;47;86;85;26;21;20;16;10;11;124;4;4;4;4;4;12;
?;?;?;?;?;?;?;?;?;?;?;?;?;41;35;28;17;2;6;86;85;26;21;20;16;10;11;124;4;4;4;12;119;116;111;109;47;86;26;21;20;16;10;11;124;4;4;4;4;4;
?;?;?;?;?;?;?;?;?;?;?;?;?;5;58;102;74;72;65;66;130;124;122;24;115;110;108;47;86;85;54;38;26;21;20;16;10;11;124;122;24;115;110;108;47;86;85;26;21;20;
?;?;?;?;?;?;?;?;?;?;?;?;?;1;18;13;47;86;85;26;21;20;16;10;11;124;4;4;4;4;4;12;119;116;111;109;47;86;85;54;38;38;38;38;26;21;20;113;34;100;
?;?;?;?;?;?;?;?;?;?;?;?;?;72;65;66;130;121;118;1;18;13;47;86;85;54;48;21;20;16;10;11;124;4;4;4;12;119;116;111;109;47;103;73;42;81;27;68;57;45;
?;?;?;?;?;?;?;?;?;?;?;?;?;58;102;74;72;65;66;88;82;77;5;58;47;86;85;54;38;38;26;21;20;16;10;11;124;4;12;119;116;111;109;47;86;26;21;20;16;10;
?;?;?;?;?;?;?;?;?;?;?;?;?;153;144;140;134;128;127;124;4;4;4;4;4;4;4;4;4;4;4;4;4;4;4;12;119;116;111;109;47;86;85;54;38;38;38;38;38;38;
?;?;?;?;?;?;?;?;?;?;?;?;?;85;54;38;38;38;26;21;20;16;10;11;124;4;4;12;119;116;111;109;47;86;85;26;21;20;16;10;11;124;4;4;4;4;4;4;4;4;
?;?;?;?;?;?;?;?;?;?;?;?;?;65;41;35;28;17;2;114;107;106;105;66;130;124;122;24;115;110;108;103;73;72;65;66;88;82;77;5;102;74;72;65;66;130;124;4;4;4;
?;?;?;?;?;?;?;?;?;?;?;?;?;10;11;124;4;4;4;4;4;4;4;4;4;4;4;12;119;116;114;107;106;105;66;130;121;118;1;18;13;47;86;85;54;38;38;38;38;38;
?;?;?;?;?;?;?;?;?;?;?;?;?;65;66;130;124;4;4;4;4;4;4;4;4;12;119;116;111;109;47;86;85;54;38;38;38;26;21;20;16;10;11;124;4;12;119;116;111;109;
?;?;?;?;?;?;?;?;?;?;?;?;?;38;38;38;38;38;38;26;21;20;16;10;11;124;122;24;115;110;108;103;73;72;65;66;130;124;4;4;4;4;4;12;119;116;111;104;99;72;
?;?;?;?;?;?;?;?;?;?;?;?;?;65;66;88;82;77;5;58;102;74;72;65;66;88;82;77;5;58;47;86;85;54;38;26;21;20;16;10;11;124;4;12;119;116;111;109;47;86;
?;?;?;?;?;?;?;?;?;?;?;?;?;12;119;116;111;109;47;86;85;54;48;21;20;16;10;11;124;122;24;115;110;108;47;86;85;54;48;21;20;16;10;11;124;4;4;4;4;4;
?;?;?;?;?;?;?;?;?;?;?;?;?;65;66;88;82;77;5;58;47;86;26;87;112;76;67;44;75;153;144;140;134;128;127;124;4;4;4;4;4;4;4;4;4;4;4;4;12;119;
?;?;?;?;?;?;?;?;?;?;?;?;?;16;10;11;124;4;4;4;4;4;4;4;4;4;4;4;4;4;4;4;4;4;4;4;4;4;4;4;4;12;119;116;111;109;47;86;26;21;
?;?;?;?;?;?;?;?;?;?;?;?;?;2;6;102;74;72;65;66;130;124;4;4;4;4;4;4;12;119;116;111;109;47;103;73;72;65;66;130;124;4;4;4;4;4;4;4;4;4;
?;?;?;?;?;?;?;?;?;?;?;?;?;5;58;47;86;85;54;38;38;38;38;26;21;20;16;10;11;124;4;4;12;119;116;111;109;47;86;85;54;48;21;20;16;10;11;124;122;24;
?;?;?;?;?;?;?;?;?;?;?;?;?;38;38;38;38;38;38;26;21;20;16;10;11;124;4;4;4;4;4;4;4;4;12;119;116;111;109;101;73;72;65;66;130;124;4;4;4;12;
?;?;?;?;?;?;?;?;?;?;?;?;?;16;10;11;124;122;24;115;110;108;47;86;85;54;48;21;20;16;10;11;124;4;4;4;4;12;119;116;111;109;47;86;85;26;21;20;16;10;
?;?;?;?;?;?;?;?;?;?;?;?;?;116;111;109;47;86;85;54;38;38;38;38;38;38;38;38;38;38;38;38;38;38;38;38;26;21;20;16;10;11;124;4;4;4;4;4;4;4;
?;?;?;?;?;?;?;?;?;?;?;?;?;72;65;66;88;82;77;5;58;47;86;85;54;38;38;38;38;38;38;38;38;38;38;38;38;38;26;87;112;76;67;44;150;145;8;3;4;4;
?;?;?;?;?;?;?;?;?;?;?;?;?;65;66;130;124;4;4;4;4;4;12;119;116;111;109;47;86;85;54;38;38;38;38;38;38;38;38;38;38;38;38;38;38;38;38;38;38;38;
?;?;?;?;?;?;?;?;?;?;?;?;?;20;16;10;11;124;4;4;12;119;116;111;109;47;86;26;21;20;16;10;11;124;4;4;4;4;4;4;4;4;4;12;119;116;111;109;47;86;
?;?;?;?;?;?;?;?;?;?;?;?;?;38;38;38;38;38;26;21;20;16;10;11;124;4;4;4;4;4;4;4;4;4;4;4;12;119;116;111;109;47;103;73;72;65;66;130;124;4;
?;?;?;?;?;?;?;?;?;?;?;?;?;65;41;35;28;17;2;114;107;106;105;66;130;124;122;24;115;110;108;47;86;26;21;20;113;34;100;98;91;14;55;26;21;20;113;34;100;98;
?;?;?;?;?;?;?;?;?;?;?;?;?;?;80;71;96;95;93;85;54;38;26;21;20;16;10;11;121;152;9;141;136;129;126;125;4;4;4;12;119;116;111;109;101;73;72;65;66;130;
?;?;?;?;?;?;?;?;?;?;?;?;?;65;66;130;124;4;12;119;116;111;109;47;86;85;54;48;21;20;16;10;11;124;4;4;12;119;116;111;109;47;86;85;54;38;38;38;38;38;
?;?;?;?;?;?;?;?;?;?;?;?;?;4;4;4;12;119;116;111;109;47;86;85;54;38;38;38;38;38;26;21;20;16;10;11;124;4;4;4;4;4;4;4;4;4;4;4;4;4;
?;?;?;?;?;?;?;?;?;?;?;?;?;122;24;115;110;102;74;72;65;66;88;82;153;144;140;134;128;127;124;4;12;119;116;111;109;47;103;73;72;65;66;130;124;4;12;119;116;111;
?;?;?;?;?;?;?;?;?;?;?;?;?;2;6;102;74;72;65;66;130;124;4;4;4;4;4;12;119;116;111;109;47;86;85;54;48;21;20;16;10;11;124;122;24;115;114;107;106;105;
?;?;?;?;?;?;?;?;?;?;?;?;?;5;58;102;74;72;65;66;88;82;77;5;102;74;72;65;66;130;124;122;24;115;110;108;47;86;85;54;38;38;38;38;38;38;26;21;20;113;
?;?;?;?;?;?;?;?;?;?;?;?;?;66;88;82;77;5;58;47;86;85;54;38;38;38;38;38;38;26;21;20;16;10;11;124;4;4;4;4;12;119;116;111;109;47;86;85;26;21;
?;?;?;?;?;?;?;?;?;?;?;?;?;1;114;107;106;105;66;130;124;4;12;119;116;111;109;47;86;85;54;38;38;38;38;26;21;20;16;10;11;124;4;12;119;116;111;109;47;86;
?;?;?;?;?;?;?;?;?;?;?;?;?;5;102;74;72;65;66;130;124;122;24;115;110;102;74;72;65;66;88;82;77;5;58;102;74;72;65;66;130;121;118;1;18;13;47;86;85;54;
?;?;?;?;?;?;?;?;?;?;?;?;?;65;66;88;82;77;5;58;47;103;73;72;65;66;88;82;77;0;147;142;137;43;36;29;19;15;7;86;26;21;20;16;10;11;124;4;4;4;
?;?;?;?;?;?;?;?;?;?;?;?;?;66;130;124;122;24;115;110;108;47;103;73;72;65;66;130;124;4;4;4;4;4;12;119;116;111;109;47;86;85;54;38;38;38;38;38;38;26;
?;?;?;?;?;?;?;?;?;?;?;?;?;18;13;47;86;26;21;20;16;10;11;124;4;4;12;119;116;111;109;47;86;85;54;48;21;20;16;10;11;121;118;1;18;13;47;86;85;26;
?;?;?;?;?;?;?;?;?;?;?;?;?;86;85;54;38;38;38;38;38;38;38;38;26;21;20;16;10;11;124;4;4;4;4;4;4;4;4;4;4;4;4;4;4;4;4;4;4;4;
?;?;?;?;?;?;?;?;?;?;?;?;?;66;88;82;77;5;58;47;86;85;26;21;20;16;10;88;82;77;5;58;47;86;85;54;38;38;38;26;21;20;16;10;11;124;4;4;4;4;
?;?;?;?;?;?;?;?;?;?;?;?;?;73;72;65;66;130;124;4;4;4;12;119;116;111;109;47;86;85;54;38;26;21;20;16;10;11;124;4;12;119;116;111;109;47;103;73;72;65;
?;?;?;?;?;?;?;?;?;?;?;?;?;65;66;88;82;77;5;58;47;86;26;21;20;16;10;11;124;4;4;4;4;4;4;4;4;4;4;4;4;4;4;4;4;12;119;116;111;109;
?;?;?;?;?;?;?;?;?;?;?;?;?;65;41;35;28;17;2;114;107;106;105;66;88;82;77;5;58;47;86;85;26;21;20;16;10;11;124;4;4;12;119;116;111;109;47;86;85;54;
?;?;?;?;?;?;?;?;?;?;?;?;?;66;130;124;4;4;4;4;4;4;4;4;4;4;12;119;114;107;106;105;66;130;124;122;24;115;110;108;47;86;26;21;20;16;10;11;124;4;
?;?;?;?;?;?;?;?;?;?;?;?;?;54;38;38;38;38;38;38;38;26;21;20;16;10;11;124;4;4;4;4;4;4;4;4;4;4;4;4;4;4;12;119;116;111;109;47;86;85;
?;?;?;?;?;?;?;?;?;?;?;?;?;66;88;82;77;5;58;47;86;26;21;20;16;10;88;82;77;5;102;74;72;65;66;88;82;77;5;58;47;86;26;21;20;16;41;35;28;17;
?;?;?;?;?;?;?;?;?;?;?;?;?;66;130;121;118;1;18;13;47;103;73;72;65;66;130;121;118;1;18;13;47;86;85;54;38;38;38;38;26;21;20;16;10;88;82;77;5;58;
?;?;?;?;?;?;?;?;?;?;?;?;?;12;119;116;111;109;47;86;85;54;38;38;38;26;21;20;16;10;11;124;4;4;4;4;4;4;4;12;119;116;111;109;47;103;73;72;65;66;
?;?;?;?;?;?;?;?;?;?;?;?;?;116;111;109;47;86;85;54;38;38;26;21;20;16;10;11;124;4;4;12;119;116;111;109;47;86;85;54;38;38;26;21;20;16;10;11;124;4;
?;?;?;?;?;?;?;?;?;?;?;?;?;58;47;103;73;72;65;66;130;124;122;24;115;110;108;47;86;85;54;38;38;38;38;38;26;21;20;16;10;11;124;4;4;4;4;12;119;116;
?;?;?;?;?;?;?;?;?;?;?;?;?;2;6;86;85;26;21;20;16;10;11;124;4;4;4;4;4;4;4;4;4;4;4;12;119;116;111;109;47;86;85;54;38;38;38;38;38;38;
?;?;?;?;?;?;?;?;?;?;?;?;?;111;109;47;86;85;54;38;38;38;38;38;26;21;20;16;10;11;124;4;4;4;4;4;12;119;116;111;109;47;86;85;54;38;38;38;38;38;
?;?;?;?;?;?;?;?;?;?;?;?;?;1;18;102;74;72;65;41;35;28;17;2;6;102;74;72;65;66;130;124;122;24;115;114;107;106;105;66;88;82;77;5;58;47;86;85;26;21;
?;?;?;?;?;?;?;?;?;?;?;?;?;1;18;102;74;72;65;66;88;82;77;5;58;47;86;85;54;38;38;38;26;21;20;16;10;11;124;4;4;4;12;119;116;114;107;106;105;66;
?;?;?;?;?;?;?;?;?;?;?;?;?;146;139;135;126;125;121;118;1;18;13;47;86;85;54;48;21;20;16;10;11;124;4;4;4;12;119;116;111;109;47;86;85;26;21;20;16;10;
?;?;?;?;?;?;?;?;?;?;?;?;?;66;130;124;4;4;4;4;4;12;119;116;111;109;47;103;73;72;65;66;130;121;118;1;18;13;47;86;85;54;38;38;38;26;21;20;16;10;
?;?;?;?;?;?;?;?;?;?;?;?;?;4;4;4;4;4;4;4;4;4;4;12;119;116;111;109;47;86;85;26;21;20;16;10;11;124;4;12;119;116;111;109;47;86;85;54;38;38;
?;?;?;?;?;?;?;?;?;?;?;?;?;1;18;13;47;103;73;72;65;66;130;124;122;24;115;110;108;47;103;73;72;65;66;130;124;4;4;12;119;116;111;109;47;86;85;26;21;20;
?;?;?;?;?;?;?;?;?;?;?;?;?;4;4;4;4;12;119;116;111;109;101;73;72;65;66;130;124;4;4;12;119;116;111;109;47;86;26;21;20;16;10;11;124;4;4;4;4;4;
?;?;?;?;?;?;?;?;?;?;?;?;?;4;4;4;4;4;4;4;4;4;4;4;4;4;4;4;12;119;116;111;109;47;86;85;54;38;38;38;38;38;38;38;38;38;38;38;38;26;
?;?;?;?;?;?;?;?;?;?;?;?;?;5;58;47;86;26;21;20;16;10;11;124;4;4;4;4;4;4;12;119;116;111;109;101;73;72;65;66;130;124;4;12;119;116;111;109;47;86;
?;?;?;?;?;?;?;?;?;?;?;?;?;65;66;88;82;77;5;58;47;103;73;72;65;66;130;124;4;4;4;4;4;4;4;4;4;4;4;4;4;4;4;4;4;4;12;119;116;111;
?;?;?;?;?;?;?;?;?;?;?;?;?;66;130;121;118;1;18;13;47;103;73;42;81;27;68;57;45;102;74;72;65;41;35;28;17;2;6;86;85;54;48;21;20;16;10;11;121;118;
?;?;?;?;?;?;?;?;?;?;?;?;?;119;116;111;109;47;86;26;21;20;16;10;11;124;4;4;4;4;4;4;12;119;116;111;109;47;86;85;54;38;26;21;20;16;10;11;124;4;
?;?;?;?;?;?;?;?;?;?;?;?;?;5;58;47;86;85;54;38;38;38;38;38;38;26;21;20;16;10;11;124;4;4;4;4;4;4;4;4;4;4;12;119;116;111;109;47;103;73;
?;?;?;?;?;?;?;?;?;?;?;?;?;65;66;88;82;77;5;102;74;72;65;66;130;124;4;12;119;116;111;109;47;86;85;54;38;38;26;21;20;16;10;11;124;4;4;4;4;4;
?;?;?;?;?;?;?;?;?;?;?;?;?;21;20;16;10;11;124;4;12;119;116;111;109;47;86;85;54;38;38;38;38;26;21;20;16;10;11;124;4;4;4;4;4;12;119;116;111;109;
?;?;?;?;?;?;?;?;?;?;?;?;?;65;66;130;124;122;24;115;110;108;47;86;85;54;38;38;26;21;20;16;10;11;124;4;4;4;4;4;4;4;4;4;4;4;4;4;12;119;
?;?;?;?;?;?;?;?;?;?;?;?;?;17;114;107;106;105;66;130;124;4;4;4;4;4;4;4;4;4;4;12;119;116;114;107;106;105;66;130;124;4;4;4;12;119;116;111;109;47;
?;?;?;?;?;?;?;?;?;?;?;?;?;5;102;74;72;65;66;130;121;118;1;18;13;102;74;72;65;66;130;121;118;1;18;13;47;86;85;54;38;38;38;38;38;26;21;20;16;10;
?;?;?;?;?;?;?;?;?;?;?;?;?;2;6;102;74;72;65;66;130;124;4;4;4;4;4;4;4;4;4;12;119;116;111;109;47;86;85;54;38;38;38;38;38;38;38;38;38;38;
?;?;?;?;?;?;?;?;?;?;?;?;?;66;130;121;118;1;18;13;47;86;85;54;38;38;38;38;38;38;38;38;26;21;20;16;41;35;28;17;2;114;107;106;105;66;130;124;4;4;
?;?;?;?;?;?;?;?;?;?;?;?;?;88;82;77;5;58;47;86;85;26;21;20;16;10;11;124;4;4;4;4;4;4;4;4;4;4;4;4;12;119;116;111;109;47;86;85;26;21;
?;?;?;?;?;?;?;?;?;?;?;?;?;2;114;107;106;105;66;88;82;77;5;58;47;86;26;21;20;16;10;88;82;77;5;102;74;72;65;66;130;124;4;4;4;4;4;4;4;12;
?;?;?;?;?;?;?;?;?;?;?;?;?;5;58;47;103;73;72;113;34;100;98;91;14;55;53;51;26;21;20;16;10;11;124;4;4;4;4;4;4;4;4;4;4;4;4;4;4;4;
?;?;?;?;?;?;?;?;?;?;?;?;?;72;113;34;100;151;146;139;135;126;125;4;4;12;119;116;111;109;101;73;72;65;41;35;28;17;2;6;102;74;72;65;66;130;124;4;4;4;
?;?;?;?;?;?;?;?;?;?;?;?;?;65;41;35;28;17;2;6;86;26;21;20;16;41;35;28;17;2;6;102;74;72;65;66;130;124;4;4;4;4;4;4;4;12;119;116;111;109;
?;?;?;?;?;?;?;?;?;?;?;?;?;66;130;124;122;24;115;110;108;47;86;85;54;38;38;38;38;38;38;26;21;20;16;10;88;82;77;5;102;74;72;65;66;130;121;118;1;18;
?;?;?;?;?;?;?;?;?;?;?;?;?;65;66;130;124;4;4;4;4;4;12;119;116;111;109;47;86;85;54;48;21;20;16;10;11;124;4;4;12;119;116;111;109;47;86;85;54;38;
?;?;?;?;?;?;?;?;?;?;?;?;?;65;66;130;124;122;24;114;107;106;105;66;88;82;77;5;58;47;86;85;54;38;26;21;20;16;10;11;124;4;4;4;12;119;116;111;109;47;
?;?;?;?;?;?;?;?;?;?;?;?;?;65;41;35;28;17;2;6;86;26;21;20;16;10;88;82;77;5;58;47;86;26;21;20;16;10;11;124;4;12;119;116;111;109;47;103;73;72;
?;?;?;?;?;?;?;?;?;?;?;?;?;65;66;130;124;122;24;115;110;108;47;86;85;54;38;38;38;26;21;20;16;10;11;124;4;4;4;12;119;116;111;109;47;86;85;54;38;26;
?;?;?;?;?;?;?;?;?;?;?;?;?;65;41;35;28;17;2;6;86;26;21;20;16;10;11;124;4;4;4;4;4;4;4;4;4;4;4;4;4;4;4;12;119;116;111;109;47;86;
?;?;?;?;?;?;?;?;?;?;?;?;?;20;16;10;11;124;122;24;115;110;108;47;86;26;21;20;16;10;11;124;4;12;119;116;111;109;47;86;85;54;38;26;21;20;16;10;11;124;
?;?;?;?;?;?;?;?;?;?;?;?;?;65;66;88;82;77;5;102;74;72;65;66;88;82;77;5;58;47;103;73;72;65;66;130;121;118;1;18;13;47;86;26;21;20;113;34;100;98;
?;?;?;?;?;?;?;?;?;?;?;?;?;5;58;47;103;73;72;113;34;100;98;91;14;55;26;21;20;16;10;11;121;152;9;141;136;129;126;125;4;4;4;4;4;4;4;12;119;116;
?;?;?;?;?;?;?;?;?;?;?;?;?;54;38;38;26;21;20;16;10;11;124;4;4;4;4;4;4;12;119;116;111;104;99;72;65;66;88;82;77;5;58;47;86;85;54;38;38;38;
?;?;?;?;?;?;?;?;?;?;?;?;?;4;4;4;4;4;4;12;119;116;111;109;47;86;85;54;48;21;20;16;10;11;124;4;4;4;4;4;12;119;116;111;109;47;86;85;54;38;
?;?;?;?;?;?;?;?;?;?;?;?;?;65;41;35;28;17;2;6;86;85;26;21;20;16;10;11;124;4;4;4;4;12;119;116;111;109;47;103;73;72;65;66;130;124;4;4;4;4;
?;?;?;?;?;?;?;?;?;?;?;?;?;38;38;38;38;38;38;38;38;26;21;20;16;10;11;124;4;4;4;4;4;4;4;4;4;4;4;4;4;4;4;4;4;4;4;12;119;116;
?;?;?;?;?;?;?;?;?;?;?;?;?;20;16;10;11;124;4;4;4;4;4;4;4;4;4;12;119;116;111;109;47;86;85;26;21;20;16;10;11;124;4;4;4;12;119;116;111;109;
?;?;?;?;?;?;?;?;?;?;?;?;?;2;6;102;74;72;65;66;130;124;122;24;115;110;108;103;73;72;65;66;130;124;4;4;12;119;116;111;109;47;86;85;54;48;21;20;16;10;
?;?;?;?;?;?;?;?;?;?;?;?;?;38;38;38;26;21;20;16;10;11;121;118;1;18;102;74;72;65;66;130;124;4;4;4;4;4;4;4;4;4;4;4;4;4;12;119;116;111;
?;?;?;?;?;?;?;?;?;?;?;?;?;42;81;27;68;57;153;144;140;134;128;127;124;122;24;115;110;108;47;86;85;54;38;38;38;38;38;38;38;26;21;20;16;10;11;124;122;24;
?;?;?;?;?;?;?;?;?;?;?;?;?;119;116;111;104;99;90;84;79;70;63;97;64;46;53;51;92;38;38;38;38;38;38;38;38;26;21;20;16;10;11;124;122;24;115;110;102;74;
?;?;?;?;?;?;?;?;?;?;?;?;?;5;58;47;103;73;72;113;34;100;98;91;0;147;142;137;132;130;124;4;4;4;12;119;116;111;109;47;86;85;54;38;38;38;38;38;38;38;
?;?;?;?;?;?;?;?;?;?;?;?;?;5;58;102;74;72;65;66;88;82;77;5;58;47;86;26;21;20;16;10;11;124;4;4;4;12;119;116;111;109;47;86;85;54;48;21;20;16;
?;?;?;?;?;?;?;?;?;?;?;?;?;54;38;38;38;38;38;38;26;21;20;16;10;11;124;4;4;4;4;4;4;4;4;4;4;4;12;119;116;111;109;47;86;85;26;21;20;16;
?;?;?;?;?;?;?;?;?;?;?;?;?;65;66;130;121;118;1;18;13;47;86;85;54;38;38;38;26;21;20;16;10;11;124;4;4;4;4;4;4;4;4;4;4;4;4;12;119;116;
?;?;?;?;?;?;?;?;?;?;?;?;?;107;106;105;66;130;124;4;4;4;4;4;4;4;12;119;116;111;109;47;86;85;54;38;38;26;21;20;16;10;11;124;4;12;119;116;111;109;
?;?;?;?;?;?;?;?;?;?;?;?;?;4;12;119;116;111;109;47;86;85;54;38;38;38;38;38;38;38;38;38;38;38;38;38;38;38;26;21;20;16;10;11;124;4;4;4;4;4;
?;?;?;?;?;?;?;?;?;?;?;?;?;72;65;66;130;124;4;4;4;4;4;4;4;12;119;116;111;109;47;86;85;54;38;38;38;38;26;21;20;16;10;11;124;122;24;115;110;108;
?;?;?;?;?;?;?;?;?;?;?;?;?;66;130;121;118;1;18;13;47;86;26;21;20;113;34;100;98;91;14;55;26;21;20;16;10;11;124;4;4;4;4;12;119;116;111;109;47;86;
?;?;?;?;?;?;?;?;?;?;?;?;?;102;74;72;65;66;130;121;118;1;18;13;102;74;72;113;34;100;98;91;14;55;53;26;21;20;16;10;11;124;4;4;4;4;4;12;119;116;
?;?;?;?;?;?;?;?;?;?;?;?;?;110;108;47;86;85;54;38;38;26;21;20;16;10;11;124;4;12;119;116;111;109;47;86;85;54;48;21;20;16;10;88;82;77;0;147;142;137;
?;?;?;?;?;?;?;?;?;?;?;?;?;72;65;66;88;82;77;5;58;47;86;85;54;48;21;20;16;10;11;124;4;4;4;4;4;4;4;12;119;116;111;109;47;86;85;54;38;38;
?;?;?;?;?;?;?;?;?;?;?;?;?;1;114;107;106;105;66;130;121;118;1;18;13;47;103;73;72;65;66;130;124;4;4;12;119;116;111;109;47;86;85;54;48;21;20;16;10;11;
?;?;?;?;?;?;?;?;?;?;?;?;?;4;4;4;12;119;116;111;109;47;86;85;54;48;21;20;16;41;35;28;17;2;6;86;26;21;20;16;10;11;124;4;4;4;4;4;4;12;
?;?;?;?;?;?;?;?;?;?;?;?;?;66;130;124;4;4;4;4;4;4;12;119;116;111;109;47;86;85;54;48;21;20;16;10;11;124;4;4;4;4;4;4;4;12;119;116;111;109;
?;?;?;?;?;?;?;?;?;?;?;?;?;2;6;102;74;72;65;66;88;82;77;5;58;47;86;85;54;48;21;20;16;10;11;124;4;4;4;4;4;4;4;4;4;4;4;4;12;119;
?;?;?;?;?;?;?;?;?;?;?;?;?;1;18;13;102;74;72;65;66;88;82;77;5;58;47;86;85;54;38;26;21;20;16;10;11;124;4;4;12;119;116;111;109;47;86;85;26;21;
?;?;?;?;?;?;?;?;?;?;?;?;?;65;66;88;82;77;5;102;74;72;65;66;130;124;4;12;119;114;107;106;105;66;130;124;122;24;115;110;108;47;86;85;54;38;38;38;38;38;
?;?;?;?;?;?;?;?;?;?;?;?;?;110;108;47;86;85;54;38;38;38;38;38;38;38;26;21;42;81;27;68;57;45;33;46;53;26;21;20;16;10;11;124;122;24;115;110;108;47;
?;?;?;?;?;?;?;?;?;?;?;?;?;18;13;47;103;87;112;76;67;44;75;39;37;26;21;20;16;10;11;124;122;24;115;110;108;47;86;85;54;48;21;20;16;10;11;124;122;24;
?;?;?;?;?;?;?;?;?;?;?;?;?;65;66;88;82;77;5;102;74;72;65;66;130;124;4;12;119;116;111;109;47;86;85;54;38;38;38;38;38;26;21;20;16;10;11;124;4;4;
?;?;?;?;?;?;?;?;?;?;?;?;?;111;109;47;86;26;21;20;113;34;100;98;91;14;55;53;51;26;21;20;16;10;11;124;122;24;115;110;108;47;86;85;26;21;42;81;27;68;
?;?;?;?;?;?;?;?;?;?;?;?;?;54;38;38;38;38;38;38;26;21;20;16;10;11;124;4;4;4;4;4;4;4;4;4;4;4;12;119;116;111;109;47;86;85;54;38;38;38;
?;?;?;?;?;?;?;?;?;?;?;?;?;2;6;86;26;21;20;16;10;11;124;4;4;4;4;4;4;4;4;4;12;119;116;111;104;99;72;65;41;35;28;17;2;6;86;26;21;20;
?;?;?;?;?;?;?;?;?;?;?;?;?;5;58;102;74;72;65;41;35;28;17;2;6;102;74;72;65;66;130;124;4;4;4;4;4;4;4;4;4;4;4;12;119;116;111;109;47;86;
?;?;?;?;?;?;?;?;?;?;?;?;?;21;20;113;34;100;98;91;14;55;26;21;20;16;10;11;124;4;4;4;4;4;4;4;4;12;119;116;111;109;47;86;85;26;21;20;16;10;
?;?;?;?;?;?;?;?;?;?;?;?;?;66;130;121;118;1;18;13;47;103;73;72;113;34;100;98;91;14;55;26;21;20;16;10;11;124;4;4;12;119;116;111;109;47;86;85;54;38;
?;?;?;?;?;?;?;?;?;?;?;?;?;4;4;4;4;4;4;4;4;4;4;4;4;12;119;116;111;109;47;86;85;54;38;38;38;38;38;38;38;38;38;38;26;21;20;16;10;11;
?;?;?;?;?;?;?;?;?;?;?;?;?;1;18;13;47;103;73;72;65;66;130;124;4;4;4;12;119;116;111;109;47;86;26;21;20;16;10;11;121;118;1;18;13;47;86;85;54;38;
?;?;?;?;?;?;?;?;?;?;?;?;?;115;114;107;106;105;66;130;121;118;1;18;13;47;86;85;54;38;38;38;38;38;38;38;38;38;38;38;38;38;26;21;20;16;10;11;124;4;
?;?;?;?;?;?;?;?;?;?;?;?;?;12;119;116;111;109;47;86;85;54;38;38;38;26;21;20;16;10;11;124;4;4;4;4;12;119;116;111;104;99;72;65;66;130;124;4;4;12;
?;?;?;?;?;?;?;?;?;?;?;?;?;72;113;34;100;98;91;0;147;142;137;132;130;124;4;12;119;116;114;107;106;105;66;130;124;4;12;119;116;111;109;47;86;85;54;38;26;21;
?;?;?;?;?;?;?;?;?;?;?;?;?;124;4;4;4;4;4;4;12;119;116;111;109;47;86;85;54;38;38;38;38;38;38;38;38;38;38;38;38;38;26;21;20;16;10;11;124;122;
?;?;?;?;?;?;?;?;?;?;?;?;?;38;38;38;38;38;38;38;38;38;26;21;20;16;10;11;124;4;4;4;4;4;4;4;12;119;114;107;106;105;66;130;124;4;4;4;4;4;
?;?;?;?;?;?;?;?;?;?;?;?;?;4;4;12;119;116;111;109;47;86;85;54;48;21;20;16;10;11;124;4;12;119;116;111;109;47;86;85;54;38;26;21;20;16;10;11;121;118;
?;?;?;?;?;?;?;?;?;?;?;?;?;65;41;35;28;17;2;6;86;26;21;20;16;10;11;124;4;4;4;4;4;4;4;4;4;4;4;4;4;4;4;4;4;4;4;4;12;119;
?;?;?;?;?;?;?;?;?;?;?;?;?;4;4;4;12;119;116;111;109;47;86;85;54;38;38;38;38;38;38;38;26;21;20;16;41;35;28;17;2;6;86;26;21;20;16;10;11;124;
?;?;?;?;?;?;?;?;?;?;?;?;?;2;114;107;106;105;66;130;124;4;12;119;116;111;109;47;86;85;54;38;38;38;26;21;20;16;41;35;28;17;2;6;102;74;72;65;66;130;
?;?;?;?;?;?;?;?;?;?;?;?;?;5;102;74;72;65;66;130;124;122;24;115;110;108;47;86;85;54;38;38;38;38;38;38;26;21;20;16;10;11;124;4;4;4;4;4;4;4;
?;?;?;?;?;?;?;?;?;?;?;?;?;4;4;12;119;116;111;109;47;86;26;21;20;16;10;11;124;4;12;119;116;111;109;47;86;85;54;38;38;38;38;38;38;38;38;38;38;38;
?;?;?;?;?;?;?;?;?;?;?;?;?;10;11;124;4;4;4;12;119;116;114;107;56;52;49;40;32;31;30;25;53;51;26;21;20;16;10;11;124;4;4;4;4;12;119;116;111;109;
?;?;?;?;?;?;?;?;?;?;?;?;?;4;4;4;4;12;119;116;111;109;47;86;85;26;21;20;16;10;11;121;118;1;18;13;47;86;85;54;48;21;20;16;10;11;124;4;4;4;
?;?;?;?;?;?;?;?;?;?;?;?;?;16;10;11;124;4;4;4;4;12;119;116;111;109;47;86;85;54;38;38;38;38;38;38;38;38;26;21;20;16;10;11;124;4;12;119;116;114;
?;?;?;?;?;?;?;?;?;?;?;?;?;116;111;109;47;86;85;54;38;38;38;38;38;38;38;38;38;38;38;38;38;38;38;26;21;20;16;10;88;82;77;5;58;47;86;26;21;20;
?;?;?;?;?;?;?;?;?;?;?;?;?;5;58;47;86;85;54;48;21;20;16;10;11;124;4;4;4;4;4;4;4;4;4;4;4;4;4;4;12;119;116;111;109;47;103;73;72;65;
?;?;?;?;?;?;?;?;?;?;?;?;?;38;38;38;38;38;38;38;38;26;21;20;16;10;11;124;122;24;115;110;108;47;103;73;72;65;66;130;124;4;4;4;4;4;4;4;4;4;
?;?;?;?;?;?;?;?;?;?;?;?;?;5;58;102;74;72;65;66;130;121;118;1;18;13;47;86;85;54;38;38;38;38;38;26;21;20;16;10;11;121;118;1;18;13;47;86;85;54;
?;?;?;?;?;?;?;?;?;?;?;?;?;12;119;116;111;109;47;86;85;26;21;20;16;10;11;124;122;24;115;110;108;47;86;85;54;38;26;21;20;16;10;11;124;4;4;4;4;4;
?;?;?;?;?;?;?;?;?;?;?;?;?;65;66;130;124;122;24;115;110;108;47;86;85;54;38;38;26;21;20;16;10;11;124;4;4;4;4;4;12;119;116;111;109;47;86;85;54;38;
?;?;?;?;?;?;?;?;?;?;?;?;?;65;66;130;121;118;1;18;102;74;72;65;66;130;124;122;24;115;114;107;106;105;66;130;124;4;12;119;116;111;109;47;86;85;54;38;38;38;
?;?;?;?;?;?;?;?;?;?;?;?;?;38;38;38;26;21;20;16;10;11;124;4;4;4;4;4;4;4;12;119;116;111;109;47;86;85;54;38;38;38;38;38;26;21;20;16;10;11;
?;?;?;?;?;?;?;?;?;?;?;?;?;108;47;103;73;72;65;66;130;124;122;24;115;110;102;74;72;65;41;35;28;17;2;6;86;85;54;38;38;38;38;38;38;38;38;38;38;38;
?;?;?;?;?;?;?;?;?;?;?;?;?;4;4;4;4;4;4;12;119;116;111;109;47;86;85;54;38;38;38;38;26;21;20;16;10;11;124;4;4;4;12;119;116;111;104;99;90;84;
?;?;?;?;?;?;?;?;?;?;?;?;?;38;38;38;38;38;38;38;38;38;38;26;21;20;16;10;11;124;4;4;4;4;4;4;4;4;4;4;4;4;4;4;4;4;4;4;4;4;
?;?;?;?;?;?;?;?;?;?;?;?;?;72;65;66;130;121;118;1;18;13;47;86;85;54;38;38;38;38;38;26;21;20;16;10;11;124;4;4;4;4;4;4;4;12;119;116;111;109;
?;?;?;?;?;?;?;?;?;?;?;?;?;121;118;1;18;13;47;86;85;54;38;38;38;38;26;21;20;16;10;11;124;4;4;4;4;12;149;148;143;138;133;131;125;121;118;1;18;13;
?;?;?;?;?;?;?;?;?;?;?;?;?;4;4;4;4;4;4;4;4;4;12;119;116;111;109;47;86;85;54;38;38;38;38;38;38;38;38;26;21;20;16;10;11;124;4;4;4;4;
?;?;?;?;?;?;?;?;?;?;?;?;?;65;66;130;121;118;1;18;13;47;86;85;54;38;38;38;38;38;26;21;20;16;10;11;124;4;4;4;4;4;4;12;119;116;111;109;47;86;
?;?;?;?;?;?;?;?;?;?;?;?;?;65;66;130;124;4;12;119;116;111;109;47;86;85;54;38;38;26;21;20;16;10;11;124;4;4;4;4;4;12;119;116;111;109;47;86;85;54;
?;?;?;?;?;?;?;?;?;?;?;?;?;65;41;35;28;17;2;6;86;85;54;38;38;38;38;38;38;26;21;20;16;10;11;124;4;4;4;4;4;4;4;4;4;4;4;4;12;119;
?;?;?;?;?;?;?;?;?;?;?;?;?;65;66;88;82;77;5;58;47;86;26;21;20;16;10;11;124;4;4;4;12;119;116;111;104;99;72;65;66;88;82;77;5;58;47;86;85;54;
?;?;?;?;?;?;?;?;?;?;?;?;?;65;41;35;28;17;2;6;86;26;21;20;16;10;11;124;4;4;4;4;4;4;4;4;4;4;4;4;4;12;119;116;111;109;47;86;26;21;
?;?;?;?;?;?;?;?;?;?;?;?;?;130;124;4;12;119;116;111;109;47;86;85;26;21;20;113;34;100;98;91;14;55;53;51;92;38;38;38;38;38;38;38;38;26;21;20;16;10;
?;?;?;?;?;?;?;?;?;?;?;?;?;34;100;98;91;0;147;142;137;132;130;124;4;4;4;4;4;4;4;4;12;119;116;111;109;47;86;85;26;21;20;16;10;11;124;4;4;4;
?;?;?;?;?;?;?;?;?;?;?;?;?;18;13;47;86;85;54;38;38;38;38;38;38;38;38;26;21;20;16;10;11;124;4;4;4;4;4;4;4;4;4;4;4;4;4;4;4;4;
?;?;?;?;?;?;?;?;?;?;?;?;?;65;66;88;82;77;5;102;74;72;65;66;130;124;122;24;115;110;108;47;86;85;54;38;38;38;38;38;38;38;38;38;38;38;38;38;38;26;
?;?;?;?;?;?;?;?;?;?;?;?;?;66;130;124;4;4;12;119;116;111;104;99;72;65;66;130;124;4;4;4;4;4;4;4;12;119;116;111;109;47;86;85;54;38;38;38;38;38;
?;?;?;?;?;?;?;?;?;?;?;?;?;38;38;38;38;26;21;20;16;10;11;124;4;4;4;4;4;4;4;4;4;4;4;12;119;116;111;109;47;103;73;72;65;66;130;124;4;12;
?;?;?;?;?;?;?;?;?;?;?;?;?;65;66;88;82;77;5;58;47;103;73;42;81;27;68;150;145;8;3;4;4;4;4;4;4;12;119;116;111;109;47;86;85;54;38;38;38;38;
?;?;?;?;?;?;?;?;?;?;?;?;?;4;4;4;12;119;116;111;109;47;86;85;54;38;38;26;21;20;16;10;11;121;118;1;18;13;47;86;85;54;48;21;20;16;10;11;124;4;
?;?;?;?;?;?;?;?;?;?;?;?;?;65;66;130;121;118;1;18;13;47;86;26;87;112;76;67;44;75;39;37;50;26;21;20;16;10;11;124;4;4;4;4;4;4;4;4;4;4;
?;?;?;?;?;?;?;?;?;?;?;?;?;65;66;130;121;118;1;18;13;47;103;73;42;81;27;68;57;153;144;140;134;128;127;124;4;12;119;116;111;109;47;86;85;54;38;38;38;38;
?;?;?;?;?;?;?;?;?;?;?;?;?;55;53;51;26;21;20;16;10;11;124;4;4;4;12;119;116;111;109;47;86;85;26;21;20;16;10;11;124;4;4;4;12;119;116;111;109;47;
?;?;?;?;?;?;?;?;?;?;?;?;?;72;65;66;130;124;4;4;4;4;4;12;119;116;111;109;47;86;85;26;21;20;16;41;35;28;17;2;6;86;85;54;38;38;38;38;38;38;
?;?;?;?;?;?;?;?;?;?;?;?;?;66;130;124;4;12;119;116;111;109;47;86;85;54;38;38;38;26;21;20;16;10;11;124;122;24;115;110;108;47;86;85;26;21;20;16;10;11;
?;?;?;?;?;?;?;?;?;?;?;?;?;5;58;47;103;73;72;65;66;130;124;4;4;4;4;4;4;12;119;116;111;109;47;86;85;26;21;20;16;10;11;124;4;4;4;4;4;4;
?;?;?;?;?;?;?;?;?;?;?;?;?;54;38;38;38;38;38;38;38;38;26;21;20;16;10;11;124;4;12;119;116;111;109;47;103;73;72;65;66;130;124;4;4;4;4;4;4;4;
?;?;?;?;?;?;?;?;?;?;?;?;?;42;81;27;68;57;45;102;74;72;65;66;88;82;77;5;58;47;103;73;72;65;66;130;124;4;4;4;4;4;4;4;12;119;116;111;109;47;
?;?;?;?;?;?;?;?;?;?;?;?;?;14;55;26;21;20;113;34;100;98;91;14;55;53;26;21;20;16;10;11;124;4;4;4;12;119;116;111;109;47;86;85;54;38;38;38;38;38;
?;?;?;?;?;?;?;?;?;?;?;?;?;149;148;143;138;133;131;121;118;1;18;13;47;86;85;26;21;20;16;10;11;121;118;1;18;13;47;86;85;54;38;26;21;20;16;10;11;124;
?;?;?;?;?;?;?;?;?;?;?;?;?;18;13;47;103;73;72;65;66;130;124;4;4;4;4;12;119;116;111;109;47;86;85;54;38;38;38;38;38;26;21;20;16;10;11;124;4;4;
?;?;?;?;?;?;?;?;?;?;?;?;?;4;4;4;4;4;12;119;116;111;109;47;86;85;54;48;21;20;16;10;11;124;4;4;4;12;119;116;111;109;47;86;85;54;38;38;38;38;
?;?;?;?;?;?;?;?;?;?;?;?;?;130;124;4;12;119;116;111;109;101;73;72;65;66;130;124;4;4;4;12;119;116;111;109;47;86;85;54;38;38;38;38;38;38;38;38;26;21;
?;?;?;?;?;?;?;?;?;?;?;?;?;58;47;86;26;21;20;16;10;11;124;122;24;115;110;108;47;86;85;54;48;21;20;16;10;11;124;4;12;119;116;111;104;99;72;65;66;130;
?;?;?;?;?;?;?;?;?;?;?;?;?;110;108;47;103;73;42;81;27;68;57;45;33;46;53;51;92;38;38;38;38;38;38;26;21;20;16;10;11;124;4;4;4;4;4;4;4;4;
?;?;?;?;?;?;?;?;?;?;?;?;?;65;66;130;124;122;149;148;143;138;133;131;125;4;12;119;116;114;107;106;105;66;130;121;118;1;18;13;47;86;85;54;38;38;38;38;38;26;
?;?;?;?;?;?;?;?;?;?;?;?;?;12;119;116;111;109;47;86;85;54;38;38;38;38;38;38;38;38;38;38;38;38;38;38;38;26;21;20;16;10;11;124;4;12;119;116;111;109;
?;?;?;?;?;?;?;?;?;?;?;?;?;58;47;86;85;26;21;20;113;34;100;151;146;139;135;126;125;4;4;4;4;4;4;4;4;4;4;12;119;116;111;109;47;103;73;72;65;66;
?;?;?;?;?;?;?;?;?;?;?;?;?;4;4;4;4;4;4;12;119;116;111;109;47;86;85;54;38;38;38;38;38;38;38;26;21;20;16;10;11;124;122;24;115;110;108;47;103;73;
?;?;?;?;?;?;?;?;?;?;?;?;?;66;130;124;4;12;149;148;143;138;133;131;121;118;1;18;13;47;86;85;26;21;20;16;41;35;28;17;2;6;86;85;54;38;38;38;38;38;
?;?;?;?;?;?;?;?;?;?;?;?;?;72;65;66;130;121;118;1;18;13;102;74;72;65;41;35;28;17;2;6;86;85;54;38;38;38;26;21;20;16;10;11;124;4;4;4;4;4;
?;?;?;?;?;?;?;?;?;?;?;?;?;42;81;27;68;57;45;33;26;21;20;16;10;11;124;4;4;4;4;4;4;4;4;12;119;116;111;109;47;86;85;54;38;38;26;21;20;16;
?;?;?;?;?;?;?;?;?;?;?;?;?;66;130;124;4;12;119;116;111;109;101;73;42;81;27;68;57;45;33;46;53;51;26;21;20;16;10;88;82;77;5;58;47;86;85;26;21;20;
?;?;?;?;?;?;?;?;?;?;?;?;?;65;41;35;28;17;2;6;102;74;72;65;66;130;124;4;4;4;4;4;4;4;4;12;119;116;111;109;47;86;26;21;20;16;10;11;124;4;
?;?;?;?;?;?;?;?;?;?;?;?;?;54;38;26;21;20;16;10;11;124;4;4;4;12;119;116;111;109;47;103;73;72;65;66;130;124;122;24;115;110;108;47;86;85;54;38;38;38;
?;?;?;?;?;?;?;?;?;?;?;?;?;130;121;118;1;18;13;47;86;85;54;38;26;21;20;16;10;11;124;4;12;119;116;111;109;47;86;85;54;38;26;21;20;16;10;11;121;118;
?;?;?;?;?;?;?;?;?;?;?;?;?;119;116;111;109;47;86;85;54;38;38;38;38;38;38;38;38;38;26;21;20;16;10;88;82;77;5;58;47;86;85;54;38;38;38;38;38;38;
?;?;?;?;?;?;?;?;?;?;?;?;?;26;21;20;16;10;11;124;4;4;12;119;116;111;109;47;86;85;54;38;38;38;38;38;38;38;26;21;20;16;10;11;124;4;4;4;4;4;
?;?;?;?;?;?;?;?;?;?;?;?;?;66;130;121;118;1;18;13;47;103;73;72;65;66;88;82;77;5;58;47;86;26;21;20;16;10;11;124;4;4;12;119;116;111;104;99;72;65;
?;?;?;?;?;?;?;?;?;?;?;?;?;18;13;47;86;85;54;38;38;38;26;21;20;16;10;11;124;4;12;119;116;111;104;99;72;65;66;130;124;4;4;12;119;116;111;109;47;86;
?;?;?;?;?;?;?;?;?;?;?;?;?;66;130;124;122;24;115;110;108;47;86;85;54;38;38;38;38;38;38;26;21;20;16;10;11;124;4;4;4;12;119;116;111;109;47;86;85;26;
?;?;?;?;?;?;?;?;?;?;?;?;?;14;114;107;106;105;66;130;124;122;24;115;110;108;103;73;72;65;66;130;124;4;12;119;116;111;109;47;86;85;26;21;20;16;10;11;124;4;
?;?;?;?;?;?;?;?;?;?;?;?;?;0;147;142;137;132;130;124;4;4;12;119;116;111;109;47;86;85;54;38;38;38;38;38;38;26;21;20;16;10;11;124;122;24;115;110;108;47;
?;?;?;?;?;?;?;?;?;?;?;?;?;26;21;20;16;10;11;124;4;12;119;116;111;109;47;86;26;21;20;16;10;11;124;4;4;12;119;116;111;109;47;86;85;54;38;38;38;38;
?;?;?;?;?;?;?;?;?;?;?;?;?;4;12;119;116;111;109;47;86;85;54;38;38;26;87;112;76;67;44;75;39;37;50;59;94;92;38;38;38;38;38;38;38;38;38;38;26;21;
?;?;?;?;?;?;?;?;?;?;?;?;?;65;66;130;124;4;12;119;116;111;109;47;86;85;54;48;21;20;16;10;11;124;4;4;4;4;4;4;4;4;4;4;4;4;4;4;4;12;
?;?;?;?;?;?;?;?;?;?;?;?;?;65;66;130;124;122;24;115;110;108;47;86;85;54;38;26;21;20;16;10;88;82;77;5;58;47;103;73;72;65;66;130;124;4;12;119;116;111;
?;?;?;?;?;?;?;?;?;?;?;?;?;14;114;107;106;105;66;130;124;4;4;4;4;4;4;4;12;119;116;111;109;47;86;85;26;21;20;16;10;11;124;4;4;4;4;4;4;4;
?;?;?;?;?;?;?;?;?;?;?;?;?;24;115;110;108;47;86;85;54;38;38;26;21;20;16;10;11;124;4;12;119;116;111;109;101;73;72;65;66;130;124;4;4;4;4;4;4;4;
?;?;?;?;?;?;?;?;?;?;?;?;?;20;16;10;11;121;118;1;18;102;74;72;65;66;130;124;4;4;4;4;4;4;4;4;4;4;4;4;4;4;12;119;116;111;109;47;86;26;
?;?;?;?;?;?;?;?;?;?;?;?;?;18;13;47;103;73;72;65;66;88;82;77;5;58;47;103;73;72;65;66;130;121;118;1;18;13;47;86;85;54;48;21;20;16;10;11;124;122;
?;?;?;?;?;?;?;?;?;?;?;?;?;130;124;4;12;119;116;111;109;101;89;83;78;69;60;61;62;37;50;26;21;20;16;10;11;124;4;4;4;4;4;4;12;119;116;111;109;47;
?;?;?;?;?;?;?;?;?;?;?;?;?;20;16;10;11;124;4;4;12;119;116;111;109;47;86;26;21;20;16;10;11;124;4;4;4;4;12;119;116;111;109;47;86;26;21;20;16;10;
?;?;?;?;?;?;?;?;?;?;?;?;?;65;66;130;124;4;4;4;4;4;4;4;4;4;12;119;116;111;109;47;86;85;54;38;38;38;38;38;38;38;38;38;38;38;38;38;38;38;
?;?;?;?;?;?;?;?;?;?;?;?;?;2;6;86;26;21;20;16;10;11;121;118;1;18;13;102;74;72;65;66;88;82;77;5;102;74;72;65;66;130;124;4;4;4;4;4;4;4;
?;?;?;?;?;?;?;?;?;?;?;?;?;2;114;107;106;105;66;130;124;122;24;115;110;108;103;73;72;65;66;130;124;4;4;4;4;4;4;12;119;116;111;109;47;86;26;21;20;16;
?;?;?;?;?;?;?;?;?;?;?;?;?;100;98;91;14;55;53;51;26;21;20;16;10;11;124;4;4;4;4;4;4;4;4;12;119;116;111;109;47;86;85;54;38;38;38;38;38;38;
?;?;?;?;?;?;?;?;?;?;?;?;?;38;38;38;38;38;38;26;21;20;16;10;11;124;4;4;4;4;4;4;4;4;4;4;4;4;4;4;4;4;4;12;119;116;111;109;101;73;
?;?;?;?;?;?;?;?;?;?;?;?;?;54;38;38;38;38;38;38;38;26;21;20;16;10;11;121;118;1;18;13;102;74;72;65;41;35;28;17;114;107;106;105;66;130;124;4;4;4;
?;?;?;?;?;?;?;?;?;?;?;?;?;2;6;86;85;54;38;38;38;38;38;38;38;38;38;26;21;20;16;10;11;124;4;4;4;4;4;4;4;4;4;4;4;4;4;4;4;4;
?;?;?;?;?;?;?;?;?;?;?;?;?;65;66;130;124;122;24;115;110;108;47;86;26;21;20;16;10;11;124;122;24;115;110;108;47;86;85;54;38;38;38;38;38;38;38;26;21;20;
?;?;?;?;?;?;?;?;?;?;?;?;?;5;58;47;86;26;21;20;113;34;100;98;153;144;140;134;128;127;124;4;4;4;4;4;4;4;4;4;12;119;116;111;109;47;86;85;54;38;
?;?;?;?;?;?;?;?;?;?;?;?;?;2;114;107;106;105;66;130;124;4;4;4;4;4;4;4;4;4;12;119;116;111;109;47;86;85;54;38;38;38;38;38;38;26;21;20;16;10;
?;?;?;?;?;?;?;?;?;?;?;?;?;42;81;27;68;57;45;33;46;53;51;26;21;20;16;10;11;124;4;4;4;4;4;4;4;4;4;4;4;4;4;4;4;4;4;4;12;119;
?;?;?;?;?;?;?;?;?;?;?;?;?;145;8;3;4;4;4;4;12;119;116;111;109;101;73;72;65;66;130;124;4;4;4;4;4;4;4;12;119;116;111;109;47;86;85;54;48;21;
?;?;?;?;?;?;?;?;?;?;?;?;?;130;121;118;1;18;13;47;103;73;72;65;66;130;124;4;4;12;119;116;111;109;47;86;85;54;38;38;38;26;21;20;16;10;11;124;4;4;
?;?;?;?;?;?;?;?;?;?;?;?;?;21;20;16;10;11;124;4;12;119;116;111;109;47;86;85;54;38;26;21;20;16;10;11;124;4;4;4;4;4;4;4;4;4;4;4;4;4;
?;?;?;?;?;?;?;?;?;?;?;?;?;58;47;103;73;72;65;66;130;124;4;4;4;4;4;4;4;12;119;116;111;109;47;86;85;54;38;38;38;38;38;26;21;20;16;10;11;124;
?;?;?;?;?;?;?;?;?;?;?;?;?;65;41;35;28;17;2;6;102;74;72;65;66;130;124;4;4;4;4;4;4;4;4;4;4;12;119;116;111;109;47;86;85;54;38;38;38;38;
?;?;?;?;?;?;?;?;?;?;?;?;?;21;20;16;41;35;28;17;2;6;86;85;54;38;38;26;21;20;16;10;11;124;4;4;4;4;4;4;4;12;119;116;111;109;47;86;85;54;
?;?;?;?;?;?;?;?;?;?;?;?;?;5;58;47;86;85;54;38;38;38;26;21;20;16;10;11;124;4;4;12;119;116;111;109;101;73;72;65;66;130;124;4;4;12;119;116;111;109;
?;?;?;?;?;?;?;?;?;?;?;?;?;65;66;130;121;118;1;18;13;47;86;85;54;38;26;21;20;16;10;11;124;4;4;4;4;4;4;4;4;4;4;4;4;4;4;4;4;12;
?;?;?;?;?;?;?;?;?;?;?;?;?;0;147;142;137;132;130;124;122;24;115;110;108;47;86;26;21;20;16;10;11;124;4;12;119;116;111;109;47;86;85;26;21;20;16;10;11;124;
?;?;?;?;?;?;?;?;?;?;?;?;?;65;66;130;124;4;4;4;4;4;4;4;12;119;116;111;109;47;86;85;54;38;38;38;38;38;38;38;38;38;38;38;38;26;21;20;16;10;
?;?;?;?;?;?;?;?;?;?;?;?;?;9;141;136;129;126;125;121;118;1;18;13;47;86;85;26;21;20;16;10;11;124;4;12;119;116;111;109;47;86;85;54;38;38;38;38;38;38;
?;?;?;?;?;?;?;?;?;?;?;?;?;65;66;130;121;118;1;114;107;106;105;66;130;124;122;24;115;110;108;47;86;85;54;38;38;38;38;38;26;21;20;16;41;35;28;17;2;6;
?;?;?;?;?;?;?;?;?;?;?;?;?;2;6;86;85;26;87;112;76;67;44;75;39;26;21;20;16;10;11;124;4;4;4;4;4;4;4;4;4;4;4;4;4;4;12;119;116;111;
?;?;?;?;?;?;?;?;?;?;?;?;?;14;55;53;51;92;38;38;38;38;38;38;38;38;38;26;21;20;16;10;11;124;4;4;4;4;4;4;4;4;4;4;4;4;4;4;4;4;
?;?;?;?;?;?;?;?;?;?;?;?;?;10;11;124;4;4;12;119;116;111;109;101;73;72;65;66;130;124;4;4;4;4;4;12;119;116;111;109;47;86;85;26;21;20;16;10;11;124;
?;?;?;?;?;?;?;?;?;?;?;?;?;4;4;4;4;4;12;119;116;111;109;47;86;85;54;38;38;38;38;26;21;20;16;10;11;124;4;4;12;119;116;111;109;47;86;85;54;38;
?;?;?;?;?;?;?;?;?;?;?;?;?;21;20;16;10;88;82;77;5;58;47;86;85;54;38;26;21;20;16;10;11;124;4;4;4;4;4;12;119;116;111;109;47;86;85;54;38;38;
?;?;?;?;?;?;?;?;?;?;?;?;?;18;13;47;86;85;54;38;38;38;38;38;38;26;21;20;16;10;11;121;118;1;18;102;74;72;65;66;130;124;4;4;12;119;116;111;109;47;
?;?;?;?;?;?;?;?;?;?;?;?;?;5;58;47;103;73;72;65;41;35;28;17;114;107;106;105;66;130;124;4;4;4;4;4;4;4;4;4;12;119;116;111;109;47;86;26;21;20;
?;?;?;?;?;?;?;?;?;?;?;?;?;5;58;47;86;26;21;20;16;10;11;124;4;4;4;4;4;4;4;4;4;4;4;4;4;4;4;4;12;119;116;111;109;47;86;26;21;20;
?;?;?;?;?;?;?;?;?;?;?;?;?;65;66;88;82;77;5;58;102;74;72;65;41;35;28;17;2;6;86;26;21;20;16;10;88;82;77;5;58;47;86;85;54;38;26;21;20;16;
?;?;?;?;?;?;?;?;?;?;?;?;?;5;58;47;103;73;72;65;66;130;124;4;4;4;4;4;4;4;4;12;119;116;111;109;47;86;85;54;38;38;38;38;38;26;21;20;16;10;
?;?;?;?;?;?;?;?;?;?;?;?;?;47;86;26;21;20;16;10;11;124;4;12;119;116;114;107;106;105;66;130;124;4;12;119;116;111;109;47;86;85;54;48;21;20;16;10;11;124;
?;?;?;?;?;?;?;?;?;?;?;?;?;65;66;88;82;77;5;58;47;86;85;54;48;123;120;117;150;145;8;3;4;4;4;4;4;4;4;4;4;4;4;4;12;119;116;111;109;47;
?;?;?;?;?;?;?;?;?;?;?;?;?;65;66;88;82;77;5;58;47;86;26;21;42;81;27;68;57;45;102;74;72;65;66;130;124;4;4;4;4;4;4;4;12;119;116;111;109;47;
?;?;?;?;?;?;?;?;?;?;?;?;?;18;13;102;74;72;65;66;130;124;4;4;4;4;12;119;116;111;109;47;86;85;54;38;38;26;21;20;16;41;35;28;17;2;114;107;106;105;
?;?;?;?;?;?;?;?;?;?;?;?;?;65;66;130;124;122;24;115;110;108;47;86;85;54;38;38;38;38;38;26;21;20;16;10;11;121;118;1;18;13;47;86;26;21;20;16;10;11;
?;?;?;?;?;?;?;?;?;?;?;?;?;66;130;121;118;1;18;13;47;103;73;72;65;66;130;121;118;1;18;13;47;86;85;54;38;38;38;38;38;38;26;21;20;16;10;11;124;4;
?;?;?;?;?;?;?;?;?;?;?;?;?;54;38;38;38;38;26;21;20;16;10;11;121;118;1;18;13;47;103;73;72;65;66;130;124;4;4;4;4;4;4;4;4;4;4;4;4;4;
?;?;?;?;?;?;?;?;?;?;?;?;?;4;4;12;119;116;111;109;47;86;85;26;21;20;16;10;11;121;118;1;18;13;47;86;85;54;38;26;21;20;16;10;11;124;4;4;4;12;
?;?;?;?;?;?;?;?;?;?;?;?;?;2;6;86;26;21;20;16;10;11;124;4;4;4;4;4;4;4;4;4;4;4;4;12;119;116;111;109;47;86;85;26;21;20;16;10;11;124;
?;?;?;?;?;?;?;?;?;?;?;?;?;65;66;130;121;118;1;114;107;106;105;66;130;124;122;24;114;107;106;105;66;130;124;4;4;4;4;4;4;4;4;4;4;4;12;119;116;111;
?;?;?;?;?;?;?;?;?;?;?;?;?;18;13;47;103;73;72;65;41;35;28;17;2;6;86;85;54;38;38;38;38;38;38;38;26;21;20;16;10;88;82;77;5;58;47;86;85;54;
?;?;?;?;?;?;?;?;?;?;?;?;?;5;58;102;74;72;65;41;35;28;17;2;114;107;106;105;66;130;124;4;12;119;116;111;109;47;86;85;54;38;38;38;38;38;38;38;26;21;
?;?;?;?;?;?;?;?;?;?;?;?;?;5;102;74;72;65;66;88;82;77;5;58;47;86;85;54;48;21;20;16;10;11;124;4;4;4;4;4;4;12;119;116;111;109;47;86;85;54;
?;?;?;?;?;?;?;?;?;?;?;?;?;41;35;28;17;2;6;102;74;72;65;66;130;124;122;24;115;110;108;47;86;85;54;48;21;20;16;10;11;124;4;4;4;4;4;4;4;12;
?;?;?;?;?;?;?;?;?;?;?;?;?;135;126;125;121;118;1;18;13;47;86;85;26;21;20;16;10;11;124;122;149;148;143;138;133;131;125;4;4;4;12;119;116;111;109;47;86;26;
?;?;?;?;?;?;?;?;?;?;?;?;?;38;38;38;38;38;38;38;26;21;20;16;10;11;124;4;4;4;4;4;4;4;4;4;4;4;4;4;4;4;4;4;4;4;4;4;12;119;
?;?;?;?;?;?;?;?;?;?;?;?;?;2;6;102;74;72;65;66;130;124;4;4;4;4;4;4;4;12;119;116;111;109;47;86;26;21;20;16;10;11;124;4;4;4;4;4;12;119;
?;?;?;?;?;?;?;?;?;?;?;?;?;124;4;12;119;116;111;109;47;86;85;54;38;38;38;38;38;26;21;20;16;10;11;124;4;4;4;4;12;119;116;111;109;47;103;73;72;65;
?;?;?;?;?;?;?;?;?;?;?;?;?;5;102;74;72;65;66;130;124;4;4;4;4;4;4;4;4;12;119;116;111;109;47;86;26;21;20;16;10;88;82;77;5;58;47;86;85;54;
?;?;?;?;?;?;?;?;?;?;?;?;?;66;130;121;118;1;18;13;102;74;72;65;66;130;124;4;4;4;4;12;119;116;111;109;47;86;85;54;38;38;38;26;21;20;16;10;11;121;
?;?;?;?;?;?;?;?;?;?;?;?;?;18;13;47;86;85;26;21;20;113;34;100;98;91;14;55;53;51;26;21;20;16;10;11;124;4;4;4;12;119;116;111;109;47;86;85;54;48;
?;?;?;?;?;?;?;?;?;?;?;?;?;20;16;10;11;124;4;12;119;116;114;107;106;105;66;130;124;4;4;4;4;4;4;12;119;116;111;109;47;86;85;54;38;38;38;38;38;38;
?;?;?;?;?;?;?;?;?;?;?;?;?;125;121;118;1;18;13;47;86;26;21;20;113;34;100;98;91;0;147;142;137;132;130;124;4;4;4;4;4;12;119;116;111;109;47;86;85;54;
?;?;?;?;?;?;?;?;?;?;?;?;?;91;14;55;53;51;92;38;38;38;38;38;38;26;21;20;16;10;11;124;4;4;4;4;12;119;116;111;109;47;86;85;54;38;26;21;20;16;
?;?;?;?;?;?;?;?;?;?;?;?;?;5;102;74;72;65;66;88;82;77;5;58;47;86;26;21;20;16;10;11;124;4;4;12;119;116;111;109;47;86;26;21;20;16;10;11;124;4;
?;?;?;?;?;?;?;?;?;?;?;?;?;91;14;55;53;26;21;20;16;10;11;121;118;0;147;142;137;132;130;124;4;4;4;4;4;4;4;4;4;4;4;4;4;4;4;4;4;4;
?;?;?;?;?;?;?;?;?;?;?;?;?;65;66;130;121;118;1;18;13;47;103;73;72;113;34;100;98;153;144;140;134;128;127;124;122;24;115;110;108;103;73;72;65;66;130;124;4;4;
?;?;?;?;?;?;?;?;?;?;?;?;?;65;66;88;82;77;5;58;47;86;85;54;38;38;38;38;38;38;26;21;20;16;10;11;124;4;4;4;4;4;4;12;119;116;111;109;47;86;
?;?;?;?;?;?;?;?;?;?;?;?;?;54;38;38;38;38;38;38;26;21;20;16;10;11;121;118;1;18;13;47;86;85;54;38;38;26;21;20;16;10;11;124;4;4;4;4;12;119;
?;?;?;?;?;?;?;?;?;?;?;?;?;5;58;102;74;72;65;66;130;124;4;4;4;4;4;4;4;4;4;12;119;116;111;104;99;72;65;66;88;82;77;5;102;74;72;65;66;130;
?;?;?;?;?;?;?;?;?;?;?;?;?;38;38;38;38;26;21;20;16;10;11;124;4;12;119;116;111;109;47;103;73;72;65;66;130;124;4;4;12;119;116;111;109;47;86;85;54;38;
?;?;?;?;?;?;?;?;?;?;?;?;?;115;110;102;74;72;65;41;35;28;17;2;6;86;85;26;21;20;16;10;11;124;122;24;115;110;108;47;86;85;54;38;38;38;38;38;38;26;
?;?;?;?;?;?;?;?;?;?;?;?;?;38;38;38;38;38;38;38;38;38;26;21;20;16;10;11;124;4;4;4;4;4;4;4;4;4;4;4;4;4;4;4;4;4;4;4;4;4;
?;?;?;?;?;?;?;?;?;?;?;?;?;4;4;4;12;119;116;111;109;47;86;85;54;48;21;20;16;10;11;124;4;4;4;4;4;12;119;116;111;109;47;86;85;54;38;26;21;20;
?;?;?;?;?;?;?;?;?;?;?;?;?;5;58;47;86;85;54;38;38;38;38;26;21;20;16;10;11;124;122;24;115;110;108;103;73;72;65;66;130;124;4;4;4;4;4;4;4;4;
?;?;?;?;?;?;?;?;?;?;?;?;?;5;102;74;72;65;66;130;124;122;24;115;110;108;47;86;85;54;38;38;38;38;38;26;21;20;16;10;11;124;4;12;119;116;111;109;47;86;
?;?;?;?;?;?;?;?;?;?;?;?;?;65;66;88;82;77;5;58;47;86;85;26;21;20;16;10;11;124;4;4;4;4;12;119;116;111;109;47;103;73;72;65;66;130;124;4;12;119;
?;?;?;?;?;?;?;?;?;?;?;?;?;38;38;38;26;21;20;16;10;11;124;4;4;12;119;116;111;109;47;86;85;54;38;38;38;26;21;20;16;10;11;124;4;4;4;4;4;4;
?;?;?;?;?;?;?;?;?;?;?;?;?;21;20;16;10;11;124;4;4;4;4;4;4;4;4;4;4;4;4;4;4;4;4;4;12;119;116;111;109;47;103;73;72;65;66;130;124;4;
?;?;?;?;?;?;?;?;?;?;?;?;?;54;38;38;26;21;20;16;10;11;124;4;4;12;119;116;111;109;47;86;26;21;20;16;10;11;124;4;4;4;4;12;119;116;111;109;47;103;
?;?;?;?;?;?;?;?;?;?;?;?;?;6;86;85;26;21;20;16;41;35;28;153;144;140;134;128;127;124;122;24;115;114;107;106;105;66;130;124;4;12;119;116;111;109;101;73;72;65;
?;?;?;?;?;?;?;?;?;?;?;?;?;65;66;130;124;4;12;119;116;111;109;47;86;85;54;38;38;38;26;21;20;16;10;11;124;122;24;115;110;108;47;86;85;54;38;38;38;38;
?;?;?;?;?;?;?;?;?;?;?;?;?;153;144;140;134;128;127;124;4;4;12;119;116;111;109;47;86;85;54;38;38;38;38;26;21;20;16;10;11;124;122;24;115;110;108;47;86;85;
?;?;?;?;?;?;?;?;?;?;?;?;?;5;58;102;74;72;65;41;35;28;17;2;6;102;74;72;65;41;35;28;17;2;6;86;85;54;48;21;20;16;10;11;124;4;4;12;119;116;
?;?;?;?;?;?;?;?;?;?;?;?;?;87;112;76;67;153;144;140;134;128;127;124;122;24;115;110;108;47;103;73;72;65;66;130;124;4;4;4;12;119;116;111;109;47;86;85;26;21;
?;?;?;?;?;?;?;?;?;?;?;?;?;21;20;16;10;11;124;4;4;4;4;12;119;116;111;109;47;86;85;54;38;26;21;20;16;10;11;124;4;4;12;119;116;111;109;47;86;85;
?;?;?;?;?;?;?;?;?;?;?;?;?;2;6;102;74;72;65;66;130;124;122;24;115;110;108;47;86;26;21;20;16;10;11;124;4;4;4;4;4;12;119;116;111;109;47;86;85;54;
?;?;?;?;?;?;?;?;?;?;?;?;?;2;114;107;106;105;66;88;82;77;5;58;47;86;26;21;20;16;10;11;124;4;4;12;119;116;111;109;47;86;85;54;48;21;20;16;10;11;
?;?;?;?;?;?;?;?;?;?;?;?;?;4;4;4;4;4;4;4;12;119;116;111;109;47;86;85;54;38;38;38;38;38;38;38;38;38;38;38;38;38;38;38;38;38;38;38;38;38;