00000110001100111100011100000111100011111000011110000100000110001100100110001110111100100111001111000110011001100110001111101000100111000011100010111000111001000100110011110010001011110011100001000111111001000001110010011110010011110000000001110011110110110001000111000011101111001110001011001111001101011110000011011100000000110110011110111100110100
01100111100011111000111101100100011000100110000111110011011001100000111110100011110011001100011011110011111001100111100110001100001100011000111001011100100111110000101101100110110111100001110001100111001111110011001110010111011000110100011100110000100110110011000110100111100011001110011110000000111000001100001111111101111110010000000111110011111100
00011100000111100010011001101101110110001110110111100100111000011001111001100011001000011111000111000110111110001110010011110001110011000110000011100010011110001111100111100000000111100001111001100011001100110001111001001110001111001100001110001110111000100011101100000110110011011100010001110000110011100001001001100011111001111110001111000100111111
01000111000110000111111011000100011001000110001110000011000111111110001000110010011001100111100110011001111001100110111100011100110001011100011000110001111111001101110000111100011111111011001011001000001100110000011000011111000011100000111110001100000011111000111100011100011110011011001100100110001001111011001100100001100110001111100010011100111110
00110010000111000001011011011001100100111010011000001111111001100111001001111110000011110000001011001101110011011110000111100100110110110001011100110011111000011100000111100010010100001111111000100110000101100111010011001100001110010001001111100011101001000011001111001111100111100011110001110000110001001111001101101101100110011001010110000011110000
01110110010000011100111001100110000001001110000000110110110011001111111001001011000111001000110011000111011101110011000110000001100000101100000110111000011111000111110011011000011111000111100011011110001100001100111101110001001110010011011000011100001110110001111001101100011111000011000110011000000001111001111111110000111001111011100000001110001001
01110011001111100101111001100001101111000001111000001100100000111000011100111110100001100110011100110110010001110001111100110011101001100011100111100101100001000001100001000011110111000110001100011100110001011100100000001110011111000111111000100100011101111000111000000111100011100000001111000111100000111100101110000011000111001111110100000011101011
01100000110010010011000010111111000001101101100010000011011000001111110111000110011110011100110110010110011100100100000111100011111100011111001001000110111000011000000111111100111001001101100001100000100111100111100111100110001000000001110100011111100011110000110000110001100011011111000110110110110011000011100011100001100011000110000111100000111100
11111101001000111000000000110011100110100110000011101111100110111110001110001100111110010000011110000110110010000100010100011001100110100110011110001100100000011101111001100011011100110111000001100111011011000010111110110010001111110011001000111100110001110001110001001101101000110000111000110100000111001110001111111001100110110000001111001001111011
00110110011000011111011100000011001111000011100011100000101100100110111100111100000011110011000000111000100110011101100110001110011100111011100011001111001001111101000011110110001001000111110010110001001111001100110110110000011111001101100000111100001111000111110011001100000100000110011001111110011011100011111000001110110011100001100011001011001100
00000011110110111101001101000110101111101110000001100100011001100000110011100010011011001100011100111110000111000111100100001100100100110011001100011111110000111111001100110010110011011000111111100001100001100011110011100011101100110011011001100001001100001111011001100010001110110011000110111000010000011011111001101110000110000001100111100110000011
01001100110001101110011110111000110100111001000001110000011100110011000001100011001111100011000000110011111100001001101100001111000111011000001110111001111100110010011111001111110000111100000100000011000001111111101111000001011100110100111011100011000100111110001100111100000110100110011001000011001111010011001100000011110110000011011100011110001111
00111100100011110010011110000110111100011011000110001110001110011011100110001100100001111001100011101100011100000100110100011000110010001101000010110001111111000001011001110011011111000111111000100110110000011101101110001111000100010001100100111001110011000000111111000111111110011001100011100000111110011100000011001100011110000111100111011101001100
10011001100000011011000111100011100110001110011110011100111100001100001100001011110010011111100100111000110011000001001000100111111001110111100011001001111100000110011100001111100000111001100011001111110000111110000111100100011110011100010110000011011000111110111100110010011001100001111100011000011101111011110000111000001100100110010001110000011001
01111011101100111010000011001001100100000111111001110001110000001100111111001100111110010010010110110000011100000011001110011100011100010011111100011000000111011000011100010001100011110110011000011110011000100110011001001000111000001110001110000000111100111110001110011011011011000000011011111000111110000000011111111100110101110011110000011100000011
01001110000111000010011001100011001111001110000111100001111100010100110001111100110000100010000110011001110110011001111100111000111110000011000011000110010011100110011011100011100110010001011111000110000111111000111001100111000010011000110010001100101101110001011010000010111000110110110001111100010000011111110010011100011101000110011001100111011011
01111111011001111111001101001100110011111110001110110011000000111110000011100000111100111100011011101100011110011000010000110010011011001001100111101011000011010011111001100110011001100110001111100110101111100110000111000111001110011000011000001110110011000011000111000010011110001100000111001100011000011110011011100111100110000111100010110010011001
11111001110000100011110111100011000011000100011011001110001000110000110110000101111110000111100110010011111000000011001100000110000110001101110001100101111011000111110110111000011001110000111100110011100010110001100110000110011001100110011001001111100110011001110011100011000111110000011001100110011001000111100111000111001100000011001110111110011001
00010010011001100010011110000010110011001110011111000111111100011001111000001001011001110000010011100111101100001110000011100011100111110011110001100011011110000011001110001111000111111100111100010011100000100100111000110000001111001000001000000001110000001100111000011011100010110000111100110001111001001111100011110101101100000111000011110001000111
00000110111100011111100110011001110110011001111000000100000001111100101001111001100000111100110011100110110010011010000111100011110000110011000011110010111000001110110000100110011110011001001100110010011011100111111100111110110011100000011110000100011111111000001110001001100100110010011001101101001111100001110011000000011110001111010010011110001100
00011011001110000011011100011010001001110011110011110000110110111000111111110010011001111111000110110110001110110110000110100011010110011101101100110000011110001011100011110011001100111110110010011110011000110001111000011001110001101100111001101101100111000001111110000011111100110000000110100001111000111100011001100011111001111100110000000011111001
11001110011100001111000000011000011110111011001111001110011011110000111100001111000111100100001001100111101001111000100110001110000110010011011101100011101001000000100011001111000011001111111001100100000101100111001110000111111110010000110011000111110001000111111000011100011001001001001100001111110100111100110000011011000110010000111111000000100011
01111000000011111110011001100011001111100111001100110011001100011110010001101111000011110000111111001001000011110011001100100111001100101100011111100111001000110110000110001010011001100100011101101100110110000110011111100001100000100000011000011110001110111001101110001001111000000001110011111110010000111100011100000011111100011110011111001111100001
11111000001001001111110011011000110010111011100000111001100111100111110011001100011110010000111000011000100001100110100010111001100111110011001111001100111011100110011000110000110011011000110000100001111100110001100011110001101111011001110011100000101110000110010000110011011111100110000001100111001001111111000110100000110111100011001110001111001000
01110000111110011000100111100001100100110011001101111001000001100010111001101110111100000110010011011001100011110001110001101100100100110011001101101100111001110011101110010011100110011100001011011010001110001101100001110010011001100100110000001100110001100110110010000111101100010000111000001110011100011100011000111011110001100100111110011110000001
00100011100100001100000011100010110010011110011001111001111100010011111100011110001100100111001100001111100011000001101101111011110000000111101100001111000000111001001111110010001101110110000111000110010000001100011011001111101110001000001110001110111011001100001100111001101111100111001001111011000011110111100001110001101111100011110000001110010011
11111101100011000111001110000001100111111100100011000100111010010011000000110001101110110011001100001111100100000011001011111100101111000001101100110010001110011001110011001100011000011010001101111111100100001110111000110000111001000100001100111011110100001111100100011110011100000011000000110111001101111100111010011110000000011000110000000001100111
01101111000011010001001100000101110111111100011001100001101100110111001100100001111001010011001100110010001100001001110011111000100011001110110000100110011001111001110000001110000110111001001111100111000000110000011001110011111000001100011001101100111110011000001111001110011011011100001110000110000001011100110100011100000000111110011001011010011110
00110010001101111101000110111000001100010011110011011001001100111011101110011111100010001110001101101100111001100001111000100010001001100001110110001111110001100111000111101001101001100100011110011000111001110011011101110001100010110000001110000100111101111001111100010000011100111111000000000011011001111110001001110000000111001000000111001110011100
11000000011101110111100011011011001010011100011011110000011100000111111000111110010011110001100000011101110100011000111100110001110000111011000001110100111100001000111010001100111001001111100011000011100111000000101001110010001111110110010011000011001110000011111001101101100111011001111110011001110001000001111110011000111100001100111100000110000011
00100110000011100110001111110011101100111100110011001001000011100000000011111000000011000001111000111110011110010001110001001111000100110011111000111110000001100000111110011011111001111100111110011001101110001111001111100000111110010011111001111001100001001011001110011001001110010011001100001101100111001100111001000111011111000001110001000011100011
11001110011101001110100000011111100010001110000100110000111100010000111110000110110000101111100001101100110001000111001110001110001001110000110011001111100111000111000100010111110000011000011110000011000101111001100111100110011000100111000011001100110110011111000001001111111000000011100100111100000110010011100110111001111001000111110110001111000100
10001100111011100110001100111001100001110110001100110000000100111110010001110011100111111011100001101000111000110011100000110001100111100100110000111100111011011001011000001111000100011011011001001111100110011111100111110000011100000110000111000101110011001110001100011000001110001110111001001100001110001111001000000110000110010000111111111001001111
10000011110000111000001100001111110001111000000011111001100011001110110001110001100111111001001001111100110001001001100001001000111100110001100001110011001101100100011100111011000001111001110001101111100000011101011110110011001001100001100111110011100100011100111000000001100110001111111111000110011001000011100000110111000111001100100000111111000111
00011001111111011110000100110110110001111100110000111000111000111000011111100000011011001111111101101100011011100011111100011011001111100000111000111001100001110110011100100111001100100110011100111001110010011100001111000011001111110001000110000111101100011100100100110000111001111000100010010011001110100011001100100000001100000111000001111110000111
10010001110011110000001110010011111001110011000111000011100011001000111111000001110110011001001100001100010110011100100011110010001101100110011000001111111001100011111010001110001100110001110010001111000001001100111110001111000000111000110001100010011000111100001100111110001100010011111100001001101111100110011000000101100001111100111001111010001111
11011011011110011110010011000111001011101100110011110011110010011100001111110001001110001001100111011100011110100000011000110110001101111111100100011001100001110000001000100101100111000011000110001100100011111000110011000001110011100001100111100010011001101100011111111001101110001111000111000110100110000111011011001110000000010001000111001001100011
10000111000001101110110011001000110110011001000110100110101111011001100011110011000110000111100110000111001011100010110010111001100111111110011001101100000111100011101111000001100011110001001100001001101100011100011110011101110011011111000000111110001100011110001101101110011100011000111001001000110010011110000000110111000001111100011001000010100100
00110011111110011011100110011100110011111100010111001100110011001110000111010001110011110010010000111000110111000110000011111100001000110111011111100011001100000011100111001100101100110011011001100011110001100000011100101001100010011000011100001100110001111011101100100110011111000110011000011110010011110001110001111011111000011100010011001111101111
11100111000110011101111110011001100101111110000111000110001100111100110010001110001011100011110001100100011101100110110001110000011111000000111110011100011111100011111100110111100010111001100110010011001111100110110111111001100000111100000100100110011111000011001111011011100011001111001001011001100111001100100011110001110111000100010011111100110111
10011011000011111110011000011001110011001000111011001111100011100000011011001111100110011100100110011110001000001110110000111000111000011100111100110100110110001100110000001111000111100011001001100110100011110001011100000111001001110001100110010011110011110011101001000001100000111111000110111011110111011111001100000111001101100100011000110001110001
10011101000110000011001110000110110011100111110010000111011001111100000110011100100011100110001101110001111110001111100110011100011100110011100101101100001110000011111001011100110011001110011000111110011000100101110011110010100010011001101100000011010010111000110111001101101001110110011000110011011100001101111011100011000001011000001111101000101001
01101111000111111001100011000110011111000111100000110111000011110001000110001110011110111111000000100110011110001101110011111000110011011100000001111001110001100111000100011100001100110100110111011100011110000001100100110001101001101111000100110011110011001100110011001110000010001110010101101100111101111100110111000000011000110111000011011100110001
00011011100110010111010000001110111011000000111001101111100100110010011111001110001111110001100110010011110010001100100000111111101100111100001110010011011011000110111001100001011101001100110011111000111100100001100011101100111000110000111111000001100111111001000110011111001001110010011110010001110011001111110011100110001100110000011100111100111110
11110000111000100011011001101110001001100011001100000111000101110000101111101100111000010100010011110001110001110111110000011001111001100100110001111111010001110110011001110000111100111101011000000110011100100011110000101111110001101001101001100011110011001100111100001000111000110001101100011001100110011111110011000111000100000110001101100011001110
01001101110111000111010011000011110000011011110001101001100011100111001111000011000001001110000010011111001100110110011110010110001101110011010110011000001110010011110000001111111111000010000011011100010010111011110000001100011001111000010001101100010011100000000111100111111110001000000110011000001100111111100011110001100011000110101110000001110100
10111110000111111000001110001110111000111000110001100000110011011100101110000000110011111000100100110111001101101100111011000001110110001100100000111110011111000111001001100111010011011011000011100110000011010011100110001110011000011100000110010011011111010001111111000001111100111100111011100010111000100111100001110000011001001111100011101110001101
01110001110001101110011010000100110001111001100001111000001000111110001100000110011100111001101110000001111100001110111011100010001100001110010111110000011111000000111100111110011110011001100000111110011110000010011111100011100000111100011111000011001000000110111110010001100000011001100110001010001100100111000111000000111000100111111001110000111000
00011110011011111100000011011100001111000011110111100001100111110001100011000111111001001110001111001001110000110001100011100001100110001110011001111110010010011100001111101100110011000011100111111110110111001100011110010110011001110001110000011000111111111000111100001101100111100111000001110111110000110111100100111001110000011110000111100011111011
11011011000111100110111000010001001001100111011100111100000110001100111000011001001111011000011001111011001111000010011000110000111011001000111000110000110000011111000110000001111111001111000111100110111110001111111001111000001111001110010000000011000110010011100010001111100111100111110000100011100010011111110011000011100011001010001100110111011001
01110011001111000110011000111111001000111111000000011010000110100001100110111011100000110100011100110001000000110000011001111111001000111100000011101110111001100100000011100000110001001111111001100111101110011110110010010100100010001011100100111001100111001100011011011100001011101100111110000111000011011000011011011110011000011111001111100001101000
10111100000111110001001111100000010001110111001100110001111001110011110001100110001110001011001000111110000011001110100001100110011011000110000111011000010011101111111101111000010000111110011100111000011111111001111111100001101100001100011100000111100110000111100000011100000011100001100010011110000011111000110001111111000111000110011110001110000110
11100100111000011001100100111100011000000000111111011000111100001100100001111001011110000111100110001100011001001101100100100110000111000001101111000011000111110110001101111111111000001100000110011011111000111001000111110000110001100110011111100011100110011010010000011000100110000100111000110110001111011011111100010001101001110010011110111100000000
00011111000001111011001100011001101110011001111100111111011100011100110011000100011100010001111100011101101101100111011000110110001100011111111000111110011000111000011001011111100111110000110110110011111000010010011011000011001000110011000111101000000111100101001100001111000111001100110010110011101100100110010001111110010001100111110000110011001100
10000110110011001000010011001001100000110011100000111100111100000110011000011111110110001111101000101100001111100001111000110100011011000111011000000011000111110000111100011111000011110000111000111001111001100101100011000110000100011110000001110010001110111110000100111001111100000011000110111000001001101101110001111100001111100001111100011111011001
01100111111000111000000110000111100001001100100110000111110111100101100001100001100111100000110011110011001111100000111111001101100011110010001100110111000011111000001100011001111110010011000001100011100100111100010011011011011010001100000111100111000100011110001100011001110011010011111000011001100000011100011000111000110110011001111001100111000111
00011110011000111001111100011011110100011100010111111000000110010011001111110010011100011110100011100101111100000100110010010011000001001111101100111111101100110011011100101100001100110011101110001110001111011000010111000100011000111001100011011011011100111000001111000111001110001100110000111010011010001110111100011010011100110000111001111000110011
10011111011110111001100110000001011100011011000001100110001100110000111100001100111110001011000111111100111100001110010001100000001110000111011000100011001110011000001101101100100100110011111100110011100001111000001111111100010000011110000111110000000001111111100110000011001101100110011111100100011100001110010011011100011110011010001001111001101100
10000110011110000110011001000011100001111100010111110011100001111100101001100010011001111001000011100000111010001110100000110111001100001111110011000110011011101100111011111000110110011011010000110001111011000011011001101100100000110000000011011001100000001100000011100000111011001001100110001001110000110011001011000001100001111100000111001110000111
01111111100101100111111100000011001000110001110011001110001100110010011111001100110000011000001100110000111100000100110001111001100011001111001100011100001110101111100111001111001100011000001100011111001111000000011100000011000111001100011111110001110011110110001110000010001011110011000011100101100000110010010000011100111000001001101100100100001011
10011111100010011101110011000010001101100011011110000011111000111100110000111001000110110001011111011110111100011110001001111011110100001110100001100100110000001111110011000111001101110100011001110000010000110011111110011001000011011000000111011101110000110111001110100011100000011111100111000100011011000011001110010001001100111100110001100110110000
00011001100000101100111110001100110001110111100110011000110000000101100011110011111000001110010001110000011011000011001110011000110010000001110110011001101101110000111101111100011100001100011011000111111100110011001111000001110010011100011010001111000111100110011000110001111001110110010001110000110011000111100001111000111111001111000110001110011001
11101100111001110001100100100111100111001100001111110011001111101100011110001100000000101110001101111001000111111000111000111100000001110110011110001001100011111001100111000001110011011011100110011000011111111001111110011111001110000110011000111010010001100110011100110011011000001111011001011001100011000111110001110100000001001101100001101001111001
11001101100000010000110011000110000110011010001100001101100000010111010011000110111100100011000000111110000011101100010011101100011110000011100010110011100111100000110011111001100011111111100000001110001100110000100100100111100010000010011011111001110001111100101111000011111100011001110001000000010111001110100011000011101110001110000110000111001100
01100110011101111100101111000110011011110000110001100110110011111001000110011001100011011011001101111110011110001100001101111110001100011100001111101100110100100101101100110001100000111000011100011101101100000111110011111111100110111000011111000110001011001100101110011111001100111111001101000011000011000110000011110000011100110011100100000011000000
00001110010011001110111000100110010011111111100011100100111011111000111100111011000010111011000011100001101100100110100001111101111110000011000000110111110100100011101100001100010011100011001100011000000110011001111110000011000111011000011000001110001100100110011110010011110001110001111111010001110011001111011100111001111100110001111100110000110011
00101110000011000110011100110001100011000111001100001110111001111000100110011100110111010011011000011100111001101100001110000001110001111000010011111010011001101000110001111001101100001111111001100011001100111000011001111100000001110000111100011111001101111100111110001111000000110010110111001100001100011110000100111001001000111110000101111011111001
11101110001110001111100100000111001101100100011110001001001101101110011001111100011101000111011100110001110001111111000110000011001100011100011011100001111111110001111001100110011100101100000001111111011000110011100111001111101100100100111111000010000010111110111110011000011100111001101110000000010011111000100111110000110011011001100011110011011110
00011101110001100000111111001110011000111111000110011100100011000001100110001111100000010111111110010011111000001100001100011111001100110111000110000001101111000111000111011111011000001111111000111000000110011101101100110000001001100100111100111001111100011110010000110111001110010001100110011111000011111001100111110000110110001100011100010011100100
11011111100110001111110000011100001110011001100110001101100011110000110001111110100111111100001111100111100011011000111100001100111100001110001111110000110000110110110110111001001001111010110000111001100111001100111000001111001110010001100011111100000011011100011100011011011001100011011000110011111000111111100011000011011011001110000111010011100110
01111011000110110011100100100111001100111111001100001000111110110000111110000011000011110110001110001100111000001100100110111100000110011001100011110000110000011110001100011101001100110111001111011000001111111111001110011001001111100001110001100111100000110001111000001111001100110011001001001111110000110000110001101101100111000011100110011110111000
00111001111000000111111000000110000110011000110100111100101111001001101110011100011001100000111110010011101111010000011101100000111100000111000110110001000111010010011011000000111001100011001110011000100011110111100000110100111001100011000000110011011111100000110000111101100000011110011110000111110001110000001100011110110000110111011000111001110001
10001101101110001001110110011110011110011001110001110011111011100000110011000100101111001101110110001111110111110001001110010001100010011111100110000011111000111000100011111110110100011100111100110010011000001111110011110000100110011001001001110110011011000001110011011100011011000110010001110011101100001100111110011011100011001100001110111001110011
00001110011110001100100111011100011001000011100100111000110110010010000001101110011100001110011111001100000001110011111001100011000100101100111111100010011000110111000000100011000001011001110111100011001100011100110011001111101100110001100100100001111110000111110010001100001111011101110001111000001100101100011000111110110011100001111000011110000001
11100011000110110001000110011001111001100100011101101100001110001110000010011011110011001110110001001111110000010011110000111111000011001100111100011110011001100001000110001110011110011001011000010001110000111111000001111100011001000111000011001110001100011111000001100111100111110101001101001100011111001110000111000110000111011000110000110100001110
01100111100110000111100001100011110001110111011000000111111000011010011011000011001001111100000000110111000111001001110000011001101001110010001110100111001000111001001100000011110001100111100001110011100000111110000111100000111110000010011111011000111110000111111000010100001111100011001100101100110001101100111100111100111000011011110110000111011000
10001001100011001100111110000000111011011001110011000110011001100110001100110010001100011110110000011110011100111000110011001100000011011001101100110000001001101101100110011111100011101101011001001100110100011100011011100110111000001001100111110001110100011001100100111100011111000000110010010001110011111001100111111100001111110011010010011100110001
01000110100000001001011001100110010000010111001000100110000010011111100001100011110011001101101100011001100111110001001101100110100000110110011111000111110001100110011100000011101100111100101100111000111001101100110001111001110000101100011110011000011001101111110000000111100111001001100110110010011100000111011001011111000001000010011100000110001101
10001001100111111100011111000111110011001111100011011011111010001111111110001100011011100110011000110011100111000111001001110000011111000111110000001111101100011001101110000111100000111100110011001110100011001100110110010011100011011110011100000011101000110001101110110011101111100011100110000100110000110110011101100000110011110001001110110001111011
11001111000010110000010011001111100011111000110011111000110000011001000001111011011001101001110000111100011111000011000110011001101001100100111001110110011111100000110111000111001100111001111011000011110110100001110111100111110000111000001111110011011000010001001101101101100111100011001100011101110011011010111001100110101111000110011001110011111000
10001101100111110110001111000110010011000000011100111001001100111110001110001100110110111000001111101100011000111111110011000110001111100010010000111001110111110000000111100100011000010011111001100110000111001000111111001110001000000111011001100000111001110110011001110000111111011100011001110000111110110111001001100110011000011101110001011001100111
00011011001100100011001001110011001111110011000011110000000111100111100111110010011000110011000110011001110011110001100000000011111100100011011000110110110001100100011111001111110011000010001111100110010010000011100000111111111000111000000000111000111111100101110001100111101111000110001000001110011110011110011000001100110001110001110000011001111111
11100110000110001100100111000111111101100000100011110011000001101001111100011100111011100011100110001001110110001011001110110000111000101110000000001111011111000000001111111101100010000011100000010110001101110001100111101100011110001100011011100011101100011011001101110100011011000111111001111100100111110011000110010111000011000110001111001100000111
11000110011110001111100110110010001100010000111000100011111001000111100111111000100001110110011000001111000011001110110011100000000011100001000111111001110001100001101000011100110010011001100000000111111001111000001111100011001000111100010001100010111110111111001001110001010000010001000111100100001110011111110011110001100100110000111000111000111111
01111001110011110010111001100000111100110000010110110000111001100011000110010000111000111101101111000100110000110011100001111100110111001110011010001111100011001001101100101110011001001000011011111110001100010001100001100001111011000001111001001001101000110011000011011000100011111111110000001110011110000111110001110101000111100011011000111100000111
00110110110000111011011100001110110010110000111100100111111100011110011110011001101100111000001110010110011100001110001100110010110100011000000011001100011110010110011110001001100100001110001101101110001111011100000111001110111011000111001100000000110111111100110011100000001111111101000111100110001111100110100110011001111000110000110011011000000111
01110011001100001111000111000001101100100100111111011001110011000001000111011100111001101110111110110000110010001110010011101100001100110001110100111000110111100011111001101100110011100001101100000111100110001101100011110001100001110100101100010001100110011111100111001100000100101110000110100110000111110110000011111110100111100010111000000011100011
10110001111100110110000100111001001001100100110111101000111111001110010011000001001100100111000111001100011110011110001111111000001111110011100011000011000011100111111000110011110001111111111000001110001001111110011100010000110000001100100011100100111100110001100100110010010010001011100011100010011100000110000110011001100110111001111100110100110000
11001101001111001100101110000011101111100000111111100110000101100100011110111111001000111110000110011000011100001100011111000011001100111011000111111111100110011011001000111110001001110011110010001110011001110110011000000111100000111001100001000001100110011111111110000100000110001110001100001100110011101100110000000001111000000010001111110001110000
00001100011000100011111001000110001111000011010100011111101110011111100011001000010011100001100101100111111110111100011111001100110000100010000110001111100110011000111100001111001110011000110000110110011000001000111000111100001111100111100110001110000011100011101110001011110100111000011011000001110000011100001110110101110001001001000000100011110011
00100110110111000100000000000111100110100111111000111111000100111000001110011100001100100011101000100001110011001111100000110001101100100001110011001000011000101100110010110111110000001111000011111000111000010100111001111011100110010011011101111101100111111100011110001111100011001100011111001100110001111100011111110100000110000111100010000111011100
11110000110111101001100010001110010001100100111011001001001100011100011001110010001110011111001101101001100001100100111110011000011001100110011011100111011100111011011101001100011000001111110011100011110010000011110011111000011010000000110000011101100011111100110001010011110011000110111110000111111110111000000001001110001111011000000111000001111100
00011001111111001011110011101001100110011001100111011100000110011011001100110011001001111110000111100111111100110100011111110011000111111100001101110000111011001001111000011000100011111100000011110001111110000001100001101100111110111000001100011100110011111001110010011111100011001100011100010110110011111000110011011110001111001001001111110001111100
11001111100011000111100100000000111001110011000110011100011000110011010011101110000111111100111011100000111010111010011101000001111001100111001111011100110001000001100111111011011001000001110100111000011100001100011100011100001110100100110000110011100110110000111110011100011111011011000001111001101100110111111001111111100001111000000110000111100000
10111000010010000111100011111010001100011111000000001100000100111111110011001011100011100100111000011110000100111101100111000110100011011111110001101100100100110110110011011111100001001110011011110001001110001100100111111000100110000100100111001000111001100111110001111100100111111100011111000111100100111001111001100100000110011100001111000110000100
10000111001101111001100011111000100110110011001001111110000011100001110011100100000111100011001100011000110110011011111011001111110010011001100110101000110011111110011001111100000000000001000111110011111110001100000011111100101100000001010011011110011111000011100011101001001011110000011100001110100001100011111100100110011000111111100000001011011111
11111100010110110011111100110000010111000011000000110000110011001111100011000111111100110110000000111001100001001100111000111110010011110011110001100111000111000100011111001001100001111110000111000100111000011011100111000001101101110110111011011001001111101110011111011000011000010001100011110000011110000100111101101100111001100001111011000011110001
11111000110000111110010001111001101100110001110011111010001100000111100001101101000100111000111110011100111000100000111000110011011111110011110000110010110001100000000011000001111100011111100110111111011100000110000000010011001110000110010110010011001111101101100000010011000001111000111001111110011101111000011110000110000000000000000100111110011001
00110000111110011011100101110011001100001100000000110011101011110011010001111000110011001100111100100111001100000001111001100110001111110001001100000011011001101100001101001100100111110000001110000001111110011001000111110000011100011100110001110001110011011011110000100100011110000001110000000111100000100111100000111011100110011000001000010000111011
01110010000111001101100111000001111000111101100100110000111110011011100001001100011111100011100111001101100110111111110000001101100000110110011000110111110000111000111011110011100011110100001111110011100001110110011110011111001110000111101001000011011011001100000001100110001100111000011001111001001111001001100000011010011110001111000000011101111100
10001001110000101100110001111011000100110011100111110011110010001111000001100001100100110011100001011100010011000000011101111000011111000001111101111000111110100100100111001100110011011100111000001000110001100110010011000111111001001111101101100011001111100001111111110001111000000111111110010011000000011111011000000110110000111000000111011111001011
11001100100011111100110000011001111000000110001001100111111001001101110000011100011111000011000110001110000111110001111000110110000011100000010010001110011011111000000011110001110110110011001001000100111100111001101101100011111110011100010011111111101100100111000011110001000111111011111000011000011100100110010110011111001100000111111100011111000001
11001101101100111100111111000001100000001100011101100110011101110011100011001100000110000011110011110001001100100100111100111110010001000001110010011110111111110001100110011000000000111000111001111111000110011000010011100100001100011100000111010011100100110111000111111001110110000111000100010110001111001101111100111001110001100000111001100100011110
10011011111100110110001110000110000001101111001100110100110011111001001001101000001100110011001011001110001001100011111100111010110011000000111000011100111001100111011000111011000011110011100110000111000111001110011001101100110011101110001100111100111000011111000011011000001110001110011011000000101100111010001001101101110111000001000011100110000111
10000111000011101001101111000110110011110010111000000111000011000110111110010011111110011001100111000100110011110000110011111000110110111100111001111110011111111000111000000011000111100000111100111100000011111000110010001110011000011010110010000001110011110011001111100001111100011100000001110000100111110011010001110000011000000011110000000100111110
01100101110111011000001110110000000100110011011011110000011100111111000011111100111000001011011001110011011111110110111000110000011001100110011000001101110011000111110111011110011100101100011011110110010111011111000110011000011001001100001100111111000011110110000111001011100001100111101101001110000110001001000111000011110110001001100000110001110001
00001111110000110000111100110011001100011100110011100111000000111001100110011111100010011000100111100111111100011110000100011110011000011101100110000111111110000011100001110001110111001101111100011011100010001100111100001100100011000011000110011101000011001111111100011101100100001100011100100111100100011011110001100111110010100001111110111001110001
01011100110111000110011111001100000011111001100000111100110001100100001111101111110001100110001101100011101100001111001100110010001000011011101100100000110000000111011011110001101110110011100110000000111011100001111000011111000001110010001111100011000001101111000011110011001110011100010011100011111001101111000001110111001111000111000011110000101110
01110000011001111101100001111101100011000000111100001111000011110000011000100011101110001111111001100011100110110000110000011110001001110111100001111001011100010001110010111000111100110010011001000100001000110110011100011110010001000000110000011111000100011111000011001111110000000100111111100011111100011001100110010011100011001001001011111101100011
00111100000110011001101100111000001100111100010011000011100011011001100110001100000011111000001111100010011111000100111100000100100011100110111000111101100001011110011001110110010000111001100100100110111001100110011100011001001100001101100011100001110111100100001111001100000110110001110000011001000111111100000111100001100110000000000111110010011111
00011110011111011000110001110011000011001100011001111110001011001100110000001111000110001100001111001111000110001001100111001111111100111100010001100111101100111110000011011011110100011110000010010011001100010110011000011001000111100111110000011000111111100111111001001110000011011000011000111011000011110111001111100011001100000000000011100111100001
00011000111111100001110000001100111110001000001001100111111101001100111011001100000110011001100111111011110001110001011111000000111000111100110111101000111000101101100111001100100111000000001100100111100111011000111001100001101000110001001000101100000110110011001100110000011001111100001110000111110001111111000011001000001101110100001110000001011101
00111100110111100110011100111110001100000000111000111110001011100001110001110110000011001101000011000011110011000000111010001111000100100110011001100100011100011011000011011000100110001001111000011000011000001101111011011001100111000001101100001111001111101100110100001111011111110001111000110010001111110001101110000011010000011110000111100001100110
11011001001001001111100001111000001111110001000011100011100110100000001000011100011100110001111110011001100010111000111111000011001111001110000111001001000001110100111000110011111010000010111111001100111110001010000000111011101111100100111000011001111010001001100001110001110010001100101111100001110011100011100110000110001101110000111000101110000011
10011011011001000011001000110110111001110100110110111000000001100000111100111111000000111100111001000111000111000001111001100011101100001100000011100011000011101100010011011111100001001111000011110001110000000111010001110000111100011000111110011001110011000111010000010011011011111100010000110001001101110000111010011110010010001000010011010001110000
10000011110011100011001110011001100111000111110001111011100111000111001111100010001001101110110000011011011100001001111001001101001100100011000110001111101100110110011000001100011110000110000110011001110011001100111001110100011100100101100001100110111011100011000001111110011100110011110000111111000001110011000001000110011111001100110001111111000110
11111000110011011011100001110010010111110000011110001100110011100011110011111100110011111001100100000111000110011110100110000111011011001000001100111000110011001100011011100100111100001110000001110011110000011001100111000110000100110110011011011000101110011100111000111110000110000010011000111010000011001110001011001011100001100100111000111011100011
00110000001100001111100011100111111000010110011000111000100111001100000001110010110000101100011001111001110000000111011100001110011001000000100111000010011100011100100000110011000100110011100000111110110011011101001100110001111000001111000000110001011111100011110010110111001110011001111100001100110011110001111101100000110001100000111001000111000011
11000001101100000111001111100011111001100001100011001011100000001110010010111000110111000011100011011110000110110110011100111110100011101110110110010000011101100100001110001111000011111110011101000011101100011110001111001000111110011100000100110001100110010011011110000001100011001101101100011011001100110000001101110000001111000000010111100011111010
01001101001001111000011001110011011001100001100011101100011110111000110001100001111100100111000111101110001100010011100011111000011110011110010000110000111000111000110100001111000001110001110011001111000111000000111111011110010001101000110110001101111011001101101100110111001110011100100111000100111000011101100011000001100100110110010000000110011101
00001111000001110001101110110100100001001100001100010010000010011111001100001101100000000110111000011000001100100110000110111000001110111110000001100000101111011011011000001110111111111000111100001011001110010011110000001111000000111100001100110011001110111011000111110000011001011110000011100000110110010011011100111000011110111111100110111100110110
00110011100011001110111010000000011000100000111111001111100100001110000010110111011000011000101111000111111100100110011110010010011000111111000011110001111111000100001110011011001111100000111110011001100000011001011100000110111000011110011011000110000011100011100110011001111110000000011110110001100001111111100011001000101111001101100000011001111110
01111000001111010011100110000111011111110001100010011000010011001000011110010000011100011100011001000100011100100011001000110000011101100000110000011101100100100011100100111010000111100110011100110011100100111000110000110011001000111001111100011100110011110001001101011001011001111111000111000000011111001110001110000011000110011100000110001011100111
11100101000001100111111001100001000001111110011110001111100100110011100010011011001111001100000101100111110000110011110011110000011000110000111001100000011011011001011101110011111000110011101001110011000011111001111000000111001110011100001100001111111110110110010001111100001001110000001111000111110110000110110011001100000011001111000111100111001111
00011011001001000011100111000111100111111011001100000111000001111101100111100100110000110010011110001100111000011111000111001110000000111011110011001100101111000101001100111100111001000001111001111000111001110000011111000110001101100001111000111111010111010000001111111001100010111100011111000000011001101100011011110000001110011111100001100100100111
01111100011100000000111000110101100001000111000011111010000001111001011100110110010011011100100001111000111001000001110001001111110001101111100111111010011110010110010001101100011111011011101001001111000001111100110110001110010011000100010011001001101111100011111011100011000001111110011111100110001000010110011111000111110100011011000100001101000111
10001100011100001100110111100010011100111001001110000110010011011100010110111000011011001100110010110010000011100110101110001111001110011110110001100000000111000110110011111110000111000011011000001000011011100111100111101110011011001111001100010001110001111000101111001111011011001000100010011100011111111000011111000011111000000011011001011100011111
01101111000011100111000110011100000011111000111101110011100111111000100000110001000011111000111111000111011000011111110001110010111000001110011100000111110011001110001011011000011111111011011000110001111111111001101001101100000011001000011100110111010001100111001110011011000110111111001100100111100000100001011110010000100100100100011111100111110110
01000110001110010000110011100001101110011001001000111001001100101100111101100010110000000110000111110011100100011111000011111001110001111000101100110011111101000000110010100100110011000110111100000110110010001111110011111010010011000001111110000101000100111001110000010010000100111100110110010000110010011100001100111110000110011111100011100011111100
01100100011001011011011000000110011000011100011001100111100100001111100110000110110011000111001101110001100011001001001001000110011100111101111000111110011110000110011011111100001100111011001101110100010000001101101100011100001110000011111000111110000111100100111110010111000110010001110001100001111110011111101100011011110001110110011001100110000010
11001101111000011101001111110001001001100000011110000001100100011100110110011001001111101111001111100000110000011101111100011110000011111000111110110100010011110011001100010010011001000111011000111000001011100111000000111000010110011111001100010000101111100000001110001110011000100000110011100011010001011001110001110001111110001110011110001110111100
11100111001110110110011110001101100111100001100000011001101101100111000001111111000100101101100101001111100001101000010011101101111001111111110011100110011101000001110111010011000011101000011000110001101111101100110000000101100011100110011000000011001101110011100110011001110011101100111000010011000001111010000100100110010100001111001111100100011110
11111000001111110001111001011101001101110001111011100111100000011100111111101110011111111001000111001001110100110001000010110001110011101100000111101001100011100110011000110000100110011110011101100111100110000011110010011001001100111111110001011100111100100111001110000101100111101110100100110110110011000001111001000010000110000111100000111000100111
00111000110000011100110000110011100100100111000000110001110001111100011100011001100001111100010011100111111001101110011000011110111110000111100001101111000100010111001000111001111100100000110000011100000110110110011001001101101100001100011000000111000111111011110010000011001110111100110011100011110000111100100111100111100100011100001111001001110110
11011000010001100100111110001110001110100001110000011001000111111100011110010011000000110001110111000101111000011011000001110011001110001111001111101000100110000110110111100110001111111100000010111100111100000100011101110000111001100110011000111001100111100011011110011101100100110010010011001000111110011011000111100000111011011100000110001001001000
00111110000111001100111001001110010010111101100110010111100011111000111000001100100011010001100011111000110011011001110011100011100110000001110011100011110001100111110010110010011111001000011100010000000111000110111000110000111111101100110000000110001100111001100110000001110011111100110010000011000011101100011111011001110000011000001111001100110110
00011111110011000110000001111100111110010011100011111110011011100011001001111111011000010011100110011000011011000100111000011011110110110011001111111000011111000100011011000100011010011100111110110011001101100110000001111100000110000110011001110011010010011111100000011100001111000110000010001110011011111001001110001111001110110000010000001001110011
10011001100001001000001111101101100100110000011001001111100111100000001100001100110111010001101001111110000111000111100011000011000111100111100001101110011001111110110111000100111100110110011100110010001110001100111110011100110001001111110000001100111110001100011001001111111000111001100110001111001111110110110011111001100110001101100011100101100110
11100111100011001110110011101001100011110011110011100110001111100110011100001111101100010011011011000110000001111000010111110010001100111001111101100001100100001001101001111000111000000100110011111100100011100010011111001100100001101100011001100111010011000100001001111001100011110110110000001110011111111100111000001111000011100110000110010011000000
00111000110110011000111011000100011110000111000011100010000110011000111001110011001110011011100010011001000111001001001100001110110000010100001101100001111000111000001111110110011000001111011001100110010011001110001111000100111001100000111111000100011100001100111000110001000111110110000000100011000111111100001110011001100110011000111110001100010000
10111011100111000011100011111000111000110001100110000110000100011000111010011100000100111000010010011001110000110010010010001000100000111110001111001101111110110000110011100000001100111101111011101101110011001100001110010001101111000001100110100011110010110000111000111001001100011100011101101101100110011001111000000011111000011101100111000100110011
01110011111001111111100000111101110110100110111110011111110001100110000000011111000110010110011000111000110111100000011111011001100100110000011011000000111100011011100000001110110000100111111011100000111000100110110011001000001111000110010011000001001110011001011100001111011001110001110011000011100111001100111100011110011001111000011110001111111011
10111011101001110000110111100011111001110001100001111000010110011001110000100111111110000010001100110011100011111000110011001101100000111101100110001101001100001110111111000000111000110001111000110000011001111011001001101100001110001110011001100110000111100111100100111001001101000011111000011001110011100010011010000110011000111000110010001110000110
11110000110110010011000110001000110001001110110001111100100110000011111100111100100011110000111100001100000011100110100011000011000000111110011111000000111000111011100011001101100011100110110011111000000110001001000100100110110111100011110010110001111100111001111100010011100011110000111000111110000101111001100110011110001111001000011101000001011001
11000011110011111001100000001100111011000011110000111001001101000111100100010000010110011000011001110001101100100001100110010001100111100110011001110001110011110110000111000011011100011110111110011000110011111011000110001100000110001101100111101110000100100001110001110011001110000011110011011010001101011001110010001110000110001100011110011100000100
10100100001110011001110001111101100111000111011010011001000110111111001110011011011000111111000011101111100011000110111001100111000000111110011011000110011100010011100111110010010010001110110001011000111010011001100001111000111111001100100001110100110000000110010011100110001100110001100111100011011000011010000111011001110011100011001101110111000110
11100011011100001111000101100001111011000101100110000110000111000000011100111000000011100011100111111001110010001100001101100001001100100110001101000111010001101110001000011111001100110110001110000010010011000110001111100111111100000110000001101101100111110001110010001110011011011001111001001110001111100001110111000011000011110011000110011111011110
11111000100011101100001100111010001110001100000110111110111000111100110111111001001100110001001100110011101100011001111111101100000000111100000100111111001101001100110110011011001001111100010010001100110000011000010011100111010011110001011011100100111100000001101000111000011101100111111000110011001000110001011100011001001100111010011000011111100110
11100011001100111111100111000001111110110011000100011000111100000111001100101001100011100100000011001111000110110001111100010011100011110000011001011111100110011011001110011011100011111110000001000110001110110001100011000110001110000110010000001001101001100001110011000100110001110011000000010011100100111000110110001111000111100010111100110011000001
10111000110000011000111110010001111011001101100001101111111111100000110000110001100011001000111001100011000111001111101110011110010001110000011100011110000011000001000110100110011000111001110011001001111100111110011100011000011100110001110010011001011100110110111000111110000111000111010011011011001111100110110001101101111001111000000000111110001100
11001001100000100110101110000110001111001100001100001111111011100010011100001100000000011101110001001111000011001100010011100011100111001100110011000011001001111100101101001101100110001101000011111100001110011100000001100110001110001110100000111111010011111000110000011000100110011011100011100011001100011000000100011110000011111001111001111100000011
01100100111100111110001101100100111001100110110000110110011100011110110011000110011111000110111001000000110111011000000110010010110001100110001110001110100010111110000110010011001100110110001011011100111101000111001111000100111100010001100011100001111001100111001100110110011101000001111001100111000011111000001111001111110001100011000110000111110011
00110011111100011001100111001100111001111001100011001100100011001001110011100110110111111100010010001100111110010000111000001111100111011000011001001100100111000000011111001100000100110110000011100100000111100100110011001100110010001101000111101100011110010011011100111011011000000011010001100010011111111000011111001111001001110000111110011011100001
11101110100010011110000011001111100011001110010001110111001100110011011000111001101100011101100001110001111000111000100100111111010011100110001110000110011100111110001011000111000110010110111001100001111000111100000011111000110000011100011001000110110011010110001011100111111001111000110000001101111100000111001110110001101111000000110001101100000110
10000110010000001101100100100001100111110001000100111100001110001001111000111000001110001111101111001011000111001000111100001110101101100010011100010011111001100100110110001110001001111001100110011010000111011000110011111100011000011101110000111011001100011001110001001001111111110001110001000001000110011100011100000011100010011111011100100110001111
01110001100001101110110011110010011001101100011101100100011100011011001001101110010110010011110011110001001111110011000011100110011111100001100100011111011100000000110001111111000011000110011010000001100111000011111101000110101100111100001101100001001111001100110111000011101100011000001110011111001100001110011010011100000011100011111000110011010110
10011001111001111000001110100011100011110011100111001110000000110000011111001100111000110011101000100000011001100110000100111001110011100001100010011001001100110110100110000110110110011001110111000011001000110011111110011011111000011000000111000110111100011100011111000001110000110100110110000010011110011100011110001101110011011001101000110011111110
11100110000100111100011111001110001111101101101111001011011000011001011110010011011001110011001101101100111101110011001100110000011111000111100100010000100110111100110000110010001000001111011100011000000001011110001111000111100011111011000001000101101000110011000100111101110011001100100001001110011100111111001000111111000111101100000000011001100111
10000111000100111100101110000111001111100110000000011001110010001100110011001001111100011101100110001100110010001110001110000000011001111001100011011110011000011001100111101101110110010011011000101111100011001100011100010001100110110010001100000001011001110011000111001000111100000100001100111000111110001110000001001110010010010001100001111001011000
10000110100111000000001111101100011001001110001100110011110001100110000011110000011111110111011000110000011111100001100000010001100110110011100011011001100100101101100110011011000011000001111000000111101101001000011111100011110001111110001001101111110001111111000100111001001110011101101100100110111001000110110011111000011001110011101000110001001100
10000001100111111000110110001110011001111000001110000000111110011000011011110011101100100110000110010001100110010001111100011100110001000100011101001101001111000000110111001110110111011110011001001110111111110001111111100111001110011001001110000011110011001100011001100110010110010001100111110001100111101110010001101110001111011000111111001110011111
10110111100111011110000110001100111101111000001111100111100001111100011111100100010000011110011001001110010011011111011001111000001101100001110111111101111100011001110001111110000011110000110000111110100110001100001001110011000000000110000001111000111011000110010011011000011000011101000111010010001111100101100011110001110000000011001100001110111001
10000010110000110011000110110011101100011110011100111100011000011110000111000100110010011001101110011000111110010001100001111001101110001000101100111011100010110110011000111001001001100001110011000000110111000111001111000110110011110010001111100011100011100110010111110001100100110110001111001101101100110011001100111000100001100001000111100010010011
11001110001100011001100110000001111110011001100000100001110000010110011000011000111100010111100011110001100100111001100001110011110001110011000011011110110111011001110001111000001000001100110010000110110011110001001101001100001100001100011111000001100011011111000111100110110011100110011001101110011110001111000001110001110100110001110000111100010011
00011001000100111001100011001111011011100111000011000001111111001001100110110110111000110011000001111000111111011111100110011111000100110011000010011111001110001001111100111110011011100000110000001110001101100011001100001111000100100100010001000111100110111100111100011111110011001100000000011001101111111001100011100111000110001111110000000000110111
01000111000110011111100110001110011100100110000111110010011001101100000111110010011010011100110001110011110001111101110100110110011000100000010010011110011001001011011000011101100011110100110000011101100000110001100111110110111111100110011001100000111000110111111110011101111000001100010011000110011000001101111001111101111000110111000011000100001100
10000111011000011100001111100110011001100110011110001100100000111101100110111001110000011111100011100110011100011011011000111001101111011001100001111000110001001111110001111110001111000100011100011111000001110001011010001100110001111000111100011111100110011001110011000111001100000110000010110010110011000111000011100100011000110010011010011111000101
11000001101100110001001101100111100001100011111000110011111000011001100111001110110011100000001001111100111111100100111100111001011011000001100100010000011011110011001000011001001100011100011100001100001111100110000010001111110011011100001011000011111100010111010111100001110011000111000011110011001110000110010001110001110110011001110011100101100001
11111100001110011001000110011011000001111110000011100011110111111000100001110011110010000011110001101111100111111111000010000110011011001001111100011110110000111111110001000111111110011011001111110111010010110011110011111001100001111100110000000100111100110011110011001000011011100011000000011100110110000110111000110011100001001111100011011000110100
00111100011011111000110011100110010011001110011001011001111100011101001110001100110011110010001000000011100110001110000001100001111001001100001111110100010001000010011010011010001100110111001001111100101101001110011101100000100011111000011001001100110011011001100110111001111001110001100010011000011100110010001101101110011111111110111001111111000111
11101110110001110001101100011011011101001001100110111111001001100110001100001110011100011100110011110000011001111110000011000000111011100001100110000011001101110001001011111011001001100110011110001111000001100001101110010010011001111100001111100011100001111110011001100011111001111111000011001001110100001101101111011110011001101110010001010000010110
01111000011101100000011110011111001100111100100100100100001000110001110011011001110000011011001111101110001101100110000011111111001000011001110110111101000000100000011100001011100011001100011110010000110011001111111001110011000000011010000000100011000001111100000111100110110011110001100010011000011010011001111110010001110110000111000000001100110111
00111100000111100001000011001000110111110000111000000110110010000110110011100001111100111000110011111000110000011100000101100110001111110001000111111100000011001110001100110001001111100111111110011111100011000001111000000100110011101100000111001110011110001100011100001111011101100111111001100110011100011100111100000110001110001011110001111001100111
11001111100011100100110111100110110100110011001101111001000011001110001110100100110111111001100001001110010001111100001100100110110000111001100001111000001100001011101001011011100011011011110000110111010001101000111000001110000111110000111100111001000011000000011101100011110110011110000001001100011111011001100100111100000010010011110001101100011000
10000111000001110011010010001111000000111000111011011001110000011000111111111001100100110001100111000110001101100111000110001100011001100110011010011001100111100111001111110110001110000000111011110001101100011011111100000111000110000011111001101110010000010110111011001001100010001111001100010011000011100111001111001100011000110110010011100011000001
11111100111001000101100000011000000110000011110000110011111011001100110000000100111101001100110001100011110001111100100111001100110001001011100011001110011100011011000000111011000011110000111000111111001100011000100001111110011011001101110001101101110001110011011100011110001110001110111111011001100100011100011100010011111000001111001111100111011000
10110000110110000111111000110110011100010011000110001100011100110000111001100011111111000110001000010011000010001111100011001011110000011101100011100111000111111100110011100001100000000111001101100011101011100111110011100000110010000110011001100111000111000111111000011001100111110001100100010110111100011100011110011110001001100110011110011001111100
00000100100110000110000000111000001111001111011001111100100011110110011100010001100111001100001110001101110011100111001100010011100110110011011001100110111100111011000110110011000011001111001100001101100110001100001100110100000111100000111000101100011110000001111100101111000111101101100110010011000010011111011111010010111000011010011001100100110011
11100110100010011001001111101100110011110110100110110001100110100110010000000110110111110011100110001011011000111100100111111100000111001110001110000000110011011001100011000100110011111111100000100101001101001100100111100010001001110001100110100110000001011001111011111000110011011000101111001111000011110000011111101001011101100011001111100110000111
11111100011110000111111011001001011110000100110001111100000111110010011001000111001111001100001111000100110001111001100011001100111011011000010000011100011100110010011100111100111100110011001110110000111110011011000111100000011110011110000110111100010011110010011100011101100111000000011000110011000111111001001101100110000011110000111100110010010011
11100110010001111100111100100111100100110011110000111100001111001101110011100110001101100111000111001101100100011000000111001101100010001101110001100001111001001000110011000110001110011101000100111110011110001110111000011100001110001100011111101000100011101111001101100110011111001100011101110001111001100110011111110011001101110011001000000110111000
00110010011000110011101000110111000011110011110001100000110011110011111001000011110011100110110011100001100001100110001100111001111001111110001111100011011000100111101001100110100111001011010001100110000001100110010011010110110011000011111111010011001100010011111000100100100110011100001011100011101100110110001001110000110000111110000110110011110011
10110010010110110111110001101100011001100010011110010011100111000111111010001101001111100100110011111011111111000111011110001101101110001001110100111000101100001100011011100100011110110011111001100011110000110011101110011110000110011110011001000110100110110001110011000111111001100100111100100111000011011110010001011100100001001001101111100011101100
00111111001001000110011110000011111001111000111100001100110000111010001100011100100110110010011000100000111100110001110011001111110001100111101111100010011110011011001110000011001101001111001110110110001110000110011001100111000111100110000011000011100111001001100111100010000011100110011000011000111100111000001101111101110001111100100101110011011000
11001100101100101101111000000111000111100110011001110011000011100100101101100000100000111000111110001100111100010011000011100001110011011011001101100010111000110110001100011000011101111100011100011001001100110011000000001110000011001100011111001100000011110000011001001001111001111100100111001101110000000011000111001100111100000111100001110001111100
00110111010001111001100011101000111001100110011001111101001100011110011011000110010001100010110011000100110001100000101110110011001100001100011101100110011001001001100100001111111001101100110001101100110100000011100111100111000111000001111000110010110001110010001111001101110000011000111100011110000111000111110011110001111000111100010001101110011001
11110001100110010000111000001100001111100111100010001110000110111100111010010011001100111110011001100011000100110011000100111001011100010011110011000111111100000011101001110010011100001011100000100110000110000011000011111000100111100111100001111001100011110011111110000110010001100001101100100110111100110111110000011110011110001001100111100011001001
01100110010011111001101000110010011001100111100001111110111000011000001100011111010001110110000110000100100100110110001110011101110001111100111001100011101111110110000011000011000011011110011111100001001100010011001001110001110011100111110001110110001110111000111100111000001100110111001100011001001101100011001110001100110001100100101111100110110011
01001100100000110111100011110001110011011001101100011000011100100011110110011011001100001110010011011011100001001100111111100111001000100111001001110011001100000100100111001100110011000001100011100110010110001111011100011111100111100001100110010011100110111001101000000111001110011100100110010110010000110011000011000110110001100111001001110000110000
00100111001111001101101100011110011100001100110000011110000001110001011000110010011000011101110000011001110001111111000111111110011001100011001001100100100011110110011100110011001110010011100011011001101110000100111010001110110011100111110001110011000101111000111001000110000110111100100110000011110001100001001100111001101101100011001111001110000111
00111110011001100000000000111110011001111101001110001100111111100001111000111000001011011001101100111100011011100011100110011110011100111001100100110011001111111100011000110001111011010011000001101100111111100011100100001100111001001000011100010011001111111000111110011100110001101100110110000100111001111100000110011100011001110100010111000110100110
01100100100110010001110000110001101011001101100111100011001111001100110011000110110011011110011111010011100011000111001100110111110111101000100111100011001001110001111100001000111001101100111000001100110010000000011010011100011111100110111111100100011000011001110000011001101001100110011001110011110000011111110011001101001001111000011110011011001001
11011110001011101001100100010010011111001100111000010010011100110011100110000110011001100111000001100110110000100100001101111010001001110011001111000100100100011000100111110000111001111001111001110001111110000000001001100110001111000111110010011111111100110010000000001101100100110011101100000110011111110010001110001111011001110000111110001101111001
01001100011100010011100111100011001101110001100000001100100011000100110001111001100010000111001001100111001100110001100011000110001001101100001111000111000100110011001101110011111000001111100111100001110010011110111100110001001100100100011110011101100111000011010011001001100110000111101111001100110001100000111001000011011001100011101001100111100110
11000111111010001100111100011000110011000110011001111100100010110011000001111111000011110011100001000011100000011100111001100101110001100111110011000010011001000011001100110001111000110000111111100111011100001110011001111001000011011011110100100110011001000111111110000110011011100110111001111111100000110000110000000100110111110001100011110011001001
01100100111111111001000111000000011000110111011001110110011000011001100011100010001101110001100110011010011111001111101000000110011000100110001000000111001101100110010011100011001110011111001101101100111100110100000001111000001110001100111100110111111110001001100100110011100001111001001100000101110011011101100111000110000011000000011111100010011000
11001100011100011001111011001001100001111100110010111000011110000111110011101100011000110011111101000110011011000111100110011010011001100110011110000111001001000111111100110011000001111000110011101111001001100111110000100110011110001111001100111100001110001111101000111100000111100011111100110110000011011100011001111101111000111110011001110010111100
11110011000111001101110000110001101000011011111000011110011011100001101100001110011001100110111011001111100001100011001100011111000111111000001111000001000001001000011111001101100101101100001110011000011001111100101111110000110011101100110000111000011100100011010011100011110001001110011101100101100100111001110011001011100011100111001111100010000111
11000111101100001110010011111000000111100011101100111100001001101001100000011110010000111110011000111100011100011000110111010011111100011001101111000111000011100111011100100001110111000011000100101110000110001110001100110100010010110110011110011000111100001111100001011100011110011101111001110011000000111100011000110110010000011000000110001110011001
11101111100100110110001111110010001011110011100111111101001100000011011110000011001111100011001100011001000111111100001111001110011100110000001111100011000101101001100011001111011011000001110100011000011011000111001101100011111000110010011100100110000111101110011010011011000100100100111001101100100001100111001110010110000001110001100111000000111001
10010001100011011000110001100010011100010011100011110001111100001100100110001001100111000100110000110001000110110010011011110111000101001100011001110011011000111010011010110011011000011001100001111001001100110111001011100011111000001100011000111000111000011110001100010110010110011000110110001001100110010001110011001111000110011001100111000111000011
00111000111110001001111001100110000111111000100100100011100111000100100011100011100011100001110000110000001110110011011100110110000110111001100110000000110010111100111001110011110001011010001011001000011000110011100100110011001110011000001110011110011101001111000111011000011000011000111000110111100111000000100100110001100111000100111110011001100011
10001011111000110110001110000011011011001100111000001110001110011001000001111000100110011001100011111011000011110000110010011111001110011001100110010010000001110110000111010011110011011001100000100011111100000110000111001111110001110100001101100011001111011011101000011000011110011100001001100100000010110011111100001110001100101110110010001111011001
11110000111001110110001111000001110110011111100011100110001101101100110000100010001100110011001001101111111001111000001111001100100101100111110011000111100111100100000011001100110000111011101001110110100011110111110110001110000011010111001001001100111110001100110000011100100110001000111001101110011011100001110011100011000111100110011010011011000100
11100000110011110001000001111011000111100100001101111001100110110011000111111100001110100001100011000111100011100110001001100100100101100100011011000011001100101100111110100001110001101000010110010111011100011001100111011110001100000010011011000001100110000011100110110010110111100001001011101000001100111000111111001111100011111000011100011100110000
11101100111110011100100101111100111000001001100011110001111110011000011111110001110011110011001100111100110000111001110011001101100111001001111100001111100001000000001100010011011100011100001111100011001100110100001111000000111001111001001110011000110011110111001111001110110000100101110011100110000011100001000011100111100011011101101100011001110111
00101001001101100101111101100100111000100001100110011011101100000110011001100110001100110111000110011101001111000110010011000111110110011000111000100111100010111000000110000110011011111110001110111000111001001001100100110011011001110001110011111100100001101100110000000111111000011001111000011110010011001000111111000011110110100100001111000001111010
11011000110110000011000001111100101100110011011100111000111110010001110110010011001000111001110001100011000001111000111100100100110011110000011101100111000011111010110010010011001100101100011111000111001100111001110011000110011111011100010001000111110010110000011111001110001111000011110000000100101100001001111100001100111001110011001001111100001101
01111000111110001100010011110000111110010110011111100100111110011000111001101110011011001110001100011001100110111000111000011100111000111100011100001110001111110010011101100110000011111000011000110110100110010000111011100101110011011000110011110010000011001000011111001101101001001100110001001111001111001000011110011010001101001100011100010111011111
01100000001100010011100011101111000110000111001001100110111001100110100010011010001111000111001101101100000110010111100011000110110001111110010001111000111001110010010011000111000110011011001110110011001110001111100110000000111001111111100011000100100101110011101001100110010110111001110011110011000111110011110011111011100011011101100110011111100011
11111100100000111011001101101001111100100011000101110011000110000111111011000100110110010001100110011011000110000100011110001110000111110011100111001001110111110000001110001111110010011000011001001011100011000100011001100100011110000110010001110011011011001111100111000110011100001111001100000110000111110011001100011001100100111111001111000100111000
00110001110010010011100111001110011111100110110000110110000111010001111001001100110100110011000011110011100111100100111100011101011000110001100000110011100001111101100011001100110001100011000011100000110111111001110001111100011110001111010000011110011100001001111001110001000111000000111110010011000111001000011011001101100100011101101111000110000001
