State number: 0
11001011
11011011
11111011
11101011
10001011
10011011
10111011
10101011
00011011
00001011
00111011
00101011
01111011
01101011
01001011
01011011
110001011
110011011
110111011
110101011
111111011
111101011
111001011
111011011
100011011
100001011
100111011
100101011
101111011
101101011
101001011
101011011
000111011
000101011
000011011
000001011
001111011
001101011
001001011
001011011
011111011
011101011
011001011
011011011
010001011
010011011
010111011
distribution: P(0) = 0.514275	P(1) = 0.485725	
transitions: T(0) = 14	T(1) = 20	
P(state): 0.0334629

State number: 1
11000010
11001010
11011010
11010010
11111010
11110010
11100010
11101010
10001010
10000010
10011010
10010010
10111010
10110010
10100010
00011010
00010010
00001010
00000010
00111010
00110010
00100010
01111010
01110010
01100010
01000010
01001010
01011010
01010010
110001010
110000010
110011010
110010010
110111010
110110010
110100010
111111010
111110010
111100010
111101010
111001010
111000010
111011010
111010010
100011010
100010010
100001010
100000010
100110010
100111010
100100010
101110010
101111010
101100010
101000010
101010010
000111010
000110010
000100010
000011010
000010010
000000010
000001010
001111010
001110010
001100010
001000010
001001010
001011010
001010010
011111010
011110010
011100010
011101010
011001010
011000010
011011010
011010010
010000010
010001010
010011010
010010010
010111010
010110010
010100010
distribution: P(0) = 0.821389	P(1) = 0.178611	
transitions: T(0) = 8	T(1) = 9	
P(state): 0.0330742

State number: 2
11000001
11010001
11110001
11100001
10000001
10010001
10110001
10100001
00010001
00000001
00110001
00100001
01110001
01100001
01000001
01010001
110000001
110010001
110110001
110100001
111110001
111100001
111000001
111010001
100010001
100000001
100110001
100100001
101110001
101100001
101000001
000110001
000100001
000010001
000000001
001110001
001100001
001000001
001010001
011110001
011100001
011000001
011010001
010000001
010010001
010110001
010100001
distribution: P(0) = 0.157336	P(1) = 0.842664	
transitions: T(0) = 1	T(1) = 16	
P(state): 0.0762634

State number: 3
11000111
11100111
10000111
10100111
00000111
00100111
01100111
01000111
110000111
110100111
111100111
111000111
100000111
100100111
101100111
101000111
000100111
000000111
001100111
001000111
011100111
011000111
010000111
010100111
distribution: P(0) = 0.468799	P(1) = 0.531201	
transitions: T(0) = 13	T(1) = 18	
P(state): 0.0654762

State number: 4
11011111
11111111
10011111
10111111
00011111
00111111
01111111
01011111
110011111
110111111
111111111
111011111
100011111
100111111
101111111
101011111
000111111
000011111
001111111
001011111
011111111
011011111
010011111
010111111
distribution: P(0) = 0.545215	P(1) = 0.454785	
transitions: T(0) = 24	T(1) = 4	
P(state): 0.0416262

State number: 5
11011110
10011110
00011110
01011110
110011110
111011110
100011110
101011110
000011110
001011110
011011110
010011110
distribution: P(0) = 0.861861	P(1) = 0.138139	
transitions: T(0) = 10	T(1) = 15	
P(state): 0.019574

State number: 6
11001001
11011001
11111001
11101001
10001001
10011001
10111001
10101001
00011001
00001001
00111001
00101001
01111001
01101001
01001001
01011001
110001001
110011001
110111001
110101001
111111001
111101001
111001001
111011001
100011001
100001001
100111001
100101001
101111001
101101001
101001001
101011001
000111001
000101001
000011001
000001001
001111001
001101001
001001001
001011001
011111001
011101001
011001001
011011001
010001001
010011001
010111001
distribution: P(0) = 0.206004	P(1) = 0.793996	
transitions: T(0) = 1	T(1) = 11	
P(state): 0.0765063

State number: 7
11000110
11100110
10000110
10100110
00000110
00100110
01100110
01000110
110000110
110100110
111100110
111000110
100000110
100100110
101100110
101000110
000100110
000000110
001100110
001000110
011100110
011000110
010000110
010100110
distribution: P(0) = 0.744325	P(1) = 0.255675	
transitions: T(0) = 17	T(1) = 15	
P(state): 0.0596372

State number: 8
11000100
11010100
11110100
11100100
10000100
10010100
10110100
10100100
00010100
00000100
00110100
00100100
01110100
01100100
01000100
110000100
110010100
110110100
110100100
111110100
111100100
111000100
111010100
100010100
100000100
100110100
100100100
101110100
101100100
101000100
000110100
000100100
000010100
000000100
001110100
001100100
001000100
011110100
011100100
011000100
010000100
010010100
010110100
010100100
distribution: P(0) = 0.410387	P(1) = 0.589613	
transitions: T(0) = 23	T(1) = 6	
P(state): 0.0271299

State number: 9
11000101
11010101
11110101
11100101
10000101
10010101
10110101
10100101
00010101
00000101
00110101
00100101
01110101
01100101
01000101
110000101
110010101
110110101
110100101
111110101
111100101
111000101
111010101
100010101
100000101
100110101
100100101
101110101
101100101
101000101
000110101
000100101
000010101
000000101
001110101
001100101
001000101
011110101
011100101
011000101
010000101
distribution: P(0) = 0.0753253	P(1) = 0.924675	
transitions: T(0) = 1	T(1) = 0	
P(state): 0.00591999

State number: 10
11011100
10011100
10111100
00011100
00111100
01011100
110011100
110111100
111011100
100011100
100111100
101011100
000111100
000011100
001011100
011011100
010011100
010111100
distribution: P(0) = 0.562946	P(1) = 0.437054	
transitions: T(0) = 23	T(1) = 6	
P(state): 0.0484532

State number: 11
11010011
11110011
10010011
10110011
00010011
00110011
01110011
01010011
110010011
110110011
111110011
111010011
100010011
100110011
101110011
101010011
000110011
000010011
001110011
001010011
011110011
011010011
010010011
010110011
distribution: P(0) = 0.516632	P(1) = 0.483368	
transitions: T(0) = 7	T(1) = 3	
P(state): 0.0607629

State number: 12
11111000
111111000
011111000
distribution: P(0) = 0.508481	P(1) = 0.491519	
transitions: T(0) = 19	T(1) = 2	
P(state): 0.0110139

State number: 13
11001110
11101110
10001110
10101110
00001110
00101110
01101110
01001110
110001110
110101110
111101110
111001110
100001110
100101110
101101110
101001110
000101110
000001110
001101110
001001110
011101110
011001110
010001110
010101110
distribution: P(0) = 0.79928	P(1) = 0.20072	
transitions: T(0) = 10	T(1) = 15	
P(state): 0.0394882

State number: 14
11010110
11110110
10010110
10110110
00010110
00110110
01110110
01010110
110010110
110110110
111110110
111010110
100010110
100110110
101110110
000110110
000010110
001110110
001010110
011110110
011010110
010010110
010110110
distribution: P(0) = 0.807928	P(1) = 0.192072	
transitions: T(0) = 17	T(1) = 15	
P(state): 0.0172498

State number: 15
11001101
11011101
11111101
11101101
10001101
10011101
10111101
10101101
00011101
00001101
00111101
00101101
01111101
01101101
01001101
01011101
110001101
110011101
110111101
110101101
111111101
111101101
111001101
111011101
100011101
100001101
100111101
100101101
101111101
101101101
101001101
101011101
000111101
000101101
000011101
000001101
001111101
001101101
001001101
001011101
011111101
011101101
011001101
011011101
010001101
010011101
010111101
010101101
distribution: P(0) = 0.149715	P(1) = 0.850285	
transitions: T(0) = 1	T(1) = 0	
P(state): 0.0328879

State number: 16
11000011
11100011
10000011
10100011
00000011
00100011
01100011
01000011
110000011
110100011
111100011
111000011
100000011
100100011
101100011
101000011
000100011
000000011
001100011
001000011
011100011
011000011
010000011
010100011
distribution: P(0) = 0.438532	P(1) = 0.561468	
transitions: T(0) = 7	T(1) = 3	
P(state): 0.06431

State number: 17
11001100
11101100
10001100
10101100
00001100
00101100
01101100
01001100
110001100
110101100
111101100
111001100
100001100
100101100
101101100
101001100
000101100
000001100
001101100
001001100
011101100
011001100
010001100
010101100
distribution: P(0) = 0.46537	P(1) = 0.53463	
transitions: T(0) = 23	T(1) = 6	
P(state): 0.0581876

State number: 18
11001111
11101111
10001111
10101111
00001111
00101111
01101111
01001111
110001111
110101111
111101111
111001111
100001111
100101111
101101111
101001111
000101111
000001111
001101111
001001111
011101111
011001111
010001111
010101111
distribution: P(0) = 0.46259	P(1) = 0.53741	
transitions: T(0) = 5	T(1) = 4	
P(state): 0.0422336

State number: 19
11010000
11110000
10010000
10110000
00010000
00110000
01110000
01010000
110010000
110110000
111110000
111010000
100010000
100110000
101110000
000110000
000010000
001110000
001010000
011110000
011010000
010010000
010110000
distribution: P(0) = 0.449302	P(1) = 0.550698	
transitions: T(0) = 21	T(1) = 2	
P(state): 0.0355766

State number: 20
11010111
11110111
10010111
10110111
00010111
00110111
01110111
01010111
110010111
110110111
111110111
111010111
100010111
100110111
101110111
101010111
000110111
000010111
001110111
001010111
011110111
011010111
010010111
010110111
distribution: P(0) = 0.543386	P(1) = 0.456614	
transitions: T(0) = 13	T(1) = 18	
P(state): 0.0162536

State number: 21
11000000
11100000
10000000
10100000
00000000
00100000
01100000
01000000
110000000
110100000
111100000
111000000
100000000
100100000
101100000
101000000
000100000
000000000
001100000
001000000
011100000
011000000
010000000
010100000
distribution: P(0) = 0.42176	P(1) = 0.57824	
transitions: T(0) = 21	T(1) = 2	
P(state): 0.0275186

State number: 22
11111100
01111100
111111100
101111100
001111100
011111100
distribution: P(0) = 0.572092	P(1) = 0.427908	
transitions: T(0) = 12	T(1) = 6	
P(state): 0.0192663

State number: 23
11001000
11011000
11101000
10001000
10011000
10111000
00011000
00001000
00111000
00101000
01111000
01101000
01001000
01011000
110001000
110011000
110111000
111101000
111001000
111011000
100011000
100001000
100111000
100101000
101111000
101101000
101001000
101011000
000111000
000101000
000011000
000001000
001111000
001101000
001001000
001011000
011101000
011001000
011011000
010001000
010011000
010111000
distribution: P(0) = 0.458497	P(1) = 0.541503	
transitions: T(0) = 19	T(1) = 2	
P(state): 0.0654114

State number: 24
11111110
10111110
00111110
01111110
110111110
111111110
100111110
101111110
000111110
001111110
011111110
010111110
distribution: P(0) = 0.846457	P(1) = 0.153543	
transitions: T(0) = 22	T(1) = 15	
P(state): 0.0227162

