State number: 0
10010011
10000011
10110011
10100011
11100011
11110011
11010011
11000011
00110011
00100011
00010011
00000011
01110011
01100011
01000011
01010011
100110011
100100011
100010011
100000011
101100011
101110011
101000011
101010011
111010011
111000011
111110011
111100011
110110011
110100011
110010011
110000011
001110011
001100011
001000011
001010011
000100011
000110011
000000011
000010011
011100011
011110011
011000011
011010011
010010011
010000011
010110011
010100011
distribution: P(0) = 0.535801	P(1) = 0.464199	
transitions: T(0) = 6	T(1) = 11	
P(state): 0.122256

State number: 1
10011000
10001000
10111000
10101000
11101000
11111000
11011000
11001000
00111000
00101000
00011000
00001000
01111000
01101000
01001000
01011000
100111000
100101000
100011000
100001000
101101000
101111000
101001000
101011000
111011000
111001000
111111000
111101000
110111000
110101000
110011000
110001000
001111000
001101000
001001000
001011000
000101000
000111000
000001000
000011000
011101000
011111000
011001000
011011000
010011000
010001000
010111000
distribution: P(0) = 0.465193	P(1) = 0.534807	
transitions: T(0) = 12	T(1) = 14	
P(state): 0.0715386

State number: 2
10011101
10001101
10111101
10101101
11101101
11111101
11011101
11001101
00111101
00101101
00011101
00001101
01111101
01101101
01001101
01011101
100111101
100101101
100011101
100001101
101101101
101111101
101001101
101011101
111011101
111001101
111111101
111101101
110111101
110101101
110011101
110001101
001111101
001101101
001001101
001011101
000101101
000111101
000001101
000011101
011101101
011111101
011001101
011011101
010011101
010001101
010111101
distribution: P(0) = 0.217038	P(1) = 0.782962	
transitions: T(0) = 15	T(1) = 16	
P(state): 0.0390836

State number: 3
10011110
10001110
10111110
10101110
11101110
11111110
11011110
11001110
00111110
00101110
00011110
00001110
01111110
01101110
01001110
01011110
100111110
100101110
100011110
100001110
101101110
101111110
101001110
101011110
111011110
111001110
111111110
111101110
110111110
110101110
110011110
110001110
001111110
001101110
001001110
001011110
000101110
000111110
000001110
000011110
011101110
011111110
011001110
011011110
010011110
010001110
010111110
010101110
distribution: P(0) = 0.798507	P(1) = 0.201493	
transitions: T(0) = 9	T(1) = 2	
P(state): 0.0711123

State number: 4
10011001
10111001
11111001
11011001
00111001
00011001
01111001
01011001
100111001
100011001
101111001
101011001
111011001
111111001
110111001
110011001
001111001
001011001
000111001
000011001
011111001
011011001
010011001
010111001
distribution: P(0) = 0.288626	P(1) = 0.711374	
transitions: T(0) = 26	T(1) = 0	
P(state): 0.0646625

State number: 5
10011111
10111111
11111111
11011111
00111111
00011111
01111111
01011111
100111111
100011111
101111111
101011111
111011111
111111111
110111111
110011111
001111111
001011111
000111111
000011111
011111111
011011111
010011111
010111111
distribution: P(0) = 0.589213	P(1) = 0.410787	
transitions: T(0) = 3	T(1) = 5	
P(state): 0.0253177

State number: 6
10010110
10000110
10110110
10100110
11100110
11110110
11010110
11000110
00110110
00100110
00010110
00000110
01110110
01100110
01000110
01010110
100110110
100100110
100010110
100000110
101100110
101110110
101000110
111010110
111000110
111110110
111100110
110110110
110100110
110010110
110000110
001110110
001100110
001000110
001010110
000100110
000110110
000000110
000010110
011100110
011110110
011000110
011010110
010010110
010000110
010110110
010100110
distribution: P(0) = 0.723269	P(1) = 0.276731	
transitions: T(0) = 13	T(1) = 2	
P(state): 0.0894714

State number: 7
10010100
10000100
10110100
10100100
11100100
11110100
11010100
11000100
00110100
00100100
00010100
00000100
01110100
01100100
01000100
01010100
100110100
100100100
100010100
100000100
101100100
101110100
101000100
101010100
111010100
111000100
111110100
111100100
110110100
110100100
110010100
110000100
001110100
001100100
001000100
000100100
000110100
000000100
000010100
011100100
011110100
011000100
011010100
010010100
010000100
010110100
010100100
distribution: P(0) = 0.365516	P(1) = 0.634484	
transitions: T(0) = 1	T(1) = 27	
P(state): 0.0394411

State number: 8
10010101
10000101
10100101
00100101
00010101
00000101
100100101
100010101
100000101
110100101
110010101
110000101
000100101
000000101
010000101
010100101
distribution: P(0) = 0.0980926	P(1) = 0.901907	
transitions: T(0) = 15	T(1) = 16	
P(state): 0.00254414

State number: 9
10011100
10111100
11111100
11011100
00111100
00011100
01111100
01011100
100111100
100011100
101111100
101011100
111011100
111111100
110111100
110011100
001111100
001011100
000111100
000011100
011111100
011011100
010011100
010111100
distribution: P(0) = 0.496398	P(1) = 0.503602	
transitions: T(0) = 1	T(1) = 4	
P(state): 0.0568238

State number: 10
10000001
10100001
11100001
11000001
00100001
00000001
01100001
01000001
100100001
100000001
101100001
101000001
111000001
111100001
110100001
110000001
001100001
001000001
000100001
000000001
011100001
011000001
010000001
010100001
distribution: P(0) = 0.172782	P(1) = 0.827218	
transitions: T(0) = 24	T(1) = 0	
P(state): 0.0330464

State number: 11
10010111
10000111
10110111
10100111
11100111
11110111
11010111
11000111
00110111
00100111
00010111
00000111
01110111
01100111
01000111
01010111
100110111
100100111
100010111
100000111
101100111
101110111
101000111
101010111
111010111
111000111
111110111
111100111
110110111
110100111
110010111
110000111
001110111
001100111
001000111
001010111
000100111
000110111
000000111
000010111
011100111
011110111
011000111
011010111
010010111
010000111
010110111
010100111
distribution: P(0) = 0.537358	P(1) = 0.462642	
transitions: T(0) = 3	T(1) = 20	
P(state): 0.0712223

State number: 12
10010000
10110000
11110000
11010000
00110000
00010000
01110000
01010000
100110000
100010000
101110000
101010000
111010000
111110000
110110000
110010000
001110000
001010000
000110000
000010000
011110000
011010000
010010000
010110000
distribution: P(0) = 0.464516	P(1) = 0.535484	
transitions: T(0) = 18	T(1) = 10	
P(state): 0.0332389

State number: 13
10001100
10101100
11101100
11001100
00101100
00001100
01101100
01001100
100101100
100001100
101101100
101001100
111001100
111101100
110101100
110001100
001101100
001001100
000101100
000001100
011101100
011001100
010001100
010101100
distribution: P(0) = 0.445261	P(1) = 0.554739	
transitions: T(0) = 1	T(1) = 4	
P(state): 0.0648275

State number: 14
10010001
10110001
11110001
11010001
00110001
00010001
01110001
01010001
100110001
100010001
101110001
101010001
111010001
111110001
110110001
110010001
001110001
001010001
000110001
000010001
011110001
011010001
010010001
010110001
distribution: P(0) = 0.218694	P(1) = 0.781306	
transitions: T(0) = 26	T(1) = 0	
P(state): 0.0382859

State number: 15
10011010
10111010
10101010
11111010
11011010
00111010
00011010
00001010
01111010
01001010
01011010
100111010
100011010
100001010
101111010
101011010
111011010
111111010
110111010
110101010
110011010
001111010
001001010
001011010
000111010
000001010
000011010
011111010
011011010
010011010
010111010
distribution: P(0) = 0.867612	P(1) = 0.132388	
transitions: T(0) = 7	T(1) = 23	
P(state): 0.00874636

State number: 16
10011011
10001011
10111011
11101011
11111011
11011011
11001011
00111011
00101011
00011011
00001011
01111011
01101011
01001011
01011011
100111011
100101011
100011011
100001011
101101011
101111011
101001011
101011011
111011011
111001011
111111011
111101011
110111011
110011011
110001011
001111011
001101011
001001011
001011011
000101011
000111011
000001011
000011011
011101011
011111011
011001011
011011011
010011011
010001011
010111011
distribution: P(0) = 0.623407	P(1) = 0.376593	
transitions: T(0) = 6	T(1) = 11	
P(state): 0.038506

State number: 17
10101011
110101011
distribution: P(0) = 0	P(1) = 1	
transitions: T(0) = NULL	T(1) = 11	
P(state): 1.37521e-05

State number: 18
10100000
11100000
00100000
01100000
100100000
101100000
111100000
110100000
001100000
000100000
011100000
010100000
distribution: P(0) = 0.384892	P(1) = 0.615108	
transitions: T(0) = 21	T(1) = 10	
P(state): 0.0153749

State number: 19
11010101
111010101
011010101
distribution: P(0) = 0.5	P(1) = 0.5	
transitions: T(0) = 15	T(1) = 17	
P(state): 2.75043e-05

State number: 20
10001111
10101111
11101111
11001111
00101111
00001111
01101111
01001111
100101111
100001111
101101111
101001111
111001111
111101111
110101111
110001111
001101111
001001111
000101111
000001111
011101111
011001111
010001111
010101111
distribution: P(0) = 0.546218	P(1) = 0.453782	
transitions: T(0) = 3	T(1) = 5	
P(state): 0.0330051

State number: 21
10000000
11000000
00000000
01000000
100000000
101000000
111000000
110000000
001000000
000000000
011000000
010000000
distribution: P(0) = 0.444444	P(1) = 0.555556	
transitions: T(0) = 21	T(1) = 10	
P(state): 0.0106441

State number: 22
11101010
01101010
101101010
111101010
001101010
011101010
distribution: P(0) = 0.818182	P(1) = 0.181818	
transitions: T(0) = 7	T(1) = 19	
P(state): 0.000151273

State number: 23
10110101
11110101
00110101
01110101
100110101
101110101
111110101
110110101
001110101
000110101
011110101
010110101
distribution: P(0) = 0.130952	P(1) = 0.869048	
transitions: T(0) = 22	T(1) = 16	
P(state): 0.00115518

State number: 24
10010010
10001010
10000010
11010010
11001010
11000010
00010010
00000010
01000010
01010010
100010010
100000010
101000010
101010010
111010010
111000010
111001010
110010010
110001010
110000010
001000010
001010010
000000010
000010010
011001010
011000010
011010010
010010010
010001010
010000010
distribution: P(0) = 0.794167	P(1) = 0.205833	
transitions: T(0) = 7	T(1) = 8	
P(state): 0.0123082

State number: 25
11100101
11000101
01100101
01000101
101100101
101000101
111000101
111100101
001100101
001000101
011100101
011000101
distribution: P(0) = 0.110811	P(1) = 0.889189	
transitions: T(0) = 24	T(1) = 16	
P(state): 0.00512955

State number: 26
10110010
10100010
11100010
11110010
00110010
00100010
01110010
01100010
100110010
100100010
101100010
101110010
111110010
111100010
110110010
110100010
001110010
001100010
000100010
000110010
011100010
011110010
010110010
010100010
distribution: P(0) = 0.811653	P(1) = 0.188347	
transitions: T(0) = 7	T(1) = 25	
P(state): 0.0270642

State number: 27
10001001
10101001
11101001
11001001
00101001
00001001
01101001
01001001
100101001
100001001
101101001
101001001
111001001
111101001
110101001
110001001
001101001
001001001
000101001
000001001
011101001
011001001
010001001
010101001
distribution: P(0) = 0.241103	P(1) = 0.758897	
transitions: T(0) = 24	T(1) = 0	
P(state): 0.0250014

