00001110000001110010110000110111000111111001111001100110000110110100110011000011111010111000011101000001111000000110001100100011000100011111010001100100011100110001110000111100011000000001111000110000000110110111010001101101110011010010001110011000011100011111000000011011111000011000110111111000110001011001111110000110011110000001110000000100111111
00111001000111011011011100011110000000111000011000010011110001100001011100110001011000011110000110100011000111001000001100001100011100110111100000100111001000011001100011111100111000000111100000010000110111000011100110011101001111000010111100010011100100111000011000011100110011011100011100110011000000111000000011001100011100011100000001110001111111
00011100000111001001110001011100000111001110100000111001110011000010001000110011101100110000111110001111000000110110000100011100011000011111000110000011111100011001011001111100011000010111000000010011110000100100110010111100010011110011111100011111000110010001111111110000000111000111000000110011100000001001110001100011101000100110000111001100110110
01111000000111101100000010011000001111110011100000111111100011110001011111100111100110001100011100100011100111111100000111000111100011011000000111111001101100100000001001000001011001000110011011111000001101100101100001111110000011110000111000100100110011100011100110010001100101100111010110011001110011110000010110011100111000110001111110000100110111
01111111111111000110000011111001100110000011110001101111001111100000110100110110111000000001110111001110000011110011111111001101110000110010000110000111111000001000110001100001111001001100100111100011111111001111100011111000001110000111000111001110001000110001110000001100001111100001110010110100000111111100000011110011111000110010011000111111100000
01100111101110001011100111111111001110000001110110110011100011000001000110000111110100110001001110011110010010011000011011000001111110001000000110110011001100111100011001110000011001111100100001100001001111000011100001111000111110011111001000011111000111001011111001001100000000011010011111000110111000110010001111100001100001111011110001000011101000
11000100011100011110010000011100011100000111000001110011011100110100110110000110001101100000011100011000100010111001100111101101100011011110000011110011111000110011110011000110000100011100011011110110000110001111000011000110010111000000001101100100110000000110110100011001101100000011111000111100011111111100011110000111100011001100011111000011001001
00111000111110000111100110010001100111000110011100111001101110001111000001001100011101100000001001001111000111100110000011100101100110111100011100110000100111000110011010010001110000100111000100111000111011000011100111100011000110010111000010011100011101000110111100011000011001100101110000011111001100111001100111001111110001100000001111100011111000
01100011110001100111100001101110011100001001100000011100000111000111110000111000011111000000111100111100011001100111001100000111000001110001011001101111110001101100110111010001011101001101001001000110011000011000110001101100011110001110110001110011000111000101100011011001101001100111100100011101100001111000111110000110110011000101001100100111110011
01110001111001101110000101110011110001101001000001110001000011001011000111110000111100000001101000111111010110000011111000111101001111100011100110001100000011100011011001001100111011101100111101100001100101111100011110011000111100001111000001100110011010001111000001011000101111001111100000111100100100110110100100001100011001111000011000111100111100
00000111000110110000111100100001110000011001000011100110011110011110000011110000011000000110110110011101100111110011010011111001100101100100100110100110001101110000010010011011100011110011110000010001110011111110001110010001101001111100100011100011111110000100100011111001101110010011010001111100111111000000110011110001001101100010111101110011001110
11000110100001111001100011001011100011111001100110100111100010011011001111000010001110000011110011001111011111000010011001110011001111100001100000000100100111011100001100011001001001100100000101101111100110111110010000001100110111000011000111001011100100011100100011111111101100111011000011100100011001110001110000000111001110111011001110000110011011
10011010010011100011100000011100100010111001000010011100111000110000111100011011001100111101101001100111111000110011111111000000111100111100111001100011001111001100000111101111100110000011110000110111000110000110000001111110011110010010011110000110000000110001011001110010010001111101111000100111111000110011001101110000111011000011000001100001110100
00010111001101110010011000001100010000011000110011100011001100011111000111111000011100111100100110110011111000111011111001100000011111000000110000011110011001110011100111100111011001011000111110000011000110001100111100001110111001111100011100110011111000111111110001110000111100000101100100001101100000011110011001111100001101000011100111110000110010
10110011001111110000001111000011000111110010000111100011110001101111110010000011100100110011100111101001001101110001100000111100000110011111101100011011001110000111110110000111000011000100111110110110001001111000111110010011001111001100111110001100110100100110001110110000111100011100111100111001100011010000010011000111000000011011111100111001111110
00011110001100111000111111100011100110011000111111000111000011011100011001110001100000100010000111110011001110110011100011001100001110110111000111001100100011000111011000011110011111110011110000011100000001100010011110010100111111110011101110011111000110111000110011100111001100000011100111001110000110111011100000011000111000111110001100011000111011
10001111000111001100001111001111000110110000000111100011100000011100110001100111111000001110010011100001011110010011000001110001101110010011100111110000011111100111111001110000111001100000011111001100000111000111100000000111100001111100011111000011001100011110011001001100001001111100011010001111110000000011001001100000011001000001100001100000001111
11001111111011010001111111001110001100110000011100000111001001110000011100011011000000111111001110010100011100001111100011001100111011110001100111111000001100111111100111111100110011110000110001011110000011111110011001101001101100111001110010010111000101101100001111001011001100001110001110011000011100111111000011011000011000001100111101001000011111
00001110001100100111100001111101001111001100110110011110000001011001101100011001111001100010001011100100000001111000001001100011110110011111001110011001111100010011110001110100011001111000110000001001101100111001100010010000010011111001111000001101100110001111111000011000110011111100001110000011111001001111001111101110001011001111001111100000001110
00011011100111000111111000101111100011100000111100100001110001100011011001000111000011100100001100111010000000111100011001111001111000111001101100111000100110111101100011110011001100000100111100111100001101001101111110001101110001100111111100011111000111100011000110011111000011100011011000011011110001110111001110011001110000111110000011111000110110
00111100110011001111000100001110011111011000110011110010010011000010001100100110010111000110110111000111110000110011011100011001001100111001000110011001110001110001100111111000001100000111101111001100111111100100100010001100001111000100110011111001111001110000111000100111000110110010111110001100100110011001111110000011111110001110000111001001111000
01100011111100000111110011101001001111111001100000111000001100101110010001000110011100111011100001000111001101110110000110011001110011111001100111011001101110011011001001100111110110001101100011011100100110001000111001110000111100100000111111000011111001101110000111110011000110110001111001011000100111100011000011100111110000110000011100111001011110
01111000110111100111000010001100011100110011001110011001100111100011111000111110000010001110011011001100100001111100111111100011010011110001111101000111001100011110000111100101100011000110011001101111011100011001100111000010011100000110110011100110011110010011100001100110011111000110011100001111101110011001111000001110110110001100111110001110100000
00110011111100000111110001100011111110011110011000111000001110011000001100011001110010011001111100011111000111011010011011100011111001111001111100000111110011000111111111100011111001110001000111100011100100111110110001110110111100011011001110111100011111001101100001110110001111111001100111110100010010100111100010010011101111001101100011000000000000
00110011101011011000001111100010011100111111000011100110011111110001110001101100001110010111001001111101110010000110001100111100110010011110001100011110000011111011000110111101111000011101110011001110001100011101100110001101111111001111000100111100110000110001011100110000110011001001111100011011001111110000110011000100110011100011001100111001100110
00011000010001111100111110000011110001110001110011011001000110110001100111001100111110000011100111100011100011001011101000111000010011110011001100011110001100011011110011100000001111100110011110011001010011111011100110001111110000111000010011000110100110000011000011001110001100111111000100001101111001100111110000011110001110011000111000111111001110
00110111000000011001110011001111001000001110001100000111101110001100000111011100011110001011000111111110011111000110000110011011110001101111101100011111100111011100001110001110001011100011110011000110000000001100001011110011101111110000110001100100111000001001111001100000111011001101100111100110111111000111100000110001101111100000001100111111100110
00110011110011100010011100110011110100001110000111110001101100001110000011111111000110111000011011111111001100100110011001000110110011001001100010011100011011000011100001011100011011110011110010011100011111100000111100000111110011101100111111000011000110111000011111100100111001100111100111001100111110001101100000111100100011110011100011001111110011
00110011100111100110001111111001101100111100000100000111000101111100100110100011000110011111000010111001101110111110000111110000111111001101111100111100000110001001111001111000011111100110011110011100110000011000110111100111110000110001111100110001111000110111111000110011100001111110011100011001110011011111100110011001110001100111111001110110000010
11011100001100001111001100110011111000001110000011111000111110011111100000011101100110011001111001010000111001110110111010001101100011000111000111100110001101111000101111000111111000111001100111111110111001111000001110011000011111111110000001100001111000100011111110001100111001110011100100100110000111011100110011111100011100100110000011100111100001
00000011100011111000000110000001001011001111001100111001111000101111110011100011000110010011100000011000011100110000011101011110011011110001001111101111000111011100010011111111000001100111100110000111100001111111110001111111100000010011011011011100110110001110001111001110001111000111111100111100111000110011000011000111100011111001100111001001000011
11100010011001111000100111000011100110111111001101110000111110001100111001101100001111100011000110111000011100000111001100111100011100000001111000110110001100111011011011100110010011111110001111100010011001001100100100111111000100111110010111000010111001101100101011100110011011000110000011111000111110001111110000001001111000001110011001111000001001
00010011001100011000001100011011100110011100001101100011111001111110011000110011110011001110110011100001110011001111100001100110001100111001110001001111001100000111111110000011001111110011011000101110001100111100000011100011011011111000100111011000110000111010001111111000110001100110011001110001100011100111000111110011000111110011100100111100010011
10011001111001110001110011000110110011000110011111100001100110110001100111000000111001100110010011110001111100001100011011011100000110001110011001111111001101100010011011100111000110011001100111100111000100111110001100111111000001101111001110100000111011111111000111110111001100111000110011100011000011110011000001111111011001100111111001100110011001
00111111000110011001111001001111100010011110011101110011100111011000111000111110001100111100110011101110011011100110110001111100110011001101110110011000001101000100111000111001100011100000000111100110011111000000011000100111011000001110011111100011000111011111011000011100011100111100100110011100111001110001110011011100110011100011100011011110001101
11011011000110101100110001111000110011111000001111001110000011111100110011101100110010011000110011110000010011100110011111110111001001100110001110011110011100110011110011110110000110011001100100111111100011111000001101100111101100110000000110000100111100011000111111100110011111001110000011111111100110011011001001101101110011000100001111100011111100
11001111111111001100111000000000111110001100001111000110111111000110111101000111110001001111000100111001100110001111100100011111110001100100011100001110011100010011111110001110011000110011000110001110011000111001101110000111000110011100000011000001111001101100011000001001111000111100011001111000001100000011100011110000100111000011111001100110011111
10001111101100110001100111101110001110011111001110001110000111001101111111000001110011100010001111110011001110011011110000111100111110011001100000111110111001100011100111001100011001101100110110100111001100001111110010011001101110110110011101001111111111111111000111000100111101110011011111111001111100111000110110011000011100110011111111110001100111
00001111000111111100111000001110001100111000110011011000110011111000000111011100011000111110001101110001101110110010001001110001001100000011110011000110001110110001110001111000110011000111110010111000100111101001110111001100011111111100011100110011110001011000111000111100110001111000011011111110011001111111001100110111110001000111110111111110110001
00011111110001111100011100011110001110000010001100111111111100111000011111001111111001111000011101110110001111100000100111001100000111100010011100111100111001101110110011011000011110011000110101110010001110110011000011100111000001001110011100011011110111111100010011100110001001011100110011100011001100110011000011111100111100011001110001110011000110
11111100110011100000110011101110001111100010001111100110110001111100111100111001111001110011000111000011100111001100011111100001100111100010001111001100111110111000000001111110011011001100011000111111000001001110011000111010000111111000111001100111100111100100111111000111110000011100011100011001100111111000001110011000011100111100001111110011000110
11000011001111111001100110000011001111110001101101100111000011111100110011011110011011110011111110000110001111001100011100110100111100011100111001110001100011001111100001001111001110011001001110010011100110001100111011111101111100010011110001110111100111000110111100011111110001100110100011111001110111011000000011100111001001111110011001110001001110
10000001100110110110111100011001111000110011111101101110001001110000011110110001000001110011011100010011011011101000111000100111111000011111000110001101110011001111100111100000110011100111110000110110110111111001100011100010001000001110001100011100010010010110001100000011100011001111001110000110010011101101110011001111111110011000001110011001100011
01100011001111000011101100011001111100110011111000101100000111100011011100110011001001100110010011000111110011101100011011111000111001111011001011101100011001100110000001111111000110011110000000111001110011011111111001111000000111000110111100001110011110000011001101100111000011100011000001111001110001111000111110011001111000011111000110011100001100
00110001101110010011011100001100011111101100001100111111000111000111000011000110111001100000111111001101100111111110001111001110001100011110001110011101100010000111011110011100111001100111011100011000001100001101110111001100001111001111110011100010000111000110011100111111100011111001111111000111001110011101101100100110101110011100001111100011101110
10000111011110001100111111110001110111001111111000101110101110001101111110000011111000111011000111000001111001111011000010011001100010011111110001000111110001001110110011001101001111100111111110000110000111111111000000111111000110010000111110001111100111100111011100010001110001101100001110011001110001100111001100111110001100011100001110110001100011
01111011100011000011101110111100011001110000111111000111100011111000011111000011100011011100111100100111111000111110011111010001110011110011100011110000111000111110011001100111011101110001110111011011011000011110010000001111100111100011100011001111111100110001111100001110000011100110001110110111000010111111000110000000111000001001100011100011011010
00011100011001100000111110001110110000010011111100110000100001100000111001100011010000111110111000110001111100011100111001110011111000000110011111001111110110110011110001100011111001100011110001110011111110011101100011011001110011000111111000110011000011100111100110010000110011111000111001100110011110010111100111111100111001000110000110111000100111
01001100011001111111000011111000111001111001000000111011100110010011100110001100011111100100111001110011001100111000011110001100111000111111100001110011110001100001001111011000011001111111001100100111110011011110011110011110100110001111101100110011001111001100011111001111111001111000011011100111001110110011101110011000100011110011100010000111001100
01100010001111100111100110111000110011111000111001100110000001111000011000110001110011100011011001011000110011100110000001111000111001100000011111111000111000111100110001001111001100111110001101111001110001100110011011001100011111111001111100111100011100111111100100011100111111100110010011000001100111001100111011001101110001110111111011110011000001
11110000011000001111110000011101110001101110000011100110001111000110011111111000001111100111001110001110001100011000000110001110010001100011011111111111101100011101110011000111111000111110010011001110001100000110011011001100111000011101100001110011011111100001011100111110001100110011000110011111100001000111111001100111111000110000111001100111000100
00010011100001110011111000110011111001100111011100110001011100110000111000110011101111001110001111001100111100000011101100111001001111001100111000111111001100110011101111111011110001001100111111001100011000111110011110011001101100011100011110011001110110011011000110111001111110000110011100110010111100011111111000011110000111000100111011110001100011
01100011111110001100111001111111111100110011101111001110001100111000111111001111100110001110110011100010011101110000110111001100110111110001111100110001111011110001101111100111001101100111001100001111110011001100011100000001111000110111011110011100110011111111000111001110011010011101111001100010001110001111101001110011110010001100111110001100011111
00110011110000010000110001110001100011011101100111001100111011001100011000100111000110001101110001100011001100110110011100011100000111110001111001111001110000111001011110011000110010011001100111000111000011110011001100100110011100011101100011100010011111100110011111111000011001110001001100001111100000000111100111111101110111000111100000111110001111
00011111100011100011001111100001111000110001100111111100111100111111001111000111011110000111100111100011000110011000011000011100011100010011110000111100111110011000111011001100101001110001110001100111001110011100111011000111111001110011011111011001111111000110000011111001000111011100000100011001101110010111000110001100111001110011110001111100110110
00011101110001011111011110010001110011101100111000000110000100111111000111111001111110011100111110001000110000001111111100110000111110110011111000110110001110000011100001111100110011110011001110001011100011000100111110011011100011000110010011011001111100011111000001110001111100011111100001010001111110001100010011111000111011100011001000111000000111
00100111000100011001100101100011111011111110000110011110001100111110001101110001001110010111001100011101111100011110111101100110011111000110011110011100001111100011000111011001110011001111000110011000110110011100111110001110000011011000000111100111001100011100110110011110001110110010000111111001111011001110000010011111100110000011111001111100011001
11100011110011101100111100000110011011100110001101100011110001110001000011110111110000010100110001100111111000111110001101101100001111111100011001111100011110000111100011001100000011000011110001000100000111100011110001100010011100110110011100011100000110011110110011100111111000001111000011111000111110001110000110111111001110000011000000011110011100
00111011110011001100011100110110110000111110001111100000111101100000011111110001110011001110000110001110011011100011100010111110001100011000110111111100010011110111100011001100110011111001111000010010001100011001100001100110001101100011111100111000100000110111110001001111011010011111000111101110110001111001110110001111100011001101100011111000000110
00111000110111100011100110011111100111000011101111000110011001110000100110011011000110000010110010010111001101110011110011111110000000011011000110110000001101100011100110011100010000011101101100011111000110000001101100001100110011101110001100111001100011001101100011001110001111110000001110000011111100111001100001001100111000110111000110111011000110
01111111001110000111110000111000110111011100011100111101100011100011001111110001110001110010111100100011100111000110010010111110011011000000111011111001110001000111111110000000011000011111110011100010011100011110000001101110000011110000111000111111000011000110011000100100111100110000110000011011111000111011100110001100011000111001111111000111000100
11100000111000110011000011001100110110001000111111000000110011100100110011000011110001100001101110001100110111000111110011000001110001000111000001101110001001111000111001110001100001100011100111011000000111111000110010011111100000111111100010011100100011111001110011001011100000011000100110111111111111000111001110000001110011000100011101110011011001
00000110001111000110001110001111100011000011100111000011111110011000100111100011110111001110010001100011000011100111111001100011001110000000111101110010000001111111000000111110110000000001111100111011100001110000010011110011110011100100111000110111111100011010011111000111111000111001011000011110001111000111001111100101110110110001100001110000111101
01011011001111111110011000011110001101100011101110011100110011101000111000110011001110010001110111001111101100111110001110000000010011100111000110011110001100100111110001100011001110001100101110001100011110011100111000111111001111100011100000001110010011110111000011001111101111111011110011100000001100111111111000110011111000000111110001100110111110
11110001110000110011100011000011001100111110000110000110111100011000011000000001000000000100000010000011111111111111001110011101100111111100111011111000110000111110000111100011001000111001100011001110000111000011101111000111001110000011110111111111000111000110011011100110000111011001100001100011011110111100100011100011000110001011111001100000111111
01111100011100011000101111100111000000110110011100000111110011100010011110011001111000110001100111000011011100011111000011000111001101110111100011000001110001000111110111001000100110111110000000111100011111101000111001100001100100011100001111001001100100111101110000111111000011101100000000011110000000111001100010011100100010011001001100110011100000
11000111100110001101110000111001111000110000000111101110001100100111000000000111111100110011111000110001111110011100111111000011111101100000011110001100010011110001100111110000111001110001100001110001110011000000111000111011110001100111000010001111001111000111010011100111100000110111001110111011011100010001100111100011111100110000100111001111100111
00001100011000110110011100110001100111111001111001110001100000110011111100001111100000110100011110000101111111000000101110001110010011100110011011000110001110011101100111000110001110001111100011111100000111011100111001101110001111110010011101100110000111000001111010000111000001110011101110000111111100110001100011111001110011100000001110111110000001
01100110000111000110110001101110000111100001110011100111000111001110001101101100001000111100101110001100011000011000111000110000011001100110001101100111000111100000101110011001100110011011111001100011011000000111001100111100100011001111000100110011111001110001100001000111100110001101110001011111100000101110000111000101110010001111100011111000110010
01100010011111001110011100010011000110011001111000110011000111111100111000001100001100010001111111011000100111000111111110111000000111100111001111011001110110011100100111010001111100000011101111110001100000011101100110011111001111100000110011111110000111000110011001111000011000011111100000110000001111011000110001111110000000111110011000110000111111
00011100101100011100000110001100110111110011000000011001111100011110110000011000011001111100011001101100000110001110001111001111100001100000110001111000110011100110010001110000011001100111011110001100011111000001111100010000011011100101100011100110001111100011100110001100110000000001100110001111000100111100111001100011000000111111000000000111100001
11110111001100111010011110111100011001111001110011111000000001111100111100011111000111000001110011001110110011001110110011100110110000111100111000001000111000001011100011111100100101111110011000110011001100011101110011110000000011111100000011001111000110010001100011110001111110011000110001110100000001111000110000110001111110100011100011100000110011
10001100111110000111011110001000111100000011111100000110011000100110001100111000000111100011100000000111111110000001111111100011001110001101111111100011100000110000000111001110011001110001000011111001111111100011100100110000011100001110001100011100111100000111011011100000001111101100001100111110001100000001111110000111100111100100001111110010000011
10111100111000100000001110110000111001101100000110111000000011000111000000111000000100001110001000011111111001000110110000111111001111000111001110011001101110011000011100110010111000111000101111000001101011110001000110111001101011100110001111001111100110011111000000110000111001000011011100011111111110000000111111110011001111110000111000110110011011
11100001110001111100010000111111100111100000001111111110001110001111100111100011000001111110001111100011011000110000100111100011111111100110000110011111100011110000100011100110001110000000110000011111111001001100110001001100111000001001111110011101001111000110011001111101110001100100110110000110000111111110000011110000000111110001100001110001110110
00001111110001110011000000011000110000001100000001111110110001100111100000010111001100011001110000111001100001001111001100110001110001100000111000111000001111000000011111001111110011100000001111111100011011000111111001110001111000001111000111101101111111000011100110011001111111100100110001110000111100010111000100111110001000000011100000011100000011
00011100111001000111000110000111000011111100011011110000111111011000001100011000011111100111100010000000111100011111110000011100111000011110010000111011110111001111100000111001011101111001101000011001110011111110011011100011110011011110011100000010011111100000011111000110011111100011111100001100111100000001110000000110011000111011100011000111000111
11111110001000111110011010110001111001111000111000110001110011110000011110001110001110011111001100011000001110011111110000000000111000011111100110001001110011100110011110001100110111011001111000110000110011011110001001110000010011000111000100110000111000111000100011011110011110001111100000011100111100011110011000111100001110011000100110011101111001
00001111000100111110001111000000011110011000011111000110011111111111000001100010110011110011000110001100011101100110000100001110011000110011110111011000011111001100100111001101110000111100010011000111000110111001111111111001011000011110000111111110000000001111001100110001110110011110001001100110011001100111100110000100111110011100011000010011001111
00110110000001100000000111111110001100001101111001111111110000110111011110011110001111001110000111100011000001110011110011000111011001110110001111001110011000110111110110001101100011011111000111100110011011000111000111000000011001000111111100111100001111111100011100011001111101100111000111011100110011000111100011100000110011000111001100011100111100
10111011100011001110011100001110001100110111000111011001100110111000111110000110011111111000110011100011101110100011100010011110111110001110000111000111100011000011100011110010001001110001111000110011000111001111000110010011110011111100001111001111000111000111001110100001101100000111001111111110001100110100111000110000111110001101100000111000111100
11100010111111110011100111000011110011110011111110001111110011011110011011100011011000001110100011101110001110000100110011111100111000000000111100000111111000110000001110001111100111000000110100111110000010011110001100001110011111110001100111001111111111011111000011000111110011111111100011110000111000001100011100011001100000011100111100011100000110
10011110000000100010011110111000100011001100000111100011100100011101100110011111000111100110001110011001100111100011100111100000000111111011001100000110001110011000111100010011011101110011011000001111001000111100011011100011001111100111000011000011110000000111100000011111110000001110000111100010001111011111100100001100111100011100000000111011000111
10001111100001111111001111100000110011110001110000010011000111100011001100100000111100011101100111100001111111010001100110010001110000111001101110000100111100111100110001111000110001110011101000100111111000100011000011100000110001111110001110001110000000011000111110000110100111111111100100001001111100011111001000011100011111000110001111011110000001
00011100011100111000110000111110000001111110000000000111000111111100111001000000111011101110001100111000111001100011100101101100111100011000110001110010001110001000111111001100011000001101111110001111000111000111001100011100110000110111011111000110000011111100000111100010011100001100001100111001100110011011001000111000111100010011001111101100011100
11000011111001101100011100110011111100000111000101111001000011111111000110000111001111000111100000000010111000111111000100111001100100111110011000111110001110111110011001000110011100011100100111111001100010011000010001111011100011001100011110001111110001100111110001100001101110111100011011000111000011101111000110011111110001000001111000111000111111
00011000110011000000111111111000100001111001001000111110001101110000111110011111000001001111011011100000100111111000001100011001101110011111000111110111000011100111100011000110001111000100110011100011001111110000011111111000110110001000111111110110000001111100100011111101100001011000011110010110011100100110000000011101110001100110001111000000001110
10011000000011111111000011000111000000111111001001000111000000110001111100000001100010011111110110001110001000011011111110001111001100000000111100011000011110111001000000011111001111110000110000110001011100110001111000010011000001111100111000001100011111110001111110111000110000011000111011100011110001100110010111111000110100010111000111100110000111
10010011001000100111001111111110001001111100011111000000001110001100110011001111010001111000111001100011111110000100011111110000011000110001001110100111000110011111000000111000111100000111110000110000001111100011001110001111001100110000111110001111110011000100000000001111110000100110001100011111000111110000001100000111111000111000110011100110011100
11001111000000100011101100001110111000100110001101111001111000110000111010011011100111000110011111011111001110001100000001110110000011001111100011101110001001100000111111000110001101111100010011100111000001110111100111000001010011110001111001100011001111000111000110110001100011100111000001110011000000110001100111110010001110001110011011001110000111
11100011100001000111011000111100100011110010000111000000111111111001100011100110001110110010110011100000011100111000100111100100011110010001101110001100111000000111100001110000111111001100011111100110110011000111110011001110110111001110001100011110000111110001100010010011000001110001100111100011011100111001001111100100011001111001101111100000111001
00010001111000011110011100011100001100011100011000100010011111001000111001000111100000111111001110000010011111001000111001010001101100010011001110000011111001000111101100110001000110011100111000011111000000110011111100000110001100000111110000001111100011000111111100111001110011100111011100010011000001110011001001100011110001110011001110001100011011
10000011110000111111111011000011011110010010001111000010011101100111001001000110000000000000000110000011000111111111111111111100110011100011101111111001111011111001110011100111111100001111100011001100011100110011110001110001110000111111000111100011111000001100011011100010111001111110001100001100110001111000111100000011111100111111000110000011111111
10111110011001100111100001111110001100011100011111000110011011000010001111001111000001100011100111000000011111111000111100010000011110111000110011000010011000111000110111110001100111101100000110111001100001111110011000111001110001110001111000110110111100011111100010011100011011110001110010111110110001111100111011110011000100110011111000110001110001
10000011111000000111111100010001110011001111111000111001000011111111001110001100001100100100111100011000011111000000111110001100111100111110011000110011011000111001101100111000100011111100011101111100000011110011100111000011000110010110001110011100001111000011000111001110000001100111110000111000000111100011111000000011111110000011111100011110110001
11011111000011000111000001110000111000111001100011100011001111110001100011111000000011000001111110000100111111000001111000111111100011111100111100000111110010111000110111100000011110011000111011000011100110011111110011100110000110011110000000110000011100001110000011100010011001100001111100011100011011000010011100000011100001100111111100000000011111
01100000111110011001100111001111000010001111111001110000111111100001111000111100001111001100011100111001110001000111001110000010011111110011100011001100111100111110000011011000100111100000011111100000011101110100111111111000111111001100011100111000111110001111100001100000011000111110011000111100111100000111100011000111000111110000111011000100001111
00100010011111100000110000110111111110011100011011000001011101111110000011100111110000111100110001100011110001101110000110000110001111110001000010011111001111111000001110001111111111110000101101111000001001011111100011000001111100000001111101101100111000111000110001110000001111001110000011001101001100110011100000001100110011111100110001110000111100
11111100000001011100001111100010011110011100011100100010111100011111000110011111100010011001110011111111001100010001100111001011100011100100111001110001011000110000001110110010010001100001111111111000110111000111001111000011111100011111110001000010011111000111110000000111000011111001110011110000111011000111001100011110000110111100001111111000111111
10000011001100111000001110001110000111110001100011001111100001100111000111110011000110010011110111011000111001100111001000011110001000111100000010001110110000011000001100011111100000000011100000110011100110000001100100111011000110011100011110000011110000011111001110001100011000001111111111100011000000001100111110110000111001100111000110001111001101
11110001110110000111110000110011110001111000101111110011011100010011011001110000110000011001100000111100001110110011000000001100010111110011100011000111111111101110010000111000001111000111101110010011110001001110011001101110011100111001111111111111110011000110110011011100000110001110111110010111110001110110000111111100011101110000001000111100011110
11100100000011111000100110000011000111000110001101110001100110001111111101100111111001100011000100111100000111011100001000111111000111000111000001001111100011100011101100000110110011001110111000001001100111001100100011100000011000000011110011001100111100011000011100111000000011111000011111000100111111001111110001100011100100001111111111100010001110
01000111011100001100100011011111111000111111110000111110011111100001011100100110111000110011001000111100011100010001111100111000110011000100011111111000110011100110001110000011111100111011000000110001111001110001110001100110111100000000111001100110111101001000101111110010011101100011011101110001111011000111110010000011100011001000000011001100110011
00011110110000111110001001100111110000001111100011110011000110110000001111100001111111111111000111100111111111001111100001100111000000110011110010001100111000001001100001110000111111111110001111000100111011101110000110001111001001100111101100011111110001111111001111001111000111111100000011100111000111001100100011101111000001100011111000011100011110
11100111000110011100011101111110000001100000111111000011110011100000001111111000001001110010100011000111100110001000110001110001110000110011000111100100011000100111111011111100011110001111001111110001110100011111110011100010001100111000111100011000100011111000001111111111001101110010000111100011101111110000001111111111000100000111110011110110000110
10000110111000000011111000001100011110001110011110110010001100111000111001100111000111000001100001011100001101110001100000110011100110011011100111100000001111111111100000011101110000111110000000011101101100111111100001000101111111100000111100011100110011001111010001110011110000110010111110001001101000111000011000111000101110000001111111000110011110
11110000111000111011000000011100111001110000011100111001100110011100011011111000000111001100011011100011111000110011111001000011101100001000001100110001101101101110011110010000011101110011000001011100011110000001100111111111000111000110111001111010000011100110001111110011011110011001110000000111110001110000000111110001110001000111111100011001100011
10110000111111111001100000001100111111110011000011111000000010011110001100110111100000011001111001100001100000111110001100000111000000111110000010011111010001001100111011110000001111100011001110000101100000011111110000111000001111111001100001111111100111000000001111000111111100000011011000111110010011100010011011100111110011110001100000000101110011
01001100111100100001110000111111000111100011111000100110001111100001011111100000111000111110110001000110011110011111110011000111111110010001110011100111111111000001110001111100001110000111000111111000000011000111100111011111001100011111100011000111111011111000110111111111111110000011000111000111000001111000000011100001111001110111001100100011100101
00011000001111000001111000000111111111100000000001111111011110011100110001100001001001111011001100000011111001100110001011100011000111110011100011110110001110011011001000000111001110100111000110000000111000100001000000111011111011100001100010111100111110111110011100001111000111000000111100111100110111001000111111100011100000110111000111110011000001
01110001110110001100000000111100001001100111110001111100110011100000000011111100000011111001110011000110111000001000011100111100010001111111101101100011111001011000111100100110011101001111000100011111100111001101001100110001100111111111000000001111111110000001111111000011100111000111000110111110000110000011110011000111000110111111111100001110001111
11100101111111000000000111001111111111001110011110011100000111000100011100111011100111010000001100111111100011011110000000111111111000111111100000001001000110001100011110000111110000011110001111100000010111111001000010010001111110000111100110110010011110001111110000011100111111000110111100000111000011111100111000001111100110111100010011000111100000
11111000011100000111110001111101111101001101100011111100001111000011111001100001001111100011100011000111111111001100000001001111110011000000001111111100000111000010001111000111111000111000111011100110000000011100100110000001111011111001111000010011101111000110011111111000100001111111011000100011000111110111100000110001000111100000001101110000011101
01110110011111100000011100000100101100111110000111001111111000001111001100001111000011000111111000111111000011111101111000110110000001110001111110000000111111111100011100011000001111111111001100110001100011011111101101111000000001111111100010001100011100011111100011100001001101111001110000011100010011011111001100001110011000110000111100011001110011
00011000001100111100111100010000011111011101111100011100001110001111111001001110000000100111110010001111001110000011110100110100011100000110111001111010011000110011000101100000001111001110001110011001111110011000011111000000011100001101111100110011011000011111111110001100001000001101100111111000011100010001110000111111111100110000110011100011111100
10000011111001111100111001110000011100000110000000111000011111000010000001111111110011110001001100111110011000000001111111101111001100100000011111001110000111100001111100001111100110010000111001111110000111000010011000110000000111111001100011100011101100000011110011100000000000111100110000111100011110111110011000011001100011110011000100001111100111
01100001110001111000101110011100011111000110000011110001110011111100010001111110011110000110001110011011001111100011110001000111110000011000111110001111001100011100011110000111000000010000111111000001110011000000010000000000001100011000011111111111111011110001100001111100011110100111000111111111100001111111000110001110011100110000001100010001110011
11001111111100001111111110011110000000000111000111110011000100110010011001101111111111100011100010111111001110001110011001111011100001111000001110001111100110000000011100011001110011000011000000011101111001110001011111101001111100001111000111100111000001111001100000111011001111001111111111100011111100001101111110000011110100011001110000011010110011
00000111111100110000011110011000111111100000111111000110011000111111101000111001110001100111100000111111100010011100100100011100011111100011100111100110001001111000011100000110011100011100110001100011111001110000110110010010111110001100001111110000110011000101111010001111111111000000110010011100000110011101111111110001100111110001110000011000111100
01111110000111100111111000111001100110011110001101110001111100110001101100010011111100010000110001110110000011001001111100011111100111000111110001001001111100010110000001111100011111000111111001101100111000001111001000111100000111000001011100011111111111100111000110001110110010110011100010000001111110000111100001110000000001110011100011111011000111
11101100011110001111111100001100111000000011111110011001000001111000111110001100111000001111110001110001100111110011100000100000011101110001100001100011100001100111100000111000010111100111100011000011000110110011111110100110000111111011010000111100111001110001011011001000111001110000111001110000111001100111000001110111100001111011001100111100001000
01100011000011111110001100011000011111110001100111001111000001100110011110011001100000111000011110000011110010001000000011101001111100111001000111111110000111000111110011111100011110111001100011100001100011111000111110010001100011111100110011111100000001110011111110011000000011111000110111000111110001001110011001111000011100100110001001111110011100
11100110011110010001111100000111001111000011111100010011111110001110000111111000111111001111110110000110011100011100011110000011100000000111101100011110001100011110110011110001100011100000001111100000110111000111001110000111000011100001111000001111001011101100011110001100111001100010011101100011111100111110000000010111110000110110001100011110001000
10111110000111000111001110011111001111001100011100111001110111110001000001111111000001100011100011100011101110011110001110001111100100110001100000011000111111111110001100011110001001100110010000110010111000111000110100111000111000001001110001110001110001100111111001100011110001110011111101001100001110000000011100110001110001111000111101100011001100
00011000011110001100011111000000000011110001100011101100011011100000011000111100000001111001000111101110000011001100001110000011111100111110000011111111101100011111110100111100001111001101110000001111100111100110011111000111000011111100011100011110011111000000111001100011001110011110000000111011011001111000100011011110000011001111000011100011111110
10011100010011100111100000011001100011000011111110001100011111011001011000000001100101111001101100110011110010000011100011111001111001100001111100011111100000011111001100111111110000001101111110011100011001100111000001101100111110000011111111000011000011001000111001110111100011000100011100110011100011100100011100010001110111001101111000000011100110
11000011110011000000111100000111100000000111111111100110011001000001111100011111000000110010001110001100111111000100110011100011111001111110010011100001111111100000001110111000111001111001110011001111110110000111110000011111001100001111000000011111001111000000001001111011100011111000110011111111100000000011011111100111100000110001101111110011100110
11001100110111000011110001110011100111100011111000000011100011011111100011001111100011111000010000110011110000111100011000001111111000011111111110011100001011100111000011100000001110111000110001000000011111100000001111000110010111111111100001110000001111100000111100011111100101111000111110110011110000011110001111100011111111110010000011100111100100
01111000110011000111111110010010011000000111111000100001101100111000100111111111000110011111111011000110011100110011001111100000101001100011101111000011000100001100011100000001111110001110000100110001111110110001110000011110001100011001110000001110111110011000111111000110001111100111000111111000110011100000000011100011000110100000001110011001100111
01111000100111000001111000011011111001110011110000111110110011111000011001100111000111000111001000111000111001110000110110001001110000011100001111001111000011100000000111111100111100001111000110111001100001111101101110111000011100011101110000111110001100001110001100111100110001110010000111110011000110010111001111000001111000011001110111000000110001
01110000000111001000111000111100011011110110001111110010000011111000111100001110001111110011101000111111100011000011111001110001111001100110001100110001111111100110110000111011111111000001111100000110111111100001100011111111000111000000001100011101111000111000001000110011110110001100011100011000001101110000001111111100100001110001100011111000110010
11111000011000111000000111111001110001100001110000111100111001100111111110000110001110001110000111111100100000111100000111100100000111001000111110000010111100111001110001110000011100110011001101110011011001100011110001001110001100011001111110000111001000000000111101110011111001100011111111111000000011001011001100001110000000111111001100011111000100
00110010000111000110001100011111100111100000011000001111111110000000011000011110011000000001111101100111000111101111100000100111111100011000111100111100111110011001111000110001111100001100011111100010111110000111110000100111000111111001100011100011101111001100011100010011111000111100011110000011011100110110000011100011101111000110111000111110110000
10111100110011000001001111111100111000000011111111000101110001100011111110001100000111011011100000001111110001100011111000110011100000110111100011111110000110111110001101110010111100111001100001111100001111100011100001110111000001110001001111111110000011100000011110001110000111100000111101111000110001111001111000001110011110001110000001101111000011
01100011100010111001110000000011110001110010011000001100011100000001010000011011101100000111111111110000011001110000111110110011000110110011110111000101110001110110111001100000111001110000110010011111001111111001110000000000111110000101110111110000001110011001111111100000111000000000111100111111111000011000011110010110001110001110110110011110001111
10111000100011100111111100011111000110001111000001110010000011100001111110011001000111011001110011110010001100111111100101000111110111111011000111001111111100111110000111000111111100011100001110011000011111011000000111110011100011100110000111101100011111100000111100111111100011000110001101111110011100001100100111101111100010000011011100011001111001
11110001110000011100011001110011111100011110000001000111111011110001100000111001000011100011111001111101000010001101100000111111000000110000111000111000000111110000111011001110011000111111000010001111101100011101111111111000010001110001101100110011110000110110011110001000110010011000111100011100000000100110111110011100011001111100111001111110110001
11000010011111011111100000011001100111001110000000001110000011110011111000111111100111111100000000011110010011001000111100011111001111100110000110001110011001100011111001110001111110011000011011100110000011100110001100011001001111100001001110011100011111100011000001110000110111000110011101100011100110001111101100011110001011100100011100000010000111
00000111111111110110001000001110001111100000001111100010111111110011100011100110111110000110000001111111000000011100111001100001111100100011111100001111000001100011110000011001111001111000011101111000011110000011100100001001111100001100111110011000000111100010011100011111110001100110001111001100010001110011100010000001111101110011000010011111001110
00001100111001111000000011000111000110001111110111101000110001100111001100111110000011111001100001111100100001111111110100000000011101110001101111000111100000011100001111011110000000001111110000011100011011111000001111100011111111011001110011100000110111110000011011111000000111110011110000011111100000000111111111100001100011100111110001111001100011
11000100000110001110100011110000011100000100001111000011001100000011110000110001100011000111100111001110001011000011100011001110011100111000011011100011110000111110111000001001111000001111100110010001110000000011111111111100011001110110000011101111111110000001000110011101110111000111100000111011111100011001110001111001100011100110011111000001110001
01000111101111100110000000111000011110000110011110000011101110001111110011000001100111001111001110000110000111100011001000111111101100010000111011100001111001000000001111100011100110000111111011000111110000100000000111001110001000000110111110010011100110111111000001111100011111001001100000111100000111110011110001101100111001110011100110001100011100
11100011000001100111100110010011111111110011000110111011000111000111000100011100000110111000100010001111010001100011110001000001111110011111111110000001110001100111110000000001111000111100011110001001000100111110011101101111001100011101100011111111001100001100000011001110111110001110010110001100111110011000011100000011111000001001111100011110110000
01111111110000000111100000010111110000110001101110011100011100000110001101111110010111111010000000111001110011000100001111000111111100011000000110011111000001111110001100001111110000111110000011110011100000111111001100100011100000011011111001111110001000011111110111001111000111000011001100111100011110011100000111110011000111110010001000011110000111
11100110011000111111101110001110011100111110100110011100000011000011011111000000001110101111111100011000111111111100000111001110001111110111100110000110001110111100001100110001110011111000110001001111000011001011011100000011111000110000111110001000011000001110010111110001100110000011111111001110000101111110110010011100001101100000011111111100001000
01100110010011000011101100100000111100100111100010001110001101111100001111110000011110001111000110011100110111001100111000111100000000111000011111100011100001111000111111011111100100001110000011110000001111000000011111111000011110001101110001100110001100100011110000110011111000111011000001111101110000011100110000110001111111000001100010001111110000
10111000111100001111100001111000011001111000100001100110000011100000010011011001100011110011000111000110111011100011100011101110000011100110000011100001110001110011101111000110001111111100001111100101111100110001100110110011100110011110000010001110011001111000001100111111100000011111100011000000011111100011000010000011011011101110011100100011000011
11001110011000101111100011111101100011011100001110011011110000001110000001110111111100000001100011100110000111100000001100111110001011100111000000001110110111111110000000011000100011111100110001111000111001110000000011111100111101101100010011000111111110001110000000111001110011000001111001110000111111110111000001111100011001100011001100111100100011
10001101110010000011111100100011111000100001101111111000001100011101111110011100001111100011111110111110000110000111001110011110001000011100011110011100000001111100011100001111000110011001100110001111100011001111100110001011111100110111100010000111111000001100011001110001101001111000011110001111001100000111110000011001111110010001101100011111001100
00001101110001101100111110011000111000000011111110000001111111001001111000100000111111100010111000011100111110000000110001111111001100111110010010011000111001111001001001000111011000110001100001001110000111011100011111110001100111101110001111000011110001111111000100110111000010000011011110001100001111111100001100011001110011110010011111000000100111
10001110011111111000011100011100000111111011000011101111110000011100000111000111001100000111110010011110001100110011111000001000110111000001110011101110000110010011100111011100000010000011011101100011100000111111001100110110001110001100110001110001111111110001110001100001111110000010110001100001110000001111111000001111001111001100110111110011100000
10011001000011001111000000011010001110111101111111100001111110011110011100011100110001000000111000111110000011110001110011001110001111111000011110010111001100000000111110001110110001111000000110001111001000100111111110001111000110011001111011100110010000110111110011110011100000000110010011100110011111110000111000111000111111100011001110000011111000
00100000011100111111101100100000111111101101111100000011100011000011100000001110001110000011001100111000110000111000110001100000011101110010000011100111110001100000011111111111000011001110011100100001100100111000000111100001110001101100110001111110010000011100110011110001110011001101110110111000111001110001111100000100110110000000111111111111100011
10100011110001111101110000000001110110011100111000000111001111011111100011111100010110000000111001110001111111100000011111100110001110000111100001000111001111001001100011011111100000110100111011101100011000011100001111000111100100011011100111100011100110001000001111011100011000000111011001101111000110001110001111000011100000000111011011011100010001
10011000110011100001111001110001100111011110000000111100011001100000111111110001001111000011011111100000100011100110011000110001101100101111100111000011100001100111100100000011110011111000111001000001111100011100000011111100000100110000011111000111101100111100110000111111101100111111110001100001110111100111001100001111000111000110000011101101111000
10011100010001001111101111000111110011100000001011111101110001100000111011011000111000111000001111101111100011110001100001111000101111000110111100011001101111100100011000111010111011100011111000100001111100100011000100111100001100111000111111100001111100001110011001111000000001100111111111100100001111111111000001110000001100110011100001110000000111
10000011000111100011001100011111011111000011111110000010111001100000101110000111111110000111100000110001111000111110000110011111111010011100011011100001111100011001100111111111001111110010000011111000000111110001111000000000110001110011100000001000001111101100100011100011110001110001111100011000111100111000111100000001111100011011000011100001111011
01111111000100011100011111100010001111100000011110000010111000111111110000111110001110000111101100011011011100011111100100011100011100110011100110011000101111100011100001100011111001110000011001110000001100001100111000000011111100011110000011011110011001110011001110011110100001111011000011111110000011110011100011000111111110001110011000110011101111
01111000000111110000000111111001100110111000001111000001111100001100011110000011001101110011000111111110001001100011110110000111111000000010011110001100011111111110000111110001000111110000111111111100010001111110000010000111001110000011011111110011110001110111111110001111100001111111100000000011100100111111101100011100111000010001111001100001100111
01111100000001111000111110001111100000110011111000111000111001101100111110001100111000111001001100011000110001111111001110001000111100110001001100111110011110000001000111111001110011000001111100011110000001110001111100111100000001111000111100011000011000110011001100111000011000111000110011111011100001000111111110000011110011100011001100000011111110
00100010000111100011000111110000000011111001110000011100011000111100000011111110000001110011100111110111000000111111000100111111000100110011000000011100111000111110011000111111100111000000111110011100101111000110010111111000111000110001111110010011100011011000000111110000111111110011000110000011011011100111001000000110010000011111110000110001111110
01111111000001110001001111011000100000100111111001101110000000011100000011110111100011001111000110111000000000111100111001110000110010000111101110011000111000110001111100110001101100111000110011001110011100110111001100111011110001100011111000001110000111100001100100111110011011000011101110010011001100000011110000011111000111000011100111000110001111
11110000001000101111011100100011100011001111111000100110011001100011110000110001100100111000110001111110001110110011110001110001111000110011111000100000111100011000111000000111100011110111100011110111000000100011111111001110000000011100011100011110001100001100011001111111000000011111000000000111100011111100111100010000111101111100001110011110000001
01000111100010111000110110011110001000001100110011001110000011100111110001000111100001100011100011000111111100110001100110011000011111000111100000111100100010000111100001001111001111110001000110001110111000011000001111110011100111111000000001100011001111111111000110001100111001111100111100010001111110011000001110000111110001111100100011100111010000
00000001111111000001110001111000000011100101111100011100000011010110000011100001110011011111001110000001111000011111011001001110011100001111000110011100100110000111111000110000011111111000110001100110001111110010011000001111001100011100000110011110011011110001001111000001111011000111110000111110001100110011000111110000000110011111000110000010011100
00111111101111110000011001111101111111100000100110000011111000011001111000111111000000000111111111100111000011001111000001011111000010011111100111001110011000010001111110111100011000001111011100000110001100110011110000011100001110111111110010001011100100011011100110010011110011000100000100011111111100111110000111000011110000111111100011100000111000
10001110001001100001100011111001100111000111100100000110000000110000001100111001110001111100110011001111111000111000001100111100011100011110001111111111001000011001111100111110111000100111001111100011100000001101110000110111100110011001100000001111110011001100100110001100001110011100100000001111001110000100111111000011110000111000011111000100011100
10001100111111100001111000001110110111111000011100011110001100001100111100000001111111110001101110000000011100111100001111100011001110000111100011100111011100000001101111100110001001110011110001110111001000011110000111100011100111000000011111110000111101100110001111001110111000000110011111001100000011100010011001111100100100001100011100110010000111
10010110001101100001111100011111000000110011100011100011111110000100001111001111010000001110000011111100111001100111110000011110011101000111000011110001000111100010011100001100000111001110111110001100000001111011100011000111000000001110000001111100000111111000001001111110011110000110001111000001111000111000011111110010111000011001111111111111110000
10011000111000111001100000110111011110000001111110011111111100011000000010011011111100100110000100111111111000001000011111011000011100100100011100111100111100001111110000111001100110110001111001110000001110110001111000011000101111111111000011101000000111110000011100010001100000001111100111101001000110001110011001110010001111001110000100111010001110
00111111000110000000110000011111110000011001111111111000000001111110011000011100110001111111000001111011111000001011100011110100001100111111111000001011100111011101110000110110001111000001110011110001111111100011101000111111000001100100011000011100011000011011001101100111000011111100001110000111110001110010000001111100011111000001110011000111111100
11100011100011110001111001000000000111101110111000000011110000111111100110001110000000011100110011000011111000011000100011001110111110110000000011111100001111011000000111100001101111111000111110001111000001111011000100011110000110011011100011001110111000110000000011111111111000011100110011100111100011011100011111000011110110001100011100111000111001
00000111110011111100011100001100111110001100111100001111110001100111111100110010000110010011111100000000011110111111000111000111011111111100001110001110011110001110000111000011111100011011100011100011100000001111000110011001100011100111000100011110011101111000111000011111000011001000010001110011001100011100011100011111110000011101000111110011000011
01111000001100111011100111001110000110001110111110001111011101110000110111100011111000011100000011110001001111001110000010110011110011100011111111111000111000100111111101110000001111100111111000011000001111001111011000111111110011000011100001011000110111000011100110000000010011011100110011000001111000110000110111111100000100011110000111111111010000
00111100111001101110011000111001110001111011000001110011001100000110010011100111001111100000000111000001111000000001111001100011111100000001100001101100110001110001101111110001011100100000001111101110010001111111000111100100011000111110000000011111100110111100000110011101100000111001100011110001111000001111100111000110011001110001110001101111110001
01110000000111011001000011111100011111100000111000110011110011100010001011110001100011110011001111000011100110111111000100110010011001111111110011000001111100110001001110110011011001100111110000001100000111001110011101100110010001100001111000011001100011000110111011111100110001111011000110110000000011100000111001110001011100110000111110011111110001
00111000111111110000000100110011111011110001000111110011000000110001100111111110011111011001100111001111001101111100011100011111000010011111000010000111110001001111100001100100001100011111111000011001110011111110000011011100100110001101101110011111001100011000010011111000110011001000000001111100000111000001100011000111111000111110000111001110000011
10000011111100001110001001110000111000001111001111001001111001101110000001111000111011111001100110001110001101111110011110011000011110000100001111001110110000111000011111000010111111100001001110001001111000000111011001100011111111000000111110000001111100000011111000001110011110110001100000011000011111011110001100110000000010011100111100011111001100
11110011111100001100111000110001110000111100011100011011000000001111111100110011100000000000011011111001101110011100000011101111000000111100111000010001110001111001100110000111111110000000111001111000111111000110000110111100000111000111110011111000110011100110010000011100010011111110000000001111000011111100000111000001101111100000000110001110110000
11000111111100011011110001100111100010011001100011001111101101111100010000111001100111000000011110111110011000110001111100000011001100011000111000000111001100111110000100110011001110000111100100001100011000001100100000111100001100010011111001111001111110000001110000011110001001111000011111111100010011000000111000011100111000001111111001100111111111
01111101110000110001100011111000011100010000001111111110110001110011100110000011001110011111100001100111000110111100000111110011000110111110000011100011100111111001111000111000100110001100111100111000110001111000110011101101100010011100000111111000110001000001101100011111101110011001110111111101001100100001111000001100110010110000011110000000111000
11110000001110011100011001111000011100011101110001111000111110001000111110001100111000101111100000110011000111100001101111011100011111000100000010111001110001000111111111110000111000011111100111100000000111011000011000110011101110011000111010011100011111001100011100110011001111110011100000111110001000011101001101110011000011100011001100110001110011
11001110111100001100011011111111100000101110001000111111011100000111000111110011100111100001100011011111100011000111001001110000000110011100011100110000110011000001111111100001111011101100111100011000001111000000111110001100000001110011100000011101110011101100111000001111001110011100010000110001100110111000011101100000111000011011111000111110110000
00101110001111110011000110011010011111000011100001000011100111000000110000001111110111001000100111100011001110000100111110001110010000000111111110000000001100111111000011100110011100000111110000111111001100000111111100011001000110000011110011001100000111111001100000111101111001011000011001110111111110110010011111001111011111000000011111000111111111
00111110000001110011110011111100000110001000111110001100111000011100011100001101100111100011111001100100010011111000011001100011011011100100011000011000101000001111100001001100011100001000111111001100000111100000011111100000001111100001111000110110000111110000110110001110011100111100001100011100101110011110001111111011111100001100000011111110000011
11001101111000111110000001111000111000000111000000111110001110011100001110001100111110001110111110001100111001100000001110001111001100011010001111111000010010000011100011111100011000110100000111001110001110000111101111100011001111000111000011111111110000111110001101111100001111000000111000110001111110001110000000011110011100001100011100011100110010
00111101111100011111111000000111110001100011100000001111000110000111000000111110011000110011111000000111111001111111000001100000111100011111111100110010001100111111011001100111100011110010000110011001100011000111100000000011110011001111111000110011110001110001111000011100111100000011000111000011000111111100001111100011000111100111100000000111100111
01110000000110001110011011111110001110001110111000111001100011000111111000100011000111110111100001100011110000001111000000000111000100110111111100000001111111000111000111110000110011000111001110110000011111100111001111110000111111000011001000011111100111100011000100111110000111001111110001111100010011111100111110001111000000110011100110011100001111
00011100011000111111001111111110001000110011100000001111001100000000011001111110001101100001111001111110011000000000111110001111100110000111111001111000100011110111100110000001111111100010010001111000011111001111000111000110001100111011110000011110000001110011000011001110111001000011111100100111100011001111111100010011100011001110111110011010000110
01111111100011001111001110111000110001001111100100111111100011100011111100100011000101110000000011001111100010001111100011110001000000111000011100011100111000011000011100110000001111000111000110011100011110000111110001111100000110100001111111001110001100000001111001100011110000001111000100011111001111110000011110000011100000111001100011010011111000
11110001111100010001111011001111100011100100111110000111000110111111001001100010001101111001110000000111000001110011000011110111000111000110011000000001111101101100000110001001111001111111000000011100010000011110001001111100000001111101111100011011110110001000111100000011111101001110011100011001111000111011110000010001100100010001111110011111000000
01111111111011111000001100000111110110000001111111000110001110000011110111111100011101100011111111111000110011000011100111100001011100110011000001100011110011001100000011100001111000000000000111110110001100000001001111111000111000000111001001111100111000111001101100000111111000100011111000111001001110110001110000110011110000011100011111001111110011
00110111111110011100000001101110011111001110001100011100111001111100000000111001100111001100000001110110001111000100110001100111111000111100011001101111111111000000001111011111110000000000111000011100100100110000111100011110001100000111110000111000001111000011111111100010001110000100110001111101100111000000011111110001100110110000111111110011000100
00001111111111000001101111100001111111111000100001111011001111100000001001100100011111110011001100000011000100111110001110000000000111001100001110000000011001100110001100000111000111111000111001110001101100001101111001000000011011100111110000000000110111111110011100000001111100100010011111011100001110010000011111111000011000001111111110011100001101
10000001111100111000011111001111110011100001110011100001001111110000011100100111000111111000100011001100111001110000011110000011100111000000001001111110011001110000001110110011001000011100111111111011100100000111001110000011000000110001111000111100101000110111101100100010011001111100111100111001100011110001100110011100000011111000111000001110000111
11110000001100001111100111000000110011111111100001110000110001110011001100111000111110000100110011111100010011000111000001011111011000100000111110001100111110001100011111100111000000110011011011001110000111000111000111010011001110000011000001111110011000000011000111111100000011100111100111000111001111111110011100100001111000111001100111001100000011
11000001100111001001100111111001100100000111110011100000000111111110011100111000110000001100110000001111001100010000111011011111100111000000111100001111101110001100011001100001111011101100011100011000100110001110111000010011111100011110101111110000011000000011110010111110000000111011000110000111001111100000100111000110000010011001100111011000000001
11110001001110011001111000110011001111000000111100011000011001100111110001000111100000111111000011011001100011101000111111100011101101110000011001111001111100011001111111001000011111000111000100000001110001111010011011100000110001100110111100110000111111000110000111000000111000100011001001101111011111000000000111000111001110011000011110000110001111
11000111110001000010000111111110011000110011111111001100000111000100010001111100111000011001110011100000111100000001100111011000001110110110000111001101110001001101100111001111100000011000001111111100111000000000110000111100111110001111000001101111100000001111100011111001100011000111001110111100011001100011000001110000011001000111110011100011000011
00111110000111000011011001111100111100000011110010011000111101100011000100011100000001111000110001111000011100110000111110000111000010011110001110001111110001110000111110000111001100000111011110000111111111100011011100110001111100011100111001101110011100110110011100011000011110000011101100001110001111000011110011100001100111110001111100011111111111
11111100001111000110000010001111111110001111000000111110001111000110011110001110001110011001100111011000000000000111001100111111000010000100111011100111100000111000111101100011111110000110000100000001111000001100000110011101001100101110001100110000001111100110001111101100111111001100111000111100011110001001111000001101110001100001111100010111110001
11111001100011000111111100111010011011100000110011011000001111001111100111100001111111001110111111000000111101100111111000000110011100110010011111000011111000001111110000000011110010000001111111000011100011111001000011110011110010011110001110000100011110111110001100111100110110001100111000100111110010000011100011011100011101001111100000001111110000
11001100111001111000001111111000000000001111111110000001100110001111111011111100000000111000011110001100000110000111110011111000110011000000011101100011001110000001111111000001110000111110011111000110000000111111000111110000011111001101100001111001110011001101110001001110111100100011111000111000111111000000111001111000110011000001111101100011101110
10000011100011111010011100000010110011111100000111000011111000111110000011000011111100011100000110001110011001100000011001111111001100011100001111000011111010011000111001110011011111110000001111110001110001100000011111000110011110001100011111000000000011110100011000100000000110000000000110011100011111001111011001101100011000000111100000011111100110
10110011111100001000001111100111000110000100111110110000111111110001111110100000001101111110010001100001111000111001000001001110011111111100010000110111110001111100001100110010000011111110010000000111100001111000011110000111100110110001001111100001111110000111110001000001111111111011100111000011000111111110000110001001111110011000000100011100110111
11000001110100111100110001100011101111111000010001110001110111000111111000000111001110001111110000001001110000001111001101110001111000111110011000000111111100111000011001100111110001111000011111100100111001100111001011000011011001110001110011011110001110001110001111011100011101100111000000000000011110001110000000001110011110000111000100001111111100
10000000110000011111100111111100001110000001111100001111100001100001000011100100111111000000001101100011111100000001111100111100011000011000101111100001100000111110000001100011101100011001110111111110000111001110001001100111101110001111111100000000111001100000011100011100011100111111001100011100011000111100011100110001100001111111100000110000110001
11111100011110001111000000011000111001100111000000110011110011000001111000001001100011100011111010011000011001111100111110000110000111111000011111000011110001110001111100001111111000110011001111000011110011100011000001110110011000011111100100110011100000011110110001111111001111000000111100111111011111101100011000111110001110000001110000000011010001
00000011111101111100011001111100110111000010001001111110111100000011100011100111101100000011100011111100001111001100100011101100110001111010001110010001100011100001100111110001110011110001000111011100001001111000011011110011100011100111100011111000111110000011110001110000011100001111000111111001111011000111001100011101001111110011110001000110010001
11011100001100011001001101110100011111000110001011111111001100001111110001100111110000011011100000010111000000001100100111011111000011000110111111001110111010011000111000110011001100101111000111000000111100001110010011000011000111100111111000000000111111110010011000100010001111101110000010011110010000011100000011011110000111000011100111000111111101
11000111000011111001100011100011001111110000000011100010011100011000010001111110001111110111000100100111011111000011011000111000110001011100001110001110010001110001001111000111110001001100000011110001100111001111100011001110011100011110000000111111100011001110001001111000001111110001110111000000001101110011000111000001111111110001111111100001110000
10110011111111111110000111110001100110111110010000000011111111001000011000110000111111111001110001100011100110110000000111000100001110011110001110100000111110011000111000010011111100000000011110000001111100011001001111011000111000011100111111000011001100111100000111111000110111100010000011100111110001100110111000101111100111011000011001111111001001
