01110110001110100000110010111011110001110000110010011001100110011000100111001110000110000011001000110011101111110001110011000101100001110011000001100110011001110001111001111100001100110111001110100010000011111100110010000110010001110110011110001101111110010000000110011001100111001001100001101100001100111001110010001000111110011111100010001101100100
01100010011111100100110011001100100110000110011001100011011001001001101111000000111110000011001001100111100110001100111001001100011000010011001100110111000111000011011001001110011100100111100110000111000111000110111100100000011110011100111100110000110100110010011001100100011111011100000110100100011011001011011001000001001100100111000001011101110000
01100011100011011001001100101110011101000110110000111110001100110010000111001110001100111110010011001001100110111110001000110000110011001101101111000011100001110001100100001100100110011100000011101100000010010011110000111110001100100111001110001111100010011001110011011110011001100110110001100011001001001111001100111101101100111110001110000111000100
01001100111000111001000111110001101111111000111000111001100000110000111101111100110010001100100110011000110010001101110110000011011001000011110001110001100011001001101110000011100110011000011001100001100100101100011111000010001001100010011001100011110011001100001111001111001001111001001100100111001100111110001000110000001110000100110010011000110011
00111001111101101100111100111001001101101000001110011110011000010000110011101100001100110011001100010011100001110111110011011100001000111001000110001011111011100011000010011100111000111000110001110010110011001110010110010110001001000100111000110011001101100010110000011001000000110011001100000111011011001100000001001101100110110110000110011100111100
01100011111011100111100011001101101000000111100001100110110000111000001100110000111001101101100110000010010001100011001100110011111100100100110010110010000001100001000110110011101001111001100111000010011001000110111011001110001100100110001111001101000100010011100110011000111001100110111000111001100100111011001100011001100100010011000001110011111000
10110010011000011000110001100110011000001100011000111000011011000011011011001100010011100111100001100011110000100110011001110010001110110000011011010110111011001101001110111001001000111011100000110001100110011011100001101100000100110001100100001111001111100001000100110000100111100100011000011011111011010011001001000111001000110000011110000000110000
10011011001110001000111011100001001100100000110011110001011110001100110010000000011000001110011100110011001100110001101110110100110001100110111000000110000110011001110000111000000110011001001101100110010011100111110011111000011001100001110000001100111101100001111100110100110011011001101100100000011100101110011001000011001100110000100111001001100100
00011001011001001101001001101110011000110001110000100100010000110011100110011000001101110000111000011000110011100110001110001100101101101110011000110011101100100100110011001101001101000111110000011001110000110000100000001111111100000111001001111000011001110001001101100011011001010011100110001100110001000110000011000011000001100110110001100100011001
00110110011100011000001100111001011001001110110110001100000110000011010001011001110000000001111100000011000001110000011001100011000110110011001100110001111001100110111011001111001100111001011001100000110001100011110000011001011000000111000001111001000110010011000110010011100110111100100110011100011001100110001100010011011001100110110001100101100000
00111100110011110000110011110010000110001110000101100100111001001101100000100110011110000001100011100110000001001100110000110110010011110000001101110000000111001110011110001101100000111100110000110011011101100011001001101100111000100011001100000110011110000110011101101110011001001101111100001100110000000110000111101101100011001001101101100101100110
00001100110100011011000011101011001111001100111011001001000011011100011000001100111110011000001100010011111000111100101111110000011011000011000110011000110101111001100110001100101111101101100111001011001101110011000000011001001100010011000110011001100010000110011001111001011001100001110011001110000110100011101000110010011011011001101100111010011001
01001100111100110011100000011100110000110001000001100111011001110010011110011000110000111001100011101100110011001001101110111001101100001001110000110000110011010000011111001011001111001100011100100011011000110011000111001110001100010001111110001011001011100000011100101100001110011001110001100001110110000110001001011000110001100110001100000110011001
00011110010011001110011001000111011000011001100000001100100101101110011111110011000100011000110000011110011000011111001100110001101100110010010011001100100100011111100000110011100100001100001000111000000001100100110011011101111100001110001110011011001110000011100110000110011001101001100011001111110000011000100001100011000111011000110001110001001100
11011000111000110001111000110110110010011000101100000011000110010011001100110011000010110011000111110001100110110111011000111100100110011000011000001101111011000011001011000111000110001110011001011001111000111001000110000100001100011001000011100111010001100110011110001001111100011011000011101001100000100011100000100100010010000110001110100100111100
10011001001100100110011001101110000111001100011001001100101100110011001001100010010011011100000011000110000110011000011001001110011101101110011010011011110011000100010011001000001111001101100110000110001100011001000000110011000101111001000001000110110000001100000111101101110111000011100111011100111001101011100001100110001100110011000000011000011100
10000011001111100001100100110000111001101011000011111011101000010011001100000111100110011110000110100010011100011011000001111000110011110110001000100000111000111011111001110011011001000011001110110000011011001100110110011000000110100111001111000000101110110010011100011001100011100011001100100110001111000000110001101100111000100001001110000000011011
00011110000011011100011011100001001011100101100011100101001101110000111001111000100000011100110010001101100011011001001100100010011001100110011100111000001101100110000110110011011011001000111010110011001100111001111001000001100011001110000011000011000111011001110000110011000011001110011111100010111110011001110111100011100001001100110110000110010110
10001001011100000011100100111000010110001100110001100111001100100001110000110011110011001100110000011001100110000001000110110011110000110011000011101000110011001011001100110011111001110011011001100110000110000011100100000111000000110001110000110011001110111011000111010011101110000110010110110001100110001100001100110001110001100110011100001111111110
00110011100000110010111000110111000011110110011011000110011000101100100111001001000011111000110011000100110011101110001001011100110100110011011000110010000111101101111000110010010011110111110001101110010011000110010000110010110010011110001101111100100111001101000011101111110001100110011001110011100011001100101100110110011000011100000001101100001000
00111110011000001100011000000101110110000100111000011001000111100110011110000110011101111000011100010110011100111011001111011001110010001100001000110011111011001001100011001110011000011001101110000001110001000100001001100100111011011100010011100100111110111101111000110011000111100111001001100011101000000011011111110110011110000011001000111000111001
00111000001111001110000000110011111000111000011111110011001100110011110001100100001100000110110011000110110011100000110001011100110011000011001110001100110111000111110010001100001100010001110100000111001110010001100110000000001100100111100110011000010011110001100000111011001100001101110001000110110010001110111110000011111011001011110000111100100110
01110010000111001100100011000001110001101100010110001111001101110001101100110011000011100100011001011101000111011000100111001111001100110010001001111001011100011111111001001000011000001011001100111100111000001001111000110010011011011011000110001000001110001100111100111000011101100000010011011111111111011001011111000010011000100000110110011000110010
00111011000110001110111011000111001110011001001100011100010111011001110000011100100011011011000011001111001110011110011111100111001001001001101100110000010000011110011001110011011000110011011000111011001100101111110010011000001111001001100110001111110011110011111000011100110110010011000001111100011000101100101100000110011001001111001000111001101100
00011110011001100001110110011101100011001001100110001101100111100111000001100111001100011100010000111100001110011100001100110011001000000010001110011100011000101100011100110001101111001111001100111101100100001100000110010001110001000110000110011001100111000001100111100000001100000001111001000001110010000100111000110001100110011011000011110001110111
00011100011001001101110010010001110100111100111000010011001110000111000011100110011001101101101110001110001100111100011001011110010011001101001100100100110010000011000110010011010010001110001100100100110111001100110000110011001000111010011000001100110011001101100100100100100001110011000110011100011011101000100000101111001110010011011000011110110011
00001100001001100110011111001000111100110001110110010110011110010010010011101100110110001100110001101100001111100110011000110000111000100000110001101111100111011000100010011000011110001101100110000100011101110011000011000111011100011011011011001110010111000011001100111001111001000110010100011110001110001101100001101111001011100110011000110011000110
00110110000110110011000100110011100101100100001101100100111000111001001101111100011111100000000110010011000011100001001001111001101100110010011011101110111001100011011000110011001110100101100011011000110011100111001100011011011000011110001100100011110000100110010110011101100111011110000111000110000111001000111100010011000011000001100010011001110001
00110000110010111100001111100100100010011000001111000011000101100110011100011000110010011001100110111110011001011100001001110100011110000001111110011100011011100010010011001001100111001100110010011010110001100000111001001100101101101100101100100011110001100101001100001001100011111110011000110000011100011110000110110000011001100100110111001110000010
01001000011001100001001111001001100000110011011000111010110010000110011100001100011001110000111100001001001100011001001001111000011011000011101100110000001111001110110011101111100111001001000110001100100110011111110001110010011001101001100111111100011000010111100110011010001100000011011011000000110011110011100000111010010001100001101100111001111100
11100111100110010111100010000111001110000110000111100111111001000000011110010010011001011011001011110000000111111100110000111100110011100010011001001110000011101110011100001100000100001100100100000111100100011000000011011101100100111000011000111110100110011001100100111001110000011011100110000000010011000110000000011011100001110011001110110011110011
10000111001000001100010011111011111110000011100110110001100111000100010011111000111010001110011100111001101000001011001001101100100011011001110110011000110011100000111100000110000111111011101100001110001100011100001100110001010011011100011011110010001100100111001100100100101100000110011100000111001000001100100110010010011100000011011011100110000111
01100110100000111110011110000100110011110000001001100011101111001100011001110000110110011000111000011011110110001101100100111001110000110111110111101100001100111111111111011001100111110001001001100011001111001100010011111001100000011011100110010000110011000111100110100111110001100110011011000000101001110111010001110000100111100011000111000110011001
00100110011000111000110000110000111000110011010110000100111000101111001110010000001110001110110000010110011111100110110011001100100110000011001110100110000001111000011001001111001100011000011001100000110011100011100000111111100011101111001000110011001101110011001010001111001110001001011001100000100011110000111001110001011101100001110110011100000000
11000000011000011111000110000110111000111100000011001110111100110010000100111100011011000111011001001100001100101100101100001100110110001111000001110110011001110011001000000100110011111100011110110010010000110011011010000001110011001101100010000111001100011011111001001101000011100011000110111110011000011011000000011110000111011001110001100100110000
11011001110001110100010001100011000100110001100110111011000010011100110011000000011100111100010001100100110001110011110011110011100001101100011001100111100111100011100100000111000000011000011001101100100001111101100110001001011011000111100000001100110011001100011100011000111000000110001111100001100111100011000010010000100011100100011010000110010111
01011000110011011100000001101100111000010011001111001100111100110011110000110010011001000001110011010011000011001100101100100101100001100011001011110011100001110001111001111100001100000110011011000111110000110011001111001100000100110001100110000110010011001000111100010100011100011110100000110010011100110000111000001100101100111100110100011001001111
11100101111000111001111110000111111001110110111111000110000000011001110011110011011000001100010011111000001101100100100001100110110011000110110111001111100011010011000110011100110001101100011110000011000011000011001100000001000111001011001011100110011001111111011001001111001111110011001100111100111101100010001001000110001110000001100011100111110001
01111111000100000110010000001100110110000110111100011110010001111110001001000111000110011010001001101001110011111011100100011100111111100001111011001111110001110000110110010110000111001100110010000011000011110110011110011011100110011101001111000000011000011000001101100001110001111011100111100111000011100111000001100000110110111011001110010000110010
00011100110011001100111100001100110000010000111000110010110011011100000111011001110000001110011001110011100000011001110000110000100110011100011000111001110011001100000110100110001111100000110010011000011010001001111100010010011001001100100110001100011000011100111011111000000000011110011101100110011110000011100101100100101100110001111001101100100110
10110001110010010001110010001100110000011110011100011001001011101100011110000011000111001101100110001011010011010001100011001001110011100001100001010010001100001100011111010001100111100111100001100000001100110000000111011001101100011000001110110011100010110011111110010001110011011001111000110010001101001100001110011000001100001110010000111100110011
00110011010111111000001111000010011110011100011100110011001111100010001101100010011000001100110011111000011010011100000011000110011110011110000110110011100010011011000000110001100110011100110110001001101100001100011110110010011001001111001000010011001001001100111010000001111011110110011000111011001110000011001000011000001110000011100001111011111000
01110010111000011101111110001111100001000110000000001101100001110000001101111111000101100010100110011001001101101111011100110001000110001001100000001111111100011011111110011011001100000000100100100110011011101110110000001001100011110001110000011000011101101111110011001100001110011100000011001101101101100000011001100100101100101100010110011110000010
00111100001101101100110001110010111000100100111110010011001000011001100101000110011001111111011100110000111100000110011000111001001101110011100001110011001000000001100110101110011111100011100100011111100011101000001001111111000011100000110000100100000100001000111111000111000100111010000001100111010001111001101110110111001000001100010011100100111110
10011010011001101000110010001111001111101000111001100110001000110011001101000110011001110011111001100111000011001000001110001001001110001100111001000110010000001100111000111100000110010000011001100011001110110001011101111000111100100111110001100111100110110001110011000110000011000011100011001100110110011000111000100001001101110011000111000111110000
00011100001110111001011110000000100110110001100110110110000111011001100111100010011001101000000111101100010001100001000001101100001110110000111000110001111110001110010011011100111001100011001001111101001111000111010001111100000110001100111011100000110010011110111110000101110000011001110110110000100110000010011011000100111100100101110011111001101100
01001010110000001011100010010011100011110000110011100011011010011100011000001110011001101110001100110111001110111001100010011100001000011110010011100111000000110011010011001100011011000111001100100111100011100001100111000011001110000000110110111001111011000000110010010110010011000110011000011011101100100111100001001001111000000111100111110011101100
00111000000110010011000110000001110000000110001100011001001100110011100110000011001000110110111110011011001100111100101100001100000010011111001111111000110000110011000111111000000011011111110000100110010011000011000110011111100001111001100110010001100011100110001111001100011100010000110111001000111111100001100111111111100000110010001110000001100111
10000100110011110001110110011011011000011001100110001001110001100011000001110011000000010011011111000111100011001111011000110011000001100111011001100011011010000010010001100110000011010111000110010000100011111001100111001111001100110001100111011111000001001100000100110111111001111001100110011001100100110011000110111000011111001000011010000001001110
00001100001110100110001110000111001111111000111001100000000110011101001010010011011110011001000100110001100011100110001111100001110001110001000110011001111100000100011110111100001110011110000110011000011100000011000100001101001111110000111000011001100011011100110010010110000110010000110011001000110110011111001001100001110001110000010001100100001100
00110001110000100110110001110110110010001101101111001110000001011111111110011001110011001100011101001110000000111100100110000100110011001101001001100111100001111100001110000011111011101100000100101100001100011000011111000111000111110011001100000110011100001110110011100100000111100001110001011111000110100010011000001100101101111000010100110000101100
00000010010011111000100101001100111111100011111001110011001111000001110000100000011011100000011111101100110000110110001100001110011000111001110010011001100000000110011011001101100111100110011100110001101100111100011100110010000110011100110111100000110000011011010110011011010010000111001110011110011000000001101110001101100110000011101101110011000111
01100011100000001110111001100110011100100111110110000110010111110010011110111100000011000000011100011101111111110111100000101110110000111001100010000110011000110000100011100111011111111110011000111001100011001000001001100000011000100100001100000001110000000110111110001110011101100111101100110000000011011000001100000101100001101100000000110011100011
10000110010011000011001100110000011011000011100111010001000110011100100100110001101110001111110000001110011000110001100011001100001101101100100100110011001000110010000110011001111100000011100011000011001001111001100001110000011111000011000000010110011011111100111000111010011000111000011000110000111001111011111110010111001001000101111100111001110010
11110000110001101110110011001001110001111000111010011001111110011011111100111000001000011010010000111010110000110010111010011000010011101101110000100111010001111000000000011001000110111111001011100001001111110000110110011100010010011100111111001000111000011011011111110001100011000111000000000110011110001110001100011111101100000111111100100110110110
01100100000001110010110001110001101100101110110110001100110000010011000010011100111011100110011000011101111000001001111000011111110000111001011000000110110111100001100110001110111000111001101100000010001000111001110110100011000000110010010011110001100110110011100001101100001110010110000001100011100010011001100110010110011000011011011101111110001001
10010000011001000110000110010011101110110011011100000100111100011100011001100001111001100011011000001111110001100100110011100010001111110110001100111100010010011100011000010110011001001100110110011100001111100001100011101111001001001111000011001100111100111111100101001101000111000110110011011001100001100000011100001110110110011000010110011001111001
10110010010001101100011101100111110011011111110000001100110100010010000001110000111000000100010111000000011100010001111100011110001100100010011110011101111110000011001100010001100111000001110000011100010000110011000011011000110001001101111100011111000100111110010111010010001100011111100011001100111110011100011001001100111110110001110001111001111100
01100111100001110000111011000011101111100110011110011100011100000011001110000001100100001100011110001110010011000000000110011000101111110111000011011100011100010001110000110111000110010011100011110011000011010000011011100110111111000001000111000011111000110010001110001100111000110011000110111100111110011011100011000001100110000110000111100100111110
00110010000011111001100011011111000111001100011110011110000011001100110011000000001100011100111010001111100111100011110001011000011011011000010111000000111100110000100110011001110000100110111000111011101001001100100000111100100111001111111000000110011011100100110111000011111001101100000110011011101100111011100011101000110011000110001100110001110010
01001001100101100100100110011000011110111000111001100110011111100011000111001011001100101111001100011100011000011000010011110000011110011110011100011001110001110011000110000001111110000110011000100111001111110011100111100110010001111001101100000110010011100110100100100111100110001111110010010011001000011001011001100111011000011001001110000001100010
00111000110110011100011000000011111000111000110010011110100101111000011001110000111001100100111010001000111001011011111111100111001001000111000011000001100110111000000110001101111000100110000000111000110000111000011100111100011111000000110000011000110011101011001111000110011000110010000110011011001111101110011000001100110100000001100110001100000110
00110110000110111100000111110011001000001100011110011001100001100111001110011110010111001101000110010010000011111111111000011110001111100100110101100110010110011000111100001110000110001110000000101111100011100011100000110010010010001100111000001101111001110101100011110011100110001111001100011000011001001110001111110001100001100001100001111000111110
00100010011100100100111011100010000011110011001100011111100011011100001100111110001111110000001100011010000110011110010011100000001111001000100110110111001100100101100100110011000111001110011111100010001001101100011000001001000000110011111010011001111100010001111110000111001001001110001110010010111000110011100011111001111000001101100110010011001110
00111000111110011000000110011000000011001111011001111011100011001100000011111000010000000010000110010011100111101101111110011001101010010100111110001111100111001001110001111100101110000110010100001100010010000110011000011111100000000100100110111000001110010011100011001100111000010001111100000011101110011111001111001100011001110001100001100001111111
01110100101100011001100010001101110000110000110000011100110011011110011001100100110001110111101001110011000011000111000001100000111001110011000110011000111110001100010010001110100110011011010000011110011111100001111000001100110011001110011100011111000110001111101100100001000000111010000011011011000011111110001111100011100111011100111011011001100110
11100110011100110011100010001000111011111100100111011110000011000100101100001111011110001101100110011110000011000110001111110011110110011000111100010001001111110000110001110000111110001011011001000001001110000110000001111100011111011010000010011100100011110000110001100111001111111000001110000110011110110110000110011100111101100011100111100101001101
00001110110000111100001100111011001001100011011100110011111100011110010000001110001111111000100111000001100101111000100110011000001100111110110000111100010000110011000111000110001110001111000010001001100100110111111000011001100010100110000000011110011011111000110001100111111111010000011100110111111110001001001001001100000111001000011111000011000001
00110010001110110001111000000011100000110001110001000000110011111001100111001111000111000011101110111011100011011001100000111001111011100110111000000011001001110010110000011001001101110001100011101100000110001111000001110011000111000110011000110011000000000011100110110011101011001110111011000001101100001101001100011111001101100001100110011001111110
00100000110001101100011101100011001110111100010000001111110101110010011001110000000110001000110011001100111011000110111111100001110000001110011111101101111100110110001111000001011011100011111101110000110000110000100001110011111000110110111100110000010000011000110001100111001001110110001100000010001111111100101100101101001100001110011110110011001111
11001100001100001101100111100001100110000111100011001001000001111100110110110110011001100100011101111001100011011001111000011001111000001110001110000010011010110001100111111100110011110001100011100011000000001110110001101100111001100111110010001110111001101100011110011000100111000001110111011001011001011100111000100010011000011000001110011011000011
00100110000011100011000000111110000011011100110000011001110001000000110011101110000011001100110011111100001100011001000011111101110011110011000011111001000011100011000111011000000110010011001110000100001100011100110011100000100100100011110011000110001110000011100110000110001110001001011011000000111100110011111001101100011001000100111111000001111110
01111001100111001001111001100001001110000110000101111110011110001001101110001110001100000100100101100110110111011001111111111000011001111110010011000110000001101100011100000110011100011001000011001001110111000011111110110100110001100100001110001100001110000010011000101000100011000000111110011111110010000110011111111100000011011000011001000110100000
11000110011011100111011111011011011100011100010010001011100010011011000000110001001110001101100110011111111100000011110010011100100001100011010110011010011001101111000011001100011000100110011100110111100111000111101100011000110011000111000011111111101111100111111100011000110001100100111100001111100011100111000100110110010000011001100000011111100000
11110011100011111100011001100111011001100010001100111110011100110110001100000001100111000010111001100110011100110010001100100011001011001101101100100001111101100010010011000001111000001110000011010011110001100100001101111000010011000110011111101000011100000111110000000010001101001000110111001001001011010010111001100100110011100001100111001110011011
00011001100000001110000100110000111011000000111111110001101111110001100000100110111011110011100000110000011001111100000000111110011100110011110000110000110010011101000111000011100011001100011101110000111111001000111111100011100000110110000011100111000110010001110010010010110010011000111110110011100001100011001101111000011111000000011011000100011111
11110000100011100110001110011000001000010111100011100111001100001111110110000010011100110111001001100011100000110010110011100111000011011011000000001110110011000001100111110001100110000011111100100100110011011100001100000111001100000111111001011101110001001101110001110001110000011001100001101100100011000111101100001101001110000110110110110011001101
11111001101101100011100011011100000111001110011001001111000110011001101000111000010011001100111111101000011001100111111100001000111000000011100011001100010001110110111100010001100100111100111000001001110001111001111000000001111100001100100000000011001110000010011000011100001111001111111001100110011000111000011001111000011001101001101111100011100000
01101001100000011110001111100011001110111000001100100110001100110010001111000001001110110001001101100111100101100111001101001100110011110110010001111101100110001000000110001110010111100110000111000111000011111000011001100000111100101101110001001111100110010001001100111000111000111000010011100011001100111111000110011011000011111000000011001000111100
11000001110011110000110011111001100000011011100110010110001000111111011111011001110010001110011011001111000000110011000001111000001101100111111111001001001011110111001000110110011000110010001100011101000110111000110000010101111110111110011100111001100001111111111000010011001100111110001000001111110111001011000011011110001001100011100111101100110001
00001111101100011000110011101100110100011111011000011110101100001000101101100100111100001110001100000011111110000110011011000110110110000011100011100111111011000001101100111110000110110011100000111000011111110011000100110010001000111000001100001100111110011110001100100110000110110001100111001110010000100101100001101100011001110001001100011110010000
10100111001100000000000110110011001110001110000001000111100000110011111000001100111000011001110001110000100111111110000001111100111000111110110000010110011001110000000011100101100100111111000111000111100011111111100000000000111101100001111000011110000110001001111100100011000111011011111111100110000111100000100000110111001000110010110001111100000001
11101110000001100100110011100000001100100011011011000011011010011011100011110010001001101100101000111001001100110110111100011101100011001101110001000111001111000000011001100000111100111101111110110000011000111001100111000010001000001111000111100111110010000111000011000110011100001001000111001110111110011101110010000110111100011000111000011111000001
10000111110011001000011100110001100001110110000111110001000011101111100000011111011111011001101100000110001110000110111000111111111011100000001100000000110011001110110111111111111111000001001110011000110011100111001110001110001000000010010011010011000011011101100111100111001100110110000110001100000110011111110011001100111001000110110011001110000110
11110000011000110000111101011000000110110110001100110000110111001100110011101111000111000110001111001001110111011010010000110100110110000011110011100111011001111001100110011001100001111111100110001100111100110011111100011100110010010100011000110000111101111100001111011011011111000011100011000111100111100100111100001110011110000010001110011001111111
11000011011100111001000111001111100001011100000011000111000100011100000111011100000000011000000110110000000111000111000011110011100111100110011001100000011001000110001001110011110011101001100010001011110000011000011101000011110000111001100111001101101100000111000100111100001100000111100110110001111100001111000111111011100011001110000100110001100111
00011110111011110010001100000001101111000011000011000000110110111011001100111001001111000110110001110011010001100011100110011100000111100111100000110011001001110001111100011001110000110011101000000110001101110001100111110111100110001100110110100011000110001100101110111110111101000111101110011001110110110001000010110000110111111110000111001100011001
11000011001100001111001100110001111001001111100011100011000000111110011101011000100000011101000001100001111000110001111110000110001011000100111001110011000111001001110110001110000010000111000111000101111011110001111100100100000011100111111000110001001001011000110100111000000111001001110001100110001110010011111110001101111101100000010010111001001001
00011011000011110000011101110010000001011100111100100001110000011000111001100111001100110011011000110011000010111011000111100001100100100111100110010011001001101100101100110100111001101100100000111001000001111100011000011110000111100011100010011111000001111000100111000001111100110000111001101100110000110110000111011100111000100110001100011001001110
00011111000011100001011000110111000100011001110011110001001100111001110011001111100111111000011110000111110000010000011100011000010010111001101101010111000000011011000011100100110111100001000100100001011111001100001000011001100110000100110000100111001100100000111001101010001111000110001110001101001001100011011000000110001101011001110110011100011111
00010011100110010011011101101010011001101100100000110010001101110010011110011000010110010000011011001110110001111100011101110000110011010011000111001111011101101110010000111100001101100110001000110111111111000011011001001100000111100111100110001100100111100001111000000110001101101100101111000011001101000000001111101110000111111100000111100011010001
00011000110111001001111000111000010011111010001100011100001110110001110111000011000010111000000000011110000110011100100110110001100100011111000011001011011100110110110010011110011011000110011001111100011000110011111000000111001111000010011111001011110000011111110011100110011101100011000111100100101100100111100111000101111111100001001100111010000001
00100100011001110001100000011101001100110000111001100111110011001000011110100010010000000000000011001110100111111111110111100110010011100000111001110011110000011011101111110001110000001110001111001001111001100011000010000011001111011110110111000111100111100110011011010010011111011011110010011100011100100100111100001100010011000011001111110001111000
10011000011011011111110001111001101110110011110010000111110010011001001100000011100110001110001100011110011100111001100110000110000000001100100111101100111100111100011100100110001110011100010011001101111001001001011100011110110011100101101100000001011111001110000110010001100111001101111110010000110011110110011111111010011001000011111000110010001110
10001110011100011111011001110001100100001110000011111110011101000111010000000111111111000011001100011110011110110110001100111100000110001110010111000001101111000110001111000100100000111001111111011001111100011100011111000110011100011101110000011001101111101000111110000000001111111011100110100110011001110001100110010110000000111000110111100011100110
11001111000000000111001100011000001100110011011000000111110000010000110001001110001111111001100111001110000110111000000000001111110011011111110000110001110000100011001100111100110110011111110110011001001000011111110011111000001111100101110011000110000111100011100011111111111000110001111000111011001110111000000011110011011100111000001100101000111100
11101100000110000001100001001101111100011111001100101110000110000001100011001110011001100000110110001111000110001000110011000111000001100000011110010001110001100000001100110001111000111000110111110011001111100111100011000011100011100111001100001100011000011110010111000110011000111100011001111101011100111110000001100110001111100000001110011111000011
10001100001110011001100111000111110111000000011000110011000111111101100011110000100110001111001110000000111100110111110000011101110001100001100010001111110110000111111000011111110000100011011000000011000011100101110111110000000110011001110001000111111000100110111000010111110000011100011011011010010011000011111000011111110111110001111001100001100110
11111100000001000111100011100110011001111110000111110010000011100001110100000111111000001111100000110011000011111100011110000011101100011011100001110011011011000001101100110111100001100100011111000011001100001110001111000110011000110001100111110001100001100011110001000001001110110011111111111100000100011010000110010110001011101111111111111100010010
10110011111100011011110011000011110011110111111100110100010011110110110000011001111001001111001111000100111110010011000100000111010111100010011000111110101100001100111100001100110011001111001100110000011111001110011100110000111000110011000111001100111100011111001111001100001001110001100111111110011110000110011000110111100110111011101100110111001111
11111100111000010011110011000111001110001111110001001110011000011010011011000100110110011001100111110000011000001110110110010011100100111110001100000111011001111001100000101100111000000011111101000001001001110111000011100100011000001101001111111100011001001100110000011011001100111000111000111000110110000001101110011100101100000001111100110001000101
10000000100011111110000001100000001000011110011111110000000010001100110100111101100110000011100110011110000011000110000001111111111101111111000110001001000001100001100011101110111100110000111110111001110011000010000110000111110000011001000111111111111100000101111100011001101100110000110111100110011111100010011000110000010111100100111101001110001111
00001100111110100011000000111111001111000011110110011000000111100110000001110001110011010000110011011001000011001100000001100111101100110011100110000110000000111001101011111100101100000110111100110000111100011011011111000110110001100101001111001100111000111110011001111000111000011011011110110000111100110110001111000110110011000001110011111000110000
00010010011111111111001011000110111011100100000110000011100010000111001110111001111001000011100000011100111000000111010000010011000110011011110000001110011001100111100110010110011001100110000010111110110010011111000011100110111011001110001011000001111010011001110011001111100110001110000100110000111111110010001111110001110001000001110000011000110111
10000110011100111100001101111100011101100010000110100011100000111000011100110011100001100011100110110000001110000100111100000011110111001100001110001110011111100101110001110011110001001111100111000001111111110000000100001110000011100001111100100110011100110011100010001101111100011000110011100111000011110110100000001100111110010010110101100101111100
10011110111100001001101110011101110000100001111011100001111100110011110011100011000001001101001101111011011111110001111100110001100011001110011011000001101110011001001110010001001100110011111011111001001110110110001011011010111001101100110000110000010001110011100011000011111111111001110011111000010011100100111001111001110100111100011000110011111111
10000110010111110000100110011000111001100011100110011000111100011000110111100110001111000111110001001110011001110110000011000111001001001111101101100110000001011100010011100010000011011111100011100110100100110110110010001011001100000110111001111110001111011001101100110110011011001101110010011001110011100110001100100011111001111000101110011001111110
00110011001001100011100110011111001101110011000111111000110110110011000100111110011110011001100011001101100111100011011011000001111000011110011011000111111011000011011001111000111110000110110011011011100100011001100110110111001101110011101111001101100111011000010000110011100110110011001100011100110011111001101110111000101001101001100111101111100110
10011001100110110010110110011100111100110011100111110011001111000111100110001101101100110010011100101100011010100100110110110011100110011001110111010011001000001110001100110111100011011001110110011111100001100110011001001111001101001111001101110001110011100110100110101110110000010011110001111011101111000111001101100110011011000011000011100001000111
01100010011001101111001100011110000111001101101001100111001111100001110011110001100111101110110110000110110001110001100111110010011110011001100001100011011001110011001111100111100001100101100011111110001111110001100111001100010011100111011001110001100110011001001000110111000111110001100110011001111001111000110100110110011000110111011100111000100110
01101100011001100001001100111001100110011001100110011110100100110111100011001110110001110010011000110000110001110011011000011101110001110110010011001100111001100111100111001100110000110011111001100111100110100100001100110110010011110011110100111100110000110001000011110011011111001001111100100011110111000110011000101001100111101100100111000110001100
00110001101100110001111011001100111101001100110110001100110000001110000110011100111001100010011001100100011001110100100111001111000100001100111011100011110110010011011001011001011100111101111100011001011110011001100011011011011110001001111001101100110001111101111110011011100100110001001100111001100110010011101100110001100011110011000110011100111100
11110001111000111000110011011000100110011001100000111001100111100111001100000110001101110011110001101000111001110001110000111000111110011011000011101100100011101100110011101111111000110100111000111001000110001110100110011101110001100110010100010001001110011001101100111001101001111111110011011001100110010010011100110110111111001100110011011001011001
11001101100110001100110110011100110000100100111000110011110110110011001100011000000111110010111111001110010011001110110011001110011100011000111100001100001101110111110011011011011000110011001110011100110001111000111001111001100100110100111100110011111001100011011100001110111001101001100111101100100110011110001100110010110010111000111100110011001110
00111101100000011001100011001110011001111010010011001100111100111100011011001100111001100011101100111011001101100110000110011011110011100011100110100011111000110011000010110011000111011110001110001100001110100110011110010010001000111001100110011110011011100011001110111110001101001111110011001101111101001100101101101101100111110001001101001111000110
11110010000110111000111100011001001110011001000110110110011001101001100110000011000111100111110011011000111111100110110011011001000111001110011011001000110010011001111100100100111011000111100011100111001110111110001100110010010010010011100011111001100000111001111000111000110100111001110001110001111011100110000110000101100111100110011111001101110110
11001111110011001101100001101101100110011011110011110001101100000110001100110010010011110011100100110111111001110010000110110010010011110001110011110110001101100110010001111110001001100110110111001101000110100110110010100110011010001110110011100011110011110011101100111000110010011110011001000011001111011001110011001100111000011100110011110001100110
01100111110111001011001110011011011001000110011000001110110001101100111100110111001110011011100110001111100111100100011000110011110001111001011001100001110010011111001101100001110001110011001110011001101111000111000000110000101110011001110011010011000011100100110001100011100110000100111001110011001111111011000110110110110010011110001111100111100010
11100111100111110000001110011111100110110001110001110110011001110011111000011001110010011100111000110000111110010110011000110011011011100011010011100111001100111110001100000111001101110110001100011111100100111100110011000001100100100011101111001100110110001100001100110111001110100011001110011100110111100111111000110001001101111001001110001001001101
00011011100111100110100111000001100011011010011100110011110001111110011001100110011100111100011101001100110110001100111001110111000111001000011001100111100010110110100100111100110110011100111011001100110011001001110111001110011011011001100011100011011100110001111001010011110010000111111000110110011010011001001100001101110011011001100111000110001100
10110110001101111000111110011010111000110011001110110011000001110001110001111001100011000010011001110001101110000110011100001100100011110011000110110011000011001101111100111001100110001001100111111001110011001111100110100110010011111001110001111000110001111000110010011001100101111011100000110011000111011001111011001110110010100110001100011001111001
00111100110010011010001110110000110011111001100110001100111111100011011101110001001101110011010110010000111001111001100001101001101100111001100110011011100110000001111001101110011100110110011001101110001101100101111000110010000011001001011001100100111101100110100111110011110011001001110110011011011011101100111000110011101000110001100110011011100011
01100110100110000111011101100110010011110011010001100011101100011100011110001111000110111000110011111001001101101100110110011000011100000111110001111100011010011001100110011100110001110011100110011100111001011001101000111110110001100010001001110010001100011000110011101101001101001000001100101111001100110011100011101110110011011100010010011000111111
11100111001110100111111011111000110111000110110100001100110110001110111001101111110001001001101100110001111100110100011011110011001100101111000111100000011100011100001100011110011010001100110011100001100001011001001100111011111001101111001101110011000011100001110110011000011100011001100110110001110110110110010011110001001110001111100110011001100111
10011100111001100110010110001111100011010011011111101001000101100110011001100110011100011110011011110011011111100010010011010000110111000110011111100110001110010110100110000111000110110001110011111001110001001100111001111100011000000111001100011000110000010011100001110011000110101100100111001100000111011011000111100100100011000111000101111110011011
00110100110111100010011001110011001110110011011011000110001101001100011100100011000111010011001100110011110011000110011111110011100011101100110110000011100000011011001100110011110011011100011110001110011000111101000110011001100110011110110110011001100011001110110001000111100110011000110000110011100111000110001110011001101100100111011001000111011001
11110011001101100100110000011111001111001101001100111100001111111011111110000111000110011000110111000010011000111100111001100110011011001101000110001101101100111001111000110011111000110111101110001101100011100010010010000110011001100110011100001110011011111000010011001110111001111001111100111111110110001101100111011001111111001101100111001111000011
10011001111001000111101110110111001100110100110110001000110011001111101111111001101100011000110111101100001101001011100110011001110011011100011001111001101110001110001111001101100110010001111100110001001101101110011110010000011100110011001100111100111011011001001110011001100010011010011011110001110110010011100011011001100100100111100110010001110001
10011100100111001111111101101100110101001100110111000101111001100001011110001100111110110011110010011000011011110010011100111001100011000101100111100111000111001100011101100011001100100110011000110010011100110010011001111110110001011111100111100011000010111001011011000111101001100100110100011001100110111110011000000111100110011000110110011001100110
01100110111001111110011001111001001100100111000010011111011000011001101001111100011011100011100111001100110011100111100111010010011100011100010110111001000001100010011000011100100011001001100011001111100100111100100111111001100111100000101100110011110011001111001110000011001100111000001101000011111001101101100110111001000111001111001101111001110001
01110111100011010011011001110111111001001001011001101100011001011011001100110010011001110010011110111100110110011011100001100110101100001110011110010001100110001101100110010001110001100011100111100110011000111111010000111001110001001100111100110011100111100111111001101111100011011001001100111100011010110110011110011100101001101100110001101000110000
11011001101110011110011110011001101000111001101111001110011100000110001111001100110101100011100100110011101100110111100111000110011100011100010110110100110010011001001100111100111001100110010011111001100011110011011100110000011100100001101111000110001101100111001101100010011011100011110001111100110011100001111001101100111100110001110011000000001111
11000110100111000111101101100110110011001101100100111001001100011001110011100011100010000011001100100100111011001110001100001110110010011011100100110011111110011111000001110011100110001111110000110001100001100111000110001101111110011001001100011000110000001111001101110001100111000100000111000110100111110011100111000111111101111100111100111000110100
01110111100110000001101100011011001100001100100011111001100100101111001100110000111100110011111001001101001001111001100111100110011110011011100010111100110011001110011001100010000110111101111100110100110001100010110011100110010011111001001100000110111111001100110100111100110011011011001100001101110001111110001110001000100110011011011001100111001100
01101100110010011001100011110011110011100011001110000110100000100111011001100001110011100110010110001100111011001100110001100111100110011100110001100111111000111001101000000001110001100111100110111000111011001110010110110011001011011000011110001101100001110011011001101111111001101101100101101000100111011111001100001100110001100111000100110001100011
01011001100111001101101100001111001100110101001101110011001100100011100100110111100110011100011001111100111001100011001100110010011011100111000110011110110111001001100101111011001101001100100110011000110001100011100110010001100110011111011011001110000110011110011010011001100011001100011100111110000011010111111000110001101111011001111001101101100110
10011000111000010011111100110011100110000110011001100110011110001111011000001101001111001000111000110110111001011001110110011001100110010001111100110011011100110111101100110110110011100011100110000100110111101001101001011011011011001101110001001111110011100011100100011110100011100011111001101101001101101100011110001000011000111100110001101101110100
10001110011011000101111111001100111100001100111010011001101110011011001111000110111000111110011000000111100111110001101100111001100111100010001101100110011011100110110011111001001011100110011100111000111000110111110000100111001001111000001110011010110011010011011100100100011111000110011000110101110010000110110011110011111001101100100111010000100011
00111110011001100011001110011100110111001001001100010011000001110001111011100011110001100111000110011100110110110001111001100111101110011111100110000111001100111000110110010011110001110111110010000111111000101100001000111100000110001110011100011011100011111000111100110001100100111100011110010011110000110111011100011110011010000011001000111100111110
00111110110001100001101100111110011110010111110011111100111111100110111001000111000111001100111000110100110011110100111011000110011011101000111110000001100110001101110011001100000111001111100110111001011001001001001111110011100011011101100010011111100011010110001110011000110010111100100111011100000110000100110011100111000110011100011101100001110011
10110110001100110011011100110011101100011110001111110011001011100110000110000011011001101111001111001111001001111001101000111001111001101111001111100111001110001001111001100001101110001110001101111001100110000110000100110110001110011011011110011010001100000111100111111011000001111101100011110001110011011000011001011001100111000111001000111001101100
11010010011000001100011111110011011001100111011110011100011001110011111011100010001111011100110111001000001100110111110001110011001100110110000001100011001101100111100111100011011111100011010110000111100110011100110011001100011110011010011100011101100110011111001101001100111100110011101111001111110011000111001000111000110011110001100000011100010011
00011001110100110000111011100011001110011001100110011001111001111110001101100111001101101101100111001110011011000110111001001110011011001100111001100000111011100111110001100001100000111001111100110011100111111001100111001110001100110001001100111010001001111111100011001111111001011101100110011001100110111001001110011000110111001100001110001110110011
11110011110110010111000001100110100110000110001101110011000110110011110011001110011110000011100110011110010011110001101111110011011011100111001000011001100011001100110001001100111110011100111110011001111110110000111001110100011000100011110011001100111110011001100110110010011100011011001000011000111011001110011010011001000111011100110011001000111110
00111011001111000110111001100101100100111110001000011001110011100011010110010000011110011001100110011001100001111001110001100011111110011001001110011001001100110001100110010011100011000111100110011000110110011011110001101111101111100000111100100010111000111111111000111001110011000001100111000111100111110011111110011000111001111110001101110000001110
11011100011111100111000011001110011000111100010011100000001011101001101111100111110001111001111100011101111110111000111101100011011001100011100111000111001111001110011001101000110011110001111001100000110011001110000110001100111110011011011000110110001100011001111000011101110011001001011001111001111100110111110011011011011100110100111110011011011000
01101101100111001000111000110111111000111000110011110001111001101110001100111101110001001111001101111011001100011011001100100110001001101000111000110001100110001001010110011100100100110111100110001101110110011000110001111001001100110111001100111001100111100110111100110011011001000110001100110100110011011001110011100011000101111001111000100110000000
11001100111001100110110111011001100110011111001100010001110100100011100101100111110011001001101100001100001110111000001111111001101100101111110011100111101111110011000011101001101110000100011101100110010011100111001111110011110011000110110110111001100100110110011000110011110001001110010011001111011110011011100100110101111110001101111100111001100010
00110011100110100110001011000100111111001100110011001110000110011011100011100100111001110011111000011000000111001110011100011110001111001100011000010000011110110011011000011110111110110111100011000011110010110010011011001110011010011110011001001100111001100100011001110110111100100110001111110010110100011111001110011011011110011010000010011110011000
11100111100011000111001101101101001100010111111011001101111001011011001001001100011100110110011001101001101100011011110100011100010110110110001011000100110011100010110001110011011001100001001101101110011001110000110011011001100111001100100111110011001100111011100110111101001110110011100001111001101001100101011100110001111000111110001100011000110011
11001101101100001110011111100011100011100111110011110010110011100010001111110010010011110011011100011100111001101100110010011111000110111100111100110110000100111110011010011011100011001110011001101111100110011100111100110110011110111000110101100100110011001111110000111011110011001100001001100100110111001101110001111001101110011001111110010001001110
00011111001101001101110011001100100111101101110011011010001110001110011001110001000110011000111001001110011000011001100110011010011000111001101101110011001110011100011111000110111100001100011000111110111001101100011000100011001100100110011010011100011101110001100110110001101111000111001110000100011100111101100100111101100011111110001101110011000011
01011000110110111110001101100000110111000111100011000001101100100111000110110110110011010001110101110011011011100111001110011000001111001011101101100011100111011100010010011100110111001110011100110100010100110011001100111110011101001100001100110011100100001100111100100110011011011101110110011001001101100000110110011100111100110011011100110000111001
11111100111110011111111011000011100110011111001011110011001110001101110001100111101001001101101011110001001100111110011000001111001110001100100110010011001101110011010010011100001001110111001110000101111001100110011111001100011001110011001111100011001110010110110001111001100110000010011001100110110110001001111000011001100110111111001110001101100110
00110010000111101100011001110011101100111000110011000001011000000111100111111000001100101100010011110001100011110011111100011110100111001100111100100111000110001100100111000100110010111000011011000011000100110011001110000111100110100111100110111100110011011110011000001111100110011110011011001101100001110010011001110011000110000110001111000001110110
11001100011011001111001100110110110001100111111001011000110111100110110011110011111000110010110110110011001101100011011000011100100110011001100111000110011111110010011100011111110001111000001100111100011011001110011011000110001111010001100011001110111100011011001000111100011011100111001101100110010011001101110001100111001100011110001011110011000111
00011001100011100011011100110000001111001000111100011000011001001110001101100000111110001111100010011110000100110011100110001100011100111100111000110111001000111111011001011110011001111000111100000111101110001011001111001001110100110111000100111101110001111101111000100111110001100110011001111001111110010001100001110011001100101111001100111110001101
00110110100111100100110001100001111001111100100100100110001100111011100011011000111100011100011000110011111110010011100111000110111001111111000100011110010011001110001011101000110001111011111110011111000000110001111001000011100110010011000010011111000001110011000111001110100010100001110111100111100011011110011100110011100111111100110011001100000100
11001101101110110011001111001101111100011111000111000011100110001110011000110011110011110011001100111110111001101100110010011010011100110110011101100111001000101001110011100011010011101111100111100011011001100110100110110011100011011011000111110011011001001110000111000100100111110011100011100111001100110001111000011001111111011001111011100001110011
11100011000111111100110000000111001111110011001110111100110110011100101110011001100110001110001111001100110011001111110011011100110100111000111001111100110001111111000110011100111001101100111000011011001111110011000110100110111000111011001100011011110000011001001100111000011010011111000011111001111000110111100111101100100111110011100011111100010011
10011000100111100110011011100001111011011101001110011110001110100111110000000011100011111111000111100010111110001101100110110001101111100101110001111000111110110110111000111110011001110001001101000111000111100011011100010000111001011100111110011100110001110011011011111001111110011110011001100110011101101101100110011010000110011011000011001011100100
10011011001101100011001001100011111100111011001011000110010110001110011100011100100111000111001101101100110001110110011011110011000100011111110001111110011110011001011100011011100100110110011100010011100001110001100001101100111110001101101100001110011000111001100111100111110011010000010011010010011110110011001110011010011000110010111001000110011100
11000111101101100001100111100011100111001110100110110010011110011100001110001111111100111100111000110010011100111001111001101100111101001111001110011001100110110110000011011001100111101101111100101100011100110001100101100001101110011001110001011111001001001110011111001101111000001100101100110111001111000111111000000001110111001101100011010001100111
11000101100100100110011110001110001001110010001100011001100111001101101111001100000110000111001100110011100100010011111110011011001111000100011011001110011001100110011000011011010110011111100111011110011001001101110110110011001110000110011011111001101101110011011111001001100110001100000111000011011000100011110011001100110011111011101101101100111001
00000100111111010011101100011011001001110110000110001011100011011110001100110001110011110001101000111000111100110011111001110111100100001001101111100100011011100001111001110011100100110100110011110011011110011001001100011011000011000011000101110010010011100011100110011001100011011001110011001101110001111110010000100100100111100011011010011011001100
00100011110000111001110100011111100011111111110001100110000110110000011111000101110100110111100011111000011000100110110011001100111110011110011011100111000000010001101111100111110011110111100011111000001110001111000011110001001100111101111001100001101100110011000101001101111100110011011000011111000111001101100010011001110000111100110000110011100110
10011001111001111000110100111100100100001101100111001110010100110110011011100011000011011100110001111100110011110000011001101110001111001101101100000110011011110011100110011111100011101110000101100011000101100001100111111000110111100110011011001101111100011011000111000110111000111100111110100110011000110011011110001001111100000001110011100011111000
10010000111101111001100110001101110110011101100010111001100110011000011101111110011110011011100111001000111001110011001111001110011110000110111000110111100110010110111011001110001001000111001101100110011100110011100110011001001111100011011010000111111100011110011110010011000110111100011100010110100001100111110011001111001100001111110000011110011110
11000111100011111000101111100101100111110001100110000110001100010011001110011011001101101100000011111100011001100111100111111101111111001011001000110011000110111001110001111111110001110011111100011110010011110001100110011100011011010000111110111001110011001100100011000011011001100110001111101100010010010000110011001100111110000100011010111001101111
00111100011110011010001100111110011100001101100011110011111001100111110011001110001001101100111001100111110011011000110110011001100011111111001111100111111001101111001100111001100110011110011100011000011001101111001110011110001110110011111000111001110011001100001100001111100110110001111011100111100110011011011011000011001110011011001111100110100011
11101100110111100111011100001110001001110011011000110001100110111001100111000111100001100110100111001100111000110111001110011111110011011010011011011000001101111000011111000110011110000111100011110011011000011101011100110011111110001100111011001001111110111001100111100000111011001110000011000101111111001100011101000111001100001111101000000110001111
10011100100100111001101111100011110011110011011101110011011011011011111001101101111100110011011011110001101110011001111111000100101111100111000001101110110110011001100001001100110110110110110011001101111100110001101110011110001000110110011001011001110001001110011110110010110010011100110011000111111100000010011010010000011100111110000110111110011000
10011111110011111011001100101100011011000110001100100111001001110011111000011001111001101100110011100011011001100010000011111100111001110110011001111000111101100111001100110100111100011100001110110011001111001111001101100100001111100110011111100011011111111011000111111100111100110001001000001111101100011111011100111000110011110001110001101100111001
00000100111100111001101110001100110010001111100110110110011100110111111110100010001100111110011101111000111100111110111001110011000011011111110001110111100110110111110001111110011011001111110001100011111100011110001101110001011000011110011110001100011001001111011111001100110011100110000000001011110001001111001110011100011001101100011011001110001110
11110011001110001110110001100000100111100100110001110011011110010011000111001101001100110011001111111001100111110110111000011001000100001111110011100001011111000111101100111100110001110001001100101110011100110110001001001111111100011001100111110011001100110010011110001111111000110110010010001101011100011110011011001110011000111000011110001111011011
11000110111100011001111100011101110011011110001100110010011111001100110011001111000110110111001100111111000111000110011000101100100111110111000111011101001110011110111000100110010011011111000001111100110111011001110011001110111000110011011011100110011111101110011000001101111000101111001101100111001111000100110011110001110001100100110011110100011010
11011011001101101110110011011100110011110011001001111001101100110101110001111101100110111000100110111001001100111100111000011110011100011100011110110010000111000111110011000110011011111101100011000111100011000111100111100111000110110011110011101100111101110001100111001101100110110011101000111100110110001111001111110001100110011110110110010010001011
11100110011100110001011001110111011001111100111001001100111000110001001100111111100011011011111000111100110100111001101101101110001111011001001100011001110011001100110010001111000101111100100011110001111100110010001100011100111100011011000100100110110110001110001111100011000001011101100111111000110011000001100110000111010011001100110010000111001100
01100110000110110110000001100111001001101100111001110110110011110011000110110011100001100001101101111001100110011011111100011111000011100001101100110011100111010001100011110011001100110001110001111001111001011100111001000011011001100001100011001100011110100110000011110011101110001100001100011101111111100101110111001101111001000011001110011110001100
00010010011001101110001100111100011001100011100000001110011001111011100111100011000010011110011011011100011000001111110000000011111001100001110001111100111011101100011101001100110001111000110110010011011000110011110001110001100110000010111000111110011001100111100110010001111100110110000110010011000010001111110011011001110011011110110001110110011000
00110011110111100111011001101111111000101110011110011101101101101100000110011001001100011001101100100111001000000011100110011111000110011100110110110011011000011101110001100001101110000011110001100010011110011111000111101110011110000000001111000110011000000111100000111110000111100011011011011111000011111000110111000111001100011001111001001000110010
11100111001111001100110110110110001001110001011110010011100011100011011000001100100110100110011100110011000011011001100000111011110100100111110011001110011000000100011001011001110001110001110000100110100111110011001001101111110001101100110001001001110011100000011110111000110110011100110110011000100001100011001110001111100011000100100110000110011001
01100110011111000111000111111100110011110000011000110110011100110001111110000111100010011111100011001000001111011100011001110011000111001100110111100111100111100111000000000001110011100100110110011110000110111001100110011001100111100111001100011011000011000011000010011111001100100011111100111001111001110001101001111100011100011101100100011100011110
11101110011100110000111000101110001111100000110001101111000111001111100111000111110001111001100111110011000110000011100110011110001100100001110011100110011100110001000110111100010000011111111000110001110000000111110001111001101100011011101111000111110110011100110110011100001100110011100001100011110011100110011000001100111000011111001100111000110100
00011001110110100010011011111100111110011111010011111011000110011000110001111101100110011000111111000000101100111001101001100110110100110000110111111100011011100001110011110111100010111100011011000111000110111111100010011100111001110011010011001101101000110111011110001101101100100110111111001100011011100110000111111100111100111000101100111110011001
10001100011001101100110011011001111000110010110011110011000001101001001110001100110110011111100000111101111011100010011011100110011001110001100011100110011001001011001100111000011100011011011011100010011110001001110011000011110010011110001100110000111000100110001110110011011001111001110011101001100011000011110010001100111001101111100011000010010110
11110111000110011110001100001100100001110110011011100010110110011110001000011011000111100111010100110001100110110110111001100011011110011100110000100110111100111100001000111011110011101111111100010000101100100110110001110011001110011100011110011011001100111000111001111100110001100011001100011001001100110110011000011111100011001101101110011111100011
11100011011000010011010011011001100110111100110110001111100110011011100111011001100010011100000111000110110001010011001100000001110010000110011001111101110011101001110011110000011110001111001001100100111110000011110011101000111011100011011001101100100111001110101110011110011001100001000111001100110111011011100111100000110010001111010010010010011110
11110011011100110001100001110010011000011100011000011111001101101110011000011001110011110010011011111000001100110011101100011100110001100111100011100100110000100100111110110000100111001101100000111001110011100111100110110000000111110011001100111011100011100001101001001111000100011100111110110010011111001101001100011011001001110011101110001001111001
10011111100111001011001100001001110011011001100001111000111110010011100011011011001000100011100011000011000110011000001111100001100011100001101100011000011000011010011100111000000100110001110010011111001111111100000011100110011011111001110011001011100111000110111011001111010011100100111100111001100110011000110110001111001101100001100011110011110000
01111100010001001111000110101110010110010001111110110011110011011011001100110100011111001101001111100011010011100011111011001001100010111100110110001001100011011101100110011011100011011001000111111000111100011110011010111001100100010011001100011110011011001001111101110010011011001100100101100101100001100111111100110000011000011001100011000011100011
11110011111000111111100011001101101111100110111110011011000011111000111110011001011001110011011100100110001100011001001111100110011101100110011000111001111100111110001100111100111000111011001000110001100110011100110011011000111100100000011100011110011110001001101110000110011011000110110001101101100111011000011111001100111001111000011111111100101110
11101111000100111000110111001110111110001101101101101101110111001100110001110011011001001100011111001110011100011000011000011001100111100010110011001100001101111000110011111000110101100001100011100110110010011001100111100111110000000111011011000110001111001111110110011011000000110011001011111001101101000011100000001111001100111000110011001111100001
11110001110011001110011011001100111001100011100011111000110111000100111001111100011000011001001100111011001111001110111000100100011100110001111100110000000001111100110011001110011100011000001001110010011000111001111001111111100011000011111000110000111111000001110001111110100100111010011001110001100011110011000110001110011001100011011100011011001100
01001100000111001101110001111100011100110111011110001111111001111100111001001111001001000111110100111111001101100111011000100111001111000010001110110011001001111001100111100010011110110001110001110000111011111001110000011110010010011001100111100111100011011101001100011110110000000011001101111110011000110100110010011110001101011000100110011000101100
00100111001101111001110011011110000111001101001100110111001110110010001111011001100110011001111001101111111000000110000011100110111111001101111111001110110011111001000011100111000111110011110000011001100110011110000110011100110001100110001101110011000110100111100010011110111110001100011011001111001100111100110000000110011001110001111100111011110001
11100011100111001100011110001100100110110011001100110111110011001110000110011100011001100010011100110011100011111010011110011011100111100100011011011000100111101100111001001110111110001001101111110001100011000111001101101100011000111101100011000110010001110011100110001100011011110011000111101101100111001101111001100110000001110110010111001111001000
10011100001110011110010011001100110111100110100011111100011010011101101100110001111111001100110001110001001111000111101101100101110011001100110001110011111110011000001111100110010011110001101011011001100111100111100011011000011110011011011001110000110011100000001111000111111110010011011100110011000001100011011001001110000110110001110111111100011010
01100011001100000010111100011100110011001100110001111100100110110110011001110011100001101100010111100110001001001110001100000100111000111100110010011011000100110111001100111100110111100110001110011000111110011100011100100000111001100100100111111000111110011000111001110001100111110000111100111001100011011001111000001101100111011110011011001111001100
00100101110001000001111000101110111000111001100011011000010010111001111001111100110001110001110110001110001001101101111110001100010110111001110011011001111000011001111000110110111100001110010000000011100110011100110011110110000011011100110001110011110110100011011000110110001011011100101100100110101111100110010011100111100111011000111100100111101111
01111001100110011000100110011000100110011000011001110011001110010110011111111001111001111001001111001110001100010011110110010011000110000011011100110011011100100011100110111100111110011100011111001100011100001100110010110001111111100111001101100011001110001110011011100111000110011111110001110010001111000110111001101101100110001110001100010011000111
01101100011100011110010001100110110011100010011000110001101001111000111100100110110110011100111100110011001110001100110011001110011011100011011001110110011110001100111000011000110111001111011110011110011100110011100110011011001110001111000011100011001001100011001100000010011001111100110011001111000110010011011111000110011110000001110010011011111001
00000000011111000110011011000110100001100110001101110011011011111100010001001110110111001100111001000110110000110011100011110011001110001001111000011011011001110001111100000000110010011100111100110110010000011111000111100110011100011111011000000111010011011001100011100110011001000001011001100100111001110000110000100110010011100011110111001110010011
00100001111001110110000001100110001111100111100001100110001110100011110011001111001110110011000001100111111000100110111000010011101001101100110110101110011110010011001100111111011011000111100101110011111000111000111101111110010110011011000011110011001110011100010000110001111001100011011001001011100111000110001001111001100111001001001110000110011001
01100111000111010001100100110000111001101111000011110011100010110010011000110111000011110010011101100110011100110010110011001011011000111110011001111100101111000011001101001100110011001001110010010000100110111110011001000111011000110001111110011100110001100110000011101110010111001110011001100110011100011001110111000100001111000101111111110011100111
01100011011011001110011110000110011101100110011110011110010010011111100011001111001101110110111111100011100111111000110011001100011011001110011110011001111001110011100011001101100001001111011100010011000111100110011110110001100111110001100100110011000100110110000011001000110011100111111000111000111001011100000001001101100110011000010010011110001100
10001111111000000011101101111001100110010001111101111000011001101110001101100010011000100000100111010011000110111111100001100110011011100111001110011111100101100100011101110011110010011001100100110011110001100011110011001101011100010111000110100110000110110011001100100001110011001111001100111100011111100111100111000111100111111000000100111000110011
00110010110011101111001101111001100100011010001000001110001111001100111100011001100110010011110110001101110111110110011111000110000110110001110110011110110111001110001111100110011011011110010011011100011111001100110110011001011110011011000111111001100011100111111000110110110000110001111000110001101101111001100011011111000111010001101100010001111000
01110011111000101101110000110110111101110001111110011100010111110001011100111111101100100100100110011110011011011100111001011001110111110011101101100010111001101111100011110011110001101110000111111000100111001100001100110011110011000011110100110001111111101100101110001111110110010011111001111001100110011011011001100111001111100110110011000011011001
01111111001101110011100111110010011001001101111001100111001100100110011100111111100110100110110010011100111100011001111100010010111000111001101100001110011111101000111001011001111001001100110001110010110010100011100011100010011001001111110111110000111110011001011100011000100111000110111110011011001100011000010011100110001011110011111001110100011001
10110001001011110001110100111000011110001100111110011001110011111000111000111001100011111111100001101100110011110001111011100011010000011110011111000100110001100111001011100100110110000110001111001111001100011001100110111110000011001111000111011000110011110011011011000111100011100111100110110011100110011100111101100111000110110010011100100011101011
00111011001111001110010000111111001101100111001100111110011111001110001100011101001100111000110011111100100111011001001110000110000111110001101111111100110110011000100110011101110011001100111010011011100110110110100110100000011011011001000111111000110110110011100000111000111111101001101110011001111100011110110010010011011110011001111100101111100111
