10001111100010111100000001111110000110010011100011011100111000010011100000111100001110001100111010010010000111110011000001100110000111111000011110001101101110001001111000011100001011111000110011011001001110110001111000001100111000111000000111110000001100111111000001110110011100010011100001101100111100000000111100111110000000001111001100111100100111
01111000001011001100101100110001001100100011100000111011111100001110001011101100110110010001101110001100101001001101110000001110000011111000000000001100111110011110110011000001001001111111001000011100010110000111100111101000111000000111111011000111000001101100110011001001100111001110001101110000000001111000011000000111000110010000001111000101110000
10001100111000111111100011011100000100000110011110000100111011100011100111110000011110000001110000000011110000100111111000011001101111110000111000000000110001111110001111110001111101100001100100011000001001110110000011101001110010011100001100111001001110001111111100000110011110001100010011111000000011111100000010111110000011000001111100101100000111
11100000111000000011001001110111100001001011100000100111000110001110111111000110011100000110011001000110001111000011011110001111110000111011000011111000100011100000011100001111100111100110011001110001001111000001000011001111110001000110011100000011110000011101100011110001111100111000011111000010001111110001000100111000010001110001100110011001100011
10001011110011011100001111011000011110000111001100110001111110011100000011110100110111001110111110001100001110000001100111011101110011110011000011100110011001111000000111100011000110001000111000100111100011111110011101000111100000000111000000000000111001110001011001100011111000000111001000111100000111100110000001100110011001001110000000011111001101
01110000100110011100001100001100111110011000000011100110011000001110000000101100111111101001001100000001110000011010011001011001111110000011001110000111001100111000000011100110001111100001110111111000000111100010001110000011110001111000001111000110110010111001110011000001101100111000111110001100011111011111000011100000110001110001100011011100010011
10000110011000111000001110001111010111000011110001100110111000110111001111000111000001111001100010011001110100000111000001100111001001111100000110000011110010010010000111000110010111100111110000000100110010011100110100111000011011100000111100000000101100100011001110000111001100001100100110000011101111011111100001110000101110001001100001111000000001
00010011100111001100101110001110000011001100110000110000111011100000101100111001100011111100111100000000011111110011011110000111100010011111010011101000111100001111011000011111110000000110110011101100111000100110000011100011001110011101001001000111100001100100111110011000110011100011000011001110001100000011110000011100011000111011000010111100000001
00001111100000111000000111111110011011000100111000001101100111001110000101111100100011101100000001100010001100111100011011001110011111100011110001111110111011100001110001101110001100110011101110111000111000000110001110011100011111001110000001111100000111000001111001100000111100111110000100010011111001110000011011100000011111000000011100011011100000
11100000000111011100001111111001110011000100010011100100011100110001010011100001001000110111101111100000011111001110110001110001110000000111000001111001100001110000011110000011001101110000100001110001110110000011111100011111110100010010001110000011100001110010000111000111110000000011111000001111110000110010000110001100000000111001100110001000111001
00001100011111111000011111000001110001100001111101100111000100111100001000100111000000011100000111110001101100111001100011111000110011100110001100100111100011011000011000111101001111100011000111110010000001111100100111001111100001110000000111100111100001111100001100000111001111100011100010011100111011100100001110001001110001110111000010001111100011
00011000011110000000011100010001101101111000100111111000110001001011110000001111110111110000111100011100000001100111100000100111111000001100001001100010100110001110001111110000111100110011100100111000011000001100001100001100000011110011100000110011110000111000001000111011110011000011100100011111000011101001100011000001111001110000000110010011100100
11000011111100000111001100000000111011111000001100000111100001001100111000011000111100001110010000110000110110011110010111000011000111000011111000011001001101001111001110000000001100001110110000000111111110001111100100111100011110001001110011111100111000011100011100011100100011111011100111110001111111000001000111001100000011100111111000001000000111
11101110011000111110001001110111100000000011111000011100001011100001110001001111001100011110000001100011000111100000001111000111000000011100110000011110111100000111110111100111000100011111011001100000111100001001011011011100000110001111000100110111000001111000001111001110010000110011110000001111000110111000001111111111001110001110011001111110011011
01110110011100101000110011000011101110011100110110000001110000011001110000101110000000011110011100000011100000110000111110000111000000110011000000011100100011011110011000000111100001111100111000011110011100000111110011100010001111100111000110011111000011100000111000000111001100011001111110001000111010011100000111110000110011100000001100111111001100
10000110000110110000111100000111110111000111110000001111100111000001101110010000100100001101100100110011001110010011001111001101100001111100001111100000001001100111100001000011111110001111111000001110010001000110010011110011000111000001111001101110000111110001000111000001111101100001111000111111000011001001111100000110001101111101100100100111000000
10000111100001110001100011110001001110010001111000011001110011000111110000001111101100000111001100001101011000110001001111100000111000001111100111110011000011111100000010011000111100010001111000100110011100000001100111100011110001110111000001100011001111011111000100011010001011111000010011000110000111010011000111000011001001100000100010011100011100
00110000111111110010001111110000011111011011011011111000111100110001110000111000000011001111000111101100110000011100000111001100110000111100011111001111100011000011000111111000001010010011001100110011110011111100011001110011000000011001100100001100001111100011111011101111100000101101100010011001001110000001110001110000011100000011111000011110000111
10001100110001001111001100110011110000000111100000011111000011100001110001011100011100100011111100001110111001000101111000100011001000111000011100110001101110000001100001110011011000110000000011011100110000011011000111100010011111100111100011110111111100011101100001111001001100000011100100011100110011100111110000011001100111000110011110001101100000
11100100000111110001111100011000011000100011001100011100011100011100010000111001000001111110000000011111100010111011000000111111111001100001111100001111111100100000001110011000100110011000001100001110000001100001011100000000111100011111111100110001001100011110000110011100011001100000000011111001110001111011111000110010011110000000001110011011000011
10011011100110110000100011100000000111001100011100110001111000001100001111001101100111100000011110000110011000011110011000111001100011001100110000011110000111111000001111000110000111000110010001100111000000001110111000000111001100000111110000011111100001100111000110111100111000011111000001011100110011011100000011100000000111000011111100000001110011
00111011100000111011000110001101111000000111000110000011111000011111101100000000011101100110011110001100011100100011111000011100000111100001100010011100101110010011100001100000110011100001111100000011001111000001100001001111001011111111000000100000001110001111000000011001001100011011000110010010111001001111100111000000111111001110011100011100000011
00000001101100110000011100000001101111110000011011111011100001011100000111100001110000011011000001101110110001111000110000011001111000000001101111100011110000001011101101111111000100001000111000001001111100001100110111001100011111100110111100010011000110011000100011100111111000011001111000001111100001111110010011100000110010001000011110000011111000
00001111100000001110100111000110111100001101110110001100110100100000001111000011111000011100010011110011111000001111100001000111110111000111110000000110011111110001001110011001100001011110000001111011000011001111000000011001100000111110011000111011100000100110000110011110001111100000100111110000100011110001110010011100111100100001101110000110011000
10001111100011110011011011110001111011101100100100001100110000110111001100000111000011011111101110000000111000011111100110110000011100111000011111001100000011111000010011000011111100111111001100110110001100011111000110000000110111000001111101101110000000011000001111100001001001111100011110000111001110011011011101100001110001110000001101110110001100
00011100000111000000111111000100000011111011001100110000011100100111100011000000111001101110011011000001001110000011111000110000010000011101001111100000111110001101100011001100000111000001111100111000000111110001100101110110000011110011110011000000000011100000110111000110000111000010000011101110011111001011000001100100001110000110111000011110000010
11001011110000110001110001100110011110001100111000010110011110001001101100011000111000110011011100001110010011111100000001111000001100011100011000110000011001000110011111100100111110000001111001110000000111000011100001111001001110011001111001100000011011001100110001110010111000111001101110000011100010000110111011100100000110001111111100000111000000
11001011011111000111110000111110011001100000000111001111100110001101111000001110011001110011100001111100011100100011001100110011001110110011001111100011110000011111100100110111001100000000011011100001101111100011011100000110100110111111100110110011000001110010011000011011001110111110001110011100010011000000011011100000011110010001100111000000111110
01001111000001011100000111000110011100110000000010110001000100111111000001110100000001110000001110010110001110110100111100011011110001001000110111111000011110000011110000001111000001001111111001101101111001110000110111000110011001100010011100011100010011111000110010111011001111000000100000001100110011100100011110000011111001111100111000001111000111
00001111110001100011001110001111000001100000011001100011001001110011100010001100111100011110000110110011111110001100111110011001110010011100111000001111100011100111000001101100001100010011110000011100000111000010011100000100111110001110111101100100011001011000000011111100000001110000111110000111110100011100011111000011001100110001100000011101100001
11011101110000011100001110111000110011000101100110011100111110000000111101100110001111110000000001110000000111111000100111001000100000111000011111000011111110000110000011110001100000111110000111001000110011001111100001111110000001110000011000001111000110111110000111111001110011110111000000001100010001110011110100000111000000110111001101110001111000
11001110011000011001100111000011111111000011011111000011111010010001111110000000111001110001111100000100110001011111001001111100111111100001100110000000011100110110001000111100011111110010001110000011000001001101111100011110010001110000011111100000111000110001100001001100011100000111000111110000110000110001100111000011100011000111000110011110000000
10011110110011100001100000011100011001110000011011000111100001100110011111100000000011001101111100010011100110001100000010000011110110000011001110000110010011001100111100111100100011000111000000000001111100110011110010011110000001111100001001111110011010000011110001100111000001000111000001100011001110100011110110110001101100111001110001011110011000
00110111000000111000000011111100010011110010011000111110000101100001100110011001100100001111001100100011111001110011001101101111000111111001000011001111011100000001110001100111100001111100010111000001110000111101100000011100001100110011001101110000110111000100110011100111111000111001100001110011000110011111111000001110001101100011111000001100110110
00001000001111000011001000110011100000101101000111110111111000110110010011011111111000001100011000100111100110001100111111000100111100000011001110010001101111111000000110111100011000000011110000110110001100111101110000101110011110111100001100111111000111000011011100110011111110001001100011001101111111100001001100001111100011000010000100100110110001
00110011001100000111000000111111001000001100110010011110111100011000011111100001110001101100100001100000100111111101110001111111000000110110011001111001000111110110001100000011000010011111111000000000001111100111100001110110001001110010000001111110100010000011110001001110000000111110011001100011110110000000111100011110000001100011110001001011111001
00001111100000111111001000111001001100010010011111000000110000001111111000111110000111000000011111110001001000111011100111001110000001110001111110110000111000001100111001011100000111001111111100110000110011111001001101000110111011110000100011111100110000000001100011111000110000011110011100111000011100010110011010011001100011001110000111110000110010
10100111101100000011111000001000111011001100111011000111000001110000110001111110001001110110001001000111011000100000111100011011000000001111100111000011110000000011000110011001101110000111100011100001110110011001001100010001110000100111110000011111100011011011111001000110110011110000001110110001111001111111000011000100010111100000110001100111111000
10000010001111000111000011110000011000000111100000111110011011111011100001100011000111000000011100111111000011001100000011110110000110110001110001110111000100011100000111100000011100111111010000010000100110010011100111110001111110001000111100110000010000011011111000011111101101111110011111110010001100111000001110010001111100100011111110100000000011
11110001101100100011000111100110001000111111000000110010011001110000001111100110011000111111110001110011100011101001110010001111110100111000110011001100011110010000100001111011001100101100001100011001111000111100011100011100000111001110110000011111110001011111011000110001000111110110011111000000111000000011100111110000001110001100011011100011100000
11110000111100000100111011111000000110011011011111000000111000110011111110000111000100110000110011000000110110010011001001100110010011110010001100111000001100111100011111110000011111101110001110000010111100000110111100111001000000001100110001111111001100111111000001101110011001110001110000001111110001000001111001111100110000011110011100000110111000
11111001100111001110000011011111001111111000111000000011000110010111001001111000000111100011100000011110010001110001100100111110010001100111100000000011111000010111000110111100001001111100001111000001111000111110110011100000111111000011110011100000000011100111100000011001111001100100110001111100111001100000111000101110011001000001111001110000011100
10000111111100011111110011011011011100000001111011000110011111001000101110010000011011100111001000111000000111100001111111000111111100000001101110000000000111111111000111100000111001011001001110110011110001001101101111001110000100001110000011111000011011011001111000001100110000001100111000000001100000111000100111100110011110011000110000011001100110
00011100001100000100000111100011100110010111001110000001110110000111110011001000001111001011001110011000011111100010011011100010011111000011101000011011001111100011001011111101111100000111000010000111110001111100011110011100000000011110001111100011001110001100000111001001011100111010010100011000001111111000000111100111001110011100001100111100000001
00100111110000111000011111001111000111001001000111111111000111001011000000001110001111111001100001111100111100001110001111111000110000000011111111100110011001110100000100111011000011111000110011101101000100110011000111110000000010011001111100100011000011100001110111000111000100111001101110000110011001100110110001100001110011001011000011111000110110
00011110110010011001101111110000011100110111110000001101111000000111111000111101100111101100000001100111000111100100001110000111100100011000111000010011000000001111100001100011001110000011100110001100011111110001100110011000000111000011011101100011100110001100001110011000001111000001100111111000001110000001111101111111001100000101110000011100111001
10111111000000111111000011000001111001101110011100110001111001000111001110100001000000111001100111000110001111110001100110001111110001000001100011111001101100111001111100000111001101100001110011100000111001001111110000001001110100100111100100011110001100110000011100011100110001111010110011000011011100001100111100011011000100011111000010001101111000
10000001110011001110000101111000111000110000010011110011001101001111000011100000110110011101100100110110000001111000000111000001110001111111100100110110001111100000011100001100110001111100100001111100011100111011100100001110001111100011110001111011100000101110100001000110001111001100110000001110011100110001100110011100111000000010110110011001000000
00001001111001001100111100110011000111001100011000010001100100011100110001000001100110000111110001101100001000000111100000001110000011100110011100000101100111110000011000111100000111100001111110001111110000110000000111000001111011111101100100011110111001101100000001011110000011011101110000001000011111100011110000011000111100110001001100110001111000
11001001111110001111001111100011111100100001000100111100011100001001110111001101100100111111001101100001111100000010001111001110000000101111110110000000111111101001111011000110000011111000011100000001111001100000001110010011100001101101110000111101101101111100100000100110000010001001111011001000101110011100001111100111100110001110001011111000000110
11001100110100111000001000111111001110011100011111100011101101110000110000111000011111001001100001111000000111001111001111000001101111000110111110010000111110001111111000100011100010000010011110010001001111011000001111110001011100111011100011111000111111000011001100010000011001111000100010110001001101011100100011111110000110110011001011111000111101
00011011000011100110000111110000000101111110011000111111000000110000011111100000011000111100010011100111110011000100111101100001111100011011110011000000111111000010000111000001110011000011111111000001111100000100011110000010011100001110111010001001000001111001000101101110000001100000000110010111000000111110110011111000011100000101001111001011100000
11100000001111000110111001111001111000011111110000001111100110111100111000101100011111100010000001110010000111011111110001100001110000100001000001100111111100000001001110011000111011110110001110000011110011111100110000011100000010011111111001100011100011111000001110001111111100001101100011000001110001000110001100000111000111000110110011000001111100
10011001110000001100110010111111000111111111000001110001110000011000111110011100111000011001110000001111100001111100011100011000100010001111110001100111000000000110010001011111011001100111000000011011100111110110000110011001101100001111000000110111110000011111000100001001111001100001100111001110000111111001001110011000011000111000000111110011011000
00111100001111000100011000100001110001110011100100000110010011110001111100000000110011110000111001111111000001110001000111110000111000001011111000111000111001111100000011110000111100111010000100110011000001000011111000011011100000110001111111110001000111000111110001110110001100111000001001111001000110010011001110111001100000001111100110010001111011
01100100111000001100011111000100010011111000001011110110000111100111100011111110100001111000001110000001110100111000001110111001100000011111000011000011000001110111100011101011000010010001100011111100000111100011011100110111110000000001111000000001000111100101110100111001100000011111110011001000110111000001111100011111101000110010011100000011111000
11100100001101101001101000111110000011111000110011001011110011110001000111000000001111100000111101101111111001111000001010011111010011000000011111001111100100010001111000000011100010011100111000000000000111000001110001100011111000001101100011110001111000000111100000110110010011001111001100011000001100010011001100110001111100000110110011101100100011
00000111110111001111100010001111110010011111100000010011111100010011000001111000100110110001100111000110000000111101110001111111100011100000111100111100100001110110100011111100001111000110000001111000011000110011100000111100001111000111110011111001110100110001100111100011101100001111110000100011000111100011001111110000011001000011011110010011111110
00011011001110000001111100001111100111110110000001111110000111000000111100000110011111001001111110001110000011100101111000111111100001111111001100010001001110001110011001100000110011101100001100111110001100111001101110000110000000111100000111000000101111100011100100011101110000111100111110011000110000001111100111110000000000011100011001111111001000
11100000010011100000001100111100111001001100110000001110100100110001101110001000111110011000010001100111000011001101100111000001110011100010011001100000011111001110000011001111001001111000001101011111100000111100000011111100001111001111111110011100110111000101100000111110000100100001100001100000101111101110001000110111110001111111000110010000100110
00110011100001110100001111110000011110111111100011110000011111000000110101110000011111011001101100111110000111100011000000111000001101110000001111111000011111000100111100000111011100011011111100001110010011110111001101100110100010111000110111100000100011111001001100111000110110000110000110111011000100110110000000110011000110000111110011000011110011
11000101100111001111010011000011001111111010011110111110011000110000111000110000000011011011000011010000000000111110011111000011100111110000011001001100011001111000110111001100111100011011000100111100010110000110011100111110011011110000000111110010010011100011110011110011101110000001111000001111110011110011001100000001111100000000110011000111011101
00101110000000111000110001111000111110100011111001110000000111100100111000111111011100000110011001110000011000100110110011111100001110001000111000000111110001110110011000100111000000111111001110000000111100000111101110000011111100000001110111000000111101111000011000110101100110100010011111000100110011001011001100001001100110110000011111000000011101
11100100111011000110011100110111000011111100000010111110000110001100011110001110001111100011001110011000110111000011100000111001111000011100101100110000011111001100110011000001110010001100011011000000111000011111001110001010001110011111100110001111100110000010011011100011000101011111100100111000110011000000000011110001110111000001001111001111111100
11011101100010011001100111001001100000011110001100000110011010000100001101100000100000000000000001111000110111100011111111100001100111100111001111001111111000001101100001100111001110001101100011111110000111100001100111110011000110001111011111100001111111100000001011100011111100110111100000110011111101100010110110001110001100011000111000001110001011
11101100101100111111100000110011011000001101100011110001001110011001100110000011001111110000011000001111110011111000001101101110000100110011001111110000111111100110001101110011110010100001110001100001101110001101011011100011111100000011001101111111000110011111110000000110001110001111111100111000001100000000011111100001101101111001110001100011101111
11001101111100001100111000110111000011110000000011111011100111100000011111000000110011000111111000010110010111001101110011000100111000110110001100111100000001100011111100111111000001110011001111100111011000110001001110000011111100000110111100011111011100100011000111011001101100011000000110110010011111100001100001100110000100011001110001100100011110
01111000001101110001111001111000100110011111110001111001111100010011000001000110001111001100011111000001100111011100011000100011100001110001001100110110001011111001111000100110011111100110110011011110000011101110011000111100110000111110000011001101110011101101100000111110000111100110011110001000011100001111101100101101100111100000011000111100100000
00011111100011110111000001100100000110000011110001110000001110011110001111110010001101000000110011110001101110000001110011000110011110011001100011100111000000111000000001000110001111110010011100000111100010111111100000011001001000110000110001000110110011000110010000011011111101100000111111000011110111110000100111110000001110000001111001110011111001
01111001111001000001111111100011100110000100011000000111100111001100001110011100000011001101000011011110001111000001100011111001010011001111110000101111100011100111111100000011101100001111100001110001000110111000110110000011100011001000001110000100111000110110011110110010011011100111000011100110011001110001111000100010011111100100001110111100000010
11110000111111111110010011001100000110011111000000011001011100111000011001111000110011000100111001100010011000000111000111100011111110010011000000001100111011000000111001111110001111000000001101100111001100100100100111001100111111110001000111000110111110000111001100100001110111000011111110111001100000110111111000001100000011001111000000111011000000
00001111100000111100001111001011111000011110011000011011011100000110111100001111111011110000010011110000001111110010011100100010111111110000001001111000000011110000011001100011001111110001100111111000110011111001111000010001001111110000111111010001100111001000011110000000010110111111000001101100011001110000111111011000001110001100110011100001100111
00110100100100111111000000001100000111000110011000111111110000000111100000100100111001100110111100001100001111000111100011101100111100000111110001100001110011100000111111000111111111100011001110110100000011111001001100100101111100001100110100111000011101001110010000011100110111011011000001111011001110001110110011111000001111001110110000110011100110
00000111111111010001111101001100000111111000010000011111000111100000001110110000000001111011011001111111000001101100111111000111010000000111000000110001111001110011110000011011000000000110111000000111110011111110000011101000000001100110001111100000011101100001110001100011110000010111000110000111110000111100011011100000000000111110000000001111111110
10000011001100010110110011100111111110000001111100111111011111000011111000100001111001101111100011000000111100001110111111100000110111100111001100000011111110001110010000110100100000011111001101100111000010000110110111001101100111100110001100111111111100011011000111100001100111100001100000111111100000101111100100001110011011001100110000111011111000
00110001110001000011110101100001100100000111000111100111111001111001111111111101100100011101111001100010000001111100000001001111100000111000110011100010000011000011100000001101100111100011001000111000111001000110011111001100110110111001110011001110000011110000001110000011100011111100111011100111111000000110011001000011100111000010000001100011100000
00000111011001000110110000011110000001111100111001001011000000110001111111100111000000001101001111110001110000000111001110011011101100011111100011100000011101001100110011110000011011001110000010011001100110011000010010111000011100000011000011110011000001111001100001100011001111000000111000110011111000110001011001110000001100111100111111100001111001
01100101111100011111000011001100001111100011100111111000110011111000001100100011111000000011101110000000111110011110000011111001100011110011000000110111001111000011110111001001110001100011110100001110111000110001110000011000011100000110000111001000000110111000001111110111001001111000000011100001111000011111001011110001100111001111100000110001011100
00011000000111000111100000011100001110110001110000001100110110000001111111100110001100110001001110011101111110111000011111111010000011111000111100001111011110000011100001110110011011000000011111000011100100000011110011100000111110001100111000011101100011111100010000111000100000111111001100100001100010011111101100011100001111111110000001111100000111
10110000111100110011000100111100110000010111111000011011101000101111101110000111111111100011100000001111100110011110000111111001000001100110111111110110011000100011111000011001111110000011100001100011110001000000111100001110011011100110000001111100000110000100101100111111000000111101100111000100000111001000011000111111001100011000111011000001111001
11000011110010001111111000001111100011011011101100011111001100011111111100000010000010110111000000011111110000100111110110000110101110111111000001111001110001111111000001101111000100111000100111100000110110011110011010011100111100000111111001000001001111000100100111000100111000110000000111100000011110011101000011001101100000001100001111100010001001
10000000011110010001100111100110000111100001110011011111000000000001111011100000011100100000011110011110001111001000011111011111000000011100000111001001100000001110010001111000011000011111100000011001001100001111000000111100111110000001110000001100111001001011000111001100100110100000111100011100110001101100000001110011001100011110000001001100000001
10111001100111111000011000011001011100000011011111111100000100111000110011101110011011100000000100111100111110110001110000011001110110001011100000110011100100011100001101100010011100000111001011101100001100000111001100011101110000001001100011100001111100100111100100011000111100100000001110011001110001110001111011110000011110011100110011000001111110
00001101100011001100110001111100000100110100011110001100110011001100000000111111000111000000110111110000000111100010010011100111110000111011000111000000110010001111100111000001011001111100011011000001101001111110000011110010000111110011100011100000000010001110010011110010111000111111000001100000111100100111011100000111100100000110011011001110111000
11001001111000110011000011100000111110001111111100001110011111011100110001001110000011111110011100010010001011101100010000011001000000110011110000001101111111110011000011110011111011111011100000110010011100001110010000111111000001101000011111100000000111001100000000111111100000011011111000110111100000111110011001000011011001111111000001100110011100
10110000111111001111011000011101111100000101110000000110111011000111000001111100001101100110000111000000110001110001100000111111110000111000001100111111000000100011001111110000110001111011111111001011100000001110010011100110011001111100000111001111001100000100111110000001110001111100011100010011011111000000111110011101110111001100000001101101110010
11110000011001111110011100001100110011111100110000011100000110011011011000011110000111000000110010110011010011111000011100001111110000100011011111100100011001110001000100001100111110000111100001101101111111111000000111100111110000001111001110001100100111000000111001001111011000110010011100110001100000011000000110000111100111001100111011000001100000
00000011100001111001110001111111011110000011111000000010011100001111000000100001110110001111110000011010000011011000111110011111000000111100110011111101101001111100001111101110000000000110111000001111011000111100010011111000100001100111000000001110001110010011100110010010011111001000011100011001111001101111111000001101111100111001101100111100100001
10001110111000100111100011110000010011001001101101100111100000001111000000111011001001111110001100110010001111000011111110011000110001100000001100011000011100000000110011011011000111111000111000110100010011101100011010111000001111100000110010011111001011100000011111110000110011001110110000111011101101100000111001100101111000001111011111100000000011
01100000111000000000111110011000110000010110000011101000110000111100000110111111011101110000001000011111100011000000011110011100000011101110110011111100110111100000110011100110110011110110000111100000111101110011001100110001110111100001100000000000001100111000001100111001000011011000110000111110000111111001100000000011000000111000111110001000111000
10011011100000011100001110000110110001100111111100011100001111001100001111110011111000000110111100111000001110000011110000011101000011111111100100001101111100100000111111101110000100110011111000011100011100011100001100111001100101100000110110011011000110100110000000110011100000011111100011101100111111110000011111011101100000110011100000111001100110
11000001101101000110100111110110000111110000011001111000111000001100001111011000110011110011011000000110011011000011001001111111100000010011110100110111111001100000011000001100100110110000111100000100010011101110001100000011011010001100000100111000111111100011111000000000111000110111000011000001111000000011110111110011100000000010011111001100011011
00011100000110011000111100011000110011100000011100011101101100111110001100000000000000000000000000100110011110011111111111111100110011100111111100110100011111000110111000110110000001001110111100001110010111011001111111000001110011001111110000011111110000110001110111100001110000111001100111001000011111000000111101100110001101100001100000010111110000
01101001110011110000011111000001111001101110000111100000000111001000110110011100000100100111100000111100000111100100000011111000000111000001110011000011000111100111000001101111000011110011111000011110111000000111000100110000111111000001111111110000111000000111111100000000011101100110010100011110011100110000001111111001100110011110000001001100011011
10000100011001100100011100110000011101100100011100111110010011000100111100100001100110000000111111000111110001111000001100111000110110011000111000000001111110010000111110000000111000011101111001111111011110000001111110000111110000110011000001110110110001001111001100111000000011111100011000111000011111011111000111011000111100110110110000001111111100
11000011111100001111101000001100000011111100000110111001100001100100011101101110001100111100001110100001111000010001110001001110000100110011000100011001100111000100011000010011001100110011100110110011100011111100010011100000001111000001110011000111100000001001000111111000001111100111100110100100111100000010001110000001111000111111000000111100001110
00000110001100110001100111000111000111001001100011100011110010011111100100111100000011101100111001100010001100111001100100000110011111100001111000110000000000000011001100011100000111000100110011100001100011111100000010110110000010011011110000011111011110110001100010111100000101100100011110011011110011110001100010000110011011110100011000011001001111
00011100101110010011000111000011110001001100000110001111001111101111000011100000110001101101000011000000111110000100111100111111111100110000011000111100011100010011111100000011111000010000001100100110000011110000000011001100000111000111001111100000111111001100000111000110111100100011100111000110011111100011001100000111111001101110001100110001100011
01111111101100000111111000000110110001100011111011100001000100111110011100000010011101100010111100110001111110010011001111000111011000100111110000001100111110011110000110000001111110000011101110011001001100000011110001111000111000111101101001110011011100000101100011101101111100110011101111000001111100011011100011010001111001100001100111110110011110
01001100011111000000111000001110000111100001001101000111001100011110000011011000111000011011111010011110001100111011000111000011011101100001100110111011100000111110000011111100010000110001110000001100001111100111000011011001001100000000111100111100011101100000001111100110011001111100001111110001100110011000011111100000111111000111011011000000111110
00000111111100111001101100011111000001100100100110000010000011100000111100100111100100011011111111110000110011001100111010011011001100001111100000011100111111000100001001111100000010000110010011001110000111100001100100111110011111001000011001000111000000110000011100011001100010000111111000000110111010011110001111011110011011100001100010011001111100
00111111010000011111001111001011000100110010111001100001100011100000111111001100000110000111000110001001100000111110000110111100100100111110011011100001110000110010011001000111111111110000011001100100111100110000001100111010000100110001001111100011111011000001111000111011001000110011000011111100000011111100110000110011001111110000001001110000111110
00111110111111000111000011111000001110011000001101111001100000111011111000011000110000001100001110110011000000111100001001100100110111101110000001111000111000001111000111110011011011110011001100111000001111000110111100000011001100111001110001110110000001100110010011100011101111100000111101000111000110001100111110000011001001000110011011100011100001
00111000110110111000000011111100111100011000000011110000110010011111000010111001111110000011011100011011011011011110000001100001100111010011011011100110000111011100000011000000110000111001000101100101110010010011111100000010000000000111100110011001101110000001101101111110000111000001111100000011001100001111110100011110011000000011110010110011100000
11111111000000110010011011101100000011110011111000111000110000001101110010111011000110000001111110001111100011101100011000000001100110110110110000111001100001001111001110011000001111001110000100111000100111100011100000110011011111100000000011100000011100100001101111111110000000111101100110011101100000011001110000001110011000111111000111100000011110
11001111111000110110111001100110011111010011000011110001011000110011110011001100011100011100011000110110001110001100110001001110010111000001111100011100000011110000011110000011001000110011111000010111110010000111111100111001100000111001110010000011110011111100000011100000110011111001100110000100011111000111000111000001100111011111000000011110000010
11110000100111001100111100110110110000000111100011001100100010011100110010110010011100001111110000001110001111110000000110111001100110011000010001110011111001000100001100100110011011011001100111100000111001101100101101110011111100000110110000110001110000011110000101100011011110000001110001110011001000100110111100011100100001111000001100011100110011
11100011111000110111000110001100110111001110110001110011001100011110110000011100011100001001110010001111100011110000111001011001100010011110011001001110110011111000110010011111011100001100111000110111111100001001100011101000100110110000111110001111100111000000011001100000111100110011001100110011100000111100111110100110011110001101111000001100011000
10011101100110111101001111100110011100001110000001111100110111000111100000001110000011100011101110001110011000101110110110000110101110011100111110000111000011000110011100000000111100001001100000010001110001000001111011111101100100010111011100100110000110000011000110110000111100110011000011100001100111000110011010010001111111100001101111001100001100
11000110110011011111100010011111100010011111000110110001011001100010011111011001100010000011100011111000111111000011111111001001111110111100000111001100011001111001111000000110011011100011010111110011000000111111000101100000110110011100011100010011111000100111000000111000100110011000111000111100011100110010111110000011100111100111000110011001101100
01100000101110000100100101101101100010000011111110011000110001100111001100001100010011000011101100111000011000110011001011100000110110011001111100000011001000011100011000100110110000011100000110111110010011001101101101101111100010011110001111001101100011110010000010011000111001101111110111000000010000111001000010110011100110011100000011001100011111
00011100010000111100011101100001111001111110001100000011100111100110011100110011101000100011100011111110011001100111111100000110001000001110110001100011000110011100000111100111100000001110011101110010011100111000000100011100011110001000110011011100111001111000110100111100011001100001101100001100111110000001101110000111011000100101110111100010001110
01110011001100111000110011110000100100011001110011001100101100111000001110111000001100111000011110010010011001101111100001110000100110110000000111100110000001110001110011001100011111000101110000011110000111100001100111100100111000001111000110010011011100111011011001100100110111000001001100111101111001001001101100111100000111010001111001110010011101
01100011011110011000001111011110001001100110010011111001110011000000110111000100110111001111000011110001001110010011100000110100001101110000001110011010010111111110011100100111000011000110001111111100111100101110010000011100110011000111111000000111001100110011011100111001100001111011100001111110110011001111100110111000011110000110011101111100000111
00001110000000111001101111110000010011001111001110000000011101100110011001000011010011001111101110111111111100011111001110000000011101100011111000111111000111000011011000001111001001111000001100111011101110011000110010010011000011110011000000011100011100111011100000111110000100011111001100011111100000110110011011100001110011001111000011111100011101
00100010011000111100111111100000110011111100100100011110001111000001100000000111100011011100011011000100111001100110110011011100111111000000111000011000110011000001011000000111100000111101111001001100110110011001111110000000111100110001000111111001110011111000000111000001000110110110001101111000111001100111100011100110011011100100011100111111000011
01101100110011111100001111001001101111100000110011000111101111001010011001111000011000001110110110001110011001101100000011100100011000110111000111100111001110001101101101110011001111100000110011001000011001100000000000000000000000010011011101110011111111110111001100111000111110011001101100111001111000001100110011011100111001100011111100011100000011
00001100111011111110001110011110001100000110001100010110011000110000111110000110111110110011000011100110001001111101100011100000010111110000011011011000011000110001111100110000000000011001110111001100111001100111000011000111001100101100111000001111110011001100100110011001111100001100111000110010110110001101000100111100011111000011110000011011011000
00011100101111111100001110010011101100011100111000000111011001001100111001100000111011001110011000011000110010001101100011101100011011110001001111000000110011000010111000111110000111111000000100110110001000110000101100011101100000000110110111001101111100110001100010110001111100001110011110011111100001110011000111110110001100110111000101111000011111
01100000010011100011011001111001100111000001110000111100011001100110000000111101000111000011000110010000111111111000011001100110011101001100011101110011001100111100010001001000110011111001101101100000011001111100101100110000011001001100110111011111001000111001100111110000001111100110101100111011000111010000001111000001100110001100011100011000011100
10000110000110011011100100111100111100110111000011001100011100111000110011101110010110000011001100011001000110011001100110011000100001110011101100110011111001100100011100001110011011100111000110011100111000001110000011100011111100100111110001111100000011001110011000001111100001110011111111000001101110011000011111100001111000001111001100111001001100
01101000111011000111100000111100011001101110011100011000111111000110001000111111110011101101100000111100011111000001100110011100100111110000001111110001110011001110000111001100111000001110011011101100100001100111110100110011001110000000110011100000001110001100110111000000001011111001111000011100100111100110011001100111100000110010001011111000110000
11100001100010111001100011001100111001100011110001011100001100110000100111001100100111100110110111000001110001100111001100111101001001000100111111000100010011111100000111000011001111011110110111000110110000011011001110101100011111001111000011001111001100110000110000011100010000011110011100100100111100111110001001100011001100000110011000001110110100
11011101111100110110011111011001101111100000110001100110011011001000110001001111111001111100000011001110001100111000001101100011011001111000000000100111000001100001100110010011001111001000110011011001110001111001000100111000110011011000101111110001110001011101110000000010011001100000111100111110000000110010010011001100111000110001110001101101111110
11001100100100111100111001001100010110001101111000111001100110010011000011111111111110000111100111100110000110011110000000111000111101100001001100001011111100001111000111011100110000011111100111110001111110010000010011011111000100001111101100010110000110011111101111000100011111001101110011110000110011100111110001001111001100001100110011001111001000
00011101100010111111001100011001101011100000111001100111001110011110011000111011011100000111000011100111001101000100111110000011100010011011001011011001101100101111001101100001111011000100011011000001111001111110011001101100111011100011011110001001100001100000111000111110001100110000011000011100110111000001111110011001100011000111111110111000000000
11001101100001111100001101111111000111100111110000011001101100111101111000000111110011110011001110001100011011110011011100000111111100011001111001110011000101110001100111100110101110110011000110011001100110110010111000001100111001110001000111001110111110000110011100000001111011100100001110000001100110010111011100001100100011111001000111000100000011
10000001110000111110000011100111100000001100111110001001111000110011011011000111111001000001000110011100000001001100111110011011000111110001110100001011000011000110110110000100110000011001110011000110100111111000001110011001111111011001001110100011001100110010110001100111011100011111000011110001110010111100110011010011111001111000011001001110000011
00110000011000011000011011001110011000011100100011110001101100110011111100111000011111111100111110011110000011101001100000111101111000110010011100001001110011000001111100011010001110001001111110100111011001100011111000111000111000001110111000000110111011111110110001110001101111100110000001111110001101101100011000110011001100011110000000111100001110
10001111110011100001111111110001111100110111001110011100111000011011000011000110011100111001110011011001111000111101000111100111000111100110010011000110011100011010001111001111100011100011110011110001111110100011000111110011110000000110001101111001100000010001110011011001111001100001111000011111100000111000111001100000010110110011100110001100111110
00110000100111110010001111111000111111000111001100110011000001110011100111100011100011000001111001100110010011011001100111001111100110011001100110001111101100011001100111001001100100111100111100110011110000110111111111001111000101100001101111100001111111000111011001101111100000011100000001111000100110011111000111111100111001101111100100000011011111
11000000111000111111000001100110010000011101111101100011100110001110000011000011110111011000011100110111000110010011100111000100111111001100101110110000010011001001111001111001100000111100000111011000111100110011001110000011110011101001100111110001111011111001110011001000111001110001110001000011110111001100110000011111100010000011111011000000011001
00001111100011101110110011111110001100111100001000011011001100100011111000010011111001111100010001101110100011001100100110011111001000011110011111000001001111100011111110001111111001100000110010000001100000111000000111100000110010110010000111011000000110111000011100001110110000110001101111110000111110111100011000111100011111110001011111110001110000
11000110011101100000011011100000111110011001110001001101101110011110001001111110001110011000111110011000100010001100011111000110111100000011100110001110010111001100110000101101100111111110001101001111100011110110010010110011100100111101111110001100111111000001111101101100001100010011011100011111001100001110001110011001111100011011100100011111100101
11100100111100010111000111110000011111100001101111100011101110001000110011001111110001001100011011100110010111100100110001011111100111111001100000110001100110010110001101101100000000011001111000000110011100001110000011100000100110001100101000011001111110010000001110000110011011100011011100011111100111001100001011000110001101001100100011111001100001
10011001111111000001100110011000100111100100100111100110110001001110110011011100000110110011000001110010011000010000011001011100111101110010001100011000111100011001100111100000110011100111000001101100011001111011100010011001100011111111000111001100000110001100011110011010001110011001100000011100011101100101001100111110000111001110110001101110011111
01100111111100111000011110000110000011001100011100111001100011001100001001100011001100001000111001000010000110010001110011000111001000111100100110110000110110101110000110111001110010000011111111001100110000110001001111001110110011100011001101110110011000111110000110010111011001100100111111000011000001100111100010110011110000011011111100011111100001
11100110001110011110110110000110011001000011000000110000100110001110011111011001111001110000011100110111011100011001101100000001111001110001000110111111000000101100011001100011001001001101111000001100000110100001100111000110011111001001001100000111110000111100000101100001011001110110010011000001110011001111110000100111011001100111111000001100110111
00111111100011110011011100001110000101000110110011100011100011011110000101111110000111001101110010001100011001100001110011001110001110000111011000001100111110111001100000000011111101100011111110000111110010110000110010000110000010001100111001100110010111100110011110111000111100000110001111100111100000011011100010011001101100100011100111110010011110
00111110011010011111011110001110000011111001001100011101100011100110000010010100111001100100011001110010011111001110001111001110001100110001110010111000001110000011001011001100011100011011100000111111000111000111111101110001100110011110001110011100111011110011100010001100110001100101110011001101100001111111001001100011101001100110000011100000010001
11000011001101100010011100110001110100111100110001110010000011001100110011111000011011001101001111111110011010011000110110011000011100100111000001111110000111111001100010011101101100001000101111100000111100110011011110001111100000111100110011110011001000111000001111000011100110010011100000011011101100011100000011011000111101100010011110011110100011
10001111100000110011110010111110100011100110011111111110011000011110110000011001100111100100001110110000011101111111100100110000001110001111011000111111011001101110000011110011001100010111000110011001111100000100110111011100111110110000110000011011111001110000001110001111110011001100011100001101111100100100100011000011011110011000001111101100010011
11111100100011001100001111100010001100111001111000011011000100111000111100110001011011100111001100111100000011110011001001000110001000011000000011100011000011110000001111101101001111110001110100011100000110011001100110011000001100110000111110001100111000100111111000000111000111010000001101100100011001111001101101111111111000111010001111000011110001
01111110011001110011001100110011011100010010011000001100011100101100111111111110011000011000100001100010001100110000101110100011111110001100011110110000011001111100011000110111100111000001111100011101000101111110011111110001000001100011111000011111001100111001110011000101110100110000011001101110011100011101001100111000011011001001101111110001101100
11001111100000011100110011001110111011111110001110111000011000011100010011100001001100110001100011001100000011111000100110001101100111000111000101111000011111110011011100011000101110110000011011100110011000001111101110110001100100011011100000000011100001011100011110110001100111100100011111000110011111100111000000111100001001101111110011001100011001
11111100000011100000011111001100110110110000110011001100110011110110011100110100100110011001111111000000111111011000111100011000110000110001110111100111100000001110110010111011000000100111000000110111001000000001110110000011111001110000000110000111110000011001001110010011100001001000111100111110110100110000111100000100111001111000110100011110011110
00011000110111010001100111000110011010111000001100111100000110111000110001100011111110010111000011100011111000110011110000111001101111111100011001100111001100100111110000111110000111110001110001100010100110000111110100010111100111111000110110001110001011001111111100100001100111110011001111100010110001110110001110001111111010001111100001100111100000
11001111100001101100100111001100011010001000011100011100000011100111110000011110001100000011011001100000011110001111000111111000001100110111000011000011111100010111100011111001000111110111100000110011000011100100011000111100100000111100011110001111000101111000000110001111000011110011001100111111000101100001110011000100110111111111000011001001111110
10000110001001100110111011001110110001111001111000110000001111011000100011001100110010011001001100110011100111000110011110000110010110001111100011001001100100011100000000111111110000011100111111000010110011100111110010001111001001100011111100111000001110010001100011001100110011100110001100000111001110001111100111110011011000111110000011111100110011
01001111000111001100000001100111001110001100111001000001100000111100110111100000111001100110011100001100110000011100111111000001110111001110001111000000110001100110100010010110001110010111001101100111101100010011011001100100011101100111001000100111000001110000011111000111101100111111001110000111000101110011000110011001110001000110011111011000111110
00001110000010110011000110011001110100110110111010001110000110110001001001100111000011000000100110100100110100110110011110001111110000111100111011111000110000011011000000111001101100111000110010010011111100100011111001110001100100111110001010000111011110001000111100001100011100011110010011111001100010000111111111100111001111000110111010000100110000
00011111111000000011011010010011101110111110011111000110111110011000011110011011000001100111000010011100011100111111000111011001110011000011011110110001001111111100110001100110100110001100110000110011010011110000110011100011111110000011001111110110001111011001100011001111100001110111000111100011111111100000111100001001000111000111011001111000011000
00111000001101100010000110010011000001101100111110110001100110011100000010001000111001000001110111010111000011001111100001111100011110001110011111101100100011011111100001100110011000111010001110010001000101110011110001100001111011100001100011001100010001100001101110000110110001111001101110000100111100110100000011100111100000110110000111111000111000
10111000000011110011001111110011100100011000011000000001100110001101110011011000100010011111111111000001110011001111000110000011001100000011001100011100001100011001100001110011111000111011000000011010111100000011111111001111111111000110011110000110011111001100000001111001100011011100011110001111111001001111100110100111000100011100000001110001000110
10001111100100011001001110001110011111000111111001011101110011000011111001101100100000110111000000110011011000110111000101111100001111111011100101110111011110000111011110000011111100110001101100111111001101111100010011001111101100100011111110000001111001110010001111000111101100011011100001110001110000000111000111101000011110001110000011110001011100
10010001111000010111011001111100100001110011011100111100000111111100010011011000111001000100111101111000110011101110000110111001111111000111000110000011110000111100000110110011110011000001101110100011111100011110011100011001111111000000110011011100110001111001110001000110110000011100110100110011100010011001111000011110011001100110011011000110011011
11101101110011000111001110010001011100101110000111100000110001001100100110011101110000011100110011111001000001111000000000000110111011100000111110000001100111100110011001100111111001110110011111111100111001000110011011111000011011001101100100111011001111100010011001100011100111110000111100111111111000111001100001110001101100111000110000001100011001
00111111011011001111111001100010001100001111000011100110011100110010011001111110111011001100110011110000001100111000111100111001111001100110001101100000111111000111100000100110111100001001111000110011100001111110000001110011111110011000001110000011110001111101100110011100010010100011111001100111100000110110111100110011001111001100111000001001111011
10000110011001110011110110001100111110111000000111001111001101000110000111000111001001100011001100111111111001110001110011101100010110010011001111100001110011001110000011111110001100111100110011110111000001100011001110001100100111001111110000101111001110011010001100111100000110100011100110010011100001100101100100010001111100100100111000110110000110
01100111110001100011100110110011110110000011111101000100110010001100111100110111000111111001100110011000110011011100100011000011001110011001111101100001101001100110000111001011101100101100110011110001100110001111100100110001111011100001110000011001000011001001100001101100000011100110000011011101011000001100110011110010110110111000011001111100110001
00011010011001100111000111111000000011001100000110011110110111000000111001100100001110001001111111000011100100111111100011011111000011111000011111000101100110001100011001111100111000110001101100011001110011000000111100011100000011111011001110001111001001111110011110010011001110110000011010011000011001101110100011100110010011100001110010100000110000
00100110111000111101100011001100011111100011110011001101100110110001111001100011100011011110000110111001110011001100011111111111000111111111001100111001000111110000000000111000011100011110111110000001110011000011111100000111000100110011001110001100011000110011111100011001110111100111111001100110011000000011110000001110011000001100111001100110111011
01000000111101110010011100100111100111110001101001100110000111100110001110000111110010001111110000110001001111111100011011110011111111000000011110011100011001100110111011000011110011011101110001111001111000011110011100110000111000110011111110000011001011001111001110100111001110001100111100010000110110100001110000011011010011111100100110010000110111
10011110110110000011100110001111100011001110011100000111010011111000110010001100111100001100111100001100110110000000010011001100001111100010110000110011001101100100110111000001111101001100110111100100011100111000111100110010111000000001111100010110001101100001111111001110000101111000100011011110110000010001110011001001100011001111100010011100111100
01101110010011011000111110111100110010011000011111000111000000111101001100011111110011001111110111100011110010011000001111111100011110011111111000011011100110011100110100000111011001111001101111110000001111000001001111000111001100010011101101101001100011101000011001111101110011001110111000011000110001100110011111000000110111110000001000111011000001
11000001111100111000010001101001111000001110010010111000001100110011110001111111100011001110000000110000011000000111111101100100111110011000011101111110001000110010111011100001001100000011111000110111001000011011100000101101101100111100111100000110110011000001100110010011000011110011000011110001001110011111110010110010001110011000111000111011011100
00011100111101101110011100001100111100011110011000111110011000000111110001001011001100011001110010000011011100110010001111000011001110011000110011110010011001110000111111000111110001110000011011110001011111000100110000111001101101000011111001001110001110000010011001111111100011011000001110000001100111001100001111111100010010011100111100001011011110
10001000111111000000110110011100100111110001001111100111110000001100110000110011000011011100011111100100000001111100101110001111000100011111110110011111001101000111000011111000000100111001100111100000100011110011111000011000110111100111100111100001000110001110110010011001001110010001011110001101111110001111100000100111001001111000111111010001110001
00111111000111100010011011100111110001110011110011011000000101100001111001110011100010001111010110110111000000111000001110111001111001100111110010000001101000000110001011111100001111011100111111001101001110000011000111001100001100111111000111111000010011011001001100001100110000011000111110011001111001111111000011111100011010111001011111100110000110
10010000111000110001100001111000111101110011011100100111111100111100000111100011001101111000011000111001100111011001101111111000001111000111100100110110000110011001001111100000001111100001100111100110010011001001100110010000001111000110011000100110000011110010011000110110001111111001100111000110000110011001111000100111111000101110001100110011110110
11100110011000110011001110011001001100110000011000110011100111000111000011100010011111001111000110011000011011100011001100110001110100111000010110010011111011111110011100110000001100111111000100001001001111100000000111100100111100011001111000011100111110011001001100000111110010001001100001110011011111000001111000001111100111110011101110000011001101
11100010010100011111001111000000101100100111111100011011100111001100111110001111000000110011111100110110000111011100001100111000100111100110011110001110001111011100110000111100011000111100010011110001000111111000100100111000011111000101101100011001100110000011001101111011001001110011111001110111100011001111111000000011100011000111100110011001100001
11111100011111110001101101100100011001001110010011011000110111000011001111001100011001000100011100110110110001000111101110110010110001111101111000011001100100100010001100100110000001110001111001001101110000001110110011110101111000111110000011100011011101111001110011110000100011001000111100011011000001111000110110011111000111101100010000000110001111
01110000000110111110000111001001110100000011110000110111110011100001111101100111111000001001100011111011001101100100111001110011011100011101000111001011100010110111100011001110011111000001001011111110011100111001111100000110011000011110001100110011111111000110110111100100011011111001101100011100000100110110001011001111001111001000011001011011100110
01110000000111000111111001101000111000011000001111100110011001110011001100000010111011100100110011100011111001000111111100110010011110111010001101101111001111011001101100001100110110110011010001110010011111111111000011100110110001111100000111110010000011111000010001111000001111110011100011001110011011100001111111000011001100111111011110011000110011
11001100100010001110011011110001110011111000000110110011010011110001011001110011100110110011000110011100000001101110011000110111001111110000001101100011111000100111110100011000011110111001100001001100000110011011001100100011001111011011000111110000010111001110010001111100110010011111111100111101110000001100011110001111100100100000111001111000011111
11100011110001101100111100111111110000001101000001110000010011001101100011110001100111110011100110001110011101100001110010011100011110011110010011011000011001100000011100100010001111111000011100111000111111000110001111011000011111100001101110010001110011001011100011001100110000011111110000111000100011001111001110000000111100010011100110111001000001
11011110011001000001111111000011111011001110011001110011110100011001101000111110011001111000110000011000111110010100110010110010011001111100011100011101100011100100111000111111100001100011001101001111111001001100110001100111110000000110010011110111100010011000100011000001011101110110001101100001110001110000001100100111000110010011111100011000110100
11001110111000111110111110000111001100001110000011001111000011111110000110011111011100001110000000111100110011000111111000111110001110000011111100110111000111001011011111001110110000111000011001101100110001100110001110000110000100111100111100111110001111100110110011110000001111000000110011001100011100000111111001001100011001110100110010000110011000
00011001110011001100011100000111000111100011001000111000011111000001100001110001111111000110001100111110001000110110011001111110000110011010001111100100110110100111110001100100101110110000001101100011111001100000111100110000001101101000110000111001100111000110100011000110111001110011110000011111110000111100010111111001100110011110011011100010011000
01100100011011000110110011000111111000110011011110001000001111100010111111100000001100011111001111110011000111000001110011100110010011111001100111001110000011100111110000011111100001101000110011110011011001100010111000000111111000110011000011111110000000111110000111101100111001111100100110011001100000111001100000100110110001111100110111100000001111
11110000100111111100011001100001110001011000111110000001110011100000110011001000010001000110011100011000001110100110100011101110000111100111100111000001110011001101101100110011001100100100101001100111100000111111100001100011111100111001001111111000100110001111111000011001111001111011001111110001111110001111100001100111001101111000001110011111111001
00001000110000011110011001001110010000110011111001100100111111000001100110001101100010011011001110100110001001111000010001100111000110011110000111101111000011100100101100011001111111100100011100001110001100011001110100010011111001000110011001100001011001011111100010011111001110011001000000001001111000010001110001100011111100110011100000011100110001
11111001000011000100111011100000111001101000011000011111100110110001110011000011010011001100111110011001100100100110011110001111001100111110011001111100011001110011101000110011100100110000100110100011100100110011001100011000011110001110000011001100111001000110001100001110011100011111100000110011100111100110010011001110001111000001101110011001100110
00111111000110001001110011011100100010111101100111000011100001100110000010011100110110011100110011100111100100011001100010111010001110001100011011001110011001100110011000111111000101100110111000000110011111110000011110011000111111000000111001110001100110100011110001000111001100111000001100111000001101110010000110011100001001100100110011000001100111
11011000110110111000001110000011111001110001111100010011100100111100001110001100000011111110001101111111100111000111100111110000101100110000111101100011001111011000000001110011110010001110011001100100110110011111110000000110001110011111000110110110011000111110000111000001111111000011001101100010011011100000001111110001100111001101100001101001110100
00001111001111110011101000101100111111111001001100110001100011000111100001000111100000110011000111000111011100000011111101110011001110000101000111011100001110010000011001001101110110110011111000111000001100111000001111000010000011011001111111000000110011001110001100111100111100011000000011100001110001111100000000011100111111111000111110001001101111
11000011011000111011000111000001111001111110101100011110011001001110000001001111100110001110011011100100110001111001100011100111111100001000011000111101100001100111111110000001100011011001110110011001111000001111000110100000011110000110000100111001111110001100110011110011001100110011000111101100000111111001100001100011110010010111100000111000110110
01111111100100001100111110110000110011001100110010010011110010011111000000110000110011100011010011001111111100110011000110110011110011000110001111001100011111110000000110110010001110001110011110010001100111101001111001100101111100110111110001101100110111001001000110011000100110011011000000011110110011001001100000110111100000111100110011001111000111
11001111011100011100011111010001110001110001101111110001100011011111000001100111100111000001100110011101100110000111111000001110011000001111001110001011100001111110001111110011000101110011101100011101110011110011000011011011100000010011111000111001111100001110111100011011001000011110111000100110001100111100001100111000111000110000000111110000100111
11100110001101001101111100000011001001110111001100100011100010011111101100001100010011001111101000111111000111000011001100110111100011100110100010011001000011111000010010011000100011111110001110001111100011100000000110001111101000100011001100101111111000010100110011001110110001111011101110011111100001100111001010011011100111111100000100011001100011
10011110011011001100001111000111001101110000100111000110011100000111110110001100011001100011100001110001100001100011110011011001011000001000110111001111011101100111100000111111001110001100000011110000001111111110000001100110011001100000000011111001100011111000011110000001100000001110100000111001101111100000111100110001001001110100110000110110000001
01011100110011111000010000001111000011110010111001000110111000110011001111010001100110011100111100100111111111100110110001111000011000110010001101111100100101110000100110000000001111100110011000010001000100111100110001111001100011110000000001100110001111001101111111100011110001101110011010011000001100110010011000110011100011101100110011100110001111
11111011110011000110111001001110001111011000101111001001100011001110001111100110110011000101111100000011110001100011000100011111000001111100110011111000011111110011011000001100100111111100010011100111000001110000111000111111000001111100111000001100111001100001111000111001000011000111110001100010011110011011100101100100111111000110000011001100111111
11100111100010011011100011110011000111000111010000011001100010001110000001110011001100001110010011011000011110010111011000110001001110000011111100110000011111101100000011100010011101110000110011001100001111111001111110000011111000001111001100010011100110110011000110011111000110011100011001100111000111000011111001001110111011000110001101111000111001
01111100000011111000111100011100010001111100110010011100110011000010011100011111101100110000100011100000100110011111000011100001100011110011111011001100100011110011001110000111001001110011000000011011100110011110000000011100110011101100011000001101001111100000111000110001111000110001110000111110011100000011011100001110011001000110100110001101100000
11000011110011100001110001001111011000111100011110010011001100110001101100001100111000001110000100011001111100110001110011010011111001100011000000011111100000111100001110011011100000111100110000111001100110011110011111000110010011111001110011011100100110011000111110011111101100101110000011001101001100111111100011111000011110011000001100000011001101
11001101101010111111101011100001100110110000101110001111001100001101100111100000011100111101101100111001100111000111111000011110000001100000011100111000100001101110001101100110001011011111000011100000111110000100011100111000000110011100110111110001100111110000011100001100011110011001110110110110000100111111011000111100000011001100111000000100011100
00111001000011100110011001001111001001110111001000001100110011111100001111001100100100111000001110010011110111000001000011001100100110000001111001110001101100001001111001110011100000100111110000011100110001001001111111000110011111100100111110001101100011000000111000110111011100000111000000011110011001100111000101100111111011101000110010011011001001
10000001100110011000100111001111000011011100011110101100001001111001101101100110011111100110011111100100110001111100110000011001100011111001111100001111100001110011111001100001101100001111000000011100000111111100100110010110001001110111000011110001110011110000111000011110011110010010001110011100011001101100110111000001111001110011111000110110001110
01110011100110010001100110000110011000110011011001100011011000001100111111101111110000110111111010011000110110001111000110001111100100001110011001100010001010000111110011001001111000010011011110001100111000111001110000001111100111100011100011100011111100011000011111010001100110100111011111110010001100100111110111000110011001111111101000111001101001
01100111001101100001100110001101111001000110001100111111000111110001100111101111100001111110011001101101100000011101110011000111000001101110000110011001100001101001100000011110000111100111111111110000000110111110011001101110110111100011111011110000001110001101110110001100111110101111100100110000000001100001111011100010011001100001111001110011011001
11100111001000000111110011111000011100000100011111100100010111001110011111110000011111110111000011101000111101101100001111000010011110011001110011001110011110000111000111000111100000001111111011101110011110011000110011111000011110011001011101110011000001100110001111100110001110001111110000011001111100000111110111100011110000100111000110111000100001
01100100011110011101011110000010011011000001001110000111011011011000011100110110011111011100000011110011111000011100011101110011001111100111001011101110011100110001111001101110000110000010111110110001001111110001100011011100111100110011001100110000010000111100110000000000001000100110011101000111100110011110011110111111001001110011100110111010011101
10010010001100111100110010011100000011100111100100110011000000011100000011101100110001111110011100010110110001101111100111001100000011000110011100011111011011100111000111100011110110000011100111000001110000111111100011100010011011111110011001110110001101111000001110110001111111001110110111111111000000111110001001100110110011100110110011000001110110
11000110110011000001110110010000111001111000100110001110001110111001100100001110000011111110000110000011111000001111100111100010111000111110000111001110110111000111100111001001100110010011100001111011000001100100111000111111110000110110000011001111001000110001101110000111100000110111011100110001100110011100110011011000100111000101100001110011110011
10001111110011111001111110011000000110001000111110110011110001100011001110011000011011001100001001110011100110100111000111001111001110011000101110110110111000110110001100111001000001100001101110001111110000001100110011000111100011011000110011000001111111000010011011001100110001101100100001100110011011011001100011100111001111100110011001101110011001
11100011011110011000110000110011001000110110111110010100011000110001001100011111001110011100111010000110111101001110011000000011001111000111000111011100011110001111101100011110010011001100011101001111110001100001111101100111000000011000111011111001101000011000111111001100110110001100110011001101100110011001100000110001111100011110001100111001100001
01110000010001111111100100011010011100110001110110010001101110000011011100000100110001110011100010011110000011001111001110001100101111000011101100000100111000011011100010011101111000001101111100000001001110011001101100110000111100110011001100110000111100100110011000110001100011111111000110010011100001111111011101000011110110110000110001011100100000
11110011000111000001001111110000111000100101101110110000111000000011101100110111000001101111000011101001111000110110011000001111001111001111110000111001100011011111001110000001100111000001110000011100010011100010000110011010011110011001110000111001110000001100111100011001001101000011001110000111100000111111000000000001111100000111011101110001111111
00111000000100110001100011011000010011011001111000111000111011001110000001110111000001111101110011111000000110010001001111111110000001000111110111000100011000110110010011011110000011100011110010011110011000001111001100011101100011111000001111101100011100110011111001111101100000101100100011011011111000100111100011001100111011100001000111001110011111
11111110010011110000001100110000011000110100011000100111100100001100111000111100000111111100010011011111001111100000001111110000110111011111001000111110011110111000011100111001100111001000011111001100101110001111001111110000110011111100001111011001000110001101100001110011110001101100101100011001101110011110011101100011000001000100110000111011000110
