01101110001111100000110010111111000000000111111100011001111110001100110111101100000110110111110000110011110000011111110001100111001110000011001001110110000001111001111110000110011110000000011011100110000010111101111110000110010011111110000100011110111111110001000111110000111100001111100000000011111100000000110011001111100000000011001110100110110111
00010011011111000000011111101000011110000000101111110011001001000011111000110001111111000011001111111000001110011110000000001100111000010011100110110000001100111111001001001100111100000100110110011111000111110100100010001111001111111100011000111110000000110110011001000001100111110000111101111110000001110011110000000111111100000011100001111001111110
00110011110010001000111100000011011100001110000110110011011001110000000111001111000001110000011111100001100011011110000100111100111000011011111111110000010011111111000000100110111010001000011111111000000000011111100010100100100100100110111111100001100111110000100001111110000001011001111111000000011101111111000100011100111110000110001111000000000111
00101101111000011001000011101111110000001111110000110111111000011001110000000111100111000000000000111000100100011111110000111111111111000010011001110110000000011111011110000011001111111100010001100111110001100001111111000110001111100000010000111111000011000111111101001111100011111001001100111110001100111111111000110010001100110011001111111100000001
11100000111111111100001101110001111100000000001111111000000100000011110000110010011111100001001101111111000001111110001001110000111001110000001110000010011100011111000000011111110001001000001111100010011111011110000000111110001001000111111000011110011101000001001110011011100001100001111100000011110011111110000100111110001100000110011100011101111000
01101111001111100111000000001111110000110001111110000000111100011110001000111001111111100011001111000111110000010010001110110001101100100001111000110000011110000010000111101100000001111001100111110000000011001100111011001000001111100010011111001111101110000011001110000000111000011111100001110001100110111110000100110011011000011001001110110111000000
10110011111000011101100001111100011000001101111000000000011100011110001000001100100000111110000001100001100111100010000011111000100000110011110011000000011111000001000111001100001100111111000000010011111000000011100111110000100111100111100000100111100111111001000001110001111111000000101100011001111111110001110001101111000001000100011111110000000000
00111110000000001110111111111000001101111000011000100111111000010010110011111100110001100110011111100010001111100111111110000000110000111111110000010001101110011111100000111011111000000000011001100100110001100111100011110000000110110111111100001000111000111110011000111110000011111000110111000001001111101110010001000110010011110000110010001101111110
00110011111001101111001111111100000000111001111100000000011000010011100110111000010001110011110000110001110110000110111110011110001100001111110000011001111100000100111111000000011111110001110000011001111000110000110000001110111110000111001001111100000001011111100000011011011100000000010111100000110011001111000101100111100111110000010011111000000001
00111011000110011000001111110001111000000110011000011110000000111100000001111011110000011111011111000010001100111111001000000111001111100011011100000000011011110000010001101111100001101111110001000001110011110000001110001111111000000110011110001000001111011111000010000111000111110000110000101110010001100110011111111000000001101110110000100111110001
11111100010010110111110001100011011111000100100111100111100001001111100000100000111100000001100111110000000011111110000000110111110110000110001111110000000100111100111111000011110001111100000001111001110000010111001100111110100001100011101110000110011111100000001000111110000000001111101110000100011001110000010011100111110001101111100010000100011111
00011001111000011000111011110011110000010000010111110000100011111000000111001100011111000001111100010001111001101111000100100001111001100000100110011011111000011001111110000001100111100111111000001011011110000010011110011100000000100011111100010011111110000000011101111000011000010111100001000011011111000010100001110111111100010001011100111100000010
00001111110001110011100000010000111000110011100111000000011000111111000101100100011000111001011111000010111111000000100110001111000110011001100001111100000111001110111000011111111111001100010011110011110000010011000111111110000100011001111000011011001011111000011001111111000010011001101111100011110011100010010011011111000000110011111000000110011111
11111100011000111111000001000111111000011100111100000110011111001110000011110001111100011000111111000010011110000011111100111100001000111111000111111100110011100111110001100010011110000100100111111100000101100000001111111100010001100111100010011011101110000000111110000100011111111000100011011110000100011111100001100011001111000000011100111110001110
11000110011001110011111100010011110010011111000011000111000110011111000011000111001001111100000011100011100100000011111110001000001111000000111110000110000111111110000110000010100110001111110000001111111100000111100110111110001100011111001000111000110001100110111111000001001000011111000011111100001001001100110111110000001111100010001100111100001001
00001101111100000110111011110011000111101111000100001111111000011111100001100001000110011110000011100001100110111100001100011110011111000110111110011000111111000010001111111000001111000001111110000010001110001000011111100010011101111111000010001111110001000000001001111110000110010001111000111001001100100111100001110000011110000011110000001111000000
01011111001111000000100101111000011011110010110000110001110000000011001111100011001111111000000111111110100110000001111111110000000110111111000011110011111000111000111111100011001011111110011100000111111000000100111111000001000101111110000111000111111110001110000011111000110001111111100001100110011111000010000111100100111100000001001110000000011101
10010011110000111000011011100000001111100000110011001111111000010001111000110000100111110000000110011110000111011111100000000000110001110111001000000011011111000011001110100011110001001001110000010011101001001111100001000001111001001110001000111111100001001001111111100010010011011100111100001011111110010001011111100000000011000100111111110100000010
00001100011111100001100001111000010011111110000011001110001111110000100100111111100010011001101101001001101100111100000001110001111110000110001101111100010011111100001100111100111110000000111111100001000100011111100000100011011001100110111011110000001111111000100110001111111111000110010011110011000000111110001001110000110011100010110000000011111110
00000011111110110011110000110011000111000110011000100111110000100100101100111100001111110000110001001110001111100000000110110011110001100000011100111110000001111101111010000110000111001111110000010001000111110000110000111001111110001100011101111000000011111110011000000110111001111110000100010011111100001110011100110110110111111000000111111110000000
00110000000111100010011000111011100000000001111000011001000011110010000111001111000000000011011110000100001111110000001111011111110000000000001111000010010011100000000010011100000011100011000000011100001100111100111000000111111111100000000111100000111110001101001111111000000011110001101101111001111000011000011111110000010001111111100011000000111100
01100001100011111000000110010011111000110001011011100000001100110011111000000100111111000010011111000000010011111100101100000000111001100011001000111100111000011111111100001001101100000011110011100110000110011111000000011100111110000001100110111100010110111110001100011110000011011111100000011111110001001101110001000011111111000010011111000000110011
11111000011110001001111100011001101101111100110010011110001100110011110000100011011111111000000101111110000001001111110000000111111000010111100001111100011000011111110011111000001001110001000111111110011100011011001110100000011111001111000000001100100000011100110110001111100001000111000010011111111110011001011111100000011001010111110000000100111110
00111100011110011110001011000110001111001111000011011100000011111110010001111100000011100000011111001111100000001110111101111100001000110011111100110000011111110000001101111110001000101011001111110000001001111111110000011000011111000001000110001111110000110010011110001100000010011011110001100000111000010011111111111110010000001111000000011001111110
10011111010011110000100110001101111100000001111110000110011111111111000101100110110011111100011100001100011100011100001100111111111000010010001111011101000001111100111110000000001111100011000110111101100000011100110111100001100011001100001110011001101110000011100111100011111000000001100011100000110011110000110000010001100100111001001100111111011111
01011101111000100001110111110000000111111100000000011011110100010011100110111100011001101111110011001000001111100000011011011110000111101100111110000100111110000111001000111100001010011111000000001111111100011001100111100011001111011111000111000011110001001111110011001111000000111111011000111100001111111000000001111111000000011011111100000110010111
11001110000001111110001001101111110000000111100111110000000111111100011001111100000011001111111000111000001111001111000010011110011110000101101111110001100000011111100000000111111100001101111001100000001111111000001111110001001100110111000011000000011110001011101000111110011001100111111000000001111101111100000001111100011001100110110000000010011110
00110011111111100001000100111110000101100011001111100000001100111110000101111100011110000001111111000011010000000100111110000001111100000011011011111100011001110110001000011111111110000001111111000011100011111100001100011111000000011111001100011111110000100110111100001001100111111111000111101110000011001011110000111111111100000001001011111000110011
11110000110000111111000000011111110001001000000111111000000001100111110000000111111111000000000110111111001100101100011000110001111000000001111110011000001111100011000001001111111110011101100100011011111000100010111011001000001100111110001000000001111011100001110011111100000101100111100111110001001111110000100111111100111111000111100110001111000010
11001110011100010001001011110000011001100111100000110111110000000110011111000011111000011011111100001111100011000011011110011000010000110011111000000110001111100001000111001110001110011111010111111000011111110011001101000011111000011001111111001110010000111111100011000011001111100001011110000010110111111111111000010011000100111001111100000001111110
00001111111100000011000111111000111110000011111111111111100011110000010111100111111000000011001111000110000110111111000000001110111111000010011001110011000001000110011100000000111110000100010011111111000000111111110001101000101101111100011001110000111110111101111100001011100000111100100100111111110001100110100010111111000011010001110000111111100011
11111100000000000011110001001001111111111111110000000001100100111100111111000010011011000011001111100000100000111111100000001110110001111100000000010010111100000011000110001111110011001111111000000101111100001111110100011000111001111100011111100011000111111111100000101000011100111011001100000110011111000001100011111000010111100000011111000010110000
00110111100000110100011011110001100110000011111000100011111111000000011011111000111101001101111100000011100000001111110000111100000000110001111111000100001111111000111111111001100000011111011111100000001111000011000011111100000000110011100000100010111110000000111111001111100000010000111111000001100101110000110011110001100111111100000011111100011000
00100111110001100011111111110000100000111011111000010001111100000011001110001111111100000111100001110010011111111110000100011111110000100011001111100000000001111000011001111110000000110111000011111011110001100111110000010111110000100111000001111000110000001111000010000011111110000110011001110000100110001001111000100011111111000000110111111000110000
01101000000110111110000000000111111000111000000001101111000110111000011100111111111110001011111000011100001100001110111101100110011000001111000010011100111000000011100001111110000110011011111111000100111001110011001000011111101111011000000001110111111100011111111001111100000111011001001110111110001000111011100111110001101111000011000001100111110000
11000001111100011100110111100000000110011000110000000111111000111100111110000000111111111000111101001110000000110001111111100011110001101111101100000111111111000100100111100111100000100001111111111001100000111111000100001101111111000100010111111100000000011101111000000111110000001111011110000101111111100011000111100001001111100111100000001110001111
11000000011011111000000001001110000010010010001111011100011001100111100000111000001111100001001111111111100010001111011111100011100011000000000100110011111000000111111000111110000000011101111110000100001111111100000111011110000000111101110000111110000100001110010010001000011100111110001101111100011100111000110001111101001000100100111011110001001111
11100001100111000000111110000101111101100001001000110111110000001001111111110000011001101100111000000011111111000000000001111111100011100001111100011101000111111110000010011100110001111100001100000011111000000010001111110001000111011010011001100110001001111111000000001100110010111110000000011100111110000011001111011001111110000011001111110000000101
01101111100010000111001111000001110011011111111100001110001100111111000000111111111110000010001111111100000100111111111100011000001111100001111011001111110000110011110011000110000111111000110011011111110011100000011111001111100001001101111110001101111100000001111111110000100001111111100011100000111111001000001111100010010111011111110000000001111100
10110000000111001111100000001100110001110011110000110111111000011001100111111000000000111111111000000001111000011111110011000000101111011111100000011111110001000011111001101110000000110000111011111000000000111111100000011000111111100100010001111100001011100110111111110000010011111000011111111101110000011011111111100001000001110011111000100111110011
11000000100111111011110000001101110000100111111100000000111000111100110000001111000110001111110000000011111100001001001111100001100011111011100000001110000001001100111000011000111111100001110111110000001100111100000110001111110000011001111110000011111110011001111111110000001101111111100000001110111100000000000011111000000011001100000000011100100111
01111010001100111010011011000111000001111100000100110011111110000111001111001111000100000101101111111000001101111001110001000111000111111100000100111111001110000110011101110000100111110110010011111011111100110000011111000100011110011010011001110111011000001011111110001111111000110000111110100100000011001111110000010000011111000001001111111000011000
00111100001111001111111100010011110011111110000000011110000110110110011110001100000011100000011111001001001101111111100011111000001111000000000110011111100010001011011111001111000000001110010001000100100111111111000100011100000000000111110000000001111100000001111111111000000110011111110011001111000000100101111111000000110111111111000010011011100001
11110000111101111000000101110001111100001000111111011000000101101111110000100111110000111111000000111111100000001111011011111000011111100010001111111011000110000011111111100110011111100011110000111001000111110000100111110011000111111100010000111001100100001000011100000001111100100011110001000011011011111111000000010011001000111110000000001111000100
00011111001111110000011000011111000010001101111000110111111000000110001111100000001011111100011001111110000111100000001111101000000011101100111110000110010111110000011001111101100111000000111001100000001111110000110111001101111000110000111000100111100111001000110001111110000011111001000111100000001100011111100001110001001111110000000111111100000000
11111100011011111000011000110000011111111101001011111000000110111001111111000011001011110001100000010110111000001001000011111111100000000111110001111000110011111100000110011100011101110001100001010111111110001010011101111100000110001100111110000011111110001100111100000001111000001001111111100000000011111110001110001101111100000011110000100001111110
11001110010001111000110000110111110000100001111000001111011010011111100000001111000000111111000001000001111111100000011011001111110000000111110000110000011111000001100111111100011001011111000100000111100011111000001111100001000111111100010011111111000011000111000111111100001011110010000011011011111000110001111000001000000111110111111000100111000000
11100011011111110111001100000001110011100010001001101001101110000100001111111000000001111111111000010000111111111000100001111111000111011000001111110001100111110000000111100000010011111101000001100010011111111111000100111111000011111100100110001000100111100001100011100011111000000111111001001001111111110000100111111111100110010011111110000010000111
00011110110000111111100010011000011111110011011000110011111000000000100111111111000010011011110011110000000011011111111000001110010011110011000000011111011111100000000111111100011001001011111100000011110011011111100010001111111100010000110111111100001001101111000000110110111111100000001111111011000001000000011110111110000100001000111110000001111111
00000111111000100111100111111111000011111000111111100001100010011011111000000011111110011000011101100011110000011111111111000100111100111110000110011001111110001000001001111110001000111111111100010001101110001100010000011111111100010011111000000111100000001110011111000111001000010110000111111100000110011111111000000100110111111100001100100111011100
00000011001111100000000001110000110010001101100111111100001111110111111000000001111100011000011110011100000011111111111000000100100000111100001001111110001111101110111100000111111000001110000111100100100110001100001111110010000011110011000001111111110000000111111111100000011100011111000010010110011111000000011001100000001111110000001101100110001111
11000010000111111110000000111100101110001110011000110011000111001111110001110000011110010000011111111000100011111000011100111110000001111000000011111100111000000000001110111100010001100011111000001110001101111100001101100010001110000011110011100000111000011011100010111110000110001111111000001001011100010001000110011111100001111100110011100111100000
10000001100001101110000001000111111000110011111110000000001111110000000111111110000011100011011110000001111001000111100110111110000001111111100110000010011111100000010011101111100111111111001111111000111000110000001001100011111000000100111111111000100011101111000100001111111100001000001111100010000011100011111110001001100011110000000101111100000001
11100010011011100000001111110000000001100111110001100011110111011100111100011111000110001101110011000100001111000001110011001101111100011001000011100011011001110000111111000000011111001110000011100111111000000001110011111100011000111111111000110001111111111100110110011110011000001011110000011101100001111000011111110010001111001111111100011110010010
11100000010011101111100001000111111100001100000110011111100000011011111101110000011000011110000011111110010000100011111111110000000011111001000111100001111101110000000111011111100010110011001011111000000001111100010011111100000011111000011111000001000110011111111111110011000000011110000011110000000111000110001100011111111110000111000110010110011111
10000100100001111000000001110111100000000111100110011100000000010111111110000100110111111000110001110011111100000001111100001110001101011111000000000000111111100001100111011110100111100111001100111100000001111111110000000000000111111000011001111001100111100011100001100011111000000110110011100001110011011100000001111111111110000001001111101111001111
11110000011111100010000111011111100000110011111100010111000011110000110001100000111100000010011001001111100001100100111000111110001000000111111100001100110111011111000011000001111110001111110000011111000111001100001111000001001011011100001100000100111101111100011111011111000111100110111111000001000111011111100000011111100111111000010010011001000111
00000111011011111000011111000011000000111111101001101100111110001110000011111100110000001100111111000000011110000111100001101111100000101111111100011001111110000011011001111111100011101100110011110010111000000010010011111000010001000111110001001111110011000000111111000000000110001101110110000000011111110000111000000111100000011000111110001001111100
11000100110001001111100111001111011110000010011000011001110000110011111000000011111011000001100001111110000011000001111100011011100001111011110000011000111111100111110000000011111000110011101111110001000000111111110001001111011000000110011111000000001110111000000000011111100000110011110011111111100100001111000001110001100000000001111111000100111110
11110000000011111111000000101111000011011000111110011111110000000001110000100110111100011101000110000010011111100010001111111111111000010010011011100000011101100001111100011000011111111100000100101111111100001001000000111100000001111111110000000111000111101000100000000011110001001001101111100001000110011111100001000111100111100110001000001111111000
00000011001111111000000110011110000110011100111111100001111111000000111111100011001111111111000000001111111000000011100011100000110110011111100000011011111111100000010110011111100011111011000011100100011111000000000111110100000011111111000010000011111111000100001111110001100001100011110000100011111100001110001000111111000010011011111110000001110000
11101100110000110111011100000011111001111100010011011101100100110000011011100000011001101100100011100000011101101100011011111110001101100100011111010001011100011100100110011111110001111011000100111000011111011000011111001100011111001101110001101101111110000111100111110000000111100111111000001011000111010000001110111100101100000110000111101110001101
00111111100001000001100111000000000111001000000111100111111001100011000001111111000110011111000111111100000111111011110010001000011111000000011000110111110000011110111011011100001110011100011000010111100011000100001111110000001100000111111000111100110011100000110000000111111111000100000111100111110001100000111111000000011111110001100001000111111100
00111111100010110011011111100011000001110000001000111110010111000000100111000111000001101111111001000000111111001100111011000000011111111001100000110010011111110001100001101111110000001111011001111000000000001110111110000000111011110111100011000010011100000110111001000111000100011101100111111000011000110101101111100000011001111111000110000010111110
00111011000110000000000111010111110000100100011110111010000001001101100011001001100000000000000000110001111111100101111100111101101100011111111000111111100010011111001001111000111111000011001111100011100011001111011000110000110000110011111100011001111110000110110010001111111100011001111100000111111000011111001110011000011000111000111110011001110111
01110000110000011011001100011110011100010000111001111100011001110000011011101111000011001000111001110010001111110011001011000111111110000001100111110000001110111100010011111111100000011100000001100111100011111000111111111110001101100111110011000011100111001111100111110011000111110000100011111100011000011000001111100001000100111111100111000001110001
11111100110110011000011111000110110000011111111100000111000000111100110011111000000111100000111111100110001111111000000111111111100100000000110011110001001111111000010011100110111111100011000001111100001101100001111100010001111110011100011110011000110011011000111001111000111001110000001100000111011100101111001000111000111100011110000100100000000111
01100111110011000011100011110001100000000111111100010010011100011110000000011110000011111100000111001111000110011111111001111101000100110000111111000000010011110111110010000010111010001001111100101001111110000111111000011100010000111011111000100110010111100011001111001111111100010000001100110011110011001111111110001001111100111000001100111001100001
01110011010001100101111111000001100000110111110000100011100011000100111100001111111111000000111101111100110001011101100011111000110010111111110000111000011111111001000001100111111100001111111111000111110010001110000000111110000100111100011011000111100000000000111111110001001111111100011010000001111100110000011001111110000110011111100000000111111111
00011100111000001100011101100000001111100000111111001110000110110111100000011101100111001100011110001100000011111110000110011001100011011001100110011100011100110001111011100010011000011111100001100110011100001001110000110011111000111111100011000111100111001000000001110111001000110111110000010010010011111000000110000100011100000110110110011001101111
11100000001111110001101111000110010010011101100111101110000001001110011100111100011111100111111111000000111111111011100000011011110011111111000011000110000011000011000011110001100111100000011111100011011001100110011111110001000011000111111100011100111001111111100011001111111100011111100010001011011001111000011000110000000100011001100111111000000000
00011100011001110011000000000110011111111000011000111100111001000011011111100001111011100000110101111110000110011011111001000011110011111100001111100101100001000001011111100011000111110000001100100100111100000111001111110001111000000011111100010001111111100111000111101111001100011000011000100000001110111110000011001110111110000001100011110001111100
10111101110000011100100011001110000111000011111100000001010011100000100010011111111100001110011111100110001110011110001100001111001100111000011011111100000000011111111000110011111110011111000010001001111111100001001100111000110011000001111111100000000111100111111000111001110000111100001101001111111110000111011011111100010000000000111111100000100110
00110011000000010011110111100011100011111100001000011111110001001101111100000000011001100111111100000111111110001100011110000011110000100011111100011100011001101110011100000100111111100000011100111100110000111111101100011000111110001110000011110111001110000011110011111100011010000111100111111001000101111111000110111000111100000000011111111000100001
10011110001110100110011001111011110000101101001110011111111000110011001111110000011011000000111001100001111111100011100110011000000111111100111100000011111100110011010011110100000001000011111000110000111001111100000111111100000011100000000111110001111110000111110011100011101111000000000011111000100001111111001111000000111100111110000111000110001100
11011110001100000000000111111001011000000011111000011001111000000111110011011110000100111111111100001100001100011100001001100110111110000001110001110011100110001111111000110001110000110000011101100110011110000111001111000011111110011100110001000111011110000111110111000111100000011111110111110001101100011110001001100001111110000000011010011000001111
10011100100011111100001110011111111100000100111001111100001100111111111000000101111110001110001100111100010001110000011111100010010111111000000100011111110001100101111001000110011000111100111000000110000111110001100011100111100011000011100111111000000001111111011000011001100011111001100111111100100011111001100111100011101001111001100011111000001110
01100111100001100011101100000000011110011100011111000110011111111110001111000000111111000110110011101111001100001111111000000111111111000110001111001100110011111100111000011001111100111100001111111000100011001110000000100001101100111100001000000011111111001111000111100011111111011110011101100001110011111001110000010010011111111000001111100010000100
01001111100100111110001111110011001111100111000011111100000001111000110011111011001100110100111101000011100001100011001110110001110011110011100001101111000011111000011000111100111111000000111111110110001111111110000001001111110000001111100001001111111100000011101111100000110011111001110001011100001111101101001111100111110011111001110011100000000111
10000000001111110011001100001111100010000011111110000111111110001100011001111111101100000011111110011110000000001111111111101110000000011110110011111000001111100001110000110011001000000011001100011111000010001111100000011110011000011110011000111110001110011111001100001110011000111110001100000111111111000110000111100111110001100011001111110001100000
00011110000011111010000111110000011001001111100000111111011110000111110001111100011000111100000110001111111000000111100011111100010011001111101011001100111100001110001100111110000000000111011000110000111111000010011100110011100000011100111100100110011100110001000011100100100110110000110001100111110000000111101111111100000111111000000011111110001001
00000111000111001000100111111110000000111110011000110011110001000001111000100110011111111000111011110011001011111110000011111000000011011100011100111110000000111001100011000111100000001111000111000110001111111110000110000111110111110000101000111110001000111110000111100001111100010011011111110001100011111100000000111111100110010000001001111111000011
10010011001111100011001001110000000110011111100000011111110000011001110111100001001110001111001100110000001111111100000011111111000111000101100000000111111100110000011111000110000111111100110110000011111100001101111111110000011011011110000111000001110000001100110111000111011001101101110010011001100111011000000001100000111110001000011111000001110000
00001111111100011111100011000101110000011000000011110001011001101111100000111000011101110000100111000111000000001111000111111100011000010001100011001000001110111110000000001111111111001110001110001000010011110111010000001111000000111110111001110001000011111000000001111111111010011000110111001100000111001101110011001100111000111100010001111001100001
10011000000111111000111110000001110110011100110011000001111111001110000001011110011110000000111111100000100111111000010001111111001110000000011111110011110001111100011001111110100000111100110011110001000111111101111100011100111111110010001100010001111111110000001111110011001110011110000011000011100011100110011110001111101110011110000110001111111100
10001011100000011111110000011100001100111001101100001001100111001100000011001111100001110000001111111000100000111100110011100001111111101110000100011011111100110011000110000110011111111001100110001011111000000001111011100011100000110111000000111110000110010000111100011100110110011000011110000111111000110001100111111110001110001110000111011111001111
10011100100011100011100000011101111000110011000000011100001001100011111000111011100011000110110000110001100000010011111110011000001111100100111000111100001111110000000111011001001100001111000110000110000001100111001001110011100000011111100000110001100111000001111111111110011000011111000111101111110011111000001001100100001111101111111000001110011110
10001111011100000011111000000111111001000101100111101111100000011110001100111000000011111110000100001101111100011000000011101110001100111111100011111000001100111100110000011011000100011111111100000110001110011100010001111111001100001111001100110111111100001110000000000011111110001100011001111000000110010011100010011001111110001000011001111100110000
10001111000000011111111010001000111011001000111110001100001111001110111000000010011110111011100000110000111110011100000110011111000000110111100001011101000111111100111111100001111000001110001110011000001110000000111000111110000111001111110000000111110000111110001101101001101100011000100011111010001110011110011110001100111000000000111111000101100011
01111111000001110001111000111101110000011001100111110001100011000101111100011111000111110100011000000111100100000111111100011100011110111001100111110011000000111100000011110001101111000111001100110010010111111111011100011000011001110001001100001111110000110011111111000111001001001111110001111001000001110010000011110000111100000111111100001100110000
00111100000011111000111100001101111001100110001001110000001101110111111000001100000001111100011000011110110000111011011111000000011011111100011000001110001111111110001111001110000001111111000000011111100110110010001111111001000011001111000001111000001111000011111000111100001100011100111110001101100001111000111111110001101100111000100011111111011000
11111100110011011001111000011000000001111100011011001110011100010000111100011100000110110011100000000001111011001100001111100111000110000111110000110010011111111110000110000011100000001110001110111100010000111000001100001001111000000110011110011100001100110001111110000000000111100000010110111110001100101111100010010001100111111000001111111110000011
00011000010010111001111001110001011100000001111100111110110010001100011011000010000000000000000000000111110011111011110001111001111111100011001111001101111110001001111111110000001011111110000000111001111110011100001100001110001110011111011110000000011111000111000011110011100010011011101101111100001100001111100111001110000011000001111100010011111000
10011010011011001110010001001110110110000111001110000011001000110011100000011111000000111111100000011111001110111010010011110110001000101111110011000010000111000000001100111100001011000011100011000111111000001111001100111100111001100000100111100111011010011100011111110001100011111001110001110000011001110000111100100111110000000111111000011111111111
11000111001110011000111000111000110000011110001100010001111000111100011000011111100011001111001100010111111100100111000100110001110000001110110010010011111110001000011111111111100001110111111100110000110111110000001011100011001100011111100010000111111100001100111101110000001111110001110110100001111000000111100110001111000100111000001111100111111000
00000100111110000111111110000100111111111000001111011110011000100011100111000111100011110001100111001110000000101111001100000011111110000000111111110001100000011111000001110111100100010000111111110001100100011110000011100110001111000000111011000010001101111110000001111001111100010000111001100000100110010111000000110011111110000000111011110001100000
11100001111110001111111001000011111111011110000100111000111110000001100001111100001001100111110001101111110000011110001111000111001000001100001100111011110001100010011100011000001111011100001111111000111110000111000011110000011011011111000000100110011100000001111111000001000001111000011001110001111000001110001100111100001110000000001111100011100000
11000100000011111111000000001111111010000011000111110000000111111111011111000001100011001100101110000001111111101110010001111001100011000001111110000100100110011111110000111100110000011110001000100000111111100011000011111000100011101111000010001110110000010000011111000110000110111100011001000111000000111011100000000110111100110001000000111001101100
10001101110001100111100000010011011111110000111111110111110000000111000011000110001100000111100001110001111100111100011100111110000100001111111001100011101111000011001110001110001111000000111111000011111000011011100001100111110000001100110011111000111100011011110000000011111110000001001101111110010000010111011000110011111011000000111111111111001000
10000011111110010001100010111110000011100111111100011100000000011100011000111000011000001111001111000100111111110000011100110001111110001110000111111100100001101111001100011100111111001000000001100110000111000110011000100000110111100001111100111001000110001100111110000011000001110001100111110100011110000111100001110111111110111100100111111110001100
10001100111110000111011000001101100110001111000011001111100000001100111100000100110011001100001001100011110001101110111110001101011101100111000001100111000110110001100001100110011000111111111100010011000111111000000111111000011110001111110001100100111011000000001100011111100100011111000011111100110011111001100110001100000001111001111111100000001111
11000011001111100000110011100110010000000110111110001001110000110000001100111110111100011001100001101110110000000111101100000011001111101100001111100000001011111000000111100111101110000110000111111001001110011110000110011000111110001000011111000101111110000011100110011001111100110011000111010011001111100010011001111100010111000000001011001100111110
11111100000110111100000001100111110001100001111110110000001100111111110000111100011010001100000011111101000010111100001111101001110000111111100000011111011001001110011111101000000001111100111100010001101110111000100000111100011100110000011111101100001111111110001100001100111000000011111101000110111101101110001001111100010001100011110000110000110011
10010000011111111100001100000100111111000110001111100011100001111111110000011011110111100011100100000110110011000110111110000000011111111110111011001100111100000100110111000001110000000111001001110000010001110111100001100100110011111110001100001111111110001001100011110110001000111011100001100111111110001100001111111000000011100111100010001100111001
11000110011110111000011001110111111000000000101100111111111010000111110000010011111000000010011111111000001111111000001000100011110110000110000100111011111111000000011011111001100010011110011100000111111001100001111000000011111100100011011001111100000010011111010001101001111000110111100011001110011000111110100001001110011100001111100100111100110111
11100011001101111111001100001110001100100111000000110011111110110000011111100000110000111000100110110011111100010011111111000011110000001111111100011110001011111000011000000001011100110011011111111100011110011110001111100000011101101101111110000000011001111100000011000010011100111110010011011110000011100000001110000001111001100111111100000111000111
00100111100111100000110110011100111001100001111000011100000110011100111000100010011111100011011011000110011101111110000000001111001111000011001100111001000011001100111100000011100011111110000001110001100111101111110011001111101100000011100001100110011111111000000010111110001111001001111100001011110011110000100111110011111000000001111000010011111111
00110110010011110000110011011111001100010011110111110000101111111001111000001111001110011100000000001111111110000010011111000011000011001110011111000011110011101111111000111000111110011001111100010011101110010001100111100011000011111001100111011100010011110000111111000011100111000000100111111001111100001100111111001000000001111000110001101100000000
10000011100110110111110010011000011110110000001110011001001111000001100110001111100000110000111110001100011110111110000110011100000111011000110111100111111100000111000111110000000111111111100000011001111111100011001111000111001100000011011100110011101101110110000011111110010000111111000001000111111111000000000111000000011110000011000011111000000000
11110110010001101111000010010011000111000001101001110011000001111111000000111010001001101111110100001111110001110001100011111000000111110001100001110111010000011000011111110001110001110100010011011110111110000001100111000111110000110111111001110001100111111010000001111111100100000111110000001111111111001000110000110111110000100111000000111100111100
00110000000111000100011100111001111100011000111111111000000011111111110000000110111100010000011111100000011000011111000000111111110001110111011000001100011001111111100001110100010000001111011101100001100111110000001100110111100001110011111111000000111011110001100011111011001100001111100000000011111111100000011100011110000100011110000000100111111101
10111001101100010111110011011011100000011011110001001110111001111000100110011100111000000011001100001111111000100111110111000110110011110000011000110111100010010011110011111001101100111111111000011101001100011100100011011001111100001001011110011000110011111001111100011000101111110000001000110000111110000000100111110001100001111110000011100010011110
11111011010000001110011011100000110110011100000110011001100011000111111100001011101100000011110001111000111110000011100100010001111100000011110001111110111001001100110011111100110001111110000001111101111110011001110001001101111011100011001111000000001110011101101100110000100001111000111000011100000111100011001100111001111100011011110000001001111001
11000111110111111100000000111110111000111011111000110011001111110011001011110000001111110000010011001100000011111100011110001001111110010000011111011000111100111111100001100011110000011011011001100001111110000000011001111111000110110000111100011110111000100011001101101111011001110000011100111110011111000000011111001110000011111000111100111011111100
11100101111000010001110010010010011111100110000011011011101100000110011111000000001001110011100100011111111111000010011110000111111000000011111000010011110110010000000000011110000110011111000010011011000101111100010011000011110111001001100001011100011111110000000111111110001111101100110000011111111000000100001111111100000010011000100101001111110000
11111010000011110000110100010011110000000001001110111110000001101111100001000111100111000011101100000101111110000110111111011011001100001100011001101110000000111100001100110110000110111011001001100011011100010111000110011000000111100011110011111110000000110001110000110100110001110000100101111111110001000111110000110010000011100001111111001111100000
00000111110011000100100110011100110110011101100010000001111100000011001100001100001111111111000001000111111000110011100010010111000000110011110000011100011111000011111000110110011101110010000000010011100011000010000100100000000000011011110000111011100111111011100111111100000011110011111110000101101101110000110011111000011111100001110000011001111111
00011101111110011110001100011111110100000011111110001110011111111000010000011111000111111100100110000101110111111000011100011001111111110001100111110001100001111111001101101100001111110011000010011001101100000101110000111110000000011011110001110011100001101100110011101111100011000011111000110011111111101110000001100111110000011110011111111000000001
10000111111100111111101100011110000110001111110000001111000001010011111100000011100000011111111000000000111111000011011100001111100011100011111000100110001100001111011001000001100111110001110000111111100010001100111111110000011000011111100001001101001110011110100110001110001110011110110011011111000011100100111000111000000111111000010011001111000001
11001111100101100110011111000001110011011110001111000011000000010010011111100000011100111110011111000000011111001100000000110001110001110000011001111110000010001111110000110000110111111000110011001111100011001101000111001100001111001110000111100111100000011001111111000111110000000011111100110001001111111100111001000110110010011000011111001000100011
00111111000111000100111100000110011000001001101111110011000011111100010000001111100011001111110010010011000011111000111110001101110000010011111100011110001111011000001100011001100110000011111111000111100010011100000011111010001001111100010001101111100000110001111111100000000000111111110111000100000010011001111100000110000110011001001100010011111111
00011100111011100010001110011110000111100011100110111000111111000011111100011001000111000011111000110111111000000001100111110000000001110000111110001001100011100111111111000101101110010111000100011111000011011101111100100011100011000011100000000000111111110000000011111011100011001001110011011100000010011110011101110000011000100111110001000011100110
01100110110110001111011111110000011111110010000011110001111100110010000011100111100011100110000111000001101111100100010011111100011000011111110001101110000010110010011110011000110111111000000110110001111000110001111001111110011001011101100001110000111100011000110011001111100001100001110111111111000111110000000111111110000110000110011110001000111111
01100111000001011111111000011001100111001111100000000111110110001100011001111100011001100111111100011001111100011110001111011001100110000101111100000100011111100011101100011110011100001101110011100000110011111101001100011001110011111100000001110111100000001011111100111100111100000001101110000011110010111000000011111001101100011011111000111000000011
11011100011000001111100000001110011111000000001111110011110000110110001000001111001001111011011111100001111110000000110001001110100011000111111110000010001111100100011111111000010111011111110001000101111001001100111001111100010111110011111000001111100011011000000001111011000101101111110011110000111111000100100100111101000000001111100000111110000000
11111100110011100111010000110011001111100010011001000111001100001110011100110000000111111110001001101111111000000011011100000011100011111111000000000011111000111011100000011001000110011100111111001000001111111100000110111101110100011011000110111001000100001111110000000011100111111100011011110000111100100011101110011001100101001111110000000111111001
11110011001111100010110001111111100111000000111001111000000001111111111100000110000011011111111010000000011111111000111001111100000011000001111110001101111100111101100110000111111000111111100010010011111111100011100000111110001101100010001110011110011011111110001001100111111000110001111100000111111000001111111100011000001111001101101000000110000011
10011100011001111100001001111111111000000001111111101000110001100111111100100000111111110000100111000000100100111111110001100001110111000000100001111001111110000100111111001101100000000001111000111011001100011111100010010011101100001101100101111110000110000111000010011011110011110000110111000001111001111111100011100111110000000111111001100000111001
10001111100001001101111100000100011111111100010011000001111100010000110111101100111111111011111001100011111000100100011011111001100100111111100000001111100011001100011111111111001100011110001000110011111000000000011011111111010001011011111100010011110011110000001001101110000100111100111100111000000111111110000000111110000010111000011110010001000111
01100111110000111000111000110001111101111000000011111111000100001001110111100000000011110111111011000000110111100010001111000000001100101110011000011001101111110001100011100101100011010011110011000011000110110111100000011000111111110001101100111010000001110111001111100000001001111100001101100001111100011001011100011101100000011111001110011011111000
10011111000011111011111000100111110000110001111100001100011111100011000110011100011001100011011100000100011111000001100001111110011000110111111111000100110000110010110001011101100100110011100111100010000000111111100010000101111011000000110011111001111001100011111001111100100111000111111000100110111111100000111100000110011101111100110100001101100001
11001100111100011100001110110001111000110001101111111100110001111100011111001100000010100111100001110000110000110111110001100111111100001100100011111000010010011111000110001100111111100011011000111000110000000011111000110001111011111000100011000111000000001111111001100000001111100111000110000111111100000100011001111110001110111100110001100001111001
11000111110001100000110111110010010011101111000110010011101110100001111101100111110000000111111100001100001101101111000001111110011001000010111110010001001111011111100110011011100000100111100000110011110000000110011111000000011110001111110000011001110011111111110001110001111111000011111000100011011011110011001100000011111000111001111111110000000101
10110000000111100011111100011011000000011111100110110000100110000111000000100110111100000001111001111000110001111111000111000111001111001110000011111110010001001110001111100001000111111111101100100100010011100000110011100100111110001001111000000110110111001100111100000100000011100011000110001111100011000111000111000000001100011111100011110000011000
01110000010110000001110010001000111100000001001100111110000000100110111111100100110001110010011110000100111011000000011101110111001000010000110011100011100011111100000001100001110001001101110111110000111001100000110001110011111110000001011111000111010000010011000000101111111000001001111000100100111011111011000100111110000100111111001011110001001111
01111110000110111111111000100111101100111100000001100110011111100010011110000001100011011110001000111011110001001111011000110110000001110011100010011011110011001100100111111110001111001100111100010000011011001100000000111111011100001011110110011100000001100110010010011011111111101000111100111100000001111111001000111001111111100011001101100001110011
10001101011100000111111100110001111011011110000001110001110110001011011110011100000001111000110000110000111110011001111000110111000111111110001110000001111110000110111100110001100111100001111110000011110000000001111000111100011001111111110001001011110011000000000111011111000000111000111001100111110001000111110000010011010001111000111011111001111000
11111100001001100001111111100000011110001001111111001100111100011111001001001100011011110000110000000111101111110001100110111001110011100010001110011111100011000111000001111011111001111000111110011100000000011011110000000111100011111101000010000111011111100011101110000000111111000110011100111100011100010011111101100011111001100000001100111001101111
11111110000011111000001100011000010111100111000001111010000000110011111000010001111000111111000000111000111111111000001111100001110011011111110001000011111110000011100010001100110001111111011100000111011100000111001110001000011100011100000010111000000011011001111000111000001110111110011000000111101000110111111100110000000111000001100111100010111110
00011100011111000011001100000111111000011111100011111000011100100000111100000111100000000110001110000110000011100001111111000010011000011100111110000000111111001111000111100010011111100001100110000010010001111110010011110011100110011001111000111000110011001110001100011110001100011100111110001110010011100000001110000011100011110000011111000011110000
11111000001100011111000001111011100110001110000001011001111000100100001110000011110001100000001111011110000010001011100010110001111101001110000111110001111110000100111011110011000000110111100000011001111100100110001100110001111110000111000111011111000011100111100110110000011111110111000000110001110001110011111111000011000011111100110001110000111100
00111100000001000110011111111000100011110011100001111100001000111011001111110000110111011100011110000110000011100011100000110011111100011100000001110000011001110111110000010011011111110011111100001000100011111111000000001111011111000000110010111111000011000110110111101110010000110000011111000000111001111000001111100000111111111001000000011111000010
00011011100001110110111111000011000011110110011110001100110001111000011001111100110000110011100111111111000011011000011100011110011111001100010011000111111000000100110111100001100000111001111100010000100111011101100000001111111000001001111100111110000001111111100000011000110011111001100011001101110000111101101100000100111111001100011011001011111110
11110001111100000011111110011100001111100010001111110010000111111110011000011111001110001111010000001111011111000000011111000110111001110000111100001000100011110011111000110001111010001110011110010000110111100011001001101111100000110011100011101100011000001111011000010011001110001110000000011110111110000111000001001110011001111111100100110001101101
00001111110000000111111100000000111100111110000000111000010011110000110010010000111100000000100111111000000101100111110000100011110010001110000111001001100011111100000010000011111110001001111111001110001100111001110011100000011111110000100001110001111000011111111100000111100011111000000111111001111100000001111110000010000111001001001111111000000000
11000100011111100111100110001111000000100000110111110000111001100101100110001111110000011100011100011110011101110000101110001111110001110001111001101011100111001100001001110000111000011001111001001110011101001111110000001111110001110001111100001000001111100001100011111100001110001001111000111011100000111110000011011111011100100000101110000111001000
00011100110011110000011111110000111110010001111011000111100001111100011110000110011011000111001100011111001000111110000001111001111100001000111100001111000111001100011001111111100000110110011111000111100000011100001100110000011100000111100110110010000111101100001100010011101100010000110111110000010011000111100011111000110000011001111001100110001011
00000011111111100010000111100011111100001111100100000111111100000001100111100011001000011100111110000111110011111000010001111011101101100000111000000000111111110000011001111111110000100100101111110011100000100011111110011000010011000111000111001111110000010001111000110111111000111111000110001111001111011011000000011111101100000111110000111000110010
00100111100110100110011111000100011100001110010010011111000100011111110001110000111111000000011100011111110011001110011100011111111000011000011001111000000000010111110000110011100100110000100111100011111000000000000111110110001001111111110011000000011101100000011011100111111110000011011100011100001110010110001100011111011100001011000000111110001000
01110111111110000111000000110001000110000011111111000001111011100001110001111100011110001100011111111000011100001111100000011111111100011100001001000000111101111100011110110010011110000000011111101110011000010001110010111000000111001111001111110001100001110011111110000011100011111111100110001111100001100000011111111100010001111111000011100111010011
00001100111100000110001111110000110000011111100110000110011100000110001100110110010011000011110000100001110001111100000111001100000111001101111100000110011111001111100000011111100011111111011110001111100111000110001110000011001100011101110000110110000111100011111000001111110000011100110001011000110111100000110011111001100111000011001000011001111110
10011111100111000010001100001100100111101110010011111000111100111000001101110000010011111000111011001000011110001001100001111111000000111001100011110001110000110001110001100111111101100110000011111000010001111100011100010111100000100110011000001100000111111001100000111001101111000000111110000110011100011100110011111000000001111111001000011111000111
01001101110001100001110100000011111111100011101100011001011111000011000011111000000001100001110000110000011111111000100110000111001110011100001111110000110001110110011000001100111100111111000111000010001110111111000001111000011111000110001110011011111100000000011111100000011110001101111110000000111100000001100001101111000100000111000010011000011011
01111100111100111000111100001001111110011000011111110000011001000111100000100111111110000011111111100000000100111111000000000110001110001110000110110110001111110011001000011100001111000000001100011100111100000001111001110000110000110011100011100011100000000000011011111011101100001110001001111111000010001100001011111000100111011110001100011010011110
00011110000011111100111000001111101110011100011111110001110000001111100101110000011001111100010011100001100111100000011100111110000011001111111110000011100010111000110011100100011101111001111000000011111110010001111000000111110000110011110110011100110001111100010000100111110010011110011111000111111001000111000001111111000110000110001100100000011111
11100111001001100011101100110110000011000011111100101000000111110000110001001001111000010111111000110001111110100111000001001001111110110000000111000110001110001100111100011100110001100100011000111110011001000000111110000011110001110001111010011101100111110010011100111100011110111100000111011111110010001100111000111100001110001100011100001111100000
10000000111101110110011110000001001100111100100100011100011011000111001111100011000011000110011100011001111111100011100111011111011000001100111100001100111001111000000110001110001111101101100111000100011111000000110001111100111110000111101110000111100011000111111000100010011001110110011000111100111111000111111000111000001100010011101110000100000111
00000011000111100011111111000001110001001111111100011000011111100010001110000011100001111100011100010011111100011000111110000110011001111111000101101111000011000111001011100000001110110011011100011011110110011111100000111011111110010001110011000111000001111100000111100011111000100001111111000001100111110000111110011101110111001100110001111000000111
11000011110011100011001111000001111100111011100111001111111100000111111100000011111111111100000000111000011101100001111111000011110000000110011110011111010000010011110000000011111000000001111011000011001100100111111100000110010001111110001100011111111101000111110000000110011001111000111110011100001110000100110001111000100001111001000000111111000000
01110011000101111100111100000011110011100000001111110000001110011000110001111001110000011110001111000011110010011110000000001100111110001000111100111000110111111110000000011011111001100011100010001001101111110011000000000011111000111111100000001111000100111100000011100010000011111100000010011111000000111110001111111100000111110011110011111100110111
11111000011111001100011000111001111110011000110000011010001000001100100011011100110110011011000100000011111110000000110111110001111101100011100001111000001111111111100111111000100011001011101111000110000011111111001110000001111110010000001111011000001101110010001100111100111110000010001000111111100011000111100000011001011100011000011111001110000000
10010011000101111101100000111100011111100010000011111111000000001111001110000111110111000011101101101000111110010000011111100011110000111001110000011011110011100001000110011011001100011110000110110011110000111100110000000110111011001111000000011110001110010001111110001101100100111100010011100111000110110011011111110011001100111100110111000010011110
11100011100100000111110110011000000111001111001111110000000111111100000000111001110000011111111000110001110011001110011100011101110000111001100111011000001111111110000011111000000100111100001000001110010000111001111001100000110111111000111100001111000001111100011011001110001100000111101100000111001100011111000000011111000000011001111110010000011111
00000101110000111000001111110010000111111100011110011100110001100111000111000000001111100000001100100011111100100110000000011011111111000000000111111000011011100110010011011000111100011111100011011111111000111100110000111011100100001111110000010011100000100011011111000011001100000100001111100111010000010111000011111001111111001100000111111000110011
11110011000011100011001110000000011110011110010001000111100111011110011100001111100110001111100011110001001111110001011111100011001001111111001110000100110111110000001110010000001100100001111111000110001110111110010000111110001100110100100111111001100010110000010000111100110000011011100011100001111011011100110000011001111000111000010011011100000000
00111111000011001111100000000111110111000010011001111000001110110001111000100100111110110011100000001111100000010011010001111111110110001011000111101100110000010011000001100111010001111101100010111110000000001111111001111100100001111101111100111000011000011111000001111000001100111100110000000111000111100111100000011111000110100100111111000011100110
11000000011111111100110110001100011000001111100100000111110110001111000001110011100011111100100001001110110011011110000001111100001111001111110000000100011111110110000000000110011011100111100000010011111100000111111100110000000111000011111001001111100010111000000111110000000111101110110011000000011110011011111000000011100000111101111110000001100000
10000110111000000111001110011000011111001111000000111101100011111000011011110011111110000111110000111100001001110011000111111100001111001100111101110110100010110011110011111000000001111111001111000110011100111000011100001100001001110100110011011111000111000111011111000011111110110000001111100000111011001111110011000111111100001100111100011110000011
10011111110000001111001000001111111110000001111110000101100011111100111110011001100001111100011100100000011011001110110000011111100011001100111000111000111110001001111000000001111001100001110000011110011001110111000000001100110011110001111001111100110000001111100000000011001111000111001101111100001100011111011110000100011111001000011110110001110011
10011100011100000011111101111000001111000100110000111111111000001100100011111100000111000111110001100111000110000011110011110000001001100111000111100100110111100011111000111001110000011111111000110110110001100101110010011100001011111011000111100001110000100011001111000111000010011111001111100001100000011111111111000100110010011101000111101110000000
11100001110000001111110010001110001111110011001110010011100110011000100011000110011111001100111011001100111100111110011000001111101100000000111110000010001101111011000000110110001110011111000010011001111110011000011100000111111001111100100011100010001110011100111001001001110010001111100000011001111000001100011111111111000001111110000111000111001110
00001101100110001100000110001111110000110000111111111000000001011111100000011100111000000011011101111100011000001101110001100111000100110111001001001110010011000011110000100001100000111110110001110011001100111100000111011000001110001100011111000000111111111000000100111110110001111111111111001000110001111110001001100011001100111111100000111100001110
10011100001100011111111110000110011111010010000001111111000001111011110011110001111000111000000111100111111100110011000101100011111011101110000100111001111000011111001100000011111100011111101000000011110000101111011111000010000001100001101111110000001111011001111110001111000001111000000001101100100100011110011100000000111110010000010011101100111100
11110000111111111011000110001111100011011111000110110011111000000011111100000110001110111000001110011100001100111111000011000011000001110011110000101100110110000001110011001100011000001111111000100011111100011111100110010010000011101110111001000111111000100011111111000101111101001110000011011100010001111111000011100011111000011100010111110001001111
00001001110001111100011001100000101100001100111000110001011000111100110111000100011110011101100011100100110010110001110111111100000001011110000001100111001100000111011100111010010001110011001100001111111111110000011000111000111100111000111111100110001110000111111000111001111000111100000011111001110010011100000011111110011001111100001111001111110001
10011100001111111100000100011100100111011100001000111010001111101100111111000111000011111111000100111110000010011001000000001111100110000001100001111110000001001111011100011111000011001111000101100110011100011000110000100111100100000011110001001110111111100000011011110100011111111111000001111111000000011111100000110000011110011100110001111110000001
11100001100000001110010010011000111110111001111111110001101100011100001111110000110111100000011111011100011111001000111110011110001001111100011110111001000111000111111100000110111111110000000011111111100010000111100111011000000110000110000111110000011001110011000000000111110001100011100000101000000011111101110000000011100100111111111110000000001111
00010111111001111000011000100111110111110000111001111111101100100110000000011111100000110001111100000100111110000011111000001110011001111000001110110001111000001100111100110010000001111000110011100000011111001110011110111000000110011011111100000111100111000010011100111111000001111111000111001001110110011110011000110011100001011100001001111111111000
11101100000110001111000100000111001000001100111111000000111111100110000110111111000000100011111001000000001110011011001100111111000111011001100100111001100111100001100011111111000000000001110000100000111000111110000001100111001001000001111111000000111001000011001111110011000111111100011000011001001111111101111100001111111000100100111001111000011100
11111101100111100001001111111100000001110111010001101110000001000111111001101100111000011110011111011100100110000111110000011110001110000000100011111111000000111001111001101100011111000000001111100001001100111001111000110001111000000001110000111110110000001111110001100001111100100110001100000011100011011000010011111111100001110011110000110011111000
11000011000010101111110000000111110001000111111110011000011111111000001111000111010000110111011100001111000111001110000110011011100000000111100011110001111001001100010011100001100111001100011100001100111110000011100111110000000111110001000110001111111001100110000011111111111100110000111110000011110011100000000111110000111001101100011110001111111110
10011100000110001100110111111100000011110001110011001110010011100000111110000011100011001100111100010111100000011111000001111110011110000011000011111111111000001111000011100011111000110000100111111000010111110111000001100111111101110000010010011111000111000000111011111110000001111100111111000100110001001100010110000001110001111100001110011100000001
11111100111100100001100111111110110011100000011100110001110000100001100111111000110111011110000011011100011111000000110011110001001111000001110000011110001110110010111100001111110011111001100111111110000011111000100111111000000111011111001000011111100011110001100011000011101111100000011110111000111000000001111000111110000110011100100100011110110111
00001110110001111000111000001111111100101110011100001111000111001111110011000000100011111010110011000111100011001111100110111001110010000000111101111110000100111000011111110000001100001111111001001100100011111111000011110110000110011110001100111101110000011000111000000111011000001111111101100110000110001111111110000000011111101100011100011000011111
00110001100000111101101110011000001111110001111110011111000111100010110001110001111100110001111100010000100011111001101110001110000111000000011001111110111000000000011111100000111100000110111000010011110011111000010000011110011111110011001001111110011000111111111000001100011001110000111100000111111111100011000111001100011111100111000010001110110000
11101100000011111100000000111111110000000001111110010001001110000111111010011100011000011101100001001111110011000011111100001111111001111000000011100111000011100011110000011100111001100011100001111111110000011000110011001100111110000110011111000101110001110000000111111101110001111100000011111110000111100000001110011111011001001111100111000001100001
11000011111000001110001100100110000011111011111100000110011000000111011100000111110001110000011100011111110000001111111101100110110011011011110001001100001111001100001000000111001111110000111110010000011101100011100000000110011111000010010111111000000100111110001001101100111100010000011111001001000100111010010000111001001111100011100001011100000110
11111111011001000011110000011011100100011110000100011110000111100001000111001100000011111110000111100000010001111011100000001110010011000000001001111100000011111001111100000111100110011111000000111111110000110011111100000000111111100011000011100000000111000100111011001100001110110000001101001111111110000000001110000100111110011111100001110100011100
11101111100000011111000001110011000111000100011100111111100100000111001000011000010110111000011100000001111011000111000000010111111001101110000100001110011000100111111100100000000111111100011011100000111001000011111101110011110000111111110000001111100011100110000110000111111100000110000111100001110011001100100001100111110001100000110011000001111110
10001100100111001100001111000011111011110000101110001000111110000011100010110011101111100001000111001100001111100001111111000001001111110000001110011100111000011100000100111001000000011001100000011111000011111100000001100111000111100011111100000011111100000111110001001111000010000000111110011111000000011000001111101110011111000011110001001111100000
00100111100100000111111100100111011000000111111100110001111000011000100001111100011001101001110000110011001110000110000111000011100010001100111110000111100000011000100111111100010110001110000111111000000111100010011000001110001110000011110011000011111111100001111001100100011001111100000001101110100001110001100111100001111101100011100111000000110001
11011110011001100000111000011001100111110001110000011011000111000000111110010001111110110011101110100000011100000111100111110000001111000100001111110001101100011000011110011100000000111111110000011111110000011111100001111100001111000000001110000111001111100010001111111100001100000100111111000001111011001100011011001100001100000000011111100011000110
01100011101110111001000111101100000000000011111111000111110011100000011111110001001001111111111000000000111110110000011110000010000001111001111100000011111111001000111111000001110011100110000000101110011000011111110000000111110000000011111000000111000111000111100000011101001100001111111000011000101100111110001001001111011100101000000111111111000000
11111111001110001100100001101111111100000001110111100000011111000000000011100000111110001110000000001111000111001100000000001111111000100000111111100000000111111000111100000110011100011100100000111110000000111000001110111001110001100011111100110011111111000001111111011000001100011011011111000000000011000111110000011111000001100111110000011111000111
01111100000011011101111100111100111100001001110110000001110011001110000000000111011100000011111111000100101110111111101100000111011110000011111110011100001100111001100011000000111110000011111001000011100011100011000011100010011111110000000001111111100110011111110010000111110000000011111100001111011100001100111111110110001110000111101110000000000000
00000101111111100001100111000110011000001111111100000100001111110011000111111000001100011101111100000111000011001000110001111011111110000110001111000111000001111110000011001111100111100011100011001001110000011111000111100011111000100010011110111011000011111001100001101100011111010000011110001110001100001100001111000111001001100010001100011110001111
11110011110110000011111111000111100111000011011001110010110011001100001110111100001011100111111000101100111100111100011110000011000001111001100111011100000111101111100001100000111110001110011100111110000011011011100001100100111001001110100011000011100100010111100011001100111111110000111111011000000001111111011001110000000001110110011000001111100011
10001111000111000011000110011100000111000111100111111000011001100011100110011001111111000011110000011011000111100001111100100000011111111100000011000011110010001000111110000000110011101100000011100001111001100011111110000001100010011110011100110001101110000000011100000000111010001111111001110011110001100111110000111100000000111111111111000011111000
01100111110011000011111111111000110111000000000111101111111000110110011100000001111111100110001111000100100111111100000000000110111000000110001111110001000000111110001110111101000110001110010010011001100010001111111110110001100111000100000111100110000011110001111100011000011111100011000001111101100001111110000000000111111110001110000111000001100110
01110001010011100111100001100111111001001100000010111110011000011000111111001000111110000001111001110100001011001111100011011100001110011000111111111000000100111001111001111000001000111100000000011110010000111110000111011011000001111100111001111000011100100011001000111110001001111000110011001110111101100000010111011000111111101100011100111100111100
01110000001100111111001110000010110000111110011001110000000110001111111110000000011100000000001111101111000110001111000011000011101110111000000011000111111001000001100110111101110010011000001111000101101000100111110001100010000011000111101101000111100011001110000011111111100000001111110011110000111111000011001011111111110011001000011001111000100111
11110010001110011111100010001110110010000110011111000001100000111111000000111110110000001100111110111000100001001101100110000011011111110000111001111100110001001000111111001100000111111111000000111111000001011100100000011111001011110011101100110110001000011111100001000011100001100000100011110111100000011000111111110000111111000000000111100110011011
00000110110011100001111100000111110011000000011111100011101100011100111011100001110001000100111111100100011000100001111000000011100110000100011000111110010011110000011110001110100011110000101111000111101100000001101111100000011100111111100110011100011100010001100110011110000001110000001111111100100001110011111000110011100011100010011110011111000011
10001111111100010110000001111111000001111101100000000110000111100111101100001001100111111111000001111110001100111110011110100011111000011111111110000110011111110000011100111111000011000111111000001111111011111100100001111110000000100111111001100011011111001100000000011000100100110001111110000001111111100111001100000001111111000001011111100000011111
01000101111110011000011101110100110001111000001110001001100011100110001101000111111000011111110000000001111100111110110011000001110001110000111100111000111100000011111001110000111000011100010010000001111100110100111110111001111000110001110000111100000001111000000111011100000011001110011000000110000011000010111111001100011000000001111000011111100110
00100011010011000001111111000001110000011110000011111100000011100110110111001111001000111111001111110000100111100100111100000000011111110000001111011011110001111111100011000001100010000111011100000011001111100100011011111111001000111000000111110000001100110111100110011100001001111010001000111001001100111001111000000000111110001101100011111000110000
01111100111100000000111111100011000110010011111110000011001001101111001100011110011111000111110000111011101001110001100111101100001100000111100111001111110000111000001111100001011110011001001000001111100001000111111100000001001110010011111100011100111110000011101100100011100110110011100110110000011110010001100011100011101110000110000011100001000011
00000011110111100011001000111001110000001110001111111000001110000001111111011000000110000110011001101111111100000011000111111111000111100000111110000110000111111100011100001110000001111110000110001110001101100011001110000011111000000011111111111000000001111111100001100110001100100000111001110001111001001101110010111110000110001001110000011011101110
11100011000100111001110000000000111001111110011111011000010011111000111100010111001110000011001111001110011001111101110000001100110011011110001000010010111111100011110111110000111100001111100111000000111000011110000000111111110000110000010111011110001111111100000100010111101111011000011001101001100000011111110110110110000111100011100001000000011111
00001111100011111001100111110010011000011100111111100011111110000011000111110001100011111110000000011111100000001111111100011001110000001111110000001111111111100010001101101110010001001100110001111011011100010011011001111000011000001111111111000000001110001100011101111001100111000000011110011001110000110000011001110000011011110001110011100001111101
10111000000011111001110010000001001000001100111100001101110001100000110001111111110010011111110011100000100011110011000111110011001000001000001111111000000011000110011011111000010011111110110010001111001110001011100111111110000011110011100111111100000011111001111001001101100111000110000000111111111110001000110111111111001000001111000001110001111001
00110010011111111111000111000011001101001100000100011110011000011111000100001111111110000000111111111110000111000011111110001111000111110000001111110000000111111001100011100011100001100111001100110001100110010000111001100000011111000111001111110001111110110001100000110001111000111110010010011000000111110010000110011110001111000000110110001100100111
