11000011000110100101100110001111100111100011111110001100000110011000100011100000111001000111100101110000011100100110110011001001100111000110110001101100010011001100110011111001110011100011001100011011111000000100111011001100010111111000001100001000110110110000100111000110111100010110011110000111110001111100100001111100000011101100011100111100110011
01100110100111101111000100100000110000110011100001110001011101101001000110000100110011100111000011110011001100000100011100001000000110000110110011000001110011100100001001100010111000110011100110011110110001100110101100011110001100111100001100000111011110110001101100100011100110010010110010010010110000000001001111110111001100000110110011011001110000
00111101100001110011000001101101110011111100000111110000011110001100011101100110011110011111010000000010011111101100001011111001110011001100000000110001111100010110111001100000001111101100111001110001111011000110110001100100111001101100011001001111110001111011000100100111110010111101110001100000001110100001001111011011110011000100001100011100011001
11100110011110011011110011100110111100001110111100000011110011001100000110100011010011111011110110011001111000100100011110001100001111011110000111001001001111001001110000110111001001100111101001110001100000000110000011000111000111100000011000001110010011111000111001001001101111011001000001000001001000001111011001110011000111000111100011001110111110
11011010000011011100110001101111101110011000111110000011011000110111100011000110010011100000010010001101100011001101001111100010011100110001101100011000011000011100001100111100011000001111110000110110110001100011011011111111100110000000011110110011011000010011011111011100010011001100110011001001100111000011001101111100101100111000000110000011110010
00111110001100010001110001100110110011001000110000011100111001100110110000011111010000011000010011100011110110000111100111100001100000111101000100110110110010000110000111100100110011001110111001110110011110001100100110111001001111000110011001101100110000110001101000011110001111100000111011100110010001111001011111000011111100111001100000011000100110
01110001101111000101110001110111001100110000110110000000110001001000111110001001100111100110011100111011100001100011110011100101101100011100100011100000111000001100011001100001100110001110000001100111110001001110001001100110000110001111001100011100001111001100110000111001001100111000100111100111110000110110001100111100001100001111110010011110001110
01001000111000000111110011111110001001100100110000100111001110000100110111000110011111100111000110000110000011111100000110000001101110001001111110000011111001111000001110111001100100001111100011110110011111100001100111001100000000011000110001101111110011110000001000100010011011001010111110011001110011100010010011111000111110011000111101110001101100
11101100011111111000110000010100010111010011001001101001111100011000001111000110100010011000011001100010010110000000100000000100111111000000011100000100110001001100100110110011011100011110010010010011111000010001111100111000101110001110001001100011100010011001111001100111011000011000011110001110000110011111110000111001110011110010010111111001001000
01110010000011011011101100000011001100111111111100111101100110001100110010011000011010111111001100100111000000010000111000011110110000011000110111001111011011101101100100111000000001100100110011110010111011001101110000001111100011111110000000111100000110000011111011011110010011001100110000110110011001111000011000011110011100011001100110001111001100
11000000011001001110110001111000011011111111100111100100011001100000110100100110001010001100011100011100000111100011111101110000111100011011111000001111100000010110111001110001111000011111100011000001111100100011001000011001001100111110001100100001001111100001111001100100110111110000011110011000010011101111101100001101110000010000110111001101101101
10100111110011111111001100011000010010011101001001111001110000110001110000001111001101110011011001100111000110000111111001001111000001111000001100111000111101100000111111001111100111011001001111000111011000110011001111000011101000110011100011110010000110011100001100100100110001111100111100110010011100000111001100110011111100001000011000011111000011
00011101100100100010001100111001111111110010000111110000001110011001100010001100111111001110000110010010111110000110100110001100111011101110000100110110110000000111100011101011100111000111111011110001100111001001101111001110010000010001111100111100110011000001001111000111110011001001111001010000111100111000101100110111001100111001000111111011001001
10001111110000110011101011000111001110010111100111011000111000001111000100010011001011111111110000011100010011001000101000111011001111110011110011100001100111011101001001110000110000111000001001101101110000011111000001100000011001011000010000000010011000011011001100111110011001000100011101000110011111110010011011000110001100100111001001110011011001
00111110001101100011000110110000110011001111111101100001110110000011111111110100011110000110100001111000111000000111000110111000010011011111011100111000000001000111011000111111110110110001110000001111000001110001001101001101111001100011011001000100011110011110000111110011001111000011100011110001111100000101001110011100110111001000111100101101100010
01100011000111000011001101100011001110001100011000100011101100111011000001101110011001100000110110011100011000011001111011110001001000100001111001100111001111010011100011100111000001000011000010010110110011110001100110110110011000000000110111100010000001111110001110010001110000111000111101100100011101100111100011000010001110000111001101100111100011
00001110011011001100110011100001011011010011011111100110000001111000000011110001001101110010011001100110011001011000100100110110000111100011001100110111000110000000110011111000011001100011100011100110011110001100100110000111100110100010001110000110011001100011000111000100011110000110001100110110011000011111011001110011001110011100100011010011110011
10001111100110000000111011000110000011001100000110011100110001111000011001001110111110010111101110100111010011001110111101000110000111001101001001011011110011100001111110001011110011111000011100110011110000110011001111001110110011010011111110100011100001101100100000110011110011001100011110111000001101100001111100011111100111000001001110111110000001
00111000110011111000011000001000110010011001001001000101111100111000010011000100011001001001100011101000110110011100101100110001100111011011001000001111111111000001011100011100110111100010110000000011011111100000111101110010000011100110001100100011110001000110010000111001011000011000110011100001111000001100101111100001101110001100000010011000100001
00110110011000110010011101100011100100110100111001001011000111110000110110011011111110001100110111001001100110010011100110011100011000000000110110110011011001001111001101110011101100110111000110011000111100100011111100011001100010100010001100011000100111111000111100010000010000110001110111111011101111000001000011100111001110000001111001001110011010
00110001001100000001111000110011001111011001110011001100110001110011011111111000000000001110011011100111001110110000000111000011000110010001111001100001111110000000100110111111011100110000100111000111011001110001100000110001110001100011111010011001100011000011100100000111100110001100011110001001001000011110000110011110011111111110010001110011011100
11011110011110000011000110011000111001111011101000001100001110000111101100110111111011001100100001110011011100110010010011001101100011001111001111011001001110010000001111001111001110011111110001100000110001001010010000011100110000010011100000001111010001000111111000011111001000000011000100001101111101111001001000011000000010001001101111100000011110
10111001100110110001110011001100110111100111011100011100000111100110011101111100110001101101101101111100011101100011110011100110011010011000001101110011000000110011011000011000001111011000111100110110011001110011111000111011000011001100001100001111110111101000100000000011001110001101110011001100000100111101000101110010001100011110110011011111001110
01111001111011001100100000011110001100010011001100000111001100100110110101111100100011000010110000011000111101100011100011011001001100111100110011010011011110110010001100100110110000110010000001110000111100000000001100111111001111011000111000000100111001000010011111100001100110001101001100001111101100110111000111101100001101110011111111110011100000
11000011111100000110001100000100101100001011000000111101100011101011001001001000111111010001110011110001100111100001110110011101111000111001111100111000111000100011100111100011100000011101110010011000000110011100100111111000010011110011010000000100001100111101110110000111110001000101100110011110001100111100000011111001101001101100110111001101100101
01111001100000101101100011100110111000011111011001100001111000100100001100110000110000110111001100111110011000000000111011111000111100011111101110000011000110110000111000110011001100000110001111000110110011001001100111011110001110000100001110011001110011100000110110100100001111000111001001111001111100100111110011100110110011111001111100011011010011
01110011001001111111011100010001100111000111000110100100110111110011001100111000101110000111110111000111110001011110110011011001000110110000110110001110001110001100110011000100000100010111001100011100110011110111111000110001001101100100011010011011011110110111110011001110011000100000000001100011100111011111001100011111000000011001100110001110011011
11101100000010010001101110011000111001111100011010001000101111110001100001101000011111011011110010000111001111100111000001110001100111110001100000000110000111110011001100100001101100110001111110110011000000011000011100011001111001111100011101100010110111101100101110111110011000000110001110110000010011001101101110011100111100110110111000011001001111
11110010011111000101100110110111110001000001011011000110001100011111000000111001100100011001100110001011100001100011010001110011001101100011001001000111110001100011011011011001100011000001000111000011101111111100111110110000001100111100110110001001101100110000011110000000001110001110011100000110000111011110011000110001000010001001100011110111111100
00000011000111110110011001111111000110011110011100010001001101101100111001110010111110011001000000011100011111100010011001000011011000111100100100111100110001110001001111000001110001110110011011011110010011000100111111011000011001100101100001100010001100111000011010001100110011101100100110110000110000111000110111000111000111101010011110011100010011
00010000101111001111000001000001100001111110011001001100000011000111001111110000000001100001111100011001110010000110111000001110011000111001111001110110011010000001110110001100111110110010110011110011001101110011000111000000101100110001100111100011000110000010000111110000011110110001000001100001111001100111011001001111111101000011110000000100100010
10000101101101111101101000111011000011000111100110001001100000011101110011001001011001100100100101111101100111000011001100111100001100110000010011111111100010000111001110001111010000110001100111100100000001111111101111111000011100000001111000000011111100110110010011001000111001100101111000111001100100110011001100001110001110110001110000110001100001
01101110111001100011011101001100001101111111011000111110000010011001010000110011011001101110100000000100000110110011110000011001100110011001101000100110010001111001100011000101000100011100011011000110011110011011111101100010001100011100010110011101111001111110000110100000111100111110011100001100011100111001101000000001101110110001111011111111001001
11000111000101111100011100110010011010010011110011011100110000011001111100110110111000111011001001100111001100000100100000011100111110000001100001100111000011101100100011111000011000110011110001000111001000111110011110010011001011000110001111100001110110011001111000100100110010001100111110011011001101101110110000011100001110001111000000110011001111
00011110001111110000011100110100100111111100011001001101110000010010011001100011011111000011011001100100111001100001111000110111000111100100000000011111000001100000011111110011100011110110011100101100111011100110011110000011111001111001000011000010111000110100111000110011101110000111110011010011001111000101100111001100000000110011000001011100111011
01100001110011011011100111001101111011011101100011010010011001001101111111011001101110000011100010011000111111100100110011001000100000111100100010000111110011110001100111011100000111001001100110000111000000111001100100100011000000111000110011110011011001111001101110001111001010011110011100110011001111000011100011011100010001101110011011111110000111
00110000011000011111001001110011101111001101100110111001110010011001001100100110001111011111110001100110011110000000110001100001000011110011111000110001111110100100000100111100001110011110001111000011100010110000001111100001100100100011100111100001110011011100111110111000100110011001001101000011011011110001110011100111100011100001000111011001001100
10000001110011101110110011101100010000111100011000000011011110110110010011110011000111000111001011011100111001101111110011001011100100110010001111101111001100100100110011110110010001110001001001001001011100110011100111001100110011011110011000001101100110011000111101000110011110011100110011100000110011011111001101101001111000110011001001100011000111
00110011000010111011011000110001100001111101100111000111001110100011100011011000100111001100110011100110011000011110100011110110010000001110111111100010000001001001110011000001100110100100111100011100010011000110011100000001100000111101111000100001011001100011001111000011011011001100000110001110000110010001110011111011111010010000011000011110000111
01100111100111110111111101101100000110111110001000110011010011001000000111001101000011100110001101000100011001000000110011111001001110011001100110011010011000000001001110011111000011110111110000100110001111100011111110100111101000011011000100110110011001110010001111110111100110001100000111001001101111100100100100110110011011100010011001111100001111
10011000011001001110110110011000010010011000111011001101100100011001011101111110000110011100100011100111000110110011000001101100011000111100110001110110111100011001111000100110011001100110011100111111101110000001111111000110010011000101110011000110011111110011110010011000000011001111001110011111110100111100111000001111001001111000011001100001100001
10001100100000011110111110110110110011110000100110010110011000111100110001100100110011100000111100011001111001001101100011100100111000110101111100011100011100000011001100011110110010001110011000110000000001100001111100011110010110000000100110001111100111111010010011111001001001110010011001000011111100011011001001110011001100001110001111101100011111
10011011001110111001100001100110110011001110110001101111100111111001110011001100110000110011001001000110000011001100110011000100100110111100000111101101100110110101100110011000001100110001001111001100111111000001000010001000100011011011001001101001110011011001011100010010000111110010111100011001001101111110110011100100011000111110011111011000110110
00110110011110000110110000110110011000011111001000100011001000110001001111100111000011001101001110110011101110001100010011011001101100101100111001100110111001001101111101111000011001001100111110001100010001100101101100011001101110011001001110110010011011111001100111111011001001110010011111100001100100001001110011000011001100001101101100110011111110
01111000110000110010000111011100001000001111000001000111100001101111001110011100011000011000011001100001011001101111110000011000111001001100111001100111010001111110011001110001111111011010011001100011001100000011111100110111110001100011001100001110011011001100111000011001100011111000001001001101001000011111111111001111100000010110011100100000001111
11001111001111100011011000001100111100110011101100110001110011011001100111111001011001100110001111100110110011001100110110011011001100001110011100100100100110011100011001111000011111000000100000011100110011100110110011000100001100110010000000001111110011101100111100101111011100100010010011111100001001111001000110110001110000100111000100110011110001
01100111001000100110011111011011000011111100100110011001110001011110001110010110011001110011100111100110001001100100111101100001100110011100100000100000111111001110011001001100000010011010011100000011110010011001111110101110010001111110000110001111001111110001110111100000111000001011111100110000111000101110000011000000011111001111000110111100111000
11110010000011101100110011001111001110011110000011110010011000110010001100110011111000110000111100011100011000000011111111000011001110011101000111000000111110000000001100011100110110011001100100110110010010000110110100111001001101111110010011001110000001000011111100011011001100010011001111000110110011000110000111000100110011001110011100011111111000
00011110010011011100001100011111110011000111001110110001111111111000000111000001111001001100111100000011100010100001101110011111100101100110001101101100100111111001100011111000011110011001100011111001100111000110110110001001110001111100000000011000111001110000011100010001100010000111100011110001110001111011001100111101100010010011001111100110110000
10111100100101101100011000010001000010011111011101100011001100111001110000111001111100001100111101111100101110001110010011100001110010011111001100100111111000010011001101100011101100110010010000111110011111001111110011110110000010101110010010001110001110011000011100011111001111101101111001101001000101000111110001100111000110000110001111001001111001
00010111011100110111110000111011110111010111000110000001100011000100000110011111010000110011001100001101000100111001101111100111011000011000011011001001111001100000000110011000111110001111011000111001111000000111111001110000110100010011111100111000001100110000110111101100100110001111100100000100100011011001001110011000111000100100111110010011110010
01110110110001001100011000100000011101110011001110100011001001101111100000111000011000100011001100001111001011011000011000110000110111000100000110010001100111111001111100110110111001101000011111011000111111011011001011010001110010011001111100010101101100000110110010011100110011000000011001100001110011110100011000110100011101000110011100010000111001
11000100011011000011000110000000011001100010110111011001111000000000011000010110011111110011100100111001001110001100100010101100100111000111000011000011000111110111111011101111000000011000000011110110111001100010001111100011110001110110111100111000011110010011000000110011111111000111100110111000110011110001110110000011001111100011111000111001100100
11100110011000100111001111000111110011000001000100001100111100110001110010001100011001000001001111100010001110001101111100110000011100001111110000011100110000111100001111111001101110100011110100010000111100111110001100110001100110110011000111111100000011000011010001000101101111001000100011110011000101110010000111001111000001100110110000011001111001
11000011110011000100011001111001110011101111100001111111110001110001000110110110011100011011001001100111100110000110111001100010011001100110010011000110001100111011011001011001101000111100111000011001111000011001110000111100111100110110000110011100001001101110001100111101110110000110011011001000001101100110000101110000001111001100011100001111010011
10001101110000110011001111001100011000101100100110111101111101111111011000000111000110001000110011111100110010000010111110011001000110011000011001111001100110000001100110011110111110011010001100110011100000111000110011110011111011000110110011001111000110111000011001111001101110001110000000010001110001111110111000110010111000011001111110010000011111
11110011100100001110001001100011111000101100111110011001001100010001001100111110011001001001000111110001001100000111110000011101100111101001101100100001100110000110011000011000110000110001111100000110001100011111000000100110011000111001100011000111011100110011001101001101000010011100100110010000111100110111100011111100110111110000111000001110011001
11000001111111110011100111000111001100110011100001100010110110110000010010011000001110011100001100111100011100110110011001100001001100110011001100111100110010011000011111001100110010110110111110010111110011111010001111101111011000111000000000001100001000111111101100000011001001100110011001110000111000011100110111111000010010011011001111110000100011
10001101100111111100011000011011000011011000100110110110010000100111010101100111011001100110001011000110010011001100110011001111001100010100110011100100011100101111100101110011110011110001000110011001100011001001101100001100101100110000011001001111100000011100110011001101100100111001111100100000110010010011010011011101110110000110111001111010110000
00110111100110011000111100010001101111001001100011111100101110011010001111001011111001110000000101110000010011000110000001111100111011001001100100011100001110001101100011001110001111000001101001100111001111001001111110001100011110011100100001011100111000110011101111000011010011101001000111111101110001100111110001011100111001001011011100111000111110
11001111011100111100110011100110001100010011100011001101100000110010110100110000101110011000111110001111101100111011001100110001100110100001100001100110011110010011001001100101100001100000011100100110010010011100011000001100110011011000110011110110010001101111000110000100110001111000011100010011110011001110001111100100100111100110111011101100010000
00001110010011100111000110011011100001100111100110011110100000001111100011010111011001100001100000110011111000010111000001110100000111100001110011100111000111100111011111011000001100000100001100110001110001111001111101100001110011011000111001100110000001100011011011000000111000101110110000111001110010010011100011100011000111110011011000011011011011
10010110001100001110000111100011110111111011000011111110000110000011000101110000110001110011000100100011110000110001110110001110110000101100110010011110000110110001100001001000111110011111101100110011001111100101100011001111100010011100011100011000110011100010011100010011011001100100001111011000011111000011111001101000001111111101100011110000011111
10000101100001111100110011101100110001011000010110110011001000001100001011000111111100010011001110000111100000011001100011111010000110011001010111000011110011100000111011101000100110011100011000001111100111110011000110000011000011011101011000110001101100111111110110001111011001101101100000110011011100011100100011110010000111001110010011001101000110
01000110001101001110001001100111111001111000100110011110001001110000110011001001100110011110001111100111011111000000110110110001100100111001111000010001101100111011100011000110010010011011001111011101100100100111001110011011001110110110011110000011010001011001101110011000001100111101111000000001100001110111001001111000111001110111100000010111000101
00100100110001110110011000000110001110110011100011001110011010111000011010011001111100110001100001100111011110000100110010011111011111000000001001000111111100000111100010101100110001110001100111100001110011111100110011010000110001111001001101100100111000011001100011100111000001100000111111110011000100110011001101100010011100000001111100110000101101
01110000100111001110111111101100111100000011110001001110011100111100110100110000110001110000011000011100111000100111001101101000100111110100110001111001100011011001100111111000011001100111111100100000001100111100111110011100010001100001100001101100011111011001001110001111000001110011000110111000111001100111000100000110111100011100001100000111100010
11100100111011000010011111100011101110100111111100011100011100001110010011100100111100001110011001110000011100100011001111001000011001111110011101101001001101110011011001100110001100011011001101111010011000011000000100111111001100111100110110010011000000110110011000001110001100011001100000110001100111001100101111001000111110000011100011100110001110
11011001100011001001100011101110001111001111000011111001100110100000101110011011001100110000011110001100011110011000100100110011111001110111001100000011011110000110000111111000110100000111000010011001100110010100110110000000110001100100111001100110001001111101100001110001110000100001100011111110011101101001110011001100110001011001100110011011001000
10111110011011000011000000111110001110001000111001100011001011000011000011110011100111000111100011001000110011110001100110011001101101111110000111011001101110000001100110011101011000100110110011000110111110001110000001100000100111010001100011101100110001001100101110011111001001100000001000111001111001111001110100100110110011000110011011010011111000
00011010000110011011000100100001000111101011001100111101100110110001111110010011000001110000111110001111000100000000011110110011001100111001110001111110010011011111000101100001100100100011001100111000110001100011100011001011100010011110011101001111110001100000110010011011001111001101001000100010011000110000111100001111100110011001110001110011011001
00100000110001110011111011000110000110010001100111001111111011000011001110000011000110001111001100000111100101110000111110000100011100011100110011010001101101100110110111000001101001110001111000101100001011110001100000110010011111011100011011001101111100110110000110011100110001110010011011000011111000111000000110011101110000011011001111100101110000
10001100100110010010000110011111100100100110111000110011111110011000001101100101110011101111011000011110000001001100110100000001100001000110011000110001110011110001110011100111110000011011100111011110011000110001001011011001101100001111100000100111110000011001101110011100011001100000010001011001110001110010011011001111100111001001100110111101111111
01001100011110000100110011001010110001011100010111110001110110110000011100011011000000011111000110111001000110010011010011000011000111100011101111000110011000000100100111100111111001111000011001000001000110011100110011111100111110111000000111010000010011001011111000010111100011110011111100111000000111000000011000011111100111000110110011001110000101
11001100111000110011000011101101110001110000111001100001101001111001110110011100011111101110111001001110011000110110010110011100110011001100111001001111111001110000110000100100111011011001001001100000110100000111110001100001110001110011000010001111000110011110100011110000011100100110011001111100001111111110011100110011001111111000110100110011011000
01000110000111100011111001100010110001110011111001000001111001111000011001100011011001100110100001001001101111000001111100110001100011100110100111100110011000111111001100000111000001100111110110000110011000100011100011100111111110110000110111110011011000011011101110000000001111000011000100001111110001100100011100111100001100111010011100100000111001
10001101100110001110000111010001111110011001000001100011100001110011001110100110010001001111100000011100011100011100011000101100000100110111111000110000110000001101100111011011111001111101100011000001100111101100111000111000110001101101000111000011100100111011000000011110000110001011000011100011110010010111000111111100011100110010110000011001100001
10000110100010011001111111110110011001100110000001110011001001111100111100110001100111101111000100011011001110010001110111111011001100100110011000001111110011110000111001001101110110011111000111110100011110001110000011101111111000111000110000110110111100110111100000011101100111001100111110011100011000001111000001101111000011000100001100110010011001
11111101000111000100001110001111100100001111000110011011110001001111110011001110000011100110011001111000000000110011111001110000001111000011110000001111110100111000101100001100101000110000110011001100111001000110001111000001111001111111011000011001111100111001100001100111001100000111010011011001110010111011001000111000011110011100110011001100111000
10001100010010011000011000111101110100111100000111011111110000111111000101111011100000100110111001110000111101001100110000111000010011101100011100101100110011110011110011011000000100110111111110110011111100011100010111100011010000011000011110000011101110011101000001100111001100000111100100011101100010011000110110001111000110001011001101100101100110
00001111000000100110011000110110011001100110001100100011001111001101101100100110111110001000000110011100011111100110001110011110001111001111011001111000111111111100111111001110000100110010110000110100111001111000011111001111000111001110001100000110011101100010011001100101111100011000010001011000110110111110011100110110110000100001100110011011000110
00001100110011100110100001111000011111001111001011100010111101100111000100111000011001100110001100111000001110110011100110010011111100110010011000010110110011000011011100001100110010000000001100001100010000010010110000111111110011011000000100011000110011110011110011000100000111001110011000001110001001111000011110001111110000110001110000011101101111
10110110000001110110010110011011100011000011100111100010000011001110001000111101110111000011100100011001110011001101100110111100011101101111000100110010010111000001111001001100001100000001101100011100011000110011001110001100111011001110011001100000011000101110000111101001110000001111001110001100100111101110011001100111001100000100001111001100001100
11110100011101001111000110001100001111001110001111000111111100100011101111100001101100110001110010111011001110011011100111100100001110100100100111100001111111000011011101100011000001100010111000110001111101110001110110000111001100001110000011001110011111100111111001000011000010011000001111101001100111111000111001101100000110001001001101110001111111
01001110111001001100100100100110011000001100100110110110111000100011000110010010001000111110111001100110001100000111000011101111111001000011001000011011000011110011111110011010011000011000110110110001110001110111110000110001111001111000110011011001110000011001100011100001111001100111001100011001101110011011101001110111000110110011001001111101100001
11110000111011100011001101101100011000110000110001110111110011000111111111111000110110111110011101110010010011000011001111111110011000110010010001101101001111100011001100011001001100110011001110001111001100001100000100111011011111000100100100000101111100001001110100110100001101110100011001101000010001001110110011001101111000011001100111011000110011
01111111000001101110110011100011011001100100011010010011110011011110001110011011100011101110011111001001100001110111110000111100001100111011001111000110010110100111110011101000000011100111001100010001111100101100110110111000010011001110011110010001101100011011000011000001100011110010010100100011000011011100110011111000110110011001111001001111000011
00111011100100110011000011100100100011100100110111100111101100011110110000000110011110010111100111011000000111011001011001110001101100110010000110010011000111000011110110010000000111110111011000011100001100011001100001100001001100100011001101101111101111000011000100110010110001101111110001000111001110000100100010001101111111001101001100000110110100
01100100011110001000111011000011100111001100100110111111000101111100110010111001100111000100011001110011011110000101001110010111100010011011100000111001100111101111000011011000100100110001100110010001111001111010011000101110001100100001100011000100111100110000111110000001001101001110011000001101110110011100001111000111101100011001100110111001100000
00000000011000110011100110000111110001000010011000111111001110011011100001100000011001000100000011011101101111101100001100100011110001100100110011010111000111010011001110100111110011111001101100001010011000011001111100011000101001101100000110011011100111110001101110011000001110111100000100011111100000011111001110011111111110001001000011000001111000
00110110011110001101001100000110101100110001111001101110011010011100110111001100011101100000110001100011110010011000011001111000110011110110001111001001000111010011100011011101100100011001001111111001111000000100111000011111100100111000111111100001100011001100110001111100100000110000011000001101111100111000010011011011000010000110011001001101011100
10110011101111000111111001100000011000000011011001011001100100110000010011001110010011000111011001111100011011100011011011001100100100111110011110001110111000110110011001100110011001100100010111000110011110001111110111111001001000000110001001100101001111111001100010110011110001100011100110000111101100111110000110011100110111010111000011000010000110
00000111000111100011111001000110111100010011011001001100000111010011001110110010001111100110011100001111111000111100011100110011000111001001111100110001100111000100010011110000110000100110011001110001110011000001111100111100111101111111001110011100100011100100110011000111001100011000001100010110000111011100011110010110011011011001100011011001111110
11001111100110100110110001100110010011010110011111111000111001110001011011101110010011100111110011001000000011100010011100000111100001100011100011111000111000110001100111111001111001000001101111100100011011001101110000110110001001100110010000001011100110001100111010011001100011101111000001110011100100110001110011101110000001111100001110011111000111
10111001100011001111100010011001100111011001100000001100010001001111001111001111011100110111110000011001101101111100001110101000011001100101100011111011001100011111000111011111001000110011100001111001000100000001110110000001110111001111001111111001100011000110000001110010110001100011011100000110010011100110111110110000110110100110001100100110010011
00010001011100111111001110001100010111001100110001100011011111100011110000110100100100000001000001111000011100111001111000001001111000001101000000011111000001101111111110011001100000100001000011000011111011001100110110011101100100000100000011010011011110011001110010001000011001110000011000001100110011101111011110001110010001110110010110001110001100
01001110110011011110011110010110001110000010010001100100110000011011100111000111011000110000001100001111000011101100101000111000110001111000111001100110001100000000111110011100110000111111000110000001100000001111001111100100011001011111000110110001001100100110110011011000011011000110011001100001000110000110001111000111110011110001111111000110010011
11101001100000111100011011100001101101100001110011111001001101000001111000001111000100110001110000111100011000000000001100010011000011110011111110110011010000011011000110000011000111111000110110110110011110001101100110010001101100010001110110010011111101101111100010110011000100110100110111001111011011101100111100001101000110000110000000111011110011
11110000110111000111111100111111001011001000110000011101100111000011001111001101100111001100110100100011000001001000000100011110011111111100001111100011000111000111001101101111100001111100110110010000111101001100101111100000111000001100100110111000011001011100001100111110011101101100100100111000010011011111111110011011110010011100001100011011111011
00111100100011000101110001111001110011001100100001111000100101111001110011100110001110000111000111110011001111110011101101100111001101111100001100011001100001111100011111111000110011100100110011111111100001100011110001111001111110000110100110101100011000011100110000100110011001111000011001001100110011001110011000011110011000111110011100011100110001
10000001101111001100101100011110000110000110001001110011010001000110010011001101100100110011110000011100011111100000111100010001011110011001011001001001010001100110010111001101100110011111100010000110001100111010010011000011111011011100100110000001011001110010001100011011101110001101100110000011100110100110110010001111100010001100001100111110101100
11100111100001100111111000011001111000001100001001000011011001110111110001100100111110000000000010011000110111111111110001110011000011100000010010000111001111110011001001011101110010000110000001100000011000111011011010110011001100111111011001110010011100110000010001110001101001110000001000011100000001101000111100111110011010000110110110000110100000
11100001100100111000110110011000000100001100111100011110111000111001101001101100000100101111110111110000011111000011011100111111100011000110111010011101111100110011000110011000000000111110001100111100000110011110011000011100001100011111000000111110000100100110100001110011100100100110000000011110001100111001100011011001100100111011001001101100100111
10111001111000110010011100001111000001111001001001111000111111111001001001101001010001110100111000001100011001100011110111111000111001101100110110001101110001100111000111111001110011010111100110011000001111000011011000111001101101100110011000000001111000011111000010110001110011001111011001101000111001111000001001111001111110011000011101100000010011
01001100110111001001111110000110110011110110011010000101100011011011001000110001111110011100011001001110001111111001100010110000110011111111001101000100011110001100111000011111001100100010011100011110001101110100110011011110000010011101101100011001111101111100001101001001100001001111100011110000110111100011111011011100011011000111000100100001111001
01110011101100111000001100111100001100111001000110011001001100100110100111001111110000011111011001100000111110000110001110001000011011000111000001101100110100101100111100111110010011110000011100111001110000111011000111101100111100011100011101100011101011111010011100011001100110011001101110001110001110110011001000110011110111011010001001110000111110
01101100001100010010011110110011111110110110110010011011100011110011100110011001110001001100000111111001100001100011100000111000011100110001100111001111011000010011100011001101100011100001101100011001110011001100001100001100111011001100001100100111100011101110000000111001100000010100110011100111100110011010010001110001111001100111101100011100110001
01011110010011110000011101001111000111001111000000111000110001100010011100001110000001101100010011000011111100001110010010111111011001110101110001100000110100110010011110110011000111100010011111000110010011100110011110001110000011001001001101100011100011101001100001111001111000011110000011100100110001101111100110010111001100010011000011111000111100
00110100011100110011110001101111001011011001111101000011100011001000111100110110001110110001101100000111001111100111110011100010001100110011100011001001001000011001110100111001100111110010110001100100011000011100011110111100000001000001110001100111100110001001001001110011011000001100110110000110111000110011001100011011000001011100111001111001100001
10001101000110000001101100001100010010110000000110001001111100111000000111000110000100110100011001111011001110001100111100100110100011001100111100111000001101101100011000110011001110111100100010110011001001100110000010011100011000001100110111110001100111011000011100010011110011101100100000110001110011001110010111110011000111000110000011110110001101
00111101111011001110011001001111000010011100011001111111001110000000111011111000001110100111110011011001000110001101100100001100111111010010001101101100111110010111000111001011111001110010010010000011001110110010111000011011001100000001100110011011100111001100111001101110100110011001001100110001110011111010011111000100110100010001100000010011000001
10011100001111000001101000001101110011000001100011111100111011001101111011001000100000011011111110010011100001110100110001001111001100011101000110011000011011001101111000011000000011001100100110001111101110011000011001100001111111100100000001100001111000000111111101110000010011101110011110010011011000011100000111011000001110010011000110111110011001
00111100101111100000111101001110100001110001111000100110100110010011110110110011000110011001000110000010000110011111110110011001100000111110011111001100111110010011001100010001100111000011001100110110001100111011100011110001111100110011111011001110000001011001000100100111000011111010011100011000001101111001100111100110000110000110001101100000110000
11011000001101000111110010011001011011101000100111001001100110110001100001101100011001111001100110011010111100011100100111000111000011101100110000111001001001110010011001111000110011011011111110110011111000110000000100111001001101100011101001110011111100001100000111000011001110001111001110000000111100111001111001100110010000110011111000001100110011
00011001101101001100001100100001110111100000110110011000000001100011000110101101100001111000011100000110001011000000111011100011100111111011000011000111001100111100110010111001110000001001110111100111111000110011000001111100001110001110001100100000000011000111110010001101111110000100110111110010111001110001110011001100011110011000110010000000110000
10000011100110011011100001001111001101101100011001001101100110001111101011100001110011000001111000111100111110001001001101100110001001100111100001001101101100010011000011100110010110011100010011010001110001100111100000111110011100100001101100111011011111100111110001100110001100100010011000011100100001111000110000011001101100101100011100111010000111
00011000111100011001110000110100100111001111100000001100111100110110011000010111011011110011001100000111100110001111001010010011110011100000011000111000100111111100111011010011001100101100010001111001110011000000100011100000011000110110011111011001000110000110110011011011100001100011111001111100001000001101101110000011000001110110011100000011110011
00110011001011000010010011001100110100011001101110011100110011101100001001100000111011001100110011000001111110000011011111100110001100100110001110000111000011011000111100100100101110110010011000110111100110111001011110110000011000110011010011110000111110100111100001100110010110011110011000001100001001100110011011110000111000101100110111100011000110
00010010011000000111011001100011111100000001110000011000011100001111110110110000110110011011100111100110011001001110110001001110000010111111110011110011001110001000101101111110100010011001111011111001100110001100000011001100011110000110000000111000010011100111100111001101100110000000000110110100111110011110000001000011101110111000011111100010010000
00000111011000111100110111000111011111111011100011101110100011011001100100110001001101100111000110011110010001111011001000001111001101100011111100111000111000110001000110111011000000110011010000001111000111100001100000110011100000011000001100111011111001100011100110110011101100110010011011001000011000001110110011011000011100111100100110101100110101
11110000111000100010011001100001100011001110001000100110010001011100111100110001101100011111001100001000111001101100000111011000001110111111011000011100100111011101111010010011011011111100011001110011101101101000110000100100000001110011001100000110001110000111000110010001111000011100000011100110011000110000001100011110001101011101100111100000111011
01111001100100111110011000110010111001100110011100111100100110011110000111001110001000011001110011000110111001001000011100111111011111011001100001100110011101101100110010000101100111001000111110011100010001001001101110011011001100101100010011000011110001110011100110011001101001000110011011110000000110001111000111000100110011001100100110111011111100
01111100110011000110011100010001100110110001001001111001110000011000011101100001110010011001110011110000110001100111000001111001111101100011000000110101100101111001111100111100011101001101111001110011001100110011100110011101101100111011001111101110001110110011001100011001100111111111001100000011001111001111001100110001011110010011100011001001101001
00110000010011100111110011000110010001111110001111000011100011110001110011000010001110001100011101100110110010000111110111001001100110011100111000111110011011010011011011111011100010010011110000100111000001111001110010011100110000110011000111000111110011011111001101100101100001100110010001100100110001100100110000000100011110000110001110110010001111
00110111001100110011101110010011100011111001100001000111001001100001110010001100110011000110011111001111111000011111001101110111011000110001110001100001001110100100011001100101111001110000111101111000001100110000000111000110011101100110010001110111101111100100001100010001101001110001001110000001100110011100110010011001111110001110010011001100100011
01110011110010010001110010001111110000001111000001111000000001110000111111110011001111011000110000011100110000001100110000110110011001001111100001111000011100111110110110010000001110111001101111101100000110000100111011001100000001100000011111100110001100110010111001111001101100110011000000111110011100001000110100000110011000010010011110010011100110
10011100001100011100111011000110011000011000110010000110110010011000110110001000100111101110011000011001111100111110100110011000111011011111100100001100100100011100010010001000100110001111001011001000011011001101001111100111110011111101101100111001100101110011011110010011111110000110000110011100011100111000011111011000111110110110000011000110000110
01100011001111110001100100110000100011101100111101110011100011000000111111001100001101111000110011100011100111101110011000001100011011000100111000110011001110011000001011111111010011001111001100001110010010011000111001100110001111000000110000110001110001111100001100000111001111001100000100111001100000001111001111100001000100100100001110001101110011
01001111110011110011111001100001100110011110001100111001011011101111100111000001110000001110000111100011011100110010010011001110011101110000110011100110001111110010110001001110011111001110001000010010010011000001110001111100001111000011101100001101001101100011110001010011010000001100110011000000011011001111100111000110011101001110011100010110010011
11011001111001110011011000101100110010011100111000101110001100110111100110000000010011111110100000011001101111000111000001100110100111001111101100000110011111001100110011001100001100110011001100011100000001111001100100001100001111001100001011011000000111101100101110001111001110110010110111100110011000001111001100001100011011101100110000011000001110
10011001111001101000110011010011001100110000011001001101110011001101100100110111100011001101001111110010110000111110001100111110000110011011110011110110111000111010001100110011100011100101101001001111001111110000110010011110011000111011111000011111001111001100011100011100001100110000110110001111010000111100110001100001110001100011111101110110011111
01100110000110011110010000001100011111000110110011001100110011100101110000110011111000101111000111000111010011110000111000100011000110111001110011010011001100111000110011110011000001101110100010001111101111001101111000001001100110010010011100111001111100010011001100011000110111000000110011110011100011001100001010010010011100010001100001100110011111
00110110011100111000001100000001110000110001110010000111110000111111000111100110110001111100111110011001110110010011000111110001100011001100001011000111101111111000000000110000000000011001111100100001101001100111110110011001101111110110111100001111101100010110011000001100000011110000011111100100111000011001111000000010010011000111000011001100010011
00000011001001101100110001110001111100000000010001111001110011100110001001111001100101101100000110001111101100011110010000011000011100011111100110100111110100010111011100111100111000110011110000111111000001101100011111111001001110001000010001110111110010111100111100100011000111000100110000110000111110011001100100110011001101100110001111001001100011
11001011100011010001111100111100001111100111110001111001101101111001100011110010011000000111010011001100111000000011001101100010011110111110001110000100000011010001111001100111101100011000000110011000100110000000101101111011011001100110011000110111111000110011001110000011100001101101100011001001111100111001001101111100000001111110000111000110010011
01100110011001000000111001101111000111011100011001011000000110011100100100111000111110011110000101101100110011110000110001100011001111011001110001110011010011001011111001110110001101101110110010011000110100101101100110011101100110111111001100001111001100010001101101100001111011110000110011001000110011111010000011011100111100110000001110001111000110
10001100011100000100100110001100111110110000110011101110001111100100011111001100111110100010111011110111000111001100100100011000111100110001100110111100010111000000011001100000001110011100111110010011000100110111100100011110001111001101001100000011110011001100100111001000011011110000010110001110000001011111000001110011000111000000000000010000001111
00111001110001110010001101101100110011100100001100000111100011110001100100100110110010011100011011010011100111000100100011100000111011000110000110000011110000111001100111001100110010110110001100000011001111010000110110110000111000001111100011100111100001100110000111111101110110010011110010011011100111111110011110010111000111110111001111000100000101
01101100001000001110001111110001100110111011001000110000001110000110011101001110100000100011001100011110001100001111011111001100000001111110110011110000011001101100110001101001110011011001001111111000000111010011011001101100110001100000111101100111000110111001110010011110100011011100111001001100011110011100111001001111000111110001110001110011100001
10011001111111000111100110011011100111001001001111001110011000011000110000111110001110010011100010011111001110001101101100111001100100011110111000110000111110111000010011110010110000000001011110000001100100011011011010001110011000100101100110000100010000000011001100111100000011100110000001110001111001101100001100111000111110001100100110001101001100
11001001110011000011100011001111111101111001001100011000000110011001111100111110000111011100011000011000111100110010001110001101000110010011100110110000111011011001101100110010001100011100111001101111100110011100000000000000111000111101100110000111011110011001111000101110001000010110011001000110011001101111001001001101100110111001111001111100110111
00110011101110011111001101100100110100110110001110011011011001101101101100110011001100011011001110010010011110000000100110010001100110110000011001101100111000011110000011001110100011001110011001111100110011100010011000010011001111000100110001100000001110000110110001111111000000110010011001100000100110111111101100100110110011110100011110001110111100
00111000110011111011110111001111110110101111000001001001110110010011110000111101111011110011001000011000110111111000110011001101101101011001001100011110011100111000111100111001111001110100111111000110011001100001111001001100110011001100110011001110000011100110111000111101000100100001100011111001100000110000110011100011101100110100110010011110011111
01001110011000000100001111001101100101101101110110111100110011000011111000111100010001101111100111011110001101101110110011000011000110010100011110000110010011011011000111001001100111100111100111011100000110110011000100110100111111000100110000010010110011111100011011100101100111000011001100111001000101100001100110011011011110001110011001000011110011
01111111001011111001100110011001100111011001110010111111001101100101111000001001000001111000011100111001001100110001100001110001111111110000111110010001001100110010001110011110011000111111100100000100110011110001100100110001100111011111010011111100100000100011000011001110010110011001111100111110001101111100110000000110001100101100111011110101100011
00111010011110011111100011001100111100111111011000110010010001110111101100111000111000111111100001101100100000110011111001100111001111111100000010100110110000010001100011011000000110000011110011011100011110110001101000110011000110001111000110111000000111000000110011100100000011001001001111001100111000001111001110011001100111000001100001110100011100
00111100101100011011001110001100011000111100000111110011100111000011011001001100101111001011110110011000100010011000011100010011000001111100011100110111110001100111000100100110011001100011001100100001110001000110000011101110001111000100111011100001100001111100010011011001000011011001110011100100111001001111110010001111000001111000001111011110001110
11001100100011011101001100011001000111110010001111001110110111101100101110001011001110011011110000110100111100011000111001101100010011001110000111111111001001001101100011100011001000101110011010011100100110001100110001100110011001011111001100100111101111001000010110011110001101111011110001110011100011100000111001011000100100110000011001101101100100
11100010011100011101111000100100001100011011110010011110111000110011101100011001000011100100100011001001000111001101001100000011110011111001011110000011100001101101101110011111001101100010001110100111111100011001100110001111001001100110010011000110011111001100101100001100100001110001110011011011001000111110011001100111001101111010110110010011000001
10001000111001100011111011000110010110001111000110110001100111111000011000110001100011001101011100111001100011100111100111011100000000110000111110011000011110111100001100100110110000011000011111001100110010011011011100110011001110011011110110001001111100110111110000111011100011100010010011000111000111110011100111100010110010011001001000001110010110
10011001000011000111100100110011001001011001100110011111111001100111110001001100011000001100111001100111000110000110011001111011000111110001100011001001111111100000011001100111000100001100101101110110011010001100100100001110011000001110100010110011001110010011001110011100100110010001100111000000001110011001001110000111000000111001100111111001001110
01000000110000111110001000110100011001110000110000111110111001110001100110110000010011100100101100111111110001100100011100011010110011000110011110001110111000011101001110010011001000111011000010011101000110100011101111100011100001011001110011000100111001101101001101000111001100100011101001100111001111011000011011100110010111001001100111001001111001
00100110011010001111100110011100011000001100110011100110010011011000011011000111110011111000111001100100001111011000010000001101100100110001100011011001100110011010011111001100011110001110010011000000100011000111000101110010110001001110000100100011001110110011011001111100011110010111000101100011011011111011011111001100011011100000110110010011010011
11100111100011001100011000001111100001100110000100011101100110110010011110111100011100111000110011001101110000100001110000011100111001111100100011000010000001111100010111000001100110000001110011001101110000111100001000011100000000011100111000111001100111001111000011100111000100111001100110011001011001101111001100110001101100000011110011110011001110
10010110000010001101101100001000110001100001100100010100001100011111001000110000000011001101110011001110011010001010011100011001101100110011011001110011110011000100100110011001100110011001100011001100011101111100100111001100111010011011100000111100101110011000111100110011100110100001100000000011001110000010110000100100110010111011011101001110011110
11000011000011100110011110110001111001100100001111100111000110000100001101110011000110010011001001100011000110011000000101100110100011001101100110011000011110011000010011111111000001101001100001000001100001100110001110101100001100100011001111000011101100011001001111110011100110011000010011001111000000011110110000011111000110010011000100110000011000
11011001111000011000000100110111100011111011100011001110010001100111000111000000111100110011001100110000111001100100011100111011011010011001110110011011000011110010000100001101100100100001100111000011000100110111001111000001101100110000011011100110011100111100011111101100100011001100011010000011011001101110011100110011110011001101101110011100111101
11111000001100111110001110000111001101111011001101101000011110010010001110011111000111100011000110011100011101100011100110110011000111110011001100011001100100111000110000111000111101100111001100100110000011011110000111100111000001100110111000000111101100011001100110000100011010011100110000110100011011110011011011101100000110110101100000010011100111
00000001100110110111100110000011111111001110011000011001111010011101101111001000011110011001111100111000100011001111001110000001100011000001100111100110001000011000111111101101110011001111000110011100011110011100000110010011100100011001110011100001101101101110000000001111001101000110000000000000111110011001100011001111100011100011000011011001100000
10001110100111000101110001100110011000110011001000111100001101100101110010011000111111110011110011011000100111000001100011000111000111000110011100011011101101001100101100111011000110011001100001100011100110010010011111100110111000001111100000100110001100011011100000110011100011001111001100000111011110011110011001110100100110110001111000111001000001
11000001100111001101100011000111001001111000011001110110010111001100011101100111111100111001001100001110000111011001101100011100110001110100110010011110001001000100110011000110011001111100000111000111110001100001100011110011100111001001010000110110111000001110110110110011000111100100100100000001101100001110011001111100110000011001111100001111001110
11011110000111000011100001000110011011001100001101101111111100111100000110100000110001110110011011110001110010000011011100110000100011100000111100110011100111110000111001100001100011011000100011001100101110001110011001110111011001100100111001100101100111100111001111011000011100011000000100111100000111100100100011011001100110000011001011001110100111
10110011100011110011001100011001111000011100011110100110000101110111111101100100111000110110110110100000100110000011001110011000100010001101000111100011000110111000111100011011001001100011001111001100011011100011001100110111010011000010011001001001001111001110000111110000111100110011000011000011011001101111001001111001100100011010011111000100110000
11001111001100100100011011000111111100011000000110110011001100100110011000010001111100111101110011100110001111110010001110110010110011011011000110011001111110011001110010100110000111001110000110001110111000100011000110001100011000001110000001001101110011111001110011100110011100110110011110100010111100011111100111101100001100101101100011111110011010
00011011100000011111001101101001111011100011000010000001110000011001101111110001110000010010000010011000100110111111000110110011000111000001100011000111111001101100011100011111100011000110011011000101100111111100111100011011100110000000000010001101100110110111011000011111000111100000010000010000011110110111001110001111001100001101011000011001001110
10011100110001101110000110000100011100000000001001111001111011110011100010110010011000111000111101100111000011111101100110001110001001100001100000011110011111011001110010010001001111111111110100011000100010110011001111111001111100100100000110001111001000100110011110011101110001001100010010110000011001011001111001111101110011011011100110000010011100
11000111001100110011001111000110011001100110000111011101100110010011000110111100110010001111000100011000111001100110110000011001100111001110100111011000000011001101110001101101100111001101011000100111111100100011001101001111000001110000001100110111110111001100110010001000011100000011111001110010011011100110010011110011000011000110110000111011000101
10001001100001110001110001100111000110010110011000110010110001110011100011001110110011100001000000110110011001101100111110111111000000000011100011001000110010110011100010010001110100110000010111000110111001101110001111000011110000011100011001001100011000110011001111000000000110000010000011110001111001110011000111011001111011001010011010001111100100
01000001111110011100001111001000001000011101110010000110011100111001110011100110011110010111100001101111101111111111000001100110001110011101111000100111000101111101111001101101100110011110110011100111100010011011100011001101111001100110000110000011001100110001100011010000011011010001110001110010111001101101100100110001100011111101100011111100110010
00111001110011100100111011001111110001000110011001011001111110111011000100000100010011110011001001111001110011000110000000100001110011111000000001101100000111000000110011110011001110110010011000011111001001111111011001100011100000111000001100001110010011000110000110011000011000110001100110010100011100110011000111100011001111110011111101110110100111
01111100110001110001100000010111100110000111100101111011011101101111001110001101111100011100111001100110000011111100110011000111111111000101100001100011100001100001100001111001110001110010001100001110000001100011011000010011000011111001001111100011001000110110011010010011011110011001111101000000110110001111001100111110011100110000011000111000110000
01100011001100100000011100010011001011110011110001101100011001000000000110100110110111001111101110001100000001100010000000111111011111011011110010111000011000100110001110011011001111100010011100100000011001001111001101100111100010010010001100100001111001111001110111101110110100011000001100011000111110010011110111100100011011001100000000000110000111
00011000100110011100110010010011110110110010111111000000100110000110110001100001111110011100110011111000000000111001111101111101001111110000011000110110001010001110011011001001111111001111001110011110010011000110011100000100100110111110011010001101001100100000110000001100111101100111101101100011011110011001000011001101100110011011101100110001101100
00100110100111000100011111001000111100011100110100101100100110000110000110000001110011111001101100110110000011110001100110000110000110111011101111001010001101000111001100111111100111010011111000110011100001000000001100011110011111110000110001101111000011100010011110011010000110001111000011100011000111110001100100100100000110001111110000101111010001
01001101100011110111100011000111100111000110011001100100110011011100111101110001100100100001100010000010011001100011000011111011010001100110110011100100110011100011001101100110001101111001110110011001101000001111110000111111001110000011001001100110011110011000110110011001110011000011101110110001101001001011100011101101110011011000000010110011110001
10000101111001000110000000011000110111000011111000110011110001110000011001000110010011001101110011101001001001101001100011001110011111001011011001011100011000000111100110011000000011111010011001110011011100110011110000011111001010000010011001100111110010010011001000011110001100011000110011110011100110011001001100110111100001001110011001001111011000
01110000110110001111001100110011100010001110100100100110010001100000011001001101111001000111001110001001100010011110001000110001110001110000110110111001100110111000110011000100100110001110011101100100110101100111101101100011011010011100011011101110000000001110001100011000111001110110000000000010111101001010010011000110001101001110001110000011111000
00111001100111000111100011111000100011000111111010001000100110000100110001011011000110011100001100011011100111000110010011010011111110110011001101001100110000011110000111010000011110110011000110001100100011100100111001100000011011110000111001101100110010010000110011001110111001000111001010000111000110110110011110000011111000111001110001111000111000
00111111000110011100000111001111110000110010011011110011001111100110010000000110010111110111110010011001111001100110000111000100100011111111001111100010011010011101100110100101001111001110101110100011100000001000100001100111110001110000011110000100000011111001110110011001111001100001111110001100000000110010111001101110011001000111001111001100111011
11101100110010110010111001001000111011001001110011011101100111110000110011000011000110011001110011100001101011100010011011110001110001100110010011011001100111100100011100110001110000010000001100111100111110011001110011101100111000011100100110011100100110110010011001000001100011000000111100011001001110001011001101100110000010011001001110010011100001
01110110001111111101101100100010011100011000000110111001001011000111111011001110001110000100100110001100011101111011000111011101100100001111100000000011111000100001000011001101001111000011001100111111100111000011111000011001100011001110011011111100111111111110011001100110000111001100111100110001011001110110000110110010111000100011001001111001110110
00110110111001100011001001001100110011100001100100011001111100011111011000010011110001101100100011101001100110111110010110110001111001001111011110000011001100111011001001111100110111001111110011001100011111101100110010010100000011001110001111011111000110110110100010001100100110011001100111100011111011100110111000110011011101001110000110010111111000
00111001000110110111110010000011011101111100110010011011100111000111001001110011001101110001110001001001110110001001100110000011110011001100011100111000001100001101110011110011001100100101111001100110110010110010011000011100011000011001011001100100000110011001100111000010110001000110111000000110011011001110001101101100000000111100000111110001100110
11100011110010001100111100010011100001110010011000001110011000111000001100111110100010110011000000101000111000110110011111100111001001100110010001011011001111100011000110110110011001001110011111010010011110001111100000111110010011111100011010011011001001100000100010111000110110010010000000111000110011001000001111101100001101100000101100111001101111
00001000110111110010011100100110110011100110011001110000111101111100111100111000001100011100111100110010001100110010011001100011111000011111111001100101100001110011000110010010011110000101011011001001001110100011000001100111010000111100111000101100111111110000011001111001001101101100000111000001100000011001001000011100100001110111110011000011110110
10110010011011001100100011001100100001100110111100110111011010010110011001111001101100110011000101000001110001100000111110000110001001100010011001111111000111001100100011000111100111011110011011100000111001111011101100110111000000011001000000111000110011111110010011000111110010011000000110011011100111001001110111110000001110011100110011001110011000
11100001110111110011111011001100001111000000110000011100111101110000110110010011001100111110011100110011001000110000110110011100000111001001110010011001101100011011000111100100000111001001100011001110100011001011000011111001100011000100111100001111100111100011100011100010010011100000011001001110011111110011110111000111100011001011001100110010011110
11110011000011111000101100110111011000110110010001100100110000011100110011001011110001011001101100000100100100001110011100111111100010111100001001100011001101110000011011001100011001100110010011110111001001000001000111110010000111000010001110111110001100110001111100100000001100011110001100110011001100111001011100001100100001110001111011000110110110
01101100011000110010001100111110011000011101101111011001001100000111001110111011100100001111000010110011001111000111011101100110010011000100100001100111000111001100011001000100111111011001110001001100010011100110001000011101000111100111001110010011100000111001001110010011000011011001001101100010011000110011100001100011100011000011000011111001101111
01100011001011100101111100011001001111001100110100000011001001011000111101100011001100011111001100011001110001110011001001110000011000100011111001100110010010011110000110011011001111000011011010010001110011001110000110011110110011000001100110110011000101111000111001001110111010001100100110011001110001100101100100111000110010110111000110011110000111
00111011010010011001111100110010011001111000011000100110011111100010111001101100110010011001100100110011011011111110100011001100111111001101100111110011001110001100100011001001100011011011000001100110111011001001100000011100111000111000001110010011110100111000001110011011010011000001110110011001100011111110000011100100111001111000100001110111100110
11000101100100100110000111110000111001111000010111000111000110011001111100011001110011001100011110001001100011001110001100100100110110011001100011100011001111110001110001001000111101101100111110000001111110000011100110010110011000100011001111101000110000111001110001110000100111100111101000100110010000011001110111000000111000110011001101011011000001
11011111000111011100011001111110011100111100000010011011011001110010011011100110111100011011000110001010110100001100001101100000001110011111011000111110001100011100001101100110011011101111110111011101110000110000011000000111000111101111110111101110001000100010001000001000011110010111000011100110110110110110011111000110011001100110010111111000110001
00000110011100011010001111100011111100101101100111101100110011110000111001110001100110000011000100100111000011100101101101100110001101101100111111001111000100011111100011100011100011101101100011100011110000111100011100001001000011000110110110011111100111010000011011011001100110011001100110001100001001111000011000100011011011111110111001000110010010
11001111011000011100101110011100100111000110011001111100111100110001100110011110011010010011010001110001110001111000111001111001110010000100101110110011100000100011001100111011110000111001110111100111110011001110011110011011000111010011101100100110000110011100111100001111010001110010110011100111100011110000001100000110110010100000110110011111001001
01101101110110011100011100000000110001100110100001100110010010011000110100010001001111001001000110011110011110011111101000000010011000111001111000110111011101100101100110110011000000001100111011001001111100111100000100010011001111000101101100100110111110100011001110000000100100110110010110010001101100101100111111100111000111001100000011100100010001
01001001001110000010111011101101101100011101100111010000011100000110100001101110011011110110011100010000110011001100100110011011011001100111011000100110010011000111111100110000000000011000101001100110011111001110110001100111110000011111001101001101001001001111011001101000100011100011011001100110010011100000011011000011110011011001101100111001111110
00111100000011100000110001001001101100110011110011001100010011100100010010001100011001100110111101100110111100011000000110011100111111001110001110110001100011000000011001001110011111001101101110001110000000100011100110110001100011110000110011111111111001100110110010110011011101001000000011001101101101111001101001000001101100100101001011110111100100
10011011001110011100110001111001100111100000111100011011001100110001011100110001001110011011010011110010110000011011000111100111011111001001001101101100010110000111110001000001100111001001100000011110000110010011101100111000010100111110110001111001111000001111100001011110011100011010011011011001100100111000011010011110011100011001100110101100110001
11001100101110110011011001110010011101111001100011011111100000011001001100011111001011001001001100110011000111111000000111011100110000010000100011000011000111001110010001001110011011001101100010000001011001100110000110001110010010011100000000111110011001101100001001100111000100110010011001001100001001101110001100010011010011011011110011000001100011
00000011110011000111110011100011001110001000110111001101111100011100111000011001101111100110110000110100011001111000011011001011001000001100001101100100111001111100110110011001000100011100011001111110001100110111000011001000100100011000001100111000110011011100111010011001011100110000100110001101110111110001110011011100110000011000110110001111010011
01111000111011100101100101100110001110011001110001110000100110110110011011100111100110000011100110001100000000110011011110001100110011001100100110010011111011000110011101100011011000110010001110011001101100111000011100110110001100110000010011001110011001101111001001110110011001100111010000110011001111110010001100110001100111011001011111001110000001
11110011011000011100011111000011100110011001111001111100010011110001001001001001110001111110111001111110111001110001110000001111001110001100111100101100000011100110001001110010111100111001101111000110011110010000100110011001100111100110000110110010001101100110011101001011001111011100010000011101000010011010111100111110111000001001110010010011001110
00110111001001100110001100110111111100011101110011111000110011001100001100110011001100010011001100011111100111101110011010011100000001000111000001000111110011001111000010001000111001111011100000110011110011110011000111001100011100000110100010001111111100001101100000011001001100001100111001101111011111110100110011111011100111100110010000011000000010
11101110011011001101100101101001101100110011001100001111010000110011000011001100110111000000100010011100111001110000110011101100111100001111001110111111001000110000110011000111001001101000011110001111111100000100111111001110001100110000110110000011100111100110111001001010001110110001000011100000111110110110010011110011100001101100011000011110011000
11001100110011001101100001111100011011001101100111100110000110011000011001110011110011000110001100111110011111011001111111001100111001001001110010010011100011011100001100010011011000111000111101110010011001111100100011001100010001111001111000011100010011000111110011001111110000100001110011110011100111100110010011100111000110010011011100011100100110
10100111101100100100111101100100111001100001100110011111011000100111110001110111011110110011001100000100011111000111100101100100110010110010000111001100100110011000100100000110011001110110011100110001111011100011100100011100010011001000001100011110111011101110110000110111001110010011110001111100001001100000111100011000011011101100110011110001011000
01011101110010011001100001111000100110010011011100011001110100010001100110000111000011111001100100110010010000001000111111001100010111111000010011100011100000111110011110001011001100111100111100010010001001110001100011000110001100111100010010001111011010010010011100001111100100011001101000000111001100111100110100111011011100111000011001110011111100
01111001100111000001100110010011011111001110011111000100110100011001001011101110011110001001101100000001110011001111001001011000011000111100101100011101100111111011001001101010001011011001110011001110100110010000011001100001111111111001001110010011001001100011011001100110011011000011111001000111011011010011001110000000011000011100101110001111000111
01111110011011011110110011001110001111001100110001110110111101100111100110011100001101100111101000111100000111110011100011001111101100100110011100000111110001000011100011000111001110011011001100110010011010001111101100011000101001110011000011001111100011000111001111100111100110111001100111111100001100110100011011011111100111011000100110001111000100
11100110110000111011001101100100111111100001001100010011000100110000111001100111000111010010010110010111100110000111011001011001101110010011101000110011001111001100100110011100000011011010011001100001100000110011011001110101101100110000000011000011111000111110011110000011001001011110011011100011100011111011001000111001110011010100011111001100110000
00101111011001110011100110011100100110110011001100110110110001100110100011011100011000010011001101000111100011100011101100100111001001111100000100000011001101111001100011101001110001100110000110111000111001110001110000111100110110011110011000111110001110000011011000110000001110011100110001100111011001011000000011011111001001100011001101001110000000
