State number: 0
11001111
11101111
10001111
10101111
00101111
00001111
01101111
01001111
110001111
110101111
111101111
111001111
100101111
100001111
101101111
101001111
001101111
001001111
000101111
000001111
011101111
011001111
010001111
010101111
distribution: P(0) = 0.526205	P(1) = 0.473795	
transitions: T(0) = 18	T(1) = 19	
P(state): 0.0348397

State number: 1
11001100
11101100
10001100
10101100
00101100
00001100
01101100
01001100
110001100
110101100
111101100
111001100
100101100
100001100
101101100
101001100
001101100
001001100
000101100
000001100
011101100
011001100
010001100
010101100
distribution: P(0) = 0.447373	P(1) = 0.552627	
transitions: T(0) = 15	T(1) = 4	
P(state): 0.0655977

State number: 2
11001101
11101101
10001101
10101101
00101101
00001101
01101101
01001101
110001101
110101101
111101101
111001101
100101101
100001101
101101101
101001101
001101101
001001101
000101101
000001101
011101101
011001101
010001101
010101101
distribution: P(0) = 0.186744	P(1) = 0.813256	
transitions: T(0) = 6	T(1) = 5	
P(state): 0.0225381

State number: 3
11000010
11010010
11110010
11100010
10010010
10000010
10110010
10100010
00110010
00100010
00010010
00000010
01110010
01100010
01000010
01010010
110010010
110000010
110110010
110100010
111110010
111100010
111000010
111010010
100110010
100100010
100010010
100000010
101110010
101100010
101000010
101010010
001110010
001100010
001000010
001010010
000100010
000110010
000010010
000000010
011110010
011100010
011000010
011010010
010000010
010010010
010110010
010100010
distribution: P(0) = 0.804355	P(1) = 0.195645	
transitions: T(0) = 8	T(1) = 9	
P(state): 0.0356252

State number: 4
11001001
11011001
11111001
11101001
10011001
10001001
10111001
10101001
00111001
00101001
00011001
00001001
01111001
01101001
01001001
01011001
110011001
110001001
110111001
110101001
111111001
111101001
111001001
111011001
100111001
100101001
100011001
100001001
101111001
101101001
101001001
101011001
001111001
001101001
001001001
001011001
000101001
000111001
000011001
000001001
011111001
011101001
011001001
011011001
010001001
010011001
010111001
010101001
distribution: P(0) = 0.247972	P(1) = 0.752028	
transitions: T(0) = 3	T(1) = 11	
P(state): 0.0866699

State number: 5
11001011
11011011
11111011
11101011
10011011
10001011
10111011
10101011
00111011
00101011
00011011
00001011
01111011
01101011
01001011
01011011
110011011
110001011
110111011
110101011
111111011
111101011
111001011
111011011
100111011
100101011
100011011
100001011
101111011
101101011
101001011
101011011
001111011
001101011
001001011
001011011
000101011
000111011
000011011
000001011
011111011
011101011
011001011
011011011
010001011
010011011
010111011
distribution: P(0) = 0.594981	P(1) = 0.405019	
transitions: T(0) = 20	T(1) = 23	
P(state): 0.0375688

State number: 6
11001010
11011010
11101010
10011010
10001010
00101010
00011010
00001010
01101010
01001010
01011010
110011010
110001010
111101010
111001010
111011010
100101010
100011010
100001010
101101010
101001010
101011010
001101010
001001010
001011010
000011010
000001010
011101010
011001010
011011010
010001010
010011010
distribution: P(0) = 0.866257	P(1) = 0.133743	
transitions: T(0) = 8	T(1) = 9	
P(state): 0.0053045

State number: 7
11001110
11101110
10001110
10101110
00101110
00001110
01101110
01001110
110001110
110101110
111101110
111001110
100101110
100001110
101101110
101001110
001101110
001001110
000101110
000001110
011101110
011001110
010001110
010101110
distribution: P(0) = 0.766742	P(1) = 0.233258	
transitions: T(0) = 22	T(1) = 25	
P(state): 0.037828

State number: 8
11000100
11010100
11100100
10010100
10000100
10110100
10100100
00110100
00100100
00010100
00000100
01100100
01000100
01010100
110010100
110000100
110110100
110100100
111100100
111000100
111010100
100110100
100100100
100010100
100000100
101100100
101000100
001100100
001000100
001010100
000100100
000110100
000010100
000000100
011100100
011000100
011010100
010000100
010010100
010110100
010100100
distribution: P(0) = 0.399119	P(1) = 0.600881	
transitions: T(0) = 15	T(1) = 4	
P(state): 0.0332281

State number: 9
11000101
11010101
11110101
11100101
10010101
10000101
10110101
10100101
00110101
00100101
00010101
00000101
01110101
01100101
01000101
110010101
110000101
110110101
110100101
111110101
111100101
111000101
100110101
100100101
100010101
100000101
101110101
101100101
101000101
001110101
001100101
001000101
000100101
000110101
000010101
000000101
011110101
011100101
011000101
011010101
010000101
010010101
010110101
010100101
distribution: P(0) = 0.132573	P(1) = 0.867427	
transitions: T(0) = 6	T(1) = 5	
P(state): 0.00804989

State number: 10
11000111
11100111
10000111
10100111
00100111
00000111
01100111
01000111
110000111
110100111
111100111
111000111
100100111
100000111
101100111
101000111
001100111
001000111
000100111
000000111
011100111
011000111
010000111
010100111
distribution: P(0) = 0.50792	P(1) = 0.49208	
transitions: T(0) = 7	T(1) = 0	
P(state): 0.0574911

State number: 11
11010011
11110011
10010011
10110011
00110011
00010011
01110011
01010011
110010011
110110011
111110011
111010011
100110011
100010011
101110011
101010011
001110011
001010011
000110011
000010011
011110011
011010011
010010011
010110011
distribution: P(0) = 0.553218	P(1) = 0.446782	
transitions: T(0) = 20	T(1) = 10	
P(state): 0.0650551

State number: 12
11000011
11100011
10000011
10100011
00100011
00000011
01100011
01000011
110000011
110100011
111100011
111000011
100100011
100000011
101100011
101000011
001100011
001000011
000100011
000000011
011100011
011000011
010000011
010100011
distribution: P(0) = 0.510689	P(1) = 0.489311	
transitions: T(0) = 20	T(1) = 10	
P(state): 0.0579932

State number: 13
11111111
10111111
00111111
01111111
110111111
111111111
100111111
101111111
001111111
000111111
011111111
010111111
distribution: P(0) = 0.526875	P(1) = 0.473125	
transitions: T(0) = 18	T(1) = 13	
P(state): 0.0133949

State number: 14
11101000
111101000
011101000
distribution: P(0) = 0.346154	P(1) = 0.653846	
transitions: T(0) = 17	T(1) = 16	
P(state): 0.00126336

State number: 15
11001000
11000000
11011000
11010000
11111000
11110000
11100000
10011000
10010000
10001000
10000000
10111000
10110000
10100000
10101000
00111000
00110000
00100000
00101000
00010000
00011000
00001000
00000000
01111000
01110000
01100000
01101000
01000000
01001000
01011000
01010000
110011000
110010000
110001000
110000000
110111000
110110000
110100000
110101000
111111000
111110000
111100000
111001000
111000000
111011000
100111000
100110000
100100000
100101000
100010000
100011000
100001000
100000000
101111000
101110000
101100000
101101000
101000000
101001000
101011000
101010000
001111000
001110000
001100000
001101000
001000000
001001000
001011000
001010000
000100000
000101000
000111000
000110000
000011000
000010000
000001000
000000000
011111000
011110000
011100000
011000000
011001000
011011000
011010000
010000000
010001000
010011000
010010000
010110000
010111000
010100000
distribution: P(0) = 0.463095	P(1) = 0.536905	
transitions: T(0) = 15	T(1) = 16	
P(state): 0.132191

State number: 16
11000001
11010001
11110001
11100001
10010001
10000001
10110001
10100001
00110001
00100001
00010001
00000001
01110001
01100001
01000001
01010001
110010001
110000001
110110001
110100001
111110001
111100001
111000001
111010001
100110001
100100001
100010001
100000001
101110001
101100001
101000001
101010001
001110001
001100001
001000001
001010001
000100001
000110001
000010001
000000001
011110001
011100001
011000001
011010001
010000001
010010001
010110001
010100001
distribution: P(0) = 0.196504	P(1) = 0.803496	
transitions: T(0) = 3	T(1) = 12	
P(state): 0.0721979

State number: 17
111010000
distribution: P(0) = 0.203704	P(1) = 0.796296	
transitions: T(0) = 15	T(1) = 16	
P(state): 0.000437318

State number: 18
11011110
11111110
10011110
10111110
00111110
00011110
01111110
01011110
110011110
110111110
111111110
111011110
100111110
100011110
101111110
101011110
001111110
001011110
000111110
000011110
011111110
011011110
010011110
010111110
distribution: P(0) = 0.816343	P(1) = 0.183657	
transitions: T(0) = 22	T(1) = 25	
P(state): 0.0348316

State number: 19
11011111
10011111
00011111
01011111
110011111
111011111
100011111
101011111
001011111
000011111
011011111
010011111
distribution: P(0) = 0.571006	P(1) = 0.428994	
transitions: T(0) = 18	T(1) = 13	
P(state): 0.0165128

State number: 20
11000110
11010110
11110110
11100110
10010110
10000110
10110110
10100110
00110110
00100110
00010110
00000110
01110110
01100110
01000110
01010110
110010110
110000110
110110110
110100110
111110110
111100110
111000110
111010110
100110110
100100110
100010110
100000110
101110110
101100110
101000110
101010110
001110110
001100110
001000110
001010110
000100110
000110110
000010110
000000110
011110110
011100110
011000110
011010110
010000110
010010110
010110110
010100110
distribution: P(0) = 0.74478	P(1) = 0.25522	
transitions: T(0) = 1	T(1) = 2	
P(state): 0.0880143

State number: 21
11110100
01110100
111110100
101110100
001110100
011110100
distribution: P(0) = 0.489796	P(1) = 0.510204	
transitions: T(0) = 14	T(1) = 4	
P(state): 0.00259151

State number: 22
11011100
11111100
10011100
10111100
00111100
00011100
01111100
01011100
110011100
110111100
111111100
111011100
100111100
100011100
101111100
101011100
001111100
001011100
000111100
000011100
011111100
011011100
010011100
010111100
distribution: P(0) = 0.491678	P(1) = 0.508322	
transitions: T(0) = 15	T(1) = 4	
P(state): 0.0573939

State number: 23
11010111
11110111
10010111
10110111
00110111
00010111
01110111
01010111
110010111
110110111
111110111
111010111
100110111
100010111
101110111
001110111
001010111
000110111
000010111
011110111
011010111
010010111
010110111
distribution: P(0) = 0.568869	P(1) = 0.431131	
transitions: T(0) = 7	T(1) = 0	
P(state): 0.0152008

State number: 24
11111010
10111010
00111010
01111010
110111010
111111010
100111010
101111010
001111010
000111010
011111010
010111010
distribution: P(0) = 0.875	P(1) = 0.125	
transitions: T(0) = 21	T(1) = 9	
P(state): 0.00295594

State number: 25
11011101
11111101
10011101
10111101
00111101
00011101
01111101
01011101
110011101
110111101
111111101
111011101
100111101
100011101
101111101
101011101
001111101
001011101
000111101
000011101
011111101
011011101
010011101
010111101
distribution: P(0) = 0.193643	P(1) = 0.806357	
transitions: T(0) = 24	T(1) = 5	
P(state): 0.0152251

