00110000111101111111100001111011000010000110010011101000011110001111001101101100011111000100011001111000110010011001111110001110001111111000011000011110010001101001101111000011011001011000001111111001000110111101100111100000111001100110011000111100110011100001100010111000011100111001110010011110001100000010011000111100000100110000011000101100110001
00110001110110010011001111110010110000110011100001110001111101000111011000111000011111000111110000011110000110011000110000011111000111110001100111100111001100001110011011000111001100110010001100000111000000011010001011000011111111011111100110111110011000010111000000110110001111011111110011011000110011000111110000001111100011111100000000111111000011
11000001111011001100000111000011001100001110000100110000111000110011100001111111001100011011000000110110000011100111000110011000011110001100111011000111100011001110011110011100110011101100111110011011110011011110000011100001100000111010001111001100110001110001100011001100010000010001111001100001100111001001110000111010000111100110011000111110000011
01100101111100110000000110110001001110001111100001100100000110011101110001110011000111000101110001011100101110111000110001111010000011100011111001110010001001111010111110001100000110100011011001000111110001110000100111000110111000001100110011110001100100001110110011110001111010000011100111110010011111100011011000011000111100000101100000001100010011
11000111110111011100001111000111000001100110011110011000001000000110000011000001110011111111000111001000011100001111110000011000000011111011000011011000000111110001110001100110000011101100011111110110100110001100101110011011000100001100101110000011111001111100011011011001001100000111101100010001111010011111000001110000111100001111001000011110011000
01100011110111001111000101100011110110011110110011100001110011111110000011111000011100111011100100011100110011000011011001111011001111000011111100010110000111110000110001100111000111011000010001110110010011111100001101101001110001100110001100010011100100000111000011001000011000011111000001001101111100000010010001000110011100110001100001001100000111
10011000011000111100101110001101110001110011100001100110110010011111100111100111100000111111000100100011001001101011010011111100110011001111100111100110110110110000100110011110000011011000110000000110000011110000011110000010110001100001101100100001110011101000000011011010001100011111001100110001110111000111000101100111001000001001100011100000001110
00011111000110001100001111000011000011100110001101101101111000001111001011001001111110000111100000110001111011100011110000111100010111100110110000010110001100111011000100110110011000011000011000100110010000000000111001101001110010001111001110000001111110001110011100111000110001101101100000110000111100011001100111000001001100010011100001101111101100
00011100100110110110001010001111110011110001101111000111001000011100011011101000110001101000110010011000011100001111001101100111011100000111110000111001111000110011111000011010011111110011100100001100111000010000011100011110000111100110110000011110000001100110010000110011111101101110000111010001110011100110001111100000111000010000001100110001111111
01100011000111010000011001100001100011000011011100000110000111101100001100000011110000111000110111100010110000001110110001100011000100011111100000111000111101100011101110011100111001100101110000111000111111110000111100000001100100000011111100011111100111110011011011000011100001110100011000000011001001101100011011000111110110011000011010110000011011
10111100011110001000001011011000001011000000111100001101000000011000110000111000011001111001001110011001100011111000100111100111100001000110000111000111011010011110111101101000011101010010000011110100110001000111101000111000001011000001111001100101001111100110110000000100100110001101110000001100010011001110010011111001111000111001001100100101100000
00111001111000011001111001110011001100001100000001010001110000110100111110001101101111110001111000011110111001110000100100000110000011100100110110000000100010011111001101100000011000101100100000110000110110000110010000111100001111000001100111011111100100100101101100111001000011000000110010011110001001110001101110001110011001110011100000011000110000
11000011110000011111000000010001110011000011000001011001111011001111001100011000111100001111110001100011011110110000111001001110001001100000110000110110001110101100011111000111000010011100010011001001110111101100110011110011001110011001110011010010011110011010110011000000011110011111100000111100000111000001111100011100000111000001111000100100000011
00110000011111001000011000100100110011011101111000111011001101100111111001100000111100011100110011100100000011111001011111001101011001111011000111110001100111000111000001111000110010001101000001111100111011000100010110001100110110000001111001111100001100110011100001011100000100111011101110011111100000100110001110010011011101110010011111001101100011
00111000011001100110010001111000111100001110011001110001001110110011101100111111000000011001100111100011100000111100011111001001001000000001001101000111100110111110000111000011111100001111000111111101110011001111110111100100111100000011000000110110010010100011111100100101101101111100110000011110001011011001111100001100110011101100110100011100000011
11000011100100000111100001100111100111000111000011100000001110000110011000011000000110111110011001110001001001011001111110010111100110011100001100110110000010011100001100100001111001100010001110110011111100100111000011110000110011110011100010110001110011001100100010111001000111110011111100011000000011110011110010101101100111110011001100100110011000
10000001110011001110000100111000001111100111110001111111001100000110001001101111000011000001100000011011001111110001111011111100100111101100100001000100111000111100011110000001100001101110011000110100111100010011101111100000001110011110000110110110001101100110001100011011001111110110110110000111100011100000111110001110011100011001100011000011000110
11000111110110111011000101100000011100010010010011110000111110000011111000111100000010110011101100000110011011100000110000001110110011101000000111001011011001110000110110010011000000110110011000100011110001101111000001110001111010011110000011100011001110000111110011100010011000110001100000110011000110011001100000010000001111100000001110001110001111
11100000111000000110000011110001110000111110001110000000001100110011100000111100101100011011001110011010000010000000110000111101000111000010011100110011000111110001001111000011110010011000001101100011000000000111100011000100011000110111000011110010001100110100110110010001111111001001100110011000000111001100001110001001000111001100110110001100000101
10011111111001001110011100000111101001001101001111100001110001000111000101111100011011101001100000101110011001000111100100111000110001100101110000111100000011111000011001110001101001101100110110011000111000011100001100000111110010110001001111111000000100011111100110111111111001100000001000111100001000001111111110111111001111110010001101100110000110
11001011001001100111010001100011101110001000101100000111000111001100001100110010011111000011011100100111000001111101011001011100110111000001100001011101100001001011100110001111000001111000000001001001100110001100110110000011101101111000000011001110100101111110100100101100000111110111110010010111001110010000110011010000001101100110011001111011000011
10011111100011101100001110010011011000010000011111000011000000111111000110000100100000011111001101110010011000000111000111001101111011001001110000011100110011001101110001111100001100000001111100001111000011110011011000000001110000110110111100000110001110110010010011100110011001111000100011110001110100010011100100110001111110011011100100110110111000
01100001100011111000011100100001100011111100001111011100001100011100100110100100110000011110000011000110111001001111000111100101110011001111011001001000011001100011001100111100110110110011001100010110011011111001110110011011001100111011000110011000100001001001111000111100110001001101000111000011111001111111100111000000011000011001100100100100100101
00111111111100011110011111001110011111101001111110011000110000011100000001110001100001111000000010011011010010011100100110111000011011001001101100000001011100110011001000011010011100110011001000111111100111100011100010110001100011111000001100001111100111111000001110011011110010010011000001101100110000010011100111110000111010001110000001100110011001
00001110001110010011111000110100111101010000011110011111100011011101100011001100000011001100001110110011100110011010011011110000111000011111100001111000011111001100000111000100111101100110000100001100110001100011000000000001001011000011001110110111100110100000001111011000100011001100001110000000111001111000110110110011110011000111000011001001011001
00111110010110000001110011110010000011110011011100110110110000110010010001111111100001100000110111000101100011111110010110001111001100011100011111000011011100011111001101101001001000001110000100111100111111001101110000001110010011011001110100010001001101001100110010011111000111100110011100000111000011111100011101101111001100011110111100011000111100
01111001001101000001011000011101100100011000111100111001110111111000110011110110000110000000001100001111000011110001101100110011110110111110111110011000011110001110001000000110010111001101100001110011001110010001010000111001100110000011100011000000000111100111110000111111011011111111111010001111110000100100100011001100100011001110111000110011001100
00001100011011000011000010111001011100000111110001001000001110011001110001100100011010110100111001000011100001110000011000011110011001110001000111001111000000111011000110000111100100001111100110010001111000110111011000111000001111011011001100001101110001100110011100111100000111110011001110001001100011100000001100111011000110110001111111000010011001
01111000011110011111001011001100001110011001010001111100001001111111110001111000111001111000111000110110011001100011011001110010000011100001001100001111000011100000110110001101111000011101000111110110011000111001100011010000001110001101110001100100111011000001111000111111110110110011001100111001001111111000110010110111111001100000001100011111000010
11001100001100010011001011110011001011001001110100100011100001100000111110000001111100110110111111100001111000001110011011011000110111000110111011111001000011001111000110011110000110000011000001000110111100100001110000111110011110000000111001001100011010010011001101000111100001011100011111001001100011000110101101100000001100110111110010000000110000
00111111000111000001110000111110111011000011100100111011001001110001110010010111000100100111001111101001001111110100101110010011111001001100000011110110000000000110001100111010011011100110000011001110000111100011000100011110001111100011110001100111000011001011001100011100110010011010111100110111000001100100000001000011000001111100100110000111110001
10001110010011100001111000111111001111100001100001011100001111100110111100110001100111110011000011001000110000011100100111001001100101011100000111100011111100100101000110011000110010011011100001100001000111001110011001111110011111000100011011011100001111100001111100011100001101100111000111001100110011001100001111001001110000001100000111111001101100
00011000001111100011110001111110000111100101111001101011101111010001111000111100110111111000111011000011100001100111001110010001110001011011001111100110011011111100011111100001001100100111100001111000011011000011000110111011100010000011100100001100100111110110110000100111100011011011000011000001001101101000110001110001100010111100000011000000110011
11100100110011100111110011110110010110001001100000000110000000111001110000100111001110111000111110011001100101101101001100000011000001100110011111000101111000111000001000100001111100000111010011100000010011000111110000111000111001100011110000000010110111000000110010001111001110011100011000000110001001100011001100110011110011001100110110010001100000
11001101101100001001000110111100011111101101000111101110000110010110000000001110001110000011001011100111100001110010011001100110000010110011000111001001100000110010011111111000110100100101000011111100001111100000110000110100000101011001101110011000100111000100111001101001000011011000100110100110001111001000011001110011110011100001000111000011110001
01100000111100001001100001100001101110011101100011001111001100100100110110010011100011000010110110000110100001101100111111010011100011111100111111100011110011101110100111100001110010001101100111111000110011100111100100100001001111000110011100111100000110011100011011001100110010001100111110001111100100100000111100100111000100110000011110001111001111
01111100111100011100100001111100011100001001100111001100011001000000111000000100100111001000111100001111000001111101101111100111100010010010011100000001100000011111000000111100100000001110111000011110011111011001001100110110011001100000011000011011010001000000100010001101011100001100111000110001100011011000111111011000110001100110011111000001111000
01111000001110111111001100110011101111100011001111000110011000000001100000111000010011010010011011000111000110110011111011000111000110110000001110001111000111110000001110100001100011000011100111100000111000110011100100111100011100000011110001011110000111011001111100011111000110110000011001001001110011100001111010001110110100010011001001100111110001
11100011111011101110000111111100111000100011000111111000001110001100100000011001100110000011111001001111000011100001111000001111111001110011001100111011000001011100100101100000111000111111001011110000111111000111100011111100111000011001111100010110011001101000011100111110011110000111110011011001100001110000011111000110110011110011101100011111000000
10110000110100011001100001111001101100110011110001101111110110001101100001001100000110000100111100101001100111011010111100001101100110111000011100000111000110110011000110000100110000110111101100110011000000100011101101110011000011001100110001111101011100011110010000000100010011001111111001100001000011000011110001101110100011011000110011001111100010
10000111100001100111001111000000110010001111100011101110111001110011000100011000001111001011100000001101000111001101110110011101001101100000011110000111100000110110000110011000011000111110011001100011100111110011001111011100111110001100100111000010011001000111110000110001111011001101110010011000011111000001100000011000001110011001000100011101100001
11100101101000111110000111000100110010011110001001110110001110000111000001011100001111000001110011011000001101110000110000110111001110011100111000010111110100111110100100010000110001011001111100001000011001110011000011101100110011001111111001111100011100010110011000001001001101101011011101110000100111111001100110011100000010110011111001000000001101
00100111110110011110001101100011101110000011000001111001000000011100010111100000000011000111000100111001101110011011100111111000111100110000101100001100110011001001111111110110000000011000110000001100000011110001100011001100110001110110010111000000110100010011111011100001111110000111100001100001110000001100001100111100100110000011100110001111000011
10110011010000111100000001100000011111101111001110001100011000000111001101101001111001100000000110011001001110000001100000011000011111110011100000001101000101100011010001110011100111001001110001110111010111111000100011100111000011101110000000011001001100001111100110010010011000110111000001100001111110001111110001011110010111101110110001001101001100
00111011111000011100100100001011100110011110001100100000110110000111001001100100010011011011100001111100011001001100011000110100001110010001111100001110000111000100111100100101100001101100110000001100110011110010011011111001110000011100010001110011111001101110001001100100110001100111100011100011100011100111000000111100110001100000011111110010011001
10010110000110111110011110110001101100111001001100111001001100011101100011001001100011000011001001110000000110001001110011001111000110011110110000101101001001001010011100111011001111100101111011001000001110000010110110000000011100011110001101100001111000011100101111001000011110000111110011110001100001100001100000111001111100001111110000001111001000
01100100110001011011000000100010110001110011111001111001111001100111110001111000001100111111001001110100001111101100111100001101100000000100110100110110100011100011110001110111000001110111000111100110111000011000011110001000110001101100100011011000011100011110011100111101101000101100000110011010001111001001101100001111001011011001110000011100001001
11110001111000011000111000110011111110001111000101100011101111010001000000110001110111001101110010011011100110011101100000101111100011100010001100100100001101100100111100101110000011111100100001100011111010011111000110100110010000111100101111001010011101100110110100100001001100000111110001111100101001100001100011110011100000010110011111011100100100
10010011110011111111101101100011111111001100011100100110010000111001000000111011110110000110000111011001101100110001100001111001000111000111100000111100011110010000000001001111000011111001111110001111000111110100011100001011001000110010000111001001110000100110000111001110110111111011111001101111100000000111000111111100101111110001001110001100110011
01011011110011111000111111000111111100111000011110000110011000011100011011000110001110001100110100011101111100001011000000011000011001101100110001101101100111001100111100111110001101111001011100001101100000011001001100110111001111111011000110001111000001111100011011000011000010011000110011011000010011011111000111110001100111001111000000110111100110
11011001100111101100110001110011100110011100011101001110011011100110111010000000111000101111011111011011000010100111100010111001111111110101000110000100111111100100111000000110000111000111100001100001001011111000111100111111110001110111100011000111111110011100110110000000111001111010000011100110001100101100000001011000010010000011100110110000011100
00111000000011001001100100111100110011000110011001000001110001100000011011001100110011011000111111100111110000111110000111100001100000111111110001001101111100001011000101110001011110000111110000011100101100000111100000111000000010010110111001101100100011111001101111001100110000111100111111111001001100011100111111111011110001001001100001111001100010
00110100010011001110110001011111110000111000000110001100001101111110001110011111100001100000011001001001111001101111001111001100100000100001001100111010111111000111110101110110001100000110000000000000010000011001011000011110011101110110011100111100100001100000100010001111000111100100001101001100110000110011011111110001110001001110011011001000010011
11110000100110001001110001011110011111110000111100110011000111110001111100100110001101101001110000110011010000111100011000101101101001001100100011000011100110001100000110110110011000100110000110111111101111001100000001111100110111000110110000110011100011011111110010000110000101100001001100110111110011111001111111110000110010001100010011100011111001
01110001100111001001110001000100110110011000010001100111110011110011111000110111000011110110011100110010001000110000111111001000000011100111000110110011111000011111001101110001111000010011000011110000011111001000110011111110010111000011101011110000000000110111111100001000010001110000000011110111100111100001001011001111110010000110001100110001001001
11111100000011000111010011110110001111101001101001110011000110111111101110011011001101101100000011110011100110111000001101110110010001100010010001100100110001110111100011110000110001011001101110000010001100110011110011001100000011001111110001110000010011011011000000110001110001111000110001111100110011110100001111001111011100110010001101100001111000
11100000101111000111100100110011000011100110010011001010001111100010001000110110001011100011100100001100110011110001111100011001101100110111101100000100001100011100000011100010110011001101100111110000000110011001100001100110011000011001101000111000001111011000111000100011000110110001111001110011100100110011001110011011110010011010010011000011010001
11111001011100011001100001011110011101000111100100111011001100000011001101001100011011110001101100000100000100110000110111001110000000111101100100100001101110001110000011111001101100101100010011001100111000001110010011110001100111100111111001101101001101100011010001111000010110010010000100110001000100111110001001001111001011111100011100011011110000
11000000110001111101100110010110001110011000001100100000100110000011110110111100110110001101100001100110110011100001110110011111001011110010011100010011100011111000110010011001011000011000111011100011111100011100110011100111010000001100111011100000011110011110000100001100010001110010010001011101001110000110010001001110001011000001111000100110100011
11110001111001111000001100111100110110011100110001101000000000011011110001101110111111101001100100110111100111001100011100001100111001000001000110000001110011010001111001001110010110110010001110001110001000011110001000111100011100011011111001001111100111010010000011001100101110000000000001111000101110011111100011110001000111100011000110011110100011
01111001001001110000010110110001111100011100011001101000101111000100000000110011100001011100001101101100111100100011100001101110001011110001110000111100111011000101111000001111110111100100111110010011000011011001011001100100100100111000001111110110111000100100100001011001011011000011000111111100111011111111010011001110010010110000111111001100011000
00110001100110011111011111000001111001110111001110010100100110110000010011101100110001110001100110011111000011111000010111000110001011100001100110000011000100110110011110000011111001111111000011111000110110000010001001111111011010011111100000001101111100001011101110111100011101100100110000011001100011100110110110000110011101000000111001001101100100
00100110011000011001100011011000110110110011100111111100011011100111001000111110001111100001100110011000001001100000110110001101100111100011010011000111110011111000001100110001100011001110001011110011101000000011001111100000011011011000111111111100100001101111110101100111111100000100110001111110000011100011110110110001110011000000110010011111110000
10110011011101100111000110011000111001100100000011100110011111001001100110110111000001110001101111001100100110010001001111001101100111011000110111100111000100111001001001000011110010011100100110010011011000111110000111100001011001100110000111110001011000001110011011011000111101001001100000111101110001100010110000000011100111000011000000110110011110
11100110000011001001000111110011000111000110011011111000111110011100110101100000000000000000000000000111011111111111111111100111000011100011111110110111100110001101100100110110011011000000000111001100001011100000011110110001100110011110000110001100111001110001100100111001101110011001100011001101101110000110011101111100110000110000110110001111000001
11100001100000000011000001100000111100000001100111001001001000001110110010011100100011101011110011001100111011100000011110011011001001110011100111011001111100010001101100011110100010011111000001101100101001100000110111000111000111001100110001111000001100011111100111100011000011100110100001111000001101011001111001100011001011100100110001100011101111
11001100110111011100110011000000111100100110001011001100001101100100011001111001100110000110110001111100100111001100111011110110001110001100011001101100110011100000110000110110000111100010011100100011000010011000011110111100111000111001100110000011110110000000111001111110010011001100010001110001101101110001101101111110010000110011001011011010001111
10011100001111001110001111001100110011011100011000011000111000111010000000011001001111001100110110000110110111000100011000001101000001110000010000001001100111100110001110010110010011001100110010000110111000111100111101100111100100110110000011100010111001101100000100110011111110001110001101111000000110111000110000011110001110011011001100001000000000
11001111011000110001001111000000110000111010000011110010011000110110001101100011111110001101100111001100110111000001111100111011000011100000111000001100010011100000011100110011000111100000001100011001100011100011000000010011000001111110001111100111100001111100000100110001111000110111110010011000001001101101001100111100001100110111100100110000011001
10001111010000000100011011000111000001000000001100110011111001100110010011110011110110000111011001000000011100101100000011110000110011000001101000111001100011110101111000101110011001110011011001000111100111101000111000000111110000001111101110011001110000000110011111000000011001111101111011111011011101100011100001100001111000000000000000011001100110
10011110011101001100001110001111100000000110001100010010011001101110010011001001111111100111000111010000011001001111100100111110011111000111011001111000011110000000110001111111000001100011111000011110000011100110011111011110110011100111000110000110011100111100001110011011011000001111101111011000001110011110011000101100000000000000001100010100110111
00000000011101111001111010000011011110011000011001110001110001100110011011110001111001100000011011001110001110000111000001011001111110011011001011111000110111100100011001100111000011110000000000110011010000110000111011100011100111100001100010010000010001100100111100100110000010011111000111000100001110000001110011110000110110110011100001100000111110
10011011001100011001001100000001110011001011001101000011100011001000111000001100110000100011100011111000011000011111001111111001111001100010001100111100000000001111010001011110011110000111011100101111100111010000110000110001100001111001100110011011111000110000111100110000110011110011001100111000001110001110100011110110011110000001110001100010001111
00100110011011111100111100101110000111010010011001001000100011001011001100000101110001100111101100000011101110110111000111000001100100000110100110111000110110011110011111100100001101001100111000111000100011100111111000001100010001100111110010111111101100100001000001110011000000010000000110111001110111111110110011000000101100011111001110011100111110
10011110000000010001100110111110001001110011111000001100110010111000001001001111100111101100110111100011000110110001110011100001111111111101111100001110011111110111000001111100001100011011101100110100111100111000100011111110001011100010011100010111101111001001100001100011001100110001100111000111100011111000010010001111110110011000011001110110010000
10000110000001100110110000111000110110110011111110001110011001100010011110000001000100110100110011000001100011011110000111000111110000111011110001110011000011000110011101100100111100111000011000011110001111000011001011001100011110011100110011001001100000111110001110110011100010111100101110000011100000111110000110000001110011100110010011001111001100
00111100011111100001100010111000001101000000111001100101101100110010011110001110100110010110011110111011110000011011000110000110111000111000000011011001100001000100111011001110011000011100110000111000110110010011110011110001100100000001110000011000001001110001101100111101001111111000011000001011100011000110011001001001001000110110110010011001110111
00110000011100110111100000111100011001110010011011110000011110011100000110010001110010000000011001100111100011011111000000011001101100000110000011101100100110011111100110110000111001110001000100100110011001001001100110001000111111100000110010001110100001001000011000100110011001110001001100011010110001111100011110100100110011111001000011100011110100
00011000111110000011110000101111001111000001100110000110010111000000111100011100111101100000111100010111000100111111111011000001100111110000010101100111011000111000100011100001110100011110000001101111001100011110011010000011101111100111100011010111001011000001111111100001100000110010011001001100011100111001001100011101100011100011001101100111100111
01110001011111100111100110110001101100000111000110110001001101100110011111011011100011000011110011000001000000110001011110010011011110000110011111101011001001101100110000000011111001111000000001100000011000100000100110001100111011111111010111111100001111001010011000011100100110100101101110001111001011011001111001001110000000111100110011100000001001
01000110001110111111100001111000011011100011000110111100111100001100111110011100011110110011111001111110011011100110010010001110011001111100100011001111010001100000001001100111100001100110001111100001110111001101100111111001011000010011110001111000111111100011000111100110001110011101100001100100011101110000011101001110000111000001111110001111000001
00111100011011000001110011011001110100100110010011111000010011000000111000000111001100011100001111000101100011101110011111100111110000011100100011101000001100111111000111100110011000011101101000001000011011111111100000010000001111001101110000111110010010110001100100011001100110011000011100011011100111000111001110011001011010110000011100100111100000
11110100010110010011010011110000000111000011101101111110001111110000011110010111000101110100011001111111000111100110111111001011001111101100100000000111100100001100000110110011110110001111000001110110111000000001110000111001000011000010001110011010011110100000111100001111000011000000100110001101100100100011100011000111110010111100111101100111100000
11100001011100110011110010110010011101001111001011001001011111000001110000000110001101110011110110000110000100011100011111001111110011110000110110000100110001100001000111001100111001101100100111001100110011001111000000110011100011000011111001011000100010110001110001111110011110110000111100001110001111101000110110011101110000010111001001000000000000
11110001111100111000100001110001100111010011110110011110110011110000100111111100010011000110111001100110001101110010010000010011110001001001101110011010110001110010000111111001001000111100100011001100001100001111000110001110011000100000001100010001111101011110010000001111001100111111101100000111110000111000011011000111001111111000001100001110110011
11100001111000110110011001110000001100011110010000010010001111000110000111001111000110010000000100011111000001101100010010011111110010110011010000011011111011000110001110011001110101110101001111000110110010001100100111101000001110010011100000011100001100001100000010000100110101100111100110011000100100111000110010000111001111000100011100011000100011
11001001000011111110100011011100110111000111110000001100011111100110011001111111001011100000111000011111100110011111101100001111100111001100111110000101111011000000110000000111100111001110001110000011011010110011100011101111111011001111010001110001111001001100111110011010110001111001110110011111001001110000110011011101000111001100100100110001110110
00110001000110001100100101111000110100010001100001101110001111001100110001101100000011000111110000001110011011011000110111100110000011110001111101110011100000111000111000010011110011000001100111000011111000111000101011011100011110001101100000001100011111000111100100011010010001100001101000111001001011100011111110011111101111100011011100000110010010
11001100100010011011001111100011101100111001100001100011101110001111011010001110001100111011011001000110000001100100001001001111001100001110001110011110000101110000011110011100110010000110001100110011000000110011000110110011011100000111001100100100011011000110000001111100001101101011001101110000011110010001001100110110000011110001100100011111110011
01100011111001110010000110100110100100011001001110110011110001111100110011111011001110011110000000011110000111001100111000111110000110110011000100011001001100111100110000111110001101000110000100000001100010011111111101100111111001111001001100110010101000000000000000110011001110000110001001001011110111111001000000010000001100011001110000111100001111
11001110000000011110011111000111100101111000110011011000001100111100000001100000010111001101100110110010000110110110110110011000000110011100110000111100101001100110011110001101100001101101110011000111110010000100000011101111001000001110001111011011001110000101100110110011111000111001100011100000111000100001110001111000100001100011100011001111011000
11011100110011101100000011000111011000111100011100010010011001101100001111001111100110010011000011001101111011001110111111001110110011000001110001110111000011001111111000110110000110010000111110001100100100111110011000000111010001110000001110001111101100001111000111100011101100001111100101111011000110000011000111110001101101100100110011011110011001
00111100001100100110011000001111000000110000111100110111111001001001111001100110000000000000000000011100111110111111111111111101111111011001000011101100110111001001111100011001000011000111110001111000011110111001110110000011000011111111001111001111001111110000011100000101111000011111000110010001111110000111001100111000000000000011010011110111001110
00111110110001111000111010000100011010011110000011100011001100011110011011100000100110001111011100011000111011000111100110101100100011100000010001001100101100100011100000111100001111110001110010011110000011110000011000001111100100110000111110000110110110001100011110011001101001111111100110110000011010111100111110111001101011000110000011110001111111
01000111001101110000110100111001011001000010011111110011011000110110010001001101100011111111000111000111110001110011000001000110011111000010011100001100101111011011001111110001100101100000111000000111001111100011111110011110011100110001011011000011001100101100011101000000111011111100000111110011111100011100001111001100110000101110001000110000011111
01100111100001101100111110000111110001111100110011001100110010000110101101110110001100111001110011000011001000011100100000011100011111000111100110110000111100000011111000110011000111000001111001011110000110011100111110000110011101100100111000001000110011010100000111100111110001110011111000011000111100011101000001110011110000110100000111001001111100
11101110011000110001110011000111011000010011111110001110100011111000111011000001100010011110011011100001001100111000001111000110001000000111001100011001111100011011110000111000101110011001001111100011100110000110000011100111001100100011101100110111111001111000000011001110000110110010011111001101111001111100000111100111100011001001001001001110010011
00110011100011110000110110001100000000110001100100011001100110111100111101101100000011011100100110000000110010011100011001110110111000010011001111111000011111000111100001111100001100100111100000110010011111110011000001111110010011100000000110000001100011011000111110001111110010111101001101100011000000110000110111100111110101000111001111110000110010
10000000011000000111001101100000000111100111011100111110001011000110011100110110001001001101110011100011101100011100011100100000111100011100011011110000111000001100100001100000011100001111110100110110011110000001100011100000011110000001111001101100011110000000110010001111110100110001101101111001110000011000100110110111011011111111001110110010100000
10011100111000100001001000010100111111100011101110011111000011111000111100101110000000010110011110000111100110111000011001000111100011001110010011010011011100001110001010011001110010011001100110111100000110011111111001111100000100011001100011011001001001001000111110001111001111110001100010011101110011011000111001000110111000111010000110010000110000
11111100111101100111000011001000011001100011100111000110000010010000111110000110111000100000101100110011110001111110011110100111001000001110010000111111111000001101101100111100011100001100111100111000111001110011001100011100010011001100001100111011001000110000110110110100110111110011011110000110000101111000011101100000011000011110110000110010110000
11001100011000110011100000111100110001110110011001001001110011001100001100001111110111010011001110010011000000001001001110001111011111110111110110111101111100001001000001111011011000011000001011111111111110011011000010001100100010000001111000011101001100110001110110011100001111000011011001000111100011001000111001000001001000111110011110010011110000
11011111111000111110011100111110011001000001111001001000000110010011000001101111111110001110011000011011000111011100011000011001111101110111100011110001011001001110111001111001110100110100011001110000011010000110000001110000001100100011111001111100001110001111001100110100111101100011111100011100100001111100011100001100100110000110001111001101110000
01110001110100111001100011011100111001000001100011110000110011001111001001111011110011110001101100111100011001001101011100011011100000011000100011000110001100111110000110000100110110001111001100110110000000001101111001000001001100100110011001100100111001110011100011001110000110001101101101101101001100011001110011100111100100011011001100110011111000
01100111001100101100011001110001111011011011101001110011100000010011100000111110010110000011111001110011000111110000011100000000001100111000011001100100111101100100011001100111100110110011000111110011100100101110011110001111011010001111100000011000110011000100100000111000111100100001100110011100110010000110110010011100111111011000110110011110000011
10000000111000100010000111010100110110011000111001110000011000011001110111110000011100110011100011000011100110010011001111001100110011001101100110001001001001111001100110011011111100111100011000111110000111111000111100100011111000101001100011010000111011111011100000111000111001001000110000110000000011110011110010010011000010100001100100011100000011
00111011100011111110000110100100110001100000011111100010011010001110011001110001001101100111100001000000001101100111000000011001000111010000110011001001111011001100001110010110011001111101000110010011110011101000100011000011101100011000011000111001101110000001001111000010011110001011100001110000111100001000110000111110110001100001110001001110010111
11000011110000010011100110001000101100101110110011000000011100011001100101110111011100011111111100001100110000010001111000110010000000110110001100101101001101100110110000011100001100011101111100011110010111000011001111100010011000111000001111001000101101100111000000000011101111000111111000111000011001101111100011111000000011100001100100100110000001
10000011100000111110000111111011101100110111011001110010110010000111000010000011010001110001111110110100110111101101111000110111000110011001100100011111001111001001001100110001100011100011110010011111110001100010010011001110011000111110011100111111001100100110001000111000111000010111110011001101110111000001111011111100011110110001100100001110011001
10000011001000111110011111101001001001111100110101100011100001001100011001110001100110001111100111111000110010011011100111011100011111000011001100100110011001110001101100100111100011100000110110111110000111100001101100011011110011110110011100110001101000000011000111111001100111001111001100110001111110011100110100110001111111100110000000111000011100
00110011100011101000001111001111011001001100001100100000111000111011000011001100111001111011001101110011101110000100110111011001110011110011010011000011001111110011111001101100010010011111110011100000100011001001100110000111100110011000101111000001011000110010000111000001111001101111100011100110110011111100001001100000011100010111100001011100001110
00001101100100111100001111100111110011011011000110000110010001111101110010111000110000001100001111001000011001000110111001100000000001000001100000110010110110000001111111001111011001001100111100000111100100110011000010011110111110000000111100010000111001110011001100010011111000111101000011110110011110011111100100100010010010001110000001110100111100
00011001001111111111111110000110010001111010011001101101111001110011000111000011100010111110000001100010011100100011000011100000001110011011000011110100011110000111100001101101110110011110111100111000100101100101110010011011110010000111001111001101111000011100010011000000110001111100001100111100111100101100000111111000110000000110010110001110011111
10111110011100100100011100011100110000100001100110011111000000110000001110000001110001110000110011101000011000011011000000111000011110001101100000111100001111001111100000011111001001100111000000011101001111100110011000110110000111000001011100010011100011110001100110010011100001011011011111110001100111001110001100111100011101100110110011111001001000
00001100001100111000111100000011000011101100011110111001101110111100001100100011101100011111100100000101101100111110000001111111111000001100110001111000011100000011100000011110100111000111100011011000011110000000010000010011001110110001111011001100000011100100101110000010000110011111100011011111111000011100110011000001100110001100000011001101011000
01110110011111100000111100110001100111011100011100011110000000110000111100100101110011110110110011100000111100100011000011001100110110011100010000111111110110011100110001100110001100101101100011111100111100110011100010001110000011011000110110000011000111100011011111000100110100111000011111011001111001100110110011000001001100000110001111000110011010
01101111011011001100110010111100001110001100110011110011100001100000111100100110010001011100000111001110011000111100000100111001111110000101100111101100111111000001100010011100011101110011010001000011000111000000110000000000000001000000111110111011100111111111111101101110111000011111000110100001101101101111100111001100011110011101110000111100000011
01101110111110100001111100101100000001100100110110010000110011110000011101000111110111010010110110010110111001101111001111100011110011000001110001100100110010011100011000111000000100100111001011011001100001100111100000100111000111010000001110011111100001101000100111001111110001111000011100110011011001101110000110110001111111000011001110010011100110
11100110001100100000111100111110000110000000111100011100101100000000111010001011101001111000011100001100110110011100000110001110011000111100011001100110111110101100011001001000011101100111000001110001000101100111110100011100011100000011110010001101001111110001111100000111001111110010011011000110011011100100110001100111001000011100011100001001101101
11100111001100000110001011101000111100101111100011110000011001001001100011110000000111100000111001110111100111010001101000111111001101001001001000001111100100100100011100001000011101101100011111100001110111001100011011101000011100001111000111111110011000100011111000111100001100000110101000110111000111110011111000011011001111011000001100011100011100
10110111001110011011101100001100001100100010001111100100011011000000110000111100110111001001111110110011001110011101111100111100010001110011011100100111100100011000111110001101110000111100100110011001110000001110001101110011001100101111100011011000110000010000110000111100001010000011111000011100001111001001111100111001110010110001001100111100110001
11001110011000001111010011001110010001111101100100011100111110001110000111111100100111110001101000111100110111000000111001111100001001111001110110000110000011100110001011000111000110001100001001100011000001011011000000110010110011000011111101100000111110001110100011110001100011000011110000000110110011000011111000110110011111110001111100001100100011
10000001100011011011001011100101111001100100000001100110110110001000110001100101100110001100110100011110011111100011100101111100110111000010010010000110000001011000101110000111100000110000100100101110111000011100001111101110011001111100100011111011011000000100110010001110110000010111110001110000100111100110000000111000010011100110011000001110000011
10100011001100110111001111011000110110001101100000110011011100001111000110001100001100100111011000111001100110110000001110111110001001111000111110001001100011110001011100001100010110011000111110000011100011111001000011110011011100111000100011100001111011000011000100110000111011000010110000011000111101110011000001101100011011100111110000111101100001
11001001100000001110010011000110110010000000111111101000110000110110011001110001100110011010011000110000101110000001110000110010100111100111100001001111001110011001011110011100110001111101110111001000110011011000110011000001101000101001001101100011110110011111000001111011001001010000110011111000011111010001100011001110011110000110110100001110000001
00111001100100110110001111110001111001110111000011110111100100011001100000110011001111000011000011100101100101000100111000110011100011110001011000011111100011011000011100100011110011101110011010000011001100111110001101101001110000110000110001110001110011100111111001100011011100001001011000110100001111000110011100011110000110000101110000001110001001
10000100111000101101111011001110000111001111100000101100011011000111111000011100011000001111100110011111001100110000111001100110010011100001101110001100001111111001100110011000111000011100001100110011001100100000011000111000110000001100100111001011011100011110000001111100110001000000011110001100100100100111101000111010001111001101110110001111101001
10011011110000011110000111000001101100110000001110000010011000100110111011111000111100100011000101110000011111100001100101111110110111110001001100011001001001000110011000100111000000110100111000000011100011111100110111100011001001011001001111000111001001111100010011110011011100010011001001110001100111110011100011100111100011100001110000011010001111
10010111110001000000010110000011111000011110010011100001111100100110000011100010111010011100011001111111000111001100111000110000011000111001111100101111000111000000011110000011000111001100011001100011010000111011000001111001111001110110011110110011110000001100011011100010010011000110000001110000001001000010011011001100000110000110000110011001110111
00011100111001001100011111000011011001110100110011001111111100001101100000110000011011111100000111001100011001100001100001100101100111110010011000011001011011100000100000001101100011100011100000010001111111100100000101100001110011110000011111000110011000001111000011100010111100111001100100011001011100100110011000100110101110000111001100111000011011
10001100110010110111011001110011111100001111001100000001110010011001111110011110001001100011001001100100100111000011100000011100110011100011111100011011100001110000111110011100110011111000100111000011000001111110011001001101100011101100000110110011110011001111110001101000111011010011110010111000111100010011111001111000000001100110100100011000000110
11100001110000011100011000100111100001001001101110110010110110001100001111001000100110010111000111100001001100100001110010001100110111100100110100111000000100010011000100110110001011100010111111111110010000010011011101010001110001111001001110110000110000011101101011100000111111111001100111100000111000001110110000011010011110000001111000011101001111
01000011110010001100110111001110111101101110000110110000110100110011000011001100001100001111110001110001001101100111011001110011011111011001111100011011000011000000110000011110011001111001110000000110011100111100011100100011001100001111000110010001110000001100001111110011111100000011011001111100001001000111001111011110001110110111111100110110010001
11001111100100110011100110011001101000011111000111101001100110011100110111001011011100011000011000101100000011001011111001100110001111100111111100010110000011000101111100001101100111100011111100001111000111100000011111000011110000111011001100110000111001000100100011001100011100000111000011000100010111000011000110011000011001110011111000001111100011
00001101000100110011000111000101100011110000011011100110100001101100110011101100110010001110011000001101001101100011110011110011001100000011100001100111100111010011010001111110000111111000011110011010011001111100000111000110110011011000000110011111101110010011000011110001111001110011110001110000111110010111000011001111001101100000100111111000001110
00011111000111111100111000000011110001101100000110011011111100011000001100000001111000011111000001111000111101100011011000111100001100110011001110001100000111000001110011011111100111011000001110011000110001111100000110000111111110011110001111000111110010011110000011010010110010001100100110111110011100011111111001101100011111000011110001111110011011
10001110011110110001111100100111000011010001111110000000000011011000011111000011001000010011011000100111110011011100000111100011001100110110000011111000110111000011000011111000001101100001101100100110011001100000111100101100011111011000110010000111110001001001000001001100001001110100111110110011110011100110011011000001111100011100111111001011000110
11000010001001101000111110001111101111001101011011000011100000011110001111000100011001111000111110000011111000111010001000111000001100010011000001111001001100110111011111110010010011001100110010011000110011110000011010001111110011101100111010000111100001110000001100000011000101111011011001100111110110101111001001100001101000111100001000111100110001
00011100100011001000111000000110110100111000011001100001110011011000001110110000011011001011000010001100011101100111000011001100001111001111101100001100100110011000110011000010010011000111011000001011011001111000110010011111000101100100011111110110011111100011011011111101111000011100011110010001100000001111000100100101100111000011100001111000001100
01111000111011000010001110011110000111100000110010100110110001100110100100001100010011011100001101110110011101100110010011100110011110011001100000111000011100000011000001100010101110000001000101110001000111100000111101100011100110011110001011010011110011110110011100100101100001001001011100011101100110011111001000001100011001101110001001110000010011
00110111001001100001111110011111100000111111010001111011000001100110010011001011111001101111001110100110011000111101100111110011011000111110000011111100001110000010010011100000001011100001100111111110111011110011001100100100110000000010011000011111000100011111101110010000001000110000000011100001100011001110000111111000011010100110010110110001100110
10011000000011001000111100011111100011100111110111001111111110111110011110001100100100001100110110010011111000011111000001110000011110000111000001100110001101101101011010110010000110010011011100011111011011011100110000001100100111100000001110011111110001110011001100010001101110011100100111100011110011100011000011010000110010010011100000111000100011
10010011100001110001110011100011001100110000111000010011110000111100011111100011011100011101001100110011110010000001100011101100001110011000110001110010111001100111011001111100001111110001111000110111000110011100011100001100010011110000001110011010011100110000110011000001111001111100000100010000110110110011000110011001111110001111011110011100101100
00110001001001111001111001111000001100110010011011001011011011100010011111100011000000000010001100110001100100111000011101110001001100100000001000101000111001100010111100011100100110001110111100111001000100100000111000011100001101110001111001111100000001100110111110001110011000110011011000100011100100111110011000011110011111001111101001101001111110
11001101001001001100011001000110010011001000110011000001110000111001100011100111110011011110001110001100100110101101100001011000110010001111100111111111001101100011100110001000110110001001110011001110000011011001110001101011101101100001110000000110110001110110111100010011100100000110011111100111100100111110011100011000110010001111001111001001111011
00011110000011000011001111000111100010111000100111011001011000110000001101100001111000010010011111100000111101101000001110011000111100000011110011100110001100110100110000110111010000110010111000001110000111101100100110001110010000111001111110011111110011110110001110000111001101011100011000110010110000110100000111100001111001100001100110010000011001
01011000011011001111100001100000001100001000111110011011100000111100110111011111010011011110000111000011111000011111000111110001100110011101110000011001101110001111000000111110001100110001111100110011100110000111011000111111000001110011111111001001100001111100011100001111110001100110000111110001110001100011010011010110110000111111111000100000011000
01011000000111001100000111111110011111000000111000011000110011111100111001000111000011000000000110000110011001110010011100110001100111001111000011110000011000110011000101110001100001001110110000100111000110000011101001001100011001100100100011000111000100111000011100011111000111101110001111101110011000011111000110000001101111011100000011111000110010
00011110000100000111110011011000001100000000111100100110001110111001100110111110110000011100111100110001110011100110001111000110111110011100001011011010011000110000110011100001011110011111100111111001100111000011111001111100011011000110011000100110011001100011011100010110110110100110001111001101110000001111000110011111001011000010000011100000110000
11111001100110000110000110001100011000111000110000001001100100111000110011010001100001000100101111001001110000011000011111000100011101111111001001000000111100100111000101110110001111001000111010011100011101100111100111011011001100110110000001110010001110011000011111000011100000111000011100100001101100111011101100001101011001100001101111100110110100
00111110011101100110000100111011101101100111110010001110000011101001101001100010011001011011001110001100111000110110011110000110110000111100110010110100110111000111100010011100111110000011101000111100110011100111110001001100100111011000011110000101100101111100011000011111100000110010001111000111100000011110110011010001100100011001101110010001110000
00011100011111000011100001111001000111111011001011001110001100111000001111000001100001001100011110001100011000110011000011001000110000011011001111001001001100011100110011000100111100010001100100110010001110001100110000111100000011110000011100000100011001111000011000001111111001101100000110000100111000001110011100110011111001001110001001111000111100
00011100111110000011100001101111001111001101110000010000111110011001001100000111100001111100111001111111101101100000001110110000010010001110000111110001100010011100110000100100011111000110011000011001111001100000001000001101000110110000111110001111000001111000011001001110010011111000111110001101100001100010001110100111001100111111100111110000111000
11011000110011100011011100111001001110000110111100111110000111001100111000000111000010111000111101100001110010011111000110000110011100001110000011000011101001111000000011101100011110011111001100110011111100000101110010001001101111000011001100110011010110011011001100000011000101110000001111001111110000010001100111100011100010111110001111011000100000
01000011001110001100110001100111001111001100111111001111000010110000011110011010010000111000001001110001111000110010011000110000011000001111001111100010011110000111100111000001101100000001111000111111000110100011001001101111010000110011100100111101000101111110011001100110010010010000011111000110010011110010000110110011001100001110000111100000010000
00110011001010001110000001111000100011110001111000111100010111100110010100000100111001101011101111101100100111101001011110000001110001100100100011001101100001111100001110110011110001110001001011111001011000001111001101100000001111001100110010111000100110001111000100011100011111110010011100001111100111001000000011001111100100110100011001000011101101
11100001110000111010011111111000000111000011110110011100111110000100110011111000001111000110110000011101101101100010011111000000110011101001101111100011011000110110010011000110011001111100110010100000111000000110000111110000111101001111100000110011110000111001111000111111001011110001111100011111001011100001011100000111100100111000001111001110011000
00110001110110011011100001101001111000000111110110010110111100010010110000011100111011100000110001100011010110001100111110010011001001111000001100000001100001100110000111001101111100110111000110010011110000110000011000110000111110011100100101111111001111101101100000011000110011000011111001110110000110000010011101101101101111101100110110010011000111
01011111111110011011001111101100001100110011000111100110001110001001111110011011010001000110011100001111100001100011110000100110110011100110011110011001100011110001111110100111111000011011100011100100100001100111001001100000001101100111000100110011100110000110001111001100011100100011111100001001001011000000011100011100011101111001111100010111000110
11100010011000111100000001001001000111000101111000111001100110001110111010011110110011100001101100100110000111100011110001111110000011110000001110000011100001111100000110000011111000011010110111110011111011011101000000100000011000001111000011010000111110000011100000011100010110000011001101111000010001111100110011101100110001100011110001110000011100
11110011011110000111100001100000100111011000001110011100011110000011100000011001011110001110010001110100001101100000110000001111100011100001111001111001100111110001101110010011111000111001111110010011111000111011001100110001111001110111110011110110011111000011100011011011011110001100000111001111000011111000111111000110000110001001110000010000111100
11110011000000011100100011111100111001101110000011101100110111001111100100011000110111000101100110011001000011110010011100101111001101100000011100011100001111110001001100011011111110010010000110000011110011110110001110011000011110001011001101110000001000000111100111000110110110111111110001111011000110010011001100001100001000110000110110000111100001
10011101111000111111000011111001001100000011100110110000001111000100100010011111111100110011101101011111000111000110011001101111000011000001001110001111000011111100000111000011011001100111000011110110111100100111000011110000110010110011000111011000001100000000010000011001001100001100111000001110000111001110111000011110011111001100100110011011001111
11001111110001100111100111010011001110001110000111110000011111001001110001010000001100110000000111001111001111100011011110010110110010110001111000011110001001111100011110001111110110011111000110100110011001100100111100110010110010001111100111000010101100000011101001110001100111100100001000011110011001000001111010011011100011101101100110110011110010
11110001101110001100000110010000111110001111110011101101100110000011001100011011011011001001100110110011001100110010110011101111011001111100111000000011100011111100000110001101100001100110010000110001111100001100000001110001111110011111100111100101001100011001001000110100011100110011001011011000110011000010011110000110000111110010011011001011001100
11001001110000100011111000011001111111111111100001111001110001110011110001101001111111000111100010110000001000110110111000001111110011110000000011000110000000111111110000010011011000011000010011000000001110001110110011111100111100111110001111100000001100000011000000011100100110100011111011001110001111110011100110011100110011110011111001000001100100
11001000111111011001100011101100111110001001110011100100010000000001001000110011000111100001111000111001100001100110011000001110000111001100011110010001100001111000000110001101100001111110000011110001100100001100011001111001110010011001110100010110111100111110011001110100001100111000111100011100100010011001101110001101100001111001111010001111100001
11000001110000011001100011011000011100111101110110001100100011110110010011011110001100001100110011011100010010010011000110011111000111001111111001100110011011111100111100000111101001111001001100100000011000011100001111000000011000001111000011100100001110001110010000110011001101100110111100111010011011000010111001101111000010111000011110000100110000
11110011100000011101100011110000110011100011100011101000000110001101110011011011011001100110011100111100001000011001111110001100111001110001100110000001100010111001000111000111111001001110001110110010111000001110001001100100011110010000101100110111111011001001001000001111000110011001001111001100100101100110100110011110000111111000011111000111000011
10000000010000011100000011110001111001111111100110110000011000001101110000111101000011100110110011000110001110000111011101111100000011101011100111001111000100111000001110000011100001001100100110110011011001111000000110010010001100100110011001110001100111100001100000100110011100010011111011110110000110000101111101100111001100110010001100010100100111
11000111110000011001100100011000001100110011011001100000110110000111110011100110011011001100001110001110001111000001111110110001100010110000011010011111100110110000111111100110011000111111100010100001111000101000011111000011111000110111100011011000011110011001110011110000100110001111111000011101000111000011001100101111000101110011100110001110001111
01101001100110001101000111000001101101100111001100111100011101001101100110111000011100100111011001110100000111000001111000000100000111100111001100001111000111011100101100000111100001110110011111000011011000111100001110110000111010001110000111101001100110001110010011001100001111101111111011001100010111000111110000011011100101110011111110110011101100
11111100111001110011001100110000110011011100011011100111111110010011100100111001111000111100011100110100010110100110000010111010011001111000111110010010001100100001011110000001110000110110011111000111011001001100011111101000011000000110001101110001111001001100100111111100100010011011011110010011000101110000111100110110011111010011111000001110001101
11000011111100110111000011100000101100000111000011110100111001001001111001110100100011101001100011111001001000111011111100110010010011000011100000011111011100110001000010001100010000000011001011111101111100111100001100011000111000001110000011100111111101111001110110001100111001100001100100011100110011100111111011001111111011101100011000000001100110
11001100111000001110001111110001001100011110001001110011011001110001100100111100011100100110010011011011100111110011011100011000001111100011100100000111101001110001111001000111000011001000011100000011011001100110010011101110011100011100000011100001101100111110000110011001001100001111100011011100001101100011110010011100011000111111100111001100000011
10001110010011111000111100011001100010010110000111100000111010011111000011010011110000100111000111110000110010001111001111001100001111100011100011111111001110011111111000111000011011111100000110001100001100111001000100001000111001111100001101100110011000011110011111100110111110010110000111110000111011001100001100100011111110100011000001110010011011
10000101100011111100001100011111110010111100011111100000111000011000110011110000111000111011000110001001001000000000111001111110001100101110011110111110000011011000110000110110001111110001110011101111011000100111001100100011100111100000011111110001110011011001000110001100100111001100111000111011110110001101100110101000111110001111100000111100000111
00110110011010011001011111000111110011110000011110110001111000111100000110001111010000101111110011000001100000000110100001111100000110011111100110110101110111011001100001101000000111000000110010011111000001100011111110000111100010111011001100100111010011011000011111110001110111001101000011011001111000110110000000110001001110011000111011001001110001
11000111100100111001101100101110001010000010000110010000110001111110000111011101111100000100111011110000111110001111100000111000100111100011111000111011101001100001101001100001000000010001110001110011001011110001110100000110011000110000001101100111011001001110011011110010000111011100011110110011111111101111000011001100001100010011110011000110000100
00110001000101110100000111101001110011001100011000100111001001011011000111100010011010001110100011111100001100110110000110011000001101100010001011111110011110000000111001100000110011100111100001111101101101101100001001000011000110011100111000011110011110000110000010011000011100000011001001111011011100011110110011111001111110011001110000110010000011
11000110010000100011110011001011110001111111110110000110110000011110000110010000011100110011000111100100000110000011100111111100100000000011110001001100111111011011110011110000100110001000111010010011011100111000111110011011100011100000010111000111001100000001110010110010011101110001100111000011000011001100000011100110001111100100011100111011010000
11000111000110011100111110000111100001100011010011100100110011001001110001100001001111000111001100110011100111000111011001110011100110000101110001111100000011001100110000001111111101100001001001100111110011000011100101100011001100011100001000110011001000000111000111100000111100011100011100011101101111001101110011011001101111000011011011001110001100
01001100110110001110001101101100100000011000001100110111000100011001110111110000000110001111100100011100011111000010011000111001100111100111101100101110111111100001111100011110000011001000011001011001110000011100111110001101001100110011111100110001111000101110000001100011100110110011001100100000111000110011001000110110001100100110011000111110000011
10011100001110001000111001100010111001100000011000011001100000000111000110011100011011001011000111000101001111001110110010011110011100110100011000111100011000110011101100111001001101111000010010001101000001101100001101110110011100011100011001100100100010111100001111001000111110011100110011110111100001100110011001001100001110000110111000011001101111
10010001100111001111000111001000111110100110000110011011100010000100111111011001101100011001110011001000001101000001110000111100010111000110011111011100011000110000110110011111000001100000111000010011000110011100110111000001110000101100111100110001111111000011000011001000110110010010000011011100011111000111000110011100011111001101100001111110010111
10011100100001001101110011011111011000110011011001100001100001101100010110011110010010111101001001111001011110110111000011000010001101000111100010010011001110011010001110001101110100010000010011001011100010011111000011001001100010100111000111100011011000111000000111000001110001100110000011110000011000001101111000011100011110001111000111110010011111
00000111100100000010001111000111110000100110001100100011100000001100001000010110010110010110110001100011100110010111011001110001001111001001100110110010011001110100001001111011110011011010111000111011001100111001100111000000110010011100111000100011101110011101001110000100101100111100000011100001101110011110010000011100110110010011110010011100100111
11010010010001111100011111000011000001100110011110011110011000001111100011110110111110000110001100001100111001000111100010110110110010000100011001111101001111100011011100110010000011001101001000011011100111110001101100100001111100000010000100110001111110001001111011100000011110001111100001101101111110001001110011000000111110110111000100011011000111
11000111101110110000110000000111100011111100011011000000111000111101110000000000110010110011011001101000111001110011100010011000000110011001101110011100110011110000110011100010100011011001011000011001110111100000111000001111000001110010111000011000111001100000010011000110111100001001000101110100111110000011000110110110011111100100011100011001101110
11000110000111100100011101000001110001110011000111110011100110011011001001100111011001000110000001111001001110001011100111111000001101110011000100011011000011110000011100110110001001110000111100001110110001111011001001100011010011011000000100000011111001001111000001100110000110000110011100110000011111100010110110011100110001100110000110111000000011
01110111011001111011100110000001011001110011001100010000110000011011000001111000011001001100010011110000001111000011000001011000100111100101100110011100000110110010110000111001100011100111100110011100110100110000011111100111000011000110000110001110111000101111100111110010111001001111100111000110011111001100000011010111001110000010011000001100000111
10010011000001111110100110001111100001110011001110100100110010001111000100110000011100010011001100111001001001001001110001111100001110011001110000111111001101110011011101100111100001111100100000000011001110111100000100111000011000111110011111110111101100011100001111000110000111100111000011111001110110110011011111111011000001000111110000011000110011
10100100100011111000011110001111100110011100110111001101100011010001011110000001100100001111000011001101111001100111110001111000001111100110000001000001101101101100011000011100110011100000110000011110011011110111101110110111100011000001100111100110001110011011110011110111011000111110001110011001111100011001000010011011100110010001000110111011000010
01111001100110000110111100011100100001110001111100001101100110001001011100101110110001111110001111100111110101100110001111000111101100110011010000110000011000010011010010011100001110100110110000011100010011110001110110111100000001100001111000011100110101100100111100011110010010001110011101100011111000111111000011000001110110001110001100011000111111
00011111001110011001100000001111000111110001111110000011000111110100111000011011000111011100101100001000111100111111001000011011111100001111000001110000011111001011001100011100110111100111110001010110010011100000111110011111001001110000000000111111000110100000011001001111011000010011000001100111110010010011111011110000011110011101000101110001101110
00100110001110110011110110111110000001110000111000001110000111110000011111101111110100110111110011000010001100110111000011010011111110011001100011001100001000110011000001100000101101110011111001111100000111011000110000001100111001101100011110000111000011111111100111010011011001101110000110011110011100011000011001100110011000011101100110011100001010
10111111110010011100011100001110011111001000011000110011110000011001001100000100110011011110010001101100111100111000100111100011111110000100000111111100001100000111100001011001100111100110011101100011000011100111011100011100000011101011100000000111111110001110001110001111001110110010001011100001111100110111000011100100010001100111100001000001001110
00001100001111011000011100100101100011100000011110000110011000001001000111100001100001011001001100100110100111100110011101111001100110000100110011100100011111100100000001111100001001100001100001111100001110100100011100100011000001110011011100011110010001110001011110001110011110011100100111110010011101000111101110011001111000001100110011001100011011
10011110011001110010111000001100000011000101001010011011000111001110011100001111110001110010011110000111100100100110000010010010011100011100100111110001111100001111001001111001100011001110111000011100110011110001111001100101100111000110110110110000001111100000001110001111001111110010001111000101100000011110001111100111111100101101100000011001011011
00110001100010000001100000000111100011011000110011000011111001110011001100110010111001110010111111110001101100011100100110000011110011010011000011001101101001110001011001110000011111100110000001111011000011010100110110001111000001110100111110010010110001100001100000011011011000111110001011100001111001101110000011000001111111100001100100111100011110
01111001001100110001110000011110001110011001001100110110010000111001101111100011110000110011100110000111011000001110001011011110000110110110010011100110010011000011000111100110111110001000110011001100000110011000110100100111100011110011110001100111100110000001001110000011110011011110110111000011111100110111011111001101100100000100110011100001110011
01100111001100111110111000111010000111100110011100011110000111100100001111110011111110011110011010011001111100011110000111100110011111100100010011011001110011001001100011101000011011010011011110000110000110101101110110001110001101110000111110000110000111110001100100010111000111001100001001011001000010011001100110001110011000111000011001110010011001
01111110011111001101110011100000000001110001100000000110000000111000011000000111110111000000100111101001110000111101100011100011110110011110100100110000011010010011100110110011000110110011101100011110011100110001100100001100011011000001100110000111111001111001101100011110001001110010011111001100001100110110110111000111110110001110000011110011001100
01100110010110110001100000001110001111100011001111001110000011001100111111001111000010011100110100100110011001001100110110001000111000000000100111100100011100010000011000110111111100000010010001110010001100110101100100101100001100110011111000100111100111111000011000010010000000000000010110000011100111111110001101110011111111000111001100011110011101
00011110011110011001110000001101110001110000000001110011100001100001101000100111111001001110111111100001111001110010001001100001100010011110011111000111110011010011010001110000001111000111110011110011011011001100111011001110011011110011101100110000001001101111000011101000110110001111110110011011001000011110011100000101111001000110011011100100110110
00110010001000001100110110110011100111000000011100101110000001111111101111001111000111111110011111000001111000011001100011001001111000111100100111001101111110001110100011100011100110001111100001110010001011000000110000110011110111000010001100101111000001111000111100001110000011100110001110000001111000111000111100110000111110011110000011110011110000
00011001110011001000111110011011000011000111011011001001000011100100011111011000111000111100001111110011100010111011000011100110011100001101100001101110001111100111101111110011001100000011000011101011100011001000111100000111000000111001111000000111101011110001011100100001111001111001100100110000110110110001010011110000100110000110000001111101110001
01100111110011111001100110011001100000101101101110001110011111100100111011000011001110011010010011001111111100011110011011000010011001000010000100110011001111001110000001111100011101100111001000111100110111000000111100000111100011111001111110011100000000011110010001101100111100011000011111100011100100101101011001010001100110011001101100111000001100
01100110110000110011110000101001111100111011111010011100010011101110011100010000000100011100010010000111111001001111000111000100110100110011001001110000001000011011110000110011011110000011110011011000110011111000001100001001100110011000110110010111110001111100111001100110110000011110111110000001011001111110000011000110110001000111100011101000110110
00000011111111100011100100110001100000100001111000001110111000100011001111000001100001111001110111001001111100011011100110110011110111100111011111001001111110000011100010110001100011011000110011111100010011011100011001110110001100101100111110001111100100011000011011001011111000000010001111000111111000111110011011000100011000000111111001110011111110
00011110001110110001110010011101100000100110011110011110110011000011110000110111001100011100100110000010110010110011000011000000111010000110001001100100011001001111000100111110001111000110011000010000000110011011001111000111000011100100000111000111000011110001011001101111001011011110000110011001111001001100100001100001110001101011100010111100011111
11111001011110010000101100100110001001100000011111000110001011011100011100111100110001011100111100111101100100101101001101110011001110011000110011111000110011000011110011100011011110011100111100001110000111110011011110011000001110011000011101111101100000111011000011001110110001111100100110010001101000011100110111011111101100110010010010011001111000
