11100000011100001100011111000001111110000111100001111001110111000110010011111000100000100011100000111110000110011101111000011000011111111100001100100011001000000110001100000011000111011100000111000011111000000110010011100010000001100011110000001111110110000010000101111000000011000111001100011111000100110111110000011001000000111110001110001100010011
11000011100100111100100101110000101111000111000111001110000100001110001000011100100110000001101110011110111000010011111000110011000111110100011100000111000011101110001101100001110000111100001011100111110010001111111011100010111110011100100011000011111010000111000111111100001100100011100001011111001111000010011110011001100011000111001100001100011001
11000110000011111001011111000001111000111100000111000011011100011101101001101000111100000111011110001101001111010001111001100111000111000001110001001110000100100100011100001101101101100100110111100100010001111010001100011001100110001110000111000010011111001110000111011001111111001101100000111100001111000111111100010110001110110001111000000100100111
11001000100110011111001001011111100000111111000011100000100110000011000110011100011110000111100001111100110011110000110000100010001101100111111011001110000111011001110011000111100011111000000110010011100000111000011111000001111000011111001111000011011000111110011100111000011100111100110011110000111001110101110000110111001111001101110000001110001110
10000011001000111100011110000111100000111110000111000011111100001110000111100001100110000110010000100011111100001111001000111000001110001101111001111100010011110010011010001100100001110011000111000110110000110000011110011100111001111001111100111001111000111100010011100001111100011100011001111000011000000011110000111000011110000111111011001001000110
11001100000000111000000111000000001100111000001101001100011100011101100111100000001111000100110001110011001110000011011010011111000111001111111000011101101111000011111100011111000110010010001110001111000010011001110001100111110110001100110011100100111001100110100011110001110111000111000001111001100110001111110000000111111111000110011100011110000111
01111011100011111000110111101001111001001000001111010001100001101110011110111001110011001110100001110000111100000111111000111100011100000010110110011000001111101100111100011110010001110000111000000111000011001100011101000111100100111111000111011001110110011111001001100010011100110100110010011001010110000110011001111100111110000111111000011101111110
01100001110011110111000100110011110000111001100111000111001001100000110011110010011100001110001100111000011110001000111001000110001100100011001110001101101101001100110000111011000111001101101100001111001100011100011110010000011001111100011111100001111110011110000011100001100111001111001111110011111111000111110001110001001111000111100000011110011101
11100110000101101000101100000001000000110110011111110111100000110010000111010011111000001111000111111000110110001111110011100000100100110111100110110000001110010001110000011000000000011000110011000111000111100011110011000011111001110000001100001111111000111000011001101010001100100110000011001101101100001111110011111001111110011011110000111100011100
10011000100011110101111110000110000111101110011100001100110110111100111100110110110010011110001110011000011000011110000111110000011100001111000011001100001111011110010001100110000110000011000000111011110011000001111000000111000001101000111100111111110011110000010100010011000000011010011011100010011001011100011001100000111000110110110011111001101110
01111100010001100011111000011110001111000110110110001110000011110001111100001111000110011100011001100001111110011100000110010010011000011000011011100000111100110111000111100100110010001100000011110110011100110001101100110110001110110001111110011110000101110001001100000101111001111100011000000111011001111110011111100011111100001100001000110001111100
10000110011111000111000000111100000111000011100011001100001111100000111100111111110001111100011100111101000001110000100110000000100010011011001110001000111001110110110001100011011000001110011000001100111111000001110011111001001111000011011001111100000111100001111000001100000011000111111110001111101110100010011100110011100111001110011000011001111000
11000000011100111100011111100001100110011100011001110000011101100111100011011100011100000011100010111100000111101001001001100111100011110010111110000110110000111000111001100001111101111110001110000100111000111100001111000011111000010011110001110000110001100111001101111001101111000111000000011100000011110110001100101110000110110000111100110110001011
11110010000111100101100001111001001111100001110000101110000111000000000010001111100001100011000110001111100001111100011100001111111000111000001111100001110001000110001100000100011100000011110001110000111111100111110001110010000111000100110000101110011100111100001110011111000001101101111000010001110011110000011100000001110000111100000110000011001001
01110001101101000111000100011100011000001000101110011110000011100011101101100110010110011100011100001110110001110011010111000111110011110000011110111100110000111001100111100000111110001111000001111001001000010000110011100100000110111001110000011100001011001000111000011100010001110000110001100111100110110111101110100011101101111100001100100011010000
11100110001100111111100011001000011001000111110001111100001111000111100011001110001110110001111110001110010001100110011000110011111001001000111110001111110000111001100110010000110000111110000001110001111110001110000001101100100111100011000001100100011011100011111100011000011110011100110000011011001011111000011111100011100110111000001100011011100010
01111000011110000111111000011100011011001111110110110000011110110011110001100110000111000010001111111111000001101100011000011011000000011100011000111011111000111000000111000011111001100111100111101100110001101100100001001110001110000110010000111100111000111001100011111000100111100001110000110011100001110000111100001110010011110100111111000111100001
11000000111000000110000001100001110111100111100110110000100111100110110100000001111101100011110100110111100111110010001110011101100011011001011100001101111000001100011101001111001000011110001111111100011000111110000111011000001001100111000111011100001100000011000000011001000111001111111100111110000011100001100100000011100111011001101100100100110011
11110011010010001100111001011000111100011101001100110001100111001111100100100111000011100011110000011110010001100011011100010110010011000001100110001111100000011100011100000111100001100110011111100001100111011111000111000110110000011000001100110000011001110010000010011000100110010111110011001111001110010000111001101100001111110101110110010111110001
00010000111100011100000111000001010010001111100011000110000001001110000111110000011100001001110011100110000111000101110000010111001110010011011000101111000111000011001100000111111001100001101100111001110000111100000001100011110000111100100011000011100111000111111011100011001000000110011001110000000111000100100001100100011111000011111000110011110001
11001100110001111100001111010000111000111101100001100111111100000111100000110001111011001101110001111100001110000001100000011100000111001100011000000011000111100000111000110111110001111000101110011110011100011000011111111101100000001110001110001100111000001101000011100001001110001101000001111001001110001101111000111110000110011001011110011110011011
11101111000111110000111000110111111000111000111100001100111100110110000110011101101100011110010011100011101100000001111110001101100111000111000000110010000111000011000110011111111110111011011110000111110000011000011101001110000001111110011001001101111001111000011111100011100011001100010001110001110000010011110001100000011111000111110010011001000111
00011001100010011000011101100011100001111000011111001000101100110010000011000110111110000111010011111000000110000111000101111100111100111111000000011000001111100011100011011110001111000110111100011110010011011000111101000111100001110000001110000111000011111000000111000011100100110110001101100110011010011001110011111000011010011111100001110011001110
00011100000011111100011000001111000011110100011001000111000000001001011101110111001100011110001110111000111000110110001000110000001100110010001000110001100011011100011001111100001111100011001000001100001111110000011101000111001110110110011000100011000110011100111110000000110000110111011011001100011101101100000111110000001100010011000000111110011100
01101100100001100110111001001110100011100001100011100101100110001100011010000111100001100001110011100011101000001111001101000000111101100111001000110001111110000011100100110100000111100011110001011101100011100100111110011111000011011001110010000111000011111000111100000111110000111000011001110011110011000111000111000111001110011111010011110001100111
11111001101111100000100001111110001100000100111011001110000010011000111111100111000011111000110010011001110100001000111111001000110001110110001111111000111110011111001010011001100011000111000011011000101110000000110010011011000111000000011100101100011001111100111100001100011000011100111111100110110001111001000111100001110000011111100111100001111100
01111000001110011101110011011000011111110011001110011100011000011001111100001111100001110000001100000111000000011110001100100110010011011000000111000011100110011101100011000000001100000110011100111100110001110001100011010000011001100110001000001100010011001110011100011011100111100110001110001110010001110000011110011001111000111010011001110001110000
01111100011110000111110000100010001111110000111000111110001111100011101100100011100111000011000100000111001110011100011111001101101001111110000001110000100001101111000001110000111100011110000011100110011000001111001101101101110010000011110000111110001111001001110100011110001101011000011000110010001110111001111110000011100011011110011111001000110100
10110000010110011011110000110001100111000001111101110010011101011000111000011101001110100000111001001111000000010001011011000011100110011001001101100101111100011100000111100110010011000111001001110001110011001110000011111000110010011111011100111100010111000000011001101100001110000011110000110110011100111000111110000111000111111000110001100001111000
00110011010111100000111000110011000111111000101110000101100011101100111100110011110010011000100111100111111001100001100110001001110010011111000110011100011100011111000001111000111011001001111100001100000111110011001011011111001000000000111001000111000001100100111100000001111001100100011111111000110000111011000110000001111100110011100111100011011110
11011100000110111100110001110111001100110100111001100111000001000001001100011111000111111000111110001111111001110110001111100001101100011011001001110000110001111100110011001000111110010011100100111000010011000001110011011111001111100011111001101100100011111000111100110110001001101100011000000111000001100010001110111000110000011101001111000001111000
00111111001111100011101100000111000111011000110010001111000001111100111100000110000111100110011111001101100110011000001101100011011100011111011001100000111110011110000001100000111100000100110001110011000110100011111110011000000111000110111001001110001100111100010010001111100111111100111011000000001110011000011110110001111001111110001101100000111101
01110000011110010011100111111100000110100111111000000110010001111000110011000111000011001111001110001111000001111000111011100011100100111100001111100000011100111110000001111000001100000111100001111110011011000011101001100100110110001001001100111001100111001100110000011011100011110000111000011001000000111000011110001110000110011000001111000001110010
00111000111110001110000011111000001111000110110001111111000111010001011001011100110001100000111111000111000100101100110001100111100110011100011111100100111001001110010000011000111001100111100001110110001111000110011111110010011110001011001001110011001100001000011000001100010011000110001111000011110011100010001111001101111000111110000011100000111000
00011000001110000011100011111011100111000011111010001000001111000110100110011110011001111001111100001100000001101100100110001100110001110110000010001111111001111111000111110000011000011111110010100011110011110111000000110000000111000001110001110011001001011000101100111100110010011000111100011100000000010110011101011010100000111100011111001111011000
01100110001100001111110001111001111000111111111001001000101111000001100100011001001111101100111110000110000011100110110010000011110001100000011110000111001100011100011101110000111100011100100111110000110010000011001001110000001110010011111100111100010000110001100110000101100111000011110110000111000110110001111100011111100111100001111111110011100000
01111011000011001101100001111110000111000011100000111111000011000000011001001111000011011001100110011011111011110000011100111000010011001011000011000000111000100110001111100000011100001110001001001100011110001100110000011100000111110011101100111100011000111001101101110011000011101100111111000111100001110000110111001001100100111000110111100100110000
01111000111000001111110011001111001100000011001000111100011110001000111100111000000011100001111100001101000110011000011100000000110000011100100111100000111001101100100111010000011000111111100011001100011100001111100001111000111011000110011000111100011001000101110000111100100011110000110011000001000011101001101100110011000100100011000111000001110000
11110000011100000011000001111000011111001111110000111000110111000111100011111100110011110001110100010011000011111001001111100011000010111100111100001100110010011110001110011001110001000111100111110001110000011111100011001000100110110011100000110011100110111001101000111100000111000111000000001110000111100000011111000011000011011100000111001111100011
10110000111110001111000001111111100011011111001100100110001001100110110000010000001011100011110011001100011111110011110011011000010011110000011100000011110000111000011110000011101110011001110011000111001100001000111110110100111000000111111100011100001110001100110001100100110110000000110100011110110100111000011100100011100110110000111011001110001001
10010000111110110011000110000011011011001100000111011000110110000010110011111001011001110001111100011100001100111100011110011110001110110110011100011111000000110001100110000111100001111100000110001101111100111100011011110001100001110110111001001100010111000111100001111100001110011001110100111111001111001100111000011111000011100000111110000110100111
10100111000100100111100111100101110011010011001100110000011111001100100010110001011110100011011100111110010011000111001100111110000100010000001100001111100000110000011111000011000000110000101110000011001110001110000110000011011000110111000111111000111100111111000011110001101000001111100001110001101100110011101100000101100110011000011110011100010001
11001001100011011000000110010111110000111101100011100010011100000111000011111000011110001111100011100100011110010001111000110011000011001000111000111100000011111000001100011011000001100010011100001101100000011000111110001110111110011110001111100001111001001101000111100000011001100111100101111100001111110001110011111100000001100110110000011110011111
11000110010011101101001110010000011000110111000011100110011000100111001000111000100111100111011001001100011111110011101100001111100111000100011100001100011101111100111100001001100110011100011111100011000001111100011100100011100110011111000111110001111110011100100100111100111110000111000111110011001101100011110000011000101110110011001100110110000111
11000011111001001100001111010110111000011100100011001111110010110000111111001000111100000111001101000000111001100011100011101100001011100100111000011101000111110001110000011001110011110000110000111111110011110000001101001101100111001110000011100100111100110110000011000001110010000110001001111000011111010011110001001101000111110001111000111100000111
11110011011011001111000110001111101001001110110011100001111111001101100000110110011100000111110000011100011001110001110000000001100111111000001110011110000011110010011110000011110001110011101100110011100001100111001101100001110000100111001111011001011000011111110011110000011110011011100110011110001110000110011100111110011011110000111001101100110011
00010011110100110111000111001100111110001111000001100000101100001111110000111111000111100001100110001110001101100001111001001110000111110000011001100111000011101110001110000011110000110011001110000001110000011100111111110000011100111011100001110001111100001111010011111100110111001111101100111000100110010011100110011100110011110000011100000110110011
11110000110000111100000111001101000111001101100110011001111100010011100001111000011111000011000001110110001111010010111000011111000010000000110000001101100001100110100110001111100110111110110011000111000000110110010010000000011000000110000011110001011110000011100011110011110110001000111001001111000110000011111000111110000111010011101100011001100011
11111110110000010000011100000001110000110110000111000011111110000111001001100100011000001111000111110001111100000111110000111100110010110000111110000011100011100110111000011001110001110000111001100111000011111100111011000111001100011000110011100011110000111100110011010001101110001101100000001100111111001111100001111000101110001110111000111111001111
10000110011100111100001100011000110000001110110011100010001110000111000001111111001101100111000011001101011000000110010110011100011001101110110110001110011001100100111100111011000011111001111110000111101111011000110111110110111000001110000001000001101000100111001000110001111001000111110011110000011111000110100101110100110000011001111000111001000100
10000111001000110000001111000111110001111100001111000011100011111100001011100111110110011000100011110000011000110011001111110000011110000110010000110000001110010000011100001100001101111000111001001111001101111010011110011100110000000000100011001110000110011110011111100011110011111110010110100100011011001100010001100000110011000111000001110001111110
00011100110000100000011001001110000011111001101100100111110010100100011100110011100011100001111110001001100010011110000111001001110110011110000110011000011101001110010011001100011011000011011000111000000110010001111100011110000011100011111100001110000011100011001111001001110000011100110110000000110000011000011101100111001110001100000011001100110011
11111100011110010001100000011100001100101101111111001111010010000111100001100011000100011100110110100111100000011000001111100000011100011110111100110010111110011001110000001100000010000000111010111100011111000111111001111100111101111000111100110110000110011000011000011101100000100100011111000011111001111000011110110011011100111000001110011001110011
11110110001110011101110000011110001111000111011000011110000011100001111000000110010010110000001111100001110000011001100110110001111000011100010111111001111100010110010001111000100110011110001111011000001111000111101100111100011110100011111000001011000011100001110011011110010110111001111100000110010001101110000110000011000110111110011100000110011000
10110000111011100111111001111110011111110001111000011110000110001111001110001100101101110001100000111101100110111000110011000011111000011000001011100011011000001111000111000010110000000111000110110000110110000101100010111100011110000011101101101110000111101001110110000111100001101100111111000111000100111100011101000110000111111000000001100001100001
11110011010001100001100011111101000011000110011100011100011101100001000000000111100011000011011000011111101111110111111000100011001100001110000110000011011101111110001011111000111100000111100001111000011110001111000000011110000111001101110000001110001110000001011100111110000110011000111100110011001111001100111100011101111000010001011011000011101001
00110011011100011011110000111111000001001001011100001111000011100000111100111100111001111000011001000001100000110011100110001001111001111000011011110011111100110011000001110001111000110011000011010001111010001110111000011000001110011100011100110100100111110001001100011110001101111000111110000111000111111001101101000111000011101001001101110110011111
10110000111000001101111000111000011100100000111000011100000111110001111111000110001001100001111010001110000110111010011100110011110010011000000111000001110000111000000111000011111100011000110011110001111110000110110001111000111100110110110000111001000111100000111000001110000111110000011110011101110001110001111100000111000100011000101100100011000000
10010001100111100111000010011011001101000110011001111111110001110011100000111111000011100111110000011100011100011101110010000111000110011000110110000110001110011001000011000000110000111100000111001100111000111100110111111001001101101001110011010001101110001110110001111000011011000011100000110001100011111001111000011101100110010011000110011011011110
11110011111000110011100111010000000111010011000001100000111011101011101100111001000111100001110000101100110011110001100001100110011001110001110110011110010011100100011100110001110000001110000111000011100110011100001111000011111000011111001101111000011000111011110000011000100110011111111000011110011001100001110000010110000000111000111100111110000001
10000011100000111001011100100001110000011110000011110011100000111111000010011000000101100011100011000011111110001100011001101001001111000011111000001100001111100100000111001111000100011000001110000011111000101110011011100001111110001110001000011001111111001110000011110000111100011111000100110000011001000001111100111100011111110001110010011110001100
00111000111000100111001001111000001111000111100011001111001110000011100111110010001110001100001110011111000111001101111100111001110001110000100110000001111001111110001111000011001000001100000111100111100110011100100001110000111100001011000011101100011100001101100011111000000111000101110000001111000011100100111001100111110011101110011100001111110101
11101001110001100111100001111111001111010000110011110011001100011111001000000001001100000001111011100011000111110011001100111111100100111100001100001111111100101001100111000011111001111001110010100000011001111111100111111000011100011100001001111000110001100111000010011000011101100011101100001011001111100110010000001100011101100001111110001111100011
00011000111000100110000011100001111100001110001100011001000111000001110000111101100111000000110011100111000001110001111100011100011001110000111111100001111001110110011100110011001000111100110010011000111100000011110011100111001100011011100001111000110011000011110001111001001110000001110001110011001011011100111000110110010011100110011001101100000001
11000001100110001100001110011001111000110011100111110000111110110011100011111100111111111111111111111100000000000000001000000000001000011000000000000110001001100000001101100011110110011010000011100011100000100111111000001100111111110000000000110000111001100111100011110001101110001110110000001110110000011011001000110011001111100001111000011110000001
11100000111000000111111011100110001101000100011111110001100011000111001001100110011100000011101001111100100111110011101111110011000011100100011001111111100001111000000000111100001110010001110111000011011000111111001100001100011111000110010111000111110011010110011001110000011110011010111010011011111111111000111001111110011100011001110001100111110011
00000011100010110011001111001110011100100110011000111010011100011100110100111000001101110001110000111000111100100110000100011111000001110001101110001111001100100011011100000111100011111001001100001110110000111111001111000111110001001001101001110011001110001111000011110011001111000101101100111100001100110111001101001100010111100111001100111110001111
11000111110000011100001001110011011001001000000111000011110111001111001110110001001110110000101001011100001110000110110110001111001111001100101110001100110001110011001100000101110000110000011100000010011100011100000111011110011000001100100011110000011101101110000001111000001110001110110001111000011110000110011000111011001111100001100110001100001111
10011010011011001001111110000011111001101110010001111001110110011001100011111000011111001100100100011000111110000011111000001110000111111110001100001001110000011011110010000110000011100100111001101110001100110000011111100011111100011001001111001110011100011101100011111100111010000011111000110000101110011110010001110011011000001100110000001111100001
11100111000001111000000100000111001001100011111100110001111100111100001111100111111000111110000111110001001100111100000110000110011111100011110001111000000111011001111000111100110001110110011010000111100011110010001101100111000100111011000111100011001101111001101110011001101101100000110001110010010011000011110001111001111100111111110001100111001111
11001110011111000000010000110000111000110001101111000111100100010011000111110000111100110000110001100111110111000110011001100110011111000110111001110011000011001111111000110011000001101100111110001011111000110000110110000011100000011111010011000011100110011100001111000000011101111100100111001100011001001110000111100110011110100011110111101100011110
00011001101110101110100110000000110111100001111100111000111111011011000110011001111000001111100011001001111100001111011001110001101111000011100001001110000110000111000011000110010011001100011000001111100011000000111100001110011000111000111000110001110000111000111101100011101100111111000111100000111100001111000111011011011011100111110000111110000100
10011011001011111000011001100001111001111110001111100111100000111100001111001001100100011100000111100000001100011110000100001100011111000111000000110110011110001111100011100110000110011011111000011010011100100110110011001111000001100110001110000011100100111110000111100111100110011110011110001100011001111100000001001100111000000011100000111001011111
00001111001110000011011000001111001001100101100001101001111000110000110110001111111100111110001111000111001100000110000011100000110000100111100011100110010001111100110001100000011100111001110011001100000110010001110000111110000111111100011001100010001100111000001100111111010011001100111100000010001000111111000111000011110001001110111100110001111111
00111100000011100011111000000111110011100000111000000011100001111001110001100111110010011000111110000100010000011110000111100110011101001011001101100001110000000111001001111000011110011101111000010000011000100110011000111001001111100110110001101111100001001111011101000110000000111110000110010001111101100100011110001111110000011100000011001110001001
11100110011011100100111111111100110011111111011100010000011001100001111111000001100011001100011110001111010011110010000111110001111001001111001111000001111000001111110000110000011001111001100100011100100110001100011000001111001111101001101100001111000001111110000100000110000011011100001100011001110011101000011110001001100001111100000111100111111000
01110001100110010001110011011000101100100111000111000111100111111001101100100111110001110001111110001011100000011101011011100000011111100110010011100111001110011100011101100100110000011111011000001100011100010011101001110000111100011000111100001001101101111001100100000111100000111110001110010001101000011100010011100100111011000011100011011001001000
11111010011101100011110001111000100110000000111111010001100000011001001111001001111100100000111000111111110001001100000011111011000000001110001111100000011000111110000011110000000111000011001000111100011111100000110111001111100011111000011100001111100011100001001110000010000111011001100111001100011001111100011001100000001100111000110001011001110001
00111111000101100011100001001110010111000011001100000111100111100001100101001111100100001110000111110011100000100011111110001101011000111000001110001100110110011000011111000110111111001100111100111000100111001011100010000111111011100011000110010100011111100100001000010011000111000011011100001111100011110000111111001111100001001110001110000111110001
11111100011000001111110001100111001100000110000111001001100011000011100000100110001111100001111000010011111111101000110110001110011100011010001000111001111100001110000111100111000011011110000001100011101110010110000111100111110001101100111000001110110000000011000001001100110110110001111110001111000001100000100110011111000011111110001100111101110010
11000000100110110010011000110000111010011100000001111000011111000001111000011011100001101001001100111110011100111000111110001000010000011111010000001110000110111001001100110110011110111100011100111100111000111000001111100000110000011001110011110001011000011101101000011100010110000000011100111100000110110110011111110011110001101001101111100000110011
01111000101101100011110010011100011000110001111000001100001111110001001100000011000001110001100100000011000000111110011110010001111001110011001111100010011001011000110011110100001100001110001101110000101100000111001111111001101100000011001111110000000011100111111100011010000001111000000011001100011100111110011000100111110010111100001110011011111000
00110100011110001111000011011100101111010001110000111110000110110010011001100011001101110000110110001100110011111000011111001111100100011000011100111001110011001111100101110001110100001111110000110111110110001111110011111011100100000011100010111011000111001000111100110001101001100011011001100111100011100110000111110010001111000000011111100010011000
01101100011110000111100001111111001100011000100100011110000111011001100110011110110011000001100000100110010001111000111110000111000011011001001111110001110000101110010000010000111001100111000011101000011111000111000100001100001110001111001001100000111111110000110000001100011000011000001111011110000011111100001100000011100001111110001110110001110110
00010011111111001001001111101000111110000011110011000111001101100000011110011111000001000000111100001110000111100011110011000011100011011100110111001111110001000000011111001110010000110000111001111011001100111111000001111100111110011000011000110000111110001110111001000110001111110011100011100001001111110000110100011110010011100000111100011011110000
00011110111000011110011001110100000110000011111000111100111111000111100100110111000110011100110011001110010001111000100110000011011000110001111111000011100001111100000011111011111111011100110010000100111110000100110011011000011100111000110000110000011111000011000111001100010011101110011000110110000111110000011100000110001111111001001100101111100011
01111000011100011101111000111001111110000011111001100110001111011001100001110000010011100100110001101111000000111100100100001111100001101110001100000111110110011000001111000001111100011100111111100010110010000111100000111000111110000011100000101110011011011110010001100100011100001111100000001111000111001100111011000111000011011001100110000111100100
10011101111000110011100001001000111111000010100010011010000111000110000010000111100011101001001100011110001111100010001101100011011000010011001110000001100111110001100111100011100110011110000111110110110110000111000101111100011111101110000011111100100010000110011000111111000011111001101100110011000001111011000010011011000001101101100101100111011001
11011100001000111111100001011001011100001111001111111100111110011001000110111000110001100001100011110000000011000111000010011101101100110001110010011111000111110001111110000001100110110000001100111100000111100110000111110000111100011000101000011000001110100111100011111000001110011001000110011110001001110011000011011011100011111001110011001001000111
00000001101101110010001000011000111001101110001111011001011101100110000001000100000000011101100011001110000110011000111000111100000111111000001100001110000011111110011100011111100111111000110010000001110001111100010101001111111000011000000011111011111001000111000001110110111000000100111000110000111110010001100011110001111011000001100110011011010011
11100110011100011100001000000011100100001111110011011101000000111100000000111000011111000011100011111000110010001001100001100011100011100111100000011110000111100000000111001101100011100100011001011110000001111001000011100010111000001110001100110011111000010001111001100000111111010011001101001100111100000011110000011110011110000011111000010011001011
11000001011100111100010111000111110000101100011111001011111000100110010001110110001100011111000001111111000000011110110011000110000110001111111000011100001100110011011110010001000111110000001110000111100011110011010011011101110000111100001001100111110000011000100110001100001100001111100010011000011111000111100110011000011111000111110111001110011100
11111110000011101001100011111110111011001100000111100011100001111100001110111001111111111111111111111111000000000000000000000000001100000110010000011100000110110000110000000011010011100001110000010111001001110000001110000111001000011101000110000011111100011110000011111001101100001111001101110001111000110011100010000110011100001110001000111000001110
00111100011101110000000011001100001001101111001100001100011001111100001111000011101100000011100001001110001100001110000110011100111110011100111000011110011111001100110000111100010010110100011000011100011001100000011100100001111000011100011001100111101000111010001111000111100110011011110111100001100001110111100000111000011111001100010011110001101110
00011110000011111001111000111110000011111000011100101110010001101010001111001111100010011100011100110110000000011100011101011000011011000111101100000010011011001111111000011001110000001001110000011100000111110001111101100001100111110110001111001110000001111001101111000111111000001110000011110011111000001110000011111001111001001110011000110000111100
10001111100110001100111100000111100000111000010000111011011000110000110111100001100111011100011000001101101101101111100110111000011010000001101000011100011100011001100011100110000111001000110000111101100111100000110010001111110001110010001111000111000100111100001111110010000000011110001111011000110000111110001101111000111100000010011011000101011101
00011001100111100000011100111100001001111001101101100110011100111100011110001111011000111001100110000001110110001110000011001000100100011001000011001001111100001111001000111000011111000111100110001100000001100000110000011101100001110011111111000110110001111100110011001111110011000111011111000111001000011100001111000100001100001110011111100011110001
11111100110001110111110010001110001110111000011111011001100100010000111011000100110000111101111000110001110011110010010011111000000001101110001111100000001110000111010011111001000011001001100110111100111110000100001100011100011000111001110000011110110011111100111100100001111100001110111001011111000011011000000111100000000001100110001111111100111000
10001111111111000010011000111111101101110000011001111111000011111001111001100110000011111001100110001100111101101001100111011000111000000111100110001101100000100011011111011100110011100111110000110001111011000100111000001110000111000110111100011100110011000001111111101110001100011110000111001111110000001110001110001100111000111100000011011000111100
00011111000011001001110001100111000001100001111110000110011111001111000111000111000101111100001100001111110011100000101110010001110110011110001001100000011000001101100001111000000110001111000011111000001110110011100011011110110010011001111000111110000111110001111000110001101111110001101100000100110001110001000011000100111000110001000111110000111100
01110000010011001111110001101100000011011111111000111000111000111011000011110011110001001111100111000111000100110000011110011100110000011111110001100100111000001110011001100100011101110001110001111110001110111100011000010110111011010001100000000000111101100001110000101111001100011100011010001100111001101100000011101110011100111111000111000110011011
01011111110110000001100000111100100011000111010011110011001110001100011000001000010001111001111101110011000001111000111111100001000000110011110000100011110110001111001111110010001100001110000011011100011111100011110011111000001111110111100110001110000011100011110000011111000011100001111010001101100100110000001110100001111000110001000111000111111000
00111001111000110011111001100001000001100010001110001000100011100111111110001111001001110001111111000110011100110110000110000001110001111111000011000001110111110011100011001000011001111000110011111000110011001111100001111100011111100111100001111001000111011100111001100011100111100000111011000001111001111100001100011111100111100111010111000110011000
11100011000110011000110000110100001110011111100011110011110011000111001100000110000111100011110011100110000001100110011111100011001100111100011110000001110001111100011100100011111011001001111111000111111100000111100110011011011100001001110111001100000100001111100110001100011001000111110010011111000111110001111100001001001110011100001110011110110000
11000110111100011110001111100000001110100111100011000110011000110011100110111011001111100001111101111000000001110000011001111111000111000110101100000100011001001000001111100000111001111001100001110011011000010111110011111001110000001111110111110001101110011100111100011000000111100011001000111110111011110000011100001111100111110000011000001111000011
00111100000001101110001001111001111111001100100001111110011110001101100110011110000111100000111001001110011110011001100000111011100000111001110000100111110001000011000011100011101111000110001110001100010011001011000011110000110010000111101110011001001110001111000000100110001110000101100100011111000010011111101100011111000001111110010000000110000000
11000111101000111110001110000001110110001110000110111100011100100011100000011110011110001101100100111100001111100011001000111110000011100001111000011100000111110001101110011001111100011100111100000111000010011110011000100000110011100110000110011001110000001111100011100010001100100111001111001110000111100011101001100100011111000011001000111110000011
11001111110010001100111100110111100000011110000111110011101101000111000111100000001111100111000010010001001101000011111100011100001111100001101111001001100111110011001100000011100001100000011001111001110000111000001001110111110001000100011111000001100011001110011111001000011111110111000000101100110001000111011000011000001100110011000011011111110001
11001100011001111011001100001110001110001100001111000011001100001100011001111100001100001111011001111011000011111001100001100000011001100000110010000011011000110000111011100011000001111011001100000011101100011100000010001110000010001111110111011001100100111011001101101000000111110011000101111001111100100001101111001111000111000001111000110111010011
10011000110001111100011111100001100000110111111110100000111100001100100110111100011111000011001111111100001111001110011000001110001111100001111100111111001101100000010111011111001111101100110110011111001001000110010100011111000000110111001111000100001111111000011001111110011011011111000001000001101110000111001111100011111100001001111001100011111111
00001111000011111000110010000011101111110001000111100010011100110000011111100011111000111100100111100111101111000111100011111000001110000110011111101100001110000100110111001101000011110011100111011100100000110000111000001111000000001000111110010011100011011100001111100000100110011111000111101000011100000111100011011001111100001110011000110000011011
00111111000111101111000000001100100001000101100101110001111000001111000111000011001110010011011001000011100110000011111100011100001110100011000110111110011111000100110000011100011110010000011000011111010001111001001101110011100001111000000111100011100000111001001011001111111001100111000111100110001111100011100111000000111111100110010010111001111011
01011110100001111100011001000110110011100110000111000010001111111000011001101001111100011011000011001100001100000100010111001000001100000011111000011100010111000110110110001101001011000000010000000011100001110000111100011101110000111000110011011110010001111010000011111001111110011000000011100011011000111000011111111000111001100011111001011000100110
00001100111011001111110000000011100111001100011101000001100010011110001100110011101100011000011011110000111100001110001101110100011111000111000110111001000111000011111100010011100010001111111000110111001101100000110010011011100110111000011111100111100011111000100001111111001000001001100011111000111100110000000111110011001001000111100011111000011100
10000111100011000011011000011111100010011000001110011011100000101110001111100110011011001111000001110000000011001110011001000001110100110111000011111100011100101110110000111011100011000100111000111100000011100001100100011110110111100000111100110011000111001100011100011001111001111110000110110001111101100001111101111000001100111111100010110110011000
11001110010011010011011100000111100100110011001111001101110100011110011100011000110000011111001100100010011100111100000000110000111000110101100000110011111001100111000001111010000111000111111100010001001000101110000111000111100100100110011100000011010001100011100000111111100011111000110110000111100000001100011101111000111110011111000011100110001100
10001110000110000000111100011010000011110100100111000110001111011000100111110001100011111110001001100011100111011111000011111001100011110011000110011100100111000110100011111100001111100001101111000110000100111111001111111111111111101110000000000100000000000000000000000011100000000110000011110011100000000111000001100000011110000111111100110011001111
00111000001110100100011110000110001111001110011000000111000001101100011110011001100001110100011100000011100100110110000011100110011100000100110011000001000011101111000001011101000111100110011001110110000011111010011100111000111011001101100110001011001100110000011100100111000110111000000011111100000000011110110111001001100011111100000111111000011110
00011100000111110011110001101100000111100011100110000111100000011110000110000011110000110001001101100011100100011110011010010011110010000111000100011011101100000001100011111001100000000111110011110000011111111011001011101100000111001111100100110010110011110011001110011000010010001100001111100001001110011000011011000001101000011110000110110011010000
01001100111001000011111100110110001111001110011000111100001110111001111000011000011101100110111100000110001001100110000010011011110000110001001110001111100000011000111100011011100000001010010011010001110100011110000111100000110000110111000110111000110010000011111111110001000111011000010110001100100110000001110010001011001111110001110000000111100011
00001100110000001100000000111001100001001101100100011101100111000111101100011001001100110000110011100001100111100010011000110011111000001100011111000110011111111001101111000100110011111001001111001111100111110000000111111100111110001100100110000000011101001101110010011011111001000111001110001111000001110001111100001110000111100000110011000111100111
11100111111000011001100111001111110000001100111001110000111110000111100001111110000111100000011000011111100001111111011000000011011001100010111000001111101000110001101110001001111001101100110111100110110011110111000011100011001110011100010011100011111111011101110000011011100110000011100001100000001001000001110011001110000011110000111100000111000111
10000011001110011100000000111101111000011110101100111100100110001111011000111100011110011000111001111110001111001111110001111110000111110001110001111111001101110011100100111001100110011100000001110011001100001110000011111001111000110010000110111001101111000011000011111100001100110011100011001100001001100110001100111100000111011001101111000011100111
11111000110111001111100000100110001111110000110001011101100000111011000111110000001111000001110000110111100111000010110010001100000111111001001100011111010010011011001111001111110000100110001111100001110000001100100101100111110001110111100010000011000111001110011001110010011101110001000000011100111111000001110100001011001101110000011100010000001111
10110011110011000011001011100011101100011010000001111110011101100100110011000000111001100111100111001100011001100001101110011111110000110001110011111000111110000000011100001011000101111001101111100011100100111100011001100000111100000110001011110001111111101100000001111000110010000011111000110011100110000001011100011111001111101100011100011101100110
11000011100111101000110011001100011000111110001110111000110000000011100011110010000110010010011010011011011111010001110000001100001111100000111110110110000111110000011111000010001100111001000001011111100110010000111011000001110000111100000001110010011110001110000011100000110010000111001100110110011100010011111000010001011100011001001110001111100111
11000001111100011111100001110000001110110011000011001110001111110010000011111110011110000001011100111110001110001110001000011001100011010000011100000111010011110010111100000011111001101110011011001000000110001101001111100000011100010011011000111010001100001001101100001100001110001101111011011001011011110001110110000011111011100100001101101101100101
00001000101000110000111111000001100011001111100011110010011111001110000010111000001000100111111001101110011111110000011001111100000100111100011000110110110010011000011100011011100011001100000111000111000100111100100011000110110000000110011001001100110000000111000111101000111001111100011100011100011100100011001001001110000111000011101100111110000111
10000001110011001001100011001001100000111100001000111000011101100111000011111001100000001011001101100100011100000110110000011110000011100011000100111001011111110000010001111111100100101100001111001101100001111110011110010000110111100001111011001110001100000001100011110011011110001001100110000110111111000111110111110000111001001011111100110111000011
00010000111111110000011110000100111001101110111110000011110001000111011000111000110111000110110000111000110011111011100011110000011100011100110000111001100110000111111001000111000001111000001100000110010011111100011011000000110011110100010111000010011001101110000000111111110001001111100001111101100100110011100110011011000110111000101100100110000011
10010001111000001100100111001110011000110010011000111110111100001000000111111110001100100011110100011000000111111001101110010000011111000001111100011111100011110011111111000111110011100110001101110011101001111000000010110000011001011100110110010001111000000111000110001000011100011111000001111001110011000011110000001100000110010011111100001100100111
00000111111000011110000110010001111000111110000011011000110011111000000101110000011100000011110000111000000111100011111000011111001110011000001100111111000110111001111100001111110011000011000111000001110110001100111100100011011100011100011111011000011110000111100011110001111110001111100000011011111100100111000010011100011011000000110011110111100110
11100011111100111110011111000001100000001111100011100110011000111101100111101100001110111001100000111110100011000011011011111000000100111110000000011100100110000000111100011110000011011000111111100110001101001100000111111001001100011100100011100000111110011110000001110110011000001100110001111000001110000001100001111100100010000011001110011000110011
11100100111000111110001100001110110001110010000111100111111000110000100110111100011100100111110011111000011111000011100100111111000111110001111110001001100011100011111100011101111011001000110111000111100001110110010110000010011111001011001000000001111100110111110011110001111011001110110010011000011000000001110110010011001111100011011111000001110111
11000111110001011000011111011100111100001110000111111000001100011110001111110110000111011001110000111100011000100011100100110011010011110011001110001110010011000010011100001111000011001000001110001000100000011000001110110011100000001111000111100110111000011101100001111100111111000111001000011100001101101000011001110110000110001100000111101110000011
01000111110000110000001111000011001100111001111000000001111101101100000110001110011110000111001100011011001111100001110111110011001100110001110111001111000011100011111001001100110001111000010011001011100010001110011110000001111000011000111001111000011000001111100011111001110011100111100001111001001110011001110010000000011101100011001100001110000111
00010001100011001001100110001110001100110001100110011001110001110000100110010011111000111111000111000001111011100111100011110011111011000011110001100110110001100001110000011111111111100001111001110111001110010010011000000111000000110001110001000001111001111100011000011011001100001111000011001100011100111001100111000100111111110001000101110010011100
00011100000110000111011001100001101110011001101111100111001000111100001111000001100010001111010011100010011000001110000011111100000000111111001001111110110001111111100110011000111110011111000000001111101111000110011110001110001111110011011100000111100001100110011100001111110000001101100111110010001110110000000011001100011110001111100001100100011101
11011111010001000111000111000011100100011011001100000111001110001000000111100001000000110111001101100000111100001110010010100110001100110011000001110000001100100100011101001111000111101000110010011101100011111110000000111001110000111011100111000111111000011000100001100100111011100111000011011000111010011001100001111110011100010001111111001100000111
10100011000011110001111100001001101101100100001000110001110011001100110110000011100110011111000011001000110010011100000100111000011000110111000111110110111100011100110100111100011111001100011101110110011011100110011010011110001100000010111000001111100010000111110001100001101101101100011101110001000100111111001001111100010010011000100101110110011111
01100111011001111000110000011011000011111000110000000110111100111011001111100111110010111000000000000000111100110110001111111110110111001110110100110000001111000011000000110000111111101110011001111000011101111100011000000010000110001100111110000110000011111000011100001001001100101110001111001100111100110001100001101101100110011000011001111000001101
10111011000000100111001110001110000100011100011001110001100011011000100010111000111000011110100011110001110000000111000011001000111111110111000000010001001111100111110000111110000111111001111000100110001101111001111000011001101001110001110010000011100000011110011111110000111100011111100000110001111100000100100111111000110111100110010111001111110110
01100011001110011100011010001111100010000110001100110001100100110011100111110000110000011000000011100001111110000000110000111000101110011001000100111100110010010001111111001110000011000100111000000111000111101000101111100011001111000000111001010001001111111000001011000011100000110110011100000001110000000110000011110010011000100111100000011000001111
00000000100111110000000011100001001111111000100111100100110000111011001100000111100100100111001110011001111111001111111101110000010010011001100011100010011110000111000111111010011111010000110011001001100111000010010000100110110111101110001000011110110011100100111110000001110000111111000000110000111000111001000111110001101000001111000011001100001111
01100010110111000001100011001111111001100001110011000110001011111110101110011011100001111100001110010001001100000111110011001100110001110001110011001001001100000111110000110111001001100111000011110001100000110011111100011111100001111100110110001111101100100100110000110111000111110011000111001011011000011011100011001100110000011110000000100110011001
10001101101001111000011100111110111000010010011110110011111000001100110011000011110000011001000110110000011110010011000001110011101110001100110000111011100110110001100111111100110011000011111100001110000111000100111001000011100011011001001111000100110011110011000001100000011001110110001111010000011100001111110001111000111100001111000011111100000111
01001110000111110000111110000101100001100011100110000001001110011111000100111001111100001100111111001000000100011100011001100000011101100110000000111001110011111011000011001100000111001111110000100110011110100011110001101110000110100011010110010010011011100001110000010111111001001100000111111101100100001011000111110001100001100110001110111000001110
00111110001001111001111100000011000001110000011011000111000111001000001100111100000110011111101110011001111000110011100011100110110110000110000111101100001101001110001001110110001111011100100011001000001110001110110010000110000111100011101100111110010011111000011011000011000010011100110001100001100000001100000111100001111000001110000100111100011110
01110011110011011111100100011110100100110010001100011011100000110010001100001111110001000110000110000111111000111001000110010001111100111100100110011001111110001111100011110000001101100110010011110010000110110001110000111000000010110111100010001100010111011000111100100110000110001100000110110011000111111000001111100100001110011100000110000011111100
10010111100011110001110000011010111011111000001100111110000000001100011111001100110001110011011111000110000001110011110001100000110011111101100011110001100111001100011001111111001101101001110011000100101100011001111000110000011111111110010011001111000111100100001110001101111001101100001110001100111000000111000011110001110011000111111100110110011110
00100111000110001000111100000011000011001101100110000011111001100100111111000111111100111110001111110000011100001001100110110011000110001001100010110000011111100101100111001110011001101110000001100110001111000001111100001110011001100001110111000011000001011101001111110001100001111100111000100111001100001000000001110000000011111111000101101110111101
01111111001111001101101100100110110001100000111000110011000000000011111111100011110001101110011111000001100100111100001100110000111100001100000111100100111110100111000100111000000100000111111010011100001111110011001110001110001111110000000100100111001111100110001100011001110011100100001100000111111000110001100110100111111110001110000001110011101100
00111110010011001101111000011111000000011011000100001110000011111110001111100111110110011111011001000000000110111111010001000100111000100111110001100110111100100111111100110001110011000111000000011111001101101001100000111110000110011001111000011100110111000010011001001111000110010110000011100011000000111111101110011111111001001101101000110001011101
01111000001111000000100111001111111000110001100011111100010011100001111100001111101000100011011100100100000000111111110000000110110111100000001111110000110000011011100011011001101100001100110001001111101001100111011000111000001111010000110000001110000000111000111100010110011011011110000010011101100110000111111111001000000100111110000100010000111011
01101100100011100011111000110001001110000001100100011100000111101100000110011111000000111001111111100111000100001110001111100000111110000001110000011100110000011100000001111110100011110001110010011101000000011111101100000110011001110001001111001111001111010001111011000011000011101100011001001111100000001100000111100011111000111111011001111100111001
11100000111101100000111100111000011111101100000111000011001111111000100000110011110011000001101110000011010010011101011010001110011100111000110111111001110000011001111001100100011100011111000110110100011110110011100011111100011011100001100000110011011110001100011000100111100111100001111100000110110000111000110110000011000100100100000110000011111000
00111000011001000011100001110100100001110101110001111111001100110000010011011011000011100001110000001110110001100000001111000111001100011011001110100001111000001100000111100000101110010001101100100011001111000011110001111001100110100110010000011100110111000001110010011100000110000011100011110111000011001110000110011011110001100111001100000111011001
11100100001100100111000110000110110111100010011000011000100011000110001100100000001110011000111100011100111011100001111110001001100000110000110000100110000000111001111111010011001000001110000001100100010011100000011111111100000001100110011111011001101111000111111100100001111001001001111100111110001000011001110111000100100000111001001110000011110000
11100001111100001110111000011011001100000110011100111000100110011001111000111100101111000001100111000011000000011100011110001001001110111000000001101100111000011001001100011001100100000011001100100100111010011110110011111111001100100011100010011010000001100001100011111001110111110000111001111100000110011000011111100011110001111110000000000111111000
00011001111110001110011001100001111110000011010001100111000111110011110011001111110001011010011000110111110000110001010110001111110011100110011001100110110000111110001111100000111000011111110100110000011100011011000011001100001111000010010000001110011000111110011110011111001110011001100000110010010111100100011100111111001000011110001111000011100000
01111000001111000111110011000111111100000001111111100100001100011001111100010111011101100000110001100011001110001000001100000111001100001111000101111000011000000011101101100000110011101110000111000100010011001111100011111001001111100011110000100000110110001101111000111100000001100011111000001111000101100110011100110001100101110000011100001111110000
11100000111001100110011000001001101110011100010000110000001101101001100000001110001111100000011001001111001110110000110000001111011100111000000110111110110011111000110011110011100001101100001111100000111000011100100111111001001011000100110011110001111110010011110001111000000001011100011110001000110011100100011011101101100010011001001110001111100000
00110011011110000111000000110000111110000010010001101110111111100011111111011111000001001100111100000100001001100100000000011111000001100110100111110000001111111100001001111110001000001111100111011100111001001111100010111110010011001011000011011100011111111001100001111110001100110011100111011001010011001000001111001110000000111111001001100110001000
01110011111101001100110001111000011001100001110001111000001111010001110010111000110011111001000110110001110111111001100000000111100000011100000111000101110000011001000111010001110001100110011111000001110011010011000011001000111110000111100110110000011111001100110010011000111111000000110000111111111001101100011100011111011000111000011101100111100100
11001000110000011111101111100001101100110011110010011000011011110000111001110110010011100000111000011110001101110000111110001111000011110000001110000011001111101100011100110110110011001110011110001001001100000011110011111000011111100111001100110000100111110110111000010110000111000001110100011100000111100000011000100110001001100001000111000111110001
00110010110110001111110011001101110100010000000011111000001100000110000110011000001100011000110001111111001110100000110110000111100001110000001110100111000011000001001111000011110011001000001110001111100111111000011111110001111111000001000011100000100111100111001001001001100011001101110001111100110001001011001100001111000001100000100010000111111011
11100011011110000111000001111000111110000001111000110110111100100111000000111101100110110011111000011100010001111001111100000111110000110011111100000001110000011111011000110001100000111100110011000001110010010011100000111111000001000111000011110000000001100001111001110110001110000011111101000110001111111001110000111011000011000101100000100101111100
11111001110001000111111001101000001110000111100000010010001100110010110001111100011110100011100000011111100011000000011000110000111000110010001111000011100110111110011011000001100011111100001110011000111100001100001001111000011000011101100000111000111110110011100000011110001001100001100011100010001111110011100110111000110001111111001111100011101100
11001101111001001111000110111000001110001100100000110010000111110010011000001100001111110100110011000011101111110000010011101110000000011000111000001111111100000111001110011001111100010110001110000111110110100111110011110001111100001110010010011110001111111000110000000001110110011001110001011111000011010001100000001111001001110110000111000001110001
11011001100111111111000111100100000100011111100000110001110110011111111100111100010001111001110010011100001100110001111001100011110000111000000010011101100011100110001111100001111100011011001011000011111000011011001101100001110000001110000111111100011110001111000111111000001110100110000000111100100001110000011000011111110011101100110111101110001100
01100001100010011111000111110000110111000111000000011111000110000000111111001100000111000011111001100110000111110000110110000111011100111000000101101111000000010000011011100000111000101101101111001110010001100011011110010000011111000011100100111001101100100011111100110010001100100011111000111100100011110001111000111100010001111001000111110000110000
00000110100100110111100011001111111110000011111001111100001100110011100110110000000011001100111110001110000001110001111000011111110010011001111100001101100000111000100111000010010001111100110111000000111001000011100111100001100000011111110011110000001111100011111100111110100111000000110010011100001001110000011011101100001111111000011001100111100110
10110011100000100100110000011001001110011111100011100010011101110100011001110001100111001100110011011000100001101111110001001100100001110010111010001110000011111110111010001111000001100110110110011011100000011111000011110000110000011111101100101100010011100111001000100110011111100111011001001100111011000111100000010110100011101101100000001111110000
11110011011110000110000110111100001110011110000001111000110000111011001000111100000111111100111100000111000000011000111100001100100011001100101100100110011111000000111101111101110100011110001111101000110001000111011001100011110111001111100001110000111100000111100000011011001110001101110011001100001110111001111000000111110001100001100111100100000100
11100000110010011001100110110011000010011111000010011000111110100011111000110111100101100011101100001100001111111100100001110011000001110111110000100010001100110100000111100011100001111101100110001100111000000100111110111000111000000011101110100000100100110111100011110000011111011000111110110001101110010011111000001100111111001100010110000110001001
00111001100001100000111110000110000110000011101111001101110000110001110011011100001110011010011001100111011010000011110001111001100111000000110011011110000010010011110000111100111000110010011001100110011000111110110011000000110111111100010000110110110000111001000100000001111000111000000011100100011111100111110000000110011100110001100000001100111011
00001111100100110001001111111001000000111101000111000011110100111000001100110001111100101101101000110011100111001111001110011001100111001001100001111100001100010001100010110011100011100001111000000110001110011001111101001100111001110000010010000010011100100110011100111001100011100111000110000011011100001100001100011110010001100110010000111110011011
00101101110001110110011000010011110001100001101101110110100010010011000110110001110100000111111110011000111100110001101100011001100011111111111000110010001111100011100011001100110010011001111100001110000001111100100110001111001101100100111011100000001100111100000111111111000100011000100100111011001110001100000011111000011111100001100000110100000111
00001110000111100110011111000001111100011100110110110001110000001110001001100001000110111111100000110001001111110001100011111000011111001100000011111101100111000000110000110110000011011101100010011011000011001100100011000111110011000100001110000011100010001100001111111110011000000011101111011000011011001100100011110010011111000001111101010001011011
11001111000001110000110011111100011100011110000011110000110000101110011111000111011000000110111100000001101100000111110001011011001111110011111111111100001100000010001111000111000110110001011011111100110011110001001111100100110110011100100111000001110001111100000111011001001001101100000111100000111111100011000011100000011111100100100001111100011000
10000011111001111100111000110000010000111100111101100000011001111100000001100110111111101000001100111100011110000110111011001000001111001111111001100010100000110010100110011000100111110001101110001111001110110000111100011000111110000001111110100000001111001110000011110011011110001010000001001110110110000011000011110011101110001001100000111111000011
00001111100001110000001111011011001110011001100111000111001100010111000111101100011100111100110001111110000111011001001110001110000011000111111100000000011000011000110000000111001110110000010001101111100100000111111110001100011011001011100110000011011100011100110011011100100110000011100111001110001110010011100011011100011100110000110001110011000000
11000111000011001111001100100011001100111111000011000011001001111111001001100010011100101110110011110001011111100111000000111110011111000011111000011110001110011001111000111110000000011110111000110111100000111110001111000011110000001111100111101100110110011111100101110000110011000111110010011110001110001111100100001100011111100001100011100011111110
01000011000101110001101100100100100000001111110100011000111000011111011000111100111100010011000001100000111010011011100100011110000011100001110000011001000111100001110110000110001111110011000111000100110010111010010100000111110001110110010011100011100011111101110001111001111000111111111001011100011111110001100001100000110111000111110000100110000011
00011011110010110011001110000111111000001110001111100000111000000111111111111000001100000111001110011000011100010111100000111100100011100100110000111011100011001101110110001111011000111001000111001100111000111110000001100111100000011111000011100110001000001111111100110001111100000111000001110001000010001111110000110000001110011001111100110011100011
10000111110001110100011101000111000011001111111110000000111100011001000000110111101110000011000010111000111001001100110000011110000111000110100011011000111111111000000110110110011111100001111000011110011001100100001100100011110011111000111110000000110111100101100011110000011100111100100011100001000111111001111101110100010100111010111001001111000011
11010011100000011000011110000010110001111100011111001101101100011001111111100000011000000111110010011100111000110001110110111000000011110110111000100111011101100001101100010001111110000110111001000111000111110110001110001111100000100000100110001110000001100011000000110011000011110111100100111100011111100111110001110111000111000110001110111000001111
11100001100110110001100100011111000000111000001011110001111100011000010011111000011101101101100100011100011110001000001111101110000111110011000001111100011001100110011011000011001111110110001100000111110011111000001111100011000000111111001111000011111100110010000110000000111000001111110010000000111110000010000011001000111111000110111011000111000111
11100000110011011000001111000110011110000111100011100011000110011111000011111000011100001111100000111100011110001111110000110100011001101111000010011001000111100000011000001111110000001100000111000111110011001110011000001111011100000110000110000011111000111100001001110011111000111001000001110001111110000000100001111101100111100011100000110001110010
00010001110011110001110000100111110000001001111001000110010000001100001111100000011000000111111100100000000011110000111100011011001110011011110000111110000110111000110000011111110001100111001111000110001011001100110110000110111000111101000011001000010011111110000011110000011111111011000011111001111111001001101111001100000111000101110001100110000110
11000011111100011100000111000111111000001011000011011110001100100000111100000011110000000011111011011100101110000111111000011101000100111001101001111100011110001011001111100111011110000110000111000001100110011111101100111110110100011011000111110011111001001110000111111001011100010011001000110001101111100100100001101110001111100000011000011110011111
11000000100011111110011110000000000000111100010111110000111111101111000000111000111001101111001101000000111001001101000001111000000110000011110110011001100001011011110000000011100001111100001100011111001001100010111110000001100011101100001111000001111000100110010011101100011100110010001111100110010011000001100110111100000111001000110111001110001010
00011011000011000000011110000111100110001011001100011111110000111000001111000111111000000111000111110001000110011110011111111100011111111100110010010000011011000111101000001111000111111000110011111000011111100001110010000110000011111111111111000001111110011000000000100110010011111111100011100000111011001101100100000001111000000111100000010011110011
00011110000101111100110000011111000110010011111110010111011001100011010111000001110000110000011011100010011000011100011110100010111100001111100110001111100000110011100100110001101111110011001000111001100111100000010001111110001100001001111011001111100000001110000111100111100001110000110011001110010000011110011001001100111001110000000000110011011100
10011100000001110010011100001101000001111001001111100110011011110011000111000101100010111100100111100001110001111110000011100000001110011111001000100000111110010001110010000011110011001000011100110011000111101100001100011110111110110100111000101111100001100100011110001011110011001111100000100011111110111100000000000011111000001111000011111110010011
11011100111111000011001100011011100011100010001111000111110000111110000010000011001011100111000011000110001111001100110111111000111100111110000000110011000011001101110000001001101111001101100111111111000001110100111000000111000001111101111000100111001100011111001100001100111110011110000111100001110000001110100111100000111100001111100011001011001110
00001110000110110000011000100011110011110000111000000001111100000110001001100111000111111000001111100011100000111110001001111100011110001110000110010000011100011011110000110100111000010011010110011111111101110001111100110011100100111100000110001100011000111111001110000011011000111101100111100001000100011111100111000110001111100000000110011000111110
00111011000100110000011111000000000001111001111100010011111000110000011100000010110011000111001110100110111000011100110011111000111111100011100100000111001110100001000100011111100110000011110001101111000001110001100110011111010001100011011000000111110001100110001100110000100001101100100111100000000001001111110011100000111100011011110001100111100111
10011001001111001000111110000000001100111001100111000111111110110010011010001111100100011100000111000101100110111110000110011111111011011110001110001100111010001111100001000100011111000111110000110010001111000001100100010000111111110001111000110011110011010011110011000001101110001100010001110011001110011110000111011000111001100111101101100000111000
10011110000011011001111011011000000010111100001111001100011110000011000010001101111000001110000110000111111100011111100111001100011101000110110001111001100110000111000011001100001110100000001111111001001000000100111100110111000011011111110001001100000001111100011111001000000011101100100111100001100011001101100110011101111100000110011011110000111100
10001110000001100100111011100001100011111000100011001101111100100111100010110000111100011100000111000011111000111100000000111001111000011111100000011011101110110001101101110011000111000000111100111110000111111111011000010010011011111100011110001101110001100000110011100011110001100110011111000111100010011100010011111001110110000110000111001100011111
10001001000111100100011001000111000000111000110001001111100000111110001111000001100001110000110111000001111100110011000100100001111110001001100001101111100111110010000001111110001111000011000111111100011110000111110000111111000011001100011001000111011000100000011100110000010011100010001111111100110000011110110001110011000110000111110000001100011110
00110011100010001001101100000000101111111100010100110111100011111000001110000110011001100000111110011011100000111000110100010001110000110100100111100000001111000000111001111001111100011111100101100111100110100001111000011111100001100110111111000111000110010011001001101101110000011100001111100001000011011101000111111000100100111000111101100110001110
00111111000011100100111111100111100001001110111100011100100011000111111111000000001111111011001110000001100110110110111011001100100100111100010010001001101100100111100100101100110000110011101001110110000111000110011000011000111100110000111000001111100100011011101111111111111111111111111100000000000000000000000001000000000100000100000111000000010010
00011100011001110011111001101001000111011000111100110110000010011001001011001100110010001000110011000000100111111011010111111000111000001110011101100011000101001000110011001111100011000111011000111110011111100001111100011100000111111100001110010011100110111100110001100111110000111000110011100000110000011001110111100001100000111111111100011110011000
00011100110100110001001101100110000111110011100001110011111000011100011111110100011000110000001100111110000111001110010010000011100110000001000111110000001000100111111100010010011001101001110001111001100110011000110011001110000011001001111000000111100011110010001110011011001110011000001111100110110001101100001111100011100001110001100111000111000000
01110111100110000000100100101111100001100111000110011111100000111100100111100111110000011111101101100000111000001110011000111100010000001111110011100000001111000111100011000111111011000111110000100110011100100011110011100110011000001001111111100111000001111100110010001110110000110011001101100000110001001110000001011010011011001101100000111001111110
10011100000001110110011111100110000111011100011111110001100011111111000011100011110010011100000100110001100010011111100011111000111100011111110001100100100111000001011001111001000011100011110000111001000001100000110110011011111101100011011001000011100111011001001110110011001100100110001110011001111000110111001101110000110001011101110001111001111110
10110011000110111011001100000101110001111100011100000000100011111000100010001100000011111100001110100001110000111110110111000011111100000111100110001111010000001111001100110011100110011111100011011110001111100111100011101111001111000100111110001000000001011100000011000000000111111100000111100000000000111100000111000001110000001110000011100001011100
00001100110011001100111000001111001110000000110011000111000011111100011001100011100001110110001111100001111110111011011011100001111000000110110001100110011000001111110000111010000010111001100100111100000011111001101001111001101101110011011110001110000001100001111111000111000111111110011101100001101001001111110011110011111100001111100011100000110000
00001111000011100111011100101111000111110010001100000011100100111001001111000000111000110111000110110001000001101111110001110011011110000010011000011100011111111101111000000111110001100011111011000011100100110011110010010000011001100100011110000000110011001110000110000111111000011001001111100110110011110011011000111001000100001111000000111001100110
10001110000001000011011111001011000011110001111111001100010000011101111111000110011000110110001011100011011000001111100011001101100010010111001011100001001101101101000010011100001100111111100011110110011001110100111011000111100110010000001101101100011000011001011100110011100000001001110111000010111001000110000110011111110001101111000011100000111100
